[-6.55953586e-02  4.48072180e-02  1.06992852e-02 -3.80389020e-02
  4.58973460e-02  1.81471510e-03  2.84477812e-03  8.03221762e-02
 -7.91455805e-03  6.12273365e-02  1.03755184e-01 -5.55831715e-02
 -7.54177719e-02  2.19564829e-02 -4.45304513e-02 -3.81165370e-02
 -5.26745543e-02 -2.60240934e-03 -1.30212223e-02  1.43825680e-01
  5.03646322e-02 -1.12494789e-02 -3.36941294e-02  4.55441251e-02
 -5.54369278e-02  9.26585123e-03 -3.29613797e-02 -7.88866635e-03
 -1.24716349e-01 -3.20783332e-02 -4.01538312e-02  6.28545731e-02
  4.58508022e-02 -1.44905667e-03 -3.79032493e-02 -7.07951039e-02
  3.22167687e-02 -2.35420894e-02  2.23260708e-02  8.70416686e-02
 -5.28934896e-02  2.88494281e-03 -4.39811721e-02  5.09722345e-02
 -3.91193666e-02 -6.35435805e-02 -8.60962179e-03  2.71449555e-02
 -3.19373161e-02  1.89148728e-02 -6.48600087e-02  7.90052339e-02
 -1.36085544e-02 -1.71298534e-02 -3.42461802e-02 -4.96993847e-02
 -4.16240506e-02 -7.69331725e-03  3.11795995e-02 -2.13308670e-02
  3.69514003e-02  3.79022434e-02 -5.17944209e-02  4.05363068e-02
 -2.51539033e-02 -5.23802005e-02  5.57225198e-02 -1.78785715e-02
 -2.72647366e-02 -3.13234213e-03  6.62162080e-02 -5.68378270e-02
  6.18077926e-02 -2.25044563e-02 -3.72170731e-02  5.19520454e-02
  2.88852807e-02  2.85858065e-02 -7.28626400e-02 -1.13390423e-01
 -1.23708779e-02 -3.83662432e-02  4.09396142e-02 -6.05876893e-02
  4.06050943e-02 -9.71643776e-02  1.11341132e-02  4.37035225e-04
  1.26969879e-02  2.08408013e-02 -2.92925001e-03  1.01879619e-01
 -1.07521079e-01 -3.42081254e-03  4.07435782e-02  4.20761630e-02
  5.42514659e-02  3.20626833e-02  3.01733855e-02  5.26815765e-02
  3.46524678e-02 -8.19514543e-02 -5.99705279e-02  5.16799204e-02
 -5.71984723e-02  4.96667624e-03 -1.21892523e-02 -7.46868402e-02
  2.27924269e-02 -3.94289531e-02 -4.42796797e-02  3.31859849e-02
  2.01659501e-02 -3.82794961e-02  9.06974357e-03  5.16769011e-03
 -4.31331955e-02 -1.26887346e-02  1.25680827e-02  6.74058637e-03
  9.07023773e-02 -4.30949144e-02 -3.60351093e-02  6.44463405e-04
  2.26228498e-02 -2.29369476e-02  7.99603909e-02  5.88057983e-33
  5.24293147e-02 -7.39844888e-02 -3.61422524e-02  3.25504178e-03
  1.10866815e-01  3.49934995e-02 -1.06376596e-01 -1.66191701e-02
 -1.19326152e-02 -5.05178384e-02 -4.55601625e-02  1.37452567e-02
 -9.95820854e-03 -1.04173020e-01  3.25730070e-02  6.28186688e-02
 -1.56533543e-03 -6.14007637e-02  2.62687448e-03 -1.21104869e-03
  4.25487570e-03  2.66136080e-02  2.49395724e-02  4.47901934e-02
  4.17841738e-03  1.40329286e-01  1.00559080e-02 -9.28749740e-02
 -5.38050123e-02  5.15569896e-02 -2.96253935e-02 -6.77666590e-02
 -8.42637047e-02 -1.72806624e-02 -2.05997974e-02 -2.26062648e-02
  7.25257304e-03 -1.49353417e-02 -3.17003988e-02 -8.13279450e-02
  3.69888842e-02  3.84944566e-02 -8.76610074e-03  2.48915143e-02
  1.86349284e-02  1.09625999e-02 -3.03697605e-02  6.44120574e-02
  7.62247369e-02  9.10408422e-02 -7.31738377e-03 -9.35704038e-02
 -1.50511051e-02 -8.43330175e-02  3.90026830e-02  9.16872025e-02
 -1.01699166e-01  2.49137022e-02 -1.42607093e-02  3.45829874e-02
  9.07121673e-02 -2.53585316e-02  1.56135159e-03 -1.71005055e-02
 -5.51457517e-02 -9.94052738e-03  3.01710460e-02  1.93446148e-02
  6.70655668e-02 -4.61815558e-02 -1.30383134e-01  5.94003350e-02
 -3.63005362e-02  2.39837971e-02 -2.91438885e-02  2.56229304e-02
  9.66471806e-02  2.84834579e-03 -6.65043518e-02  6.43272251e-02
 -8.84730071e-02  1.75847523e-02  5.18946759e-02 -3.78781073e-02
  4.78265919e-02  4.52044681e-02  3.00776586e-02  5.92053728e-03
 -2.02132799e-02  1.08774267e-01  1.71298478e-02  1.22188881e-01
  2.01490689e-02 -3.56385559e-02  1.85491275e-02 -7.18497486e-33
  2.76193768e-02 -1.38623463e-02  3.27194445e-02  1.77793205e-02
 -2.20625587e-02 -7.36237643e-03 -6.30245358e-02  8.23459998e-02
  7.11920410e-02 -7.94561505e-02  4.23709303e-03 -9.55305248e-02
 -3.30681237e-03 -7.55105093e-02 -4.65447530e-02  4.66084061e-03
 -2.94534629e-03 -2.48033041e-03 -1.16381899e-01 -5.40041551e-03
  3.15996772e-03  6.41034245e-02 -7.40070222e-03 -2.40009949e-02
 -3.59742455e-02 -3.33914980e-02  5.82103245e-02  2.22481266e-02
 -1.26880556e-01 -2.17864644e-02  9.67379734e-02  6.38941452e-02
 -5.67125448e-04  1.87534448e-02 -1.33914407e-02  1.14226416e-01
  8.51485282e-02  4.30447794e-02 -7.35509694e-02  1.36576980e-01
  7.95141682e-02  8.03975165e-02  1.43915787e-02 -5.43182343e-02
 -6.05325364e-02  4.43526730e-02 -1.52878603e-02 -1.45204198e-02
 -2.61837654e-02 -4.65134680e-02  1.21384494e-01 -3.19013298e-02
 -5.72628304e-02 -2.71723047e-02  3.66415717e-02 -5.13524041e-02
  1.14768660e-02 -8.46289396e-02 -4.90705036e-02  8.65429454e-03
  7.00836405e-02  2.76870392e-02 -8.11403245e-02 -7.46680349e-02
  4.59780581e-02  3.67465205e-02 -1.91042181e-02  1.30044678e-02
  7.38312528e-02  5.02751507e-02  1.47508830e-01 -9.61883590e-02
 -8.20774511e-02  7.05214739e-02  1.46305216e-02  2.69792974e-02
 -7.47543871e-02  2.93726865e-02 -2.12971885e-02  2.81345602e-02
 -3.75012122e-02 -5.19155860e-02 -5.95069341e-02  3.80298495e-02
  1.27958590e-02 -2.53822040e-02 -2.18537962e-03 -2.83792987e-02
 -2.23069694e-02  7.35285971e-03  2.10425388e-02 -1.62708592e-02
  1.21036302e-02  7.29074702e-02 -3.95703502e-03 -6.79514045e-08
 -4.32901178e-03  5.97548112e-03 -2.10774932e-02  2.69883182e-02
 -1.12313339e-02  9.28210560e-03  2.28101108e-02 -2.80973520e-02
  5.91005646e-02  5.59653342e-02  8.94590095e-02  6.71898425e-02
 -1.20271556e-02 -5.43203671e-03  2.13145763e-02 -4.07237979e-03
 -1.37776453e-02  4.18238230e-02 -4.09190096e-02  2.77382135e-02
  5.25172167e-02 -5.26421443e-02 -3.73380519e-02 -3.80510986e-02
  1.68485148e-03 -3.57727185e-02 -8.05662274e-02  1.14193596e-02
  1.24476841e-02 -3.97826396e-02 -1.49330571e-02 -1.29273115e-03
  3.37612592e-02 -7.80066401e-02 -2.45073158e-02  1.52450604e-02
 -2.60616466e-02 -2.01987494e-02  3.67288738e-02  5.42014651e-02
  4.32230867e-02 -2.33980152e-03  1.07493332e-04 -6.31209323e-03
  2.52168858e-03 -7.63824657e-02 -1.62207652e-02  2.34851409e-02
  1.12018380e-02 -2.12659854e-02 -3.03688999e-02  1.68825388e-02
  5.64127527e-02  8.19453150e-02 -9.81056765e-02  3.31646837e-02
  7.76353478e-02  1.83497556e-02 -4.08117436e-02 -3.80566902e-02
  4.37484756e-02  1.52517166e-02 -6.68666214e-02  1.69438403e-02]