[ 2.10883562e-02  2.91250926e-02 -7.55312145e-02 -6.04840592e-02
 -2.25694738e-02 -4.48529683e-02 -2.52926368e-02  7.88615271e-02
 -3.83896790e-02  1.64238811e-02  5.93345016e-02 -3.58824804e-02
 -4.03015427e-02 -3.67840156e-02 -2.53619254e-02  1.17590129e-02
 -4.13862765e-02 -1.63263585e-02  3.32116708e-02  4.44721393e-02
  5.35223521e-02 -6.27867877e-02 -1.05989695e-01  9.93228406e-02
 -8.76279026e-02  7.82780573e-02 -2.74830237e-02  3.83043848e-02
 -1.94100179e-02 -5.33067249e-02 -2.58657541e-02  7.87401199e-02
  5.89826517e-02 -2.82882918e-02  2.59663668e-02  3.28899734e-03
  5.63472360e-02 -1.29574388e-01 -6.14661817e-03  1.90178193e-02
 -1.91172753e-02  1.18915234e-02 -4.78243791e-02  2.43491004e-03
  1.09050572e-02 -4.37364727e-03  1.02368489e-01  7.67919421e-02
  7.00771138e-02 -1.06269130e-02 -6.16126470e-02 -3.27981892e-04
 -2.78675742e-02 -2.32624169e-02 -6.72615618e-02 -1.31760249e-02
 -3.68247256e-02  4.41957125e-03  4.54485416e-02 -6.66727573e-02
 -5.31068863e-03  1.57012176e-02 -1.62198897e-02  1.88653059e-02
  1.36460382e-02  4.25964780e-03 -6.94177225e-02 -7.40280151e-02
 -3.56353633e-02 -6.76640833e-04  9.63112786e-02 -1.41320050e-01
 -1.26632350e-02  1.29876854e-02 -8.94128755e-02  5.14550805e-02
  3.47708315e-02  1.06408093e-02 -1.56414881e-02 -2.82688774e-02
  5.97953498e-02 -6.49850816e-02  1.73758920e-02 -5.30243255e-02
  3.72780934e-02 -2.66876742e-02 -4.65559948e-04 -5.10546705e-03
  3.69582847e-02  1.76940504e-02  5.60504235e-02  3.10078505e-02
 -8.90753642e-02 -2.49838177e-02  5.78857474e-02  4.00592461e-02
  3.56881954e-02 -2.98455041e-02  4.73072268e-02 -3.05338185e-02
  4.08789515e-02 -1.98737644e-02 -7.58955907e-03  1.58475768e-02
 -4.47534695e-02  6.53719157e-02  5.82255684e-02 -6.16461597e-02
  4.46665064e-02  4.63359803e-02 -1.76462933e-01 -1.66626256e-02
 -4.95525002e-02 -6.58828095e-02 -8.03762823e-02  2.10605785e-02
 -4.62415256e-03 -6.56450773e-03 -2.83009689e-02  1.34084513e-02
  3.52039114e-02 -2.80080978e-02  1.00839287e-01 -1.00617576e-02
  8.74117464e-02 -5.62036671e-02  3.20521109e-02  1.06428311e-32
 -5.92862181e-02 -5.72465025e-02 -6.36774227e-02  9.56924632e-03
  3.76078822e-02 -3.23655899e-03 -5.61326109e-02 -1.03879953e-02
  6.81926161e-02 -2.29788292e-03 -7.58406967e-02  1.61633138e-02
 -4.74850945e-02 -5.07496260e-02  1.14468612e-01  2.80483020e-03
  3.65265980e-02 -1.24695629e-01 -3.56533453e-02 -7.12525025e-02
 -6.32402450e-02  1.48532959e-02 -7.83833582e-03  2.04305146e-02
  3.70717719e-02  9.69979316e-02  9.45998728e-03 -1.11782746e-02
 -4.39912789e-02  5.51320463e-02  5.92710227e-02 -2.19602603e-02
 -2.25551166e-02 -2.78092641e-02 -7.14917481e-02  1.45270377e-02
 -2.69578546e-02 -2.61746477e-02 -6.79391101e-02  5.97563535e-02
  1.73008926e-02 -6.53380379e-02 -4.37245332e-02  2.67520919e-02
 -1.57314248e-03 -3.67206223e-02  5.91037096e-04 -2.20361836e-02
  1.33080214e-01  3.55268526e-03 -6.60616830e-02 -1.81360617e-02
 -7.18893409e-02 -7.74694160e-02  8.24718084e-03  3.63164842e-02
 -6.81653395e-02  4.12789583e-02 -5.22703805e-04 -2.75467951e-02
 -4.75714542e-02 -2.47690156e-02  4.46517728e-02 -8.05080682e-03
 -2.44357195e-02 -4.25808802e-02  1.28533021e-02  9.46891531e-02
  1.34111121e-01  4.79069352e-02 -7.53342509e-02 -4.41481173e-02
  8.48396588e-03  1.55349281e-02  2.87237521e-02 -2.01165397e-03
  2.32315809e-02 -4.72146235e-02 -5.57167679e-02  9.34472904e-02
 -4.27355282e-02  6.29076362e-02  5.36365323e-02  1.68643110e-02
  9.59952027e-02  1.27951773e-02 -1.29862893e-02  6.26178086e-02
  8.43669102e-03  2.08593030e-02 -5.37381601e-03  5.32844216e-02
  5.88562377e-02 -3.32122222e-02  5.45262545e-02 -1.25698447e-32
 -6.36315718e-03 -2.17921007e-02 -6.66194856e-02  2.06631199e-02
 -9.55524221e-02  1.72175039e-02 -2.38481835e-02 -1.92953041e-04
 -8.15380830e-03 -3.28799859e-02 -1.05528422e-01 -4.56017144e-02
  2.84010749e-02 -6.87805414e-02 -5.84312202e-03  8.12723935e-02
 -6.07748292e-02 -5.13216630e-02 -4.07970995e-02 -3.98305394e-02
  1.32261720e-02  6.21319190e-03  5.11431880e-02  4.62313974e-03
 -1.58833768e-02 -1.55979218e-02 -5.10296114e-02 -3.12215574e-02
 -6.84878649e-03 -2.32466590e-02 -3.89419012e-02 -1.10744387e-02
  9.46662351e-02  1.75000191e-01 -9.08641797e-03  3.88159719e-03
  9.18041766e-02  1.68150980e-02 -1.13839954e-02  5.53310551e-02
  7.92907104e-02  7.81512409e-02  4.68556546e-02 -1.34483129e-01
 -4.23437841e-02 -3.68252881e-02  1.99672524e-02 -8.18743110e-02
  3.14145721e-02 -3.21739949e-02  1.27380401e-01 -2.43899357e-02
 -7.14378208e-02  5.58032095e-03  9.68779549e-02 -2.98488121e-02
 -2.19353437e-02 -1.53630357e-02 -2.88392007e-02  4.99299578e-02
  9.32415426e-02  1.77998969e-03 -9.74944979e-02  6.57149404e-03
  4.94412556e-02 -1.58156808e-02 -7.62070939e-02  4.63680103e-02
 -1.37592210e-02  7.18717352e-02  2.30638068e-02 -8.99826456e-03
 -3.31894383e-02  5.13334647e-02 -3.87742594e-02  5.73630491e-03
  4.99306656e-02  5.12132458e-02  3.03098578e-02 -5.77429496e-02
 -4.17112261e-02  8.46620387e-05 -2.48682592e-02  2.48172414e-02
 -3.31659093e-02  6.36593550e-02 -5.40831126e-02 -1.36304656e-02
  1.42128319e-02  2.98242643e-02  3.89912203e-02  4.15590592e-02
  5.40507361e-02  2.12812815e-02 -1.29839405e-02 -6.03654939e-08
  9.91671626e-03 -1.82736591e-02  2.93018464e-02  6.47906512e-02
  4.25976850e-02 -3.65789942e-02 -1.01845795e-02 -8.01350772e-02
 -4.32235515e-03  2.50187214e-03 -8.46041460e-03 -5.48048653e-02
 -4.92072254e-02  1.36420662e-02 -3.21097523e-02  3.85076702e-02
 -4.80893441e-02  5.62134571e-02  3.60083245e-02 -2.24325676e-02
  6.71587512e-03  1.21672209e-02 -1.16704829e-01  1.13047212e-02
 -1.43780457e-02  1.42993974e-02 -6.31207302e-02 -1.99170206e-02
  2.64830212e-03  3.40309106e-02 -7.83837065e-02 -2.15504561e-02
  3.58893164e-02 -1.02122173e-01 -5.88998422e-02 -2.79108305e-02
  4.01456840e-02 -2.06041820e-02 -8.92108679e-02  1.18865976e-02
  1.12571605e-01 -4.69564181e-03  5.35037648e-03 -6.97731376e-02
  6.99604629e-03  1.83528736e-02  4.19697165e-02 -3.45512256e-02
  8.66206479e-04  8.96894932e-03  1.52230132e-02  6.20418508e-03
  1.00655675e-01  6.91095218e-02 -1.54344672e-02  3.63705941e-02
  4.49698493e-02 -6.62202686e-02  5.01296967e-02 -9.46917087e-02
  3.02525517e-02  6.31604567e-02 -3.30365859e-02 -1.13366405e-02]