[-1.70513373e-02  1.68412589e-02 -6.00652732e-02 -5.82526959e-02
 -6.79038276e-05  2.46559326e-02  8.59170873e-03  5.99850230e-02
 -6.91927522e-02  8.21586177e-02  5.06558381e-02 -4.60769832e-02
 -7.42485970e-02  2.92674154e-02 -2.33763945e-03 -4.82149012e-02
 -5.83112314e-02 -4.46762666e-02 -1.84226241e-02  3.31431143e-02
  5.97947054e-02 -1.46417748e-02 -4.61806990e-02  6.37657568e-02
 -1.21909231e-02 -3.05432603e-02 -3.33983041e-02  3.81172523e-02
 -1.19771816e-01 -3.81853729e-02 -3.89248691e-02  7.12355301e-02
  1.12489790e-01  1.66449754e-03  5.81697635e-02 -8.79112631e-02
  4.61590849e-02 -1.93934217e-02 -1.11722387e-02  2.29918621e-02
 -4.44925353e-02 -2.73304638e-02 -6.53618667e-03 -1.00349942e-02
 -5.31024449e-02 -1.45174842e-02  7.50379786e-02  4.44494858e-02
  3.72350998e-02  3.51474062e-02 -4.27987613e-03  7.04133287e-02
 -3.65563333e-02 -2.23141313e-02 -2.21621767e-02 -9.56903864e-03
 -3.11129559e-02  5.88338561e-02  2.94321366e-02 -2.77826730e-02
  5.16786017e-02  3.37365232e-02 -7.48842284e-02 -1.09892208e-02
 -6.04830915e-03 -7.60438219e-02 -3.06539945e-02 -7.75588378e-02
  3.11331190e-02  1.98862329e-02  1.18176721e-01 -7.50888884e-02
  4.73633520e-02 -3.78772989e-02 -3.80541049e-02  9.50559080e-02
 -3.20307491e-03 -2.91524455e-03 -3.33712436e-02 -5.07966988e-02
  4.51781265e-02 -3.68284844e-02  1.05706872e-02 -6.90496117e-02
 -1.22017395e-02 -1.75581723e-02  3.61195393e-02  1.76875889e-02
  1.43897962e-02  3.17140296e-02  2.70247948e-03  1.04178920e-01
  8.61920696e-03 -2.90875379e-02  2.75805220e-02  1.69858653e-02
  7.44033754e-02  1.94903333e-02  1.13275096e-01  2.28613708e-02
  3.89127396e-02  2.11895853e-02 -1.32560711e-02  5.84142283e-02
 -3.71139161e-02  4.49111611e-02  2.25208290e-02 -8.12308118e-02
  4.18536812e-02  3.57845761e-02 -1.02646679e-01 -5.60271880e-03
 -6.49670064e-02 -4.97033559e-02 -7.74234906e-02 -1.44710178e-02
 -7.03406483e-02 -1.48811303e-02 -2.94363275e-02  3.86901461e-02
  7.79703446e-03 -7.97357857e-02  6.25007451e-02  1.73100736e-02
  1.03144117e-01 -5.10709956e-02  1.25460811e-02  1.41425606e-32
 -7.05594495e-02 -3.21528241e-02 -3.86756212e-02  1.19205909e-02
  8.98290612e-03  3.65748256e-03 -1.09695859e-01  4.16302122e-02
  7.55212754e-02 -1.95302069e-02 -6.10113479e-02  7.39025846e-02
 -4.82526645e-02 -3.48617323e-02  8.69772807e-02 -5.22796158e-03
 -2.37906352e-02 -9.54661891e-02 -4.84568551e-02 -3.87978368e-02
 -7.71029741e-02 -1.95036847e-02  1.17807603e-02  3.12519930e-02
  3.69877629e-02  6.95116073e-02 -1.81425177e-02 -2.55963132e-02
 -5.51322438e-02  4.86421995e-02  1.00176811e-01 -5.97420894e-02
 -6.54608458e-02 -3.91064435e-02 -3.72205377e-02 -4.43024673e-02
  2.98480187e-02 -1.68096516e-02 -2.22743880e-02  7.85994902e-03
 -2.28768624e-02 -1.00529492e-02 -1.41083235e-02  3.74752795e-03
 -2.91123781e-02 -1.38101578e-02  1.72202438e-02 -3.44592403e-03
  1.27530634e-01  2.12623198e-02 -5.89129366e-02 -7.52572790e-02
 -3.85506004e-02 -8.94101933e-02  1.82454679e-02 -2.52306764e-03
 -3.85412313e-02  1.08881958e-03 -1.47728180e-03 -4.08162139e-02
  2.76674740e-02 -2.18652505e-02  2.81218160e-02 -2.70999186e-02
 -1.04575399e-02  1.60289314e-02  7.95499384e-02 -1.83919836e-02
  1.13290198e-01 -9.11934488e-03 -4.55796234e-02 -8.87670964e-02
 -1.38061782e-02 -3.38567831e-02  3.79010402e-02  4.44716066e-02
  1.22095264e-01 -1.32507673e-02 -9.14029256e-02  4.73287888e-02
 -4.78710309e-02 -1.34348311e-02 -7.08104065e-03 -3.35980430e-02
  5.17619625e-02 -4.18316089e-02  2.95909098e-03  3.29358727e-02
  8.74452144e-02  2.82761101e-02 -1.62311438e-02  2.53696293e-02
 -2.65734792e-02 -4.43628132e-02  4.75199744e-02 -1.45969274e-32
 -3.42136398e-02  2.88099758e-02 -9.76893082e-02  2.69133057e-02
 -7.06438944e-02  1.66760869e-02 -3.15534696e-02  1.48699516e-02
 -1.65164825e-02 -9.07465294e-02 -6.78858459e-02 -4.33686003e-02
  6.58638477e-02 -5.16101979e-02 -8.99845548e-03  5.37305474e-02
 -2.77703609e-02 -5.10926545e-02 -5.38164228e-02  7.29965642e-02
 -1.87429264e-02 -8.19504610e-04 -1.42848957e-02 -6.66193366e-02
 -1.35459574e-02 -1.19435675e-02 -9.25504044e-03 -2.45463643e-02
 -4.27214727e-02  1.70064718e-02  1.31802214e-02  2.39362232e-02
  4.88170832e-02  1.26702130e-01 -4.04188447e-02 -2.23151222e-02
  1.35603070e-01  6.80821482e-03 -8.45777914e-02  3.45081352e-02
  9.73842070e-02  7.07446337e-02 -6.76962314e-03 -9.37753841e-02
 -7.05443695e-02 -4.94833440e-02 -6.94622472e-02 -2.03636494e-02
  2.51449216e-02 -3.98889221e-02  1.35843024e-01 -2.74544228e-02
 -3.00513357e-02 -1.05240665e-01  5.38061038e-02 -2.06374452e-02
  8.80048424e-02 -3.31074968e-02 -5.27768768e-02  3.06156129e-02
  8.07482600e-02  7.44620524e-03 -5.58079369e-02 -4.08913605e-02
 -2.79066339e-03 -1.70859415e-02 -6.27905130e-02  1.93494800e-02
  1.69694517e-02  3.08466908e-02  3.67637016e-02 -3.40970829e-02
 -5.22901956e-03  8.28419924e-02 -1.02915496e-01  1.96716795e-03
 -2.42422316e-02  4.58346047e-02  2.56797727e-02  1.81952082e-02
 -5.92209809e-02 -1.42569225e-02 -9.91808344e-03  2.38818321e-02
  1.13489979e-03  7.60885403e-02 -4.94553335e-02 -1.93812861e-03
 -1.16520969e-03  3.60119492e-02  1.08595550e-01  7.75099024e-02
  5.67066260e-02  5.76549992e-02 -5.93603626e-02 -6.60921984e-08
  4.10162061e-02 -3.81847918e-02  1.23554386e-01  7.55305663e-02
 -3.85569548e-03  9.08489339e-03  9.46527943e-02 -4.74083051e-02
  2.71466356e-02  4.86164987e-02  4.33256011e-03 -3.99859883e-02
  2.52643693e-02  1.83154289e-02 -3.54628749e-02 -2.21141963e-03
 -4.04312043e-03  5.99776357e-02 -5.47457039e-02  9.39353276e-03
 -8.72751046e-03  4.30717021e-02 -1.12890601e-01 -6.56048814e-03
  6.82028709e-04 -1.09284194e-02 -7.12519586e-02  1.90073084e-02
 -3.68002988e-02 -1.87651981e-02 -1.03287818e-02 -1.67946853e-02
  6.45216107e-02 -1.28662437e-01 -6.59168810e-02 -3.91628966e-02
  8.66134688e-02 -7.04911817e-03 -1.15879297e-01 -5.96309789e-02
  8.52798671e-02  3.36608626e-02 -6.64278641e-02 -4.11738269e-02
  6.22296929e-02 -3.51540819e-02 -1.08014867e-02 -5.44719622e-02
 -9.36053973e-03  1.93273220e-02  2.26092022e-02  3.04413084e-02
  6.54596323e-03  5.64542823e-02 -3.67581807e-02 -1.81710701e-02
 -2.90456675e-02  2.57054772e-02 -5.65118738e-04 -3.40168811e-02
  1.73290744e-02  6.98515400e-02 -1.01831511e-01 -3.93448398e-02]