[-1.45724239e-02  1.82186272e-02 -8.62300247e-02 -1.11683691e-02
 -2.91831102e-02 -7.53925182e-03  9.31397546e-04  1.00119218e-01
 -7.30598764e-03  9.03992448e-03  6.47755398e-04 -6.09062016e-02
 -7.52154216e-02  3.59210111e-02 -3.67093012e-02 -8.18136185e-02
  9.61780921e-03 -1.23473955e-02  4.70457890e-04  5.56361638e-02
  2.54722722e-02 -2.08010469e-02 -4.48284447e-02  7.97838345e-02
 -8.56574401e-02  2.20908429e-02 -6.24621026e-02  5.47336824e-02
 -1.24053191e-02 -3.89421470e-02 -8.81117769e-03  7.54410103e-02
  1.58644989e-02  7.57809123e-03 -3.55711556e-03 -9.54408050e-02
 -3.90594602e-02 -4.25042771e-02 -1.79148354e-02  7.79516175e-02
 -2.19746139e-02 -1.85035784e-02 -9.13710818e-02  7.56114395e-03
  4.97995690e-02 -4.02535647e-02  2.20890064e-02  3.12671550e-02
 -1.12225544e-02 -1.56768542e-02 -1.07516125e-02  9.40249264e-02
 -3.16527560e-02 -8.03449471e-03 -3.01056150e-02  1.84472576e-02
  5.59427496e-03 -9.51380562e-03 -3.27939913e-02 -5.11482507e-02
  3.23047340e-02 -3.79424579e-02 -6.38670027e-02  2.35016700e-02
 -5.68863042e-02 -3.08119394e-02 -2.63560843e-03 -1.14731029e-01
  1.87479723e-02  8.20451789e-03  6.01334162e-02 -2.95608714e-02
  2.62303464e-02 -3.73465195e-02 -8.29100795e-03  1.28805727e-01
  4.87026498e-02  4.36576456e-02 -1.80836339e-02 -7.26821497e-02
  3.42455246e-02 -1.47891536e-01 -5.39864227e-03 -7.31336847e-02
  6.37593716e-02  2.60779373e-02  2.28958502e-02  1.71857364e-02
  3.74330506e-02  1.47521328e-02  1.14276912e-02  7.64712617e-02
 -7.23577663e-02 -1.70518197e-02  5.11596426e-02 -6.00536214e-03
  1.10408776e-02 -2.09750347e-02  4.99301478e-02  4.39467020e-02
  1.98362879e-02  3.44507806e-02 -1.10074766e-01 -4.22919029e-03
 -4.78102714e-02  5.48175052e-02  1.04345176e-02 -3.60220075e-02
 -1.54362004e-02  3.87362130e-02 -3.42526175e-02 -2.70059444e-02
  2.30263267e-02 -4.21919674e-02 -2.05733888e-02 -3.06735430e-02
 -9.03791785e-02  1.94646437e-02  2.27063559e-02  9.12322402e-02
 -5.94536066e-02 -5.37235253e-02 -2.40313560e-02  4.76818308e-02
  8.18551555e-02 -3.15482095e-02 -3.58075015e-02  1.49902302e-32
 -4.05685157e-02 -4.11523692e-02 -2.11048666e-02 -5.55122867e-02
  1.24768796e-03  3.46930660e-02 -9.39162821e-02 -1.37064066e-02
 -3.65048833e-02 -1.26430606e-02 -6.62201494e-02  2.46077012e-02
 -3.49081717e-02 -4.11894210e-02  1.37694448e-01  3.32231559e-02
  4.62209955e-02 -7.15752989e-02 -7.87367672e-02 -8.62697810e-02
 -1.21430112e-02 -1.16812380e-03  4.70355758e-03 -1.07238460e-02
  2.92385202e-02  1.45455867e-01 -6.91392869e-02 -4.75857817e-02
 -9.14539173e-02  5.45654036e-02 -5.47005124e-02 -7.08948672e-02
 -7.22481310e-02  1.45512680e-02 -1.78623367e-02 -6.87249145e-03
 -3.17493044e-02 -1.59457419e-02 -9.94275063e-02  3.40820216e-02
 -1.33371893e-02  1.32341459e-02  4.10741530e-02  4.18697344e-03
 -3.98492953e-03 -5.11023849e-02  2.03749295e-02  7.17419982e-02
  1.22125164e-01  6.74527735e-02 -2.81747766e-02 -1.04203977e-01
  1.21915818e-03 -7.89055377e-02  2.92257909e-02  6.46308064e-02
 -1.65305622e-02  1.93963032e-02 -1.18006617e-02  2.95186490e-02
 -1.19965568e-01 -4.28957976e-02 -6.72790706e-02 -5.68922563e-03
 -3.07758469e-02  6.01112358e-02 -4.13708612e-02 -6.59692660e-02
  4.74044159e-02  2.96560880e-02 -4.23346907e-02 -3.86587232e-02
 -3.21621890e-03 -1.97560079e-02  4.53909412e-02 -1.98782654e-03
  8.42941701e-02  3.56790796e-02 -5.45424595e-02  4.36949655e-02
 -3.61888371e-02 -3.38339470e-02 -4.34021614e-02 -1.39624635e-02
  8.37360471e-02 -6.21546619e-02  7.34258769e-03  6.89434931e-02
  5.28404079e-02  6.00854084e-02  3.47238295e-02 -4.81469976e-03
  4.60532866e-02 -3.82097391e-03  6.53083473e-02 -1.45030509e-32
 -3.07013169e-02 -1.67077016e-02 -3.82569730e-02  8.31395239e-02
  3.32288295e-02  1.26313220e-03 -5.54172620e-02 -7.66910613e-02
  3.97100626e-03 -1.00150883e-01 -6.47988096e-02 -3.67055126e-02
  7.86316991e-02  2.31243465e-02 -8.48263502e-02  2.02630963e-02
  2.61302534e-02 -1.59294065e-02  3.26511487e-02 -4.87335920e-02
  5.32555021e-02  5.19789234e-02  3.54183279e-02 -2.87196320e-02
  4.56080103e-04 -4.93050218e-02  1.99450422e-02 -1.00809131e-02
 -6.29413798e-02 -7.02538947e-03 -1.45691000e-02 -8.55498016e-03
 -2.71896046e-04  1.29744917e-01 -3.99361737e-02  6.18205108e-02
  1.18160151e-01  5.66209182e-02 -4.56295587e-04  6.05567060e-02
  7.23889330e-03  7.59195015e-02  1.95908602e-02 -5.00222780e-02
 -7.11165881e-03 -1.35372728e-02  1.85050592e-02 -5.71958348e-02
  7.76765356e-03  2.70157196e-02  6.99920803e-02 -5.90896420e-02
 -3.18558291e-02  6.21602498e-02  1.99833084e-02 -3.44477296e-02
  2.84561384e-02 -5.61238676e-02 -4.90778759e-02 -1.75248813e-02
  1.41340390e-01  1.37456143e-02 -1.83248275e-03 -1.90979559e-02
  5.27388826e-02 -5.26610687e-02 -2.45635267e-02  2.26553418e-02
  4.37750295e-02  6.64065545e-03  1.31809460e-02  2.54879473e-03
 -3.50377597e-02  8.64266008e-02  4.58097924e-03 -2.69178469e-02
 -8.40894952e-02  5.48767187e-02  5.67528531e-02  2.16413140e-02
 -1.07408702e-01 -1.69984996e-02 -5.70312403e-02  8.12956318e-02
 -1.88332908e-02  5.99201098e-02 -6.27938332e-03  1.41440919e-02
  1.91508252e-02 -2.83017978e-02  9.60337520e-02  1.35096475e-01
  1.49456665e-01  6.55510947e-02 -8.00092667e-02 -6.90364388e-08
  6.86967671e-02 -3.93535718e-02 -4.29923534e-02  4.60921898e-02
  8.35358575e-02 -3.57134454e-02  1.21546844e-02 -1.08366333e-01
 -5.97038679e-02  1.51366498e-02  1.05788819e-01 -2.96020191e-02
  6.38747439e-02  9.10555385e-03  1.30852154e-02 -1.27575342e-02
  2.62486935e-02  3.00491881e-02 -5.37265614e-02 -2.79318006e-03
 -2.90863886e-02  8.85417499e-03 -6.57499358e-02 -2.05462258e-02
  2.77645402e-02 -4.69918437e-02 -8.97192862e-03  2.62340512e-02
  3.12473834e-03 -8.91478732e-03 -7.54693225e-02 -1.29961176e-02
  3.33037227e-02 -7.04286397e-02 -6.96449950e-02 -3.79530862e-02
  8.74524266e-02  6.59278184e-02 -2.51884758e-02  6.55311570e-02
  8.37320760e-02  1.63296908e-02 -2.07052194e-02 -4.97889630e-02
  3.30321901e-02 -3.50695513e-02  1.78796593e-02 -8.94302875e-02
  3.22377728e-03 -8.25640745e-03  1.90382488e-02  4.54616696e-02
 -3.32273878e-02  5.87944165e-02  1.67965516e-02  5.54262195e-03
 -2.21277066e-02 -4.63341959e-02  1.11570209e-02 -5.36529049e-02
  3.82963894e-03  3.71489525e-02 -2.40303893e-02 -5.23068756e-02]