[-6.75158203e-02  4.25870977e-02 -7.29806125e-02 -2.09137704e-02
 -2.74733752e-02  7.69593706e-03  1.95397362e-02  7.83971772e-02
 -5.20593040e-02  9.29547567e-03  7.44969118e-03 -1.32544991e-02
 -6.49763644e-02 -9.39021632e-03 -2.61140745e-02 -4.33090655e-03
 -1.88098289e-02  3.29648284e-03  1.72035359e-02  4.38066907e-02
  7.19097033e-02 -2.91569270e-02 -5.67797609e-02  7.60344043e-02
 -9.98175666e-02  3.11305057e-02 -1.73854325e-02  7.44982734e-02
 -6.61804751e-02 -2.47761682e-02 -4.34370860e-02  8.21394250e-02
  2.86815725e-02  4.62198928e-02  1.60455052e-02 -8.49041715e-02
 -3.17303874e-02 -2.66147386e-02 -2.06436440e-02  5.21037355e-03
 -1.32387932e-02 -6.61629885e-02 -1.04738303e-01  1.20296953e-02
  1.63193215e-02 -8.31214432e-03  4.23593521e-02  3.27410623e-02
  6.86060637e-02 -4.72989492e-02 -4.17664461e-02  6.81975558e-02
 -1.86777778e-03 -4.12870906e-02 -7.71831423e-02  7.61018088e-03
 -3.99104171e-02  5.95911816e-02  3.45400199e-02  1.64731573e-02
  3.81425805e-02 -4.67521548e-02 -7.03436732e-02  2.62450390e-02
 -7.42221549e-02 -1.13040926e-02 -5.58489300e-02 -5.32066077e-02
 -1.83359943e-02 -2.40795817e-02  5.79834320e-02 -2.53217164e-02
 -5.93196042e-02 -4.30594459e-02 -7.69047961e-02  1.30436406e-01
  4.58547585e-02  3.93714309e-02 -5.39508425e-02 -6.84275553e-02
  3.94977070e-02 -8.29629153e-02  3.28343473e-02 -4.05060425e-02
  4.22658511e-02 -3.60430148e-03  2.56249662e-02 -2.65177875e-03
  3.86934988e-02 -2.52929120e-03 -2.62106340e-02  9.05629992e-02
 -8.31934139e-02 -2.28662342e-02 -3.50853987e-02  6.42755032e-02
  9.03475061e-02 -5.44317812e-02  6.86477944e-02  3.86856943e-02
  6.49780557e-02  2.10454711e-03 -5.15894070e-02 -2.69931299e-03
 -6.91004395e-02  8.46951157e-02  1.45043889e-02 -4.53993902e-02
 -1.97028518e-02  1.18331453e-02 -4.19152863e-02  8.39292258e-03
 -4.08333354e-02 -3.05223260e-02 -8.77663866e-02 -3.20290290e-02
 -7.93217346e-02  2.80786026e-02  3.44738513e-02 -1.67884456e-03
 -2.43562274e-02 -7.72460401e-02  8.68967548e-03 -2.71786302e-02
  8.91183764e-02 -2.01329924e-02 -6.42181141e-03  1.37238010e-32
 -6.19687550e-02 -1.75634418e-02 -5.83112799e-02 -2.63534915e-02
  2.33982038e-02  4.59657125e-02 -4.71036695e-02  2.39723027e-02
 -8.12071115e-02  2.92358571e-04 -4.90323789e-02  1.03150904e-02
 -2.61680894e-02 -1.24474138e-01  7.15529844e-02  7.01322481e-02
 -6.93191634e-03 -5.59388474e-02 -2.25661714e-02 -7.53019378e-02
 -2.95517314e-02  4.05878611e-02  4.63962592e-02 -4.99668019e-03
 -3.63447033e-02  1.42042994e-01 -3.94127034e-02 -1.08783148e-01
 -7.14234784e-02  5.82157485e-02 -3.98666337e-02 -5.99904917e-02
 -1.04653537e-02  9.50628705e-03 -2.59096660e-02  4.31208499e-03
 -6.36107922e-02 -4.14402299e-02 -6.87816441e-02 -8.76064133e-03
 -1.50961522e-02  4.71393105e-05 -2.68059503e-02  9.33151040e-03
 -3.66528817e-02  2.24595666e-02 -1.80527493e-02  4.34570275e-02
  1.07222676e-01  9.58220195e-03 -5.19459769e-02 -1.11843139e-01
 -1.56149557e-02 -1.38164926e-02  2.76695341e-02  1.78763140e-02
 -2.21941359e-02  5.17212413e-02 -2.60846540e-02 -3.25732082e-02
 -1.83811248e-03 -3.40557545e-02 -8.38472173e-02 -2.50260793e-02
 -3.84708010e-02  6.71683252e-02 -1.00385197e-01  4.67514768e-02
  1.25173450e-01  1.12689231e-02  1.03597082e-02 -3.57981101e-02
  1.88349206e-02  1.69147663e-02  9.69538093e-02  4.72966768e-02
  6.90253153e-02  4.61677499e-02 -1.33557722e-03  4.22160029e-02
 -6.49440140e-02  4.89623100e-02 -4.57474440e-02  6.22954173e-03
  8.92072693e-02  4.18498255e-02  9.39407200e-03  3.73972356e-02
  2.41883309e-03  4.21313010e-02  2.44258735e-02  2.34914031e-02
  3.48017700e-02 -3.05605847e-02  3.90983522e-02 -1.41225111e-32
 -9.19686921e-04  9.73883048e-02  2.06232443e-03  7.47355167e-04
  7.89044127e-02 -1.18869469e-02 -7.73184933e-03 -3.95092890e-02
 -1.44996587e-02 -1.07938565e-01 -6.12857193e-02 -6.17570207e-02
  6.11354895e-02 -1.32260816e-02 -5.64252548e-02  1.39450924e-02
  6.39787242e-02 -9.28781182e-02 -5.44636026e-02 -1.20790722e-02
 -1.41349146e-02  5.32494560e-02  7.14771003e-02 -2.37540435e-03
 -6.13920530e-03 -8.00651163e-02 -1.42103143e-03  2.30173972e-02
 -3.66509967e-02  3.23493145e-02  5.81846526e-03  7.33184963e-02
  3.61490436e-02  1.48361444e-01 -1.30169699e-02  5.10016605e-02
  2.61004195e-02  3.15995030e-02  7.77661195e-03  1.57795861e-01
 -1.68752111e-02 -3.16644385e-02 -4.11266275e-02 -2.68949429e-03
  7.60296499e-03  8.18970054e-03 -3.40349115e-02 -3.89988460e-02
 -8.76011979e-03 -4.06380035e-02  1.04985215e-01 -2.81547252e-02
 -9.89583880e-02  1.54553102e-02  5.20239323e-02 -3.34529318e-02
  6.57934919e-02 -5.05670123e-02 -9.60813090e-02  8.72517284e-03
  1.19840756e-01  2.97763553e-02 -2.69766022e-02 -8.39277357e-03
  1.41062047e-02 -1.81582943e-02  2.49393191e-02  2.04162672e-03
  6.26221765e-03  1.02073038e-02  2.39907280e-02 -1.93688106e-02
 -6.31834492e-02  5.78792095e-02 -5.22265211e-02  1.56033365e-02
 -6.38957322e-02  4.37495038e-02  4.49159928e-02  5.39917834e-02
 -9.87200886e-02 -5.03947027e-03 -1.41192554e-02  4.86381277e-02
  2.60281917e-02  3.70955877e-02 -1.76677275e-02 -3.62664126e-02
 -4.18944081e-04  1.40300104e-02  5.09333350e-02  1.43332496e-01
  6.98934197e-02  3.86302732e-02 -1.24161905e-02 -6.25224814e-08
  6.34744987e-02 -4.29027677e-02 -4.96992189e-03  3.63192298e-02
  3.90046351e-02 -5.33971703e-03 -3.76624614e-02 -2.14640703e-02
 -2.53763087e-02  2.30256002e-02  9.21687335e-02 -9.13170949e-02
 -2.22662650e-03  1.15235047e-02 -6.96370453e-02  4.58368845e-02
  7.15827709e-03  4.30752188e-02 -2.83145905e-02 -4.06075381e-02
  1.29152453e-02 -1.50759742e-02 -9.69539359e-02 -3.01879626e-02
  4.49359417e-03 -1.03717603e-01 -9.79813188e-02 -6.60014078e-02
  2.92935446e-02 -3.65901105e-02 -2.80365627e-02 -3.50180641e-02
  1.13481082e-01 -5.84545545e-02 -1.06854253e-02 -2.57518068e-02
  4.45798188e-02  2.35583950e-02 -4.90406621e-03 -6.88103288e-02
  1.16242997e-01  4.96845581e-02 -8.40924159e-02 -3.24507989e-03
  2.83202939e-02  1.85359791e-02  1.50862401e-02 -6.18430078e-02
 -2.15826333e-02  2.18444671e-02  4.01310995e-02 -8.66948161e-03
  4.91479449e-02  9.40378159e-02  1.57220587e-02  1.58317462e-02
 -5.25364093e-02  4.57381345e-02 -4.55281287e-02 -3.85552794e-02
  2.81921658e-03  8.27475935e-02 -1.54519267e-02 -3.26383449e-02]