[-3.40824574e-02  3.74088474e-02 -8.01927596e-02 -1.12867570e-02
 -9.65365693e-02  6.51058857e-04 -3.82851623e-02  1.16618894e-01
  7.91849475e-03  5.81022818e-03  7.48992488e-02  2.77234372e-02
 -3.44254472e-03 -2.53695366e-03 -1.32947519e-01 -3.78333516e-02
 -3.56354527e-02  2.26042587e-02  2.16170326e-02  9.93857607e-02
  6.61116512e-03 -2.36784648e-02 -4.99878861e-02  5.89083247e-02
 -8.27398151e-02  6.66304380e-02 -3.90594378e-02 -3.45953666e-02
 -1.14453435e-02 -1.97089533e-03  6.90070167e-02  4.81249802e-02
  2.95855869e-02 -1.14012077e-01  1.04643619e-02  2.28937063e-02
 -4.56005298e-02 -3.85382660e-02 -6.64627403e-02  1.34323433e-01
 -2.39958763e-02  9.40282305e-04 -1.04584105e-01 -1.73895992e-02
  2.59314254e-02 -2.41582636e-02  3.50389741e-02  1.32661052e-02
  3.49863991e-02 -3.31250764e-02 -1.17978938e-01  3.95312496e-02
  1.63626438e-03  2.63026566e-03 -6.24590740e-02 -5.63188680e-02
  2.22012717e-02 -4.28954065e-02 -8.03563893e-02  1.35976467e-02
 -3.72945070e-02  1.40959164e-02  1.18682338e-02  4.21208926e-02
  1.00846067e-02  1.24636246e-03 -1.76908188e-02 -1.53036609e-01
 -3.81969772e-02  3.24923769e-02  9.09153596e-02 -1.22166045e-01
  4.55386080e-02 -2.15369575e-02 -8.47311690e-02  8.22258294e-02
  2.98655368e-02 -4.00217548e-02  4.60605323e-03 -1.42704085e-01
  4.15045284e-02 -3.24438512e-02  3.44650401e-03 -3.54686342e-02
  4.86344658e-03  5.48259988e-02  1.52394511e-02  1.88000053e-02
 -4.02712487e-02  6.15871958e-02  8.23689923e-02  4.76082861e-02
 -1.04729027e-01 -6.70513958e-02  5.44646531e-02 -2.18111351e-02
  2.40267590e-02 -1.63211748e-02  9.11682658e-03 -3.43072042e-02
  2.55138818e-02 -2.29337122e-02 -2.35646348e-02  9.89066903e-03
 -3.70887220e-02  3.87539230e-02  3.73718180e-02 -8.06386545e-02
  4.30169562e-03  2.26890314e-02 -1.00294597e-01  1.85683351e-02
 -7.90357962e-02 -2.95567270e-02 -5.67587130e-02  5.63926250e-03
  3.42053398e-02 -5.23571260e-02  2.32610609e-02  3.25795859e-02
  4.03145626e-02 -6.52574673e-02  1.80696009e-03 -7.53682703e-02
  4.93768491e-02 -6.38475418e-02 -1.99234858e-03  1.76298468e-32
  2.91386433e-02 -6.69885874e-02 -1.57506354e-02 -6.56615347e-02
  7.59398863e-02  1.51119949e-02 -7.09462315e-02 -4.50946614e-02
  1.22052439e-01  2.37381049e-02 -6.45570382e-02 -3.26817222e-02
  2.27384791e-02 -5.65266516e-03 -5.36365472e-02  4.21852544e-02
  1.04029831e-02 -7.96681866e-02 -1.31564606e-02 -5.42744771e-02
 -1.63747948e-02 -4.96694259e-02 -4.39810567e-03  5.60960732e-02
 -5.62080815e-02  1.20987266e-01 -4.71331626e-02 -4.24091965e-02
 -3.45220715e-02  3.46039273e-02  3.61954458e-02 -4.47513498e-02
 -7.40209073e-02 -1.00868039e-01 -8.35634246e-02 -2.31185858e-03
  1.34570319e-02 -1.11260740e-02 -4.20218930e-02  6.39415830e-02
 -5.22706658e-03  3.83097609e-03  2.25073602e-02  4.87268940e-02
  1.70598458e-02 -5.13839163e-02  7.65141845e-03  4.05327193e-02
  8.05019364e-02 -2.35876883e-03 -2.45247800e-02 -7.84545168e-02
  3.10180318e-02 -5.74027821e-02  3.04445568e-02  4.89687175e-02
 -9.58158225e-02  6.94833994e-02 -1.35315033e-02  3.33531313e-02
  6.83197826e-02  1.49401301e-03 -2.12774966e-02 -7.56689580e-03
  2.82789562e-02 -5.88932633e-02 -1.35084055e-02  7.43026808e-02
  1.04360029e-01 -6.66040406e-02 -7.80435652e-02 -1.53348781e-02
  4.04879674e-02 -9.88719799e-03 -3.33787464e-02  3.98406498e-02
 -1.86724588e-03  1.25027914e-02 -4.65553142e-02 -2.67856792e-02
 -1.45136649e-02  6.14322908e-02  5.17492741e-02  7.25029153e-04
  6.67441040e-02  9.54253599e-02  1.91150159e-02  7.33442903e-02
 -5.80699258e-02  6.84167296e-02  1.40118413e-02  5.45863770e-02
  9.04473960e-02 -6.87911361e-02  7.22152889e-02 -1.85196534e-32
 -6.78702220e-02  2.29591280e-02 -3.61222401e-02 -5.15924441e-03
  5.92615176e-03 -1.53464749e-02 -6.57435060e-02 -4.66175517e-03
  3.00667733e-02 -9.56793204e-02 -6.09395057e-02 -5.72780631e-02
  5.50506487e-02 -2.31450535e-02 -2.30448153e-02  7.76961744e-02
 -1.41242445e-01 -3.66670340e-02 -4.70884591e-02 -1.71106569e-02
 -2.23929342e-02  4.25812900e-02  1.55668464e-02  3.69347492e-03
  2.80837305e-02  4.12406437e-02 -2.33377833e-02 -2.09700149e-02
 -3.71949263e-02  1.60913579e-02 -2.78465506e-02  5.34548350e-02
 -2.87324451e-02  9.86918584e-02  1.60191441e-03  1.01298541e-01
  5.37687764e-02 -3.03319730e-02 -5.19350432e-02  9.12813544e-02
  2.05407497e-02  1.74037293e-02  8.56800303e-02 -8.53906050e-02
  5.43600246e-02 -1.45707652e-02 -8.28906521e-03 -1.08408049e-01
 -1.67673994e-02 -4.54706736e-02  2.21962146e-02  2.35127546e-02
 -1.09196663e-01  3.98667902e-02  4.98481505e-02 -5.52147329e-02
 -5.58451470e-03 -9.47773010e-02 -6.37006387e-02 -5.11547290e-02
  8.23822990e-02 -1.08019179e-02 -6.24491125e-02  3.08217816e-02
  2.72076614e-02  1.64362248e-02  1.14441691e-02  3.13505046e-02
  1.29208644e-03  5.28471693e-02 -8.00967682e-03  3.99101228e-02
 -5.68498392e-03  1.22647220e-02  1.90742873e-02  6.17158525e-02
 -2.94894669e-02  3.13222408e-02 -3.51228714e-02  2.50372710e-03
 -2.95031946e-02 -2.22299565e-02 -6.65464103e-02  4.76455241e-02
 -5.23700230e-02  1.48409512e-03 -2.42065527e-02 -3.22226272e-03
 -4.33718935e-02 -9.47776809e-02 -4.20661643e-02  1.12091545e-02
 -2.13748054e-03 -1.84837822e-02  2.23854557e-02 -7.28353982e-08
  1.55957593e-02 -2.98614204e-02 -2.98457555e-02  3.14353593e-02
  5.13932817e-02 -1.09557837e-01 -2.87801679e-02  1.23896087e-02
 -1.58535913e-02  4.38698232e-02 -2.08602156e-02  6.00941814e-02
  2.84246486e-02  2.88149323e-02 -9.52896196e-03  5.37969396e-02
 -7.99421128e-03  6.14328384e-02  5.71920816e-03 -5.95781319e-02
  1.18386531e-02 -5.95799014e-02 -4.91463877e-02 -5.08019188e-03
  4.08167653e-02 -2.17530262e-02 -2.98515912e-02 -4.15920280e-02
 -3.46562900e-02  3.44554372e-02  1.84691604e-02  2.78372820e-02
  3.65953408e-02 -1.02217063e-01  3.31624188e-02 -5.71372323e-02
  7.55031854e-02  3.14104185e-02 -1.57042909e-02  3.56022306e-02
  6.66443631e-02 -3.94851640e-02 -9.03495122e-03 -3.72806787e-02
  3.40828188e-02 -1.42500121e-02  2.27243416e-02  1.73317213e-02
  7.22688297e-03 -3.58204618e-02  5.30936013e-05  1.85634345e-02
  9.87143889e-02  3.77344452e-02 -7.48047698e-03  2.20202599e-02
  6.86670616e-02  5.94947627e-03 -1.73304360e-02 -3.26813906e-02
  1.59900507e-03  9.56651345e-02  2.83315592e-02 -1.09552041e-01]