[-8.28980207e-02 -2.97352206e-02 -5.61438221e-03 -4.72926460e-02
 -6.00468554e-02  1.14233471e-01 -2.34928355e-02  7.18784705e-02
 -2.19052639e-02  5.18716015e-02  5.43563403e-02 -3.96343693e-02
 -9.96642709e-02  1.36078959e-02 -8.99508521e-02  4.25349921e-02
  3.80613492e-03 -9.20129102e-03 -9.94940754e-03  9.50547233e-02
  9.51383114e-02 -2.66060457e-02 -3.59856486e-02  8.50286111e-02
 -3.58667187e-02  1.41588161e-02 -3.11313905e-02 -1.80458631e-02
 -6.82239905e-02 -5.39550036e-02 -1.74134504e-02  6.29821196e-02
  6.77242279e-02 -9.74396616e-03 -5.44827953e-02 -1.33134514e-01
 -3.89595196e-04  2.08811574e-02  2.21439842e-02  3.97287384e-02
 -4.11559734e-03 -3.09263989e-02 -3.16926986e-02 -2.28052624e-02
  1.82301383e-02 -8.86586234e-02  7.40888789e-02  6.92057386e-02
 -7.63589004e-03 -1.59547478e-02 -7.83863366e-02  1.33123072e-02
 -8.66048113e-02 -1.81039385e-02  1.62939448e-02 -4.02477272e-02
 -9.79629811e-03 -8.08393210e-03  8.75144824e-02 -6.54419186e-03
  3.49697880e-02 -4.67079245e-02 -1.10550195e-01  9.82710393e-04
 -5.71197681e-02 -6.18576668e-02  5.44855371e-02 -5.74955083e-02
 -1.05156898e-01  7.78320208e-02  4.28486131e-02 -5.19871935e-02
  5.78920078e-03 -1.41644739e-02 -2.78184973e-02  1.12535067e-01
  2.47084945e-02 -2.12131124e-02  2.95216292e-02 -4.78724390e-02
  2.56183185e-02 -6.36676773e-02  4.43989038e-02 -6.55486956e-02
  1.05493508e-01 -4.74654697e-02  4.12718579e-02 -1.96713153e-02
  3.75948064e-02 -3.96071486e-02 -1.14305634e-02  9.18860137e-02
 -5.55299036e-02  7.66419992e-02 -3.83034465e-03  1.75853185e-02
  2.59387773e-02  3.62488106e-02  5.17377965e-02  5.26376590e-02
  8.26185420e-02 -5.29774046e-03 -4.90962826e-02  5.06782718e-02
 -1.26012534e-01  1.01383561e-02  5.80113791e-02 -3.74476872e-02
  6.03723042e-02  4.22061086e-02 -3.77655998e-02  1.90843847e-02
 -7.58983195e-02 -2.52492148e-02 -1.07391082e-01  7.18318578e-03
 -8.97393562e-03  3.89963500e-02  4.94304970e-02  5.12843840e-02
 -1.54141858e-02 -3.83360088e-02  1.03857601e-02 -8.20673816e-03
  8.34886208e-02 -3.96361127e-02 -3.46554240e-04  7.48629153e-33
 -3.12226545e-02 -8.69228989e-02 -3.77940610e-02  3.09658032e-02
  7.53248483e-02  1.77920014e-02 -7.57578462e-02 -3.01244911e-02
 -2.14492623e-03 -6.98248520e-02 -1.08922459e-01  6.94544986e-02
 -7.66055658e-02 -8.65023732e-02  3.25591415e-02  6.37893528e-02
 -4.76395003e-02 -9.57880244e-02 -2.86369082e-02 -3.90626937e-02
  2.21091639e-02  9.05137062e-02 -4.43759235e-03  3.23681384e-02
 -1.87051762e-02  7.69877508e-02 -1.19331814e-02 -7.40831420e-02
 -3.75154130e-02  7.00289235e-02 -1.64366141e-02 -7.40963146e-02
 -6.54592738e-02  1.57110408e-04 -8.74809828e-03 -2.38654073e-02
 -4.30123173e-02 -4.70797382e-02 -1.21540586e-02 -5.73852705e-03
 -6.44152313e-02  3.44498083e-02 -1.68555826e-02 -2.10479628e-02
 -4.59260382e-02  9.84334201e-03  3.18245776e-02  5.90931587e-02
  1.32416174e-01  6.88295141e-02 -8.65192339e-02 -8.29146355e-02
 -1.96141936e-02 -3.98334339e-02  2.83142366e-03  8.84903744e-02
 -1.20507568e-01  6.17366023e-02  6.26235828e-02 -3.44323181e-02
  3.51097714e-03  1.65096987e-02  5.14980964e-02  1.68015109e-03
 -7.24617690e-02  4.22658771e-02  3.68312411e-02  1.52048115e-02
  8.20477977e-02 -2.07970925e-02 -3.96449938e-02  1.40007364e-03
  3.28075960e-02  1.27415489e-02  1.85812905e-03  1.50537146e-02
  9.13256779e-02 -2.48535047e-03 -8.04084316e-02  1.05579477e-02
 -8.30823854e-02  6.26244992e-02  2.30704080e-02 -1.76725890e-02
  2.79418714e-02  2.30314638e-02 -6.74930634e-03 -2.13951338e-02
  4.24210802e-02  6.58518448e-02  8.02943390e-03  3.30879465e-02
  1.96520537e-02 -5.22166528e-02  1.73079167e-02 -6.66678168e-33
  4.62219492e-02 -3.60748284e-02  2.59947311e-02  4.92869318e-02
  7.31103076e-03  1.45574454e-02 -4.77722473e-02  1.29896579e-02
  3.40719521e-02 -1.25782073e-01 -1.01252468e-02 -2.95436289e-02
  2.68890038e-02 -3.81841846e-02 -6.73106611e-02 -3.04317195e-02
 -1.48943989e-02 -6.66943416e-02 -5.70994467e-02 -4.87856306e-02
 -1.00512821e-02  3.46651673e-02 -4.06726673e-02  4.41552652e-03
 -1.95758641e-02 -4.34627645e-02  5.90784140e-02  1.97331831e-02
 -1.40852295e-02  1.96919050e-02  6.74066469e-02  7.57284537e-02
  1.58831533e-02  3.93979140e-02 -4.91939895e-02  9.98758301e-02
  8.63009244e-02 -1.52743636e-02 -5.49214743e-02  1.44088656e-01
  7.19619244e-02  8.05225149e-02 -1.61042362e-02 -6.94881082e-02
  4.26054932e-04 -2.35695243e-02 -1.53513923e-02 -1.79685792e-03
 -1.16857532e-02 -1.83418449e-02  8.43009576e-02 -1.19954329e-02
 -6.19126968e-02 -4.22447436e-02  2.48836447e-02 -3.81800979e-02
  7.61076808e-02 -8.50285590e-02 -2.57093590e-02  3.71158263e-03
  3.37919854e-02  4.96466719e-02 -9.22867507e-02 -5.08423001e-02
  1.45467492e-02  6.70915693e-02 -1.21134287e-02  1.45771895e-02
  4.20866050e-02  6.81341514e-02 -3.08161657e-02 -3.51360068e-02
 -8.22660252e-02  1.20824119e-02 -4.34361324e-02  4.26972955e-02
 -3.90288047e-02  7.52009451e-02  5.71070276e-02  1.23740771e-04
 -1.56654883e-03 -3.34629021e-03  1.27945170e-02  5.79712279e-02
  5.17194271e-02  3.78260724e-02 -1.12620331e-02 -5.46680428e-02
 -1.56671926e-02  3.05086356e-02  7.63419867e-02  5.51733468e-03
  5.53089641e-02  3.39061990e-02 -8.05419013e-02 -5.83908140e-08
  1.92567725e-02  4.64085676e-03  1.25486096e-02  1.35385096e-02
  2.87479404e-02  3.85428104e-03 -2.14543939e-02 -8.35253112e-03
  8.16480722e-03  8.44522044e-02  1.26160547e-01 -1.57346874e-02
  1.66544318e-02  8.34464096e-03 -9.53462254e-03  5.74384443e-02
 -8.94298963e-03  4.25282456e-02 -4.30447683e-02 -1.22998664e-02
  4.49744165e-02  4.32819836e-02  2.67474656e-03 -5.90549484e-02
  9.45869833e-03 -4.55297269e-02 -7.09724501e-02  2.76986193e-02
 -3.68380435e-02 -3.00738905e-02 -1.60703529e-02  5.00467271e-02
  6.86505288e-02 -8.33816007e-02 -3.59744430e-02 -6.07173191e-03
  7.55963400e-02  4.94578853e-03 -2.78956629e-02  8.64906460e-02
  9.43404511e-02  1.15428744e-02 -7.40026170e-03 -2.50734892e-02
  8.27814862e-02 -3.41756977e-02  1.41141964e-02 -2.76316795e-02
 -2.56118514e-02  2.95769181e-02 -3.60624108e-04  6.60996214e-02
  1.41572384e-02  7.80154541e-02 -1.40006896e-02  3.31327282e-02
 -1.59449261e-02 -1.38052215e-03 -6.53784648e-02 -2.45459769e-02
  9.35209692e-02  2.61329748e-02 -6.11136295e-03 -6.75169006e-03]