[-6.78727180e-02  2.95948400e-03 -4.78326082e-02  4.35466878e-02
 -5.24243750e-02  5.79237267e-02 -2.70907278e-03  2.23614965e-02
 -3.84860002e-02  3.04025263e-02  6.05180152e-02 -1.82264554e-03
 -4.58355062e-02  3.15121710e-02 -5.59132025e-02  7.26886019e-02
  1.96989216e-02  1.78450923e-02  2.42932253e-02  8.12091306e-02
  6.84045721e-04 -4.95456867e-02  3.58422324e-02  5.91231510e-02
 -5.98542728e-02  8.82650632e-03 -6.06556758e-02  1.74612608e-02
 -7.69654736e-02  1.68454405e-02 -5.04686609e-02  1.08361635e-02
 -4.67465632e-02 -1.94491781e-02 -2.29094513e-02  2.62432210e-02
 -3.23635899e-03  1.89972844e-03 -1.04473028e-02 -2.27162633e-02
 -3.03592421e-02  8.96650180e-03 -6.93330765e-02  4.33295369e-02
  3.16357166e-02 -3.86761688e-02  1.28987031e-02 -5.54967672e-02
 -5.16164629e-03  6.29965402e-03 -9.03446600e-02  4.05167677e-02
 -1.70583520e-02 -5.63941039e-02  1.45553043e-02  5.47544807e-02
  2.10690163e-02 -1.15235988e-02 -8.85803532e-03 -3.08403056e-02
 -1.32203065e-02 -4.24682610e-02 -3.17503251e-02 -3.53132859e-02
 -4.79198508e-02  7.52716372e-03 -5.41706048e-02  6.81781024e-02
 -5.03753796e-02  1.21685378e-02  1.93073489e-02 -6.70795143e-02
  3.99704613e-02 -4.29236591e-02 -3.83968987e-02  2.31455062e-02
  1.54783698e-02 -8.44119489e-02 -1.24394290e-01 -3.78106013e-02
  5.72354579e-03 -8.22420120e-02  1.95171405e-02 -4.51409891e-02
  5.00693023e-02 -2.88426019e-02  8.04300383e-02 -6.56141937e-02
 -3.64597864e-03  3.61932665e-02  1.87787693e-02  5.41546568e-02
 -2.84443609e-02  1.75962469e-03  6.56740293e-02  1.00082215e-02
  2.45920420e-02  1.02861352e-01  6.19753590e-03  3.61046009e-02
  7.46326894e-02  2.62363032e-02 -1.34884000e-01  4.16129045e-02
 -3.09101958e-02 -9.17972624e-02 -2.47966032e-03 -4.80570234e-02
  6.84867194e-03 -1.98352640e-03  1.28801825e-04 -3.53232063e-02
 -2.15951242e-02  3.94816734e-02 -4.16358225e-02  3.06846248e-03
 -8.75605866e-02  8.68005455e-02  4.85126898e-02  1.22991219e-01
  2.22529173e-02  7.87039101e-03  5.41480025e-03  8.96276236e-02
  3.98384593e-03 -5.59123904e-02  6.50792420e-02  1.02435149e-32
 -2.90856287e-02 -4.68199700e-02 -3.38544371e-03  7.62846023e-02
  8.91282856e-02 -2.78822873e-02 -5.86725883e-02 -1.42815467e-02
 -3.31774838e-02 -5.02540469e-02 -1.49405990e-02  5.52508347e-02
 -6.32927790e-02 -2.42279489e-02 -1.50859347e-02 -2.81122755e-02
 -1.25011221e-01 -8.49154070e-02  3.21338959e-02 -6.95248619e-02
 -6.92645146e-04  4.16260436e-02 -6.14635320e-03 -4.51125316e-02
  6.94599608e-03  4.08916213e-02 -3.29691879e-02  7.94869736e-02
 -1.97825134e-02  5.45260087e-02 -8.84392336e-02 -2.33896971e-02
 -3.39835398e-02 -6.63199946e-02  5.14510311e-02  4.54559922e-02
 -1.64195150e-02 -7.27563202e-02 -4.00247201e-02  3.10161132e-02
 -5.25147505e-02  3.89264501e-03 -3.40472311e-02 -3.05156615e-02
 -1.14775807e-01  4.60580550e-02  1.13151670e-01  8.64858702e-02
  7.53643066e-02  3.16200517e-02 -9.72893834e-02 -4.76786569e-02
 -7.86545351e-02 -6.09010421e-02 -4.15064432e-02 -1.16437869e-02
 -6.00453764e-02  1.60034429e-02  5.62182441e-02 -5.46297133e-02
  3.69075201e-02 -2.24973951e-02  4.79525104e-02 -1.08462563e-02
  3.58652472e-02  1.13114394e-01 -8.14405605e-02  8.23373348e-03
  1.09160259e-01 -1.71546564e-02 -4.73085530e-02 -1.08159808e-02
  6.54252991e-02 -8.55577588e-02  6.48176000e-02  4.63038087e-02
  1.88313480e-02  5.95267452e-02 -1.54742390e-01 -8.71669203e-02
 -9.28244442e-02  1.25340661e-02 -2.22000889e-02  5.19656949e-02
  4.52754721e-02 -1.63618866e-02  7.32529685e-02 -4.03593369e-02
 -8.33620224e-03  1.22179724e-02  5.22920936e-02  2.69791111e-02
 -4.34251316e-02 -1.06843024e-01 -5.14529608e-02 -1.01040756e-32
  6.54463097e-02 -1.92494448e-02 -8.30061454e-03  6.88298494e-02
  9.86333787e-02 -1.90851651e-02 -9.16674584e-02  2.61273328e-02
  3.65166701e-02 -7.06830388e-03 -4.00762558e-02 -3.89370359e-02
  5.34831248e-02 -3.92548479e-02 -5.50051704e-02 -5.82476221e-02
  4.03295532e-02  4.58084978e-02 -1.35855312e-02 -2.28600893e-02
  4.15322445e-02  1.86818074e-02 -4.20428477e-02 -5.76528199e-02
 -1.98333003e-02  7.58942217e-02  9.30364989e-03 -5.57991005e-02
 -4.37416136e-02  1.49533032e-02 -5.93459280e-03  2.95608733e-02
 -1.66956186e-02  3.70463133e-02 -4.07641456e-02  8.24424177e-02
  8.14289227e-02 -1.46021536e-02 -6.43841103e-02  7.16446638e-02
  3.14256325e-02 -1.49434749e-02 -1.71053261e-02 -5.46330959e-03
 -2.84001492e-02 -5.66015728e-02 -5.64815924e-02  8.55734646e-02
  7.78575987e-03  2.27107946e-02  7.90159851e-02  2.21309587e-02
 -1.85202062e-02 -6.02344796e-02 -1.44266393e-02 -4.73619476e-02
  3.67600173e-02 -1.30525231e-01  1.72672123e-02  6.12368248e-02
  5.69424294e-02  4.09591347e-02 -1.03149064e-01 -2.05539502e-02
  1.84753481e-02 -3.04374024e-02 -2.01491099e-02 -9.02660284e-03
 -1.71692315e-02  9.16685537e-02 -8.98814946e-02  1.14104804e-02
 -3.79090197e-02 -4.16767187e-02 -7.30903894e-02  4.91109565e-02
 -3.08986884e-02  6.27985522e-02  7.46890903e-02  2.22646259e-02
  4.07150667e-03 -3.95113416e-02  7.77693465e-02  9.16191712e-02
  2.97043268e-02  8.14124420e-02 -8.17961097e-02  6.60308450e-03
 -2.22297534e-02  1.70254037e-02  6.36857003e-02  2.08723880e-02
  7.71403462e-02  4.68669981e-02 -2.60006581e-02 -6.25425329e-08
 -6.90988684e-03  2.22771335e-02  1.99982468e-02  5.19943386e-02
  4.71828170e-02  3.26744728e-02  8.19234550e-02  4.77358326e-03
 -4.79226112e-02  1.00128815e-01 -1.31301815e-02 -1.53405068e-03
  3.94146144e-02  4.53231484e-02 -2.26968732e-02  4.55248496e-03
  4.40485217e-02 -3.93775403e-02 -3.52866650e-02  3.71730924e-02
  4.75080311e-02  1.20844869e-02  1.08587192e-02 -1.16856873e-01
 -3.36871184e-02  1.65002588e-02 -8.70740190e-02  2.91111395e-02
 -5.10780653e-03 -1.88804343e-02 -1.13125760e-02  1.06321638e-02
  6.68897703e-02 -4.73494492e-02 -5.52834198e-03 -7.39808455e-02
 -8.00817087e-03  4.22692522e-02 -5.80025129e-02  1.10837165e-02
  2.02347804e-02 -5.42184263e-02 -3.87695967e-04  7.80759752e-02
  6.12645745e-02  4.87960391e-02  1.26207909e-02 -2.78959330e-02
 -3.12514864e-02  8.26546252e-02  7.81212077e-02 -2.07629465e-02
  4.67456765e-02  7.32519627e-02 -8.04703217e-03  3.51863205e-02
  6.79674139e-03  7.29885250e-02 -8.75030085e-02 -3.08242422e-02
  7.58023784e-02  1.64431538e-02 -5.35570644e-02  3.46383033e-03]