[-7.26757199e-02  7.51269832e-02 -6.21145330e-02 -2.47618984e-02
 -6.94228755e-03  3.48211192e-02 -4.25996482e-02  8.80045891e-02
 -4.67708483e-02  7.73181468e-02  5.99707551e-02 -5.39969886e-03
 -4.19323780e-02 -3.17853689e-02 -4.31618690e-02  4.34793644e-02
 -3.21910977e-02 -5.18474579e-02  7.32203107e-03  4.55602333e-02
  6.03274889e-02 -1.17283650e-02 -5.32439202e-02  2.33212560e-02
 -5.80978207e-02  7.30843619e-02 -3.14514339e-02  6.03244752e-02
 -6.41130358e-02 -3.01052500e-02  1.39821488e-02  1.54478416e-01
 -2.13323236e-02 -1.34259379e-02  6.24525622e-02 -7.50440359e-02
  2.86018550e-02 -1.49822403e-02  4.58495691e-02  1.61279552e-02
 -4.48808633e-02  2.88817622e-02 -5.30287288e-02  5.68124466e-03
 -4.21798900e-02  7.09921704e-04 -6.60352185e-02  9.13372040e-02
 -5.19137420e-02 -1.27099976e-02 -3.40446047e-02  3.47768143e-02
 -8.16371292e-03  1.18606947e-02 -6.80335239e-02 -8.73227417e-02
 -5.26588932e-02 -6.72049597e-02  7.05945045e-02 -5.95916249e-02
 -3.66005972e-02  6.22447729e-02 -7.72496015e-02  8.57745763e-03
  3.87146883e-02 -5.55129871e-02  4.32250537e-02  1.76874008e-02
 -5.99490292e-02  3.79673801e-02  5.31135919e-03 -5.73919006e-02
  2.08641272e-02  4.34470475e-02 -5.01521416e-02 -2.81007728e-03
  1.14821196e-02 -6.14620093e-03  2.58438867e-02 -1.09950900e-01
  3.10659539e-02  3.04528046e-02  9.39991474e-02 -5.07342033e-02
  2.09729858e-02 -8.85178000e-02  6.07730299e-02 -9.83811468e-02
  5.76416403e-02 -1.04340697e-02  7.60832503e-02  4.47702631e-02
  1.74947584e-03  4.09159027e-02  6.21953048e-03  3.04898191e-02
  7.54959136e-02  4.45992388e-02  5.75451143e-02  2.63599623e-02
  7.09940046e-02 -3.38357091e-02 -3.38454321e-02  4.06339839e-02
 -1.18706718e-01 -4.67537306e-02  1.52886417e-02 -2.09398158e-02
  1.51437726e-02 -4.71548513e-02 -1.63804755e-01 -6.60616979e-02
 -6.85228920e-03 -5.65031022e-02  1.15231937e-02  2.92603876e-02
  4.54615941e-03 -2.86969803e-02 -3.91600616e-02  2.12987605e-02
  2.66053919e-02  8.92416574e-03 -2.12465916e-02  2.59190444e-02
 -7.88449403e-03  4.12603058e-02  9.90177132e-03  6.23628700e-33
  4.71635014e-02 -6.83708861e-02 -1.89926308e-02 -1.04335211e-02
  2.35186536e-02 -6.92412779e-02 -6.95720240e-02  5.31655410e-03
 -1.84043515e-02  3.82828750e-02 -9.60945934e-02 -5.55649921e-02
 -4.46506292e-02 -1.03466809e-01  6.47933930e-02  1.84557922e-02
 -7.03265965e-02 -2.51358356e-02 -3.85220237e-02 -7.65084173e-04
 -4.39862795e-02  3.17884013e-02  2.25704890e-02  2.98695592e-03
  6.17594980e-02  6.69428632e-02  7.03769475e-02 -3.66603285e-02
 -3.19269225e-02  4.92271855e-02  6.61318079e-02 -9.80080850e-03
 -3.56021523e-02  5.60327107e-03 -5.33294939e-02 -9.70371068e-03
 -5.11361621e-02 -4.21066396e-02 -6.70824125e-02  1.86439585e-02
  3.76550034e-02 -3.51033872e-03 -6.00584829e-03  4.38593477e-02
  7.92369097e-02 -2.72681173e-02 -2.54779886e-02 -2.79371981e-02
  6.77883700e-02  8.79093073e-03 -2.49866806e-02  3.34223621e-02
 -7.18306452e-02 -6.29303604e-02  4.60239127e-02  1.23696364e-01
 -1.04277648e-01  5.52944131e-02  8.76588896e-02 -6.08988777e-02
  6.97239488e-02  2.83130892e-02 -1.62968691e-02 -3.53067443e-02
 -3.24464925e-02 -2.33776737e-02 -1.77558661e-02  2.32539885e-02
  4.79827039e-02 -7.70145729e-02 -7.58692101e-02 -1.01356208e-01
  1.20771900e-01  2.38143429e-02  1.92192364e-02  1.73817538e-02
  7.61722550e-02  1.36736501e-02 -4.73762117e-02 -3.58919837e-02
 -9.59251821e-02  5.62387891e-02  7.69343898e-02 -3.40303481e-02
 -1.39479358e-02 -3.25906873e-02  1.89465750e-02 -1.52970629e-03
 -2.73529869e-02  5.85007183e-02 -1.63827091e-02 -9.29606031e-04
  2.80506797e-02 -3.04274429e-02  4.30854149e-02 -7.73521641e-33
  7.57500306e-02 -3.21919248e-02 -6.52170777e-02 -7.36655341e-03
 -1.73984673e-02  3.47016528e-02 -1.01246968e-01 -1.28507642e-02
  1.13153430e-02 -5.19219972e-02  1.50488047e-02  4.06327993e-02
  3.41900401e-02 -2.95444839e-02 -8.75656214e-03  2.60558613e-02
  1.86555181e-02 -4.29137908e-02 -9.54952389e-02 -1.18401265e-02
 -1.95570178e-02  1.81283392e-02  1.83172245e-02 -8.19275752e-02
 -2.30157990e-02 -1.40282139e-02  9.11848024e-02 -3.96324247e-02
 -7.42456003e-04  1.51334647e-02  2.80481055e-02  4.27212231e-02
 -1.28959762e-02  7.40496218e-02 -2.43637823e-02 -4.17460017e-02
  1.20470852e-01 -7.22982660e-02 -1.03317201e-01  1.45194046e-02
  1.41083321e-03  6.51938021e-02  4.21305336e-02 -1.71715906e-03
  1.08285369e-02  7.49940798e-03 -2.84926780e-03 -7.52100348e-02
  5.40570021e-02 -5.11314310e-02  9.76301506e-02  3.78885455e-02
 -5.64672686e-02 -1.85981207e-02  1.75237563e-02 -5.54570407e-02
 -5.40100709e-02 -7.08555803e-02 -6.67210072e-02  4.38123718e-02
  4.07586023e-02  8.08632970e-02 -5.66138029e-02 -5.65061532e-02
  9.42236781e-02 -1.59115950e-03 -7.23056048e-02  5.95867708e-02
  1.17439285e-01  9.12520476e-03  4.11670394e-02 -8.25768113e-02
 -8.37213844e-02  3.97376567e-02  8.29170868e-02  4.06520925e-02
 -1.16944658e-02  3.13905813e-02 -3.87331583e-02  1.84943303e-02
 -3.24204601e-02 -3.48611362e-02 -5.36745638e-02  4.15282138e-02
  4.28567640e-03 -8.08305889e-02 -5.98038994e-02 -5.70529848e-02
 -3.31722684e-02  8.76855198e-03  3.97575796e-02 -1.21481158e-01
  3.34904306e-02  4.15407792e-02  1.30061079e-02 -6.49215153e-08
  6.41280338e-02  3.82864252e-02  1.18134115e-02  6.13428243e-02
  2.08530258e-02 -6.08770773e-02  7.64664030e-03 -4.96400036e-02
 -1.16604369e-03  6.85787350e-02  2.64598019e-02  5.43493629e-02
 -3.52464244e-03  3.03248875e-02 -6.87823584e-03 -2.16817334e-02
 -2.40199585e-02  2.83228550e-02 -5.31622991e-02 -3.62266898e-02
  7.67345876e-02  6.13030978e-03 -3.13567184e-02 -7.63721531e-03
  1.11853508e-02  8.92091449e-03 -1.71432439e-02 -4.41422686e-02
  1.67178605e-02  7.96229951e-03 -6.13240898e-02  1.09536134e-01
  5.51294237e-02 -1.08737789e-01  5.16398102e-02  1.36962151e-02
  3.28949057e-02  3.05867717e-02 -7.38490447e-02  2.75027193e-02
  1.32221729e-01  2.47115977e-02 -3.18265930e-02  1.50361346e-04
  7.51354769e-02  1.23654334e-02 -3.80444340e-03  5.59457578e-02
 -2.20381804e-02 -3.62854148e-03  5.52944001e-03  2.51785126e-02
  7.99662396e-02  6.98794723e-02 -3.91385937e-03  4.67894413e-02
  1.47799328e-02 -3.26356827e-03 -2.60135029e-02 -3.62743624e-02
  6.38039634e-02 -6.51600910e-03 -2.35003605e-02  6.65308759e-02]