[ 1.92889683e-02  5.09010581e-03 -2.96108313e-02 -2.29971781e-02
 -2.43836772e-02  2.16149651e-02  3.28808837e-02  4.52046767e-02
  4.20779064e-02  7.86206871e-02  6.24856390e-02 -7.50139356e-02
 -3.13564539e-02  9.39343241e-04 -1.46316653e-02 -5.02809184e-03
  5.03745936e-02  1.53713720e-02 -7.75784347e-03  6.60785288e-02
  5.84461987e-02 -1.25055341e-02 -5.86364456e-02  3.39896865e-02
 -8.51235092e-02  6.59646690e-02 -1.57896038e-02  4.14643213e-02
 -1.33295916e-02 -8.33927765e-02  2.69862916e-02  6.14714287e-02
  1.08075105e-01  2.22896952e-02  9.05174576e-03 -3.92060122e-03
  2.26187538e-02 -8.85132849e-02 -4.89522256e-02  5.60779497e-02
 -4.19344380e-02  1.79912969e-02 -3.90818380e-02 -2.33745128e-02
 -2.17062384e-02  1.97165571e-02  6.14203066e-02  6.50792718e-02
  8.76742750e-02 -5.38423732e-02 -1.25497328e-02  5.00584953e-02
 -1.14689350e-01 -2.69927755e-02 -5.08015752e-02 -2.37906594e-02
  4.60896194e-02 -3.32299285e-02  5.41319028e-02 -2.04727072e-02
 -5.67142032e-02  6.01192610e-03  1.53670432e-02  5.17747290e-02
  7.74152158e-03  1.43558718e-02 -3.90503146e-02 -3.50207053e-02
  4.98627778e-03  8.48386064e-02  1.02120256e-02 -8.69803596e-03
  2.78512132e-03  1.00969328e-02 -7.48653039e-02  1.28321692e-01
  4.00955603e-03 -1.64300688e-02  2.56911357e-04 -9.99926552e-02
  3.76365520e-02 -4.46912907e-02 -6.67875558e-02 -7.71995112e-02
  9.24003944e-02 -3.13686095e-02 -1.01291677e-02  1.56612939e-03
  4.40561771e-02  3.68682609e-04 -4.88478802e-02  5.88497445e-02
 -1.30351081e-01 -3.84770259e-02 -3.47850248e-02 -1.48896063e-02
 -4.39076386e-02 -7.92108178e-02  5.22078648e-02 -2.68576201e-02
  5.62793240e-02  5.32389395e-02  3.74055021e-02  8.22341535e-03
 -2.99483258e-02 -8.91981530e-04  3.71284666e-03 -4.42292206e-02
  7.76964352e-02  1.25762820e-01 -7.26245493e-02 -4.77151014e-03
  6.69160066e-03  6.78787893e-03 -4.78810556e-02 -3.09426803e-02
 -2.13773437e-02 -6.10124432e-02  4.93466891e-02  5.12383357e-02
 -4.74967510e-02 -8.46028477e-02  4.00526337e-02  2.21681525e-03
  5.62075414e-02 -5.81871048e-02  3.37100029e-02  1.41774023e-32
 -4.38530818e-02 -7.39767998e-02  3.27091361e-03 -1.33202821e-02
  3.40270698e-02  4.26594354e-02 -1.79232005e-02 -3.18505545e-03
  4.47392315e-02  7.56755844e-02 -6.42256588e-02  4.30669673e-02
 -2.29937565e-02  5.01971282e-02  6.79229200e-02  1.11538488e-02
  2.95974594e-02 -6.74835443e-02 -6.30216897e-02 -3.59884165e-02
 -1.14127770e-02  1.84855028e-03 -2.84103327e-03 -4.10239287e-02
  6.55389726e-02  4.38003689e-02 -6.87141120e-02 -6.01786599e-02
 -3.39100184e-03  5.81878796e-02 -3.20982859e-02 -4.91581485e-03
 -2.68484391e-02 -3.74751501e-02 -5.49370311e-02 -5.22222184e-03
  4.83896909e-03  1.71391747e-03 -7.37043470e-02 -1.16965175e-02
 -3.02345008e-02 -2.34731771e-02  1.26041274e-03  4.76516075e-02
 -1.82963386e-02 -1.09430559e-01 -9.14439093e-03  1.23748025e-02
  4.71436046e-02  4.74288985e-02 -5.41480929e-02 -9.96252000e-02
  4.81532477e-02 -8.99686068e-02  1.85240731e-02  4.59875027e-03
 -1.01082943e-01  2.24642344e-02 -1.04140686e-02 -4.58190218e-02
 -4.54532281e-02  3.53067107e-02 -5.49098551e-02  2.21795421e-02
 -1.04999086e-02 -5.29073849e-02 -3.20761576e-02  2.20417343e-02
  1.34828880e-01  4.76356670e-02 -5.09916916e-02 -2.79571675e-02
 -5.13196215e-02 -2.43218839e-02 -1.55543992e-02  1.06537470e-03
  5.68645224e-02  1.22561874e-02 -5.52524813e-02  2.96110362e-02
  6.24653101e-02 -9.41315014e-03  1.28653813e-02 -1.98543463e-02
  8.42603296e-02  1.69585533e-02  6.63562417e-02  2.88111102e-02
 -4.66855019e-02  5.66430576e-02  2.09950171e-02  7.77604803e-02
  6.74932972e-02 -2.29281001e-02  5.09451963e-02 -1.33953047e-32
  2.47658174e-02  3.96186300e-02 -1.00945150e-02  2.51983088e-02
  2.62913108e-03  4.21399735e-02 -9.01034381e-03 -4.55174893e-02
 -6.55026361e-02 -1.57477200e-01 -9.75741893e-02 -8.36400017e-02
  6.87119737e-02 -6.44157231e-02 -5.87769896e-02 -1.55184772e-02
 -3.08265965e-02 -4.16036099e-02 -1.49598932e-02 -2.43491475e-02
 -1.02174886e-01  3.64692435e-02  3.02448273e-02 -1.49986353e-02
  6.60943193e-03 -3.71026769e-02 -6.46533538e-03  2.59433649e-02
 -6.23833276e-02  5.03430367e-02  2.94934884e-02  1.08873315e-01
  7.13776872e-02  1.39925256e-01 -1.25448341e-02  1.34502677e-02
  4.48612310e-02  3.58625911e-02 -4.04819883e-02  7.57581443e-02
  4.24285121e-02  7.94312581e-02 -1.73516627e-02 -9.36688855e-02
 -3.86969112e-02  2.50268243e-02  7.54804760e-02 -1.43700749e-01
 -3.13806869e-02  3.55177769e-03  8.51848945e-02 -3.58601101e-02
 -5.80830015e-02  1.33717223e-03  5.98280951e-02 -5.03638536e-02
 -1.12852268e-02 -9.96229649e-02 -5.54005504e-02 -3.28923343e-03
  7.16577768e-02  9.60593391e-03 -2.06263997e-02 -8.52732658e-02
  9.84907970e-02  1.17206126e-02  2.07319972e-03  1.10293686e-01
  5.42394407e-02  2.15514656e-02 -7.33122369e-03  8.72990582e-03
 -6.40747845e-02  1.43678710e-02  2.63258480e-02 -3.32437865e-02
 -5.59267774e-02  4.21670936e-02 -6.09003892e-03  4.59526200e-03
 -4.03080136e-02 -4.50367071e-02 -4.99956757e-02  2.28495356e-02
 -4.41687107e-02  4.86805141e-02 -5.77337109e-02  2.09602788e-02
 -4.13099043e-02  3.29530351e-02  2.99976077e-02  5.11193909e-02
  6.19513504e-02 -2.53680535e-02 -2.74215583e-02 -5.47568497e-08
 -1.55801484e-02 -1.48530332e-02  5.24330847e-02 -2.67886417e-03
  6.06551915e-02 -4.13704664e-02 -2.23861192e-04 -8.51664916e-02
 -3.58078554e-02 -3.61181721e-02  4.29613851e-02 -2.95613967e-02
  1.31027102e-02  4.02316265e-02 -8.65969528e-03  1.03216721e-02
  3.41871716e-02  4.74705324e-02 -8.55783932e-03  9.49355774e-03
  2.68830340e-02  5.88988066e-02 -8.58637244e-02 -1.17778648e-02
  8.46526176e-02  1.35370782e-02 -4.90547642e-02 -3.70670902e-03
 -1.91544425e-02  8.18728805e-02 -4.02840786e-02 -3.90068479e-02
 -2.12204549e-02 -1.82876587e-02 -4.79623638e-02 -6.61591068e-02
  1.13728322e-01 -2.57331505e-02 -8.91276225e-02 -3.19293030e-02
  1.18959785e-01  7.44253471e-02 -4.38939705e-02 -7.50189871e-02
 -4.72553596e-02  1.14145838e-02  9.13218260e-02  5.27854485e-04
 -4.12428416e-02  5.61200418e-02 -4.00400758e-02  6.27106428e-02
  4.53294925e-02  6.84534237e-02 -1.96816120e-02 -3.68473865e-02
  8.65217415e-04 -4.02161218e-02 -2.58098170e-02 -4.60914411e-02
  6.53271675e-02  1.30407289e-01 -1.95147358e-02 -9.08103026e-03]