[-8.60991236e-03 -4.60064737e-03 -6.45767227e-02 -6.32139519e-02
 -5.74696437e-02 -1.56474169e-02  1.34741133e-02  8.25474188e-02
 -2.23939065e-02  6.82287738e-02  7.83786830e-03 -1.64761040e-02
 -1.19020995e-02  2.82793306e-02 -1.83024677e-03 -4.42856289e-02
 -2.30649710e-02  2.34680064e-02 -2.41629761e-02  6.61971271e-02
  1.52995586e-01 -7.52314031e-02 -1.71236955e-02  6.30333051e-02
 -8.06231275e-02  7.51351640e-02 -1.61102712e-02  1.46819381e-02
 -6.76864907e-02 -7.10303336e-02 -2.21161824e-02  1.03746109e-01
  1.21608190e-01 -3.81588861e-02 -4.55602407e-02 -2.35354286e-02
  2.95456685e-02 -3.24533880e-02 -2.32205540e-02  7.53482431e-02
 -5.20524010e-02  3.52296699e-03 -1.77698955e-02 -8.90294090e-02
  4.39746492e-02 -5.75256422e-02  9.10476148e-02  3.20691951e-02
 -3.34229060e-02 -8.29944853e-03 -4.71718945e-02  4.87156399e-02
 -1.24264948e-01  3.83074582e-02  3.23734693e-02  2.19239900e-03
  4.75632139e-02 -1.94163043e-02  3.49336583e-03  2.01378539e-02
 -4.06951830e-02 -7.11728586e-04 -1.22480392e-02  7.68580521e-03
  2.83433888e-02 -7.87396953e-02 -2.74445005e-02 -5.48929423e-02
 -6.23002350e-02  1.35948956e-02  2.48842631e-02 -7.15980604e-02
  4.98752259e-02  2.75196653e-04 -5.49181439e-02  1.19161434e-01
  8.42756417e-04  4.94311415e-02  4.54455055e-02 -1.00880139e-01
  5.91412336e-02 -8.05696566e-03 -1.64518598e-02 -2.70657856e-02
  6.84601590e-02 -1.98072977e-02 -1.10313520e-02  2.67514330e-03
  6.10873401e-02 -4.41033430e-02  3.73839736e-02  8.77750441e-02
 -7.83527568e-02 -2.25175768e-02  1.31339030e-02  5.07281162e-03
  4.81911795e-03 -6.35773242e-02  6.52121678e-02 -4.95461561e-03
  9.37557369e-02 -4.22791541e-02 -3.65343727e-02 -3.75270769e-02
 -1.60692893e-02  2.17793882e-02 -3.89177958e-03  3.23868543e-02
  5.32303937e-02  1.21556833e-01 -3.13701443e-02  5.93890948e-03
 -7.08830506e-02  7.22339202e-04 -7.36048892e-02 -4.70465571e-02
 -4.01890604e-03 -5.79513721e-02  2.88654566e-02  2.74805184e-02
 -3.04975770e-02 -6.55194521e-02  3.03201433e-02 -2.11812463e-02
  7.08081424e-02  9.34702344e-03  4.00274806e-03  1.32943136e-32
 -2.51203775e-02 -8.47851411e-02  3.53996269e-03 -5.01253307e-02
 -1.79752279e-02  4.50665131e-02 -1.14987846e-02  3.61377038e-02
 -9.58451722e-03 -1.96654927e-02 -5.65266274e-02  1.60247520e-01
 -2.52571832e-02  4.94445525e-02  1.19905144e-01  9.92969517e-03
  4.10448052e-02 -4.98166047e-02 -3.29165272e-02 -2.06454489e-02
  2.18322668e-02  4.27193800e-03  5.77478707e-02  6.94653718e-03
  3.23736258e-02  6.59261122e-02 -6.98493123e-02 -9.41063836e-02
 -9.40078199e-02  6.08344153e-02  2.93284208e-02 -6.85838163e-02
  3.77276167e-02 -4.23447080e-02 -1.09668873e-01 -6.53423443e-02
  2.50975117e-02 -2.16362886e-02 -4.74220738e-02 -4.26790044e-02
 -3.91436629e-02 -1.19117545e-02  7.41802230e-02 -4.66439378e-04
 -2.18479484e-02  4.80025634e-02  4.48641181e-03 -2.34840140e-02
  1.22314148e-01  4.01912034e-02 -3.36386077e-02 -9.01763588e-02
 -1.57914031e-02 -5.28558269e-02  2.60614548e-02  1.59331784e-02
 -1.43453628e-01  4.07594368e-02 -2.37018391e-02  3.74452770e-03
 -7.62537047e-02  3.06190015e-03 -5.13842516e-03  4.06856230e-03
 -5.43395132e-02 -2.75819041e-02  1.65431574e-02  5.63962571e-02
  8.91495869e-02  4.53794859e-02 -4.96551357e-02  9.20177530e-03
 -7.96482190e-02  3.85360382e-02 -1.16861500e-02  4.78481734e-03
  7.61681795e-02 -2.19031945e-02 -1.17603183e-01  5.52631877e-02
 -1.70363449e-02  1.44619448e-02  1.86619870e-02 -2.79770466e-03
  5.03116697e-02  2.12227777e-02  1.69113893e-02  4.68174368e-02
 -1.18062897e-02  5.23324199e-02 -2.10449453e-02  2.71265451e-02
  1.88809745e-02 -1.68257933e-02  7.12545635e-03 -1.48889584e-32
 -3.49952281e-02  3.18994857e-02  1.39444377e-02  1.42857293e-02
 -1.33061577e-02 -3.02565168e-03 -1.09903239e-01 -1.75193138e-02
 -2.20003836e-02 -1.24861173e-01 -6.32391050e-02 -5.04615940e-02
  9.18366760e-02 -3.25214602e-02 -7.91764483e-02 -1.27703389e-02
 -1.03421807e-01 -5.95882609e-02 -1.87580250e-02  1.07434560e-02
  5.36784008e-02  1.18143475e-02  8.74093082e-03 -2.85152961e-02
  3.96756595e-03 -5.20470478e-02  3.76035483e-03 -2.15016827e-02
 -7.40995035e-02 -6.93885563e-03  7.06194341e-02  9.39950813e-04
 -5.45492582e-03  8.18770081e-02  1.14518136e-03 -5.39822020e-02
  4.12281267e-02 -5.02190832e-03 -5.10438206e-03  7.79732615e-02
  6.21787757e-02  7.30083287e-02  1.53303333e-02 -1.05720378e-01
 -6.20551854e-02 -5.28236777e-02 -4.76893820e-02 -9.10952315e-02
  2.98398621e-02 -4.93646935e-02  9.54851136e-02 -5.14703542e-02
 -7.54863173e-02 -6.28713369e-02 -3.83707322e-02 -6.05341345e-02
  1.59852896e-02 -3.34666520e-02 -8.70546997e-02  5.60539551e-02
  6.72464296e-02  1.78235658e-02 -6.44815490e-02 -4.46883067e-02
  3.65731567e-02  7.01173544e-02  3.63355805e-03 -8.82040244e-03
  1.61906779e-02  5.08419983e-02  4.96959910e-02 -2.17778105e-02
 -4.46279421e-02  6.44490048e-02 -2.30402704e-02  6.16804287e-02
 -6.43587783e-02  1.43888304e-02 -2.29742546e-02  8.47379714e-02
  2.49157380e-02 -1.30896037e-02 -6.05647918e-03 -1.68282371e-02
 -4.71876971e-02  1.84760075e-02 -4.36295085e-02  1.66559555e-02
  1.54361855e-02  4.64425422e-02  2.50874031e-02  1.49384411e-02
  1.65286381e-02 -3.22460383e-02 -3.17825824e-02 -6.38111004e-08
 -1.65780963e-04 -2.82718875e-02  3.72111313e-02  8.06424245e-02
 -5.79431504e-02  5.25330659e-03  4.57355157e-02 -6.24781400e-02
  4.32175621e-02  9.47808940e-03  6.93436414e-02 -2.98761912e-02
 -3.81642878e-02  1.90693047e-02  2.12734286e-02 -2.89426185e-03
  2.56108344e-02  7.88137242e-02 -9.58968420e-03  2.56949710e-03
  2.30495669e-02 -5.49971766e-04 -8.70446563e-02  1.40900277e-02
  1.34664392e-02 -3.37238759e-02 -4.22199816e-02 -3.28511894e-02
  2.97851507e-02  4.70066965e-02 -1.72999650e-02 -5.11852577e-02
  6.79935440e-02  4.47543971e-02 -9.42029431e-02 -1.13190360e-01
  2.91358754e-02 -3.67345251e-02 -7.94926435e-02  6.05510501e-03
  1.49835825e-01 -3.62796858e-02  5.92098758e-03 -7.73613602e-02
  2.17383225e-02  1.87047515e-02  3.21444012e-02  7.47566596e-02
  5.72852604e-02  4.56258245e-02 -6.18663244e-02  5.13063520e-02
 -5.17478306e-03  1.56998041e-03 -5.44977896e-02 -1.15893492e-02
  2.79695522e-02 -1.13848029e-02 -3.92775889e-03 -7.93549046e-02
  7.64237642e-02  1.88949592e-02 -4.42532497e-03 -3.12384088e-02]