[-8.27847868e-02  3.50831747e-02 -5.48070949e-03  1.93228200e-02
  5.04169427e-03  7.69332498e-02  3.48574556e-02  3.28939855e-02
 -5.27904108e-02 -4.18855855e-03  1.45052560e-02  2.86084190e-02
 -1.23568766e-01 -1.22173531e-02 -3.46340388e-02  1.88108608e-02
  4.91072722e-02  1.18772509e-02  1.04864882e-02  6.65533543e-02
  2.09344421e-02 -4.69130799e-02  2.52490444e-03  8.11753720e-02
 -6.50077164e-02 -1.52748320e-02 -9.02038515e-02  3.20798717e-02
 -5.88769615e-02 -3.30895260e-02 -6.74484968e-02  7.14960024e-02
  5.40349856e-02  1.56861953e-02 -2.02646088e-02 -6.07721917e-02
 -1.08646322e-02  3.84146674e-03  1.23167774e-02  4.03042659e-02
 -4.19665463e-02 -3.96338627e-02 -6.92965984e-02  3.04869283e-02
  3.25433239e-02  1.58421218e-03  1.19379498e-02 -1.50732021e-03
  2.26306934e-02 -2.42117420e-02 -8.36754218e-02  5.51046841e-02
 -1.92381702e-02 -7.14338273e-02  1.29019814e-02  3.40611115e-02
 -6.91160513e-03  6.09136149e-02  1.56300683e-02 -4.52339463e-02
  3.04803513e-02 -4.66592535e-02 -1.16105177e-01  4.96211424e-02
 -1.49828196e-02  3.90829798e-03  5.03332587e-03 -4.42611314e-02
 -4.27605547e-02  6.04371540e-02  7.60827363e-02 -4.81143966e-02
  1.40725179e-02 -4.73248810e-02  2.49651149e-02  6.24747127e-02
  4.49791737e-03  5.14056208e-03 -7.80392215e-02 -1.13176346e-01
 -3.05722598e-02 -1.13564171e-02  3.11200339e-02 -9.40255821e-02
  6.71007112e-02 -5.38645126e-02  6.57234201e-03 -3.77589930e-03
  5.45118973e-02  3.58848535e-02 -4.11080755e-02  5.16690761e-02
 -5.04666902e-02 -7.29582785e-03  5.53610884e-02  2.97186542e-02
  7.54948184e-02  2.17336714e-02  6.91325292e-02  2.70068608e-02
  7.40305260e-02  5.49686328e-02 -1.00309491e-01  8.95991623e-02
 -6.50588945e-02  3.18821818e-02  1.50361313e-02 -7.99304321e-02
 -4.25587967e-03  2.12320480e-02  1.72013696e-02  4.76487130e-02
  2.23940611e-02 -4.93889973e-02 -9.20937210e-02  2.75679510e-02
 -1.05433643e-01  8.81460384e-02  8.80346224e-02  8.93062502e-02
 -4.80909310e-02 -9.57362428e-02 -4.64393981e-02  6.28624037e-02
  6.16081506e-02 -5.54044396e-02  1.40631599e-02  8.72705373e-33
 -4.78866920e-02 -6.29499480e-02  1.81748699e-02  1.95235610e-02
  6.45743385e-02 -3.06201703e-03 -8.30017552e-02 -5.16432859e-02
 -1.21229589e-02 -6.07757503e-03 -1.59973800e-02  1.56133948e-02
 -5.27326800e-02 -7.90794641e-02  6.92577362e-02 -5.10419719e-02
 -1.07040890e-01 -4.69519719e-02 -5.18070534e-02 -6.32071346e-02
  4.46086414e-02 -1.07177142e-02 -5.23354709e-02 -4.49298099e-02
  3.94408731e-03  9.09278765e-02 -3.21873352e-02 -7.35208625e-03
 -6.55397251e-02  1.01071469e-01 -9.37127471e-02 -1.22100310e-02
 -8.42929184e-02  5.47089130e-02  7.31680542e-03  2.48831639e-04
 -5.46203479e-02 -3.69592407e-03 -7.00939894e-02  1.56692807e-02
 -6.06134757e-02  1.13898069e-02 -6.68915734e-02 -7.06016421e-02
 -6.11898936e-02 -5.09039573e-02  3.15781236e-02  1.14054106e-01
  7.88896009e-02  6.85752928e-02 -5.60319684e-02 -8.70837048e-02
  1.81981698e-02 -1.01877682e-01  1.29162800e-03  8.06954689e-03
 -1.17213978e-02  2.00664997e-02 -4.00195606e-02  2.05463860e-02
  6.55252673e-03  3.46459425e-03 -3.15365419e-02 -4.62711677e-02
 -6.47057220e-02  9.26625133e-02 -5.81831373e-02 -2.26995610e-02
  8.97697657e-02  2.90861051e-03 -2.69599631e-02  2.06866465e-03
 -3.44783475e-04  6.07721880e-03  3.42050865e-02  2.62871981e-02
  8.76394957e-02  2.26388890e-02 -7.93602988e-02 -2.69825999e-02
 -8.67099166e-02  5.16328122e-03 -4.48754802e-02 -4.26069051e-02
  1.22416187e-02 -8.55842698e-03  3.15844677e-02  6.92116609e-03
  1.56505108e-02  4.36531939e-02  2.52071228e-02  2.53738165e-02
  9.68505535e-03 -9.18271660e-04 -1.49310892e-02 -8.43844489e-33
  7.55333202e-03  3.02205961e-02 -2.07683984e-02  3.97607796e-02
  2.37901602e-02  2.20191590e-02  3.16159874e-02 -2.22561788e-02
  5.23665175e-02 -9.78432521e-02 -7.76889101e-02 -5.49830608e-02
  2.36557098e-03 -1.36071770e-02 -8.41873884e-02 -4.81485426e-02
  2.27074809e-02 -1.99835952e-02 -7.65107349e-02 -2.39521265e-03
  4.57457118e-02  1.40632493e-02  1.00061456e-02 -1.91013534e-02
  3.17784189e-03 -1.00894216e-02  9.19354148e-03  4.76650149e-02
 -5.10191210e-02  1.14240600e-02  6.67855591e-02  2.34891707e-03
 -1.26170702e-02  5.43325357e-02  5.59677789e-03  1.05881870e-01
  5.71000837e-02  7.65693486e-02 -1.00619137e-01  1.40402779e-01
  1.16442837e-01  6.43753335e-02 -2.86501669e-03 -3.50058191e-02
 -9.77008417e-03  3.20298336e-02 -2.01981720e-02 -7.94036686e-03
 -3.75373699e-02  5.85751655e-03  1.02296837e-01 -4.45185043e-02
 -3.47306654e-02 -4.53642104e-03 -9.73938126e-03 -2.08372343e-02
  8.00848827e-02 -8.21297318e-02 -4.81556095e-02  3.06091215e-02
  8.23477060e-02  7.61256889e-02 -4.90697026e-02  2.03012135e-02
  6.08888194e-02 -5.14623746e-02 -4.18035276e-02  1.28723914e-02
  2.22372711e-02  6.79931119e-02 -2.80988868e-02 -1.14243375e-02
 -3.12473136e-03  7.26058856e-02 -7.03072920e-02 -1.75155774e-02
 -6.01009524e-04  3.59716527e-02  6.18329784e-03  4.65414710e-02
 -2.34592371e-02 -4.26492058e-02  2.73005329e-02  1.19395785e-01
 -2.18806602e-02  6.69720024e-02 -8.93424377e-02 -2.09034421e-02
  3.55459121e-03  2.02770811e-02  9.18754190e-02  7.23412558e-02
  6.84255809e-02  9.74114016e-02 -6.51690364e-02 -5.75975072e-08
  1.05275530e-02 -2.24345885e-02  1.58821847e-02  4.39079441e-02
  4.70230915e-02 -2.24389378e-02  5.60240187e-02 -6.45366013e-02
 -8.14533904e-02  5.66118732e-02  1.24759398e-01 -6.58025593e-03
  3.75843011e-02  1.37606189e-02  2.61989725e-03 -9.25227592e-04
 -1.13977408e-02  4.95524146e-02 -6.39665723e-02 -3.33321728e-02
  5.14011942e-02 -9.68419109e-03 -5.87652698e-02 -5.15546873e-02
  6.00152463e-02 -3.35708000e-02 -5.82803600e-02  5.60224429e-02
  4.35425155e-02 -2.11322233e-02 -3.64136100e-02  5.21149114e-02
  6.49924800e-02 -4.51775044e-02 -5.34688570e-02 -2.27629598e-02
  1.41745312e-02  8.33543390e-02 -2.75004166e-03 -4.08035098e-03
  4.43474244e-04  3.91034484e-02 -5.13814874e-02  2.27546431e-02
  4.10282798e-03 -2.67848000e-02 -2.28112433e-02  1.73495198e-03
 -6.44514784e-02  1.04118548e-02  6.70171455e-02  5.58486572e-05
  6.15558326e-02  9.58215296e-02  1.01468870e-02  3.69687974e-02
 -4.29102145e-02  1.18006207e-02 -2.44509559e-02 -8.79280046e-02
 -2.50100810e-02  8.84730965e-02 -3.51910479e-02  1.87080316e-02]