[-5.61308814e-04 -1.20236278e-02 -3.12554836e-02 -3.28302719e-02
 -2.47540511e-02  3.85154039e-02  3.63006666e-02  8.38590264e-02
  3.15083154e-02  3.15150581e-02  9.74755958e-02 -4.29352447e-02
 -4.89941426e-02  3.82720195e-02 -4.83533368e-02 -3.09692901e-02
 -1.03811575e-02 -9.80672892e-03 -2.28488836e-02  8.30283687e-02
  4.21927273e-02 -7.07096383e-02 -6.77792281e-02  9.01935399e-02
 -9.26381499e-02  4.53014532e-03 -1.76181309e-02  5.03105856e-02
 -1.10492721e-01 -8.84354785e-02 -3.39604430e-02  4.78427783e-02
  7.95123205e-02  2.79919524e-02 -9.17655509e-03 -4.18606848e-02
 -4.97674082e-05 -6.89797997e-02  1.08693102e-02  3.03153154e-02
 -3.21327560e-02 -6.01172484e-02 -4.50682454e-02 -6.97130803e-03
 -1.26792695e-02 -2.04764586e-02  8.74887779e-02  7.63005987e-02
  4.25343961e-02 -5.05247749e-02 -3.82821895e-02  6.46145567e-02
 -4.28488143e-02 -4.01887000e-02 -5.23603149e-02 -4.79140393e-02
  1.20621081e-02  1.45355528e-02  6.39470061e-03  4.10853215e-02
  3.99906561e-02  5.50371222e-03 -8.43900442e-03  3.56696434e-02
 -8.77159927e-03 -2.20926721e-02  2.71100998e-02 -4.33926247e-02
 -5.35496771e-02  3.03816423e-02  2.91440226e-02 -6.89865276e-02
  4.89582084e-02  5.89116104e-02 -8.56177211e-02  9.72958133e-02
  2.07369011e-02  1.70023758e-02 -1.18051870e-02 -1.27234757e-01
  7.03209487e-04  3.05078607e-02 -2.13947669e-02 -5.54864854e-02
  1.73481703e-02  1.88277580e-03  9.50814784e-03 -6.16415031e-03
  3.89788374e-02  4.38232981e-02  1.10720964e-02  5.57603501e-02
 -6.56252056e-02 -2.49277335e-02  2.18372289e-02  2.00491659e-02
  5.55305295e-02 -9.61546153e-02  5.21994978e-02 -1.93526433e-03
  4.69520912e-02  2.69800648e-02 -9.39211622e-03 -3.52905574e-03
 -2.55395044e-02  7.21711963e-02 -3.34535576e-02 -1.15689924e-02
  1.06953755e-02  9.34032723e-02 -1.02664329e-01 -1.57132614e-02
 -5.74647002e-02 -3.28466557e-02 -7.81900361e-02  3.17008793e-02
 -4.20807973e-02 -5.97733222e-02 -3.84226739e-02 -4.77016717e-03
 -1.60481241e-02 -1.19342104e-01  4.57606874e-02  4.63150814e-03
  5.05506657e-02 -7.55443424e-02  8.47181305e-02  1.42655996e-32
 -1.07527357e-02 -8.00782219e-02 -5.42636262e-03  1.71574224e-02
  2.27726018e-03  3.67307849e-02 -7.79527649e-02  6.29192367e-02
 -3.27841518e-03 -3.05090100e-02 -9.35366601e-02  1.86408237e-02
 -3.82173769e-02  3.34195681e-02  6.14795014e-02  1.38042113e-02
  4.09291964e-03 -8.19695517e-02 -9.37192515e-03 -2.48232596e-02
 -6.35834709e-02  4.47957665e-02  3.11194751e-02  1.20147103e-02
 -1.45255039e-02  1.39184713e-01 -4.59673181e-02 -1.03337444e-01
 -1.12716609e-03  4.88337316e-02  1.84501614e-02 -1.65921636e-02
 -3.95816937e-02  2.00546742e-03 -9.26197842e-02 -3.02768797e-02
 -4.51318845e-02  1.57646462e-02 -3.37118134e-02  1.03661036e-02
  4.56684120e-02 -8.76686256e-03  1.40911955e-02  9.66472737e-03
  4.23287367e-03 -7.33162314e-02  3.67246456e-02  3.76401283e-02
  6.91839084e-02  6.25124872e-02  1.36295494e-04 -9.62138847e-02
  1.11498982e-02 -1.47538841e-01 -8.32625199e-03  3.45557146e-02
 -1.38361856e-01  4.49492149e-02 -1.31848669e-02 -4.18279469e-02
 -1.12523064e-02 -8.17208178e-03 -3.26162167e-02 -2.95786187e-03
 -8.03023651e-02  5.52452244e-02 -1.55761903e-02  2.70084180e-02
  9.71765444e-02  4.15975377e-02 -7.59371892e-02 -4.49483842e-02
  2.48134248e-02  2.65948176e-02  3.72734293e-02  3.36217396e-02
  4.34504896e-02  8.22145492e-03 -5.09371907e-02  8.05073678e-02
 -9.65342596e-02  6.03244714e-02  2.64921021e-02  1.03206933e-02
  8.35559070e-02  9.44110453e-02  2.15090457e-02  4.97243181e-02
  1.33709619e-02  7.34451711e-02  1.41062420e-02  6.46091104e-02
 -1.15401288e-02 -1.69883613e-02  1.07325666e-01 -1.46379654e-32
  6.54470772e-02 -4.34592851e-02 -1.61137804e-02  1.40644545e-02
  7.69592123e-03 -2.29768027e-02 -6.68349639e-02  3.94358523e-02
 -2.91877892e-02 -1.25519246e-01 -5.10856360e-02 -5.26007749e-02
  6.24040142e-02 -4.84981351e-02 -1.54195745e-02  3.30562238e-03
 -2.43054759e-02 -3.72268409e-02 -7.49477670e-02  2.45884433e-02
 -5.09434659e-03  1.66894291e-02  8.00731778e-02 -4.95454073e-02
  2.76396368e-02 -3.51671800e-02  5.28156990e-04  1.96142718e-02
 -5.40963672e-02  5.73193247e-04  5.10190241e-02  8.11915025e-02
 -7.66392983e-03  9.75667760e-02 -3.75190973e-02  3.03998347e-02
 -7.21113477e-03  3.11425626e-02 -9.06205699e-02  8.81553367e-02
  7.83783663e-03  2.18128730e-02 -1.04634566e-02 -3.26700248e-02
 -1.37036964e-02 -4.29159217e-03 -3.18859294e-02 -4.39070314e-02
  5.47954813e-02  3.13098077e-03  8.81216452e-02 -5.29156141e-02
 -5.99860325e-02  1.47544704e-02  5.92147745e-02  1.00966159e-03
  5.26421517e-02 -4.58045155e-02 -7.35330060e-02  2.45077517e-02
  4.70885672e-02  5.95993213e-02  2.32960694e-02 -1.12404235e-01
  9.40210465e-03 -2.48946808e-02 -5.06536923e-02  6.33620620e-02
 -1.86865237e-02  1.59869306e-02  1.12655908e-01 -6.98126256e-02
 -1.05222002e-01  1.15262736e-02 -8.65600910e-03 -3.31720226e-02
 -4.91485372e-02  1.57310981e-02 -3.80979963e-02  2.14434210e-02
 -8.79924744e-02 -7.24381302e-03 -4.19231243e-02  8.31643790e-02
 -3.55350971e-02  7.72172138e-02 -5.69257215e-02 -4.95738238e-02
  2.49815919e-02  6.65668994e-02  4.86200973e-02  5.79734109e-02
  5.20129912e-02  3.82220447e-02 -9.73097011e-02 -6.53515642e-08
  6.09807819e-02  1.98999085e-02  8.26245695e-02  2.19443534e-02
  1.63381658e-02 -1.01879872e-02  3.07433624e-02 -1.69105898e-03
 -2.51791743e-03 -1.93665195e-02  8.13616067e-02 -2.39049010e-02
 -8.17524549e-03  2.71455348e-02 -6.98277950e-02 -1.60085354e-02
 -1.49201723e-02  5.53314127e-02 -4.37544025e-02 -2.16947906e-02
 -2.09243745e-02 -6.57786950e-02 -1.00004189e-01 -7.73920678e-03
  2.29895506e-02 -5.17412834e-02 -1.05682844e-02 -7.55702332e-02
 -1.60798728e-02 -3.43407579e-02 -2.81972494e-02 -1.80889424e-02
  7.80669898e-02 -5.07541560e-02 -2.12426204e-02 -2.79196650e-02
  8.51465017e-02 -1.32879410e-02 -1.50867149e-01 -2.46506035e-02
  1.60930067e-01 -2.17598844e-02 -1.62889734e-02 -6.97940141e-02
  2.45294869e-02  2.84903706e-03 -3.32074496e-03  1.18834367e-02
  3.38510573e-02  3.87882106e-02 -2.10369732e-02  5.65786287e-02
 -6.40736846e-03  5.99590689e-02 -3.38936783e-02 -1.51542285e-02
  3.80812623e-02 -3.06235254e-02 -1.25686619e-02 -2.47249119e-02
  5.04123308e-02  3.94111127e-02  2.99855731e-02 -3.87380794e-02]