[-4.53140624e-02  5.34108467e-02 -5.85449822e-02 -8.12262669e-02
 -4.30570804e-02  1.56957831e-03  2.51122303e-02  5.33738136e-02
  5.83354710e-03  8.71123299e-02  7.64897168e-02  1.86631959e-02
 -5.00736348e-02  1.63973477e-02 -2.03221943e-02  6.93352222e-02
 -5.50872907e-02  1.80651154e-02 -5.19457199e-02  6.81866333e-02
  8.11480880e-02 -2.37543806e-02 -4.71661873e-02  1.12793900e-01
 -9.10202414e-02  3.92841175e-03 -9.01467912e-03  8.00998732e-02
 -1.08184442e-01 -1.31071955e-02 -1.59738883e-02  1.05195366e-01
  3.32987271e-02  5.87703020e-04  7.43980333e-02 -4.81638834e-02
  2.79152417e-03 -3.43703888e-02 -5.06349541e-02  4.61099669e-02
 -5.63800931e-02  2.35987976e-02 -5.32401763e-02 -3.47486064e-02
 -4.36111763e-02 -3.92936952e-02  5.35165705e-02  3.05361468e-02
  7.11401701e-02  2.50086039e-02 -1.25025496e-01  2.26774216e-02
 -5.71951969e-03 -6.48630932e-02 -3.61800231e-02 -4.52189334e-02
 -5.18557010e-03  9.26591922e-03  7.90221209e-04 -7.06828758e-02
 -1.85152907e-02  2.89929705e-03 -5.18228263e-02  6.24030419e-02
 -2.82893851e-02  6.54329592e-03  2.30016261e-02 -8.05551931e-02
 -2.48169824e-02  5.09696305e-02  1.66175757e-02 -8.92689452e-02
  6.20286949e-02  7.60580972e-03 -1.02084450e-01  6.16907515e-02
  6.89785033e-02 -5.27401380e-02 -6.88561946e-02 -1.17502995e-01
  2.22067200e-02 -3.82518694e-02 -2.87853727e-05 -7.68571496e-02
  2.98432019e-02  4.08287160e-03  3.02197691e-03  2.33086199e-02
  6.00861944e-02  5.26761264e-02 -2.90237404e-02 -1.53956078e-02
 -2.23094281e-02 -7.17821717e-02  8.85971263e-02  1.87535640e-02
  5.49136922e-02 -1.25015117e-02  1.56637449e-02 -2.12560538e-02
  6.00325502e-02 -2.82475096e-03  3.76407383e-03  7.90255144e-02
 -1.28726782e-02  7.80152529e-02  1.98751818e-02 -7.43489563e-02
  2.00229008e-02  2.46971920e-02 -8.46490115e-02  1.75141152e-02
 -2.37813704e-02 -3.10477093e-02 -4.60447520e-02 -5.18366061e-02
 -3.10546402e-02  1.82294715e-02 -5.06368577e-02  5.28010949e-02
  2.53515970e-02 -5.64181320e-02  3.13800238e-02  2.64055590e-04
  7.25403354e-02 -2.69685928e-02 -2.00703032e-02  1.17201680e-32
  3.27107385e-02  8.27437267e-03 -4.25051972e-02  7.03996513e-03
  8.19298178e-02 -1.18113654e-02 -8.44797641e-02  4.56696609e-03
  4.97051775e-02  5.29884025e-02 -1.24276951e-01  4.13334742e-02
 -3.04947365e-02  1.61296758e-03  7.60885701e-02  2.10882276e-02
  3.64493905e-03 -1.20681934e-01 -6.54257461e-02 -4.24534753e-02
 -4.69836891e-02  2.77443361e-02 -7.29505764e-03  1.09414933e-02
 -1.55336056e-02  8.21066499e-02 -3.00088450e-02 -2.06700675e-02
 -8.09773356e-02  6.59153387e-02  1.95274444e-03  3.22242850e-03
 -6.26946092e-02 -5.65988123e-02  4.20266949e-02 -4.46655303e-02
  9.96757019e-03 -2.81660296e-02  2.30079163e-02  3.57579812e-02
 -2.96618957e-02 -1.59045181e-03 -4.12676483e-02  4.14081141e-02
 -1.55365653e-02 -6.92619830e-02  1.52450567e-02  4.19069976e-02
  1.28736392e-01  4.85949703e-02 -1.89463850e-02 -4.45945412e-02
  4.60926909e-03 -1.44686699e-01  3.45406559e-04 -1.26678040e-02
 -8.18828791e-02  2.79590096e-02  3.36511955e-02 -8.62800796e-03
 -6.40327437e-03 -3.80936195e-03  2.07763305e-03 -5.55563718e-02
 -4.93757650e-02 -1.86135564e-02  2.10735351e-02  6.00413568e-02
  9.68133584e-02  7.24010961e-03 -7.41643831e-02  5.64440805e-03
 -7.46502075e-03  1.04989773e-02 -9.65625327e-03  2.98923682e-02
  6.41432181e-02 -5.72995432e-02 -4.61382009e-02  7.27031827e-02
  2.86807911e-03  4.81223082e-03  2.11683959e-02 -2.01323815e-03
  2.16487255e-02  2.47665886e-02  1.75076090e-02 -1.06045175e-02
  1.12074083e-02  4.58831191e-02 -7.55030736e-02  3.76966745e-02
  2.31065471e-02 -6.95452392e-02  6.78641349e-02 -1.40731638e-32
 -2.38884222e-02  3.51578221e-02 -6.91337958e-02  1.72122158e-02
 -3.64941806e-02 -3.31165567e-02 -4.08539064e-02 -1.07919136e-02
 -1.85351335e-02 -1.55192390e-01 -9.18556899e-02 -5.21949679e-02
  5.69840707e-02 -5.93099892e-02  4.10473272e-02  5.99707710e-03
 -5.49586862e-02 -7.67319873e-02 -3.34323049e-02  9.19288956e-03
  6.62670508e-02  2.58649550e-02 -1.94982756e-02 -3.55383381e-02
  3.16320062e-02 -3.07818875e-02 -7.06067635e-03  1.29031129e-02
 -2.55945418e-03  6.04879484e-02  6.34039566e-02  1.77429505e-02
  5.17857186e-02  1.01770967e-01  7.00598210e-03  9.86042842e-02
  9.42780823e-02 -1.83035489e-02 -4.73503210e-02  3.89844030e-02
  5.39935865e-02  3.83793041e-02  6.22797050e-02 -7.82383755e-02
 -2.99404543e-02 -2.55628563e-02 -3.82870808e-02 -4.12391536e-02
  3.44919376e-02 -8.01926032e-02  5.50540052e-02 -1.46025326e-02
 -2.17358954e-02 -6.65986957e-03  1.09328501e-01 -1.01214856e-01
  1.77859853e-03 -1.29923761e-01 -8.49253163e-02  1.76686905e-02
  4.16782312e-02 -1.03038382e-02 -4.20198701e-02 -2.11821590e-02
  5.40723279e-03 -4.03226679e-03  1.85224190e-02  1.09623233e-02
 -5.21746799e-02  2.36268789e-02  4.09852751e-02 -4.51748744e-02
 -8.08531940e-02  1.14748031e-02 -6.39152899e-02 -3.41345780e-02
 -3.48710716e-02  5.57737313e-02 -9.47872922e-03  2.54945494e-02
 -3.42802294e-02 -5.27265072e-02 -2.24244432e-03  4.46806327e-02
 -1.84757672e-02  9.81024802e-02 -5.57818972e-02  2.23107412e-02
 -1.82795096e-02 -3.32883745e-02  7.59681463e-02  5.90233481e-04
  7.48548806e-02  2.60332655e-02 -4.05820906e-02 -5.98550542e-08
  4.51446883e-02  1.02054561e-02  8.41021389e-02  1.54101411e-02
  3.11945379e-02 -2.43588351e-02  2.87941881e-02 -4.57021520e-02
  3.07019055e-03 -1.12422481e-02  7.51181915e-02 -5.11715328e-03
 -5.50740305e-03  4.72475290e-02 -1.20852608e-02  2.36508213e-02
 -3.01409326e-02  2.43481025e-02 -1.74799399e-03 -1.51840067e-02
 -1.02661224e-02 -2.07964573e-02 -8.53586197e-02 -2.84425281e-02
 -4.79747262e-03  3.94598320e-02 -8.37062001e-02 -9.52867791e-02
 -2.04536063e-03  6.70419261e-02 -8.92279595e-02 -2.82634925e-02
  3.76494378e-02 -9.79780927e-02 -5.07278927e-02 -7.93302283e-02
  6.45295084e-02  2.61814389e-02 -5.46669401e-02 -4.36042286e-02
  1.21685639e-01  4.68215495e-02  2.41160467e-02  2.39092465e-02
  5.11834882e-02  5.30361605e-04  4.18375842e-02 -3.53987664e-02
 -3.64552103e-02  2.60416716e-02  9.98999551e-02  2.76295003e-02
  5.65026514e-02  1.02046929e-01 -5.83884679e-02 -1.61365028e-02
  3.03009227e-02 -3.28212371e-03 -2.35807244e-03 -9.87422690e-02
  6.30903319e-02  6.93564862e-02 -7.42723718e-02 -6.68229014e-02]