[ 1.41775962e-02  4.14450839e-02 -1.91117227e-02 -7.38741783e-03
 -1.99199244e-02 -4.96251248e-02  1.59369130e-02  2.78143007e-02
  1.44159067e-02  4.16850969e-02  9.64206606e-02 -4.83497083e-02
 -2.94162519e-02 -1.66062340e-02  2.24760361e-03 -3.52881327e-02
 -1.45527702e-02 -2.44858325e-03  3.52948420e-02  1.13555439e-01
  7.55865797e-02 -7.58446977e-02 -1.25700980e-01  6.96996450e-02
 -1.04762599e-01  3.32911275e-02  2.35054847e-02  3.63889970e-02
 -6.07559718e-02 -3.46507914e-02  1.27628567e-02 -4.02074103e-04
  1.11980900e-01  2.70912629e-02 -1.22926086e-02 -4.72002141e-02
  8.02207589e-02 -7.98341632e-02 -2.72726715e-02  9.81331840e-02
 -2.68433262e-02  1.42561886e-02 -7.16386735e-02 -1.61526222e-02
 -1.28692174e-02 -7.35347122e-02  8.00806805e-02  3.76792885e-02
  1.06038302e-02 -5.54594621e-02 -4.83182743e-02  4.58986014e-02
 -6.00658320e-02 -1.48869352e-02 -3.88269909e-02 -4.80955653e-02
 -6.58917800e-03 -2.92522018e-03  6.63579777e-02 -3.63579416e-03
  5.51813701e-03 -1.28802778e-02 -2.78783422e-02  2.79505774e-02
  2.04356108e-02 -3.03847510e-02 -4.76144627e-02  1.57216117e-02
 -1.19252075e-02  6.73193932e-02  9.43014547e-02 -6.15335070e-02
  1.11689046e-02 -1.00297015e-02 -6.40773773e-02  8.95908102e-02
 -1.30548403e-02  2.69782376e-02 -1.15518617e-02 -3.12172640e-02
  3.63189317e-02 -3.24977227e-02 -1.90861933e-02 -7.00697750e-02
  1.90065580e-03  9.97489225e-03  3.74820568e-02 -2.85810102e-02
  4.58140112e-02 -1.65279116e-02  1.26547785e-02  1.13103226e-01
 -9.66387242e-02 -2.49144416e-02  5.69218732e-02 -2.05403306e-02
  3.62303741e-02 -1.38159404e-02  7.29435263e-03  3.14620323e-03
  1.04117185e-01  8.10781792e-02 -3.43972668e-02 -1.46059962e-02
 -2.67381445e-02  7.80767435e-03  1.36765651e-02 -4.67816852e-02
 -6.12484524e-03  1.33527040e-01 -9.92312506e-02 -6.75787106e-02
 -1.26625299e-01 -3.26805152e-02 -6.39948323e-02  6.19572867e-03
 -5.26341610e-03 -3.34640816e-02  1.27674490e-02 -4.78736833e-02
 -2.82802396e-02 -5.44560216e-02  3.40732820e-02  7.22168712e-03
  5.38886636e-02 -5.53011745e-02  1.48110632e-02  1.12642099e-32
 -5.55071719e-02 -4.41714190e-02 -6.97390363e-02  1.23911537e-02
  5.61592616e-02  7.33852535e-02 -4.79449742e-02 -5.32885790e-02
  2.98914756e-03  2.89016496e-02 -6.83989376e-02  8.44886824e-02
 -5.74401915e-02  2.17237528e-02  9.79834422e-02  7.16467500e-02
  5.47484457e-02 -6.99987337e-02 -1.78282112e-02 -3.40473689e-02
 -6.42792974e-03  8.66838451e-03 -1.50111439e-02 -1.35136051e-02
  3.34306248e-02  8.65621343e-02 -5.38102277e-02 -8.53323489e-02
 -4.07387167e-02  2.84284540e-02  5.40149922e-04  1.91362889e-03
  5.18512875e-02 -1.20880932e-03 -1.73030272e-02 -9.78688709e-03
  3.70751545e-02  1.46991843e-02 -7.44166225e-02 -3.49767841e-02
 -1.50471076e-03 -1.10161463e-02  4.46790382e-02  5.30724972e-02
  5.54588099e-04 -1.85563099e-02 -1.68862399e-02 -3.16781737e-02
  9.90240872e-02  1.00560980e-02 -1.65672172e-02 -6.27774373e-02
 -5.41746542e-02 -1.04676494e-02  1.82083773e-03 -3.41876075e-02
 -1.31319940e-01  2.94500552e-02  2.42417082e-02 -3.77306268e-02
 -1.54259084e-02 -1.78982876e-02  1.29209990e-02  3.60628739e-02
  4.00916021e-03 -4.50709239e-02 -1.70707405e-02  1.07570447e-01
  1.23745047e-01  3.55100334e-02 -6.46205992e-02 -1.31512992e-02
 -2.59366911e-02  1.90880080e-03 -1.53232655e-02 -6.76126685e-03
 -8.07804521e-03  4.39846888e-02 -6.30055666e-02  9.52539891e-02
  5.14692918e-04 -3.99901159e-02  3.43369432e-02 -1.05324509e-02
  6.27340078e-02  4.87693259e-03  5.20969592e-02  8.14963207e-02
 -2.28559114e-02  1.02697358e-01 -7.93798547e-03  1.19925082e-01
  5.60783818e-02  2.09009610e-02  3.68814394e-02 -1.29171886e-32
 -1.27561213e-02 -2.76258066e-02  1.26313847e-02 -1.18800038e-02
 -3.70818898e-02  1.10916048e-02 -6.89538717e-02 -4.22339998e-02
 -5.37483627e-03 -1.19429886e-01 -1.21507652e-01 -1.21997327e-01
  1.06676713e-01 -1.10986643e-02 -5.16941920e-02  3.88557352e-02
 -4.99924086e-02 -6.75147548e-02 -9.43819433e-02 -2.42947545e-02
 -4.98817675e-02  4.88354154e-02  4.91598733e-02  2.09620949e-02
  5.20322938e-03 -4.24587019e-02  7.13096187e-02 -3.91315036e-02
 -1.01769224e-01 -3.19137704e-03  3.74918841e-02  5.33788688e-02
  3.54234762e-02  1.38797760e-01 -2.31309142e-02  8.56888369e-02
  7.38537684e-02  5.03684282e-02  1.41995577e-02  9.12711546e-02
  2.67333798e-02  8.00284371e-02 -1.40757943e-02 -8.44180956e-02
 -3.74009125e-02  3.58933732e-02  4.77623381e-03 -7.39342794e-02
 -7.16374256e-03 -1.49712246e-02  8.74682590e-02 -5.40226586e-02
 -7.34866187e-02  5.24042780e-03  6.82590082e-02 -5.18023744e-02
 -3.00852992e-02 -2.18077078e-02 -1.15054660e-01 -1.65023899e-03
  4.32116836e-02  3.23466328e-03 -1.07222572e-01 -5.70979454e-02
  6.12096861e-02 -3.61396484e-02 -2.64963992e-02  2.19168654e-03
  2.50359699e-02  3.00253872e-02  6.48687631e-02 -5.71743548e-02
 -1.06047742e-01  3.57695185e-02  4.99438159e-02  5.46270050e-03
 -4.46918011e-02  7.49980584e-02 -2.70593073e-02 -3.73333390e-03
 -5.40190935e-02 -1.03608444e-02 -4.06606123e-02 -5.09034796e-03
 -2.07500532e-02  6.81512281e-02  4.70291032e-03 -4.35458459e-02
 -1.43007608e-02  3.58062126e-02  2.88890339e-02  4.66166772e-02
 -1.16384159e-04 -1.77945904e-02 -5.61696365e-02 -5.77430086e-08
  3.41412276e-02  1.25194073e-03  4.10632454e-02  4.26857583e-02
  4.05304246e-02 -3.81328873e-02  2.94125117e-02 -3.79722342e-02
  1.93929430e-02  5.79823144e-02  1.02476766e-02 -2.68373247e-02
 -4.18998450e-02  1.13706151e-02 -2.46964805e-02 -3.73636484e-02
  1.67044258e-04  7.56188063e-03 -3.71402525e-03 -4.41535227e-02
  1.83473378e-02 -2.04082392e-02 -7.09323287e-02  2.86548561e-03
  4.05878685e-02 -2.98535936e-02 -2.71199588e-02 -2.80710813e-02
 -3.14543806e-02  3.94100137e-02 -2.61279345e-02 -6.91520646e-02
 -6.76205195e-03 -7.39297196e-02 -1.86598729e-02 -1.38188042e-02
  1.03897452e-01 -2.69794259e-02 -5.29245660e-02 -3.81438397e-02
  1.18831679e-01 -2.99397167e-02 -2.87859410e-04 -7.08590820e-02
 -4.55724038e-02  1.34163676e-02  2.85124369e-02 -1.87355487e-04
  2.96474267e-02  2.97090411e-02 -5.41210584e-02  2.76790056e-02
  9.82989967e-02  3.50260139e-02 -3.78831625e-02 -4.96751517e-02
  2.44833864e-02  8.64009559e-02  4.16505858e-02 -3.70149314e-02
  7.52950683e-02  4.48508300e-02 -7.02011734e-02 -4.84469905e-03]