[-1.31844208e-02  1.32726813e-02 -7.74687678e-02 -3.57335955e-02
 -6.04806244e-02  1.85647067e-02  4.13693953e-03  1.40432090e-01
 -2.66907085e-02  3.10562663e-02  5.47143742e-02 -1.19279176e-02
 -1.39684556e-02  2.95685325e-02 -7.53941527e-03  7.59830046e-03
 -2.35976931e-02 -4.18617874e-02 -4.91872430e-02  8.20559934e-02
  1.02057457e-01 -5.93902245e-02 -3.90787832e-02  9.69697982e-02
 -6.27403781e-02  2.49412056e-04  2.15119179e-02  3.35164107e-02
 -4.47240211e-02 -5.21284621e-03  7.15829572e-03  1.38696015e-01
  1.22929327e-01 -6.46587685e-02  1.39156412e-02 -8.49278271e-02
  2.08016648e-03 -4.22989354e-02 -6.10178001e-02  8.33802018e-03
 -3.68284918e-02 -6.67975321e-02 -1.13464467e-01 -7.88562838e-03
  3.17153074e-02 -4.71845269e-02  8.56908187e-02  7.98075050e-02
  3.66946198e-02  3.56054939e-02 -6.27020597e-02 -3.55160572e-02
  1.19060269e-02 -3.71131040e-02 -1.93464383e-03 -4.22257967e-02
 -6.96017742e-02  4.73177177e-04  5.28719649e-02  2.29564123e-02
  2.60512158e-02  1.73142422e-02 -7.69143626e-02  1.00990236e-02
 -3.78348492e-02 -3.64820398e-02 -3.47586535e-03 -1.01868078e-01
 -6.62524179e-02  6.67575328e-03  1.25462100e-01 -9.51114669e-02
 -1.14818104e-02  1.91430619e-03 -4.90801111e-02  8.02758709e-02
  6.88535795e-02  1.79335214e-02 -2.98804807e-04 -9.39956233e-02
 -2.28374498e-03 -1.03049390e-01 -5.51450364e-02 -4.56562787e-02
  7.44645670e-03 -3.09152473e-02  6.12731278e-02  3.07592209e-02
  3.00730299e-02  4.18590270e-02 -1.85704194e-02  6.17067777e-02
 -2.32202392e-02 -6.17455095e-02  2.44997852e-02  3.94901931e-02
  1.28104705e-02 -3.75402793e-02  9.08186957e-02  1.38236126e-02
  4.89495322e-02  3.90303135e-02 -1.97840519e-02 -1.00671016e-02
 -9.40387025e-02  6.32357895e-02  5.91799393e-02  3.54382619e-02
 -6.82480168e-03  8.77943039e-02 -9.75065008e-02 -5.74100669e-03
 -2.88557224e-02 -3.51568125e-02 -1.29583582e-01 -4.15815832e-03
 -6.63382933e-02  3.11196670e-02  7.61435702e-02  4.89162803e-02
  1.60965454e-02 -8.73025507e-02  6.46114349e-02 -3.07538081e-02
  5.70464544e-02 -3.16581279e-02  3.62376757e-02  1.25845031e-32
 -9.17327106e-02 -1.90955419e-02 -6.34706691e-02  3.27052772e-02
 -5.06908819e-02  2.92151868e-02 -3.13965902e-02 -6.31733239e-03
  2.04138618e-04 -3.14431079e-02 -1.07815541e-01  6.90917820e-02
 -3.74449603e-02 -1.91428456e-02  8.86318907e-02  4.68420945e-02
  1.85855031e-02 -3.70692611e-02 -2.34136768e-02 -1.91440694e-02
 -5.06059416e-02  3.79210189e-02  2.97102183e-02  1.22229066e-02
  7.66657665e-02  1.08244799e-01  2.28831340e-02 -4.18456383e-02
 -7.15201497e-02  4.21672501e-02 -1.64992956e-03 -5.75872557e-03
 -2.56964695e-02 -2.36484893e-02 -9.82276127e-02  3.70480083e-02
 -1.59835927e-02 -4.99864295e-02 -6.26246482e-02  4.26123105e-02
 -2.68301964e-02 -1.94422379e-02 -9.93157551e-03  2.74867751e-02
 -1.30613046e-02  4.08731736e-02  4.43149284e-02 -1.12707317e-02
  4.69229370e-02  5.45335189e-02 -7.24834204e-02 -5.71727147e-03
 -4.11314182e-02 -1.14800334e-02 -2.93450151e-02  1.19587276e-02
 -1.44197959e-02 -1.63630135e-02 -7.86114782e-02 -3.68524827e-02
 -4.45730425e-02  4.51440327e-02  6.44314848e-03  9.53056500e-04
 -1.22118592e-02  2.34196782e-02 -5.24147693e-03 -2.17650197e-02
  2.93472577e-02  6.91232830e-02 -3.19971777e-02 -6.96865618e-02
 -9.57981031e-03  7.34870555e-03 -2.43126806e-02 -3.09259561e-03
  6.36743158e-02  4.58159745e-02 -2.44584829e-02  4.02404144e-02
 -4.70439196e-02  6.83987364e-02  1.66630968e-02  8.67272634e-03
  1.02629691e-01 -1.81881781e-03  1.26020634e-03  7.63805807e-02
 -1.24362754e-02  3.14719379e-02  2.09519379e-02  1.42555637e-02
  2.49776877e-02  4.43689106e-03  3.39638740e-02 -1.45186762e-32
 -6.09554239e-02  2.34020930e-02  6.16052821e-02  5.72625436e-02
  5.07231615e-03  1.07741496e-02  2.87588057e-03 -8.17312673e-03
 -7.99956825e-03 -1.13685913e-01 -2.87183654e-02 -4.15009782e-02
  8.88572857e-02 -3.32565568e-02 -2.83896569e-02  5.15941717e-02
  1.52553404e-02 -7.59379193e-02 -5.10334484e-02 -7.25259110e-02
  6.79423138e-02  9.95309055e-02  3.72308716e-02  3.23127657e-02
 -1.55423125e-02 -8.20433870e-02  1.72390267e-02 -1.03097893e-02
 -5.39653003e-02  1.87529046e-02  3.27591226e-02 -1.35462442e-02
  2.27685757e-02  1.26449391e-01 -9.28671937e-03  3.49738561e-02
  2.82927528e-02  5.74605279e-02 -8.81427899e-03  7.42855668e-02
  2.34414525e-02 -3.90332378e-03  2.90742908e-02 -9.27859694e-02
 -2.30911113e-02 -1.13671891e-01  1.21315382e-02 -1.50452226e-01
  9.18309167e-02 -4.40471992e-02  1.21933877e-01 -2.79817879e-02
 -4.57463190e-02 -1.36343194e-02 -7.54311401e-03 -3.96713391e-02
  1.02460226e-02 -6.72309473e-02 -4.12695594e-02  1.08267870e-02
  1.49536818e-01  7.63122290e-02 -1.27742542e-02 -2.18635146e-03
 -5.70773743e-02 -5.59440553e-02 -1.94982123e-02 -4.46813926e-02
  7.92506151e-03  1.63213983e-02  2.62946449e-02 -4.44089957e-02
 -1.63498390e-02  8.87945443e-02 -7.35259876e-02 -1.50083676e-02
 -8.34522694e-02  2.10457183e-02  8.94273743e-02 -4.39588027e-03
 -3.13642323e-02  1.07163889e-02 -4.92403144e-03  2.49036700e-02
 -1.04844728e-02  1.68197528e-02 -2.08605807e-02  3.01338290e-03
  4.10303995e-02  6.70673745e-03  2.28740517e-02  1.71298441e-02
  1.58991646e-02 -7.49964733e-03 -1.24505185e-01 -6.64400304e-08
  7.00397789e-02 -6.84867054e-02  2.34936047e-02  4.58546123e-03
  5.88359870e-03 -1.33308908e-02 -4.93689254e-02 -7.73970038e-02
 -5.85239707e-03  6.54148385e-02  8.24560598e-02 -4.49391119e-02
 -5.21117002e-02  3.83951776e-02 -1.32296830e-02 -2.64012348e-02
  6.56726863e-03  8.34870860e-02 -3.90384048e-02 -4.12851833e-02
  3.47951390e-02  1.78430080e-02 -5.72460629e-02  1.08208945e-02
  2.22614054e-02 -8.71855542e-02 -6.39899075e-02  2.22996622e-02
 -1.88192893e-02  9.53556132e-03 -1.00095280e-01 -2.13350682e-03
 -6.35594269e-03 -8.34149793e-02 -2.08503306e-02 -1.73093025e-02
  4.72033620e-02  6.70557991e-02 -2.41131317e-02  6.56003058e-02
  8.69795457e-02 -9.10366550e-02 -4.86878194e-02 -1.77082140e-02
  1.64859518e-02 -3.88120525e-02 -2.21304242e-02 -2.92394888e-02
 -4.05613370e-02 -1.04234843e-02  4.80652340e-02  3.08809597e-02
 -2.06757504e-02  3.18063758e-02 -5.60517572e-02 -1.02132279e-02
 -5.16847968e-02  3.26493047e-02 -6.12830706e-02 -5.27778119e-02
 -1.22695891e-02 -4.33328860e-02 -9.82783968e-04 -2.82628424e-02]