[-3.51194628e-02  9.35129225e-02 -1.02722093e-01 -6.93427101e-02
 -4.41528782e-02  2.98605859e-02 -9.30351298e-03  1.31660432e-01
 -3.85018960e-02  5.92070296e-02 -2.88362503e-02 -3.35309803e-02
 -3.16163115e-02  2.62019541e-02 -1.37302391e-02 -6.62067905e-02
 -3.93764079e-02  5.27611487e-02  8.42400268e-03  3.22207659e-02
  7.52463639e-02 -2.18900051e-02 -8.19203556e-02  1.25600934e-01
 -1.05877221e-01  3.87074910e-02 -2.08334047e-02  9.80034545e-02
 -4.73856032e-02 -1.18250377e-01 -4.56728451e-02  3.21983472e-02
  5.68392426e-02  1.24012241e-02 -2.37331875e-02 -6.73612133e-02
 -3.84737104e-02  8.10632762e-03 -1.76866651e-02  2.43057460e-02
 -7.47409761e-02 -2.27801353e-02 -1.22800820e-01 -2.50482652e-02
 -2.25905310e-02 -6.66138977e-02  1.03568561e-01  2.34409757e-02
 -3.05131008e-03 -5.13442568e-02 -8.92409459e-02  4.22241502e-02
  5.79742379e-02 -6.32978603e-02 -4.85657975e-02 -2.26803441e-02
  3.11966264e-03 -6.37422130e-02  3.62720005e-02 -4.35766578e-02
  9.00021940e-02 -7.81452581e-02 -2.75459103e-02  1.97770894e-02
 -1.72835048e-02 -4.04759943e-02  1.74472146e-02 -6.54409751e-02
 -5.36360890e-02  2.16859281e-02  1.07270196e-01 -2.32607014e-02
 -2.93544028e-02 -2.24982966e-02 -2.00241674e-02  1.26257896e-01
  4.78776284e-02  4.21383455e-02 -4.08321060e-02 -2.31781248e-02
  5.58217466e-02 -4.40102071e-02 -3.47801186e-02 -3.14690806e-02
  2.06107274e-02 -5.22026941e-02 -1.60951319e-03  9.04225837e-03
  2.84523871e-02 -2.94017373e-03  2.35463423e-03  4.71751355e-02
 -1.60146318e-02 -5.01041636e-02  4.46051592e-03  1.84563491e-02
  6.73230365e-03 -9.12766084e-02  6.30208179e-02  3.27580608e-02
  5.15813977e-02 -3.14698815e-02 -3.77156883e-02  8.38191435e-03
  1.14013748e-02  5.91027588e-02  5.69674112e-02 -5.64258173e-03
  3.13803740e-02  4.90047112e-02 -8.40715021e-02 -4.31209318e-02
 -6.04400299e-02 -6.89699023e-04 -7.45322630e-02  8.09881931e-06
 -3.95940728e-02  6.64611757e-02 -2.47613452e-02  4.31645885e-02
  7.84186088e-03 -8.53649452e-02 -1.20939212e-02 -3.06256823e-02
  1.16844356e-01 -4.00210693e-02 -4.78660222e-03  1.33634973e-32
  3.29669490e-02 -5.24358302e-02 -3.94697264e-02  2.24868804e-02
  2.94268914e-02  4.10391316e-02 -4.80482243e-02  1.15046566e-02
 -1.50890602e-03 -5.62520288e-02 -9.49783847e-02  2.24702209e-02
 -1.31243886e-02 -3.02063487e-02  6.89103007e-02  9.31238979e-02
 -2.86771115e-02 -7.77830854e-02 -6.31753057e-02 -2.40599103e-02
  3.38220899e-03  2.81814747e-02  2.88291518e-02  8.96097124e-02
 -1.84725178e-03  1.49110377e-01 -2.82963905e-02 -8.15623552e-02
 -7.56015927e-02  2.59252489e-02  1.13230729e-02 -5.89898936e-02
 -6.77320212e-02  5.55268079e-02  5.96054504e-03 -5.99782495e-03
 -2.10621320e-02  2.72040740e-02  2.73282616e-03  3.04535050e-02
  1.30688688e-02 -1.00687519e-02  1.64331868e-02 -3.85664701e-02
 -4.71558934e-03 -1.51512632e-02  3.08326143e-03  7.10115535e-03
  7.91388229e-02  6.10437542e-02 -9.88795515e-03 -9.10898820e-02
 -4.71239298e-04 -5.14864586e-02  3.11698243e-02  3.37085500e-02
 -5.10142744e-02  4.90526333e-02  2.78600883e-02  4.39650975e-02
 -3.17120366e-02 -2.83797570e-02 -2.54241675e-02  3.82268541e-02
 -4.30420600e-02  2.30987556e-02  8.57295003e-03  2.56096274e-02
  1.13935703e-02  4.18369882e-02 -5.10659851e-02 -2.19377615e-02
 -6.96676737e-03 -1.09204813e-03 -1.66611075e-02  4.28964198e-03
  1.70056894e-02  1.76875088e-02 -2.28630062e-02  5.19202016e-02
 -5.98323494e-02  3.23773846e-02 -4.00455296e-02 -1.23089449e-02
  4.29179706e-02  2.11486574e-02 -5.36493631e-03  4.44086269e-02
  6.32236823e-02  9.43219364e-02 -2.36181337e-02  1.97820868e-02
  2.62953583e-02 -3.66666093e-02  6.66855648e-02 -1.48127805e-32
 -4.07725619e-03 -2.03355644e-02  5.84193654e-02  6.16084337e-02
  1.81738881e-03  4.47982848e-02 -4.01407965e-02 -2.31428687e-02
 -5.12846857e-02 -1.38079450e-01 -6.19440600e-02 -1.25285983e-02
  9.68378857e-02 -1.37774264e-02 -3.13884504e-02  6.90694340e-03
 -3.10553685e-02 -9.69735309e-02 -4.16805744e-02 -4.21093889e-02
  5.01197688e-02  2.31231209e-02  4.19153869e-02 -5.95510863e-02
  1.91517342e-02 -6.01119809e-02 -1.32701453e-02  3.40097807e-02
 -5.93618378e-02  3.74603295e-03  3.03782634e-02  3.48658487e-02
  4.50074160e-03  1.16894953e-01 -3.64456289e-02  6.39850944e-02
  2.94273030e-02  2.54699588e-02 -1.06268823e-02  1.43879697e-01
 -3.67194265e-02  1.47007108e-02 -8.52560811e-03 -6.63256124e-02
 -1.96183771e-02 -9.24660172e-03 -1.54070258e-02 -9.18410569e-02
  4.43299115e-02 -4.80897464e-02  4.41918969e-02 -1.28896153e-02
 -1.19090773e-01  5.18810824e-02 -9.90052009e-04 -4.80809622e-03
 -2.81402213e-03  7.13380659e-03 -3.32321040e-02  5.24998009e-02
  1.02412172e-01  5.71035929e-02 -7.40361437e-02 -6.13878518e-02
 -2.26484202e-02 -2.69188583e-02 -5.30900899e-03 -1.15985759e-02
  2.09528506e-02  1.06690563e-02  8.32218304e-03 -5.03414534e-02
 -5.94946928e-03  5.20375669e-02 -2.77094096e-02  1.58784073e-02
 -1.10136226e-01  8.09353963e-02  2.64272057e-02 -5.88534679e-03
 -6.97985440e-02 -5.86902313e-02 -3.45395356e-02  6.25595152e-02
  3.46368030e-02  1.03142463e-01  5.94213605e-03 -4.01845649e-02
  3.83938365e-02 -2.37654746e-02  6.61940128e-02  6.28354102e-02
  5.88775761e-02  1.73398368e-02 -6.49404824e-02 -6.72112961e-08
  9.83966738e-02 -4.87753823e-02 -2.54771742e-03  2.82553378e-02
  1.37071293e-02 -3.96255702e-02  1.75281409e-02 -4.53288183e-02
  2.30629053e-02  7.12850168e-02  1.08762123e-01 -5.02405576e-02
  2.04211287e-02 -1.85174157e-03  3.24468850e-03  3.09119113e-02
 -2.72284225e-02  5.54237328e-02 -2.25646123e-02  2.75074299e-02
  1.00211157e-02 -6.14823885e-02 -9.85729694e-02  1.61536839e-02
  3.71609814e-02 -9.54088941e-02 -7.16257691e-02 -1.02874741e-01
 -5.31678600e-03 -2.98874043e-02 -4.41640839e-02 -1.17919641e-03
  9.50140879e-02 -8.49008486e-02  1.57372206e-02 -1.80453472e-02
  8.87350291e-02  2.65706927e-02 -3.29376683e-02 -5.70581760e-03
  1.24315888e-01 -5.22324117e-04 -8.42361152e-02 -6.43139184e-02
 -1.15357218e-02  8.53447523e-03 -1.25487875e-02 -2.69408897e-02
 -3.89444940e-02 -1.72431264e-02 -5.81273884e-02  7.20352679e-02
 -5.32584614e-04  1.03415921e-01 -1.13863749e-02  3.04599144e-02
  1.08186705e-02 -1.62811670e-02 -4.36555855e-02 -3.56018357e-02
  6.13342598e-02  2.51282249e-02 -3.66064906e-02 -8.22010413e-02]