[-3.45110260e-02  4.85032350e-02 -9.54684690e-02 -2.35744938e-02
 -9.83964205e-02  6.10973760e-02 -4.76705618e-02  1.10060945e-01
 -1.38134565e-02  3.69159393e-02  6.75669014e-02 -6.36210479e-03
 -4.59550507e-02  2.91621499e-02 -2.77203005e-02  3.99187468e-02
 -1.58143025e-02  2.70680413e-02  5.51140010e-02 -3.56334411e-02
  3.63222032e-04 -6.46341965e-02 -1.20659843e-01  1.23644127e-02
 -5.33941686e-02  7.51299933e-02 -1.65360570e-02  3.41612548e-02
 -4.77683693e-02 -1.86291113e-02 -5.16779944e-02  4.10083756e-02
  1.21991551e-02 -3.31657790e-02 -2.83004250e-02 -7.76617825e-02
 -6.09785058e-02 -3.77162695e-02 -5.85102476e-02  3.33748050e-02
 -5.51531352e-02 -7.36985495e-03 -1.11038700e-01 -3.16230804e-02
 -8.12236127e-03 -5.69313914e-02  2.38641202e-02  5.77554703e-02
 -3.62465973e-03 -4.77056429e-02 -3.42584364e-02  1.12248644e-01
 -2.46895198e-02  7.22464686e-03  2.37251073e-03 -1.06111713e-01
 -4.99435849e-02  1.54210450e-02  3.95082533e-02 -4.69573773e-03
 -5.16829006e-02  1.54774217e-02 -3.02214045e-02 -2.05902569e-02
 -3.20030749e-02 -8.00727978e-02 -1.35100950e-02 -2.65616961e-02
 -4.60379235e-02  4.69545238e-02 -7.22706551e-03 -5.36004789e-02
 -3.82912643e-02  1.10893715e-02 -6.65435418e-02  1.12715580e-01
  3.10853478e-02  5.80465756e-02 -9.86848865e-03 -1.10146537e-01
  6.31047040e-02 -8.52493383e-03 -2.07359120e-02 -4.92493920e-02
 -2.46089585e-02 -3.82682458e-02  8.14717934e-02  8.98456853e-03
  7.27212802e-02  3.75972278e-02  7.17189088e-02  3.82185914e-02
 -7.94110298e-02 -1.99763551e-02  6.52225241e-02  1.05398456e-02
  3.29659469e-02  2.36487035e-02  7.03225434e-02  3.68495937e-03
  5.18461876e-02 -2.15272568e-02 -5.91474846e-02 -2.61366572e-02
 -3.27485949e-02  3.67369577e-02  2.51849778e-02 -2.75846925e-02
  4.61474024e-02  1.25479847e-02 -1.15002185e-01 -1.58168841e-02
 -4.96879332e-02 -1.07299518e-02 -1.88922714e-02 -2.09839102e-02
 -8.74852762e-03 -1.44470083e-02 -5.92259318e-02  9.58741158e-02
  4.53696027e-02 -7.78578520e-02  7.98758119e-03  2.53839493e-02
  7.68339410e-02 -5.21555915e-02  8.56211931e-02  1.36917806e-32
  3.81947239e-03 -3.90501693e-02 -1.71719529e-02 -2.98375580e-02
  2.64459625e-02 -5.00233062e-02 -7.79906586e-02 -6.98114978e-03
 -1.94973033e-02  2.29715444e-02 -8.48743021e-02  2.95976419e-02
 -6.67515919e-02 -6.97333515e-02  8.78480449e-02  5.89054115e-02
 -9.09673702e-03 -6.86525553e-02 -1.12546247e-03 -7.62380064e-02
 -6.11423850e-02  1.53599279e-02  5.06971069e-02  2.93223076e-02
  2.21935604e-02  1.42431751e-01  1.80900767e-02 -7.07051530e-02
 -6.18433617e-02  3.74021009e-02  1.06667727e-01 -4.38343883e-02
 -9.54308584e-02  3.64078358e-02 -4.30352874e-02 -2.91295466e-03
 -2.06034947e-02 -4.64379378e-02 -4.15734276e-02  1.51203154e-02
  2.65405271e-02 -6.93875877e-03  7.66549036e-02 -1.24212122e-03
 -1.25269368e-02 -7.22477883e-02  3.04009169e-02 -1.66761931e-02
  1.26293972e-01  6.90219402e-02 -3.96773145e-02 -3.41358557e-02
 -1.74624547e-02 -3.14632542e-02  3.38460691e-02  3.79823260e-02
 -5.10711633e-02  1.54582663e-02  6.44847378e-03 -3.14663239e-02
 -3.57224457e-02 -2.94688717e-03  1.00860018e-02 -8.17306563e-02
 -7.80964047e-02  1.14767430e-02 -4.04367819e-02  3.47011983e-02
  4.18840460e-02 -3.16999294e-02 -8.32133647e-03 -5.50686195e-02
 -3.65024805e-02 -4.79222164e-02  3.59235220e-02  1.23905158e-02
  1.34047493e-01  6.63218349e-02 -5.93203753e-02  9.15116072e-02
 -7.46880472e-02  1.44207608e-02 -4.01804522e-02 -4.48947884e-02
  1.38353622e-02  5.52082015e-03 -5.69824269e-03  8.17661807e-02
  2.18353458e-02  7.49373734e-02 -6.24336302e-02  5.05085848e-02
 -4.78079580e-02  1.43569354e-02  8.94497111e-02 -1.51456099e-32
 -1.02397166e-02  5.66423405e-04  4.48303260e-02  2.03442406e-02
  4.63142060e-03  1.08752288e-02 -7.49173155e-03 -1.28365243e-02
 -5.72292767e-02 -8.67304206e-02 -5.69524989e-02 -2.49389838e-03
  6.03751726e-02  5.60633792e-03  7.59787532e-03  5.41814119e-02
  2.65533868e-02 -1.59416161e-02 -8.31513926e-02 -2.55750343e-02
 -1.65436678e-02  9.28710550e-02  1.24158151e-02 -4.51254426e-03
  5.50194550e-03 -4.15090322e-02  7.61264116e-02 -3.69490050e-02
 -7.00967312e-02  9.58374329e-03  1.23379029e-01  1.59705281e-02
 -3.88499553e-04  1.44996658e-01 -6.30222782e-02  1.16983214e-02
  1.02109492e-01  8.38702247e-02 -9.22714546e-02  5.63926399e-02
  5.37410639e-02  4.39173430e-02  5.16649373e-02 -3.13811414e-02
 -1.78588554e-02 -7.37106949e-02  1.94474813e-02 -6.02804311e-02
  4.93199416e-02 -2.98917782e-03  1.26222864e-01  1.52805047e-02
 -3.53764072e-02  9.27516352e-03  3.38153094e-02 -3.40835489e-02
 -3.50991711e-02 -3.32378224e-02 -8.77281204e-02  1.14616677e-02
  1.03593819e-01  6.49269251e-03 -3.12509276e-02 -1.15615606e-01
  3.06764711e-02  1.25420140e-03  8.43294151e-03  1.09353522e-02
 -1.63009800e-02 -2.48637293e-02  3.23899165e-02 -7.55130202e-02
 -5.37000597e-02  5.70772700e-02 -2.28900537e-02 -5.63733792e-03
 -3.20429094e-02  1.00265764e-01  1.05339917e-03  3.60461473e-02
 -9.26362574e-02 -2.31407955e-02 -4.18394990e-02  3.94775383e-02
 -3.36731300e-02  6.01197146e-02 -1.82753671e-02 -1.43800508e-02
  4.16175164e-02 -6.22497983e-02  5.80943376e-02  4.20244113e-02
  4.65308316e-02  7.78959645e-03 -4.79599610e-02 -6.28706047e-08
  2.65312567e-02 -1.50148617e-02  2.43325569e-02  1.26123831e-01
  1.45306066e-02 -3.80348004e-02  2.44542323e-02 -6.73881844e-02
 -4.08023670e-02  5.11783026e-02  3.18430103e-02  3.94081548e-02
  2.29474008e-02 -6.22395286e-03 -5.00420062e-03 -2.83124782e-02
 -4.48043682e-02  7.43979439e-02 -1.24457537e-03 -1.17715374e-02
  1.09352069e-02 -2.81065349e-02 -8.32230225e-02  2.82396730e-02
  5.44103719e-02 -5.09262979e-02 -4.30744849e-02 -9.07847807e-02
  2.68098107e-03  2.23737932e-03  3.49830277e-02  3.31190079e-02
 -1.01699559e-02 -7.13500157e-02  7.87702389e-04 -3.93939279e-02
  6.07193075e-02  1.58439483e-02 -4.86945286e-02  9.02258605e-03
  7.88098872e-02  2.41461024e-02 -3.03137172e-02 -4.07137536e-02
 -1.38287200e-03  1.21499054e-01 -2.69501824e-02 -7.77391469e-05
 -7.09260479e-02 -4.01555514e-03  7.26478267e-03  4.08554003e-02
  1.61224529e-02  5.11917621e-02  1.71601586e-03  1.09309023e-02
  7.65492544e-02 -3.41532901e-02  3.66884395e-02 -5.48229255e-02
  2.76738424e-02 -3.12120169e-02 -7.88894594e-02 -1.75849255e-02]