[-5.84219843e-02 -8.67021978e-02 -3.11290491e-02  5.58248311e-02
 -2.10523289e-02  4.73988615e-02  1.10039329e-02  3.88061292e-02
  1.46007109e-02 -3.23482826e-02  1.52939901e-01 -9.54770967e-02
 -1.13059849e-01  8.81056935e-02 -1.11786455e-01  5.39321415e-02
 -2.96547040e-02 -1.00918002e-02  7.79813677e-02  2.38360055e-02
 -1.86458249e-02 -1.59134418e-02 -2.54046097e-02  2.15207208e-02
 -1.41975181e-02 -1.48120839e-02  3.96265686e-02 -6.34443089e-02
 -7.46593773e-02 -3.18183899e-02 -7.00546382e-03 -5.04624769e-02
 -7.62340205e-04  3.25550442e-03  4.49941354e-03 -5.07608093e-02
 -1.69516960e-03 -6.32715970e-02  2.80012209e-02  5.44922687e-02
 -8.80629662e-03 -2.76915351e-04 -2.37138346e-02 -5.28401462e-04
  6.71348860e-03 -5.15310727e-02  7.00540170e-02 -4.38620150e-02
  3.91116180e-02 -6.74900971e-03 -7.12032914e-02 -8.46402906e-03
 -1.27519280e-01  1.37912435e-02 -6.05657175e-02 -2.88088582e-02
  7.48641193e-02  1.91937946e-02  3.57921328e-03  1.54773416e-02
  5.95348477e-02  4.25485708e-03 -2.27146894e-02  5.75486012e-03
  4.04119007e-02  9.73149855e-03 -9.52854659e-03 -9.07655619e-03
 -6.20200448e-02 -1.58256404e-02  2.73046009e-02 -8.99112001e-02
  9.22482163e-02 -1.74383093e-02 -1.46959918e-02  7.27780089e-02
 -2.30257493e-02 -2.97935419e-02 -2.80455314e-02 -8.46605655e-03
 -6.20591454e-03 -9.11037251e-02 -4.58620228e-02 -7.81478807e-02
  5.82579523e-02 -5.29895872e-02  5.54549657e-02 -6.69565424e-02
  1.44486567e-02 -9.94300563e-03 -5.56421094e-02  9.00291502e-02
 -3.78766470e-02  6.52661920e-02  3.31908241e-02  2.74597425e-02
  1.24468943e-02  7.68164992e-02  2.56973915e-02 -6.65137265e-03
  6.92932541e-03  2.02864353e-02 -5.72783314e-02  1.35337794e-02
 -5.56013472e-02 -2.91106142e-02  3.03458422e-02 -9.37839001e-02
  5.85287400e-02 -1.41168665e-02 -9.66778863e-03 -7.03793438e-03
 -3.11690494e-02  2.50766389e-02 -5.01353852e-02 -5.82588837e-03
  3.01010385e-02 -5.25459722e-02 -3.96534801e-03  6.14039302e-02
  4.58476096e-02 -7.22312704e-02 -6.22244291e-02  1.43276015e-02
  5.23395501e-02 -7.16590509e-02 -3.73288579e-02  3.55977709e-33
  2.42634211e-02 -6.18418716e-02  3.13915685e-02  4.28595729e-02
  1.20086469e-01 -3.38190910e-03 -7.73714632e-02 -2.99723707e-02
 -5.86821437e-02 -2.09593307e-02 -1.01328358e-01  2.85949036e-02
 -7.32923448e-02 -1.82840060e-02 -1.40293827e-02  5.01015261e-02
 -4.64943424e-02  3.88507522e-03  2.53419299e-02  3.22942473e-02
 -1.89793506e-03  8.10174122e-02 -6.16824739e-02  3.53784934e-02
 -1.79026891e-02  5.45127951e-02 -5.77847585e-02 -6.24621324e-02
 -1.61370169e-02  2.55484991e-02 -1.96368117e-02 -5.57329040e-03
 -4.99726087e-02  4.61522453e-02  1.72080416e-02 -5.01506925e-02
  5.03229573e-02 -1.40224006e-02 -9.84648336e-03  8.96242186e-02
  1.69787370e-02  5.00049926e-02  2.52200551e-02  6.70966879e-02
 -8.56891498e-02  3.73722203e-02  1.71236123e-03  5.37854061e-03
  1.17865443e-01  3.68642323e-02 -8.77370834e-02 -8.37868378e-02
 -2.51303371e-02  2.78024003e-02  1.60822459e-02 -4.89110015e-02
 -1.32062420e-01  5.99036701e-02  3.82987559e-02 -5.91351837e-02
  7.24957883e-02 -9.54154581e-02 -1.73480939e-02  1.62664410e-02
 -1.73913203e-02  4.20743180e-03  2.70613609e-03  3.00309267e-02
  1.37272209e-01 -4.43871170e-02 -1.31553113e-01  3.73175950e-03
  4.03296165e-02 -1.19642224e-02 -8.68634414e-03 -2.11508404e-02
  2.76022293e-02  4.34634611e-02 -1.12938635e-01  3.26354243e-02
  9.95674753e-04  3.79979722e-02  7.90497735e-02 -3.33820493e-03
  3.51010710e-02  6.01753555e-02 -2.70655807e-02 -1.01139462e-02
  4.65421416e-02  5.41442931e-02  9.33853816e-03  1.15193263e-01
 -2.42151897e-02 -3.82456630e-02  4.03765514e-02 -4.10088800e-33
  7.92108029e-02 -6.94578514e-02 -2.55853534e-02  2.03879755e-02
  8.75512511e-03 -7.58904917e-03 -7.01718852e-02  1.43187702e-01
  4.71458510e-02 -5.66757023e-02  4.16763164e-02 -9.79488716e-02
  6.80295378e-02 -2.94458978e-02 -5.65880090e-02  2.29129642e-02
  2.93021761e-02 -3.21478657e-02 -3.75184938e-02 -1.05729550e-02
 -2.26846337e-02  3.50767784e-02 -4.98125590e-02 -2.90996935e-02
 -2.73153186e-02  2.19462626e-02 -5.87227289e-04 -3.23099047e-02
 -8.02331716e-02  3.82709913e-02 -5.46791814e-02  4.84572276e-02
  2.41015647e-02  2.25211661e-02 -5.58676720e-02  7.74074867e-02
  4.48681153e-02 -4.35336269e-02 -4.66976911e-02  1.52566180e-01
  5.03280461e-02  2.11610701e-02 -7.74464663e-03 -2.28264220e-02
 -1.96022186e-02 -5.08921295e-02 -5.09860069e-02  4.79849707e-03
 -4.21232395e-02 -4.74725803e-03  8.99510384e-02 -4.94066291e-02
 -8.01151916e-02 -6.69834390e-02  4.76982109e-02 -5.15339300e-02
  5.58657758e-02 -2.35143118e-02 -2.05702558e-02  7.67536014e-02
  3.88208255e-02 -2.18951013e-02 -6.17616661e-02 -9.49996561e-02
 -4.32897396e-02  7.94287845e-02 -4.16457728e-02 -7.30711035e-03
  6.66710213e-02  1.87972058e-02  5.17832637e-02 -1.47223063e-02
 -4.52900603e-02  3.43168825e-02 -2.16870066e-02 -9.20641515e-03
 -4.33005393e-03  3.96441929e-02  6.90335259e-02  1.57406870e-02
 -7.50834541e-03 -1.05268143e-01  2.82277167e-02  4.54297848e-02
  1.19871072e-01  9.12344158e-02 -4.66533303e-02 -3.54410596e-02
  1.69249240e-03  3.95615436e-02  4.60995175e-02  7.18479929e-03
  6.42600507e-02 -2.10085083e-02 -2.10439339e-02 -4.83752487e-08
  1.22564910e-02 -2.99886353e-02 -8.55666120e-03 -1.13231852e-03
 -1.45808524e-02  4.50405665e-02 -4.13174246e-04  2.77370363e-02
  4.05813195e-03  8.03078637e-02  4.25661355e-03 -8.10112990e-03
  2.67836042e-02  5.34255318e-02 -1.48611767e-02  1.77945346e-02
  3.21166217e-02  1.30298302e-01  1.94992649e-03  5.59894629e-02
 -6.17012121e-02  1.50150629e-02  3.21272500e-02 -6.14563301e-02
  7.33397296e-03  1.94732919e-02 -4.58348505e-02  2.41284799e-02
 -8.48866999e-04 -6.79089352e-02 -2.53671464e-02 -3.23124370e-03
  5.55692241e-02 -3.47898640e-02 -7.60163516e-02  4.17275093e-02
  9.10356119e-02 -6.33965582e-02 -7.38364235e-02 -4.66514430e-05
  5.06484360e-02 -4.05600555e-02  2.45254133e-02 -6.01882068e-03
  7.93316364e-02  2.73308568e-02  6.55358061e-02 -2.28916034e-02
  4.80213724e-02  6.62148371e-02  8.62919763e-02  1.87132116e-02
  1.67085398e-02  3.04584969e-02 -6.36764839e-02 -3.35653238e-02
 -4.11285553e-03  4.62288037e-02 -4.36875708e-02 -6.91261748e-03
  6.48856983e-02  6.45484775e-02 -1.57734063e-02 -6.64050877e-02]