[-2.63334513e-02 -3.60692069e-02 -5.75686339e-03  6.72641722e-03
 -2.88192891e-02  6.12393394e-02 -7.35756150e-03  8.74626637e-02
 -5.06408606e-03  2.79925242e-02  9.33403224e-02 -2.64452351e-03
 -1.07569382e-01  3.58710140e-02 -4.34406698e-02 -4.29418571e-02
 -3.09084840e-02  3.80187505e-03 -3.26200277e-02  6.00626729e-02
  7.14403242e-02 -9.39804595e-03 -8.56242105e-02  5.21432683e-02
 -1.51868641e-01 -5.46078943e-03 -2.06807889e-02 -4.47567813e-02
 -6.77936077e-02 -2.14500222e-02 -4.82872820e-05  7.24099576e-02
  2.18363502e-03 -7.99367379e-04 -1.21801384e-02 -6.63533285e-02
 -1.55520085e-02 -3.06440741e-02  6.11038283e-02  7.01862425e-02
 -1.79471131e-02 -6.34880960e-02 -4.09132382e-03 -3.09109874e-02
  2.85541322e-02 -1.10684380e-01  4.22319062e-02  3.73858400e-02
 -1.54357757e-02  1.01006292e-02 -8.39157179e-02  1.82788111e-02
 -9.81226265e-02 -2.92617716e-02 -2.80620176e-02 -2.84147859e-02
 -2.43612751e-02 -5.28451689e-02  2.22013704e-02  9.30102542e-03
  1.07409991e-02 -4.37990855e-03 -6.22568503e-02  2.44958140e-03
 -4.22342755e-02 -3.50171141e-03  8.08340758e-02 -5.03291152e-02
 -4.02503349e-02  4.33489084e-02 -2.32482683e-02 -7.61660486e-02
  1.73114706e-02  4.20216396e-02 -1.33522814e-02  4.29715179e-02
 -6.83132000e-03  5.61794937e-02  3.33855189e-02 -1.08647332e-01
  5.53929582e-02  1.35744503e-02 -1.96931772e-02 -3.40819135e-02
  3.07140313e-02  7.89987203e-03  4.59773262e-04 -1.27312513e-02
  3.36477831e-02 -2.58978195e-02  1.15218945e-01  5.94320633e-02
 -5.19418307e-02  5.14248870e-02 -2.30321661e-02 -1.44194986e-03
 -1.24352854e-02 -2.81968899e-02  2.12007593e-02 -2.80373264e-03
  7.81814605e-02 -2.41522323e-02  2.48463731e-03  3.09146419e-02
 -1.07284434e-01  3.95500697e-02 -1.53106004e-02 -1.31447716e-02
  7.43138883e-03  7.84720853e-02 -8.19747075e-02  3.40560637e-02
 -7.58359209e-02 -6.11720607e-02 -7.75031447e-02  8.11987743e-02
 -2.93094572e-02 -7.71476701e-02  3.85053568e-02  1.99104729e-03
 -2.08176579e-02 -7.90795013e-02  4.01403233e-02  1.22227194e-02
  2.32044756e-02 -9.10199359e-02  5.19561470e-02  8.82212845e-33
 -1.08407075e-02 -7.44901076e-02  3.46752107e-02 -1.40783517e-02
  6.38121888e-02 -1.25647732e-03 -5.37713617e-02 -4.73460928e-02
 -9.44587961e-03 -6.42881244e-02 -1.07303791e-01  7.60833025e-02
 -9.53019410e-02 -3.79405655e-02  2.25582942e-02  1.14820488e-01
 -8.63698795e-02 -4.41682227e-02  1.87563039e-02 -4.38829772e-02
 -8.68667196e-03 -1.40036503e-03  7.35656219e-03  1.73070766e-02
  1.16324779e-02  1.34356067e-01 -7.54028857e-02 -8.74595195e-02
  2.06823330e-02  3.51990275e-02  2.09766645e-02 -2.80937590e-02
 -2.48682089e-02  1.48806116e-02 -6.45840839e-02  2.01553535e-02
 -4.24922444e-02 -1.98479975e-03 -5.52529134e-02  4.17616814e-02
  3.65100168e-02  3.39161083e-02  1.02881409e-01  1.70878768e-02
  7.57159367e-02 -4.30905297e-02 -2.40770467e-02  7.51681775e-02
  9.68612209e-02  9.92427170e-02 -3.95997018e-02 -9.70553309e-02
  8.63603689e-03 -2.97653843e-02 -2.85027307e-02  4.38950956e-02
 -1.41585097e-01  7.14348778e-02  8.61107092e-03 -3.55572416e-03
  4.03566584e-02 -6.44170539e-03 -1.16610052e-02 -2.12535057e-02
 -8.06635767e-02  4.09361795e-02 -4.00707498e-02  3.35951298e-02
  1.19948156e-01  3.79375406e-02 -7.02219009e-02  1.04798339e-02
  6.15431815e-02  4.78094220e-02  4.32896130e-02  8.34453572e-03
  2.67560873e-02  5.81224486e-02 -5.67652285e-02  7.05508664e-02
 -9.12545845e-02  3.91155221e-02 -1.06994106e-04  3.20059806e-02
 -1.23918792e-02  1.13384910e-01  2.96548214e-02  1.29043800e-03
  4.26778086e-02  7.96915069e-02  2.99045183e-02  3.70728932e-02
 -4.14469577e-02  5.48423044e-02  5.59942722e-02 -9.60658211e-33
  8.31902325e-02 -8.49576518e-02  4.29110229e-02  8.44334587e-02
  2.74398979e-02 -3.42232957e-02 -2.03095209e-02 -1.47766043e-02
  8.62023756e-02 -1.16222374e-01 -3.45771052e-02  1.18177873e-03
  8.33635852e-02 -7.51232579e-02 -2.45363414e-02  6.77309651e-03
 -3.07197515e-02 -2.62920912e-02 -8.53626877e-02  5.15002105e-03
 -1.98023003e-02  4.98652309e-02  2.16991324e-02 -1.79012660e-02
  2.82151531e-03 -4.70309071e-02  5.48609830e-02 -2.96216700e-02
 -2.87099853e-02  1.72010884e-02  8.70589688e-02  7.06722289e-02
 -2.55079176e-02  6.62727803e-02 -5.19735850e-02 -3.55583313e-03
  2.39529777e-02  5.96654601e-02 -1.92720219e-02  1.10456236e-01
  3.17390375e-02  7.09011629e-02  4.01823483e-02 -6.36969730e-02
  1.21221959e-03  7.01709241e-02  1.40590547e-02 -5.49815893e-02
  5.47501724e-03  7.25270109e-03  1.27881899e-01 -9.92190465e-03
 -1.19860142e-01 -3.75169665e-02  4.72790040e-02  1.84370279e-02
  4.40495983e-02 -5.99363819e-02 -7.62291029e-02  1.94181968e-02
  3.23927104e-02  9.62401852e-02 -5.44920601e-02 -9.86776128e-02
  7.57439360e-02  2.53344923e-02 -5.82084991e-02  4.09740321e-02
  4.33302671e-02  5.19010276e-02  1.61365774e-02 -9.18027684e-02
 -4.29838188e-02  4.17550420e-03 -8.31382349e-04 -4.79937205e-03
 -6.70564622e-02  3.19574354e-03 -1.52119938e-02  3.79402936e-02
 -1.46091515e-02 -3.21974382e-02 -3.67790461e-02  4.89208102e-02
 -4.77484167e-02 -2.12026294e-03 -6.12378903e-02 -2.59518381e-02
  4.53932993e-02  2.71652844e-02 -1.74443629e-02  1.33915187e-03
  2.02772170e-02 -1.29102333e-03 -9.81447846e-02 -6.38838671e-08
  3.51989530e-02 -1.28931436e-03 -1.77215156e-03  8.26859251e-02
  1.10912817e-02  4.48394427e-03 -8.97675008e-03  3.65644358e-02
  3.46748903e-02  6.19544238e-02  8.53312761e-03  2.70075165e-02
 -7.68558085e-02  3.83742154e-02 -7.20085353e-02 -5.34025487e-03
 -4.64832261e-02  6.30281121e-02 -3.55302133e-02 -5.85874096e-02
  8.36769585e-03 -3.50578614e-02 -3.38953622e-02 -2.14690492e-02
 -1.09313158e-02 -4.17787917e-02 -1.05169555e-02  9.38252732e-03
  8.32017325e-03 -3.95293161e-02 -2.52959244e-02  7.74024287e-03
  4.67795581e-02 -5.04537411e-02 -1.93991605e-02 -1.21727223e-02
  7.64517933e-02 -1.50777288e-02 -7.54235610e-02  7.38303438e-02
  1.24239460e-01 -4.94597889e-02 -3.48247811e-02 -4.91950214e-02
  4.05986197e-02 -5.67632951e-02 -1.49524037e-03  2.47174464e-02
  4.08957340e-02  4.55549210e-02 -1.86375398e-02  2.47977581e-02
  1.42433224e-02 -2.20046402e-03 -5.55806346e-02 -2.29722392e-02
  2.41092946e-02 -1.48918713e-02 -6.49218215e-04 -4.60193977e-02
  4.57415283e-02  1.41488360e-02  3.56009156e-02  2.54375841e-02]