[-5.20053469e-02  8.79176185e-02 -8.35242867e-02 -8.77758935e-02
 -3.34749138e-03  5.29181585e-02  4.33947071e-02  1.40429720e-01
  3.18658017e-02  7.39887282e-02  5.69153018e-02 -7.49314949e-02
  3.91304269e-02  1.36267487e-02 -6.59910515e-02 -4.24091630e-02
 -9.20468196e-03  2.38736458e-02  3.78068276e-02  5.10667711e-02
  3.33086737e-02 -4.59328145e-02 -9.80534684e-03  5.12864925e-02
 -1.00965001e-01  1.93133205e-02  1.28633901e-02  6.02786653e-02
 -7.24570379e-02 -8.06214586e-02 -3.76267508e-02 -1.80490855e-02
 -1.43723488e-02 -4.38493751e-02  4.72205866e-04 -1.20592760e-02
 -1.01264436e-02 -3.41717191e-02  2.26099696e-03  9.03451741e-02
  3.12606171e-02  2.23873425e-02 -9.69016775e-02 -2.61356197e-02
 -2.98925191e-02 -1.79100931e-02  5.95213398e-02  4.07785997e-02
  3.11721396e-02 -5.50721250e-02 -6.42795637e-02  3.78827043e-02
 -5.71635477e-02 -9.60762799e-02 -8.58709663e-02 -2.41102073e-02
  1.49143590e-02 -2.61570271e-02  5.67468889e-02  1.47449700e-02
  3.16468477e-02 -5.64470738e-02  6.76459353e-03  2.89020669e-02
  4.20714393e-02 -7.41976574e-02 -4.67179865e-02 -2.03931164e-02
 -1.02293707e-01  4.27173227e-02 -1.24851698e-02 -3.71883623e-02
  2.92419177e-02 -4.47026305e-02 -1.20209139e-02  7.98534229e-02
 -3.79079692e-02  1.91246569e-02 -2.93975119e-02 -1.12160027e-01
  7.02136159e-02 -1.34518428e-03  3.16940695e-02 -4.11705151e-02
  5.86851984e-02  2.26911101e-02  7.78572559e-02  2.18391065e-02
  6.38976023e-02 -5.73566519e-02  8.78952593e-02  6.40547872e-02
 -8.49671438e-02  2.81262733e-02 -1.94410014e-03 -2.71236454e-03
 -2.57206857e-02 -9.78907943e-03 -4.31230254e-02  2.52118204e-02
  6.61619455e-02  1.29898731e-03 -4.81719114e-02  1.24580571e-02
  7.79171532e-05  3.82439308e-02  2.03662049e-02 -2.98724882e-02
  7.96371996e-02  7.59995207e-02 -1.49253029e-02 -5.67331091e-02
 -6.29272684e-02 -2.47003641e-02 -5.93385845e-02  5.18745519e-02
 -3.96429822e-02 -4.36134078e-02  2.42430754e-02 -5.79090463e-03
  3.83512229e-02 -6.64168000e-02  2.81236134e-02  2.36071125e-02
  5.24737090e-02  4.20775078e-02  4.78968285e-02  1.74275075e-32
 -7.70447263e-03  2.11564209e-02  2.12169662e-02 -5.58032468e-03
 -3.78571376e-02  4.05062139e-02 -1.08910158e-01  3.96023765e-02
 -4.72116023e-02  2.11261981e-03 -7.51757622e-02  5.66088334e-02
  4.50004488e-02  1.35887116e-02  8.59165341e-02 -2.46085762e-03
  1.34787008e-01 -7.95091465e-02 -7.86987618e-02 -6.00874722e-02
 -2.46658828e-02  1.62800048e-02  3.54117937e-02  6.68714643e-02
  3.65239754e-02  1.19429447e-01  2.54965341e-03 -2.17469130e-02
 -1.52167901e-01  3.32610458e-02 -3.30292098e-02 -9.11143944e-02
 -4.08848338e-02  5.81558943e-02 -2.20306292e-02 -4.02099602e-02
  4.63614129e-02 -2.74538361e-02 -1.17047187e-02 -5.80283301e-03
 -6.59871176e-02 -8.80399346e-03  5.02956435e-02  1.37968529e-02
  5.11049014e-03 -5.52235879e-02  4.51963879e-02  2.37141689e-03
  7.07110763e-02  2.16520596e-02 -7.54817352e-02 -1.97879672e-02
 -3.33262756e-02 -5.86039834e-02 -3.84030002e-03  3.38672362e-02
 -1.52379736e-01  2.87850797e-02  2.10498944e-02 -1.46424053e-02
  9.26360954e-03 -5.90389594e-02 -6.00082017e-02  3.29279229e-02
 -5.69821931e-02  6.84321523e-02 -3.72970812e-02  4.95396592e-02
  1.15963116e-01 -1.11400541e-02 -6.34942427e-02  1.83997396e-02
  5.05417064e-02  2.30485257e-02  3.43833584e-03  7.60575980e-02
  8.25571865e-02  2.56554820e-02 -5.55219762e-02  4.39042449e-02
 -4.82296608e-02  1.27327833e-02 -1.35640670e-02 -8.03850591e-03
  5.12242913e-02 -2.86574401e-02  4.18589003e-02  3.20869908e-02
 -3.94802578e-02  7.59727508e-02  2.47119311e-02  6.29252568e-02
 -1.09660951e-02 -6.55383244e-02 -1.53866410e-02 -1.71072852e-32
  4.54435349e-02  3.29282731e-02 -1.29309203e-02 -2.98755430e-02
  3.13493311e-02 -3.45447175e-02 -3.67702655e-02  1.58166327e-02
 -8.31214935e-02 -1.09268486e-01 -3.84691693e-02 -4.79580574e-02
  8.52281302e-02 -7.82026201e-02 -3.18079401e-04  1.08110607e-01
 -8.53009373e-02  1.89376771e-02 -7.74086863e-02 -3.20217311e-02
  6.27866238e-02  4.83650453e-02  2.27904581e-02 -5.16235940e-02
 -2.55519301e-02  1.04772430e-02  5.05256131e-02 -1.56604201e-02
 -3.05160265e-02  3.61419618e-02 -1.14184376e-02  2.41693761e-02
 -3.41783203e-02  9.33846161e-02 -5.72073497e-02  5.68492413e-02
  5.37269711e-02 -1.38972616e-02 -2.97352858e-02  1.51728243e-01
  2.80839242e-02  5.11657558e-02  8.04757699e-02 -1.42300501e-01
  9.88699123e-03 -4.48996611e-02 -3.56232598e-02 -7.01397583e-02
  1.96984829e-03 -2.64175329e-02  1.17519693e-02 -3.25336866e-02
 -3.66001800e-02  2.52398215e-02 -1.67465373e-03 -8.27989355e-02
  2.90629105e-03  1.82915817e-03 -7.92022273e-02  1.67133193e-02
  1.08095907e-01  6.00345917e-02  8.67702719e-03 -1.51379919e-02
  6.60004467e-02  1.32036600e-02 -9.09301490e-02  6.27306988e-03
 -2.92410571e-02  8.38744417e-02  5.93168661e-02 -2.96970773e-02
 -1.13181047e-01 -3.19120139e-02 -3.00389715e-02  4.86790165e-02
 -3.64616998e-02  7.42321089e-02 -4.43148240e-02  1.75520685e-03
 -2.52495036e-02 -4.95310500e-02 -4.84561548e-03 -6.63108425e-03
 -1.96980350e-02  5.81550822e-02 -4.64855257e-04 -3.20184231e-02
  6.68381453e-02 -3.34580690e-02  3.88001315e-02 -2.45565316e-03
  1.29605625e-02  1.76334661e-02 -1.82004515e-02 -6.91221445e-08
  1.12335375e-02 -1.44457752e-02  3.80869247e-02  1.56610124e-02
 -2.43948936e-03 -2.37733480e-02  3.29274945e-02 -1.45981759e-01
  2.60181399e-03  2.64589861e-02  3.56148668e-02 -2.52211858e-02
  2.26616077e-02  3.65730282e-03 -2.77349073e-02  3.73660251e-02
 -1.50246806e-02  3.75194289e-02 -2.75416393e-02  2.98076943e-02
  7.50083290e-03 -2.37088148e-02 -6.93570822e-02 -2.33148504e-02
 -7.10672140e-03 -3.38231027e-02 -7.19053075e-02 -6.48399815e-02
  5.22988988e-03 -5.76756895e-02 -5.05625363e-03 -8.97660572e-03
  7.73659497e-02 -8.47088248e-02 -7.28675798e-02 -1.74632166e-02
  1.91907473e-02  3.08395643e-02 -4.72098440e-02  5.37030026e-02
  7.03850314e-02 -2.09698584e-02 -3.61718349e-02 -9.15168226e-03
  6.25208253e-03  3.42343412e-02  4.41002734e-02 -2.72127707e-02
 -1.27350371e-02  3.59123908e-02 -7.76774213e-02  6.65165484e-02
  1.68301091e-02  2.29624864e-02 -1.66043565e-02  1.13552879e-03
  3.08147212e-03  1.46477744e-02 -6.65828139e-02 -4.46501561e-02
  6.69935718e-02  7.52407266e-03 -4.57086749e-02 -8.24362785e-02]