[-6.86403587e-02  8.73117298e-02 -3.14071439e-02 -9.75758582e-02
 -1.05987653e-01  1.21825121e-01 -1.41870724e-02  1.42412156e-01
  1.70110110e-02  4.49207313e-02  4.64744642e-02  2.49008127e-02
 -6.41226489e-03  3.41397561e-02  2.41960329e-03 -3.67498100e-02
 -2.00519953e-02  4.58036363e-02  6.57369290e-03  3.20825428e-02
  4.44595255e-02 -5.94586879e-02 -7.77833909e-02  3.46244872e-02
 -1.21582113e-01  4.27353904e-02  3.16288765e-03  4.90134805e-02
 -4.88178097e-02 -2.33102683e-02 -1.97524987e-02  1.24273539e-01
  8.52908120e-02 -3.50374430e-02  1.95810348e-02 -2.65572444e-02
 -4.54312861e-02 -3.14992964e-02 -7.82590173e-03  6.22903965e-02
 -4.07333001e-02 -3.06986459e-02 -8.02091286e-02  1.29484218e-02
 -2.93443464e-02 -6.54264987e-02  1.83064640e-02  4.57661562e-02
  2.35629436e-02  3.82438605e-03 -8.97281095e-02  4.78187650e-02
 -3.12482263e-03 -6.58648014e-02 -3.39285508e-02 -8.79887193e-02
 -2.62220539e-02  7.39135370e-02  6.47910237e-02 -7.34566431e-03
 -3.15154716e-02 -3.56786661e-02 -1.39666265e-02  3.35307755e-02
 -1.29633502e-03 -1.00132890e-01 -4.56280634e-02 -6.80429041e-02
 -7.03006759e-02  4.04650792e-02  2.93390378e-02  8.63806345e-03
 -2.33489200e-02  2.39006095e-02 -5.40675968e-02  1.18918791e-01
 -2.86685377e-02  5.03054075e-02 -7.73793757e-02 -8.33519101e-02
  8.60215500e-02 -5.71203902e-02 -4.38349508e-02 -5.82390539e-02
  4.53717634e-02  6.34521712e-04  4.75533605e-02 -1.40056317e-03
  8.37218165e-02  1.50273927e-02  2.51570828e-02  9.54623297e-02
 -4.55985516e-02  2.88004987e-02 -3.06400750e-02  6.90526981e-03
  3.60466056e-02 -1.70178909e-03  1.88327413e-02  3.70931998e-02
  9.11640972e-02  1.68640912e-02  3.15973014e-02  5.86101180e-03
 -3.30322683e-02  4.18658480e-02  3.18096541e-02  4.47629066e-03
  4.56875078e-02  2.84030922e-02 -1.00937352e-01 -4.17325944e-02
 -3.29442136e-02 -9.88649204e-02 -8.62715766e-02 -3.18907946e-02
 -4.23121266e-03  8.34442396e-03 -3.83811146e-02  1.53285393e-03
  5.03454618e-02 -6.95512518e-02  3.83532010e-02  1.42300557e-02
  2.48238798e-02  4.34821509e-02  2.40344834e-02  1.85076355e-32
 -2.57979147e-02 -5.94377182e-02 -2.95506846e-02  3.88664752e-02
 -1.77180693e-02  1.81191396e-02 -1.24142552e-02 -2.09959745e-02
 -4.42875922e-02 -6.56233206e-02 -5.06757870e-02 -9.00914893e-03
 -3.96584384e-02  1.07180921e-03  6.62711412e-02  5.49813211e-02
  3.60410884e-02 -1.02950424e-01  5.65896221e-02 -6.98812157e-02
 -1.31073361e-02  1.99915189e-02  6.33685589e-02  4.79618460e-03
 -7.18132546e-03  1.50247559e-01  3.95363532e-02 -1.15039475e-01
 -6.02540486e-02  3.57282646e-02  9.37552366e-04 -5.28906323e-02
 -6.72281086e-02 -2.97751389e-02 -4.40175366e-03  2.77672540e-02
 -3.11545953e-02 -3.82060595e-02 -5.81245944e-02 -1.39817102e-02
 -4.07077596e-02  1.82826817e-02  3.25384997e-02  2.04631016e-02
 -4.14240966e-03 -6.92154020e-02 -1.21274218e-02  3.54411043e-02
  1.02922492e-01 -1.75358187e-02 -6.06315630e-03 -5.55283353e-02
 -4.00847234e-02 -5.73227778e-02 -2.01777872e-02 -1.35304788e-02
 -6.45472631e-02  8.12118724e-02 -2.16863062e-02 -2.88118962e-02
  6.53108731e-02  4.91349511e-02 -2.64731422e-02  4.01161276e-02
 -8.74545798e-02  3.46386358e-02 -3.28308530e-02 -1.48078438e-03
  1.04718685e-01  5.65604009e-02  3.71303572e-03 -4.56761569e-02
  6.52086586e-02 -4.18733573e-03  3.13328169e-02 -1.98413935e-02
  6.28280938e-02  3.67865749e-02 -3.64063382e-02  3.24506126e-02
 -3.23138610e-02 -1.57243724e-03 -1.93192139e-02  2.86216178e-04
  5.21939760e-03  5.88231646e-02  1.03279710e-01  8.52581561e-02
 -1.56842843e-02  4.86099608e-02  8.70968476e-02 -5.74657414e-03
  1.60120949e-02 -8.09549354e-03  4.72454354e-02 -1.75127000e-32
  2.44453456e-03  2.57986411e-02  4.65084128e-02  4.99575026e-03
  9.66005474e-02 -7.47124925e-02 -1.00409277e-01 -1.46200825e-02
 -8.40255171e-02 -1.45549834e-01 -2.73413677e-02 -6.46393076e-02
  5.88860177e-02 -3.49104740e-02 -4.59334925e-02  7.09280670e-02
  9.42596060e-04 -2.14493014e-02 -5.13509698e-02 -2.20081070e-03
  1.11545259e-02  2.10074522e-02  9.84112769e-02 -1.47363041e-02
 -5.31587973e-02 -3.39606181e-02  8.87743309e-02  2.09897552e-02
 -6.49232417e-02  4.07328606e-02  6.45993352e-02  3.13895717e-02
 -5.03488407e-02  8.19829330e-02 -2.94833593e-02  3.98120284e-02
 -5.16366446e-03  4.82219495e-02  2.84982892e-03  4.32160348e-02
  7.78981205e-03  4.23289984e-02 -5.74483583e-03 -1.23927332e-02
 -3.70940156e-02 -1.06030237e-02  2.45569926e-03 -1.01796448e-01
  1.58961164e-03 -1.80866923e-02  1.14144641e-03  2.02529524e-02
 -8.11541304e-02 -1.84134506e-02  2.22239811e-02  1.65161043e-02
 -1.56548321e-02 -6.62028268e-02 -4.42284308e-02  3.26331775e-03
  8.66734385e-02  6.24238104e-02 -5.77314943e-02 -4.66490351e-02
  4.73801121e-02  7.83223286e-02 -3.70051414e-02  4.59683202e-02
 -5.80815338e-02  8.83074757e-03  4.64303382e-02 -5.83467409e-02
 -3.74296233e-02  7.46607557e-02 -5.97146573e-03 -1.77863650e-02
 -5.56487627e-02  1.18565649e-01 -1.73563696e-02  7.57769346e-02
 -1.05713002e-01 -5.98295731e-03 -8.46231878e-02  7.06201866e-02
  2.11010184e-02  2.91482266e-02 -5.71204722e-02 -4.08228263e-02
 -1.82680730e-02  1.16831735e-02  8.87687057e-02  6.87103122e-02
  7.61458501e-02  5.00554079e-03  3.95461321e-02 -7.24556344e-08
  1.26966136e-03 -6.20994866e-02 -2.45595612e-02  2.71057170e-02
  1.64480414e-02 -5.26704527e-02 -6.94844276e-02 -1.11151904e-01
 -8.46804027e-03  6.78982064e-02  4.69493903e-02 -3.84135284e-02
 -2.48325896e-02  3.60032134e-02 -5.81762455e-02  3.29603814e-02
  1.48978168e-02  7.76276663e-02 -4.80183214e-02  2.12941077e-02
 -2.03428809e-02  4.70300298e-03 -4.11189273e-02 -8.73804465e-03
 -2.97002345e-02 -1.53762591e-03 -6.80064857e-02 -8.21367949e-02
 -2.85311695e-03 -3.82829159e-02 -1.01709347e-02 -1.03548262e-02
  4.15217727e-02 -1.03673249e-01 -1.91701911e-02 -9.02726222e-03
  2.58517079e-02 -2.12368164e-02 -8.70259032e-02 -9.77536198e-03
  8.79281461e-02 -3.67885130e-03 -3.16836908e-02 -4.83246613e-03
  4.21156622e-02 -1.93214640e-02 -2.87164524e-02 -1.33888726e-03
 -5.61714917e-02  6.09021336e-02  1.89734604e-02  7.60357967e-03
  5.21847866e-02  2.76781246e-02  2.60257453e-04 -1.35021266e-02
 -1.06093604e-02  7.09528178e-02 -4.75755706e-03 -9.28028375e-02
  3.08039133e-02  4.35922015e-03 -3.08781080e-02 -3.76299396e-02]