[-4.41171229e-02 -3.39581235e-03 -5.60038798e-02 -3.88036598e-04
 -1.28932660e-02  7.40878880e-02 -8.61866027e-02  1.68298751e-01
 -1.38830356e-02 -3.27123562e-03  1.35970851e-02 -4.27260846e-02
 -6.32201135e-02  4.65043895e-02 -3.27138752e-02 -3.29236276e-02
 -3.63684562e-03 -1.14600863e-02 -2.86974125e-02  5.11008594e-03
  1.15864351e-01 -1.04668429e-02 -1.08354636e-01  6.55130669e-02
 -6.06851913e-02  5.61383106e-02  1.27425001e-05  1.27829623e-03
 -3.45634408e-02  5.28250635e-03 -3.89066152e-02  3.17357332e-02
  6.29772693e-02 -4.83271182e-02 -1.48662953e-02 -9.77306962e-02
 -4.15904112e-02 -5.39482990e-03  2.15443298e-02  4.48423512e-02
 -3.26535329e-02 -6.30700514e-02 -5.77793904e-02  2.42300909e-02
  5.65274209e-02 -4.19165939e-02  3.54356617e-02  9.09687951e-02
  2.15158761e-02 -5.63592501e-02 -9.25947353e-02  7.99564198e-02
 -3.41460817e-02 -4.97373119e-02  8.54238286e-04 -7.09322095e-02
 -4.70545515e-02 -3.09831034e-02 -3.03838812e-02 -3.29845608e-03
  2.25770520e-03 -3.20538506e-02 -1.10986773e-02  8.45417380e-03
 -1.87279508e-02 -1.99806578e-02  9.24414396e-03 -8.19021389e-02
 -2.90474873e-02  7.10276514e-02 -6.33468060e-03 -5.25254607e-02
 -3.30584459e-02 -1.25028100e-02  2.99867522e-03  1.47635654e-01
  6.66788919e-03  8.31253603e-02 -1.74106620e-02 -1.02474973e-01
  6.43357038e-02 -4.63669971e-02 -4.74759378e-03 -8.18079039e-02
  1.65647473e-02  6.46997534e-04  6.15135320e-02  3.23976092e-02
  3.24170217e-02 -6.25797873e-03  3.18660848e-02  7.46627897e-02
 -3.02404445e-02  1.20172827e-02  3.58817144e-03  2.15255041e-02
 -1.00050541e-02 -4.18563634e-02  8.42068940e-02  1.85144432e-02
 -1.29626710e-02  1.19839050e-02 -6.77647367e-02 -2.65718205e-04
 -7.14230388e-02  7.13359937e-02  7.74725899e-02 -4.15691510e-02
  8.85754451e-03  3.75194140e-02 -4.50526625e-02  1.50778079e-02
 -4.83842343e-02 -3.37239318e-02 -1.12377338e-01  1.79459564e-02
 -3.97967212e-02  1.39441947e-02  3.90119255e-02  5.78760691e-02
 -2.29018275e-03 -8.55830759e-02  5.55370040e-02  3.34048457e-02
  3.55258845e-02 -6.20404519e-02  1.32403933e-02  1.05528852e-32
 -9.13011059e-02 -4.61425036e-02 -3.80682312e-02  5.29261772e-03
 -4.71517593e-02 -1.86348986e-02 -1.81485694e-02 -3.32722329e-02
  2.41670404e-02  2.17041727e-02 -5.70712313e-02  6.23268411e-02
 -6.06784374e-02 -4.94848713e-02  7.07972646e-02  4.91463244e-02
  3.09743416e-02 -4.87233549e-02 -2.26084720e-02 -4.18775082e-02
  2.28505372e-03  1.39753520e-02  3.88306938e-02  3.56679992e-03
  3.20310779e-02  1.86747953e-01 -4.36008126e-02 -9.09136087e-02
 -3.06883901e-02  3.77310850e-02  5.45113347e-02 -3.72890942e-02
 -1.26919895e-01 -1.94398537e-02 -1.08248204e-01 -2.12879502e-03
 -1.90411229e-02 -4.56839725e-02  3.41141224e-02  6.62564561e-02
 -2.88652126e-02  3.58574167e-02  3.75401862e-02 -4.84630205e-02
 -3.96792740e-02 -4.83253226e-02 -2.77722552e-02  1.21109542e-02
  1.23938568e-01  7.13195875e-02 -5.00988625e-02 -9.04373154e-02
 -1.69979110e-02 -7.11245984e-02 -2.77886121e-03  2.05937400e-02
 -7.75410160e-02  7.12333098e-02 -2.36725491e-02 -6.95706392e-03
 -5.73551096e-02  7.29314983e-03 -3.96698713e-02 -3.68375592e-02
 -8.73535573e-02  5.52800670e-02 -6.16260841e-02  2.69108340e-02
  6.15891330e-02 -1.48219627e-03 -3.08843702e-02 -2.15130001e-02
 -1.38477748e-02 -6.08116761e-02  2.87052654e-02 -3.58126201e-02
  7.10402653e-02 -1.46609510e-03 -6.21104799e-02  5.89659065e-02
 -7.91331902e-02  7.32841343e-02 -1.91566870e-02 -5.82351089e-02
  5.62396385e-02  9.22084898e-02 -5.36130974e-04  1.06510453e-01
  4.82480228e-02  2.31653396e-02 -2.62550395e-02 -4.68654418e-03
  1.19369980e-02  9.48198698e-03  8.32170695e-02 -1.18468517e-32
 -1.04845967e-02  1.30237115e-03  7.17590973e-02  5.73362596e-02
  2.44541299e-02  1.77435391e-02 -5.25094196e-02 -3.98396477e-02
 -2.93441769e-02 -1.44050434e-01 -2.45943870e-02 -1.05446652e-02
  6.25191480e-02  5.41708013e-03 -5.19375838e-02  3.47827896e-02
 -6.28071576e-02 -6.87529519e-02 -7.50932023e-02 -4.49584424e-02
  1.53936818e-02  2.11060271e-02  2.65960228e-02 -2.17533875e-02
 -3.44840400e-02 -7.26689771e-02  3.71403471e-02  3.70780868e-03
 -2.33514830e-02  1.79687468e-03  5.59207983e-02  3.25992480e-02
 -3.26940827e-02  1.09242864e-01 -7.59151354e-02  1.16501153e-02
  6.01729378e-02  6.45064339e-02 -8.00540149e-02  1.25336096e-01
 -9.18572489e-03  2.53229141e-02  2.00850889e-02 -3.45469899e-02
 -5.69664985e-02 -3.77007900e-03  2.94599459e-02 -1.02240629e-01
  1.09266929e-01  2.29572426e-04  1.09922439e-01 -5.47085889e-03
 -3.46941948e-02  4.85351449e-03 -2.09675040e-02  1.59688573e-02
  1.64097436e-02 -3.42895351e-02 -6.10480122e-02  3.63256689e-03
  1.11260965e-01  3.93006653e-02 -3.79156955e-02 -5.09875454e-02
  1.89636368e-02  2.60732626e-03 -8.16998556e-02 -2.31806040e-02
  1.17429737e-02  2.67841518e-02 -1.14963958e-02 -4.95952256e-02
 -2.85805631e-02  1.14241973e-01  2.05462538e-02  2.87755430e-02
 -4.28539068e-02  9.76635516e-03  3.52820009e-02  3.47612873e-02
 -6.60166070e-02  9.12827626e-03 -6.11755215e-02  3.71695124e-02
 -2.90403385e-02  6.34978414e-02  2.56914105e-02 -3.16642635e-02
  8.69636144e-03 -1.56405680e-02  6.03757650e-02  7.90388957e-02
  9.17660668e-02  8.37336946e-03 -5.79204075e-02 -5.47060353e-08
  7.47889280e-02 -2.64698733e-02  2.81546041e-02  7.05092549e-02
 -2.19553895e-02  1.63612259e-03 -1.59392543e-02 -9.76262018e-02
 -2.79633906e-02  6.51321793e-03  3.89771760e-02 -2.75741983e-03
  6.24149293e-03 -1.81433540e-02 -1.84328016e-02  1.34387668e-02
 -7.16485549e-03  9.18825343e-02  7.13845342e-03 -8.46855994e-03
 -2.17015017e-03 -2.08565276e-02 -4.10052016e-02 -3.04542053e-02
  3.08118109e-02 -8.81296545e-02 -4.31132279e-02 -2.75719259e-02
 -3.64366919e-02  1.28349168e-02 -1.36386417e-03  1.17970665e-03
  7.34148398e-02 -4.40830104e-02  1.37801375e-02 -3.04902513e-02
  7.29148537e-02  3.60071361e-02 -5.74891716e-02  2.46340758e-03
  1.46729499e-01 -1.45256938e-02 -5.20830452e-02 -5.77103086e-02
  4.01420556e-02  5.04441299e-02 -2.65094079e-02 -3.41660045e-02
 -3.68284550e-03  3.00927032e-02 -2.23475825e-02  2.91894991e-02
 -3.50969993e-02  7.38242343e-02  3.04237921e-02  1.07368892e-02
  5.28683828e-04  1.34665833e-03 -1.88217778e-02 -6.45113587e-02
  1.73298214e-02  2.05227230e-02  8.73246510e-03 -4.39614244e-02]