[-1.06656648e-01  2.58160066e-02 -4.23990637e-02 -8.60629529e-02
 -5.14695197e-02  2.10365001e-02  2.83484417e-03  8.46844241e-02
 -2.94330548e-02  1.07295131e-02  2.88142134e-02 -9.76124499e-03
 -5.89389019e-02 -1.80948693e-02 -9.64446517e-04 -2.30767988e-02
 -6.60158396e-02  1.73297077e-02  5.83806681e-03  2.92113014e-02
  5.39010577e-02 -3.96130607e-02 -7.49305338e-02  1.09481812e-01
 -5.78071028e-02 -1.55574474e-02  1.43789891e-02  6.14094213e-02
 -5.03335297e-02 -9.12139118e-02 -3.09759099e-02  4.82139513e-02
  6.01888001e-02  1.85731649e-02 -2.95208637e-02 -1.09491229e-01
 -1.73689611e-02 -4.49381135e-02  1.43447183e-02  3.56477359e-03
 -5.63680269e-02 -9.91770066e-03 -1.30348116e-01 -1.77748688e-02
 -8.97104368e-02 -1.09607026e-01  1.03344455e-01  3.40375900e-02
  3.37356478e-02 -2.45239353e-03 -6.48411959e-02  7.94339180e-02
 -3.86834517e-02 -1.72839072e-02 -4.74563017e-02 -3.07338703e-02
 -8.15592986e-03  8.32609367e-03  5.02573177e-02 -1.58814359e-02
  3.92884240e-02 -3.88838910e-02 -3.28769498e-02 -2.17070654e-02
  3.79889086e-03 -3.71696278e-02  1.15434509e-02 -7.88214430e-02
 -5.79279810e-02  2.12411117e-02  2.62888763e-02 -3.24399397e-02
 -3.75257432e-02 -5.24416566e-02 -7.52484649e-02  1.45040363e-01
  8.38475376e-02  3.50738019e-02 -4.48860489e-02 -2.78406460e-02
 -1.37504041e-02 -4.42513376e-02 -4.81470861e-02 -4.55496423e-02
  6.24890858e-03 -4.25797366e-02 -2.13720538e-02  1.96987428e-02
  4.32868674e-02 -3.65909631e-03  1.64358187e-02  5.82650788e-02
 -5.07703722e-02 -1.03981225e-02  1.74739081e-02  5.93513958e-02
  3.01142838e-02 -5.11592105e-02  1.21666268e-01  3.87842022e-02
  9.79813710e-02 -5.62803540e-03 -5.16794026e-02 -4.11918014e-02
 -1.53051298e-02  5.40580451e-02  5.73853776e-02 -9.36896130e-02
  6.93506375e-02 -2.43294518e-03 -8.84196609e-02 -4.98898253e-02
 -7.85797089e-03  8.16654507e-03 -1.16414540e-01 -1.49283395e-03
 -1.96644831e-02  5.18894084e-02  1.50117381e-02  1.67278177e-03
  1.40185340e-03 -3.01439706e-02  1.75857905e-03 -5.25870211e-02
  1.09238833e-01 -5.83161823e-02 -8.70548096e-03  1.22821784e-32
  3.93777154e-02 -5.52052520e-02 -1.63476393e-02  4.67247851e-02
 -1.95864271e-02  7.99363330e-02 -5.72951399e-02  7.16842934e-02
 -8.06979612e-02 -1.83361657e-02 -7.96282589e-02 -1.78938303e-02
 -4.72822934e-02 -8.01472142e-02  6.26342073e-02  6.21649548e-02
 -1.53982518e-02 -1.19210012e-01 -3.69609259e-02  7.60502089e-03
 -4.86207707e-03  2.77473144e-02 -1.02438238e-02  4.95046042e-02
 -2.67000962e-02  1.27025232e-01 -4.84682135e-02  1.22612324e-02
 -6.05598725e-02  4.27142642e-02 -5.18174004e-03 -6.78611100e-02
 -2.48658843e-02  5.20385653e-02  1.73755176e-02 -1.62357856e-02
 -7.92087428e-03  1.85004398e-02 -1.83336437e-02 -3.19748744e-02
  2.26430949e-02  3.59207354e-02 -2.07086653e-02  2.10165586e-02
 -2.27646716e-02 -2.68135387e-02  1.11266300e-02  2.25881417e-03
  1.55082002e-01  6.14250712e-02 -6.61472231e-02 -1.03977919e-01
  1.23648876e-02 -9.33246389e-02  3.78318951e-02 -1.76406335e-02
 -7.72533566e-02  6.89997673e-02  3.18283252e-02  1.73402615e-02
 -2.20451057e-02 -5.89516610e-02 -2.08025333e-02  1.86748523e-02
 -4.51772735e-02  6.28691167e-02  1.54523496e-02  2.24576183e-02
  6.64853677e-02  1.37369875e-02 -6.10186905e-02 -4.68689427e-02
 -1.03970096e-02 -5.08524152e-03  1.48126520e-02  1.99276078e-02
  4.51663360e-02  5.69924712e-03  1.06558343e-02  5.98981790e-02
 -5.20790033e-02  1.23904021e-02  1.05811674e-02 -2.61099767e-02
  5.21424934e-02 -5.56972669e-03 -2.91112578e-03  2.55539976e-02
  8.42033178e-02  9.39564854e-02  3.27716246e-02  3.52503769e-02
 -3.71390767e-02 -5.12487032e-02  1.09271035e-01 -1.32916658e-32
  2.68884916e-02  7.03475531e-03  1.07701938e-03  9.67007503e-03
  6.24853512e-03 -5.10102930e-03 -9.04830638e-03 -1.33936638e-02
 -5.79096712e-02 -1.07121773e-01 -3.12407706e-02 -7.61731863e-02
  1.04115725e-01 -2.02452913e-02 -1.14947511e-02  5.43044321e-02
  1.42142037e-02 -5.36833368e-02 -6.66304603e-02 -6.80870563e-03
  1.43476378e-03  4.34342362e-02  6.32444723e-03 -6.07966520e-02
  2.69685034e-02 -6.67178631e-02 -1.93210728e-02  5.70329800e-02
 -1.03375174e-01  1.28770228e-02  2.96895485e-02  1.77246798e-02
 -1.58288889e-02  9.47263390e-02 -2.49044485e-02  1.85478553e-02
  7.18201771e-02 -1.66544854e-03 -1.97611954e-02  8.41517672e-02
 -1.38204629e-02  3.22629325e-02  1.09556075e-02 -3.19263781e-03
 -2.75298543e-02 -4.79457453e-02 -2.88280062e-02 -8.36296305e-02
 -6.44149538e-03 -1.76761970e-02  6.90266714e-02  2.89982762e-02
 -5.15616015e-02 -1.53878899e-02  6.10997230e-02 -5.01198806e-02
  2.70325616e-02 -8.53460655e-03 -5.42358607e-02  3.48412991e-02
  1.09352745e-01  2.65742205e-02 -7.53317848e-02 -6.51778206e-02
 -6.01551868e-03  2.53537931e-02  1.63928680e-02  1.98476426e-02
  7.74201527e-02  5.63819297e-02  5.03310598e-02 -3.57684195e-02
 -4.39978987e-02  1.01753492e-02 -5.27597517e-02  2.66524926e-02
 -8.28204751e-02  5.96588030e-02  3.92021984e-03  1.06702242e-02
 -5.91104589e-02 -2.93174163e-02  1.82078662e-03  3.72908488e-02
  1.86058506e-02  1.35632247e-01 -2.21634167e-03  1.60709806e-02
 -3.19535024e-02  2.84229424e-02  3.64995673e-02  4.67605032e-02
  6.31465763e-02  4.34001200e-02 -2.14077607e-02 -5.69593510e-08
  5.88403456e-02 -4.39222045e-02 -2.25376524e-02  1.67099554e-02
  5.11648739e-03 -1.63489266e-03 -1.13396710e-02 -2.70651337e-02
  1.50899924e-02  9.81166214e-02  9.17583182e-02 -6.98656216e-02
  1.75594520e-02  4.33823187e-03  9.98064992e-04  2.46167220e-02
  3.13785970e-02  6.38789535e-02 -2.52548251e-02  3.34832235e-03
  3.37440358e-03  4.22961824e-03 -1.08247466e-01  3.30587067e-02
  7.29307085e-02 -1.97875574e-02 -5.56377247e-02 -5.25888577e-02
  1.93136614e-02 -1.40896291e-02  6.64550671e-03 -4.86016199e-02
  4.24485728e-02 -1.07721180e-01 -4.58048284e-02 -2.80792490e-02
  9.55049470e-02 -4.08289842e-02 -2.06061192e-02  2.81543913e-03
  1.43512547e-01  4.36578654e-02 -8.02550018e-02 -3.78937498e-02
  2.28824951e-02  1.07154017e-02  8.42625275e-03 -4.10612598e-02
 -2.32990999e-02 -8.39974452e-03 -3.12925465e-02  5.06860623e-03
 -1.67339500e-02  8.04455429e-02  1.16557740e-02  4.86552948e-03
 -3.89125794e-02  7.62534067e-02 -4.83353287e-02 -4.61157784e-02
  1.04185767e-01  9.76160988e-02 -5.23809642e-02 -1.01895869e-01]