[-5.21769375e-02  6.35680407e-02 -6.90739155e-02 -4.90133911e-02
 -5.56677580e-02  2.22403426e-02 -1.42714400e-02  1.36465728e-01
  1.20394044e-02  1.07947914e-02  4.74086776e-02 -1.16218857e-01
  4.06155922e-03  3.48635740e-03 -2.99817193e-02 -4.49114330e-02
  1.75859090e-02  1.96238328e-02  3.54913808e-02  2.88949478e-02
  7.21459612e-02 -7.95499608e-02 -1.22968309e-01  7.75506645e-02
 -8.95061493e-02  1.02114215e-01 -2.70170867e-02  1.14982510e-02
 -1.02350101e-01 -5.96183650e-02 -1.61304157e-02  5.38308360e-02
  3.66976447e-02 -3.61946560e-02  5.41709960e-02 -4.81282845e-02
  3.73277590e-02 -1.29973702e-02  1.91746280e-02  5.65229543e-02
 -7.19707534e-02 -6.52972460e-02 -7.87345916e-02 -5.45893051e-02
  7.61989728e-02 -2.28122529e-02  4.45100851e-02  8.69977921e-02
  2.28738822e-02 -9.55650881e-02 -1.30239520e-02  9.47741866e-02
  1.09582872e-03 -2.12395564e-02 -1.99095700e-02 -3.51653174e-02
 -7.15538720e-03  2.01975647e-02  7.22679570e-02  3.53120081e-02
  5.52042723e-02 -7.07042515e-02 -3.47196274e-02  5.80437481e-03
 -3.11734108e-03 -6.07440472e-02 -5.33484071e-02 -8.82803053e-02
 -5.67960367e-02  2.69746091e-02  6.12154752e-02 -9.82393697e-02
 -1.12194428e-02 -7.44481087e-02 -3.53709869e-02  1.28326580e-01
  1.59329306e-02  5.13466336e-02  1.20725809e-02 -9.43024382e-02
  6.49915114e-02 -4.35409322e-02  4.33237059e-03 -6.91906214e-02
  3.95846814e-02 -1.14667825e-02  1.08018942e-01 -6.95667863e-02
  5.12441583e-02  1.67738385e-02 -1.50583023e-02  6.82132468e-02
 -9.15563032e-02  3.14910896e-02  1.37267979e-02 -3.18301469e-02
  2.34559346e-02  5.29519878e-02  6.83982074e-02  5.59993684e-02
 -3.42199206e-03 -3.47897820e-02 -7.60681331e-02  3.49040069e-02
 -2.80801132e-02  5.20365946e-02  3.29864658e-02  3.40121575e-02
  4.29420881e-02  4.08431441e-02 -6.38484731e-02 -2.09562685e-02
 -8.65214840e-02 -1.41440029e-03  5.96548850e-03 -3.20529402e-03
 -2.23528780e-02 -4.62603308e-02 -9.26084165e-03  1.45646161e-03
  5.84379658e-02 -5.72011396e-02  1.91112645e-02  1.49578778e-02
  6.13339767e-02 -2.48233732e-02  5.74486628e-02  1.43077925e-32
 -5.49440980e-02 -3.20623405e-02 -1.39068244e-02 -1.79528855e-02
  2.16369182e-02  8.85455608e-02 -9.03003812e-02  5.22331744e-02
  2.62855049e-02 -1.05389266e-03 -9.01406333e-02  7.68799484e-02
 -7.25724846e-02 -3.47760469e-02  8.98677781e-02  4.14055362e-02
  3.74010131e-02 -7.79766217e-02 -4.22783718e-02 -8.68272036e-02
 -1.23493513e-03  1.39129283e-02  3.18561792e-02  3.49981450e-02
  1.87644940e-02  1.07177429e-01 -2.80668736e-02 -8.36278349e-02
 -4.70041558e-02  5.71703874e-02  4.05397173e-03 -7.71979243e-02
  3.40835564e-03  1.52315246e-02 -7.21966401e-02 -3.18065844e-02
 -3.25559336e-03 -1.77749991e-03 -2.55477522e-02 -4.73009283e-03
 -1.64245777e-02  2.85638049e-02  1.93526372e-02 -2.89035086e-02
 -4.19007540e-02  2.12258194e-02  4.26871404e-02  4.39919196e-02
  8.24218690e-02  2.79775765e-02 -2.94654611e-02 -6.30280375e-02
 -5.32537401e-02 -3.65286246e-02  4.80818413e-02  4.08870764e-02
 -8.94115865e-02  3.75050679e-02  9.78311524e-03  1.65565908e-02
 -5.13489963e-03  4.52371091e-02 -3.19870710e-02 -4.29135514e-03
 -7.97266141e-02  1.99157540e-02  2.88941972e-02  1.13607578e-01
  6.51581734e-02 -4.53132056e-02 -6.65253550e-02 -2.59883311e-02
  1.69417858e-02 -1.39343170e-02  4.64313431e-03 -1.81954149e-02
  5.99109381e-02  5.00113890e-02 -8.17143247e-02  5.91381118e-02
 -3.87547426e-02  2.54318528e-02  3.32961194e-02 -8.92888084e-02
  8.41589719e-02  3.27437371e-02 -1.37115102e-02  8.90623406e-02
 -7.75748771e-03 -1.81523839e-03  1.30294515e-02  9.30480286e-03
  3.46578397e-02  1.16026532e-02  4.92836684e-02 -1.47020886e-32
  3.93144041e-02 -6.61733747e-02  4.02172282e-02 -2.29640156e-02
  1.74256824e-02  4.34854068e-02 -9.90295038e-02 -5.46294264e-02
 -3.95689532e-02 -1.19402207e-01 -4.49777655e-02 -1.84323285e-02
  7.38519803e-02 -2.39498597e-02 -6.21371381e-02 -4.39016614e-03
 -2.70332918e-02 -7.57541955e-02 -1.12717927e-01 -9.92730260e-03
 -5.20444335e-03  5.18902019e-02 -3.34052928e-02 -6.66976348e-02
 -9.11980346e-02 -3.66767123e-02  1.58918574e-02  4.03205864e-02
 -5.34611661e-03  4.89398539e-02 -3.04892045e-02  6.44993261e-02
 -3.09812278e-02  1.32236004e-01  2.95310710e-02  5.06875627e-02
  5.20366728e-02  1.07145393e-02  4.76294616e-03  8.20553601e-02
 -3.98130007e-02  2.81323995e-02 -9.64937452e-03 -2.09232364e-02
  1.09211300e-02 -1.30175082e-02 -2.38092896e-02 -5.58780991e-02
  2.37674117e-02  1.47408983e-02  7.30425268e-02 -5.59095182e-02
 -6.89389557e-02  1.21240309e-02 -4.89809141e-02 -1.75988786e-02
 -1.89139135e-02 -1.24971578e-02 -4.94804420e-02 -1.81445110e-04
  1.39171019e-01  2.95575000e-02 -1.00163370e-02 -7.05274791e-02
  3.86718847e-03 -2.67516114e-02 -1.12800136e-01  8.90445895e-03
  4.77372967e-02  2.14566551e-02  7.30608478e-02 -5.52919321e-02
 -8.25646594e-02  2.65707895e-02 -4.90811728e-02 -2.54211500e-02
 -7.60247633e-02  7.51310140e-02  2.62544900e-02  4.76510543e-03
 -1.11254036e-01  2.41821054e-02 -1.31330490e-02  8.74672178e-03
  1.86556149e-02  1.61736440e-02  4.26132679e-02 -2.26836447e-02
 -7.13200774e-03  2.20632739e-02  4.35676500e-02  4.72339243e-02
  8.78824964e-02  5.42780124e-02 -6.19105063e-02 -6.93510671e-08
  6.32399991e-02 -1.52757345e-02  4.52771261e-02  5.54011501e-02
  4.57101241e-02 -5.42842001e-02 -6.67621987e-03 -7.81477019e-02
  3.18333879e-03  4.11536172e-02  4.17439826e-02 -5.36210975e-03
 -4.37496156e-02  4.81173489e-03 -6.30890876e-02  2.04029102e-02
 -1.12600671e-02  4.21600901e-02  1.03756608e-02 -1.83215942e-02
  1.23685868e-02 -4.67257015e-02 -1.90369226e-02 -2.68344227e-02
  3.36164460e-02 -8.52742717e-02  3.82845104e-03 -5.77394925e-02
  1.92321613e-02 -5.15751429e-02 -4.05675136e-02 -7.11898506e-03
  6.78574294e-02 -5.33002093e-02  2.96548009e-02 -3.05010867e-03
  2.65787095e-02  3.12265847e-02 -8.40324685e-02 -2.63719596e-02
  1.32642701e-01 -4.52197120e-02 -2.35165581e-02 -5.37598841e-02
  2.63364054e-02  3.52895670e-02 -5.09580225e-03 -1.42559595e-02
 -1.55072836e-02  7.94761032e-02 -6.47688210e-02  4.22997698e-02
  5.19742584e-03  5.16046956e-02  4.56678495e-03  1.92262791e-02
 -1.75582003e-02  9.81647801e-03  8.60763306e-04  9.83809493e-03
  1.15543101e-02  2.14601457e-02 -3.31623405e-02 -5.76324016e-02]