[ 8.86997581e-02  3.46947275e-02 -7.16588125e-02 -3.86850387e-02
 -5.34876660e-02 -2.83532478e-02 -2.92870365e-02  6.35846928e-02
  2.17729416e-02  4.83622290e-02  7.47166947e-02 -3.48100699e-02
 -2.22267229e-02  5.41745424e-02  3.47981378e-02 -8.93358663e-02
 -9.43822437e-04 -2.36126110e-02 -8.30362551e-03  3.14769633e-02
  1.14439853e-01 -2.77414098e-02 -1.02065071e-01  7.75151476e-02
 -1.18919171e-01 -7.83177558e-04 -2.84163542e-02  3.34722688e-03
 -7.09283724e-02  1.33638754e-02  2.37986143e-03  1.10163270e-02
  1.11335583e-01 -1.12466142e-02  2.63629165e-02  1.19477017e-02
  9.59630236e-02 -4.50792685e-02 -8.71900320e-02  8.32298100e-02
 -4.70592901e-02 -2.30296049e-03 -1.09546587e-01 -4.83070128e-02
 -8.54739547e-02 -8.44610184e-02  4.04403433e-02  3.87269966e-02
 -3.59765925e-02 -5.80484569e-02 -1.61575654e-03  5.36091588e-02
 -6.94868043e-02 -1.88866518e-02 -5.24784140e-02 -6.19831793e-02
 -1.55146765e-02  4.22271108e-03  5.35628013e-02 -1.96158588e-02
 -6.03111237e-02 -1.32014658e-02  2.15818398e-02  3.08446456e-02
  8.41478631e-03 -2.21443847e-02 -5.06490506e-02  6.59204880e-03
 -6.16204888e-02  4.85894606e-02  2.27533467e-02 -8.85905772e-02
  1.69248525e-02  4.19044569e-02 -7.24005699e-02  1.01733975e-01
  4.88894098e-02  8.70691389e-02  3.26257804e-03 -1.12758085e-01
  1.61469309e-03 -2.79017165e-02 -5.73555306e-02 -8.33865628e-02
 -3.93071584e-02 -1.90248955e-02 -3.23593691e-02  5.92607260e-03
  5.52494414e-02  2.03204434e-03  1.00603186e-01  1.13172242e-02
 -4.91316952e-02  8.01665150e-03  4.47291322e-02  1.14621436e-02
 -2.11783536e-02 -1.30703792e-01  7.15141669e-02 -5.33428080e-02
  2.16932949e-02  1.82847697e-02  8.38434473e-02 -3.30298208e-02
 -3.71564068e-02  8.69117025e-03 -1.40248425e-02 -2.45467690e-03
  3.28742079e-02  4.58716415e-02 -9.72288474e-02 -4.62430753e-02
 -2.23080963e-02 -1.90499667e-02 -2.76424848e-02  3.13318782e-02
  2.56333151e-04 -2.67197695e-02  2.28548534e-02  2.50871759e-02
  3.07550859e-02 -6.42479286e-02 -1.05903139e-02 -1.70586202e-02
  4.29717414e-02 -4.16822955e-02  4.83277347e-03  1.68225467e-32
  1.82868191e-03 -3.38443443e-02  5.01173548e-03 -1.57832671e-02
  4.50062603e-02  5.59088122e-03 -3.12967151e-02  1.30891055e-01
  1.85187813e-02  2.51506213e-02 -3.02680824e-02  1.80313736e-02
  1.78679563e-02  2.96433195e-02  9.42694768e-02  2.96790171e-02
  3.65165137e-02 -2.68356986e-02 -2.13755686e-02  1.48181687e-03
 -3.35918143e-02 -2.52671354e-02  7.63770118e-02 -9.05544590e-03
  6.08087443e-02  3.91126461e-02 -2.25676000e-02 -4.75132205e-02
 -9.90754832e-03  2.09115054e-02  6.12951405e-02 -3.41308601e-02
 -3.57155465e-02 -1.57714989e-02  2.88096932e-03  9.00756475e-03
  2.91496757e-02  2.98999473e-02 -7.54900128e-02 -6.95109218e-02
 -1.05071103e-03 -1.11491680e-02  7.23493323e-02  5.73784038e-02
  4.22366485e-02 -4.66890261e-02  9.15537849e-02 -1.50767807e-02
  4.36483696e-02  7.80396461e-02 -1.64872818e-02 -3.64230387e-02
 -1.04964919e-01 -7.98383281e-02  1.92037579e-02 -3.09837405e-02
 -9.53711346e-02  3.43447775e-02 -1.49657764e-02 -6.02415949e-02
  3.29031087e-02 -7.07113519e-02  1.41380951e-02 -1.90205518e-02
 -4.14709598e-02 -4.14795093e-02 -1.23147573e-02  5.35374619e-02
  5.94220273e-02  1.43835386e-02 -6.94460496e-02  5.74105419e-03
 -5.40317744e-02  6.13634009e-04  2.89331973e-02 -8.14828742e-03
  1.07863471e-01  1.75542701e-02 -5.13952151e-02  5.60972802e-02
 -6.40089139e-02  3.24222073e-03  3.01014669e-02  2.65853829e-03
  7.07610697e-02  7.07348296e-03  2.36961413e-02  1.67390391e-01
  1.79879423e-02  3.16205882e-02  3.90962921e-02  2.85578296e-02
  7.04023754e-03 -3.06741036e-02  3.93470824e-02 -1.66973609e-32
 -2.33727805e-02 -1.85769834e-02 -6.61552474e-02 -1.32856861e-04
  5.24438955e-02 -4.43042256e-03 -1.18165269e-01  2.20172759e-03
 -8.22219551e-02 -1.64034247e-01 -1.18107788e-01 -5.90406731e-02
  1.49487421e-01 -3.03256288e-02 -5.64048029e-02  5.25123402e-02
 -2.35016905e-02 -3.79028916e-02 -2.73850299e-02 -4.65111285e-02
 -3.93442288e-02  7.84041584e-02  8.51316601e-02 -2.82243472e-02
 -8.96237791e-03 -1.05370199e-02 -1.98387913e-02  1.60962995e-02
 -1.08041056e-01  4.85247597e-02  1.19932871e-02  1.86835732e-02
 -7.31568038e-02  1.48888901e-01 -7.90678486e-02 -1.50100067e-02
  4.18149196e-02  1.77688021e-02 -2.43176823e-03  4.41974550e-02
  6.57998994e-02  6.20669350e-02  1.14696035e-02 -2.95149758e-02
 -3.43779512e-02  3.93477753e-02 -5.80879254e-03 -5.45061380e-02
  2.93874592e-02  2.37829075e-03  4.99801524e-02 -4.02179137e-02
 -6.38036802e-02 -4.48396727e-02  4.19486389e-02 -6.96524456e-02
 -2.03264225e-02 -2.20595896e-02 -1.03132792e-01 -3.93187301e-03
  6.29782081e-02  3.60080302e-02 -5.89124858e-02 -2.60059740e-02
  1.58807244e-02 -5.48514538e-02 -2.01830710e-03  3.27179432e-02
  1.40521601e-02  1.50916893e-02  5.30847833e-02 -6.18253164e-02
 -1.15652122e-01  2.21679304e-02 -6.38706312e-02 -1.99762229e-02
 -1.22698918e-02 -3.69632319e-02 -4.13079448e-02  3.53388377e-02
 -4.08965908e-02 -8.32603220e-03 -2.94885654e-02  4.20691855e-02
 -9.01312754e-03  7.44359791e-02 -4.66039181e-02  6.74782842e-02
  1.89730041e-02  7.33769014e-02 -2.60583824e-04  3.93777043e-02
  4.94583733e-02  5.19047976e-02  1.59658156e-02 -7.15486692e-08
  4.34686579e-02 -8.20106268e-03  2.27190275e-02  3.76614891e-02
  3.25642340e-02 -2.09181383e-02  2.09855828e-02 -3.92950047e-03
 -1.64232012e-02  7.18813464e-02 -6.28344761e-03 -1.65069231e-03
 -1.75926052e-02  4.04285826e-02 -1.59000959e-02 -2.64051817e-02
  7.48392865e-02  6.18138872e-02 -2.48464309e-02  1.41253117e-02
  4.79414277e-02 -1.67719144e-02 -1.01815484e-01  1.00358531e-01
  7.74494261e-02 -3.21278684e-02 -3.92483212e-02 -1.26475850e-02
  3.07351090e-02 -9.12855659e-03  2.74863336e-02 -3.86149324e-02
 -2.84403656e-02 -3.00809052e-02 -4.71071526e-02 -7.36653358e-02
 -3.56895030e-02  4.90377843e-02 -7.36359134e-02  5.29715931e-03
  1.26896903e-01 -3.02947685e-02  6.85900124e-03 -4.12354842e-02
 -5.42232357e-02  9.12102032e-03 -6.49988800e-02  2.85772532e-02
  2.96954215e-02  4.64298315e-02 -4.78939973e-02  2.85395198e-02
  8.52658227e-03  4.66634631e-02 -9.78715345e-03 -8.59744772e-02
  1.36508495e-02 -5.72903547e-03  4.68042642e-02  2.83427391e-04
  2.78206747e-02  4.24082018e-02 -3.79811302e-02 -2.95664258e-02]