[-3.14894915e-02  2.07632706e-02 -4.41366397e-02 -5.19641936e-02
 -3.85330170e-02  5.97958006e-02 -3.74075249e-02  1.12743683e-01
  3.49571668e-02  4.64194342e-02  5.70901185e-02 -2.58550029e-02
 -5.78504580e-04 -1.62444934e-02 -5.48041971e-05  6.79053180e-03
 -6.67811632e-02  3.26972865e-02  3.45146582e-02  4.80851829e-02
  6.42264560e-02 -5.80266155e-02 -8.30334947e-02  1.19987808e-01
 -6.46168962e-02  4.23833095e-02 -1.16114914e-02  4.66781147e-02
 -7.84971267e-02 -1.36554137e-01 -3.22035961e-02  7.06619024e-02
  3.89248431e-02 -4.70477566e-02  4.69948240e-02 -5.21903597e-02
 -3.19870524e-02 -6.69928789e-02  2.13796441e-02  5.85822873e-02
 -1.16179427e-02  2.17072945e-02 -2.90055387e-02 -3.49322855e-02
  3.32401395e-02  2.02968270e-02  9.61884260e-02  4.79206145e-02
  2.50417665e-02 -7.16403201e-02 -5.74195907e-02  3.77020240e-02
  2.22365391e-02 -7.70268515e-02 -2.17839777e-02 -2.11143540e-03
  3.48717794e-02 -2.18835734e-02  1.11379981e-01  8.40062276e-03
  6.89921454e-02 -3.45651396e-02 -1.51495067e-02 -5.11740474e-03
 -2.72267386e-02 -8.84253308e-02 -6.77087530e-02 -5.93385734e-02
 -4.87910360e-02  6.60800785e-02  2.16810163e-02 -8.15460458e-02
 -8.63667112e-03 -3.55459861e-02  1.08729629e-02  1.33800596e-01
  1.27652921e-02  2.40187570e-02 -2.67447671e-03 -8.94020125e-02
  5.26469387e-02 -6.84774816e-02 -4.71890438e-03 -6.89825490e-02
  4.27479297e-02 -1.16063366e-02  9.33820009e-02 -2.50335895e-02
  4.35039215e-02 -1.07149174e-02 -8.58164392e-03  8.52131322e-02
 -4.01167870e-02 -6.59033749e-03  2.88362964e-03 -2.51583918e-03
  3.90262939e-02 -2.84064766e-02  3.59780006e-02  3.75278816e-02
  7.32840449e-02 -1.03791163e-03 -4.25013229e-02  3.03888004e-02
 -7.29007199e-02  9.78231579e-02 -6.42234553e-03  1.40013658e-02
  2.98600178e-02  3.51724364e-02 -3.96542624e-02 -8.03909451e-03
 -8.63133520e-02 -5.13242036e-02 -7.92202204e-02  2.78146397e-02
 -2.81215254e-02 -1.13762720e-02 -1.19656383e-03  4.57179733e-02
 -5.14530484e-03 -1.06467351e-01  2.26483382e-02  1.12084905e-02
  2.18769033e-02  2.08412427e-02  4.55093645e-02  1.76270976e-32
 -2.77402680e-02 -6.01977520e-02 -2.49135420e-02 -3.58297192e-02
  1.12942057e-02  2.60429531e-02 -7.48343766e-02  5.99773750e-02
  2.37254258e-02  1.10251680e-02 -5.78294769e-02  5.54519556e-02
 -2.06533987e-02  7.72887794e-03  5.63811027e-02 -1.99843179e-02
  9.76036862e-02 -9.28303450e-02 -5.07908985e-02 -2.49699447e-02
  2.85304524e-02  3.40526588e-02  7.68635422e-03  3.50221545e-02
  5.32907434e-02  1.17726684e-01 -3.67787704e-02 -1.08807132e-01
 -1.24810934e-01  4.48093638e-02 -2.56476067e-02 -3.39631103e-02
 -5.67589477e-02  2.53146961e-02 -6.23332262e-02 -5.47461286e-02
  2.78807264e-02  1.07341092e-02 -2.94267070e-02  3.29567604e-02
 -3.82640734e-02 -3.79473642e-02 -1.00807566e-03 -1.45327253e-02
 -2.73752678e-02 -6.45698458e-02  3.11772265e-02  2.21119095e-02
  1.04909502e-01  9.51576382e-02 -6.89697787e-02 -6.02286756e-02
 -2.35298444e-02 -6.46083727e-02  6.35849014e-02 -3.67510412e-03
 -1.05195738e-01  4.56497297e-02 -1.23286918e-02  4.42699110e-03
  2.87954397e-02  3.10545918e-02 -6.59929514e-02 -4.50072661e-02
 -7.68610686e-02  4.27468419e-02 -2.46276543e-03 -4.78577875e-02
  1.11987516e-01  2.06679516e-02 -8.47561806e-02 -3.80975790e-02
 -1.86183173e-02  1.54137816e-02  4.02835719e-02 -2.10282276e-03
  5.77241462e-03 -6.06520846e-03 -6.78385422e-02  4.62247021e-02
 -5.63119091e-02  1.43349031e-02  1.76826548e-02 -5.41142710e-02
  7.42661208e-02  1.71441138e-02  3.35722901e-02  6.53311014e-02
  3.09767239e-02  3.49644236e-02 -2.34145820e-02 -6.59969263e-03
  5.61707430e-02  2.03732699e-02  8.68865475e-02 -1.73883694e-32
 -3.22899818e-02 -1.09833628e-02  5.79911582e-02 -5.00511657e-03
 -2.49163769e-02  1.17417108e-02 -2.42122915e-02 -4.01283391e-02
 -4.30489779e-02 -1.26372695e-01 -9.93210971e-02 -2.55980734e-02
  6.56037554e-02  1.11881085e-02 -2.78902762e-02  1.84995569e-02
 -8.75343755e-02 -9.77776647e-02 -9.61212143e-02  2.31893510e-02
  4.85635996e-02  5.15035540e-02  3.15181948e-02  1.12741431e-02
 -1.01252943e-02 -1.41898086e-02  2.31438223e-02 -4.13917936e-02
 -2.77642068e-02  2.23832894e-02 -2.57463735e-02  6.26373515e-02
 -1.92701782e-03  1.36611804e-01 -7.16279820e-02  6.75178319e-02
 -2.91601084e-02  9.60021764e-02 -6.10526092e-02  1.48992211e-01
 -1.14106126e-02  2.49690097e-02  5.19800335e-02 -6.64074570e-02
 -9.48286615e-03 -3.07653993e-02  1.27229588e-02 -3.35056968e-02
  1.50697669e-02  3.65378819e-02  2.51576118e-02 -2.27747615e-02
 -3.84466983e-02 -2.68614125e-02 -1.43437507e-02 -7.26251528e-02
 -4.40790411e-03 -2.85724457e-02 -6.73022643e-02  1.72287207e-02
  1.33898869e-01  3.35614420e-02 -2.22834740e-02 -4.89339158e-02
  4.42839600e-02  3.94482259e-03 -6.52245954e-02  1.03463412e-04
  2.46582590e-02  2.67332457e-02  3.22897248e-02 -1.78325211e-03
 -5.69940768e-02  1.78805422e-02 -1.52403880e-02  3.90447117e-02
 -1.14921756e-01  5.40697724e-02 -9.01909918e-03 -4.80468298e-05
 -1.53989717e-02  2.51953639e-02 -3.58097032e-02  3.61958705e-02
 -3.85922715e-02  1.12535581e-01 -2.27952097e-02 -2.27601118e-02
  5.37740849e-02 -2.99427267e-02  3.75691205e-02  7.53865689e-02
  7.79388323e-02  1.51838139e-02 -6.71190098e-02 -7.10610593e-08
  5.92218488e-02 -1.12696262e-02  3.27445231e-02  5.99327497e-02
  3.17649730e-02 -2.36799475e-02 -5.84440678e-03 -1.00389898e-01
 -2.99403490e-03  2.96089351e-02  4.31586467e-02 -1.34662818e-02
  1.07109854e-02 -6.89181313e-03 -7.65953166e-03  6.02247417e-02
  1.14250788e-02  9.82677937e-02  4.99004265e-03  1.00279320e-03
 -2.59793252e-02  1.24860508e-02 -8.40349197e-02  2.53302734e-02
  3.89328636e-02 -8.31902176e-02 -2.73179449e-02 -2.93071084e-02
  1.44480367e-03  8.72224197e-03 -8.39237403e-03 -6.20926172e-02
  6.19398989e-02 -3.36821340e-02  3.35276648e-02 -1.54476310e-03
  1.56968050e-02  3.07390261e-02 -1.02703094e-01 -3.11446823e-02
  8.30735937e-02 -1.02265028e-03 -6.79008141e-02 -5.52322306e-02
 -1.10363942e-02  9.23468359e-03  1.19426241e-03 -6.78910166e-02
  1.13857454e-02  1.87386833e-02 -7.85722584e-02  7.53209274e-03
 -5.47024533e-02  8.36061910e-02 -1.13393981e-02  6.78978413e-02
 -8.78861174e-03 -6.02172203e-02 -4.70951088e-02 -6.32953048e-02
  4.63972706e-03 -8.93153250e-03 -3.25951688e-02 -8.32415223e-02]