[ 1.86580401e-02  5.14060110e-02 -6.46761954e-02 -6.97325096e-02
 -1.20193241e-02  4.31379266e-02 -9.04378109e-03  7.01402575e-02
 -3.71953286e-02  5.78972697e-03 -2.13746540e-03 -2.86528505e-02
 -7.04724342e-02  9.37999971e-03 -1.73774306e-02  2.82389876e-02
 -6.19746652e-03  1.12646241e-02  2.15744190e-02  4.87243943e-02
  9.32801962e-02 -1.37452688e-02 -6.50569722e-02  8.25797692e-02
 -4.28563915e-02  4.14638519e-02 -4.76805680e-02  4.75372933e-02
 -2.68064179e-02 -3.62764262e-02 -3.97408083e-02  1.97907016e-02
  2.71617025e-02 -1.06524378e-02 -1.34159736e-02 -1.04727589e-01
 -4.16513579e-03 -1.97338182e-02 -2.55898777e-02  6.05318695e-02
 -7.23996609e-02  1.85090657e-02 -1.08918622e-01 -2.12624017e-02
  3.36974673e-03 -7.48536512e-02  5.65143600e-02  5.41802756e-02
  2.68061515e-02 -2.71525234e-02 -6.53674304e-02  7.75208231e-03
  8.51514470e-03 -5.28514050e-02 -5.47229254e-04 -6.20790385e-03
 -5.17093949e-02 -4.68574874e-02  2.40712594e-02 -3.18094827e-02
  6.03062846e-02 -3.20750289e-02 -4.94749844e-02  1.76824275e-02
 -3.22539993e-02 -1.46159576e-02 -7.08314963e-03 -8.15259963e-02
 -1.29576465e-02  5.68245947e-02  1.08710498e-01 -7.84055367e-02
  2.22841445e-02 -7.25034922e-02 -8.73394161e-02  1.37093291e-01
  5.52591262e-03  8.23259652e-02 -1.38249556e-02  2.76475446e-04
  4.68173958e-02 -5.74856587e-02 -3.64073738e-02 -6.01821803e-02
  6.24659285e-02 -2.11412292e-02  2.74975821e-02 -1.46965925e-02
  2.50916574e-02  4.63300990e-03 -3.53987999e-02  6.29453063e-02
 -3.39648849e-03 -6.57288134e-02  6.21974170e-02 -1.02513116e-02
  5.83393537e-02 -1.78138781e-02  1.01483710e-01  4.52961586e-02
  1.66026000e-02  2.00306084e-02 -8.85783434e-02 -8.91317264e-04
 -4.50306162e-02  1.07039444e-01  5.47230057e-02 -8.45324155e-03
  4.32134531e-02  4.82621156e-02 -4.49335910e-02 -4.83930716e-03
 -1.38148675e-02 -1.04805678e-02 -9.67271253e-02 -1.14809666e-02
 -3.50880623e-02  3.87721583e-02  2.83686128e-02  8.93712640e-02
 -9.43544880e-03 -6.74339980e-02  4.57623266e-02 -1.58098228e-02
  6.69766515e-02 -3.48186567e-02 -2.55174171e-02  1.35141810e-32
  1.09551027e-02 -2.40602754e-02  5.92782162e-03 -2.42145266e-02
  3.96529622e-02  6.11966774e-02 -6.70399666e-02  2.45882943e-02
  8.88771378e-03 -2.33665784e-03 -6.06338792e-02  5.61420992e-02
 -2.40026135e-02 -5.40747605e-02  7.91652128e-02  2.20578071e-02
  4.27281857e-02 -5.39427251e-02 -3.07875350e-02 -7.27594420e-02
 -1.28716249e-02  2.48410087e-02  1.27347736e-02  7.11428672e-02
  2.86672488e-02  1.67276993e-01  1.18263410e-02 -9.98784676e-02
 -1.11271225e-01  6.90390468e-02  4.44929581e-03 -1.83282187e-04
 -6.48736209e-02 -1.42605777e-03 -2.82540973e-02 -2.12637670e-02
 -4.84853704e-03  3.06508355e-02 -7.19987496e-04 -1.82366725e-02
 -6.51291683e-02 -7.67692626e-02  6.90659275e-03 -9.76998545e-03
 -6.30137622e-02 -1.37597965e-02 -3.52647677e-02  1.62037779e-02
  9.55720022e-02  3.02093476e-02 -3.00715864e-02 -1.18234493e-01
 -4.89641055e-02  7.71559076e-03  1.83177385e-02  2.00534407e-02
 -5.29053211e-02  1.15246326e-02 -2.58147456e-02 -3.55252028e-02
 -2.46210098e-02  3.97979654e-03 -1.86696723e-02  4.42877412e-03
 -2.20659543e-02  3.75010334e-02 -1.78215262e-02 -6.00119978e-02
  5.34610599e-02  2.16601416e-02 -7.86265265e-03 -4.90917973e-02
 -4.22664620e-02 -1.98374335e-02  3.75319831e-02 -2.86842766e-03
  4.82390858e-02  1.41199706e-02 -4.49998304e-02  3.82689908e-02
 -7.98209235e-02 -1.36806536e-02  4.23941910e-02 -4.44212295e-02
  4.39037308e-02 -3.45126316e-02 -1.90348122e-02  1.27744496e-01
  4.16767709e-02  4.67456542e-02 -2.98351385e-02 -1.00167459e-02
  9.96164680e-02 -2.11638864e-03  1.74393095e-02 -1.36744876e-32
  8.54136795e-03 -2.92856097e-02  6.00274466e-02  1.52256750e-02
  2.80763395e-03  6.70648515e-02 -7.89846480e-02 -3.85185555e-02
 -8.45307559e-02 -1.19276866e-01 -5.76122664e-02 -1.34015002e-03
  6.38868138e-02  4.79453802e-03 -4.82185259e-02  7.46372417e-02
 -1.26740420e-02 -1.35880798e-01 -5.78971989e-02 -4.48791794e-02
  4.09008674e-02 -3.79135013e-02  4.35143858e-02 -1.10399025e-02
 -8.46941769e-03 -4.67593148e-02  1.03975199e-01 -4.47613224e-02
 -3.05246022e-02 -2.52668336e-02  1.28557943e-02  7.84904808e-02
 -6.13061059e-03  1.13643803e-01 -2.42048455e-03  7.35708773e-02
  4.98028807e-02  4.24091034e-02 -4.06365469e-03  1.24690592e-01
 -2.32894700e-02  2.57286616e-02  3.36175263e-02 -7.09256083e-02
  6.18284289e-03 -5.21946475e-02 -2.69058328e-02 -9.83551815e-02
  4.47271280e-02 -1.54275307e-02  9.19022262e-02 -6.60067499e-02
 -5.86281568e-02  4.43606749e-02 -4.37309332e-02  9.06860735e-03
  3.84662747e-02 -5.56550659e-02 -4.54219729e-02  5.00583835e-02
  1.37588337e-01  5.95893227e-02 -4.25907224e-02  2.11826921e-03
 -1.62448976e-02 -9.31909382e-02 -5.82018718e-02  2.68024858e-02
  6.13745768e-03  1.25487626e-03  3.55606922e-03 -6.23687133e-02
 -1.19176302e-02  1.57328874e-01 -3.97910252e-02  1.48946233e-02
 -5.26520908e-02  1.02128601e-02  5.37163876e-02  1.55259604e-02
 -6.61173686e-02  2.48818528e-02 -9.46803577e-03  6.23806007e-02
 -2.78478172e-02  3.57944816e-02  7.94346780e-02 -4.84123118e-02
  3.98986302e-02  1.90145951e-02  6.51936606e-02  9.11550671e-02
  5.87482937e-02  1.56814919e-03 -3.77111211e-02 -6.18594669e-08
  1.11157879e-01 -3.62504721e-02  2.28750650e-02  6.16951659e-02
 -7.78392656e-03 -4.55650464e-02 -3.36853252e-03 -2.27916259e-02
 -3.88557799e-02  3.95367965e-02  8.48023519e-02 -4.96396460e-02
 -4.66371654e-03 -9.05608479e-03 -1.35072414e-02  4.15989943e-03
 -6.51984522e-03  6.26912713e-02 -3.06952628e-03 -2.46228185e-02
  2.99800048e-03 -3.47049758e-02 -7.58324936e-02  6.63849339e-03
  2.17933021e-03 -8.72394592e-02 -7.06788450e-02 -1.50327589e-02
  8.99521168e-03  1.23694101e-02 -7.38283694e-02  5.05084544e-02
  4.16597053e-02 -8.54266807e-02 -8.91282707e-02 -5.37128896e-02
  9.09160450e-02 -2.62899566e-02 -3.78949195e-02 -1.02293994e-02
  9.49811637e-02  1.65554322e-02 -4.51760292e-02 -9.64563414e-02
 -3.79044525e-02  3.31351114e-03  2.48604622e-02 -5.20598218e-02
 -2.05957461e-02  1.04899481e-01  1.66412182e-02  5.95960096e-02
 -4.13087942e-03  7.16362819e-02 -3.91572416e-02 -1.22146970e-02
 -1.06607946e-02 -9.53414943e-03 -1.41550209e-02 -8.83499980e-02
  1.62433349e-02  1.77445766e-02 -1.11750383e-02 -2.55363584e-02]