[-1.25263305e-02  6.05478734e-02 -1.32719263e-01 -2.44673472e-02
 -5.52955046e-02  2.14286074e-02  1.15684641e-03  1.52205765e-01
 -2.57873628e-02  5.68097606e-02  8.19687769e-02  9.42161120e-03
 -1.32736620e-02  6.42070100e-02 -2.23488081e-02 -2.85436418e-02
  5.69290072e-02  1.70251764e-02 -3.21534351e-02  6.77669868e-02
  4.15287502e-02 -4.40975837e-02 -7.52151161e-02  7.46485218e-02
 -1.80879697e-01 -2.32636905e-03 -5.62352762e-02  2.45387424e-02
 -9.18336883e-02 -1.02050729e-01 -3.99527699e-03  5.76707572e-02
  8.64669010e-02 -1.99464820e-02 -2.25546304e-02 -1.12361208e-01
 -1.96912866e-02 -1.42439716e-02  9.30174813e-03 -2.71241087e-03
 -1.24674939e-01 -5.81355132e-02 -7.73984492e-02 -2.96041593e-02
  2.20503397e-02 -5.92968464e-02  3.73755880e-02  4.84970249e-02
  1.05859907e-02 -3.12803797e-02 -7.86060467e-02  1.66566167e-02
  1.90367413e-04 -2.30940096e-02 -1.54493423e-02 -7.26061407e-03
 -5.30018695e-02 -3.33516225e-02  1.71657596e-02 -4.04092260e-02
  5.29012457e-03 -3.66142094e-02 -4.13187640e-03  5.83586544e-02
 -2.79196594e-02 -1.97659768e-02  5.59823848e-02 -7.02483132e-02
 -5.53384274e-02  8.38171616e-02  8.42369422e-02 -7.93736875e-02
  1.11023253e-02 -5.17644882e-02  5.84081467e-03  6.49007186e-02
  2.51913816e-02  5.41678518e-02 -2.41102483e-02 -7.65202790e-02
  5.80349974e-02 -5.94000332e-02 -5.70127815e-02 -4.80416305e-02
  1.53027354e-02 -8.95029586e-03 -2.66750809e-02 -3.44870687e-02
  2.19462570e-02  2.86264904e-02 -3.06138061e-02  4.39188294e-02
 -4.76542450e-02 -6.92593306e-02  2.78630741e-02 -6.90478459e-03
  5.46016134e-02 -2.92803217e-02  4.88016047e-02 -8.28320533e-03
  9.86619070e-02 -1.70571804e-02  2.58587003e-02  4.18234020e-02
  1.06107406e-02  5.99652044e-02  5.94250821e-02 -4.21001129e-02
  4.24175300e-02  3.53915542e-02 -1.08738959e-01  2.41355747e-02
 -9.05989483e-02 -3.13179679e-02 -1.81791205e-02  7.05536036e-03
 -2.22834535e-02  8.90694733e-04  2.00225711e-02  9.64090042e-03
 -9.00010671e-03 -9.06789154e-02  4.07094248e-02 -1.06749395e-02
  9.83963534e-02 -5.57615012e-02 -1.26490016e-02  9.58729740e-33
 -2.51122564e-02 -7.21392259e-02 -4.43260260e-02 -4.04393822e-02
  4.73101437e-02  1.57911740e-02 -1.21010784e-02  6.00221567e-03
  7.01949792e-03 -2.64845730e-04 -1.21612169e-01 -7.61836674e-03
 -4.04106192e-02 -1.32955723e-02  8.50088373e-02  3.04147117e-02
 -9.54735931e-03 -4.54645641e-02 -8.36505070e-02 -4.50044759e-02
 -2.95863516e-04 -3.26363207e-03  2.80367211e-02 -2.74436711e-03
  2.19456833e-02  1.33701280e-01 -5.96921071e-02 -4.66975868e-02
 -9.84056592e-02  2.53784489e-02  2.34471485e-02 -1.91838117e-04
 -6.45668060e-02 -4.45823669e-02 -2.87666302e-02 -5.56530878e-02
  5.18967351e-03 -1.70590710e-02  2.85493992e-02  1.71628483e-02
  1.62869524e-02  8.39444902e-03  2.64547858e-02 -2.28431653e-02
  1.51566286e-02 -3.58823091e-02 -3.06791719e-02  8.77771378e-02
  8.63462240e-02  6.81988746e-02 -3.48884761e-02 -5.00382148e-02
  3.91839445e-03 -9.54256058e-02 -9.94157605e-03  4.98500653e-02
 -6.29094839e-02  5.15235960e-02 -7.59676322e-02  6.30495921e-02
 -3.85331586e-02 -3.40591259e-02 -4.28476930e-02  3.39939259e-02
 -8.72137547e-02  6.72750035e-03 -1.16167841e-02  5.48161529e-02
  4.09528911e-02  1.07272051e-01 -4.34202105e-02 -4.40750197e-02
 -2.22863200e-05  6.55898498e-03  7.22799972e-02 -3.70677374e-02
  6.16955124e-02  3.46177630e-02 -3.35458182e-02  2.23549400e-02
 -3.38814557e-02  2.22822931e-02 -3.39861624e-02 -4.65353504e-02
  2.43230034e-02  3.52487378e-02 -2.63043214e-03 -6.58999989e-03
  6.65693507e-02  1.18247688e-01  1.44698555e-02  4.83243726e-02
  4.20516729e-02 -6.72412198e-03  5.66010363e-02 -1.18839687e-32
 -3.15488055e-02  3.16359964e-03  7.62687325e-02  4.03407328e-02
  2.45854240e-02  2.46876739e-02 -3.42994221e-02 -4.27693464e-02
 -4.89646941e-02 -1.35881171e-01 -1.50515893e-02  9.51670203e-03
  4.94794212e-02 -9.55542400e-02 -1.66770723e-02  5.74424304e-03
  1.11267611e-03 -1.27600178e-01 -1.99218355e-02 -2.60296986e-02
  1.60343330e-02  3.82812619e-02  6.33964688e-02 -6.87552243e-02
 -6.36806488e-02 -6.56868964e-02 -1.38277663e-02  3.78566980e-02
 -4.96538319e-02  4.05035019e-02  3.54662985e-02  1.04879625e-01
  2.47995835e-02  8.04340839e-02 -8.52953456e-03  8.27816948e-02
 -3.59638594e-02  2.81589851e-02 -3.40216793e-02  1.08669482e-01
 -8.76847748e-03  5.85321262e-02  2.53531281e-02 -2.70411801e-02
 -7.53196189e-03  3.97553816e-02 -2.31251530e-02 -1.75934255e-01
  3.26439254e-02 -1.48255834e-02  1.01769097e-01 -2.03401130e-02
 -3.79442982e-02  7.71423802e-03  1.16324741e-02 -3.97552028e-02
 -2.19113119e-02 -7.96658695e-02 -7.69709498e-02  1.04626184e-02
  9.99134779e-02  4.26765904e-02 -2.91142706e-02 -6.18686453e-02
  3.49112861e-02 -1.54199405e-02 -3.08754314e-02  3.90085168e-02
  3.91143635e-02  5.22130802e-02  7.41338404e-03 -9.36527029e-02
 -2.90818252e-02  9.42593217e-02 -4.05224077e-02 -2.40886640e-02
 -8.38769823e-02  1.36528751e-02 -1.24583803e-02  2.21611541e-02
 -9.51666459e-02  1.20426267e-02 -3.56585048e-02 -3.14404294e-02
 -7.67949671e-02  1.12607457e-01 -6.66600317e-02 -2.99427453e-02
  3.38945612e-02 -1.47809852e-02  5.67435734e-02  6.07543439e-02
  2.69630998e-02 -2.72745397e-02 -9.18522477e-02 -6.31455563e-08
  3.42591777e-02 -2.09168494e-02  6.34568632e-02  5.88018186e-02
  3.09761744e-02 -4.06053243e-03 -5.49117569e-03 -1.80964321e-02
 -2.64482177e-03  5.65523058e-02  3.92831229e-02  2.39333715e-02
  4.59189378e-02 -1.01868948e-03  2.10089292e-02 -3.00258840e-03
  6.65457500e-03  3.67824845e-02  3.75505863e-03 -3.05233914e-02
  1.58849787e-02  2.35684984e-03 -7.28691220e-02 -2.22761487e-03
  7.14159906e-02 -4.15452607e-02 -7.30836764e-02 -7.52780307e-03
 -3.37033020e-03  5.21146692e-02  1.30798575e-03 -3.85253727e-02
  2.50576716e-02 -5.14528863e-02  2.17437893e-02 -1.22004990e-02
  4.03811969e-02  1.97015088e-02 -8.48096386e-02  4.85111326e-02
  1.12826303e-01  6.88794674e-03 -2.47484092e-02  6.61828090e-03
 -3.07420585e-02 -1.96090844e-02  1.06696291e-02 -3.86466049e-02
 -1.84661932e-02  9.83678550e-03 -5.20406337e-03  2.21059825e-02
  2.17935033e-02 -6.58145174e-04 -6.71030059e-02  7.76487961e-03
  1.18799638e-02  3.40020657e-02 -3.45084108e-02 -5.96857816e-02
  4.72428277e-02  5.17272465e-02 -2.56941542e-02 -1.42839213e-03]