[-1.82832591e-02  1.58046819e-02 -3.13146263e-02 -9.67640132e-02
 -8.86064246e-02  1.48849227e-02 -1.51847899e-02  1.00822613e-01
 -2.05714032e-02  3.55603695e-02  5.27116731e-02 -3.33947428e-02
 -7.52272010e-02 -1.50984591e-02 -4.13175821e-02 -2.26211213e-02
 -3.17109488e-02  4.14533168e-02 -5.50730042e-02  5.97505011e-02
  5.49247637e-02 -1.12561435e-01 -6.49469718e-02  7.41474256e-02
 -7.41998851e-02  2.46695727e-02 -3.87805961e-02  2.65988111e-02
 -8.52967054e-02 -3.34567279e-02  4.47750427e-02  1.45249972e-02
  6.13207147e-02 -5.46260178e-02  4.32425924e-02 -5.04581407e-02
 -7.34944642e-03 -6.74980134e-02 -3.55258621e-02  7.05471411e-02
 -4.32666317e-02 -2.28938684e-02 -1.02094665e-01 -3.07243480e-03
 -3.10136117e-02 -9.06735510e-02  7.91974217e-02  2.45862938e-02
  1.37440227e-02 -2.69246716e-02 -9.68281552e-02  8.62472653e-02
 -3.16234306e-02 -3.40288803e-02 -3.51245627e-02 -1.95286665e-02
 -5.53571805e-03 -5.36774732e-02  8.78453813e-03  1.02551086e-02
  1.86946895e-02 -1.67002995e-02 -2.73832101e-02 -6.17605075e-03
 -8.43226444e-03 -1.31491246e-02  1.16837705e-02 -1.16042115e-01
 -6.03939258e-02  3.89532447e-02  7.99004287e-02 -1.30609155e-01
  3.05891726e-02  2.73038596e-02 -6.29722551e-02  1.24526888e-01
  1.88976142e-03 -1.03013264e-03 -5.25520779e-02 -1.26707956e-01
  3.18355411e-02 -4.48386446e-02  2.09962409e-02 -9.04446095e-02
  2.07384322e-02 -2.55893115e-02  2.30130982e-02  5.23798838e-02
  8.57421532e-02  6.86448365e-02  2.17825752e-02  8.99606571e-02
 -5.60754389e-02 -1.08695934e-02  7.04232007e-02  4.15987223e-02
  8.76547545e-02  1.75591167e-02  2.44407412e-02 -4.23206901e-03
  4.39432934e-02 -1.39871361e-02 -8.91521424e-02 -3.10900044e-02
 -4.85667735e-02  1.65575612e-02  5.16388798e-03 -3.29996012e-02
 -4.80829459e-03  3.85146067e-02 -1.03033066e-01 -1.67631153e-02
 -7.70031288e-02 -3.73216867e-02 -3.70627008e-02  4.66367276e-03
 -3.93666700e-03 -1.29559832e-02  1.35466852e-03  3.66121903e-02
  5.46293333e-02 -6.58545494e-02  1.04971193e-02  2.52727997e-02
  8.99797827e-02 -3.35513167e-02  4.61583585e-03  1.78612282e-32
  8.57134536e-03 -6.35115653e-02 -1.89490635e-02  7.66048208e-03
  2.40629315e-02  1.15681021e-02 -7.02853650e-02  2.73236333e-06
 -2.34463848e-02  2.97356229e-02 -9.37522948e-02  2.84352545e-02
 -7.86362886e-02 -2.22314075e-02  7.06404671e-02  4.70154434e-02
  2.53181569e-02 -8.35328102e-02 -2.66758185e-02 -1.00795031e-01
 -1.36525817e-02  2.46958970e-03  2.55949963e-02  7.97033310e-02
 -3.14066256e-03  1.15423352e-01 -1.81852113e-02 -3.67268100e-02
 -7.40608498e-02  4.77378927e-02  9.63104796e-03 -4.98235524e-02
 -8.77041444e-02 -2.86921207e-03 -3.04407421e-02 -1.19028855e-02
  4.75346716e-03 -2.36944016e-03 -5.67116328e-02  3.19515318e-02
  9.99135524e-03  1.24847228e-02  4.26450074e-02 -6.62418734e-03
  5.90619147e-02 -2.47368999e-02  5.82478335e-03  1.70692001e-02
  1.57033205e-01  2.36456338e-02  2.51115445e-04 -6.89532012e-02
 -2.20305789e-02 -1.25190737e-02 -9.40895546e-03  1.31402025e-02
 -1.17653325e-01  1.76180284e-02 -1.40150553e-02 -3.09445837e-04
 -3.65647823e-02 -5.14113232e-02 -6.97452351e-02 -2.06993539e-02
 -6.94636703e-02  6.15880899e-02  2.19312813e-02  4.25079688e-02
  9.39892605e-02 -2.98558958e-02 -3.42707112e-02 -4.21763361e-02
  5.58377244e-02 -1.06560597e-02 -6.28867559e-03  3.62281278e-02
  4.07837704e-02  1.14870546e-02 -8.76353383e-02  4.66841012e-02
 -1.35384044e-02  3.65497880e-02 -5.79990260e-03 -9.77615477e-04
  1.04776755e-01  6.19552135e-02 -1.01466123e-02  6.79276437e-02
  1.45969260e-02  4.17046584e-02 -1.71216875e-02  4.41819206e-02
  3.70157212e-02 -5.59680201e-02  2.87076514e-02 -1.80250274e-32
 -1.89508889e-02  8.14458728e-03 -3.39240432e-02  6.34902865e-02
  1.62795559e-02 -6.39591090e-05 -6.75557330e-02  3.02804802e-02
  2.31970265e-03 -1.40020803e-01 -7.92571679e-02 -4.09465209e-02
  7.91346356e-02 -5.02832606e-02 -4.12088931e-02  3.10082268e-02
 -1.47607792e-02 -8.77961218e-02 -3.19934152e-02 -2.12724470e-02
  8.03660322e-03  4.26199138e-02  3.85768339e-02  1.79551728e-02
  3.25264484e-02 -2.94558220e-02  4.58556460e-03  1.13200285e-02
 -4.67207134e-02  2.08277218e-02  6.83778077e-02  4.37716655e-02
  4.21361625e-02  1.22279197e-01  1.11728497e-02  2.58612540e-02
  3.40469293e-02 -3.56619507e-02 -5.34170792e-02  1.06777757e-01
 -1.33645330e-02  1.93806738e-02  5.86703047e-02 -5.29669560e-02
  6.08932786e-03 -3.39944102e-02 -3.12619954e-02 -3.39177847e-02
  3.58406566e-02 -3.70187010e-03  1.21960901e-01 -1.77223086e-02
 -9.63588059e-02 -8.08087364e-03  5.01380712e-02 -2.61441004e-02
 -1.41416909e-02 -7.66241029e-02 -2.28718314e-02 -2.64899177e-03
  1.32341996e-01  6.14244565e-02  1.97473858e-02 -3.05601098e-02
  2.84264162e-02  1.99329704e-02 -5.61353527e-02  4.49804851e-04
 -3.90219875e-02  1.03943147e-01  8.66047218e-02 -3.84346321e-02
 -9.32424441e-02  5.74942976e-02 -4.02049758e-02 -2.15730048e-03
 -3.38724814e-02  6.13857806e-02  1.77538348e-03  3.77964675e-02
 -9.40424278e-02 -2.39662416e-02 -1.14039015e-02  3.79444063e-02
  3.70017090e-03  3.27925943e-02 -2.41077673e-02 -2.35974528e-02
  2.10381523e-02  2.20627114e-02  5.74721321e-02  1.37386397e-02
  7.24992752e-02  6.29601777e-02 -7.74492174e-02 -7.54616991e-08
  7.25906566e-02 -1.75084211e-02 -1.71367992e-02  5.67658842e-02
  4.04839031e-02 -2.22916640e-02  2.80473828e-02 -2.24279817e-02
  5.51341027e-02  4.33167852e-02  1.16606988e-01 -1.14311893e-02
 -2.61729136e-02  6.18700348e-02 -8.20748582e-02 -3.07037216e-02
 -3.29936519e-02  5.53538390e-02 -3.64232659e-02 -4.00589667e-02
 -1.93207599e-02 -3.50403925e-03 -8.10214356e-02 -1.23788156e-02
  3.95837873e-02 -5.64393923e-02 -9.19785127e-02  3.62845557e-03
 -2.96428544e-03  4.83288206e-02 -3.02427355e-02 -6.06570654e-02
  1.12479925e-01 -4.04737405e-02 -3.31275351e-02 -4.23291735e-02
  1.57777295e-02  3.09883542e-02 -4.53028604e-02 -9.46705323e-03
  1.05857998e-01 -4.23484668e-02 -2.08671467e-04 -5.16480133e-02
  6.01208806e-02 -3.81620117e-02 -7.65005872e-02 -1.40571808e-02
  1.97563181e-03  4.89280969e-02  1.97264738e-02  6.07874133e-02
  1.28616840e-02  8.60885903e-02 -5.39100682e-03 -5.82377752e-03
  7.60834606e-04  1.02097970e-02 -2.78525706e-03 -6.44740239e-02
  2.93093827e-02  1.62996892e-02 -5.14886677e-02 -1.80807263e-02]