[-6.71373084e-02 -2.77091544e-02 -2.83326562e-02 -2.55434997e-02
 -9.30489972e-02  4.21479084e-02 -1.52724772e-03  1.37282193e-01
 -6.98982039e-03  3.53209563e-02  1.15510095e-02  9.41251032e-03
 -4.68236655e-02  3.63059505e-03 -4.63187955e-02  3.37878689e-02
 -1.31099811e-02  2.23801825e-02 -3.50941084e-02  1.61632486e-02
  8.87201726e-02 -1.11245126e-01 -8.59027654e-02  7.08483830e-02
 -8.20326731e-02  2.20722612e-02 -2.69753803e-02  4.47324552e-02
 -4.58279140e-02 -7.88992047e-02 -4.28037010e-02  1.62828695e-02
  3.20901684e-02 -5.46083637e-02  1.25657683e-02 -1.43620400e-02
 -3.40403244e-02 -4.49945256e-02 -2.14463267e-02  7.54269287e-02
 -2.97347158e-02 -3.56791876e-02 -1.24618165e-01  2.43130121e-02
  4.90537435e-02 -5.17360121e-02  4.80353348e-02  6.24265410e-02
 -1.49030071e-02 -7.25955591e-02 -8.87921974e-02  3.34623493e-02
 -2.67526135e-02 -5.60413003e-02 -1.53919181e-03 -3.76626998e-02
 -3.20390835e-02 -1.99841205e-02  4.87853400e-02 -1.68488044e-02
  8.58050510e-02 -6.35492280e-02 -7.60997180e-03 -2.66192053e-02
 -1.14103030e-04 -3.65635264e-04  1.43265482e-02 -6.86806738e-02
 -4.05112505e-02  1.20535746e-01  8.04535076e-02 -6.07128665e-02
 -1.14132715e-02  1.81470029e-02 -3.48673537e-02  1.18061848e-01
  4.14884500e-02  7.68367127e-02 -4.96711656e-02 -6.65620342e-02
  6.21924140e-02 -3.57603072e-03 -2.54085008e-02 -1.30586877e-01
  2.74495222e-02 -3.48912701e-02 -1.86592583e-02  3.07631940e-02
  7.02145249e-02  2.32422841e-03  1.07537294e-02  5.41001745e-02
 -6.40622154e-02 -9.05546732e-03  4.23355363e-02 -6.57659443e-03
 -6.61522662e-03 -4.04493548e-02  1.22677073e-01  3.40510812e-03
  9.23380330e-02  3.97646911e-02 -6.47377074e-02  5.29337190e-02
 -4.13056798e-02 -1.38849467e-02 -1.93540414e-04 -3.51156481e-02
  4.43102010e-02  6.20768890e-02 -6.51176125e-02 -6.04922585e-02
 -6.47920091e-03 -1.10687660e-02 -1.44716218e-01  3.09886038e-03
 -3.70063744e-02  6.41889125e-02  1.88045967e-02  7.35448301e-02
  3.39196026e-02 -3.00162807e-02  2.04257704e-02  2.98754685e-02
  2.67371386e-02 -7.10951611e-02 -5.17551489e-02  1.70429636e-32
 -2.61179567e-03 -3.52802724e-02 -1.48118287e-02  2.82844044e-02
 -2.62583755e-02 -2.28539221e-02 -7.80682191e-02 -2.33618002e-02
 -5.11441864e-02  6.51519224e-02 -1.12395883e-01  6.78461641e-02
 -5.36267795e-02 -6.37361333e-02  9.41387340e-02  5.26878983e-03
  2.94774957e-02 -6.25063255e-02 -4.84439284e-02 -7.36482218e-02
 -1.98895168e-02 -8.57431255e-03  6.91991113e-03  7.02843908e-03
 -2.44114287e-02  1.02951244e-01 -1.62285715e-02 -8.78673121e-02
 -6.67053610e-02  4.26944643e-02 -3.65608074e-02 -3.99308801e-02
 -1.26936063e-01  2.53648497e-02 -3.50116640e-02 -8.22356492e-02
  4.44147270e-03  1.55522553e-02 -6.64970046e-03  1.73136573e-02
 -3.37782539e-02  3.31603512e-02  2.87499167e-02 -9.47148819e-03
  2.42282357e-02 -1.97163001e-02  4.80830995e-03  2.44883168e-03
  1.69799700e-01  5.87671436e-02 -5.73764555e-02 -9.62793902e-02
  8.69913609e-04 -5.36616072e-02 -2.07737535e-02  9.41250287e-03
 -1.13606639e-01  1.09318212e-01 -3.26097794e-02 -8.11713468e-03
 -2.51552556e-02 -5.05012386e-02 -5.54507133e-03 -2.89748460e-02
 -1.06469877e-01  6.34563714e-02 -2.15959698e-02  2.50298772e-02
  5.27522825e-02  3.14844586e-02 -5.83075583e-02  3.64107639e-02
 -5.62426336e-02 -4.78875404e-03  3.57308313e-02  4.77821799e-04
  6.55072629e-02  2.79210345e-03 -9.01014283e-02  2.72834413e-02
 -7.95195773e-02  2.00938322e-02 -3.33890729e-02  1.73057262e-02
  7.00730085e-02  2.58843433e-02  3.56262922e-03  7.37382546e-02
  5.82214147e-02  4.75347862e-02 -8.73082411e-03  5.60511053e-02
 -1.64064411e-02 -3.45615596e-02  9.42178890e-02 -1.71633210e-32
  9.24960058e-03  2.34215762e-02  2.05508787e-02  4.70923409e-02
  3.70583497e-02  4.49065268e-02 -3.09949312e-02 -4.83203866e-02
 -4.38741110e-02 -1.26847938e-01 -6.67264014e-02 -1.64559577e-02
  1.05114579e-01 -1.52901011e-02 -5.90495579e-02  5.58316521e-02
 -3.47505547e-02 -3.75980064e-02 -6.88131824e-02 -4.59907688e-02
 -2.22632177e-02  1.66480113e-02  1.05176363e-02 -4.49905433e-02
 -2.12709941e-02 -3.25834844e-03  2.20575258e-02  1.26733342e-02
 -2.73975506e-02  5.29881604e-02  6.75910637e-02  4.72487137e-02
 -3.76681238e-02  8.89034420e-02 -4.78702150e-02  6.92585185e-02
  8.34239349e-02  2.91299019e-02 -4.44409475e-02  1.21949248e-01
  2.42420807e-02  8.24178532e-02  5.95353693e-02 -5.15405200e-02
  5.48085710e-03 -1.87381897e-02 -2.04363116e-03 -1.01954460e-01
  4.18636315e-02 -2.43135579e-02  1.13263316e-01  1.66469291e-02
 -3.17770429e-02 -2.77512595e-02 -1.66701693e-02 -5.32415472e-02
 -7.38105923e-03 -7.15637729e-02 -8.94224048e-02  3.98503579e-02
  9.90506038e-02  2.61759739e-02 -2.99832057e-02 -5.39553277e-02
 -5.29455207e-03 -1.02300197e-02 -3.01545672e-02 -1.63014568e-02
 -1.98679212e-02  2.68877167e-02  5.68229631e-02 -3.21167335e-02
 -4.29372676e-02  4.25700173e-02  3.43487486e-02  5.66023846e-05
 -4.20456938e-02  5.00422791e-02  4.06702533e-02  1.50490161e-02
 -3.35300379e-02  2.29571760e-02  5.26418071e-03  4.87254560e-02
 -2.46135667e-02  6.18171431e-02  2.86765713e-02  1.72834527e-02
  6.87996903e-03 -5.14466735e-03  4.59376276e-02  5.29098138e-02
  8.70860070e-02  6.44608065e-02 -6.12768233e-02 -6.97868288e-08
  1.02635540e-01 -3.80421616e-02  1.30490037e-02  6.78349063e-02
  1.68011170e-02  2.87518115e-03 -3.39742862e-02 -2.86189318e-02
  8.36443447e-04 -5.63904131e-03 -1.46848345e-02  1.16558308e-02
  1.74571183e-02  4.26490083e-02 -2.88860220e-02  3.94889824e-02
  2.64437590e-02  4.87676263e-02 -2.14162767e-02 -1.22959279e-02
  2.47115660e-02 -5.85890841e-03 -8.27459097e-02 -4.41059880e-02
  4.49314825e-02 -5.98441996e-02 -6.31493330e-02 -1.71095990e-02
  1.55115249e-02  2.12200060e-02  1.87205296e-04 -3.96073125e-02
  5.46296015e-02 -1.66323520e-02 -5.03880903e-02 -2.36020330e-02
  2.71940511e-02  6.53134659e-02 -2.66794767e-02  7.72328209e-03
  1.14448152e-01  6.43566716e-03 -3.60628404e-02  5.96202677e-03
 -9.95787140e-03  1.70365032e-02 -7.59190395e-02 -2.48965453e-02
 -2.02873647e-02  2.91604642e-02 -3.06445304e-02  1.22809364e-02
 -3.70239094e-03  8.81074071e-02  8.69545154e-03  6.74531329e-03
  1.29715148e-02 -7.10440101e-03 -3.62124778e-02 -7.15664402e-02
  2.05880567e-03  2.35299356e-02 -4.69001979e-02 -8.85539129e-02]