[-5.39439954e-02  7.36170709e-02 -2.95230225e-02 -7.81678185e-02
 -1.08636834e-01  3.72696891e-02  6.67436421e-02  1.11785367e-01
 -6.94512529e-03  6.65612370e-02  9.56088025e-03 -4.63101119e-02
  2.02525295e-02  1.56987421e-02 -1.20255619e-03 -4.87914048e-02
  7.04990176e-04 -3.68007342e-03 -2.29715612e-02  3.30439955e-02
  9.88563672e-02 -7.19285682e-02 -8.80466625e-02  5.04788347e-02
 -7.14107156e-02  1.26257231e-02  1.82696786e-02 -1.87335387e-02
 -8.36640149e-02 -4.30099815e-02 -9.20375250e-03  1.60718203e-01
  6.40013814e-03 -5.16172731e-03  1.70476791e-02 -4.92522791e-02
  1.21930456e-02  6.76934235e-03 -2.88132986e-04  2.44616307e-02
  4.87162545e-02  2.48832200e-02 -5.44088781e-02 -1.05760274e-02
 -1.25305513e-02 -3.21141444e-02  9.81443524e-02  4.80655320e-02
  2.41986178e-02 -4.51209396e-02 -8.73528644e-02  5.80205917e-02
 -4.42694128e-02 -3.43464278e-02 -3.80522348e-02 -7.53527284e-02
  3.29141095e-02  2.74523497e-02  2.03595292e-02  6.97601400e-03
 -8.46305713e-02 -7.86403846e-03  3.17233689e-02  6.38280585e-02
 -1.71951558e-02 -4.72974107e-02  1.87097192e-02 -8.76039639e-02
 -6.02576062e-02  1.85431056e-02  6.95692301e-02 -6.30613044e-02
 -5.85708432e-02  8.94253608e-03 -3.97803709e-02  1.77695662e-01
  1.39005426e-02  6.20241314e-02 -3.21071781e-02 -9.08961594e-02
 -2.10096557e-02 -4.22473513e-02 -3.30564529e-02 -4.76700887e-02
  5.26935160e-02 -5.67453839e-02  7.59705435e-03  2.43539270e-03
  2.18886696e-02 -2.64467243e-02 -1.18627110e-02  1.43879265e-01
 -2.24839449e-02 -1.37739191e-02 -2.85473783e-02  3.07937711e-03
  2.01752074e-02 -4.04422805e-02  3.59563269e-02  3.61658446e-02
  4.24028002e-02 -1.36998696e-02 -1.17504792e-02  1.28813563e-02
 -8.03067610e-02  4.20208722e-02  1.06009930e-01 -5.16743548e-02
  5.26098907e-02  1.84148084e-02 -7.30431601e-02  9.75605100e-03
 -4.82635908e-02 -1.28686428e-02 -5.39015345e-02  3.02631743e-02
 -2.75734179e-02 -2.96358136e-03  3.43328412e-03  1.47879999e-02
  1.20898271e-02 -1.16965570e-01  9.62998439e-03 -1.46184873e-04
  3.59356357e-03 -1.34588433e-02  3.63959186e-02  1.55573195e-32
 -7.73768406e-03 -5.43392301e-02 -8.79005622e-03 -3.29161272e-03
 -3.24804001e-02  6.78199381e-02 -6.91749156e-02  9.20192152e-03
 -2.31761541e-02 -6.11775555e-02 -9.64446366e-02  6.39618710e-02
  1.81614198e-02 -3.17403339e-02  1.13099724e-01  3.89357954e-02
  2.88323555e-02 -5.50872944e-02  3.16383801e-02 -5.70425354e-02
 -4.08529453e-02 -2.00954713e-02  4.16486375e-02 -5.36269136e-02
  3.08788065e-02  1.52570739e-01 -3.70347425e-02 -1.31527320e-01
 -7.20622540e-02  4.67618555e-02  7.26902112e-02 -4.57611941e-02
 -4.21628840e-02 -1.62071176e-02 -6.98765069e-02 -5.14024310e-02
 -3.63494328e-05 -3.32027907e-03 -1.82223320e-02  5.87022747e-04
 -6.21020086e-02 -2.35871430e-02  2.81473976e-02 -9.24668089e-03
 -3.92532460e-02 -6.68511465e-02 -1.48262950e-02 -3.83533649e-02
  1.03197716e-01  4.00037952e-02  2.77567971e-02 -1.02839775e-01
  6.56656474e-02 -2.69163493e-02  4.87537533e-02 -6.85288664e-03
 -1.12392090e-01  6.11230545e-03 -3.28860842e-02 -1.30262170e-02
  5.19822054e-02 -9.05704405e-03 -5.18074594e-02 -1.84640288e-02
 -1.52775343e-03  4.81313281e-02  1.25047332e-02  1.81909669e-02
  8.00367519e-02 -2.71093491e-02 -3.56499925e-02 -4.23257016e-02
 -3.97307873e-02 -4.55122953e-03  1.14221033e-02  1.96923222e-02
  8.84031057e-02  1.71054304e-02 -7.39623308e-02  1.31605074e-01
  3.59145440e-02 -3.04030254e-03 -4.02149260e-02 -4.18940708e-02
  2.21484751e-02  2.24976260e-02  8.85915756e-02  9.38583240e-02
  2.66143121e-02  1.43524865e-02  3.86325084e-02 -1.44014983e-02
  1.77318435e-02  1.22333728e-02  5.77511489e-02 -1.56570352e-32
 -5.24196960e-03  1.36580179e-02 -2.10185330e-02 -2.51037180e-02
  8.88792127e-02 -5.34871891e-02  1.72976162e-02 -1.30286170e-02
 -8.16733539e-02 -1.32365078e-01 -5.77652156e-02 -1.22730777e-01
  9.69609320e-02 -1.51073269e-03 -1.14106879e-01  4.98316996e-02
 -4.18067686e-02 -4.14620377e-02 -1.61066670e-02 -4.65399697e-02
 -3.03999614e-02  1.09966118e-02  4.50356379e-02 -2.74121873e-02
 -3.77301946e-02 -7.06587434e-02 -2.00522337e-02  8.43640231e-03
 -8.47394094e-02  3.51082720e-02  4.55560349e-02  9.00169536e-02
  1.15077030e-02  9.64761674e-02 -1.63297839e-02  6.07796833e-02
  8.63615572e-02  2.43213922e-02  5.21976210e-04  4.96388935e-02
 -1.94551870e-02  4.92081158e-02  3.42441276e-02 -6.01997972e-02
  1.11812763e-02 -1.75256245e-02  1.19438313e-03 -4.48086783e-02
 -4.30068113e-02 -3.24960519e-03  6.01640120e-02 -1.60199553e-02
 -7.87564274e-03 -3.28184552e-02  4.59892675e-02 -6.12145581e-04
  1.52986534e-02 -3.44827864e-03 -6.92679211e-02 -4.62337360e-02
  7.76436776e-02  3.26378085e-02 -3.43023650e-02 -5.02426438e-02
  2.56240666e-02  4.10302058e-02  1.07012419e-02  1.54449074e-02
 -2.32051127e-02 -1.10707595e-03  3.19739990e-02 -9.01726186e-02
 -4.61609326e-02  1.03112906e-01  9.13331844e-03  4.08913083e-02
 -7.50640854e-02  8.80972818e-02 -1.93227902e-02  6.51656315e-02
 -3.84717658e-02  1.09746284e-03 -9.27297473e-02  4.58519980e-02
 -1.86662879e-02  5.69077916e-02 -1.21284667e-02 -2.67550126e-02
  4.77661565e-02 -3.41584906e-02  4.69882227e-02  4.53145541e-02
  3.42563093e-02  9.58704296e-03 -8.88686720e-03 -6.18415967e-08
  6.25749677e-02 -5.34097701e-02  6.30353242e-02  5.47110625e-02
 -7.11025018e-03 -1.00540156e-02 -1.04953069e-03 -7.39474818e-02
  3.15700211e-02 -1.24761369e-02  7.24272057e-02 -8.48910362e-02
 -2.19019614e-02 -1.62305925e-02 -1.02670947e-02  7.79941902e-02
 -1.44287655e-02  3.28024738e-02  1.11500053e-02  6.74456777e-03
  3.38970721e-02 -4.36087810e-02 -5.77975437e-02  3.03369109e-03
  4.16670227e-03 -4.86052856e-02 -6.81272000e-02 -1.09776109e-01
 -6.75149262e-02  4.58304165e-03 -1.43944947e-02 -1.43281948e-02
  7.36223981e-02 -5.94440326e-02 -7.02602565e-02 -3.67008485e-02
  5.79242446e-02  3.21398303e-02 -2.37778276e-02  2.17630118e-02
  4.54107858e-02  4.79942113e-02  5.88782248e-04 -4.97219786e-02
  8.58862326e-02  1.00189243e-02  1.74351223e-02 -1.12623954e-02
 -1.03418520e-02 -2.93811429e-02 -5.62713556e-02  2.45536938e-02
  3.55059542e-02  1.12213222e-02 -4.57440168e-02  4.28835832e-04
 -1.03110180e-03  4.26475443e-02  5.67087866e-02 -4.07195650e-02
  2.07794793e-02  6.36003539e-02 -5.16215935e-02 -5.64098619e-02]