[-5.59513047e-02  2.57541258e-02 -3.03374771e-02  2.16986872e-02
 -1.31599326e-03  7.56489066e-03 -1.52088702e-02  4.19451520e-02
 -1.11471936e-01 -1.82267558e-02  4.55385633e-02 -2.94724349e-02
 -6.14791363e-02  3.56097333e-02 -6.65719584e-02  4.07240130e-02
 -3.83292511e-02  1.94881838e-02  7.57159153e-03  5.51721342e-02
 -1.20112421e-02 -4.86045703e-02  8.21850961e-07  8.62512216e-02
  1.53479110e-02  1.27076954e-02 -8.48320797e-02  2.21700054e-02
 -6.99985847e-02 -5.84846772e-02 -2.86224727e-02  4.42000665e-02
  4.59729275e-03 -6.76762909e-02 -1.38125466e-02 -5.52700758e-02
 -4.44110744e-02  8.32614768e-03  7.31331557e-02 -1.64346676e-02
 -4.52216566e-02 -5.80726042e-02 -8.07575788e-03 -3.12760025e-02
  3.30527797e-02 -5.39447879e-03  6.27476946e-02  1.46656726e-02
  4.56082970e-02 -2.58259624e-02 -1.54086560e-01  4.33032587e-02
  1.29511952e-02 -1.32309543e-02 -2.49311887e-02 -1.09086251e-02
  6.75756996e-03 -8.89155790e-02 -1.51189808e-02 -5.50759025e-02
  9.93056019e-05 -4.21047360e-02 -8.61474723e-02  2.72910502e-02
 -2.17673313e-02 -1.53268063e-02  7.63170654e-04 -9.08727720e-02
 -2.89441627e-02  1.97176058e-02  9.75764915e-02 -5.83024323e-03
  2.75021736e-02 -2.10814569e-02  2.30739918e-02  6.52609244e-02
  1.84249505e-02  1.94802918e-02 -1.47720752e-02 -6.66205138e-02
  6.43811002e-02 -4.65488806e-02  4.87331711e-02 -7.10971653e-02
  4.90108579e-02  8.09865911e-03  9.14514624e-03  5.57045452e-02
  4.69801351e-02 -2.48066359e-03  8.75480287e-03  4.25058529e-02
 -6.10981733e-02 -1.41647588e-02  5.42195812e-02  6.54859887e-03
  6.42209649e-02  5.95438108e-02 -1.99373756e-02  7.72093609e-02
  3.53918634e-02  4.42674980e-02 -6.50367290e-02  1.03980258e-01
 -8.78682453e-03  5.28176166e-02  2.39798706e-02 -3.48693281e-02
  2.77999998e-03 -1.64518580e-02  3.58737111e-02  4.65557212e-03
 -2.23155972e-02 -7.26929232e-02 -1.07541271e-01  5.90578467e-02
 -5.20575009e-02  1.13274716e-01  5.27297072e-02  1.13735959e-01
 -5.35220206e-02 -4.43293154e-02 -1.81831121e-02  9.56745893e-02
  1.19733803e-01  1.24423364e-02 -5.31610847e-02  3.41019691e-33
 -7.69737596e-03  7.74135580e-03  5.11760227e-02 -1.88393164e-02
  2.60234978e-02 -7.13759847e-03 -4.31230702e-02 -5.44771180e-02
 -8.51894077e-03 -6.87437952e-02 -8.22675228e-02 -9.63157136e-03
 -2.44894121e-02 -5.28257862e-02 -4.06140722e-02 -2.46283244e-02
 -2.97858473e-02 -2.77787447e-02 -1.14478797e-01 -4.30680737e-02
  8.78161564e-02 -9.58980527e-03  1.44227105e-03  4.73823883e-02
  3.45534757e-02  1.16153151e-01  3.46509553e-02  2.12389342e-02
 -3.62987295e-02  6.49894178e-02 -5.91629073e-02 -5.25607839e-02
 -1.03452779e-01  4.45127822e-02  5.55485599e-02 -6.40068054e-02
  3.32322973e-03 -6.11441992e-02 -2.07291469e-02  5.64004630e-02
 -3.34389471e-02  7.96278659e-03 -3.15373670e-03 -6.84060976e-02
 -6.04586974e-02 -5.95580973e-02 -3.73225100e-03  7.48326257e-02
  9.34994295e-02  6.89474791e-02 -4.90080379e-02 -5.71302548e-02
 -6.21067062e-02 -1.01537414e-01 -1.58915818e-02  1.02646789e-02
 -1.40070971e-02  2.68827081e-02  6.41787723e-02  9.97186005e-02
  3.62288579e-02 -2.30459310e-02 -2.31502000e-02 -7.59004615e-03
 -5.81988655e-02  2.61921547e-02 -2.25526989e-02  1.79269575e-02
  1.04552567e-01  4.26205099e-02  2.22362615e-02 -3.78250927e-02
  4.23747450e-02 -5.35394549e-02  1.20460041e-01  5.56579093e-03
  6.66102022e-02 -2.26571690e-02 -8.33873302e-02 -8.59383680e-03
 -8.74518603e-02  5.49157746e-02 -6.47843182e-02 -2.98271514e-03
  3.77081633e-02  2.64603570e-02 -3.62544581e-02  1.70000084e-02
  4.66354862e-02  3.57496855e-03 -2.33465005e-02  5.16616255e-02
  1.10137546e-02 -1.00507960e-02 -4.11834791e-02 -3.56925415e-33
  4.09065150e-02  8.79589876e-04  5.68746999e-02  7.30138645e-02
  2.88186409e-02 -1.51874842e-02 -2.24093813e-02  6.10029660e-02
  4.73508798e-02 -5.52804023e-02  1.17361285e-02  1.98945515e-02
  3.54898013e-02 -7.66607895e-02 -1.71957146e-02  5.09987287e-02
  1.11923357e-02 -6.91982135e-02 -3.18367742e-02  5.18331490e-02
 -7.67494179e-03  4.88953255e-02 -5.40084466e-02  1.01127999e-03
 -1.71079002e-02 -2.56274384e-03  1.02807935e-02  9.15130542e-04
  1.61458598e-03 -1.48344524e-02 -8.70904550e-02  3.37422974e-02
 -2.71875523e-02 -1.46472279e-03 -4.46899757e-02  1.56271413e-01
  1.17812688e-02  2.44129300e-02 -3.63701656e-02  1.54353634e-01
  1.25482408e-02  9.15675163e-02  3.23186703e-02 -5.63627966e-02
 -2.86057089e-02  1.35186547e-02 -5.33313826e-02  1.39207561e-02
  8.14239010e-02  2.11814512e-02  9.30787101e-02 -3.71552147e-02
 -8.76017585e-02 -6.51324354e-03 -2.46497504e-02 -6.11822344e-02
 -1.48369726e-02 -3.14431600e-02 -7.20063895e-02  6.84436485e-02
  5.18613309e-02 -1.06217079e-02 -2.90108826e-02  6.92112744e-03
 -1.69187679e-03 -6.43158564e-03 -4.78162840e-02  1.66364375e-03
 -6.96924841e-03  7.16809258e-02  1.98904295e-02 -1.42028211e-02
 -1.72689427e-02  4.60478775e-02 -6.72402829e-02  1.58694424e-02
  2.11738166e-03  5.93820065e-02  7.07728341e-02 -5.04445024e-02
  1.19690513e-02 -3.21077630e-02 -4.44182567e-03  7.03158900e-02
 -8.19793344e-03  3.11851334e-02 -6.69733388e-03 -1.15878552e-01
 -1.58253796e-02 -4.61159386e-02  5.62099181e-02  7.03783110e-02
  6.12636805e-02  5.44221364e-02 -8.21512267e-02 -5.23683568e-08
  1.06253915e-01 -1.57548785e-02 -2.57854592e-02  5.17869480e-02
  1.39982194e-01  4.22928110e-03  2.37406120e-02  3.21427770e-02
 -2.20098216e-02  4.05602790e-02  1.45811304e-01  1.60173641e-03
  6.95077777e-02 -3.33079658e-02  1.06933303e-02  1.58492681e-02
 -2.68509425e-02  5.56722730e-02 -4.68431525e-02 -2.14450583e-02
  3.86126898e-02  4.67447825e-02 -3.60952429e-02 -5.93293570e-02
  4.66914661e-02 -4.84829918e-02 -6.65004477e-02  1.65519677e-03
  4.81946813e-03 -3.62713709e-02 -9.54732671e-02 -2.79833451e-02
  4.06526141e-02 -5.39683290e-02 -1.69300605e-02 -3.08706388e-02
 -4.18112874e-02  3.72067541e-02 -6.00462146e-02  1.99665129e-03
  6.13889657e-02 -3.34851537e-03 -3.15875188e-02 -4.06299569e-02
 -1.43815577e-02 -1.27161229e-02 -4.34973091e-02 -1.11211926e-01
 -2.88230591e-02  7.42593259e-02  5.16851433e-02  1.56556815e-02
  8.75513628e-02  6.84470907e-02 -2.65502371e-03  4.18021791e-02
  6.85655512e-04 -8.70938376e-02 -6.77309781e-02 -5.52895032e-02
  3.96292694e-02  1.05059929e-02 -2.96872109e-02  2.30070334e-02]