[-4.95229699e-02  4.93288264e-02 -5.56735247e-02 -5.41514866e-02
  8.16724263e-04  2.86946148e-02 -1.44113665e-02  1.23353727e-01
 -3.38208713e-02 -3.72277317e-03  1.81030203e-02 -1.71991568e-02
 -2.09044609e-02  1.47616807e-02 -2.42749695e-02 -2.28528883e-02
 -1.28931934e-02  1.67599991e-02 -8.17344524e-03  2.77787093e-02
  3.43225449e-02 -8.65281746e-02 -3.44304219e-02  9.56595242e-02
 -1.11429513e-01  6.62154555e-02  1.31393280e-02  5.60013391e-02
 -6.83389157e-02 -2.97477432e-02 -2.04691347e-02  5.99556938e-02
  3.22713740e-02 -4.77904975e-02  4.94959541e-02 -3.75883467e-02
 -3.80276814e-02 -1.05258292e-02 -5.37710562e-02  2.74860431e-02
 -4.80636284e-02 -4.06423397e-02 -7.68695772e-02 -8.15975247e-04
  3.78697105e-02 -5.72230145e-02  7.57589638e-02  6.00534827e-02
  1.46842198e-02 -5.15159518e-02 -2.78161746e-02  4.83529940e-02
 -2.65021808e-02 -1.25094965e-01 -7.67305940e-02 -4.94772717e-02
  1.69491079e-02  9.53093171e-03  2.74298564e-02 -1.18563650e-02
  4.40594479e-02 -3.06595601e-02 -7.67465234e-02  1.83347538e-02
 -4.34066616e-02 -9.47054289e-03  3.43291387e-02 -6.74330145e-02
 -6.39623180e-02  4.75424640e-02  6.45249858e-02 -3.57391313e-02
  1.02523656e-03 -2.25377567e-02 -3.65841649e-02  1.16078258e-01
  2.89000496e-02  4.21460569e-02 -5.01833260e-02 -1.39609456e-01
  8.00152794e-02 -4.41885106e-02  1.20526087e-02 -8.55549648e-02
  2.26848889e-02 -1.22995805e-02  4.37092856e-02 -1.41400537e-02
  3.69528644e-02 -1.69094801e-02 -2.93949228e-02  1.08321719e-01
 -5.92859648e-02 -3.43318693e-02  6.96588680e-02  4.69934987e-03
  8.86955357e-04 -4.00256775e-02  5.11827469e-02  3.64457406e-02
  4.18177210e-02  1.55897383e-02 -7.97692761e-02  3.46955024e-02
 -6.41008392e-02  7.13652298e-02  3.78111377e-02  1.66632924e-02
  2.55946741e-02  7.06213787e-02 -5.66128045e-02 -3.97293866e-02
 -3.18270437e-02 -2.00694613e-02 -8.98220241e-02  2.63607275e-04
 -9.26160738e-02  1.28260227e-02  3.19131068e-03  7.87182748e-02
 -2.61450000e-02 -1.06813110e-01  1.82673428e-02 -2.59578042e-03
  5.08822575e-02 -3.16028483e-02  5.89868575e-02  1.32651702e-32
 -1.47315096e-02 -3.60431075e-02 -1.47393951e-02 -9.87564865e-03
  8.18920555e-04  4.80000824e-02 -8.69909078e-02  5.03002945e-03
 -4.14641425e-02 -4.18264121e-02 -5.98398335e-02  1.53381173e-02
 -3.30552980e-02 -3.79262306e-02  1.12501144e-01  4.27667610e-02
  3.49439904e-02 -1.67369656e-02 -8.83837491e-02 -4.86195795e-02
 -3.20854336e-02  4.07528430e-02  4.53829132e-02  4.35279347e-02
  4.98728268e-02  1.79922134e-01 -2.50352686e-03 -6.36289120e-02
 -9.02083889e-02  4.90177199e-02 -2.94420663e-02 -4.40684967e-02
 -9.71167386e-02  2.09406242e-02 -2.64182631e-02  2.68956535e-02
  3.41295190e-02 -3.05172168e-02 -2.93753855e-02  1.18767358e-02
 -1.64635032e-02 -1.62401497e-02  4.78056930e-02 -5.60595579e-02
  4.94520878e-03 -2.89353747e-02 -1.25001632e-02  2.80700922e-02
  1.09553933e-01  3.11587192e-02 -2.29963753e-02 -5.99920936e-02
 -6.11328296e-02 -4.49353158e-02 -1.02832690e-02  1.06418980e-02
 -9.76952612e-02  5.26949577e-02  1.05951289e-02 -1.62992701e-02
  2.47497354e-02  2.97810286e-02 -5.71597964e-02  7.11093191e-03
 -8.42611715e-02  4.55546677e-02 -5.28568998e-02  1.50046069e-02
  7.77952895e-02  5.43336980e-02 -3.98509577e-02 -5.23063242e-02
  2.63943560e-02  1.78945009e-02  3.88344824e-02  2.83807535e-02
  6.46996126e-02  4.87133823e-02 -4.52896580e-02  8.52763727e-02
 -1.01381622e-01  3.34547497e-02 -1.83556210e-02 -4.53528501e-02
  5.26122451e-02  2.45943069e-02  5.08852340e-02  8.35354254e-02
  2.20343918e-02  2.82378737e-02 -7.52736861e-03  2.30831448e-02
  1.50584923e-02 -2.07778458e-02  2.90076584e-02 -1.38654819e-32
 -3.18157393e-03  5.24552651e-02  4.96144146e-02  2.59773694e-02
  2.29906272e-02 -1.07630910e-02 -4.50621881e-02 -5.81147075e-02
 -3.56365517e-02 -1.20514885e-01 -2.46976707e-02 -4.86611761e-02
  6.99803233e-02 -4.42181006e-02 -5.24240099e-02  3.52746882e-02
 -1.80477630e-02 -8.70206505e-02 -7.24270791e-02 -1.64056309e-02
  5.50643876e-02  1.75333116e-02  6.06801324e-02 -2.57382859e-02
 -3.40467156e-03 -5.74659780e-02  6.99689835e-02  1.09977806e-02
 -1.18192043e-02  3.30174938e-02  1.23104258e-02  7.75653347e-02
 -6.04870357e-02  1.06625997e-01 -2.51187049e-02  4.82352786e-02
  4.29073051e-02  6.41139969e-02 -6.51413873e-02  1.12088181e-01
 -3.62357460e-02  2.46743821e-02  2.59463172e-02 -4.07362096e-02
 -1.54029271e-02 -5.58050070e-03 -9.58331302e-03 -5.77189215e-02
  4.06019427e-02 -7.06238747e-02  7.12452680e-02 -4.75974493e-02
 -5.81243038e-02  1.73755344e-02 -1.09320357e-02 -7.17047006e-02
  1.41536761e-02 -4.10240144e-02 -6.55928925e-02  2.90894546e-02
  1.30362198e-01  8.30176175e-02 -6.47014566e-03 -1.82048157e-02
 -3.36341746e-03 -1.98495481e-02 -2.44099703e-02 -2.15520356e-02
  1.44570796e-02  6.03644140e-02  4.47770059e-02 -7.85511360e-02
 -8.85304436e-02  8.47555250e-02 -5.17466813e-02  2.69215070e-02
 -5.20296805e-02  7.76013508e-02  1.19836768e-02  6.32351218e-03
 -3.69887389e-02 -1.93758830e-02 -4.02476229e-02  5.41014113e-02
  5.65324305e-03  7.35029057e-02 -7.36445095e-03 -3.03834323e-02
  8.50692764e-02  2.28291866e-03  7.76454210e-02  1.13149703e-01
  8.13192800e-02  2.52619199e-02 -7.62561038e-02 -6.13882207e-08
  5.73869832e-02 -2.31121539e-05  5.03223240e-02  6.33436367e-02
 -4.60148277e-03 -8.43865648e-02  4.63126181e-03 -9.71522704e-02
  5.45792142e-03 -1.92849636e-02  6.62464350e-02 -8.76483470e-02
 -3.25194933e-03 -1.27292229e-02 -9.78532992e-03  1.90776307e-02
  1.50591256e-02  9.64954719e-02 -2.28177141e-02  1.38575700e-03
 -1.71765890e-02 -1.95578430e-02 -6.27199858e-02 -3.33899595e-02
 -3.08226645e-02 -3.39821242e-02 -4.48643267e-02 -8.58724415e-02
  3.72911282e-02 -1.39959017e-02  1.98075036e-03  1.81794725e-02
  7.30663761e-02 -1.00485079e-01  3.94184655e-03 -4.73487787e-02
  6.52676746e-02  5.13971597e-02 -7.39435628e-02 -3.50100510e-02
  1.20898582e-01  1.08398711e-02 -1.76245440e-02 -4.01535481e-02
 -5.73956082e-03  2.37497818e-02 -8.51484947e-03 -3.83103788e-02
 -2.06014179e-02  2.55792663e-02 -2.69518252e-02  4.89564613e-02
 -3.22655514e-02  6.72362298e-02 -1.33096501e-02 -1.83134654e-03
  2.30691507e-02 -2.38807704e-02 -4.38612401e-02 -7.32008070e-02
  1.18099963e-02  1.63772050e-02 -4.30136733e-02 -4.63266186e-02]