[-6.99944496e-02  2.69063935e-02 -7.50941783e-02 -3.99731398e-02
 -5.52290119e-02  3.20607461e-02 -3.81315462e-02  1.80327997e-01
  4.36279662e-02  5.22372536e-02  1.46799281e-01 -4.35493216e-02
 -4.87815104e-02  1.78690832e-02 -3.23581249e-02 -1.93084311e-02
 -6.19306602e-02 -1.15743307e-02 -2.71658804e-02  5.33913486e-02
  9.11949128e-02 -1.03508309e-01 -1.08904637e-01  3.39949541e-02
 -3.75392474e-02 -1.64912362e-02 -3.21952030e-02  3.64291482e-02
 -1.23934038e-01 -4.77211624e-02 -1.48130301e-02  3.53363454e-02
  2.05917489e-02 -7.04057664e-02  4.72915247e-02 -2.39344779e-02
 -4.96480009e-03 -9.58454213e-04  1.20323263e-02  3.92233431e-02
 -2.39584036e-02 -3.49032842e-02 -3.41006294e-02 -4.10821736e-02
  2.37671882e-02 -1.72729529e-02  7.57621899e-02  8.59236792e-02
  1.34466318e-02  2.21781880e-02 -4.96641845e-02  9.29595083e-02
 -3.89473327e-02 -2.03866996e-02 -5.03729954e-02 -2.00054273e-02
 -6.47945516e-03  3.10589131e-02  7.71376267e-02 -1.77036002e-02
 -1.22429300e-02  3.30240279e-02 -9.16754901e-02  5.52982092e-02
 -6.91303834e-02 -1.27956504e-02  5.12070172e-02 -9.75093767e-02
 -1.11721568e-01  5.96311204e-02  4.60860543e-02 -1.03612609e-01
  7.88613781e-02 -7.43340850e-02  5.01612201e-03  4.54781540e-02
  2.13876870e-02  2.85703074e-02 -4.03482802e-02 -1.04115695e-01
  7.61279985e-02 -2.29448583e-02  2.99286172e-02 -9.36200097e-02
  1.95505191e-02  1.28309727e-02  3.07841133e-02 -5.58432229e-02
  1.13329977e-01  4.87551279e-02  7.82100782e-02  3.66306566e-02
 -4.21546958e-02 -2.16033533e-02  3.57302353e-02  1.71809457e-02
 -6.86265703e-04  4.62960936e-02 -2.01152544e-02  6.89066015e-03
  5.67750037e-02  9.93889477e-03 -5.10435849e-02  1.68089736e-02
 -2.28409749e-02  3.76554653e-02  2.78308317e-02 -5.04204109e-02
  6.15612678e-02  4.37153243e-02 -1.33655414e-01 -8.98242369e-03
  1.06926383e-02 -9.02260840e-02 -7.33276457e-02  2.60976423e-02
 -3.39898653e-02 -7.66861662e-02  3.40298638e-02  1.03564830e-02
  8.64310190e-02 -5.47480285e-02 -2.70141494e-02  9.37670693e-02
  4.56931442e-02 -6.27179220e-02  7.37097347e-03  7.34260424e-33
 -2.05274038e-02 -2.76992358e-02 -1.63355246e-02  2.50166338e-02
  7.16951396e-03 -4.81741223e-03 -4.50344607e-02 -2.28756629e-02
 -3.59098502e-02 -2.40315478e-02 -1.08279288e-01 -4.40824889e-02
 -1.18684843e-01 -8.36088359e-02 -1.69830061e-02  7.06287175e-02
  7.17260700e-04 -2.44214013e-02 -1.41069070e-02 -1.80449001e-02
 -4.33561858e-03 -7.14719668e-03  5.77664748e-02  2.10374556e-02
  5.98711111e-02  7.75959939e-02 -5.19897938e-02 -2.33935546e-02
 -3.05392519e-02  3.99400517e-02 -6.22672914e-03 -5.91817833e-02
 -2.38489173e-02 -1.10198613e-02 -2.38377415e-02 -2.28584167e-02
 -5.74867167e-02 -2.72991918e-02 -5.34089543e-02  3.25204283e-02
 -3.76085974e-02  6.43168837e-02  2.84054261e-02  3.40636447e-02
  5.11719286e-02 -8.18314999e-02  3.24898325e-02  2.54832003e-02
  6.19743876e-02  4.52606231e-02 -6.21902533e-02 -7.30302706e-02
 -1.95627585e-02 -6.52710274e-02 -3.82359922e-02 -4.94852487e-04
 -1.43858597e-01  4.22232933e-02 -7.46204518e-03  2.02912223e-02
  4.59690392e-02 -2.15267651e-02 -1.05390176e-02 -3.02919801e-02
 -9.08709168e-02  7.90375099e-02  1.14915008e-02  6.54756129e-02
  1.11773737e-01 -4.53097411e-02 -5.40058054e-02 -3.41131538e-02
  4.78541553e-02  9.04422835e-04  1.82316266e-02 -6.52171858e-03
  9.52934474e-02 -1.06642498e-02 -4.69874889e-02 -1.09405657e-02
 -4.20714542e-02 -4.72118333e-03  2.73787268e-02  5.77723570e-02
  5.31044602e-02  4.60306928e-02  1.18328771e-02 -3.18837981e-03
  3.09472587e-02  1.34844286e-02  2.50079250e-03  2.52950024e-02
 -2.53209975e-02 -4.65258174e-02  1.15375206e-01 -7.39491962e-33
  6.42655184e-03  1.22505352e-02 -2.79713236e-02  3.60316853e-03
 -1.77808255e-02 -5.61392959e-03 -2.29416098e-02 -3.28537785e-02
  8.94427299e-02 -6.81154653e-02 -7.72114918e-02 -6.53753206e-02
  4.59672809e-02 -6.64656162e-02 -4.28513810e-02  8.23283792e-02
 -3.06756236e-02 -4.98487502e-02 -2.59958990e-02 -3.64382528e-02
 -2.80141700e-02  2.69971788e-02  1.80606581e-02  1.71414725e-02
 -3.28551047e-03  1.48278363e-02 -3.61483023e-02 -2.26666890e-02
 -1.60324052e-02  6.37542605e-02 -2.77520181e-03 -1.95385050e-02
  1.55018736e-02  9.61061716e-02 -1.87352970e-02  6.15371540e-02
  7.14286119e-02  4.55599949e-02 -2.39690989e-02  1.22494400e-01
  7.44427368e-02  5.79252802e-02  6.82422668e-02 -1.08267911e-01
 -3.20647447e-03  7.00962842e-02  3.62481698e-02 -7.21995309e-02
  6.18139058e-02 -5.37943766e-02  1.07719690e-01  9.22563765e-03
 -6.91585988e-02  2.16639172e-02  6.13887887e-03 -3.50714587e-02
  5.22523634e-02 -9.15645715e-03 -9.11035538e-02 -1.76534951e-02
  3.34590487e-02  3.19404192e-02 -4.16465215e-02 -7.12211384e-03
  4.06672321e-02  2.36260202e-02 -3.81000862e-02 -5.85949942e-02
  1.57669727e-02  4.20118608e-02  4.50449586e-02 -7.03654736e-02
 -5.23132049e-02  2.37167068e-02 -2.57545672e-02 -5.67426393e-03
 -3.40221487e-02 -5.25393523e-04  2.17426498e-03  4.70339283e-02
 -3.07134241e-02 -2.03853901e-02 -1.71290059e-02  4.97898944e-02
  1.50620164e-02 -4.34528068e-02  1.47022149e-02 -1.34321181e-02
  1.57183558e-02 -1.98637065e-03  6.28548786e-02  2.31744740e-02
  8.02576840e-02  7.82712072e-04 -5.22371568e-02 -6.24149550e-08
  8.12269598e-02 -2.85899043e-02 -2.85078902e-02  5.61188236e-02
  7.62010962e-02 -1.94883030e-02  3.32002863e-02 -4.58526872e-02
 -1.21901920e-02  6.14340976e-02  3.80715020e-02  7.71691948e-02
 -3.73123307e-03 -3.41335833e-02 -3.75442803e-02 -2.88666431e-02
  1.06611680e-02  3.48871052e-02 -3.54327522e-02 -4.90636239e-03
  6.76612705e-02  3.72825228e-02 -1.08396463e-01 -5.99115789e-02
  4.52209003e-02 -3.02385222e-02 -3.74635234e-02  1.58704538e-02
 -7.14241527e-03  1.26874419e-02  5.29179582e-03 -5.71323140e-03
  4.71253283e-02 -1.35188997e-01 -9.66300350e-03  3.49672660e-02
  1.70119330e-02  7.56077319e-02 -5.88139072e-02  5.49789472e-03
  6.22447282e-02  3.02570611e-02 -4.79950989e-03 -1.27136782e-02
  7.39066824e-02  2.82003023e-02 -2.97995005e-02  6.26421487e-03
  2.86396164e-02  1.10223368e-02  1.50806028e-02  5.42800426e-02
  5.71134798e-02  2.30983756e-02  6.42084889e-03 -8.09018463e-02
  2.72781663e-02  9.37875360e-03  3.00292205e-02 -1.01504594e-01
  7.37214163e-02  4.42199819e-02  1.26887008e-03 -2.11026873e-02]