[-7.11940154e-02 -3.98979038e-02  3.80315296e-02 -1.08293355e-01
 -7.00516924e-02  1.30477436e-02  3.65024917e-02  2.96032168e-02
 -1.50562525e-02  6.86337873e-02  1.39566556e-01 -2.77587939e-02
 -3.07765556e-03  3.15281563e-02 -4.84431721e-02 -1.69818290e-02
  3.80086410e-03 -1.35177942e-02 -1.76286150e-03  3.56751122e-02
  3.85289267e-02 -1.40318600e-02 -3.48674990e-02  1.27927831e-03
 -5.13400361e-02 -2.52369102e-02 -8.28962028e-02 -3.76878008e-02
 -6.53695017e-02 -8.92343074e-02 -4.87112254e-02  6.09986745e-02
  6.60978556e-02 -3.81209329e-02  3.48872542e-02 -6.06326722e-02
 -5.54768518e-02 -2.93809008e-02 -7.94565305e-02  6.67231306e-02
 -4.36547324e-02  5.58751402e-03 -5.30720279e-02  5.00281248e-03
 -3.56191956e-02 -2.69746166e-02  4.05730829e-02 -4.05952148e-02
 -2.38158903e-03  2.22157780e-02 -7.94892535e-02 -2.31046453e-02
 -9.37611088e-02 -2.28792652e-02 -7.90255219e-02 -5.50106056e-02
 -4.59189601e-02  5.07916287e-02  7.56707266e-02  7.02912500e-03
  4.94271591e-02  1.81877986e-02 -7.80974105e-02 -3.87897668e-03
 -4.81766881e-03 -2.17137542e-02  2.29649004e-02 -5.07137068e-02
 -7.46635199e-02  4.41042967e-02  6.97593903e-03 -9.89802927e-02
  6.74913600e-02  3.74079980e-02 -4.24131416e-02  2.71873418e-02
  4.18790728e-02 -2.97030900e-02  2.48397570e-02 -8.97724926e-02
 -2.57680137e-02 -4.68040332e-02 -2.29691733e-02 -4.74815033e-02
  5.49511015e-02 -4.12641354e-02  3.53283482e-03  2.99277548e-02
  4.68643904e-02 -2.59165012e-04 -1.09008197e-02  8.01203325e-02
 -7.17473626e-02  2.64945552e-02  3.12075652e-02  1.21725416e-02
  3.28338780e-02  2.06961166e-02  3.57585177e-02  6.01652563e-02
  6.71691149e-02  4.67253802e-03 -5.10885082e-02  6.24165684e-02
 -9.45114568e-02 -5.86670004e-02 -8.04832950e-03 -7.29883313e-02
  6.19347580e-02  6.24041399e-03 -5.48639670e-02  1.91882439e-02
 -1.57687273e-02 -5.25600724e-02 -1.05258726e-01  3.55366506e-02
 -5.47669418e-02  7.51305372e-03  1.31342918e-01  5.93301803e-02
  7.84325525e-02 -6.67841034e-03 -1.64301172e-02  3.55200097e-02
  4.38114814e-02 -4.74156141e-02  3.23758498e-02  7.21510939e-33
  1.39007182e-03 -2.44176872e-02 -1.40330894e-02  4.84332591e-02
  7.08154291e-02  3.39851193e-02 -9.86784920e-02 -1.00599165e-04
 -3.43707874e-02 -1.56405326e-02 -6.64665028e-02  4.22875434e-02
 -3.60104106e-02 -3.01491600e-02 -8.92455690e-03  2.24923026e-02
 -5.64755350e-02 -6.54674470e-02 -7.45203644e-02  1.04068452e-02
  2.90989503e-02  1.35327242e-02  4.42201011e-02  2.61443071e-02
  1.36313308e-02  4.91375700e-02 -7.88463503e-02 -2.61064731e-02
 -7.51755852e-03  7.41206855e-02 -1.26417456e-02 -8.03007707e-02
 -5.10727875e-02 -1.32961133e-02  1.43360058e-02 -4.37009372e-02
  2.03605313e-02 -5.12365252e-02 -5.47624491e-02  2.07916927e-02
 -4.70912084e-02  1.46569815e-02 -5.51107898e-02  4.16086577e-02
  1.40948771e-02 -2.05194727e-02  3.10771242e-02 -2.87408428e-03
  1.02917351e-01  4.28597704e-02 -3.38078476e-02 -9.42564309e-02
 -4.70406562e-02 -1.16283998e-01 -2.09631259e-03  5.67369387e-02
 -1.03868477e-01  3.91433723e-02  3.27912122e-02 -1.74421705e-02
  6.94272593e-02  2.68418640e-02  4.97070737e-02 -4.75468300e-02
  3.85846448e-04  3.84002998e-02  2.08557490e-02  3.37992050e-02
  1.00341827e-01 -6.02139086e-02 -5.21678589e-02 -2.42893100e-02
  1.00221053e-01  9.60905012e-03 -1.61303915e-02  5.20624146e-02
  3.06627955e-02  4.29101512e-02 -1.03123717e-01 -1.26313437e-02
 -6.00538999e-02 -1.35980984e-02  2.66992617e-02  4.11954243e-03
  9.87735912e-02  4.45749909e-02  3.06874868e-02 -5.08575514e-02
  3.80644165e-02  7.08226189e-02  2.25667749e-02  1.09334365e-01
 -6.94244429e-02 -1.05466016e-01  8.59159883e-03 -7.02326797e-33
 -9.71810985e-03  5.67404926e-02 -7.42081776e-02  3.79552506e-02
 -3.61200608e-02 -3.61125767e-02  1.24416454e-02 -4.91744280e-03
  7.32947364e-02 -8.63011107e-02 -5.89328781e-02 -8.02690238e-02
  5.26140779e-02 -9.94283929e-02 -6.57444373e-02  4.08522189e-02
  1.27412109e-02  1.56586245e-02 -7.57015422e-02  2.28637774e-02
 -3.15583423e-02  8.81808344e-03 -5.58282770e-02  1.40600940e-02
 -5.21918945e-03 -6.53554394e-04 -4.20599105e-03 -1.87754612e-02
 -4.62528393e-02 -2.86282343e-03 -1.18759219e-02 -1.06451241e-02
 -7.47652678e-03  4.48600203e-02 -1.51197733e-02  6.57822564e-02
  6.48060441e-02  1.03825238e-02 -5.94293922e-02  1.08498089e-01
  8.31147879e-02  7.39680305e-02  4.96687889e-02 -5.50315417e-02
 -4.87975543e-03 -2.52200029e-04 -3.84379588e-02  2.30435394e-02
  2.33111903e-03  8.38581065e-04  1.46246418e-01 -1.25543959e-02
 -3.34932469e-02 -1.27442628e-01  1.81049556e-02 -7.30889291e-03
  2.63257585e-02 -3.36402655e-02 -6.81570992e-02  5.66450171e-02
  1.14184320e-01  7.44160824e-03 -7.29734525e-02 -1.15678748e-02
  7.71261379e-02  6.75064847e-02 -8.93539190e-03  4.23370562e-02
  7.04562366e-02  6.41008094e-02  2.83202436e-02 -5.04183620e-02
 -9.53818485e-02 -6.53223768e-02 -2.13984475e-02  6.59998804e-02
  4.17661853e-03  4.85878214e-02  2.67036278e-02 -2.08306182e-02
 -2.08183620e-02  1.34940920e-02  4.59784009e-02 -9.24123079e-03
  8.95423517e-02  6.30679429e-02 -9.92314890e-02  5.28216781e-03
  6.52857572e-02  2.42566001e-02  2.54424568e-02  3.34983207e-02
  3.23091000e-02  5.25403023e-02  1.29917194e-03 -5.80963118e-08
  3.19599397e-02  2.64091548e-02 -2.66924445e-02  1.30345840e-02
  6.51097745e-02 -3.10789198e-02  6.24324195e-02 -1.44490628e-02
  1.98794790e-02  2.75061224e-02  5.07310815e-02 -4.99929711e-02
 -7.30240624e-03  2.57659368e-02  3.96077484e-02  6.59424961e-02
  2.33736206e-02  1.02136135e-01 -5.22007272e-02 -1.09382940e-03
 -3.58793815e-03  5.86837046e-02 -5.54968826e-02 -5.97685799e-02
 -2.81137712e-02  9.47853143e-04 -4.64584976e-02  8.03933442e-02
  4.46524983e-03 -9.71212164e-02 -2.42591687e-02 -7.66840007e-04
  3.62453563e-03 -1.59927875e-01 -3.44422297e-03 -1.90772954e-02
 -4.95427847e-03 -1.75790314e-03 -1.10892635e-02  6.42570779e-02
  6.71241209e-02  4.40874286e-02  6.77405745e-02  3.87513228e-02
  1.30880373e-02  5.15690213e-03  6.57174783e-03 -5.33714518e-02
  2.23471853e-03  4.90014628e-02  1.34383980e-02  3.98951434e-02
  2.95445900e-02  5.22873215e-02 -4.04167101e-02 -1.26284054e-02
  6.53547794e-02  2.19729245e-02 -6.81165755e-02 -3.75819542e-02
  2.26116963e-02  9.87756327e-02 -5.96579015e-02 -5.61724324e-03]