[-7.67201651e-03  4.35366705e-02 -2.53154207e-02 -2.95797996e-02
  4.68485728e-02  1.31759038e-02 -1.88008174e-02  1.41871318e-01
 -7.01009259e-02  2.27702763e-02  1.13686146e-02 -2.96020284e-02
 -2.82182805e-02  4.77438048e-02 -6.66595716e-03 -2.30233911e-02
 -2.42436323e-02 -1.62073213e-03  2.78656427e-02  6.70418888e-02
  9.61040184e-02 -8.17999244e-02 -4.74756844e-02  5.30664362e-02
 -1.15411967e-01  4.01785783e-02 -4.70044762e-02  5.67560494e-02
 -4.83250106e-03 -5.77256009e-02 -5.97935244e-02  4.74942438e-02
  6.45065960e-03 -1.62392724e-02  5.40957693e-03 -9.39336270e-02
 -9.65452008e-03 -3.83023210e-02 -3.43925320e-02 -4.65076696e-03
 -9.04759541e-02 -1.84467658e-02 -9.83316377e-02 -4.00195457e-03
  4.68810759e-02 -5.16435169e-02  9.43393782e-02  6.68641329e-02
  1.98227037e-02 -9.99538973e-02 -3.92604321e-02  1.64270476e-02
  4.32194024e-02 -4.20203060e-02 -1.78754535e-02 -4.66523878e-03
  2.01112553e-02 -7.45515674e-02  3.20209526e-02 -3.21414992e-02
  6.02412000e-02 -7.47059584e-02 -3.30498628e-02  1.63750034e-02
 -1.67359191e-03  1.22157289e-02 -5.89191020e-02 -9.50801671e-02
 -5.01689641e-03  3.74544784e-02  8.55369270e-02 -7.40359724e-02
 -3.31257135e-02 -4.42399159e-02 -4.00303975e-02  1.14400357e-01
  3.40575688e-02  7.88279548e-02 -6.90091625e-02 -3.89650613e-02
  4.71686758e-02 -9.53772441e-02 -1.50992619e-02 -8.80955458e-02
  5.10316677e-02 -1.64406355e-02 -4.02293243e-02 -3.26305553e-02
 -2.24130377e-02  1.54960174e-02 -2.12422870e-02  9.23481956e-02
 -5.65689430e-02 -1.07629001e-02 -1.77876800e-02 -9.83308628e-03
  4.28681783e-02 -3.87250856e-02  8.66283253e-02  4.86941896e-02
  3.95057425e-02  4.38701101e-02 -6.48143962e-02  2.29952279e-02
 -6.98878095e-02  9.03006271e-02  3.17212492e-02 -7.63044879e-03
 -1.70542616e-02  2.20202580e-02 -5.83846346e-02 -3.19574438e-02
 -5.13568409e-02 -1.45249059e-02 -1.41987994e-01 -2.36666016e-02
 -4.76492979e-02  4.99389991e-02  2.29188725e-02  2.76342575e-02
 -2.08573993e-02 -5.92995137e-02 -2.86317989e-03  9.88906808e-03
  9.03993547e-02 -2.46436782e-02 -2.15559211e-02  1.02848005e-32
 -1.65703930e-02 -4.43326458e-02 -6.31303117e-02  1.04410583e-02
  2.66481657e-02  6.94425777e-02 -5.12148216e-02  2.21458655e-02
  1.31205758e-02  7.68025126e-03 -3.43505517e-02  2.66028964e-03
 -4.60415818e-02 -1.38721570e-01  1.08909719e-01  8.97992309e-03
  1.96512211e-02 -9.89222452e-02 -5.11492454e-02 -5.13112992e-02
  9.33456235e-03  1.69847775e-02  6.41186833e-02  1.76256858e-02
  3.48297134e-02  1.54522240e-01 -5.62553899e-03 -3.47526930e-02
 -7.85014853e-02  5.04530296e-02 -3.12311165e-02 -7.38259554e-02
 -4.25226688e-02  6.36697859e-02 -5.89158479e-03 -4.14361842e-02
  3.65643539e-02 -1.93576682e-02 -4.60944399e-02  3.03298794e-02
 -1.57951657e-02 -3.28941979e-02  8.20772815e-03 -6.51444271e-02
  1.06975092e-02 -2.40157116e-02 -1.96671057e-02  2.18607467e-02
  1.17895328e-01  6.70642853e-02 -3.14039290e-02 -7.16368482e-02
 -4.23221029e-02 -5.77426553e-02  1.98631380e-02  3.53864022e-02
 -4.12437394e-02  2.18428914e-02 -2.06020307e-02  4.50456999e-02
 -4.08286266e-02 -1.62729286e-02 -7.07692429e-02  2.77097430e-02
 -5.24824858e-02  9.38092098e-02 -3.16060032e-03 -6.46309229e-03
  4.83749472e-02  4.01191339e-02 -4.13564779e-02 -1.66553166e-02
  1.63277928e-02  2.46578977e-02  3.44339162e-02  2.88415980e-02
  1.25535699e-02 -5.20597911e-03 -3.81253771e-02  6.41882867e-02
 -6.79050088e-02  4.90789600e-02  3.51881213e-03 -9.49443970e-03
  6.64520189e-02  1.83170196e-02  1.29104536e-02  1.15054235e-01
  4.88224514e-02  3.28800194e-02 -3.79018276e-03  2.84670442e-02
  2.83224415e-02 -7.63341459e-03  5.54243065e-02 -1.13939624e-32
 -2.65686344e-02  8.50290991e-03  5.38035855e-02  2.34103482e-02
  2.46788450e-02  5.28342500e-02 -7.64353052e-02 -7.15233088e-02
 -3.22735868e-02 -7.48116150e-02 -4.68781069e-02 -2.31151525e-02
  2.84336284e-02 -6.45439476e-02 -6.62456080e-02  4.17571887e-02
 -2.30144784e-02 -1.25183523e-01 -1.21381998e-01 -3.91906872e-02
  6.20375993e-03  6.56497926e-02  6.70300648e-02 -3.03109232e-02
 -1.69046726e-02 -3.56207676e-02  4.26734537e-02  2.50059031e-02
 -2.59450562e-02  3.86119485e-02 -7.71086989e-03  4.15547937e-02
 -1.15491413e-02  1.07303873e-01  2.25397889e-02  2.14893781e-02
  2.84914859e-02  5.80145866e-02 -1.06465882e-02  1.32892832e-01
 -7.59500824e-03  6.02245405e-02  4.39540930e-02 -7.60459378e-02
 -2.00984813e-02 -3.47556383e-03 -6.94902316e-02 -1.13960169e-01
  7.94429258e-02  4.68972838e-03  7.95020610e-02 -3.81326005e-02
 -5.34405373e-02 -3.75545421e-03 -1.15058329e-02 -5.59373274e-02
  3.96860503e-02 -8.61698296e-04 -2.19362117e-02 -3.00176116e-03
  1.53224245e-01  2.81080529e-02 -5.22345938e-02 -9.53663792e-03
 -1.25788702e-02 -3.47065218e-02 -4.76004779e-02  1.61303729e-02
  3.59924473e-02  7.91492164e-02 -1.09826610e-03 -1.57065177e-03
 -3.36925834e-02  8.90413374e-02 -3.99003737e-02  3.65451835e-02
 -6.97022900e-02  4.26805727e-02  6.28990531e-02 -1.16792496e-03
 -3.43798883e-02  3.97548033e-03 -3.06809042e-03  2.13594455e-02
  1.09010171e-02  2.39772182e-02 -3.55049968e-02 -4.36302722e-02
  7.41762370e-02 -4.82703149e-02  8.35788772e-02  9.13680494e-02
  1.73882283e-02  1.17798541e-02 -6.34328723e-02 -5.89194151e-08
  7.11348280e-02 -6.34392574e-02 -3.45185660e-02  4.18594070e-02
  5.36289029e-02 -7.06582591e-02 -1.07955618e-03 -7.61053711e-02
 -1.51886484e-02  2.53145993e-02  5.87536879e-02 -2.46751253e-02
  1.06073329e-02 -1.21700857e-02 -2.52347160e-02  3.31031308e-02
  1.54252807e-02  6.05109073e-02  1.61222473e-03  1.37066077e-02
 -2.74901316e-02 -8.21195543e-03 -1.12240627e-01  7.70152407e-03
  2.94611827e-02 -1.00061007e-01 -7.77595341e-02 -2.17965748e-02
  6.12921193e-02  1.54918320e-02 -3.37110907e-02 -9.44211893e-03
  4.72808257e-02 -6.75011799e-02 -2.78949514e-02 -2.59936992e-02
  5.54004088e-02 -6.65663555e-03 -6.07531480e-02  2.45028716e-02
  1.34581268e-01  2.03454820e-03 -4.64508310e-02 -4.45817076e-02
 -2.27054879e-02 -1.66951341e-03 -2.21140478e-02 -4.09428589e-02
 -1.19389296e-02  4.02380191e-02 -1.15262689e-02  2.63910983e-02
 -4.63289302e-03  7.62737170e-02 -3.25222015e-02  2.14151144e-02
  1.19635724e-02 -1.34204244e-02 -9.53850374e-02 -4.12901752e-02
  2.19198875e-02  5.74685521e-02  8.11755564e-03 -3.34226750e-02]