[-4.44491543e-02  3.51419374e-02 -4.55453880e-02 -7.60425851e-02
 -8.09031427e-02  7.72864670e-02 -7.03490600e-02  7.16560930e-02
 -2.00844947e-02  5.27175628e-02  2.78447457e-02 -4.30723391e-02
 -5.86817451e-02 -2.07149535e-02 -2.86638085e-02 -3.52947041e-02
 -2.35803053e-02  1.23091862e-02  8.08706786e-03 -9.34457872e-03
  7.54717812e-02 -8.58729482e-02 -1.18538104e-01  6.36072159e-02
 -3.99538130e-02  7.88012519e-02  1.59498658e-02  2.27256119e-02
 -3.80480736e-02 -8.12389143e-03 -6.32132143e-02  3.82577740e-02
  7.35659152e-02 -2.15404155e-03 -6.50350191e-03 -4.20930944e-02
 -1.86721329e-02  1.98845118e-02 -2.10053436e-02  2.73693763e-02
 -1.05804708e-02 -6.17260672e-02 -7.46820718e-02 -1.06601529e-02
  1.98664628e-02 -3.38862762e-02  2.51533873e-02  5.15173450e-02
 -2.71693636e-02 -3.83660123e-02 -1.21462785e-01  5.14051616e-02
 -2.17841156e-02 -5.40660731e-02  5.00844866e-02 -6.51391223e-02
 -3.14255133e-02  1.30096972e-02  4.02664244e-02 -3.80023159e-02
 -1.94551237e-02 -1.00824879e-02 -5.47408648e-02  5.06361946e-03
 -3.04732323e-02 -9.13836136e-02  1.24171469e-02 -1.03142317e-02
 -4.25406173e-02  5.64971492e-02  5.19616194e-02 -4.29278910e-02
 -4.05566692e-02  3.19292396e-02 -4.73921746e-02  1.12900883e-01
  1.42151834e-02 -1.74277164e-02 -7.24992529e-02 -8.44425187e-02
  6.24442212e-02 -4.83440794e-02  2.45843977e-02 -1.27260193e-01
  2.18237322e-02 -6.32076431e-03  3.23157869e-02 -4.47238097e-03
  6.12743720e-02  1.48601662e-02  3.93004343e-02  1.08043306e-01
 -5.61697595e-03 -3.25372070e-02  1.07501209e-01  2.51191091e-02
  2.95279641e-02 -6.99617863e-02  1.38282239e-01  3.07169687e-02
  6.83012307e-02  3.47415581e-02 -3.53152491e-02  2.52456665e-02
 -1.42577440e-02  7.27365389e-02  9.80247743e-03 -6.76400512e-02
  4.54443768e-02  7.32896104e-02 -2.99414117e-02 -4.50688712e-02
 -2.74454914e-02 -6.82498068e-02 -1.20032348e-01 -3.78023647e-02
 -4.02511656e-02  3.64270732e-02  9.11062676e-03  5.45359217e-02
  6.57292176e-03 -5.90620190e-02  1.84945837e-02  1.87244639e-02
  6.65485561e-02 -6.60130978e-02  1.20920818e-02  1.30715898e-32
 -1.14242695e-01 -6.41224384e-02 -4.52251993e-02  3.95756774e-03
 -1.07108168e-02 -4.99657504e-02 -1.60594303e-02 -5.18807992e-02
 -1.72689129e-02 -3.74134630e-02 -6.83437213e-02  2.55095288e-02
 -8.26506615e-02 -8.03739801e-02  1.47731602e-01  4.95062880e-02
  3.40856239e-02 -8.77276957e-02  1.39568755e-02 -3.54970805e-02
 -2.06713174e-02 -5.54488692e-03  3.01221982e-02 -4.80391504e-03
  8.23618658e-03  1.37688830e-01  5.29337768e-03 -1.18480347e-01
 -4.11483794e-02  5.39136119e-02  1.59935057e-02 -2.66303550e-02
 -7.50736147e-02  3.44106997e-03 -7.21879229e-02 -3.92250195e-02
 -3.68270092e-02 -4.98469360e-02 -5.79599105e-02  5.71550131e-02
 -4.37469259e-02 -3.64172533e-02  1.42926620e-02  1.11574968e-02
 -9.34783816e-02 -1.58450287e-02 -8.85560084e-03  3.48391756e-03
  1.09435275e-01  7.07612783e-02 -1.78571008e-02 -9.33508426e-02
 -1.61407888e-02 -8.89106020e-02  3.86920609e-02 -6.49840105e-03
 -1.07456751e-01  1.91169754e-02 -1.51289022e-02  8.66358168e-03
 -5.45558631e-02 -2.55484357e-02 -3.12562357e-03 -1.76987778e-02
 -9.71923247e-02 -1.51788760e-02 -6.06281590e-03  2.45312825e-02
  5.66329546e-02  3.60007919e-02 -4.62936983e-02 -3.51674743e-02
  3.29188234e-03 -6.04884662e-02  2.96649616e-02  8.95492174e-03
  5.18809333e-02 -1.54978465e-02 -1.04816094e-01  8.77925977e-02
 -6.82421923e-02  7.43620545e-02 -5.49669005e-03 -2.80842595e-02
  8.28602836e-02  2.05105226e-02  2.27947962e-02  1.10949382e-01
  5.93387038e-02 -4.76517901e-03  1.95021164e-02 -6.16628630e-03
 -4.50194028e-04  5.63052483e-02  6.10761754e-02 -1.51870961e-32
 -1.85975954e-02  1.29803196e-02  7.59161636e-03  4.04947028e-02
  1.33939963e-02  2.55486574e-02 -3.79804596e-02 -2.37799250e-02
 -3.04733478e-02 -9.57297608e-02 -1.81346368e-02 -6.27434477e-02
  3.81550156e-02  1.84629336e-02 -1.13945939e-02  1.02784075e-02
  1.26615055e-02 -4.48553003e-02 -1.17845774e-01 -1.79417357e-02
  3.61408032e-02  2.96453964e-02  1.29021108e-02 -2.41066422e-02
  2.58430503e-02 -5.90281226e-02  3.14930379e-02 -3.91715690e-02
 -1.17159955e-01  7.99802691e-02  5.17160855e-02 -1.71467010e-02
 -3.09200212e-02  1.13934137e-01 -4.07742746e-02  6.66593388e-02
  8.28717649e-02  2.02076361e-02 -7.62443468e-02  8.50104690e-02
  3.50774825e-02  5.05606495e-02  3.22193913e-02 -2.09575128e-02
 -5.79937287e-02 -2.11639926e-02  7.43836462e-02 -5.05437218e-02
  8.25515911e-02 -4.92962226e-02  1.06135644e-01  2.21629776e-02
  3.24081862e-03  1.52944392e-02  2.75203139e-02 -9.99187771e-03
  3.03311665e-02  1.93347689e-02 -4.90319021e-02 -7.94773269e-03
  5.59685752e-02 -4.68536019e-02 -1.69004388e-02 -4.51704077e-02
  3.88815776e-02  1.66743738e-03  9.81570221e-03 -3.05275451e-02
 -2.42920173e-03 -2.27403287e-02  8.72272626e-03 -7.61332805e-04
 -6.28333613e-02  1.00697123e-01 -1.02045331e-02  1.67950764e-02
 -1.39060924e-02  1.26910642e-01 -9.89338383e-03  4.81102578e-02
 -4.42803316e-02  1.66488495e-02 -4.30216417e-02  2.86477953e-02
 -1.83172133e-02  6.34350674e-03  1.70390829e-02 -7.08334427e-03
 -2.08808426e-02 -4.34162878e-02  1.08298719e-01  7.36559257e-02
  6.44858927e-02  5.56861572e-02 -9.76436660e-02 -6.07501107e-08
  5.11779971e-02 -5.41527532e-02 -3.88779715e-02  2.72069015e-02
  8.07465985e-03  3.33173275e-02 -3.28965038e-02 -3.99965718e-02
 -2.68516187e-02  3.01563870e-02  5.36097288e-02  3.87230027e-03
  3.29843536e-02  2.92490330e-02  4.65311343e-03  1.37269739e-02
  3.60693061e-03  8.53967667e-02 -1.96046289e-02 -7.22693577e-02
 -6.10449584e-03 -9.55771003e-03 -1.02515765e-01 -2.75877398e-02
 -3.72360051e-02 -3.58563103e-02 -8.72678682e-02 -3.62382531e-02
 -2.77067702e-02  1.10798888e-02  1.27829388e-02 -1.81246048e-03
  9.77492426e-03 -7.39896670e-02  2.28303354e-02 -3.68192345e-02
  8.18848684e-02  7.01828301e-02 -1.79776885e-02 -7.00551493e-04
  8.17160755e-02 -4.40883962e-03 -5.17982878e-02 -3.19895893e-02
  4.55712155e-02  8.16424862e-02 -2.34027673e-03 -1.82190016e-02
 -1.21219065e-02  3.27695236e-02  4.01511649e-03  1.87230185e-02
  3.31269652e-02  3.11931241e-02  3.50743867e-02 -4.98782657e-03
  3.44135128e-02 -3.44986059e-02 -2.93493029e-02 -8.49205330e-02
  5.48923016e-02  2.19550524e-02 -1.61150973e-02  1.85553097e-06]