[-5.13132885e-02  9.87667292e-02 -3.17798089e-03 -6.57422394e-02
 -3.53671424e-02  1.17249545e-02 -7.34264553e-02  8.78847167e-02
  1.31695876e-02  6.92370683e-02  1.10462442e-01 -2.12216321e-02
 -8.34703445e-02  2.75177639e-02 -6.14443757e-02 -1.66088920e-02
 -2.54735593e-02  2.80973571e-03 -7.28873187e-04  9.82892811e-02
  3.06050088e-02  1.90561954e-02 -4.97303233e-02  1.60347447e-02
 -8.69751349e-02  1.61249954e-02 -1.40017215e-02 -1.42242678e-03
 -6.81579188e-02 -1.11467242e-02 -3.08241490e-02 -2.87228022e-02
 -3.79694104e-02 -9.06371512e-03 -3.96210887e-03 -8.06061476e-02
  1.15910238e-02 -4.57148813e-02  7.60548282e-03  6.81726187e-02
 -3.71432267e-02 -1.55138494e-02 -9.38602909e-02 -2.30199825e-02
  1.12716006e-02  1.39363075e-03  3.24259885e-02  4.45382390e-03
 -7.20410198e-02 -1.72264967e-02 -5.97138293e-02  4.20564301e-02
  1.73301995e-02  1.03927031e-02 -3.50105092e-02 -2.37793094e-04
 -1.09103210e-02 -2.09607277e-02  1.42091291e-03 -1.52834132e-02
  4.52455543e-02  2.86529642e-02 -6.50817379e-02 -3.28560807e-02
 -1.82853211e-02 -4.60480265e-02  2.71074325e-02  2.71808095e-02
 -3.32117267e-02  2.78420411e-02  8.20597727e-03 -4.65799496e-02
  4.70781140e-02 -1.61082800e-02 -5.02416380e-02  2.88605876e-02
  4.45791148e-02  6.28488585e-02  1.57507751e-02 -1.38088211e-01
 -2.88518257e-02 -8.57684687e-02  1.59408432e-02 -6.70836419e-02
  5.91090433e-02 -3.25853452e-02  2.35023256e-02 -1.41932108e-02
  5.61017692e-02  6.40368462e-03  9.57159027e-02  8.08072090e-02
 -2.21157614e-02  2.46750191e-02  5.62426746e-02  5.69163151e-02
 -1.88315392e-03  4.75855879e-02  4.02990282e-02  1.40785100e-02
  2.92397849e-02 -3.77617218e-02 -5.09344079e-02  9.07933936e-02
 -6.68186843e-02  3.49110886e-02  4.55130736e-04 -3.18193063e-02
  7.24726915e-02  2.00064685e-02 -6.89757988e-02  3.95613201e-02
  2.65744999e-02 -5.05027846e-02 -9.11004767e-02  1.31966686e-02
 -5.21220714e-02  3.12710330e-02  5.52577674e-02  4.47194017e-02
  7.19395652e-02 -7.32463598e-02 -6.52903765e-02  2.48958226e-02
  4.51464579e-02  8.50308593e-03  2.36198753e-02  1.27094229e-32
  4.34266925e-02 -6.03340603e-02 -4.22440656e-03  4.50311191e-02
 -1.75080802e-02  6.63104132e-02 -9.86555219e-02 -1.10708401e-02
 -1.16780270e-02 -8.03452358e-02 -8.69050995e-02 -6.41149953e-02
 -5.27061969e-02 -5.56390584e-02  3.54648866e-02  2.79464535e-02
 -8.58727172e-02 -5.41567430e-02 -1.86625291e-02 -5.90798166e-03
  4.68756631e-02  2.14699991e-02  3.72033045e-02  6.02149516e-02
  4.00404073e-02  8.08882043e-02  2.46113003e-03 -7.83484429e-02
 -1.26285449e-01  3.32767665e-02  2.06776243e-02 -8.53974298e-02
 -4.19697613e-02 -6.64179120e-03 -1.60027742e-02  8.33324045e-02
  4.20562066e-02  1.26949344e-02 -8.19220692e-02 -5.54129891e-02
  4.80171330e-02  1.12212012e-02  3.36261503e-02  1.08538345e-02
  3.40395868e-02 -3.09495740e-02  4.76172194e-02 -3.11672688e-02
  1.00995682e-01  3.78454886e-02 -1.00596339e-01 -6.77648932e-02
 -3.30908597e-02 -2.35190969e-02  5.14945164e-02  4.73473668e-02
 -4.99551632e-02  9.52673033e-02 -6.86464924e-03  1.78953784e-03
  2.54805405e-02  3.44768073e-03 -2.39796165e-04  1.32397674e-02
 -1.50084514e-02  7.83148780e-02 -2.85882894e-02  1.92205478e-02
  1.05064131e-01 -6.19270913e-02 -7.53343478e-02  5.10093495e-02
  2.18892340e-02  9.17577185e-03 -4.54058014e-02 -1.36790974e-02
  7.26191029e-02  5.18409014e-02 -2.30898522e-02 -1.52209662e-02
 -4.04469855e-02  3.06124538e-02  2.89306380e-02 -2.66128872e-02
  1.17485076e-01  1.66360140e-02  3.03038992e-02  6.39915606e-03
 -6.00655600e-02  5.70047051e-02  2.97919568e-02  9.32902247e-02
 -8.52736924e-03  2.29983870e-02  3.48738511e-03 -1.29154150e-32
  2.93834787e-02 -2.44638491e-02  7.79677369e-03  4.87931259e-02
  5.82869574e-02  1.42657943e-02 -1.21260397e-01  7.14679062e-02
 -1.50994267e-02 -9.54552442e-02  2.90027149e-02 -2.55913157e-02
  6.93816692e-02 -1.20230066e-02 -5.86063080e-02  2.86571942e-02
 -1.38938092e-02 -6.30110577e-02 -1.07070431e-01 -4.41770218e-02
  3.08739711e-02  1.45085499e-01 -1.22352382e-02  5.00598690e-03
 -4.67244945e-02 -4.35177870e-02  4.90931906e-02 -2.54793949e-02
 -9.38401967e-02 -6.36930913e-02  3.55519839e-02  1.99207496e-02
 -7.05418140e-02  8.19920301e-02  1.98068307e-03 -2.38140542e-02
  2.45540924e-02  4.94359210e-02 -3.30108888e-02  1.17938071e-01
  3.43970656e-02  9.11066830e-02  1.58693939e-02 -3.48599404e-02
 -8.03108886e-02 -3.53963673e-02 -4.42649759e-02 -5.08283824e-02
  1.64425047e-03 -6.38240650e-02  7.85187632e-02 -8.11980739e-02
 -2.48403698e-02  3.67876119e-03  4.60109822e-02 -3.39035504e-02
  3.29149067e-02 -6.26441166e-02 -5.32024838e-02  1.97469108e-02
  8.87531787e-02  1.05572365e-01 -4.52904627e-02 -2.43797936e-02
  2.55989973e-02  2.12106574e-02 -7.85865039e-02  1.73971616e-02
  5.90880960e-02  2.04328727e-02  4.99003865e-02 -9.22398791e-02
 -7.97073916e-02  1.63645037e-02 -8.66220426e-03  2.36128294e-03
 -5.38734905e-02  7.81904310e-02  6.84834346e-02 -8.42076167e-03
 -3.39009650e-02 -7.17439577e-02  2.13755146e-02  4.41366471e-02
  1.55269485e-02  2.82994285e-03 -8.87627080e-02 -5.55536151e-02
  4.63765785e-02  4.27056067e-02  1.13230497e-02 -3.92924882e-02
  7.62333944e-02  1.00877164e-02 -2.81052887e-02 -8.65473169e-08
  2.55450178e-02 -2.60965824e-02  7.43398350e-03  3.06880604e-02
 -4.16995138e-02 -2.84845680e-02  4.81330268e-02 -2.69180182e-02
 -1.35697788e-02  8.74529034e-02  6.50801435e-02 -9.50873177e-03
 -3.98958586e-02 -1.26334783e-02 -2.10931245e-02 -1.71185713e-02
 -1.64649356e-02  1.05154619e-01 -7.26161823e-02 -2.08131894e-02
  9.90912667e-04 -2.23454591e-02 -2.53295489e-02  1.32336393e-02
  2.22854055e-02 -1.62157398e-02 -7.20963478e-02 -3.32184061e-02
  4.26764786e-02 -4.93737347e-02 -6.26751184e-02  2.68571097e-02
  8.61568674e-02 -1.12273850e-01 -6.07908554e-02  5.01094721e-02
 -8.70765187e-03 -1.00749172e-02 -5.88502064e-02  5.45846745e-02
  1.04121827e-01 -4.75182161e-02  2.12270059e-02  9.63009894e-03
  9.31227431e-02 -1.65716652e-02  7.03530153e-03  1.85869932e-02
  1.49775688e-02  9.81146656e-03 -2.63555758e-02  3.22348587e-02
 -3.15573509e-03  8.57430473e-02 -1.03719562e-01  4.91915531e-02
  2.44797543e-02  8.46433267e-02 -1.13202548e-02 -3.28851007e-02
  7.22848177e-02 -1.68732516e-02 -7.91956335e-02  1.35580460e-02]