[-4.80819568e-02  8.86054477e-04 -5.61695769e-02 -7.21490234e-02
 -4.11173515e-02 -2.86792079e-03  2.49338765e-02  9.17303711e-02
 -8.12979508e-03  5.09620085e-02  3.99548747e-02  1.89829653e-03
 -9.29433852e-02  2.04268415e-02 -3.76957171e-02 -2.69296626e-03
  1.67774744e-02 -4.54537105e-03 -1.54146207e-02  5.00473008e-02
  3.65852863e-02 -9.37685743e-02 -7.18674529e-03  7.33984336e-02
 -9.68198404e-02 -4.10262272e-02 -1.15853986e-02  6.49073124e-02
 -6.70916364e-02 -3.37404460e-02 -1.81333758e-02  6.78314492e-02
  6.58584312e-02 -8.63716379e-02  2.84977369e-02 -6.73433840e-02
 -7.12596159e-03 -6.05657734e-02 -5.64491376e-02 -1.20488275e-02
 -5.50963245e-02 -2.78063994e-02 -8.88095647e-02  1.59975365e-02
 -4.21742490e-03 -5.99589087e-02  9.60142538e-02  5.46592772e-02
  2.28002686e-02 -3.57348658e-02 -4.14534733e-02  5.08968048e-02
 -3.99035178e-02 -3.96570787e-02 -6.81122839e-02 -9.04722139e-03
  6.53722230e-03  1.19002722e-02  1.05945591e-03 -3.89458686e-02
  1.65967289e-02 -1.86355077e-02 -8.60846601e-03  2.72821616e-02
 -2.35516429e-02  8.29933211e-03 -7.73897115e-03 -1.10541292e-01
 -3.99204306e-02  1.75389182e-02  5.28800078e-02 -1.15326487e-01
  6.83789402e-02  2.49150433e-02 -6.45752177e-02  1.61759034e-01
  6.58331141e-02  2.30506156e-03 -8.15895796e-02 -5.89117967e-02
 -2.63106003e-02 -8.58367011e-02  1.33370245e-02 -6.45489842e-02
  5.74927814e-02 -4.75760102e-02  3.72715085e-03  2.32314859e-02
  2.68553471e-04  4.11560163e-02 -6.03541848e-04  9.85538960e-02
 -3.66028473e-02 -7.11104050e-02  6.27749786e-02  2.48096250e-02
  7.05705360e-02  2.17932202e-02  5.68393916e-02  4.71359032e-04
  3.25890370e-02  1.18602365e-02 -7.50466138e-02  2.18493957e-02
 -4.04337458e-02  3.27465236e-02 -1.51713919e-02 -6.68806285e-02
  7.86689222e-02  4.91543300e-02 -1.01930983e-01 -1.45009896e-02
 -7.37164840e-02 -2.40896922e-02 -1.25626594e-01 -2.89376676e-02
 -5.50878979e-02 -8.63592885e-03  2.72438917e-02  6.90531358e-02
 -2.91568395e-02 -7.12558180e-02 -1.47637492e-02 -1.98623557e-02
  9.85602364e-02 -1.98296569e-02  2.40883641e-02  1.22761996e-32
 -1.28499530e-02  3.03108548e-03 -2.40326636e-02  3.79573437e-03
  2.22415421e-02  6.29626401e-03 -8.02344754e-02 -1.88755617e-02
  6.55362755e-03 -2.81160157e-02 -1.06666893e-01 -1.48297544e-03
 -6.35884255e-02 -6.00747615e-02  7.73572102e-02  2.18970925e-02
  1.25698876e-02 -6.81455359e-02 -2.62890030e-02 -6.34953678e-02
 -6.14410788e-02  2.13843379e-02  2.26634666e-02  6.23888746e-02
  2.38706861e-02  1.29210308e-01 -4.59867641e-02 -1.18764052e-02
 -8.73687565e-02  4.72795591e-02  1.87108805e-03 -6.63238242e-02
 -9.46326777e-02 -1.91112049e-02 -4.67549413e-02 -6.22213073e-02
  3.62921506e-04 -7.07613956e-03 -3.35345306e-02  2.43081842e-02
 -2.85825375e-02  1.74698513e-02  1.34168407e-02  1.18081551e-02
  2.76637860e-02 -6.82285428e-03 -1.66197363e-02  1.16348136e-02
  1.63204819e-01  6.54050261e-02 -3.80639620e-02 -1.00972429e-01
  1.95268951e-02 -3.23217958e-02  1.22070163e-02 -1.67153180e-02
 -8.57353061e-02  2.21369434e-02  2.36595925e-02  1.11330338e-02
  2.27283314e-03 -6.98625296e-03 -1.75203141e-02  1.78686921e-02
 -7.26156607e-02  8.44294801e-02 -1.00816218e-02  8.79937690e-03
  8.83543715e-02  6.23747567e-03 -5.35507612e-02 -3.56169231e-02
  5.09850793e-02  1.02191931e-02  8.66120122e-03  7.07835257e-02
  1.01918824e-01 -8.97782575e-03 -5.17449826e-02  2.58378386e-02
 -1.05169145e-02  4.68667895e-02 -1.42615288e-02 -1.19997642e-03
  6.81510866e-02  3.50225791e-02 -3.58745381e-02  4.19263802e-02
  3.74130756e-02  4.08995301e-02 -5.92793454e-04  7.33027458e-02
 -1.04728928e-02 -4.87485453e-02  5.34457080e-02 -1.31266514e-32
 -1.55426329e-02  3.01523246e-02 -2.37857420e-02  2.25326465e-03
 -1.11319469e-02  7.20625231e-03 -3.79750989e-02 -5.94450533e-02
  3.51915732e-02 -1.23800695e-01 -5.76306097e-02 -8.37558508e-02
  7.72222877e-02 -5.05866185e-02 -7.72667751e-02  4.73383963e-02
 -2.60642506e-02 -5.51549383e-02 -4.22680080e-02 -2.29557622e-02
 -1.13878874e-02  1.90835427e-02  1.86988898e-02 -3.28217782e-02
 -1.67058520e-02 -1.62763726e-02 -6.39366393e-04  2.69944197e-03
 -2.66986154e-02 -1.77810696e-04  4.12013456e-02  4.57396097e-02
  1.16589237e-02  1.31228983e-01  4.51983735e-02  1.95511188e-02
  6.52247816e-02  2.94157164e-03 -7.94776306e-02  1.22623622e-01
  2.25872230e-02  1.45245958e-02  4.12156396e-02 -6.04787692e-02
 -4.39362489e-02 -4.04312797e-02 -5.90217151e-02 -8.63352269e-02
  4.30491380e-02 -5.24652489e-02  1.14979051e-01 -4.99732345e-02
 -3.14376503e-02 -2.52712239e-02  4.21052575e-02 -1.21335946e-02
  3.00003551e-02 -5.47313616e-02 -5.93884774e-02  1.08178100e-02
  1.31601289e-01  4.34394553e-02 -8.78215302e-03 -3.71606722e-02
 -8.04986618e-03  1.37412474e-02  1.35464827e-02 -4.84336400e-03
 -2.92988569e-02  1.07315518e-01  6.26963899e-02 -3.78533974e-02
 -8.11508670e-02  7.19466954e-02 -2.90789884e-02  6.18994189e-03
 -2.32701264e-02  1.99776888e-02  8.76222923e-03  2.82939505e-02
 -7.35905096e-02 -1.72597226e-02  1.40852928e-02  5.01842424e-02
  1.11677982e-02  7.18439072e-02 -6.76018447e-02 -8.62367172e-03
  4.16941456e-02 -6.55362383e-03  8.37339461e-02  7.53420666e-02
  6.11037463e-02 -3.37918871e-03 -8.75507072e-02 -6.26354222e-08
  9.65601802e-02 -8.12620074e-02  4.59011309e-02  4.89926152e-02
  1.46301528e-02 -5.09690754e-02  3.77155505e-02 -4.15573940e-02
  5.77395130e-03  4.37344573e-02  6.10837862e-02  6.55314478e-04
  2.08887216e-02 -9.09949373e-03 -3.16997916e-02  2.06221268e-02
 -1.79054961e-02  6.87608942e-02 -1.88276023e-02 -2.19465476e-02
 -5.25319204e-02  8.31616390e-03 -7.57016018e-02 -4.37693894e-02
  2.37382818e-02 -4.23877724e-02 -5.45478053e-02 -2.57724673e-02
  1.68714020e-02  3.44998464e-02 -3.58845294e-02 -2.78172400e-02
  6.82668686e-02 -7.16264620e-02 -4.14133109e-02 -5.91929033e-02
  1.02351554e-01  3.62068675e-02 -8.75378400e-02  1.82907190e-02
  1.19917564e-01  6.41719159e-03 -3.93197089e-02 -1.34102423e-02
  5.36947586e-02  5.04001323e-03 -2.71817371e-02  3.13052163e-03
 -3.49192955e-02  5.01716398e-02  4.44985442e-02  3.72727662e-02
 -1.31067401e-02  7.86142200e-02 -3.43469456e-02 -2.00194418e-02
  9.69744567e-03  9.50944237e-03 -1.71716232e-02 -5.58033586e-02
  5.56474477e-02  6.29426539e-02  1.07511720e-02 -8.47964808e-02]