[-3.89768258e-02  4.07437049e-02  5.11052320e-03 -3.68592739e-02
 -7.47786388e-02  1.74307674e-02  2.67017186e-02  5.48233055e-02
 -5.51575143e-03  8.08185339e-02  9.73235369e-02 -3.84628847e-02
 -9.60961804e-02  3.26010287e-02 -8.61937087e-03  1.58879830e-05
 -3.81006785e-02  3.09240967e-02 -4.68738079e-02  8.63416642e-02
  9.26726833e-02 -4.21462730e-02 -4.58273143e-02  3.73458602e-02
 -9.77488011e-02  2.64431909e-02 -3.60662825e-02  1.56843290e-02
 -1.10668927e-01 -2.78954823e-02 -5.29460497e-02  6.20519556e-02
  6.16075769e-02  1.29229845e-02 -5.45764517e-04 -5.25798053e-02
 -3.13796033e-03  2.39968020e-02  4.36717346e-02  2.83682309e-02
 -1.81550533e-02 -4.99865264e-02 -8.45475346e-02 -7.70371854e-02
  1.21547084e-03 -4.69307862e-02  6.89572468e-02  7.42450356e-02
  4.11208645e-02 -2.96053383e-02 -9.73987952e-02  6.24002479e-02
 -4.54007089e-02 -6.58521578e-02 -1.04278922e-02 -4.57584821e-02
  6.58149272e-02  1.67027451e-02 -1.88396487e-04  5.19053154e-02
  3.01611493e-03 -3.69508960e-03 -2.00868621e-02  5.92156984e-02
  3.07356995e-02 -3.14723179e-02 -1.13021042e-02 -5.52777499e-02
 -5.65459318e-02  1.07115833e-02  9.26713645e-02 -1.14309914e-01
  7.66763790e-03 -3.96920405e-02 -3.83649729e-02  1.13967992e-01
 -2.04829201e-02  2.61141155e-02 -3.97403501e-02 -7.39025176e-02
  1.03055891e-02 -1.22896554e-02  4.85983444e-03 -7.33279511e-02
  4.33667004e-03 -3.20531167e-02  9.57596861e-03  4.07941174e-03
  8.14344734e-02 -5.77419670e-03 -4.30206321e-02  7.23276809e-02
 -1.31810680e-01 -3.43451323e-03  1.23324536e-01  2.56634317e-02
  4.97965813e-02 -2.07040086e-02  6.63709119e-02 -2.62758546e-02
  6.27649054e-02 -5.71084581e-03 -3.63298990e-02  3.42847593e-02
 -3.37679386e-02  2.82492284e-02 -2.89314333e-02 -7.98117518e-02
 -6.82389305e-04  4.92740460e-02 -6.95096627e-02 -2.79110707e-02
 -5.46812303e-02 -3.38517986e-02 -3.95231619e-02 -2.91208643e-02
 -2.30624974e-02 -3.30395624e-03  2.30362099e-02  2.57625468e-02
 -9.85106919e-03 -8.06006640e-02 -2.47884123e-03  1.26947733e-02
  5.75654358e-02 -1.39849102e-02  1.40207051e-03  1.04697256e-32
 -3.61999311e-02 -4.61067632e-02 -3.62984948e-02 -1.57946013e-02
  7.46226758e-02 -8.08226969e-03 -4.62798513e-02 -2.15985440e-02
  1.21644419e-02  1.54838432e-02 -1.01892889e-01  9.79913622e-02
 -8.15297291e-02 -1.84969953e-03  6.40523210e-02  4.55810092e-02
  8.19730908e-02 -8.09679553e-02 -2.07573804e-03 -6.34607300e-02
  1.21437339e-02  6.27646670e-02  6.26364781e-04 -2.39285943e-03
  1.01098884e-02  1.27130225e-01 -3.60173397e-02 -5.43286577e-02
 -6.69448897e-02  4.91635054e-02 -7.18257437e-03 -5.29728271e-02
 -9.43853427e-03 -3.81681249e-02 -4.01247852e-02 -1.23627689e-02
 -6.83302879e-02 -2.42761616e-02 -6.90763295e-02 -3.93895945e-03
 -2.05508955e-02  1.16094379e-02  4.70828637e-02 -3.52456234e-03
 -6.07580878e-02 -8.23415723e-03 -3.09102014e-02  1.00691160e-02
  7.15398192e-02  8.36197510e-02  8.59123189e-03 -5.98359816e-02
  9.23827640e-04 -3.32541354e-02  3.53090912e-02 -1.07186055e-02
 -1.15362577e-01  2.56696027e-02 -2.32583005e-02 -1.25682680e-02
 -6.61764294e-03 -7.10209534e-02 -3.23937200e-02 -1.21897906e-02
 -2.77311224e-02 -1.68359969e-02  3.35032046e-02  1.10119827e-01
  1.13257393e-01  8.19453970e-02 -5.15740141e-02  4.86245006e-02
 -2.60267761e-02 -2.31796019e-02  1.69519093e-02  2.06725225e-02
  5.27688079e-02 -4.82296422e-02 -1.13285936e-01  6.56223521e-02
 -2.66473386e-02  5.64100742e-02 -1.46000506e-02  1.37765529e-02
  5.08045442e-02  3.88422720e-02  3.52505851e-03  1.01966329e-01
  3.91180143e-02  1.07955113e-02  6.74062371e-02  9.26939622e-02
 -3.78554687e-02 -1.18406340e-02  3.58499549e-02 -1.35993882e-32
 -2.73046084e-02  6.74796896e-03  1.20725133e-04  2.96447929e-02
 -3.45627740e-02 -2.57490445e-02 -5.91797829e-02 -4.56880266e-03
 -4.56157401e-02 -9.39453021e-02 -1.05734028e-01 -1.03416473e-01
  1.20765045e-01 -5.47785461e-02 -6.46245927e-02  3.83283682e-02
 -7.26876408e-02 -1.71984974e-02 -4.33463976e-02  3.43489870e-02
  6.62937807e-03  5.31451888e-02  2.03753579e-02 -6.08772188e-02
  2.39079073e-02 -9.14616808e-02 -5.82600422e-02 -2.34406106e-02
 -1.12750918e-01  1.87001750e-02  6.58368766e-02  7.00877979e-02
 -9.06203687e-03  5.83710819e-02  3.27677280e-02  3.57636735e-02
  7.76257589e-02  1.60363484e-02  8.08590208e-04  9.13096890e-02
  6.51542321e-02  5.60878552e-02  6.35727346e-02 -7.88981467e-02
 -1.34424269e-02  1.58562511e-02 -4.57207784e-02 -5.49774989e-02
  1.15268752e-02  9.82930325e-03  8.58439505e-02 -2.96337046e-02
 -3.27704139e-02 -7.30339512e-02  4.08796035e-02 -4.33012806e-02
  5.62122129e-02 -3.07476260e-02 -8.55373293e-02  5.46331257e-02
  3.10541969e-02 -2.93083303e-02 -5.00984676e-02 -3.23668607e-02
 -2.70791873e-02  4.17030826e-02 -9.46649760e-02  1.40940631e-02
  1.76305976e-03  4.04403359e-02  5.18429801e-02 -5.60563877e-02
 -1.13151357e-01  3.02607138e-02 -2.61709765e-02 -7.00833928e-03
 -6.22707009e-02  7.42302909e-02 -1.25944614e-03  7.29195476e-02
  1.63303856e-02  1.29595045e-02 -2.42327377e-02  3.35594751e-02
 -5.46427257e-02  1.26088848e-02 -6.72633797e-02 -1.75832510e-02
 -2.72072256e-02 -1.14604160e-02  7.13545457e-02  5.61081469e-02
  3.55789028e-02  4.23214659e-02 -9.86288562e-02 -5.88157967e-08
  3.40009406e-02 -3.54029192e-03  4.97355685e-02  3.02529167e-02
  5.42360805e-02  1.49021228e-03  3.68053839e-02 -1.32839577e-02
  2.53916532e-02  4.00441661e-02  4.17870879e-02 -4.40592319e-02
 -2.33115293e-02  4.35031503e-02 -1.64910275e-02 -1.15295965e-02
  4.89514023e-02  1.83212180e-02  4.28396463e-03 -5.87908067e-02
  1.38477255e-02  1.02456845e-02 -1.24516673e-01  1.07616568e-02
 -1.98670737e-02 -4.46379110e-02 -5.52704707e-02 -4.89041917e-02
 -2.38759294e-02  1.27154561e-02 -3.31819057e-02  2.21328232e-02
  2.09317021e-02 -6.21056594e-02 -8.05930197e-02 -2.71990988e-02
  2.34704744e-02 -1.07161347e-02 -8.92347768e-02 -1.12530533e-02
  9.76027995e-02  2.25465745e-02 -2.97938287e-02 -5.99589534e-02
  5.98618425e-02  2.61734724e-02  4.53744270e-02 -4.42866571e-02
 -1.84782259e-02  3.21150832e-02 -3.20402277e-03  6.51372075e-02
  1.03672266e-01  3.00825424e-02 -8.09794515e-02  1.60255691e-03
  4.80241142e-02  3.51994745e-02 -2.18509394e-03 -8.26049000e-02
  4.97985072e-02  3.21857855e-02 -8.04164354e-03 -5.68773150e-02]