[ 7.45180920e-02  6.74198121e-02 -7.04685003e-02 -5.14384173e-02
 -7.72037804e-02  8.15469772e-02  1.96958948e-02  8.38888511e-02
  2.60041151e-02  6.66201413e-02  3.06696109e-02 -3.30767315e-03
 -1.71481259e-02 -2.12226659e-02 -2.14803535e-02 -2.24090666e-02
  3.77073288e-02  9.60899517e-03 -2.71614101e-02  4.56112027e-02
  6.61556721e-02 -3.66852321e-02 -1.07900478e-01  8.84296075e-02
 -1.55990735e-01  1.57523789e-02 -2.42662560e-02  4.46983911e-02
 -7.55179524e-02 -7.38241524e-02 -7.40708113e-02  1.29570574e-01
  8.68979096e-02  1.30819799e-02 -1.57486536e-02 -6.19741790e-02
  5.23435101e-02 -3.52626033e-02  6.03625551e-03  1.65053513e-02
 -7.79806077e-02 -9.48703382e-03 -8.12599733e-02 -2.07977733e-04
 -1.82527881e-02 -1.12319943e-02  3.46049592e-02  1.74489319e-02
  3.89526486e-02 -4.68568467e-02 -1.69759486e-02  5.54108769e-02
  4.26049717e-03 -6.30977601e-02 -2.27997880e-02 -4.67974991e-02
 -3.37524414e-02  1.93066522e-02  3.93750258e-02  3.31720822e-02
  4.87746410e-02 -2.18912289e-02  1.54691422e-02  4.81120907e-02
 -4.61232550e-02 -5.04766069e-02  8.05323757e-03 -6.67090714e-02
 -4.93149012e-02  1.84084196e-03  2.21752301e-02 -8.77502263e-02
 -1.07236477e-02  4.16963287e-02 -3.22074555e-02  9.67360958e-02
  2.90949568e-02  2.04941537e-02 -3.48648056e-03 -1.25150621e-01
 -1.99613385e-02  1.53434239e-02 -3.82478647e-02 -4.64370884e-02
  1.87566243e-02 -5.61627299e-02  1.03571415e-02 -2.24938206e-02
  3.19913141e-02  3.92451473e-02 -4.22555357e-02  6.29533306e-02
 -3.49072404e-02 -3.51440161e-02  1.59994774e-02 -1.50832143e-02
  2.66554374e-02 -5.99443354e-02  7.68489465e-02 -1.95229761e-02
  6.07105717e-02  6.65510371e-02  3.73130217e-02  1.90746486e-02
 -7.60618821e-02  5.40088862e-02  1.04856893e-01 -3.12039889e-02
  7.79409707e-02  7.45709017e-02 -1.17727809e-01  4.39660773e-02
 -7.02108219e-02 -7.89790824e-02 -6.19436540e-02  1.63803827e-02
 -1.21947778e-02 -1.28903231e-02 -1.25837233e-02  1.02845626e-02
  3.08055780e-03 -7.84858689e-02  2.35054400e-02 -1.83926243e-02
  6.28475174e-02 -4.37497571e-02  2.25727931e-02  1.00187751e-32
 -6.28753752e-02 -2.83615626e-02 -4.97254692e-02 -1.67620881e-03
  3.98171879e-02 -8.33932310e-03 -5.77737158e-03 -3.15943211e-02
  2.64545046e-02  2.30954476e-02 -2.12236457e-02  7.84319118e-02
 -2.39956491e-02 -4.21452001e-02  1.42483488e-01 -2.40006042e-03
 -2.72600981e-03 -4.48316075e-02 -1.49092358e-02 -8.99457335e-02
 -5.52516840e-02  7.60283172e-02  4.03140895e-02 -2.47600451e-02
  5.43361418e-02  5.07587083e-02 -2.57280935e-02 -1.01389252e-01
 -1.73204634e-02  4.97439578e-02  5.55900596e-02 -2.67451559e-03
 -7.19380528e-02 -1.50120864e-02 -5.83188310e-02 -6.96524307e-02
  2.16516014e-02  2.87707802e-02 -3.95524092e-02 -1.15523050e-02
 -3.82934920e-02 -2.28537004e-02 -1.86927356e-02 -8.46523046e-03
 -3.13265957e-02 -5.61772585e-02 -1.35320285e-02  1.56139545e-02
  6.06311038e-02  4.43883874e-02 -6.40283078e-02 -6.23545311e-02
  1.27911977e-02 -7.60526583e-02 -3.39881703e-03 -3.79558317e-02
 -9.28023160e-02  2.00077775e-03 -5.98407276e-02 -9.83525068e-02
 -1.03971986e-02  1.33041898e-02 -3.36836092e-02  7.22746598e-04
 -7.89489672e-02 -4.62553790e-03  1.21703278e-02 -8.27061594e-05
  7.50940442e-02  4.56488170e-02 -4.79160920e-02 -4.34365822e-03
 -3.56852897e-02 -2.43598018e-02  4.60702963e-02 -9.16971080e-03
  6.91570863e-02 -1.96736772e-02 -3.70789208e-02  7.86579698e-02
  1.03319278e-02  4.18834351e-02 -1.26984352e-02 -3.35074849e-02
  7.22615123e-02  3.09912115e-02  3.92828919e-02  1.54120158e-02
 -7.33886845e-04  2.40656640e-02 -1.83124356e-02  5.33820502e-02
  5.21699758e-03  5.29537462e-02  8.85457844e-02 -1.31709117e-32
  3.73069234e-02 -8.02542735e-03  4.86244187e-02 -2.06046347e-02
  2.16629654e-02  2.27555465e-02 -1.91198085e-02 -5.04035652e-02
 -9.00590569e-02 -1.62566379e-01 -9.54597965e-02 -6.08133711e-02
  1.76885258e-02 -4.27444614e-02 -1.77662019e-02 -1.13088228e-02
 -6.67356979e-03 -3.89750861e-02 -3.06426454e-02 -2.03329995e-02
  4.70826067e-02  3.56341600e-02  7.04012513e-02 -5.06715961e-02
  2.45569367e-02 -8.35819840e-02 -2.52128579e-03  2.75040250e-02
 -9.04447883e-02 -4.88113659e-03  1.32952392e-01  6.83638006e-02
  3.97707708e-02  1.26321733e-01 -4.94721867e-02 -1.64740405e-03
  1.95843950e-02  4.08180244e-03 -6.09513409e-02  4.08542268e-02
  4.79118265e-02 -9.89471842e-03  3.78543250e-02 -5.57081103e-02
  4.32171440e-03 -3.60430926e-02 -1.19538214e-02 -1.33790150e-01
  4.50995974e-02  9.15302522e-03  9.19583961e-02 -9.64862257e-02
 -8.38533193e-02 -1.26339747e-02  3.50348167e-02 -1.43670733e-03
  4.72618602e-02 -9.11278799e-02 -2.24709678e-02  3.94512229e-02
  6.55484051e-02  3.64110693e-02 -4.13408056e-02 -2.91271042e-02
  2.35354826e-02  1.35344313e-02 -3.32277291e-03  5.86653054e-02
  3.46656442e-02  9.42521822e-03  3.11087649e-02  6.79098582e-03
 -4.54532132e-02  7.91667849e-02 -6.11280799e-02 -1.94137858e-03
 -1.18783172e-02  1.21523179e-02 -4.56241220e-02  5.43536283e-02
 -6.38428330e-02 -3.19877565e-02 -2.41205785e-02  5.53783253e-02
 -4.19448391e-02  7.77284279e-02 -3.12715769e-02  2.57109553e-02
 -3.28973383e-02  4.57939543e-02  3.47973369e-02  2.36459281e-02
  8.51821005e-02 -1.49569465e-02 -1.12673506e-01 -5.78982338e-08
  7.76580488e-03 -2.50527468e-02  6.61734641e-02  4.49702181e-02
 -8.63716844e-03 -9.55891330e-03 -1.21355187e-02 -6.30750507e-02
 -1.96361113e-02  8.45276227e-04  7.18600526e-02 -6.00324906e-02
  2.87021771e-02  5.31577617e-02  2.29786411e-02 -8.70103762e-03
  1.48066478e-02  7.17228279e-02  2.74624880e-02 -2.34259088e-02
  1.14120990e-02 -5.93893044e-02 -6.32247627e-02  4.70898636e-02
  1.43789835e-02 -5.35769910e-02 -4.94563691e-02 -6.06438108e-02
 -5.68194874e-02 -2.19019353e-02 -2.09491998e-02  7.15306252e-02
  5.26619032e-02 -5.81312552e-03 -6.87466860e-02 -6.72227889e-02
  7.71939456e-02  1.61319245e-02 -1.55682772e-01 -2.42147241e-02
  9.05594230e-02  2.82805823e-02 -7.48166963e-02 -6.32577017e-02
  3.92920896e-02  3.76930507e-03  1.27984909e-02  2.15696860e-02
 -3.11183445e-02 -4.06318083e-02  1.24957329e-02  2.53322478e-02
  3.30347978e-02  8.33778009e-02 -2.63942536e-02  1.60496775e-02
 -2.68472754e-03  2.32566893e-02 -1.73945297e-02 -9.01801512e-02
  2.66898219e-02  7.52684548e-02 -2.63649486e-02 -3.74846868e-02]