[ 1.08679552e-02  2.08127573e-02 -9.89152119e-02 -6.42125010e-02
 -7.53857801e-03 -1.50452424e-02  3.71998595e-03  4.86455262e-02
  3.20129283e-02  7.49508590e-02  1.20982587e-01 -1.58096850e-02
 -1.22139053e-02 -1.89522188e-02 -2.18677949e-02 -1.57604355e-03
 -2.48351078e-02  1.25243105e-02  7.14639714e-03  6.14350364e-02
  6.61198646e-02 -5.80729172e-02 -6.98954016e-02  2.24023014e-02
 -1.10626221e-01  2.27035750e-02  1.19549381e-02  2.28346698e-02
 -6.45886958e-02 -3.93463783e-02 -5.16607128e-02  1.11880369e-01
  6.74417466e-02  1.81401018e-02 -7.11823069e-03  2.10011825e-02
 -1.37206968e-02 -2.50114482e-02  8.85255169e-03  3.36301960e-02
 -4.66779396e-02 -3.56017500e-02  3.63707007e-03 -4.32101265e-03
 -1.43096223e-02 -7.27395788e-02  1.03899337e-01  8.10982063e-02
  8.72572139e-03 -9.46607627e-03 -2.92152092e-02  5.45006059e-02
 -4.74825874e-02 -4.84862141e-02 -2.63437759e-02 -7.65631953e-03
 -1.61712768e-03 -3.37148719e-02  4.58334088e-02 -1.83189660e-02
 -6.79332167e-02  1.04318261e-02 -3.67522649e-02  4.40039448e-02
  9.19264928e-03 -6.68984093e-03 -1.27910068e-02 -7.26282150e-02
 -5.37671186e-02  1.00252349e-02  2.08084136e-02 -1.00356847e-01
  4.91849671e-04  2.27528121e-02 -4.83886041e-02  8.83324742e-02
 -3.67319211e-02  6.21307269e-02 -5.89501746e-02 -5.05089574e-02
  6.56324327e-02  2.44177449e-02 -6.58858148e-03 -8.57120529e-02
  4.93272990e-02  3.85264191e-03 -2.99176713e-03 -1.00369854e-02
  3.10447309e-02  8.38837400e-03  5.32422289e-02  9.16645676e-02
 -9.36794132e-02 -1.18548209e-02  4.08027292e-04  3.20704468e-02
  3.86254229e-02 -4.36689332e-02  1.21431034e-02 -3.00549567e-02
  7.60048181e-02  2.21811756e-02 -5.50229736e-02 -9.77897830e-03
 -3.96671966e-02 -3.44791706e-03  3.13231200e-02 -5.07614575e-02
  9.83060338e-04  1.16803318e-01 -9.89956111e-02 -1.02026192e-02
 -7.49370158e-02 -8.16224590e-02 -5.97285479e-02 -4.24125046e-02
 -1.12553611e-02 -2.78630592e-02  1.78811327e-02 -1.16461422e-02
 -1.10023385e-02 -5.80482930e-02  4.82159965e-02 -1.45751163e-02
  6.24229759e-02 -7.09913820e-02  8.85034427e-02  1.41317181e-32
 -2.72560641e-02 -1.62981951e-03 -3.60438414e-02 -8.65656976e-03
  8.38394091e-02 -2.22124327e-02 -1.46862660e-02 -3.92833911e-02
  3.25679891e-02  3.18090171e-02 -4.41901572e-02  2.90667564e-02
 -6.18383959e-02 -3.76519747e-02  3.30901220e-02  4.82878312e-02
  7.77188987e-02 -1.40564278e-01 -4.85709496e-03 -5.36077544e-02
 -2.50873417e-02  4.19578850e-02  4.09294590e-02  7.46159302e-03
 -1.04756216e-02  1.02818869e-01 -2.87483707e-02 -6.68777376e-02
 -3.57610695e-02  4.45315875e-02  2.40111817e-02 -2.31292080e-02
 -1.87880807e-02 -4.47718389e-02 -4.34484221e-02 -6.05120100e-02
  1.79257486e-02  1.82979666e-02 -5.64859360e-02  3.23584452e-02
 -4.57370803e-02 -1.51033690e-02  4.08688337e-02  3.90096568e-02
  7.16984719e-02 -7.22052902e-02  7.07803369e-02  3.56212296e-02
  9.65742245e-02  6.46452755e-02 -2.67507806e-02 -1.03852935e-01
  2.61777677e-02 -4.90039550e-02  3.79907829e-03 -4.23928350e-02
 -1.15540914e-01  1.46582536e-02 -4.16930094e-02 -1.58405153e-03
 -5.20382822e-02 -3.81338261e-02 -1.04288934e-02  5.49065007e-04
 -6.59675971e-02 -4.13171798e-02 -7.81121925e-02  1.24968635e-02
  1.66935116e-01  4.19231541e-02 -4.29196060e-02  5.70804253e-03
 -1.18617667e-02  3.88682727e-03  2.14162562e-02  7.78697133e-02
  4.79645655e-02 -2.55008414e-03 -7.18534142e-02  4.18590344e-02
 -3.27760242e-02  5.29879332e-02  2.81083360e-02  7.03814626e-02
  7.72619769e-02  1.94789246e-02  1.49599994e-02  5.88017516e-02
  3.53980996e-02  3.77317742e-02  4.46180031e-02  9.52750370e-02
  5.65648079e-03 -4.43975665e-02  8.67430121e-02 -1.34189410e-32
  1.68612134e-02  2.43782364e-02  3.44746537e-03  4.41772938e-02
  2.77801952e-03 -5.06624542e-02 -4.47372943e-02 -3.27064074e-03
 -3.61446738e-02 -1.55837357e-01 -1.31170928e-01 -1.08988769e-01
  5.04728407e-02 -5.92410713e-02 -4.54182690e-03  4.61633131e-02
 -5.37241884e-02  5.51942503e-03 -7.83072636e-02  1.41068338e-03
 -5.81606431e-03  3.43266577e-02  4.32203524e-02 -5.37210032e-02
  1.26861166e-02 -3.05465190e-04  1.33513182e-03  3.65748629e-02
 -5.90631664e-02  4.96019423e-02  6.61201850e-02  8.45996961e-02
  5.53370155e-02  8.42490718e-02 -2.98665557e-02  4.41579260e-02
  5.01635149e-02  7.06779584e-02 -7.55746216e-02  1.12758622e-01
  4.40127775e-02  4.94558625e-02 -2.90990528e-02 -1.30727351e-01
  1.05031161e-03 -3.45452949e-02  1.23877805e-02 -1.06918953e-01
  2.11496092e-02 -4.03675064e-02  1.28940076e-01 -3.61641757e-02
 -6.99651055e-03 -2.18795668e-02  8.65137130e-02 -4.99999523e-02
  1.15492102e-02 -3.46024185e-02  5.67120640e-03 -1.57326814e-02
  6.87841326e-02  3.28789256e-03 -4.81670462e-02  4.58860211e-03
  1.07260682e-01  5.25146862e-03  3.41631323e-02  8.35571289e-02
 -7.17294067e-02  1.15001634e-01  3.79010811e-02 -1.15325544e-02
 -7.22396448e-02  3.15099098e-02  2.33824402e-02  7.05537619e-04
 -1.74861141e-02  2.72063836e-02 -5.43445572e-02  8.85833427e-02
 -1.05855800e-01 -2.66555734e-02 -6.80260882e-02  3.11806966e-02
 -7.04434738e-02  9.75186676e-02 -2.15261262e-02 -4.58350889e-02
 -1.92073435e-02 -1.47246365e-02  1.02760829e-03  3.28699909e-02
  1.68056302e-02  6.15710672e-03 -5.18331565e-02 -5.68358978e-08
  2.84197107e-02 -4.34210040e-02 -6.02377299e-03 -5.76039916e-03
  4.67667989e-02  4.70992317e-03  3.61441146e-03 -5.72054386e-02
  1.66108683e-02  6.53667562e-03 -1.70167852e-02 -4.21850616e-03
  2.33150125e-02  3.05343326e-02  3.59631988e-04  3.09605766e-02
  4.12228405e-02  3.51736322e-02 -2.20251884e-02 -5.62598109e-02
  3.17077525e-02  2.67062448e-02 -1.09368905e-01 -4.22523735e-04
  1.90707184e-02 -6.63206633e-03 -4.78331447e-02  1.47411125e-02
 -1.58110000e-02  3.27970758e-02 -1.50052505e-02 -4.03495915e-02
  6.10469393e-02 -4.90492135e-02 -8.41651782e-02 -4.66366820e-02
  9.68101844e-02 -4.45015840e-02 -7.76460245e-02 -1.19078124e-03
  7.55484775e-02  1.30678585e-03 -4.62237559e-02 -4.92588878e-02
 -2.04063337e-02 -2.30775028e-02  8.12588818e-03  3.73101910e-03
 -2.42985822e-02  3.86334807e-02 -1.62183512e-02  4.93531972e-02
  3.16747166e-02  1.75253432e-02 -1.09948767e-02 -4.56195585e-02
  6.90028965e-02  2.71759704e-02 -1.96849760e-02 -4.58025150e-02
  3.68178897e-02  7.16197789e-02 -3.52074169e-02 -7.29115829e-02]