[-6.43141270e-02  1.95225868e-02  1.48569765e-02  1.19396308e-02
  4.76499135e-03 -2.87351087e-02  2.18917783e-02  3.62618677e-02
 -3.65284495e-02  4.67811488e-02  1.16171636e-01 -5.69370352e-02
 -6.88806847e-02  2.79887095e-02 -4.95261215e-02  6.82877675e-02
 -3.60590108e-02 -4.04834338e-02  1.10512311e-02  9.23919007e-02
  2.69342139e-02  2.42510792e-02 -2.69208774e-02  7.64586478e-02
 -8.38585496e-02  4.01519015e-02 -6.25253916e-02  3.92320417e-02
 -8.29703957e-02 -5.51273525e-02 -2.82598156e-02  5.22329547e-02
  3.35074477e-02 -4.66140248e-02 -1.19954227e-02 -8.74507576e-02
  1.81654654e-02 -3.27057601e-03 -2.42779329e-02  3.69323865e-02
 -6.18659854e-02 -1.95103732e-03 -2.77242181e-03  3.07817478e-02
 -1.51348831e-02 -1.67116746e-02  1.93662085e-02  1.41126458e-02
  5.39614335e-02 -1.52844759e-02 -4.93190214e-02  7.18783261e-03
 -2.81090923e-02 -4.29156385e-02 -4.38686125e-02 -5.63321561e-02
 -8.85985866e-02 -6.67687878e-02  7.00906888e-02 -3.02851554e-02
 -3.95267823e-04  6.03640676e-02 -1.03047587e-01  3.50216106e-02
  7.67508382e-03 -5.49110062e-02  9.03081236e-05 -4.18297760e-02
 -5.16933808e-03 -7.75739877e-03  7.27916416e-03 -1.05921686e-01
  7.92690217e-02 -5.63576166e-03 -9.07674432e-02  6.34271726e-02
  6.31418377e-02 -3.99758928e-02 -1.72461066e-02 -6.45756945e-02
  2.03365870e-02 -8.90206471e-02  6.07663067e-03 -5.15480042e-02
  1.16601907e-01 -2.72216946e-02  5.21305911e-02 -3.14456411e-02
 -5.31751011e-03  3.88514027e-02  5.14754169e-02  7.99383968e-02
 -2.77185310e-02 -8.92762281e-03  8.64539817e-02  4.68340628e-02
  5.80098815e-02  5.84894195e-02 -4.28784173e-03  6.75404817e-02
  4.54759337e-02 -4.70614955e-02 -1.51736066e-01  1.75948292e-02
 -1.12491444e-01 -1.26273660e-02  2.46341750e-02 -1.10756949e-01
  4.64925915e-02  1.73048731e-02 -1.40403897e-01  9.75067262e-03
 -2.11236831e-02 -3.98865715e-02 -8.69895294e-02 -2.63671670e-03
 -1.04202842e-02  2.47425959e-02  1.01537649e-02  5.59805892e-02
 -1.68250352e-02 -4.62686568e-02  4.52174731e-02  4.44445126e-02
  8.72921795e-02 -3.28743756e-02  7.57568656e-03  7.41824730e-33
 -8.92291684e-03 -3.75697128e-02 -4.69675660e-02  3.68885212e-02
  9.22397450e-02  1.82368793e-02 -1.09735280e-01 -2.38533597e-02
  2.07443461e-02 -6.56381845e-02 -1.06741942e-01 -5.57397213e-03
 -6.70214444e-02 -1.15104113e-02  6.36895671e-02  1.42279305e-02
 -5.02369180e-02 -7.10357130e-02 -1.02232754e-01 -4.73434851e-02
 -2.93712262e-02  8.00163206e-03 -1.55926719e-02  7.00132027e-02
  2.58855559e-02  7.18048736e-02 -5.80413220e-03  1.04837082e-02
 -3.50552537e-02  9.10588354e-02 -1.65771004e-02 -1.77297741e-02
 -6.27667978e-02 -2.78737908e-03 -1.45306485e-02  2.68520284e-02
 -1.09387515e-02 -3.07284631e-02 -8.75909626e-02 -9.03997943e-03
  1.75443999e-02 -1.12224119e-02  2.85036792e-03  7.75787085e-02
  1.58303063e-02 -1.06697911e-02  3.55691276e-03  2.59603970e-02
  8.45729560e-02  1.86969731e-02 -9.30890143e-02 -6.11105487e-02
 -6.06367737e-02 -6.89518973e-02  5.12416102e-03  2.91908067e-02
 -6.05419762e-02 -5.08355536e-03  5.43754771e-02 -5.28243333e-02
 -3.25167403e-02  4.31815721e-02  6.14964543e-03 -4.25170213e-02
 -5.13318144e-02  4.78182882e-02  2.33591898e-04  4.94980179e-02
  7.08942413e-02 -1.09218592e-02 -1.35970721e-02 -4.15328741e-02
  5.71535081e-02 -1.79132670e-02 -2.96236575e-02  2.78689191e-02
  3.49807888e-02  4.80965301e-02 -7.76966959e-02  3.01439390e-02
 -6.23387098e-02  4.81040329e-02  5.66491522e-02  9.64079332e-03
  5.09947687e-02 -4.28037420e-02  1.22508435e-02  1.97670851e-02
  3.41959000e-02  7.10795298e-02  1.97837353e-02  5.67440502e-02
 -1.40357185e-02 -8.09871778e-02 -4.42322530e-03 -7.83387712e-33
  3.37445475e-02 -5.74259786e-04 -2.14232150e-02  4.67419028e-02
 -2.33237687e-02 -7.31778285e-03 -2.68167593e-02  3.04676443e-02
  8.41870159e-02 -1.50365666e-01 -6.03125431e-02 -1.42387245e-02
  3.93707342e-02 -8.49683732e-02  3.32045294e-02  4.73357439e-02
  1.04606105e-02 -2.42991634e-02 -8.53846893e-02 -3.63656995e-03
 -4.95027611e-03  2.02151574e-02 -2.02662107e-02 -5.62467088e-04
  1.75255984e-02  1.54554900e-02  4.26037796e-02 -2.79971082e-02
 -2.47833114e-02 -5.86761273e-02 -4.79519404e-02 -9.13075870e-04
  8.30559526e-03  9.90735888e-02  8.59558117e-03  9.44595486e-02
  1.06804602e-01 -1.52015267e-02 -1.14422262e-01  9.55328792e-02
  9.26263928e-02  7.65891820e-02  2.63636969e-02 -1.81955304e-02
 -2.34821998e-03  6.52491115e-04  1.65699534e-02 -2.64848415e-02
 -1.16604827e-02 -5.22566028e-02  1.30173340e-01 -2.99183670e-02
 -1.31156910e-02 -1.68361403e-02  9.48238298e-02 -3.50378305e-02
  4.13800441e-02 -4.04976718e-02 -5.09004965e-02  5.62496260e-02
  1.11363366e-01  3.20036598e-02 -9.26277563e-02 -3.91984284e-02
  2.20513977e-02  2.43444685e-02 -4.04726900e-02  6.12408966e-02
  2.67521348e-02  3.61344218e-02  3.76006635e-03 -5.91961332e-02
 -5.66201247e-02 -3.73234693e-03 -2.96211448e-02 -4.54822183e-03
  7.74482591e-03  1.52712595e-02  2.21479721e-02 -2.12016013e-02
 -5.08767329e-02 -1.24239819e-02  1.17496969e-02  3.51411514e-02
  6.62390068e-02 -8.60531721e-03 -7.97715485e-02 -8.62171426e-02
  3.29766702e-03  3.86873260e-02  5.38607463e-02  2.51444820e-02
  7.20800832e-02  4.25613299e-02 -5.63499564e-03 -6.62461588e-08
  5.36767915e-02 -4.69935685e-03  7.75417313e-02  5.05335666e-02
  6.63163736e-02  1.91660821e-02  6.51073754e-02  2.38837046e-03
 -1.79080758e-02  4.88870442e-02  4.88201194e-02  4.85280119e-02
  3.98743227e-02  3.96294780e-02  2.68907007e-02 -2.17898916e-02
 -5.53060062e-02  7.51729831e-02 -5.79520725e-02  2.34845607e-03
  3.21006328e-02  8.80804881e-02 -8.19349512e-02 -5.37014045e-02
 -2.57136161e-03  1.31273130e-02 -2.60631163e-02  1.42093003e-02
  1.05725713e-02  9.90233035e-04 -8.10072571e-02 -8.42658896e-03
  2.78452896e-02 -8.25385600e-02 -5.73415868e-02 -2.88762506e-02
  4.90641268e-03 -2.92288698e-03 -4.83482033e-02 -3.09988461e-03
  4.75442819e-02 -1.49865821e-02 -3.04099210e-02  2.82267369e-02
  4.72117625e-02 -1.04443859e-02 -3.19464654e-02 -1.82969104e-02
 -1.41503802e-02  4.39214744e-02  9.84296799e-02  4.21253443e-02
  9.38716903e-02  1.04681179e-01 -6.52879998e-02 -3.66171971e-02
  3.62179242e-02 -7.11659715e-02 -4.52235118e-02 -1.04719035e-01
  6.70527965e-02 -1.41659901e-02 -5.61491996e-02  4.44895141e-02]