[-7.72689804e-02  4.19162624e-02 -6.93382742e-03 -2.55381633e-02
  1.08409990e-02  3.29635628e-02 -1.68357939e-02  1.24188066e-01
 -7.29638292e-03  9.06340182e-02  8.50498006e-02  6.87023299e-03
 -3.56640629e-02  3.10707334e-02 -7.35773146e-02  1.26634324e-02
 -1.01723306e-01 -6.07453138e-02 -8.64294940e-04  2.72151269e-02
  1.10308222e-01  1.81892458e-02 -3.06626875e-02  6.50956705e-02
 -2.52263900e-02 -7.58031150e-03 -3.12288646e-02  2.36534253e-02
 -3.68636809e-02 -5.78263365e-02 -2.62023117e-02  8.07602704e-02
  5.69269881e-02 -4.64174747e-02  5.07151475e-03 -1.27741724e-01
 -2.70491801e-02 -2.19521131e-02 -8.88524204e-03  3.18203680e-02
  1.04645668e-02 -5.42497970e-02 -1.08852731e-02  1.69984996e-02
 -2.08394118e-02 -2.64752656e-02  2.78971083e-02  5.84582686e-02
  2.92887557e-02  1.52731240e-02 -7.58308992e-02  5.54200970e-02
 -3.33527708e-03 -5.97615093e-02 -1.41943628e-02 -9.08218697e-02
 -8.59912783e-02  1.23326834e-02  1.88418757e-02 -1.00878421e-02
  4.26640734e-02 -1.75954662e-02 -5.62666580e-02 -1.18513238e-02
  3.01874932e-02  1.65794827e-02  2.19093151e-02 -1.31317496e-01
 -8.02965686e-02  4.75752652e-02  1.25330025e-02 -6.59723505e-02
  5.01137264e-02 -7.24486932e-02 -2.36601233e-02  7.31260106e-02
  3.51609588e-02  3.61887850e-02 -1.53358774e-02 -1.05647258e-01
  7.84824044e-03 -5.31762801e-02 -9.88642406e-03 -1.32320926e-01
  4.15380672e-02 -1.66447740e-02 -8.28229636e-03  5.47679551e-02
  6.82717562e-02 -1.34334052e-02  3.64209749e-02  6.73511345e-03
 -2.50158086e-02  3.81976366e-02  2.20744628e-02  7.44238570e-02
 -1.21367897e-03  5.97717836e-02  5.94819970e-02  2.29115803e-02
  3.32880802e-02  7.02258199e-02 -8.78396407e-02  2.99039166e-02
 -8.42684731e-02  3.90019082e-02  8.99089128e-02 -1.07760772e-01
 -1.58564106e-03  3.45379338e-02 -7.98792168e-02  5.37011884e-02
 -3.60448323e-02 -5.40207103e-02 -9.34980363e-02  9.40399338e-03
  1.51276235e-02  6.89779744e-02  3.90134044e-02  5.15832305e-02
  4.00753506e-02 -5.62832877e-02  1.19311241e-02  6.16669804e-02
  6.36516213e-02 -5.34712113e-02 -1.94637440e-02  8.53190844e-33
 -4.70538139e-02 -2.59968620e-02 -4.37317938e-02  5.22162281e-02
  1.39863212e-02  3.32066081e-02 -7.21380562e-02 -8.05031043e-03
  1.86094344e-02 -2.60221492e-02 -1.16645791e-01  3.98378149e-02
 -3.98279689e-02 -6.05454668e-02 -4.52092662e-03 -1.75146572e-02
  4.77474555e-02 -4.54536155e-02 -4.97289635e-02 -6.58965409e-02
  1.65367275e-02 -2.26047020e-02 -1.21964486e-02 -8.93445220e-03
  7.01273009e-02  1.21774182e-01 -2.09429674e-02  2.98290420e-03
 -8.79695192e-02  6.18519895e-02 -4.52766148e-03 -4.20176722e-02
 -1.14891224e-01 -2.50616446e-02 -1.52322799e-02 -4.48711999e-02
 -3.43375988e-02  1.31593188e-02 -2.03893278e-02  4.90573645e-02
 -2.29948889e-02  7.51035884e-02 -6.77599059e-03 -2.02471875e-02
 -1.90442763e-02 -6.08812794e-02  1.14678172e-02  7.81856626e-02
  1.48467317e-01  6.34281635e-02 -7.57027715e-02 -6.91195056e-02
 -1.01065911e-01 -1.02347143e-01  4.00936045e-02 -3.61652439e-03
 -9.43363085e-02 -7.33401068e-03  3.22823506e-03  9.88368876e-04
  1.59377500e-03  1.71456486e-02 -1.54197486e-02 -4.06920388e-02
 -7.22805187e-02  1.07326232e-01 -3.19517329e-02 -6.61117258e-03
  8.76705647e-02  2.10720226e-02  1.48979641e-04 -2.09716894e-02
 -1.56002948e-02 -4.05525044e-03  1.02912905e-02 -2.70543504e-03
  1.11201517e-01 -1.24008125e-02 -1.42632769e-02  3.15795243e-02
 -8.31584558e-02  1.94896813e-02 -1.82574000e-02  1.27988346e-02
  2.95779090e-02  3.33787687e-03 -4.85775396e-02  8.37219134e-02
  3.40101421e-02 -5.13500860e-03  4.03359309e-02  3.18918005e-02
  6.12061564e-03 -1.86254531e-02  3.39599960e-02 -8.27177816e-33
  5.65774040e-03  6.53622597e-02 -5.71504608e-02  3.45256436e-03
 -3.65884565e-02 -7.25482358e-03  6.54187351e-02  3.36054228e-02
  4.21577729e-02 -7.83663914e-02 -2.54433639e-02 -3.53476070e-02
 -4.53396933e-03 -5.19385375e-02 -1.64611395e-02  4.63038534e-02
  3.78057249e-02 -6.18989058e-02 -3.08273435e-02 -3.03946510e-02
 -4.72919579e-04  4.36367430e-02 -4.51341085e-02 -6.70262426e-03
 -2.01674029e-02 -3.68124410e-03  5.38896099e-02  3.56741101e-02
 -2.98012160e-02 -7.14980671e-03 -7.12173060e-02 -4.31908555e-02
 -2.75971950e-03  1.06662750e-01 -2.90063750e-02  5.27092144e-02
  1.09348036e-01  1.35399289e-02 -8.84793922e-02  9.85473022e-02
  8.18445161e-02  9.76760313e-02  2.14527566e-02 -4.02690060e-02
 -1.75544340e-02 -2.93881893e-02  8.39160159e-02 -3.32350135e-02
  2.91550588e-02 -8.09471160e-02  1.30951226e-01 -3.45574170e-02
  4.55387263e-03 -2.07721237e-02  4.12200913e-02 -1.37275839e-02
  5.55994548e-03 -5.19732572e-02 -7.73970559e-02 -3.37297120e-03
  7.94186890e-02  2.51295138e-02 -8.31512734e-02 -1.09010283e-02
  2.30674893e-02 -4.11653705e-02 -2.03742012e-02 -3.93220484e-02
  6.81093261e-02  6.30313307e-02  6.90139905e-02 -4.88524027e-02
 -5.99135682e-02 -7.07003707e-03 -6.07280321e-02  2.12074500e-02
  5.61119709e-03  3.07651274e-02  4.87736091e-02 -3.79314944e-02
 -4.90614660e-02 -1.22948727e-02 -2.93360800e-02 -1.92030903e-03
  7.82930404e-02  1.49323391e-02  3.12301982e-02 -3.08040641e-02
  4.24218876e-03  1.73182078e-02  1.79005340e-02  2.31179446e-02
  1.09902890e-02  8.43735859e-02 -3.40383574e-02 -6.04908195e-08
  3.38233188e-02  5.88333048e-03 -5.38033098e-02  4.54482138e-02
  8.26932266e-02  2.78572049e-02  1.96236614e-02 -3.52303125e-02
  1.28969904e-02  2.77194511e-02  1.00055598e-01  1.56231420e-02
  7.06120282e-02  3.37335933e-03 -2.09753588e-03  6.59552068e-02
 -4.24738526e-02  6.67677075e-02 -2.99951732e-02 -2.96002235e-02
  8.04238021e-02  1.06272651e-02 -1.19631529e-01 -6.76831007e-02
  2.89346930e-02 -7.47228647e-03 -7.26640821e-02  7.45712519e-02
 -3.89814824e-02  5.31332754e-03 -6.11823052e-02 -4.37578894e-02
  2.89994329e-02 -4.95885126e-02 -1.15184486e-02 -5.13776243e-02
  4.70075645e-02  4.51614894e-02 -1.09561123e-02  4.97833677e-02
  3.28623913e-02  4.29136157e-02 -2.51559960e-03  1.47544546e-02
  7.36415908e-02 -2.00566668e-02 -6.77204579e-02 -5.77586889e-02
 -5.39693721e-02  1.48289395e-03  6.67446330e-02  2.68279947e-02
  9.93544422e-03  1.00147076e-01  3.88787710e-03 -9.16196965e-03
  8.33173376e-03 -4.26276214e-02 -3.45732197e-02 -6.58170134e-02
  2.64708810e-02  5.58614917e-02 -8.52467641e-02 -2.66925339e-03]