[-5.71310744e-02  5.76853491e-02 -7.36011937e-02 -4.67522331e-02
  3.31879295e-02  4.65167649e-02 -4.66055982e-02  1.31123453e-01
 -1.60033852e-02 -1.64648686e-02 -1.36261303e-02 -5.63662797e-02
  4.75993799e-03  3.22500393e-02 -3.91190127e-02 -6.27345219e-02
 -6.65399581e-02  6.73187673e-02  2.21123137e-02  4.19637747e-03
  6.01760950e-03 -3.52158919e-02 -1.81769244e-02  8.66127685e-02
 -7.71800652e-02  3.34021412e-02 -5.83589152e-02  5.17900400e-02
 -5.08980229e-02 -9.66392737e-03 -5.33297509e-02  3.56799364e-02
 -8.84207711e-03 -4.47279736e-02  8.66055768e-03 -3.69365662e-02
 -4.74461466e-02 -3.47706005e-02 -6.08844236e-02  1.49279330e-02
 -4.50465502e-03 -1.30204456e-02 -7.84424599e-03 -3.42134535e-02
  5.34320772e-02 -2.97134425e-02  1.96943209e-02  7.97235817e-02
 -9.23334248e-03 -3.60494964e-02 -4.80718240e-02  3.23982090e-02
  5.36920549e-03 -6.89098611e-02 -2.67056674e-02  8.12259410e-03
  1.24979485e-03 -7.89330229e-02  1.60450265e-02 -4.66476865e-02
 -6.18307444e-04 -1.87125918e-03 -6.68848231e-02 -7.07799615e-03
 -3.32167409e-02 -2.98998803e-02 -3.96017032e-03 -6.09784648e-02
 -5.42234145e-02  8.25812817e-02  3.99830863e-02 -5.59585094e-02
 -2.82358304e-02 -3.31832469e-02  1.62874795e-02  8.12066272e-02
 -3.86738814e-02  7.82076791e-02 -9.39659327e-02 -9.11227763e-02
  1.06534541e-01 -9.32195485e-02  2.53523160e-02 -1.14676572e-01
  2.62754671e-02  2.63605220e-03  4.66117682e-03 -3.48741896e-02
  5.98348863e-02 -1.80362687e-02  4.54090349e-03  1.03142060e-01
  3.80489102e-04 -8.60447343e-03  8.66276771e-02  9.48176533e-03
  2.06869165e-03  9.33303125e-03  4.09528017e-02  3.80280651e-02
  9.80492830e-02  1.45458179e-02 -1.03609420e-01  4.16343659e-02
 -1.01762965e-01  6.46862611e-02  3.46248709e-02  6.71888217e-02
 -2.35172752e-02  1.38906185e-02 -5.41729368e-02 -5.77075519e-02
  1.22081032e-02 -9.00686011e-02 -9.30180848e-02  2.42041191e-03
 -2.41186414e-02  4.33515608e-02  1.59505252e-02  7.07421973e-02
  2.44393628e-02 -3.93403396e-02 -5.45936218e-03  1.58649031e-02
  5.68615980e-02  8.33075196e-02  1.91947855e-02  1.45301769e-32
  1.99593436e-02  5.64831682e-03  1.70637034e-02  3.27529572e-02
 -1.57728996e-02  4.37727198e-02 -1.01272516e-01 -1.24711287e-03
 -1.02505749e-02 -1.31323682e-02 -7.54053593e-02  7.62736052e-03
  1.85152330e-02 -5.46785071e-02  8.53679329e-02  5.82533628e-02
  1.04478277e-01 -5.37864231e-02 -3.42245884e-02 -6.13341704e-02
 -1.81191391e-03  3.65099944e-02  3.57930213e-02  6.53598690e-04
  7.85151049e-02  1.88928589e-01 -6.93451315e-02 -8.54658633e-02
 -9.76019874e-02  1.80362184e-02 -1.18236179e-02 -7.07042366e-02
 -1.34935841e-01 -8.59325111e-04  2.46415604e-02  3.56948301e-02
  5.64269871e-02 -2.73908488e-02  5.81499375e-03  1.81691851e-02
 -1.43516352e-02 -2.85508689e-02 -1.36551531e-02 -6.05629385e-02
  2.62378324e-02 -2.74686255e-02  5.52371033e-02  9.59374476e-03
  6.88754767e-02  1.79997031e-02 -3.46023180e-02 -4.45409641e-02
 -9.47469175e-02 -3.53643522e-02  8.21217522e-03  3.59499529e-02
 -7.28768259e-02  6.88692927e-02 -3.58806551e-02  3.93289626e-02
  3.59476618e-02  5.76023106e-03 -6.85331598e-02 -5.78927547e-02
  1.75554994e-02  3.00147422e-02 -4.86503616e-02  2.51513533e-03
  5.42468578e-02  5.66968024e-02 -1.87562201e-02 -3.29186134e-02
  7.30073750e-02  2.20124014e-02  9.29182693e-02  2.17887685e-02
  3.20666353e-03  1.41519038e-02 -2.77807843e-02  4.09979373e-02
 -9.54510644e-02 -4.89907898e-03  1.38772260e-02 -9.08667315e-03
  1.60731580e-02  1.73095260e-02  7.46524408e-02  9.21490863e-02
  4.33459058e-02  6.62534498e-03 -8.63124803e-02 -5.78662902e-02
  5.07072285e-02 -3.58961560e-02 -4.70229089e-02 -1.59376140e-32
 -5.82393296e-02  6.61002472e-02  3.82752046e-02  6.46946728e-02
  1.74626112e-02 -3.49576138e-02 -4.47090529e-02 -3.35555673e-02
 -1.66331232e-03 -1.34580150e-01 -1.59501154e-02 -1.48269273e-02
  9.43088457e-02 -4.03943732e-02 -2.94516869e-02  6.44006506e-02
 -6.85701892e-02 -1.63331330e-02 -9.27727818e-02 -2.67322138e-02
  1.66377537e-02 -3.09528057e-02  6.09972142e-02  1.58961769e-02
  9.14263423e-04 -6.21508770e-02  3.60156707e-02 -7.67127946e-02
  1.28045003e-03  4.78547290e-02 -2.68728416e-02  3.39820422e-02
 -3.87063622e-02  5.59877716e-02 -5.42797185e-02  9.00278613e-02
 -1.25540486e-02  5.31714894e-02 -2.77020261e-02  1.45373806e-01
 -5.52799292e-02  8.74136947e-03  8.71055797e-02 -4.84505445e-02
 -1.92965977e-02 -1.42386286e-02 -2.13877391e-02  7.74249295e-03
  1.47707928e-02 -4.49489802e-02  3.75282764e-02  3.19315344e-02
 -9.39509943e-02  5.15561402e-02 -2.65181363e-02 -2.79032681e-02
 -1.82393603e-02 -2.20963992e-02 -4.36935052e-02 -6.34213677e-03
  1.07600115e-01  7.59787187e-02 -8.21804702e-02  2.24947017e-02
  3.65709774e-02 -5.45946136e-02 -4.60861064e-02  3.73171014e-03
  3.82941291e-02  2.77080424e-02  1.62415300e-02 -6.50254488e-02
 -5.98516688e-02  5.59888370e-02 -2.36967113e-02  7.99359102e-03
 -3.76635008e-02  1.16176501e-01  8.67501944e-02 -1.71911046e-02
 -3.36990841e-02 -1.39579950e-02 -2.90752873e-02  5.01591712e-02
 -3.24380472e-02  5.73125891e-02  6.13226406e-02 -1.24127954e-01
  5.80456108e-02 -6.72964826e-02  2.56744120e-02  4.03076373e-02
  7.01861009e-02  2.57044751e-02 -3.46986093e-02 -5.67509097e-08
  8.62733945e-02 -1.33332405e-02 -4.63179238e-02  8.54406878e-02
 -7.76858535e-03 -8.94898316e-04 -2.74655204e-02 -3.36201377e-02
 -4.70576137e-02  4.55233827e-02  2.89934874e-02 -4.76374812e-02
  1.56945810e-02 -5.69000430e-02 -2.12081289e-03  7.91839138e-03
 -1.67646762e-02  1.18639804e-01 -2.38040350e-02 -1.84938463e-03
  1.26956329e-02  4.31429371e-02 -7.01083913e-02 -8.06094259e-02
  1.28623769e-02 -6.45460486e-02 -3.72826159e-02 -8.64083171e-02
  1.64150372e-02  3.43877152e-02 -8.39557778e-03 -3.33771370e-02
  7.19186440e-02 -1.00186720e-01  1.58494767e-02  3.80378729e-03
 -1.59352534e-02  4.18564193e-02 -4.25323136e-02 -3.86993811e-02
  4.98858690e-02  2.43805442e-03 -6.06889427e-02  5.40417107e-03
  1.93059247e-03 -1.32326847e-02  9.07166116e-03 -1.84788946e-02
  7.48820719e-04 -6.77586999e-03 -4.56719883e-02  1.40520958e-02
  1.48152346e-02  3.91594730e-02 -2.99678976e-03  1.75758377e-02
  5.25151268e-02 -2.88073029e-02 -4.21614498e-02 -4.41681221e-02
  1.96612924e-02 -2.30235960e-02 -4.62000743e-02 -4.59218062e-02]