[-8.13069642e-02  5.24329431e-02 -4.00958732e-02  6.40167901e-03
 -2.93359291e-02  4.87904362e-02 -7.77769536e-02  1.28912494e-01
 -1.60602536e-02  1.18963141e-02  1.20171579e-02 -5.76244742e-02
 -4.95383330e-02 -4.70444672e-02 -2.30742637e-02 -3.90698873e-02
 -1.31970430e-02  7.26220235e-02  5.95101155e-03  3.71455513e-02
  7.82854781e-02 -9.11121964e-02 -1.41829893e-01  3.45654227e-02
 -6.42475337e-02  7.83751979e-02  1.94794720e-03  9.74411443e-02
 -5.57441227e-02  3.52694243e-02 -1.41236074e-02  3.49151231e-02
  1.28056034e-01 -3.30472877e-03 -4.39225836e-03 -1.89689565e-02
  1.41000776e-02  7.91628100e-03  1.94173660e-02  7.02922046e-02
 -8.14632419e-03 -2.47003082e-02 -7.85132032e-03 -2.26160381e-02
  2.93260626e-02 -4.67585735e-02  2.62135286e-02  2.62158755e-02
  8.36829282e-03 -9.58752632e-02 -5.21536544e-02  1.03052832e-01
 -2.23020669e-02 -2.56016292e-02 -3.80297601e-02 -6.25679269e-02
 -4.18576747e-02 -4.70722765e-02  6.44226521e-02 -1.30436858e-02
  4.57917806e-03  9.90393385e-03  1.33806691e-02  2.87071075e-02
 -3.32949087e-02 -4.47231680e-02 -4.38156500e-02 -1.68682206e-02
 -3.00969016e-02  6.08047098e-02  8.83152261e-02  1.43604903e-02
 -2.44429312e-03 -4.83676884e-03 -3.09053082e-02  1.10367589e-01
  3.72415292e-03 -6.94718258e-03  5.02558090e-02 -7.54666254e-02
  2.98411548e-02  2.76371166e-02  2.51623560e-02 -9.96652246e-02
  4.02227901e-02 -1.19997514e-02  6.14963956e-02 -2.24020593e-02
  3.00274882e-02  4.16186601e-02  5.13903163e-02  7.43163154e-02
 -6.14767931e-02 -2.42218431e-02  2.33799033e-02  1.11504756e-02
  4.32783253e-02 -3.40602025e-02  7.95158371e-02  2.10942850e-02
  3.67974937e-02 -9.10349190e-03 -4.01252173e-02  2.35268530e-02
  2.47122739e-02  7.94586912e-02  1.03307115e-02 -1.36154573e-02
  5.49588390e-02  7.84862041e-02 -9.11218449e-02 -4.38302010e-02
 -6.19280338e-02 -8.85529071e-02 -6.16208427e-02 -4.46357466e-02
 -9.70713720e-02 -1.77537631e-02 -3.42507884e-02 -1.19630015e-02
  3.24555822e-02 -9.52370614e-02 -1.52754853e-03  3.48524302e-02
  6.14475496e-02 -1.04444645e-01  9.44937617e-02  1.54746014e-32
 -8.45642313e-02 -2.96234880e-02 -6.44635335e-02 -5.91370426e-02
 -1.93876904e-02  2.75058467e-02 -3.06364186e-02 -8.97249579e-03
  1.98086575e-02  3.23371850e-02 -8.67390931e-02  9.34531465e-02
 -5.70544116e-02 -3.09930909e-02  8.48800912e-02  2.38989126e-02
  1.82222351e-02 -4.27469090e-02 -4.06127842e-03 -7.26752728e-02
 -9.73074115e-04  4.53181937e-02  4.02050391e-02  1.32043548e-02
  3.20722833e-02  1.28091320e-01 -2.41625775e-02 -7.68596679e-02
 -5.36328591e-02  5.39875142e-02  2.61933859e-02 -3.55270575e-03
 -8.71053711e-02  9.11731087e-03 -9.04128850e-02 -3.74146774e-02
 -3.38044800e-02 -3.67260501e-02 -1.35473562e-02  1.85290668e-02
 -2.99472100e-04  6.59966376e-04  6.59616664e-02  2.44516786e-02
 -3.01988423e-02  3.23605910e-02 -5.16570965e-03  2.51245368e-02
  9.17120650e-02  4.59358878e-02 -4.09731083e-02 -6.19024187e-02
 -9.87237040e-03  8.03071633e-03  4.63121533e-02 -6.99396729e-02
 -1.04682200e-01  4.18706983e-02 -2.32504532e-02  1.06069101e-02
 -2.72227381e-03 -1.45783741e-02 -3.60634997e-02 -3.55753079e-02
 -1.24246575e-01  2.17181239e-02 -8.50667525e-03  3.52021381e-02
  5.67274131e-02 -2.40119118e-02 -4.64854622e-03 -2.69740876e-02
 -5.90411425e-02 -3.62424031e-02  1.01886028e-02 -1.95701793e-02
  1.12058297e-01  1.51329311e-02 -3.99929024e-02  2.59007998e-02
 -1.08638100e-01  3.02302390e-02  2.01443341e-02 -1.01697475e-01
  3.07355411e-02 -5.29119326e-03  1.85467191e-02  1.14891328e-01
 -1.30631123e-02  5.08621596e-02  7.41314050e-03  1.00848619e-02
  4.92970413e-03  1.05376363e-01  5.16198091e-02 -1.64457963e-32
 -1.10767374e-03 -4.90276590e-02  2.90614683e-02 -1.92271229e-02
 -6.26894971e-03  3.64081524e-02 -3.19292508e-02  6.37915591e-03
 -1.64572410e-02 -8.68047923e-02 -4.98543046e-02 -8.69537592e-02
  4.63082828e-02 -1.92192663e-02  7.90322301e-05 -1.04961414e-02
 -2.64616515e-02  1.20133916e-02 -6.61614537e-02  4.24565040e-02
  7.16189155e-03  4.28775176e-02 -3.31355780e-02 -7.84923732e-02
 -4.46866304e-02 -9.50666424e-03 -1.62866386e-03 -7.71505311e-02
 -6.64561018e-02  6.30719587e-02  5.56232370e-02  1.99267678e-02
 -7.04286024e-02  1.69284701e-01 -9.34275147e-03  5.84737137e-02
  8.59425515e-02  4.32944065e-03 -5.86063601e-02  8.70516151e-02
  1.03914589e-01  5.24400780e-03 -2.15946529e-02  1.66896619e-02
 -4.50458601e-02  1.46862259e-03 -4.32667602e-03 -4.01937179e-02
  5.42316400e-02  1.01910403e-03  6.79694414e-02 -5.13725728e-02
 -6.79796115e-02  3.10787503e-02 -5.58443926e-02 -4.07736823e-02
  1.81594416e-02 -5.57896383e-02 -1.30539447e-01 -2.70621404e-02
  6.73855022e-02  1.23775546e-02 -4.61287908e-02 -1.91185828e-02
  2.04617437e-02  5.90898246e-02 -5.90125583e-02  1.23756751e-02
  1.74716990e-02  2.72730198e-02  3.90331671e-02  1.29293790e-02
 -5.85086755e-02  3.24547105e-02  1.89209767e-02  2.10262090e-02
 -3.21278609e-02  1.38927372e-02 -2.58657578e-02  2.21407898e-02
 -9.91199240e-02  4.51605916e-02 -5.46904653e-03  1.78423002e-02
 -1.38051778e-01  5.82420006e-02  4.97218966e-02  1.06318034e-02
 -6.31534681e-02  4.36327718e-02  7.21136183e-02  4.10088599e-02
  9.10102949e-02  7.23313540e-02 -6.41560629e-02 -6.75349625e-08
 -3.34650045e-03  1.49569884e-02  8.11724067e-02  2.79836860e-02
 -3.27562504e-02  1.14321727e-02 -1.34900063e-02 -1.05407260e-01
 -2.65788492e-02  6.81281388e-02  8.77527520e-02  2.95539144e-02
 -1.02580972e-02 -2.92997435e-02 -4.69394065e-02 -4.37492058e-02
 -2.18751077e-02  4.91601713e-02  2.29383092e-02 -6.16973341e-02
  1.12623926e-02 -3.98023613e-02 -5.96113279e-02 -9.76871327e-03
  5.23094693e-03 -4.79114056e-02 -6.61895797e-02 -2.62880363e-02
 -4.15038131e-02  4.81957048e-02 -1.19089829e-02 -1.75664406e-02
 -6.64405152e-03 -4.66973968e-02  6.96868449e-02 -2.34404467e-02
 -2.85776984e-02 -7.63533218e-03 -3.68521251e-02 -5.03266566e-02
  9.83332843e-02  1.41988071e-02 -7.00389594e-02 -3.55898626e-02
  9.43024009e-02  1.91411953e-02 -2.79507879e-02 -2.34646574e-02
 -5.58791799e-04  1.78425740e-02 -3.15462612e-02 -4.23067901e-03
 -3.14634629e-02  2.57765390e-02 -1.71129368e-02 -5.65883107e-02
 -2.86843926e-02  2.24582832e-02 -4.32889313e-02 -6.03760034e-02
  1.10981176e-02 -8.49919487e-03 -5.73186129e-02  1.32593373e-02]