[-1.28169924e-01  1.59102138e-02 -5.01395613e-02 -9.17137265e-02
 -7.09567294e-02  2.08639586e-03 -9.37813371e-02  1.28464594e-01
 -3.02622803e-02  6.07274845e-02  8.47887844e-02  1.92900151e-02
 -9.43989381e-02 -2.20187642e-02 -6.07632361e-02 -5.70518244e-03
 -8.35106149e-02  9.04573221e-03 -1.99309941e-02  6.52326643e-02
  4.12432961e-02 -9.90470722e-02 -3.85899357e-02  3.01878266e-02
 -8.24539736e-02  6.03402406e-02  1.41181499e-02  4.59721424e-02
 -7.61222094e-02 -1.99831706e-02  5.34221083e-02  1.15194336e-01
  2.80181970e-02 -4.43487242e-02  1.07914880e-02 -6.57671541e-02
  3.80480997e-02 -2.78499871e-02 -1.45881511e-02  3.54466103e-02
  1.22395006e-03 -4.72579226e-02 -6.98309466e-02 -4.79174703e-02
 -8.07685778e-03 -3.81572694e-02  5.11506088e-02  5.85225075e-02
 -2.12935153e-02 -2.12153140e-02 -7.87040666e-02  1.52460281e-02
 -7.01777171e-04 -2.10773684e-02 -2.68811770e-02 -1.96661428e-02
  5.08960634e-02 -1.17557067e-02  3.54225375e-02  6.47291690e-02
  1.84023641e-02  3.59308980e-02 -8.21377933e-02 -1.49011407e-02
  1.96829755e-02 -7.62447249e-03  2.59530265e-02 -4.98124510e-02
  7.07676727e-03  3.18887271e-02  8.76144022e-02 -2.83324700e-02
  1.81380920e-02  5.01373187e-02 -3.56128179e-02  1.39479443e-01
  1.46669401e-02  1.47760361e-02 -7.69870356e-02 -1.22965530e-01
 -1.04289334e-02 -5.51227368e-02  3.15283872e-02 -1.22401580e-01
 -1.95487700e-02 -8.33490398e-03  4.63514775e-02  3.39314528e-02
  3.74402590e-02  3.46486084e-02 -1.89286098e-02  5.15725501e-02
 -7.89998546e-02 -3.81563194e-02  1.15791693e-01  2.98810489e-02
  8.46123099e-02 -2.19186973e-02  7.15262368e-02 -2.68662982e-02
  6.33094013e-02 -2.79181357e-03 -1.59195997e-02 -1.04318205e-02
 -6.42029122e-02 -7.98231363e-03  1.24587445e-03 -2.23378409e-02
 -3.46490694e-03  6.91676661e-02 -1.14212193e-01 -7.29810297e-02
 -3.92521061e-02  1.13983210e-02 -4.62347083e-02 -5.55868745e-02
  7.08596176e-03 -2.33482271e-02 -1.58235226e-02  1.75039284e-02
  6.47907052e-03 -6.39657751e-02 -2.20220592e-02 -7.06533063e-03
  3.26466523e-02 -5.25144227e-02 -5.96840866e-03  1.16980981e-32
 -1.13341874e-02 -4.89275306e-02 -5.67829348e-02 -1.32847847e-02
  5.45914192e-03  7.70771801e-02 -1.04072854e-01 -2.73211990e-02
  1.69497356e-02 -1.05477404e-02 -9.62009728e-02 -3.49963084e-02
 -2.47807894e-02 -3.06149498e-02  3.28205824e-02  7.15987459e-02
  3.53979841e-02 -1.13452021e-02  6.98169519e-04  1.89601965e-02
 -6.23384817e-03  3.99019904e-02 -2.15650424e-02 -2.30634529e-02
  2.80173793e-02  1.55100867e-01 -2.41323467e-02 -6.60546646e-02
 -5.19066192e-02  1.97226107e-02  3.23101766e-02 -8.25820863e-02
 -5.04374020e-02  2.68391916e-03  7.04896264e-03 -1.09081960e-03
  5.28308079e-02 -4.46292087e-02 -4.19712365e-02  1.97881926e-02
  2.68787369e-02 -1.54240737e-02  4.26786654e-02 -5.39743807e-03
  4.72398065e-02  2.85357540e-03  3.86653505e-02 -1.17575992e-02
  1.11196078e-01  4.24180403e-02 -1.66439787e-02 -4.00014892e-02
 -2.83208750e-02 -8.27882215e-02  1.12918336e-02  3.82573903e-02
 -1.11592241e-01  1.37190521e-02  2.79668975e-03  1.13377785e-02
  6.68940023e-02  1.20183616e-03 -8.29016045e-03 -3.18339877e-02
 -4.75638211e-02 -3.90517451e-02  2.59586349e-02  2.88023707e-03
  1.15311265e-01  1.70353390e-02 -7.95214400e-02 -8.55217725e-02
  5.07959723e-03 -3.14243771e-02  4.72583808e-02  2.86995880e-02
  7.16720819e-02  3.14900316e-02 -9.52803865e-02  2.29127016e-02
 -6.42710626e-02  7.22716674e-02  1.74387940e-03 -6.49528652e-02
  5.79881631e-02  5.34004308e-02  5.67775732e-03  1.27630919e-01
 -5.61978631e-02  2.73099821e-02  3.77431251e-02  3.93917523e-02
 -3.10952272e-02 -5.20720296e-02  7.26703405e-02 -1.36739013e-32
 -1.04531590e-02 -2.73848455e-02  1.08171524e-02  1.77214444e-02
  2.32226122e-02 -2.30494048e-02 -5.92674166e-02  2.34635249e-02
  2.68292543e-03 -1.42310992e-01  1.87309291e-02 -1.03941634e-01
  1.22984298e-01 -6.95341602e-02 -3.59877683e-02  1.16592767e-02
 -8.86710733e-02 -3.25051025e-02 -8.90329946e-03  1.79959543e-03
 -9.85759497e-03  8.13965574e-02  4.67830487e-02 -2.03234069e-02
 -1.30594028e-02 -8.01197588e-02  3.84885296e-02  4.23213542e-02
 -3.04373913e-02  2.35616453e-02  4.20553349e-02  4.68555614e-02
 -3.55917169e-03  8.65495279e-02  2.93168351e-02  2.88886856e-02
  6.33081570e-02  1.78835075e-03 -2.00602580e-02  1.06200418e-02
  2.42067408e-03  1.07948005e-01 -1.75993014e-02 -5.69507740e-02
 -8.13139975e-02  3.28218341e-02 -4.51868586e-02 -2.00977996e-02
  7.35961497e-02 -3.57410759e-02  9.81764421e-02 -1.68480836e-02
 -6.60523074e-03 -5.13932928e-02  6.33778796e-02 -4.96669188e-02
  6.61590844e-02 -4.10397090e-02 -8.85577649e-02  5.79488464e-02
  5.19572459e-02  1.77302212e-02 -4.26769890e-02 -2.79463157e-02
  3.50528844e-02  6.45897025e-03 -4.63351347e-02  2.11004517e-03
  6.62100501e-03  4.00180444e-02  6.61393926e-02 -4.84982617e-02
 -4.82945107e-02  9.88508165e-02  1.75214577e-02 -4.29084636e-02
 -1.11562245e-01  6.40372857e-02  3.08340881e-02  3.08423787e-02
 -9.85550657e-02 -3.33402194e-02 -3.56274918e-02  5.53739779e-02
 -1.30465822e-02  5.74692711e-03 -3.74404714e-02 -1.66327935e-02
  1.91544089e-02 -5.40646389e-02  7.81034529e-02  9.29057039e-03
  1.71828866e-02  1.90689694e-02 -4.00960408e-02 -6.74620750e-08
  1.08854987e-01 -2.18860619e-02  6.61082715e-02  2.31150966e-02
  4.18517515e-02 -4.58615907e-02  1.78661607e-02 -7.62908859e-03
  1.33130951e-02  7.26383179e-02 -5.33995125e-03  2.44663768e-02
 -2.54628528e-02  3.13151963e-02 -8.57598055e-03 -4.12259959e-02
  3.04972343e-02  3.94689180e-02 -2.44352389e-02 -6.00968953e-04
  5.75008355e-02 -1.14367371e-02 -9.10053253e-02  1.22655323e-02
  3.13267075e-02  2.42218245e-02 -2.56359968e-02 -3.63058969e-02
 -3.33275460e-02  5.60371764e-03  1.23425936e-02 -5.42889051e-02
  1.36889946e-02 -9.29652080e-02 -6.62690625e-02 -3.87363844e-02
  3.12344972e-02  4.78012785e-02 -7.55385011e-02 -3.90623696e-03
  1.58956781e-01 -1.05875274e-02 -4.49345335e-02 -3.62064168e-02
  1.35727348e-02 -3.66850868e-02  1.10084563e-02 -2.79214904e-02
 -2.50449181e-02  3.84780914e-02 -1.72708612e-02  6.12223186e-02
  2.45285202e-02 -3.16166282e-02 -1.71091910e-02 -3.70536298e-02
  1.31657217e-02  2.22205278e-02 -1.43185584e-02  2.71668620e-02
  4.93145250e-02  5.37421145e-02  4.27285209e-03 -4.81366962e-02]