[-9.18809250e-02 -2.48176157e-02 -6.36942238e-02 -2.73893028e-02
 -7.62499273e-02  2.24428158e-02  2.38667708e-02  1.11635432e-01
 -2.57645547e-02 -4.40903613e-03  7.18006715e-02 -6.26633987e-02
 -5.95313869e-02  1.61158834e-02 -1.07589930e-01 -3.59641723e-02
 -3.36354114e-02  3.68775465e-02 -7.78453425e-03  4.64683361e-02
  6.27383497e-03 -4.71965689e-03 -6.57420307e-02  9.09556672e-02
 -4.32928652e-02 -1.63461939e-02 -7.13696182e-02  2.68638562e-02
 -6.63485974e-02 -9.00813714e-02 -2.53530815e-02  1.42139429e-02
  1.19539639e-02 -3.72320525e-02  4.32038400e-03 -4.33391817e-02
 -7.63591155e-02  3.22352201e-02 -7.21937791e-03  1.03055686e-02
 -1.54075455e-02 -2.05927137e-02 -5.75329587e-02 -1.12255961e-02
  4.17982750e-02 -4.28366810e-02  3.09411734e-02  4.71475944e-02
  1.31883528e-02 -1.13723604e-02 -1.02070577e-01  6.39790967e-02
 -5.97894145e-03 -3.33982939e-03 -2.24435627e-02 -6.32250980e-02
 -4.48022187e-02 -7.10634887e-02  3.57724614e-02 -1.70072485e-02
  4.11652960e-02  1.92348436e-02 -7.30853975e-02 -1.82142220e-02
 -3.50831337e-02 -3.13240252e-02 -1.62036363e-02 -1.10671662e-01
 -3.71318869e-02 -1.57784987e-02  7.69705176e-02 -7.87755921e-02
  3.11500132e-02 -1.75932162e-02 -3.87009420e-02  1.01255372e-01
 -1.01069957e-02  1.77856088e-02 -2.54996121e-02 -7.17086047e-02
  5.62601350e-02 -6.59747571e-02  8.53293203e-03  1.30907334e-02
  3.79840992e-02 -2.26751640e-02  5.43429218e-02 -1.01549840e-02
  8.05300996e-02  1.06590067e-03  7.54925907e-02  1.34001747e-01
  4.72639315e-03  3.01963724e-02  1.13022728e-02  4.56116311e-02
  5.34259975e-02  6.15953505e-02  4.28138822e-02  7.44938627e-02
  4.70160134e-02 -1.33288475e-02 -1.29058242e-01  3.10853235e-02
 -9.02762040e-02  2.57690344e-02  3.90316211e-02 -5.47898486e-02
  2.88503282e-02  3.46362242e-03 -8.67170766e-02  5.24491370e-02
 -4.92839999e-02 -5.52010909e-02 -1.13671131e-01  2.25291867e-02
 -6.36771843e-02  2.59402506e-02 -2.79079238e-03  3.23525332e-02
  2.69687790e-02 -4.47727889e-02 -4.04994749e-02 -1.13128126e-02
  6.36612400e-02  1.00282533e-02  1.93422455e-02  1.64290264e-32
 -5.22007570e-02 -1.46075916e-02  4.23984649e-03  5.83059378e-02
  1.53090153e-02  3.92497703e-02 -1.06170133e-01 -3.94936502e-02
 -3.80704254e-02 -9.03324410e-02 -4.03467678e-02  9.32802167e-03
 -7.14236721e-02 -3.31471562e-02 -2.62038633e-02  7.96160176e-02
  2.17093416e-02 -8.93450081e-02 -5.55523597e-02 -8.26000124e-02
 -5.27107343e-03  3.88858505e-02 -6.21284172e-03  5.48301339e-02
 -7.27613363e-03  1.75875023e-01 -4.11280207e-02 -2.89172959e-02
 -5.59810959e-02  5.45177609e-02 -2.35056188e-02 -7.26272464e-02
 -4.22729552e-02 -2.15413421e-02 -6.32112250e-02  4.45874669e-02
 -5.76259196e-03 -8.61612856e-02 -7.53081441e-02  5.69953695e-02
  9.01882350e-03  5.66021428e-02 -4.36044745e-02 -3.26905176e-02
 -1.11709395e-02 -2.09109504e-02  1.31254643e-03  3.85897495e-02
  1.08596511e-01  7.24488795e-02 -7.03303367e-02 -1.09942712e-01
 -1.71546116e-02 -3.81314866e-02  7.86447246e-03  3.86977792e-02
 -8.63520429e-02  4.97867167e-02  2.05804110e-02 -2.40124459e-03
  6.57459954e-03 -2.96575725e-02 -2.71434374e-02  2.69241072e-02
 -4.26525623e-02  4.58312333e-02 -2.42719855e-02  5.45515940e-02
  8.35803598e-02 -9.91584547e-03 -6.02662638e-02 -4.81170528e-02
  3.29911038e-02 -3.53665277e-02  1.57002322e-02 -3.10939420e-02
  5.49945980e-02  1.57779679e-02 -9.89459604e-02  1.33907543e-02
 -9.52632204e-02  5.21885380e-02  1.62207168e-02  6.90648928e-02
  7.68047944e-02 -4.01471974e-03 -1.36216180e-02  4.01839130e-02
  2.25388110e-02  7.53095001e-02 -3.71158756e-02  5.11051379e-02
  3.42157222e-02 -4.15838845e-02 -6.05910681e-02 -1.57432651e-32
 -2.27258988e-02  2.26599500e-02  3.59858684e-02  8.08698162e-02
  4.33790907e-02 -5.20090163e-02 -4.02432047e-02  5.10339551e-02
  4.25192788e-02 -1.05298609e-01 -3.35095190e-02 -2.61875708e-02
  5.58579229e-02 -2.37992257e-02 -3.54818031e-02  6.77285269e-02
  1.39573049e-02 -2.24332120e-02 -9.19192880e-02  8.26883223e-03
  2.31888071e-02  4.07775231e-02 -5.24017252e-02  1.82677265e-02
 -3.33750285e-02  3.07188369e-02  2.42419634e-02  2.22541150e-02
 -6.32830262e-02 -2.16033179e-02  5.40957786e-04  2.14092880e-02
  8.43569543e-03  9.03161466e-02 -5.35998084e-02  8.19245428e-02
  4.06509154e-02  3.35362591e-02 -5.08854128e-02  1.57851428e-01
  2.48554610e-02  1.57272350e-02  5.89910001e-02 -1.14447670e-02
 -3.05365492e-02 -5.03843389e-02  5.79870753e-02 -3.32470872e-02
  3.63834575e-02 -2.70281360e-02  1.15245044e-01 -7.40987249e-03
 -8.93628672e-02  3.45146954e-02  1.35577023e-02 -1.81672294e-02
  1.05963992e-02 -8.28841254e-02  1.99942803e-03  3.30095105e-02
  1.26177698e-01  3.13653797e-02 -4.15500440e-02  3.78721539e-04
  6.96530100e-03  7.92443939e-03 -3.58256623e-02  3.14596035e-02
  1.00930445e-02  2.70685516e-02  3.98540348e-02 -2.58183889e-02
 -5.50435521e-02  2.96211126e-03 -6.06654696e-02  3.53799537e-02
 -1.09102711e-01  3.82785015e-02  5.86916730e-02 -1.10725751e-02
 -5.55122122e-02 -4.71853092e-02 -9.16442368e-03  5.43418713e-02
  1.25701195e-02  4.86269481e-02 -5.45478202e-02 -5.32444976e-02
  1.99854318e-02  7.30039598e-03  6.53738827e-02  2.22834051e-02
  1.15015119e-01 -7.18223583e-03 -3.52757424e-02 -7.45697974e-08
  6.57630265e-02  2.56142672e-02  1.12980595e-02  7.78302997e-02
  4.46941070e-02 -1.35242855e-02  3.29342559e-02 -1.92028079e-02
 -1.69326495e-02  1.01004586e-01  6.65941387e-02 -3.34009305e-02
  3.96311134e-02 -2.45058592e-02  3.56174000e-02 -3.09994407e-02
  4.69284272e-03  1.35872677e-01 -6.89363703e-02  3.03910989e-02
  3.10461447e-02  4.15908173e-02 -4.84319590e-02 -8.38783607e-02
  2.02472676e-02 -9.45532098e-02 -3.74632664e-02 -8.65211990e-03
  5.60581824e-03  1.33540491e-02 -1.04505010e-02 -6.54448010e-03
  1.01318821e-01 -7.78165981e-02 -3.75741608e-02  1.31726246e-02
 -2.12176722e-02 -5.03886491e-02 -4.22877111e-02 -1.77761465e-02
  7.57439658e-02  2.49158498e-02 -4.00739461e-02  1.89795215e-02
  1.28395418e-02 -6.88905176e-03 -3.01747993e-02 -4.23689857e-02
  3.05015724e-02 -2.73343874e-03 -1.09924551e-03  5.10290824e-03
  3.89449634e-02  6.79232925e-02 -2.02265289e-02  1.73287373e-02
  1.86365470e-02  5.34959808e-02 -4.24358249e-02 -6.92232698e-02
  2.91414000e-02 -3.47691365e-02 -4.27644849e-02 -3.29841413e-02]