[ 3.96756530e-02  4.49455045e-02 -7.10917637e-02 -5.25188483e-02
 -3.12872902e-02 -2.65859999e-03  5.67800365e-03  1.38402194e-01
  2.08014697e-02  3.68330181e-02  1.08091742e-01 -3.01462540e-04
  3.45928036e-02  3.01312339e-02  1.07151233e-02 -1.17717870e-01
  6.61837831e-02 -8.53680354e-03  5.68231288e-03 -1.20302467e-02
  1.74299583e-01 -3.13256718e-02 -8.25947598e-02 -2.54327524e-02
 -6.26147315e-02 -3.38234968e-04 -6.26360998e-02 -1.03947604e-02
 -7.88851827e-02 -2.57485695e-02 -2.79591456e-02  4.74875718e-02
  9.66336951e-02  1.05263293e-02  5.16001284e-02  3.64922285e-02
  6.20617345e-02 -2.56919265e-02 -5.40504344e-02  9.65988822e-03
 -1.39446944e-01 -1.58148147e-02 -7.82574639e-02 -4.79966477e-02
  1.54383881e-02 -2.49813423e-02  2.51868851e-02 -5.40214218e-02
 -6.78055137e-02 -5.14139086e-02 -1.92156956e-02  2.38146186e-02
  2.50358544e-02  2.73520313e-02 -3.31670791e-02 -6.62481338e-02
 -2.62289066e-02  2.77811531e-02 -2.01775003e-02  5.75861484e-02
 -1.99878924e-02  5.32488571e-03 -1.75543502e-02  1.08861206e-02
  8.54631886e-02 -4.00653295e-02 -3.75680514e-02 -5.28681800e-02
 -6.21063029e-03 -4.70685437e-02  1.03146292e-03 -6.04214706e-02
 -4.66986746e-03  3.28015238e-02  5.51108271e-03 -7.30417809e-03
  6.77054096e-03  4.55958769e-02 -2.59939977e-03 -1.67685211e-01
  6.06866600e-03 -1.54234106e-02 -2.43001524e-02  3.75340059e-02
 -3.07767205e-02 -3.95301729e-02 -1.15579003e-02 -2.56479513e-02
  7.35704750e-02  2.84548942e-03  4.53640446e-02  8.01094249e-02
 -7.58340731e-02  2.44719014e-02  1.38221402e-02 -1.23402178e-02
  1.72701292e-02 -2.25518718e-02  4.23732363e-02 -2.75811963e-02
  9.53414757e-03  2.83703045e-03  6.55571520e-02 -2.22151447e-02
  2.17690170e-02 -2.04811953e-02  2.24131346e-02 -1.03682250e-01
  9.37231537e-03  5.83873577e-02 -3.16335857e-02 -4.99168336e-02
 -1.20281138e-01 -4.57005054e-02 -3.49405222e-02  2.37090178e-02
 -4.20730114e-02 -5.90560399e-02  1.29822297e-02  4.86561982e-03
 -5.75067382e-03 -3.91807593e-02 -3.56192589e-02 -7.85289183e-02
  8.21195319e-02  6.05497137e-03  5.68848662e-02  8.98782981e-33
 -1.22899666e-01 -1.60206612e-02 -5.02268523e-02  9.64790676e-03
  1.18236905e-02 -1.47517230e-02 -2.32115248e-03  5.33743314e-02
  1.39913335e-01 -1.60379577e-02 -5.45346253e-02  7.75603652e-02
 -7.32720271e-03  1.62603185e-02  1.59467787e-01 -7.72951320e-02
  4.27374355e-02  9.29073151e-03  4.28191386e-02  5.35995141e-02
 -3.69512662e-02 -2.21040491e-02  2.04321630e-02 -7.08225444e-02
  5.01686558e-02  6.76625594e-02  2.73903906e-02 -4.84538358e-03
  4.10032384e-02  3.66225652e-02  1.29521802e-01 -2.68458538e-02
 -7.47300277e-04 -2.04837527e-02 -5.94759621e-02 -5.64936316e-03
  6.85863057e-03  6.16238229e-02 -2.48241536e-02 -2.76238099e-02
 -4.03891727e-02  3.50637473e-02  1.04419582e-01  4.34701033e-02
  3.55578363e-02 -3.12845036e-02  1.01381622e-01  2.28243265e-02
  5.01608327e-02  3.72637995e-02 -6.17294684e-02 -6.52713887e-03
 -1.56472716e-02 -6.31748065e-02 -4.95433202e-03  5.76319657e-02
  1.92784686e-02 -2.08419245e-02 -3.92870381e-02 -2.30752509e-02
 -7.42911249e-02 -1.32653927e-02  2.48588417e-02 -1.54162841e-02
  5.11622913e-02 -9.51972455e-02  5.10434471e-02  2.30093636e-02
  1.06201328e-01  3.59500796e-02 -8.16464946e-02 -2.89318860e-02
  4.25793864e-02  4.56655957e-02 -4.06195363e-03  1.03530437e-02
  4.13114578e-02  3.28203738e-02 -7.08524063e-02 -3.44774723e-02
 -9.23206657e-02 -3.04084248e-03 -4.30232659e-02 -2.16016863e-02
  5.29025197e-02  9.22861099e-02  3.25336047e-02  3.08994967e-02
  5.63595891e-02  4.98087555e-02  1.25781968e-02  1.07318297e-01
 -7.92585909e-02  7.08710626e-02  5.55177331e-02 -1.12615900e-32
 -2.13766117e-02  3.41735072e-02 -4.16138843e-02  5.61222732e-02
  3.51980468e-03  4.19696532e-02  4.88543650e-03 -4.72355168e-03
 -3.60834785e-02 -2.15571020e-02 -8.93714204e-02 -4.43167090e-02
  3.80316861e-02 -1.24405259e-02 -6.48768619e-02  7.01194406e-02
 -8.73240158e-02 -3.54176685e-02 -1.54344859e-02 -6.47210144e-03
 -4.28347476e-02  9.48181376e-02  1.46303261e-02 -1.24289349e-04
 -1.16950227e-03 -3.07734534e-02 -8.63713324e-02 -5.01626655e-02
 -1.06432207e-01 -3.33750620e-02  2.07634792e-02 -5.03792129e-02
 -4.14909609e-02  1.08324841e-01 -5.72169758e-02 -8.10090080e-02
  6.56722719e-03 -2.86679082e-02 -2.54512168e-02  1.06421165e-01
  9.87706482e-02  2.61102393e-02  1.07570579e-02 -3.93646099e-02
 -6.09583184e-02 -2.18543895e-02  1.48614608e-02 -7.95863867e-02
  2.40783524e-02 -1.48866409e-02  8.67551491e-02 -5.21078855e-02
 -2.86101140e-02 -6.39546439e-02  4.30376865e-02 -1.20064244e-02
 -1.09581789e-02 -4.29925472e-02 -1.10813349e-01  7.86530226e-03
  9.46362019e-02 -1.64370053e-02 -1.82163008e-02 -1.46351114e-03
  1.74262468e-02 -1.18156411e-02  5.41004864e-03  3.66052315e-02
 -1.03273345e-02  9.54011735e-03  3.36764939e-02 -2.70377230e-02
  1.69498697e-02 -6.87718540e-02 -8.28119665e-02 -1.36989290e-02
 -2.90804133e-02  1.60625372e-02 -4.35015485e-02  3.74542852e-03
 -1.64845828e-02  9.49912611e-03 -4.82761189e-02 -8.59427731e-03
 -6.81885928e-02 -2.03761924e-02 -5.36744073e-02  1.92356724e-02
 -1.15089500e-02  1.69252530e-02 -1.08395681e-01  7.23257661e-02
  8.46742373e-03  3.65064554e-02 -7.34257773e-02 -6.46307967e-08
 -1.37242638e-02 -1.74655374e-02  2.99496856e-02  2.01355908e-02
  4.10929024e-02 -5.62199391e-02 -1.40190683e-02  9.57998335e-02
  1.70032363e-02  6.68082833e-02 -3.63777541e-02 -4.04855274e-02
 -7.33648762e-02  1.57374945e-02  1.50748082e-02  1.71117969e-02
  1.25491813e-01  2.57133991e-02 -3.62854376e-02 -7.43374079e-02
  8.23648199e-02 -3.77253555e-02 -9.97174084e-02  3.60414907e-02
  1.97098218e-02 -1.57707394e-03 -5.72017841e-02 -4.81243106e-03
 -3.06638256e-02  5.24016507e-02 -8.86936556e-04 -1.76892802e-02
  5.09715565e-02 -6.46779016e-02  2.04916485e-02 -7.46526942e-03
 -1.64340483e-03  4.60311323e-02 -2.95058135e-02  2.94344518e-02
  4.61057648e-02 -7.34812468e-02 -5.77196069e-02  1.10986677e-03
  2.25699367e-03 -6.56837821e-02 -5.24037294e-02  3.27975899e-02
  1.38847521e-02 -1.26860132e-02 -6.08168729e-02 -5.00243269e-02
  3.49218175e-02 -1.28521612e-02  1.29442504e-02  3.02544865e-03
 -1.62101984e-02 -4.80989628e-02 -2.50067916e-02  4.82449159e-02
  1.42935012e-02  8.25566873e-02 -4.72541824e-02 -2.30569602e-03]