[ 9.64480545e-03 -7.03579038e-02 -9.63130966e-02  3.02576600e-03
 -9.55797657e-02 -7.80846104e-02  3.62714007e-02  1.48255929e-01
 -2.44424697e-02  2.11465731e-02 -1.49478465e-02 -4.74195704e-02
  9.37768072e-03  4.03936319e-02 -6.75188899e-02 -3.09613217e-02
 -1.25307357e-02  2.15601437e-02 -5.25100827e-02  4.64333408e-02
  3.40376608e-02  2.23430693e-02  4.90268366e-03 -5.74801192e-02
  7.82613531e-02  2.00589821e-02  1.61467381e-02  2.41656322e-02
 -3.82149629e-02 -5.32269105e-02 -6.53416142e-02  7.66004473e-02
  1.03492543e-01 -3.80470976e-02 -1.17075080e-02 -2.60861218e-02
 -3.22482772e-02  1.09755248e-02  1.97053663e-02  6.26966432e-02
  1.35735627e-02  1.70399453e-02  5.89483716e-02 -1.10297287e-02
  1.26881665e-02 -2.66865771e-02 -1.06627017e-01  6.77745342e-02
  3.01179495e-02  4.21686880e-02 -6.94590956e-02  3.31402197e-02
 -1.80255696e-02  1.15432076e-01 -2.58050449e-02 -7.22946674e-02
 -8.08939710e-03 -1.02918059e-01 -1.82163343e-02  1.33195799e-03
 -6.42431602e-02  9.67416242e-02 -2.04178188e-02  2.86528450e-02
  6.29368201e-02  4.29639705e-02 -8.60180333e-02 -1.91223212e-02
 -1.70017220e-02  5.37021570e-02 -5.15478104e-02 -3.83253507e-02
 -2.06607580e-02  3.98220532e-02  4.54023713e-03  4.08733971e-02
  2.40578540e-02 -7.80030414e-02 -3.95322070e-02 -7.84623176e-02
 -2.48918515e-02  7.50977779e-03  3.44199240e-02 -1.72146223e-02
  4.59954282e-03 -3.42571810e-02  5.64174913e-02  9.34532061e-02
  5.84458597e-02 -3.62235820e-03  2.34521516e-02  8.53433236e-02
 -1.18853286e-01 -5.68240210e-02 -9.18666180e-03  6.85660169e-02
 -4.15096479e-03 -9.04458482e-03 -8.91241152e-03  1.22015709e-02
 -1.31618418e-02 -2.06795558e-02 -2.29392573e-02 -3.37567739e-02
 -5.48447482e-02 -1.11623127e-02  7.36363009e-02  5.97785078e-02
  3.03265583e-02  1.70010515e-02 -5.91091178e-02  4.36685830e-02
  3.31124440e-02 -3.13747190e-02  7.46679604e-02 -3.57161127e-02
  2.73881503e-03  4.36143205e-02  6.73067272e-02  1.13285273e-01
  6.51556924e-02  2.24208254e-02 -3.10068130e-02  3.83445732e-02
 -2.04558093e-02  1.30619919e-02 -6.94218129e-02  1.67676794e-33
 -5.67058474e-02 -2.20359676e-02  6.06608018e-02 -3.51965874e-02
 -9.18899896e-04  6.23507425e-02 -7.90735036e-02 -5.96279651e-02
  1.85362753e-02 -2.55031101e-02 -6.70311749e-02  2.16775294e-02
 -2.80006174e-02  3.55668105e-02  1.56063940e-02 -4.18716557e-02
  5.37519418e-02  6.95219040e-02 -5.75991347e-02 -2.98350044e-02
 -5.54020517e-02  4.39218804e-02  1.72288550e-04  1.78988222e-02
 -5.82994521e-02  1.07525542e-01 -3.78752388e-02  1.03410850e-04
 -3.04002855e-02  3.45906871e-03  1.80421509e-02  7.30505064e-02
 -4.33517434e-02 -8.52321386e-02 -6.28910810e-02  4.16179784e-02
  6.09679660e-03  3.08371466e-02  3.81646752e-02  1.73040293e-02
 -9.85284746e-02  3.62938158e-02  1.32514711e-03  4.06801440e-02
 -4.41644806e-03 -5.57479970e-02 -2.30041030e-03  2.85855122e-02
 -6.43188134e-03  4.18816973e-03 -5.88173941e-02 -3.27811502e-02
  2.42961962e-02 -1.04266433e-02 -2.60951314e-02  1.10489577e-02
 -1.67240854e-02 -1.88711211e-02 -1.10050179e-02  1.18703321e-01
  3.52877490e-02  5.52091040e-02 -4.83013596e-03 -4.27683033e-02
 -4.45808023e-02  4.04096581e-02 -2.95363702e-02 -1.06182834e-02
  5.00890426e-02  1.54506356e-01 -8.02744627e-02  1.35988165e-02
  8.49386826e-02 -2.27355734e-02  9.79669206e-03  2.88183689e-02
  1.04033209e-01  1.39398556e-02 -5.44299595e-02 -4.94905300e-02
 -6.41926378e-03 -4.51182807e-03 -5.55905439e-02 -8.47356468e-02
  5.25079519e-02  1.98110752e-02  3.26581895e-02 -1.87535994e-02
 -5.28700724e-02 -4.59943227e-02 -3.25588025e-02 -1.18142873e-01
  5.05038984e-02  1.59845147e-02 -1.05341524e-01 -2.67910352e-33
 -4.73240055e-02  1.24771267e-01  4.89676781e-02  7.20768049e-02
  4.82443757e-02  3.73161212e-02  4.10066769e-02 -2.85545923e-03
  7.24061430e-02  4.75933850e-02  4.37065922e-02 -1.88601727e-03
  1.87253579e-02 -9.59350467e-02 -9.53885727e-03  2.12659482e-02
  4.14372273e-02  6.47676736e-02 -6.90366328e-02 -6.09703362e-02
 -6.23253919e-03  8.98766890e-02 -5.87564930e-02  1.05831124e-01
 -1.06656738e-02  5.76790087e-02 -7.32171237e-02 -5.77020049e-02
 -1.78211518e-02  1.00484313e-02 -2.04241276e-02 -3.36514264e-02
 -3.67081687e-02 -7.30935931e-02 -2.71041412e-02 -1.92867033e-02
 -1.74359716e-02  1.79368313e-02 -2.83603054e-02  1.94081888e-02
  9.02722254e-02 -1.50291463e-02 -1.13000898e-02  3.64211015e-02
 -1.40147880e-02  1.22792860e-02  8.74365047e-02 -1.10115670e-02
 -3.23940516e-02  3.89560983e-02  1.49138821e-02  3.54594402e-02
 -4.61312123e-02  8.43606219e-02  9.00815148e-03 -1.29667139e-02
  1.17957534e-03 -6.86840117e-02 -9.77731049e-02 -1.26090907e-02
 -1.16326986e-02  3.13213840e-02  1.51544316e-02 -2.10834593e-02
  5.10008708e-02 -2.93006562e-02 -4.36647348e-02 -5.48077300e-02
 -6.79536769e-03  5.15662879e-02  8.30352902e-02  2.55395584e-02
  4.51442041e-02 -4.03413810e-02  2.68687792e-02 -1.17399413e-02
  1.07080839e-03 -6.15883656e-02 -6.41964674e-02  3.53891365e-02
 -8.19068253e-02 -5.77370357e-03  1.98309217e-03  4.56710942e-02
 -1.67636469e-01 -5.00357850e-03  3.84324081e-02  3.28912027e-02
  1.08561870e-02  2.07162593e-02 -4.34402488e-02  6.98002800e-02
  6.05477355e-02 -3.64505500e-02  5.65912239e-02 -6.03615362e-08
  2.86129471e-02 -5.89457303e-02  3.71030979e-02  4.33669649e-02
  8.72569904e-02  1.97209101e-02 -6.98560104e-02  2.81621348e-02
 -2.62196455e-02  1.82070602e-02  1.16026677e-01  5.75155765e-03
 -3.45674045e-02 -1.14793450e-01 -1.43961804e-02 -1.23325810e-02
  7.29941428e-02  8.75875577e-02 -3.84754427e-02 -2.83480603e-02
 -8.56367219e-03  1.25387860e-02 -8.18211026e-03 -1.85412895e-02
 -5.92007302e-02  5.76003967e-03 -4.49187420e-02  3.50390226e-02
 -4.79669124e-02  4.48732302e-02  2.39208490e-02 -9.75458920e-02
  4.22423556e-02 -4.68299091e-02 -5.12393899e-02 -6.04273373e-06
 -2.03801598e-02  1.81140602e-02 -4.76911180e-02  6.17019087e-02
 -4.02870029e-02 -9.31472927e-02  4.02812324e-02  7.49827847e-02
  1.20810596e-02 -4.40018885e-02 -5.44438474e-02  1.53222391e-02
  1.05045028e-01 -1.12218782e-01 -9.38939862e-03 -1.07312268e-02
 -1.35955494e-02 -6.76594600e-02 -2.18662452e-02  3.37773785e-02
 -1.82780940e-02  7.90717360e-03 -1.01092823e-01 -3.71541567e-02
  3.57443877e-02 -4.56519574e-02 -1.00340201e-02 -6.48490759e-03]