[-2.27075256e-02  7.77537525e-02 -5.04739396e-02 -5.36615103e-02
 -1.37867425e-02 -2.61347555e-03  1.45650338e-02  9.85389501e-02
 -3.23889628e-02  1.89448167e-02  1.12364128e-01 -6.73656315e-02
 -1.45642413e-02 -3.43003310e-02 -2.68013235e-02 -5.40987253e-02
  4.32466343e-03  1.31186901e-03  1.69485174e-02  8.95589069e-02
  6.68848772e-03 -4.49176729e-02 -4.78982441e-02  6.56321943e-02
  3.72134410e-02  5.77372573e-02 -4.99412492e-02  6.93244636e-02
 -1.02259979e-01 -9.10684094e-02 -8.58751759e-02  1.22905657e-01
  4.78574336e-02 -1.92093886e-02 -4.32662033e-02  1.36906989e-02
  3.29020545e-02 -3.33350599e-02 -1.59882251e-02  1.15681075e-01
 -2.57494263e-02 -5.49563998e-03  4.97218184e-02 -1.43390186e-02
  1.11360301e-03 -3.60215008e-02 -5.21090254e-02  6.15035519e-02
  1.88515149e-02  6.87042298e-03 -5.34320436e-02  3.88034917e-02
 -2.02223621e-02  4.22182791e-02 -4.83156815e-02 -3.26228775e-02
 -3.73803042e-02 -4.67223264e-02  4.27865051e-03 -2.41858102e-02
 -4.38078679e-02  1.35328677e-02 -9.29582044e-02  1.95588395e-02
  5.77842002e-04 -2.61762869e-02 -1.79139506e-02 -4.07423228e-02
 -4.75424603e-02  3.97090539e-02  2.29853839e-02 -2.11777501e-02
  6.21588379e-02  1.47516755e-02 -8.54020789e-02  5.83339781e-02
  3.95725295e-03  2.53622737e-02 -5.36539359e-03 -1.45869762e-01
  4.27298322e-02  2.14797221e-02  6.67722663e-03 -3.01655382e-02
  1.36532588e-02  3.57228890e-02  3.17551196e-02  1.95376351e-02
  1.05626553e-01 -3.57920006e-02  4.67873514e-02  9.72251147e-02
 -1.27753854e-01  1.48122516e-02 -8.54412690e-02  7.20620155e-02
  3.79189774e-02  4.51340787e-02 -1.95737276e-02  5.73965088e-02
  1.07156940e-01 -3.47903594e-02 -4.08416381e-03 -3.88310440e-02
 -6.99127465e-02 -4.08810610e-03  3.05907074e-02  3.01917493e-02
 -7.92914443e-03 -1.12422248e-02 -1.05497085e-01 -4.31421250e-02
 -5.59281651e-03 -6.07110672e-02  4.36092447e-03 -3.00671114e-03
  1.44021008e-02 -5.68333501e-03 -1.89162958e-02  5.80221750e-02
  5.00898771e-02  4.48162332e-02  1.06330859e-02  5.50402068e-02
  1.83404088e-02  2.06884351e-02  4.12737764e-02  1.14019264e-32
  4.88258749e-02 -2.32144631e-02 -1.35684591e-02  3.17189395e-02
  3.28394882e-02  3.42417546e-02 -1.24355979e-01  1.33620920e-02
 -1.36152059e-01 -1.36446478e-02 -3.37022729e-02  2.57083699e-02
 -5.99395111e-02 -4.09591980e-02  6.76756725e-02  3.93348262e-02
  7.63045251e-02 -4.01734561e-02 -3.52644473e-02 -7.88216442e-02
 -6.49108691e-03  5.38815223e-02 -2.08228789e-02 -7.05620497e-02
 -2.69387346e-02  1.76436946e-01  3.99662107e-02 -3.95157821e-02
 -9.60541293e-02  6.62764087e-02  4.13320139e-02 -3.69651467e-02
  4.30164523e-02 -1.70615856e-02 -3.81655954e-02  9.96614154e-03
 -5.70881255e-02 -4.32170928e-02 -4.07159366e-02 -6.03255676e-03
 -2.21188217e-02 -5.13620442e-03 -8.03778786e-03  4.07333113e-02
  1.93612240e-02 -1.34723615e-02  4.43285182e-02  1.21970000e-02
  1.05660588e-01 -2.29369067e-02 -7.39672780e-02 -4.78041396e-02
 -6.19973540e-02  4.08894010e-02 -2.92040557e-02 -1.38016902e-02
 -4.78684045e-02  2.70594247e-02  4.33937982e-02 -5.25222998e-03
  4.01814282e-02  7.10590705e-02 -3.07354028e-03 -5.76667376e-02
  2.36364026e-02 -1.27426758e-02 -6.75233528e-02 -5.74521138e-04
  7.79526606e-02  2.32733637e-02 -3.60547714e-02 -1.08036809e-01
  1.07504785e-01  1.28102347e-01  3.71070728e-02  2.66132727e-02
  5.98596223e-02  1.03524607e-02 -3.42844315e-02  6.61543310e-02
 -1.30541325e-01 -1.59364548e-02 -5.90453707e-02 -3.03043742e-02
  1.09815914e-02  1.08103808e-02  1.04858823e-01 -2.27073766e-02
 -5.41480258e-02 -1.41713873e-03 -5.12560941e-02  4.70448844e-02
  8.26273486e-03 -7.17845336e-02 -6.32809997e-02 -1.10838714e-32
 -1.58273708e-02  7.06700012e-02 -3.03408653e-02  1.73025355e-02
  2.05651429e-02  1.53009419e-03 -7.98775069e-03  4.79160137e-02
  7.52486065e-02 -6.46946058e-02 -6.04312634e-03 -3.98185775e-02
  8.79136696e-02 -1.35209456e-01  2.37346422e-02  2.05440857e-02
  9.44889057e-03 -1.15995426e-02 -3.04237790e-02 -1.93824694e-02
 -8.20255727e-02  7.56893978e-02 -3.51732112e-02  6.21377900e-02
  1.84427351e-02  6.92899665e-03  6.27693310e-02 -1.93657856e-02
 -7.47701973e-02  4.01199423e-02 -2.28998736e-02 -8.46609026e-02
 -2.84174569e-02  6.17395602e-02 -4.36262339e-02 -1.31878201e-02
  3.36502632e-03  4.45407368e-02 -5.23715168e-02  6.70558065e-02
  1.97320082e-03 -2.91086938e-02  2.80778557e-02  2.99724881e-02
  4.72434284e-03  6.84368610e-03 -2.22684946e-02 -4.36735302e-02
 -1.08403526e-02  3.38619575e-02  9.27763358e-02  8.38921685e-03
 -4.77888174e-02  7.33680874e-02  5.50857298e-02 -4.90021817e-02
 -6.33014143e-02 -2.31793281e-02 -8.77940133e-02  2.29120106e-02
  3.96940187e-02  8.76558349e-02 -7.99330249e-02 -4.01141606e-02
  6.35612383e-02  5.77451428e-03 -7.30731860e-02  1.37535215e-03
  4.87539619e-02  2.98861358e-02  3.46736126e-02 -3.72449271e-02
 -6.86692521e-02 -3.25907320e-02  5.66234719e-03  2.68255267e-02
 -4.23952714e-02  6.65395632e-02 -3.95955238e-03  5.76240942e-02
 -4.53573540e-02 -2.83153467e-02 -3.33658755e-02  5.61801679e-02
 -9.81085002e-03 -1.94032416e-02 -2.65257191e-02 -1.23015679e-02
  9.77119990e-03  1.77569091e-02  3.26753892e-02  5.61698414e-02
 -1.35693024e-03  4.56879474e-02  5.09705991e-02 -6.17516278e-08
 -2.80619995e-03 -1.49282813e-02  1.71967968e-02  1.58796757e-02
  8.73494074e-02 -1.47817917e-02  5.28374575e-02 -5.54487621e-03
 -6.68345466e-02  9.31709036e-02  1.21274695e-01  3.50181982e-02
 -2.56061964e-02 -2.07155962e-02  3.33451782e-03 -2.43850816e-02
 -1.70894321e-02  1.08869448e-01 -6.80539235e-02 -2.43889689e-02
  9.65326875e-02  1.11921309e-02 -5.79232303e-03 -1.18891560e-01
 -2.92441845e-02  1.53284622e-02 -6.80018663e-02 -4.11525145e-02
 -5.47055490e-02 -1.81353893e-02  4.80485596e-02 -6.18619062e-02
  5.88736348e-02 -3.19458544e-02 -3.70867178e-02  5.90500049e-02
 -8.54666084e-02  1.13549521e-02  5.89480624e-03  2.50283331e-02
  6.98261783e-02 -5.15254699e-02  7.01876730e-03  4.12849560e-02
 -3.19794454e-02 -5.07701859e-02  5.76851256e-02  8.43290798e-03
  3.54888737e-02 -3.69521715e-02 -1.96477794e-03  9.31195915e-03
  3.88907753e-02 -6.50798390e-03 -5.07926627e-04 -2.19230596e-02
  4.59780097e-02 -2.53040921e-02 -1.84336137e-02 -3.67090967e-03
  7.43219182e-02 -6.76918477e-02 -4.30258252e-02  3.26048248e-02]