[-3.02245244e-02  5.55186085e-02 -8.81847218e-02 -9.15590525e-02
 -9.30401459e-02  1.65811628e-02  9.52047948e-03  1.47505060e-01
 -6.85551763e-02  1.26500474e-02  9.30620283e-02  6.65395632e-02
 -6.17253594e-03 -7.94195663e-03  1.44023346e-02 -2.70590354e-02
  5.99351563e-02  1.82197578e-02  5.84055744e-02  2.00348999e-02
  1.23105928e-01 -3.01630460e-02 -8.41689259e-02  8.67358819e-02
 -9.26314071e-02  2.29945835e-02 -1.20351307e-01  3.62806395e-02
 -3.87359075e-02 -5.66226915e-02 -8.24563298e-03  1.73483063e-02
  5.07971868e-02 -5.59847578e-02 -4.38720584e-02  4.67089415e-02
  4.98389639e-02 -5.18026315e-02 -5.89212999e-02  1.01476133e-01
 -1.06241390e-01 -1.70552805e-02 -9.72974971e-02 -8.96521807e-02
 -1.07354475e-02 -3.02439183e-02  2.49263514e-02  6.90700766e-03
 -6.70544654e-02 -9.80007742e-03 -2.19791401e-02 -4.34190184e-02
 -1.47008542e-02  2.25062240e-02  1.58112552e-02 -7.82101229e-02
 -4.52869991e-03  4.23784461e-03  1.44397048e-02 -1.30038727e-02
  4.29000333e-02  5.63567504e-02 -4.56230417e-02  1.09009556e-02
  2.59909127e-02 -2.66964603e-02  6.11805299e-04 -5.52211031e-02
 -3.16488408e-02 -1.46100632e-04  8.50387439e-02 -9.25729424e-02
  1.61120221e-02  2.58448701e-02 -7.53334016e-02  9.83277634e-02
  3.28330770e-02  5.20248786e-02 -1.32316696e-02 -1.94230884e-01
  6.41296059e-02 -5.44258533e-03 -2.40636710e-02 -5.63173071e-02
  3.45370127e-03  6.34488184e-03 -3.70616838e-02 -1.67333931e-02
  8.49395767e-02  2.36440767e-02  7.97452405e-02  8.67664367e-02
 -6.08207546e-02 -2.69608535e-02 -6.87748427e-03 -3.83448303e-02
 -8.45579803e-03  1.90018434e-02  1.83174126e-02  1.51716126e-02
  8.98676738e-02  1.73154287e-02 -4.72347252e-03  1.70831550e-02
  4.74714348e-03  1.27657792e-02  2.24357340e-02 -4.66526784e-02
  2.84112096e-02  9.82128605e-02 -8.22498724e-02 -3.72878388e-02
 -8.39370638e-02 -1.04921974e-01 -9.43756551e-02  2.15539504e-02
 -5.68030328e-02 -3.26965451e-02  1.65205225e-02 -3.37126218e-02
  2.62616277e-02 -3.64589728e-02  6.78645596e-02 -7.47120455e-02
  7.04334751e-02 -1.55909415e-02 -2.69673802e-02  1.11042729e-32
 -3.53826806e-02 -5.36765717e-02  1.13472687e-02  5.38252760e-03
  1.92872412e-03 -4.37723994e-02 -7.31746852e-02  1.42900059e-02
  3.21219042e-02 -6.70468528e-03 -4.08480056e-02  1.15523860e-02
  1.16107902e-02 -1.96238048e-02  1.28983602e-01 -1.19136021e-01
  7.35705718e-02  3.34611465e-03  7.97123238e-02 -2.84310877e-02
 -3.58323455e-02 -3.46412812e-03 -3.99804208e-03  1.04992250e-02
  8.13239440e-02  8.11033770e-02 -3.50310318e-02  8.10125261e-04
 -6.82949275e-02  6.71378821e-02  4.07112315e-02  1.27596753e-02
  3.67947556e-02 -3.92402299e-02 -5.80934249e-02 -6.93809167e-02
 -3.97806754e-03 -2.97008399e-02 -6.40222579e-02 -4.65137102e-02
  1.33639267e-02 -2.30297092e-02  2.25116946e-02  4.85218242e-02
  6.67255819e-02 -1.24486042e-02  5.17098345e-02  4.48851436e-02
  6.95694983e-02  3.61806825e-02 -5.19594252e-02 -1.92567613e-02
 -4.64693718e-02 -2.76090093e-02 -3.92548414e-03 -4.47358424e-03
 -1.24477528e-01  5.13105132e-02 -3.51036936e-02 -3.98648046e-02
  1.07156038e-02  3.87623254e-03 -2.35637520e-02  1.83310285e-02
 -4.60878853e-03 -1.16048036e-02  1.37570947e-02  2.77105384e-02
  1.30339831e-01  3.70598137e-02 -9.06511545e-02 -4.30176258e-02
 -1.89025179e-02  4.82738279e-02  4.04829085e-02 -1.01370141e-02
  9.70192030e-02 -6.81606540e-03 -5.44646047e-02 -1.29670426e-02
 -3.35127525e-02  1.29925236e-02 -4.83473130e-02 -1.91035250e-03
  7.22581744e-02  5.37318960e-02  6.35374859e-02  4.42641824e-02
 -3.83230415e-03  5.35852425e-02 -3.45452246e-03  8.83905515e-02
 -1.93889271e-02  5.05513698e-02  8.03014860e-02 -1.33800365e-32
  3.13486829e-02  1.80019569e-02 -5.78306578e-02  7.57997809e-03
  1.42912921e-02  1.62018109e-02 -2.78166449e-03 -5.05412742e-02
 -5.82695380e-02 -6.10640012e-02 -4.46564853e-02 -1.00056946e-01
  5.53012975e-02 -9.18816403e-03 -5.27679920e-02  1.64769660e-03
 -9.85841006e-02 -6.30099326e-02 -2.44754702e-02  1.23261604e-02
  3.84885259e-02  9.81400013e-02  3.27953473e-02 -4.47450466e-02
  7.79741863e-03 -4.86820526e-02 -9.57005173e-02  5.15107997e-03
 -5.11812307e-02  2.42213830e-02  5.01431525e-02 -3.51691768e-02
  1.02042872e-02  1.00530788e-01 -4.09845486e-02 -2.35655475e-02
  3.30214500e-02 -8.41221865e-03  5.33173792e-02  8.01882148e-02
  5.95185980e-02  4.22869474e-02  7.87895173e-02 -5.69040328e-02
 -3.84333916e-02 -3.98366787e-02  1.07374098e-02 -1.14667915e-01
 -2.30734590e-02 -1.03896007e-01  8.00837129e-02 -6.57370389e-02
 -1.97675172e-02 -5.86585980e-03  5.37234657e-02 -4.43790071e-02
 -2.46733688e-02 -5.12534119e-02 -9.09674987e-02  3.02249398e-02
  1.12346120e-01  2.84032337e-02 -3.20532210e-02  2.00293139e-02
  1.00446634e-01 -2.73821484e-02  1.42716235e-02  1.96757074e-02
 -1.91416144e-02 -4.40118574e-02  2.90794428e-02 -3.69280390e-02
  1.37264710e-02  2.48142015e-02 -2.76828669e-02 -1.43577410e-02
 -1.21888658e-02 -4.48040245e-03 -2.96763238e-02  1.56419855e-02
 -6.86016604e-02 -1.99062452e-02 -2.37838598e-03 -3.89541611e-02
 -7.59477466e-02  1.11961849e-02 -2.11126525e-02  4.35644053e-02
 -1.97207555e-03  2.27763876e-02 -9.19279456e-03  5.40033989e-02
  9.85889435e-02  1.93962250e-02 -2.64642052e-02 -6.75469494e-08
  4.43797521e-02 -4.22043391e-02  4.62282859e-02  4.98446748e-02
  5.41257821e-02 -2.96845734e-02 -2.67975479e-02 -6.70337528e-02
 -7.62996543e-03  3.29721458e-02 -1.76012132e-03 -1.79517316e-03
 -4.04357873e-02  1.62018593e-02 -2.68536005e-02 -9.48550254e-02
  2.97640059e-02  4.75562215e-02 -5.11464775e-02 -5.32979630e-02
  2.16622874e-02 -5.94610646e-02 -8.34275559e-02 -4.49276455e-02
 -7.48245930e-03 -3.20312567e-03 -3.54531109e-02 -3.30864079e-02
  2.46707313e-02  3.17046456e-02 -1.23464530e-02  3.37169413e-03
  4.37731557e-02 -8.55500624e-02 -3.05438358e-02 -1.51764415e-02
 -1.23390621e-02  5.90922721e-02 -4.52930927e-02  2.55454779e-02
  9.62641537e-02 -4.05500159e-02 -2.57073399e-02  7.89924711e-03
  2.24262048e-02  2.31866129e-02 -6.78816736e-02  5.24990298e-02
 -2.74306498e-02  2.84087774e-03 -2.64973771e-02  2.62084091e-03
  6.55778274e-02  2.28387695e-02  2.27718204e-02 -4.02654000e-02
  3.02163642e-02  2.21805181e-02 -4.89558652e-02 -2.84149479e-02
  3.97783406e-02  2.42835581e-02  3.60467397e-02 -2.26442870e-02]