[-6.29387945e-02  2.47695320e-03 -7.92654678e-02 -5.75336590e-02
 -4.59477678e-02  6.75624236e-02 -2.60573532e-02  5.66185787e-02
  1.79662574e-02  6.90762922e-02  5.51536568e-02  1.00374132e-01
 -4.16136757e-02  2.63933036e-02  1.33458115e-02 -1.27168251e-02
  7.89497495e-02 -4.06083502e-02  1.49469115e-02  6.64183795e-02
  1.41342640e-01 -4.86707278e-02 -5.28717041e-02  1.77072044e-02
 -5.15152290e-02 -3.50191034e-02 -4.71777171e-02 -4.84112315e-02
  1.34004261e-02  4.01571766e-02 -2.62642256e-03  4.74903807e-02
 -2.95362566e-02 -5.35193458e-02  2.18824130e-02  2.92046834e-02
  5.11328764e-02 -2.05968469e-02  1.93207934e-02  6.92206919e-02
 -3.63635272e-02 -5.88457882e-02 -1.03745408e-01 -7.46239275e-02
  2.01341324e-02 -2.01596487e-02 -1.87240336e-02  3.61623289e-03
 -1.22323662e-01  3.50855128e-03 -8.43190700e-02 -4.25348505e-02
 -1.26934526e-02 -7.45981280e-03 -4.67682257e-02 -1.37126595e-01
 -1.10366894e-02 -1.36215324e-02 -6.66808756e-03 -4.15342115e-02
 -8.21833163e-02  9.34334174e-02 -4.08803932e-02  9.70258843e-03
  6.98582679e-02 -1.06148971e-02  2.61946749e-02 -3.93244624e-02
  5.40017299e-02 -2.41443995e-04  6.55009672e-02 -6.71323910e-02
  4.96095754e-02  7.83278793e-03 -6.64245412e-02  5.47007844e-02
  1.26413684e-02  8.53558406e-02 -4.62913066e-02 -2.24384204e-01
  8.47152993e-02  8.90210213e-04 -2.67906929e-03 -6.13516849e-03
 -3.91590632e-02 -4.69187424e-02 -3.45175853e-03  4.48996648e-02
  9.99623910e-02  9.59834922e-03  1.11410223e-01  1.09701797e-01
 -3.68490815e-02 -4.90421504e-02  3.58680077e-02 -3.17916721e-02
  2.37919148e-02  2.64748354e-02  4.89877500e-02  4.05488461e-02
  7.86485747e-02  4.48538885e-02 -1.06564626e-01 -3.13120633e-02
  1.56685021e-02 -5.26419957e-04 -6.46207407e-02 -4.84310128e-02
  3.57804745e-02  6.46925047e-02 -6.13076948e-02 -7.28029804e-03
 -7.02017965e-03 -4.03460562e-02 -4.37669791e-02  1.25809328e-03
 -8.05561990e-02 -9.61715262e-03  5.56151979e-02  1.48542959e-03
  6.09796308e-02 -1.03588486e-02 -6.84224954e-03 -4.00673524e-02
  3.24116126e-02 -1.38145871e-02  1.85216982e-02  1.17728184e-32
  3.02155372e-02 -6.29000515e-02 -9.07758600e-04 -2.83363704e-02
 -3.54196206e-02  2.33503785e-02 -4.49557975e-02  1.95966065e-02
  3.73253860e-02  2.07257532e-02  1.67364546e-03  3.24509991e-03
 -1.03512295e-02 -2.07364187e-02  1.43491626e-02 -1.32622700e-02
  1.99937485e-02 -8.53976526e-05 -1.52954431e-02 -1.60616562e-02
  1.46490559e-02 -6.15663901e-02  6.35985611e-03  5.54451272e-02
 -8.45178291e-02  8.68810266e-02 -2.98621841e-02  2.31469888e-02
 -3.60227562e-02  1.73121244e-02  7.12122694e-02 -2.46528685e-02
  1.43033843e-02  4.22944693e-04 -6.81231245e-02  3.49563286e-02
 -2.22189259e-02 -2.06508543e-02 -4.04285565e-02 -6.69658557e-02
 -3.57014388e-02  3.85799445e-02  1.66860465e-02  2.29857191e-02
 -1.56682020e-03 -4.46608588e-02  1.86660944e-03 -7.88477361e-02
  4.33156639e-02  7.69470558e-02 -8.74577649e-03 -6.17556798e-04
 -5.23242429e-02 -3.05124950e-02 -1.43676084e-02  3.04336734e-02
 -8.53308067e-02 -2.13451078e-03 -1.88992685e-03 -7.03554004e-02
  4.48602401e-02 -3.55752446e-02 -6.23501502e-02 -6.53519202e-03
 -2.33929586e-02 -5.56450300e-02 -9.28599201e-03 -3.81961949e-02
  1.14777908e-01 -8.76444802e-02 -8.99340361e-02  1.01028979e-02
  1.43370619e-02  3.30926888e-02  1.28609512e-03 -4.92436253e-02
  8.64350349e-02  5.89071447e-03 -4.77164537e-02  8.61816667e-03
 -3.34358327e-02  1.09822713e-02 -5.41966874e-04 -8.34855251e-03
  1.11818522e-01  2.27655545e-02 -5.63413696e-03  2.60040015e-02
 -7.39835948e-02 -8.56975839e-03  4.22744304e-02  2.30925735e-02
  3.80445234e-02  2.58157086e-02  5.01479767e-02 -1.38784212e-32
  1.49184270e-02 -3.05106100e-02 -8.65193084e-02  1.57609563e-02
  3.15813050e-02  7.04366667e-03 -4.55889404e-02 -4.43707034e-02
 -1.74590666e-02 -4.10539880e-02  2.38389056e-03 -1.02347128e-01
  9.91007611e-02  3.79456915e-02 -5.76845370e-02 -9.76230018e-03
 -7.11940154e-02 -3.34890150e-02 -6.02370761e-02  3.13214511e-02
  6.58871680e-02  7.28736073e-02  6.28881007e-02 -2.48145871e-02
  1.48093337e-02 -6.38815388e-02  3.40490341e-02  1.78545341e-03
 -8.47960711e-02 -1.54384039e-02  5.79405166e-02  1.99889429e-02
 -7.48633295e-02  8.92277285e-02  5.18679572e-03 -5.99620938e-02
  9.41048861e-02 -3.86432819e-02 -5.56324758e-02  9.09981355e-02
  3.77048627e-02  1.04590282e-01  2.93969568e-02 -2.53778156e-02
 -2.01278776e-02  1.70081891e-02 -4.83599678e-02 -1.21712305e-01
  5.51112555e-02 -5.91242723e-02  6.03421703e-02 -2.13298909e-02
 -3.33214961e-02 -4.28923517e-02  7.47808516e-02 -1.11539736e-02
 -3.25457156e-02 -8.08927789e-02 -1.26516625e-01 -1.00763645e-02
  8.83731619e-02  1.04944520e-01 -5.09285778e-02 -1.16135599e-02
  1.15719870e-01  3.75271146e-03 -1.36919543e-02  2.85571106e-02
  7.63023943e-02 -2.17911564e-02  6.19986877e-02 -5.76307252e-02
 -6.11163415e-02 -3.66076678e-02  4.01980877e-02 -3.80955935e-02
  1.70996767e-02 -3.38780545e-02 -6.04624338e-02 -2.58064512e-02
 -4.12279665e-02  1.32390782e-02 -1.98156983e-02  2.60553397e-02
 -4.52852026e-02  1.33844968e-02 -1.36208702e-02  6.39888970e-03
  4.38509183e-03  6.27727881e-02 -5.51622221e-03  1.44736264e-02
  1.12080611e-01  3.89712527e-02 -1.98803879e-02 -7.01153340e-08
  6.00368483e-03 -2.51548793e-02 -1.51669644e-02  8.08372814e-03
  3.58455554e-02 -4.24292423e-02 -4.38912399e-03 -3.47529687e-02
 -6.71372190e-02  2.90953033e-02  6.62808493e-02 -5.09160720e-02
 -1.00669183e-01 -2.22826675e-02 -4.75952122e-03 -8.58426392e-02
  3.45398486e-02  6.25519231e-02 -6.54110536e-02 -6.14577159e-02
  4.63345833e-02 -3.35907601e-02 -4.33692858e-02  1.85320596e-03
  4.41709422e-02  1.38698155e-02 -3.28177251e-02 -6.90564048e-03
 -4.09009866e-02  3.67539115e-02 -6.16701394e-02  1.41986469e-02
  7.54896924e-02 -7.11734593e-02 -5.39797023e-02 -4.17651907e-02
  1.96180772e-02  7.44108558e-02 -9.13348328e-03  5.12700938e-02
  1.10915594e-01  5.94739290e-03 -5.65107539e-03 -5.30650374e-04
  6.70665596e-03 -1.10275401e-02 -1.15307895e-02  2.24540085e-02
 -1.49043417e-02  2.48632133e-02 -5.41848950e-02  2.01893318e-02
  5.66833243e-02 -3.14982682e-02  2.62362827e-02  2.18344331e-02
  5.68874478e-02  2.84469780e-02 -3.73314954e-02 -3.83478887e-02
  1.17895126e-01  4.75759842e-02  7.01104403e-02 -2.33418588e-02]