[ 4.60702889e-02 -2.39140149e-02 -4.71175946e-02 -5.29354671e-03
 -7.36514777e-02  1.77206825e-02  4.34014350e-02  1.30006716e-01
 -1.66184008e-02  6.03406467e-02  8.37146714e-02 -2.97927745e-02
  2.74686213e-03  3.68449166e-02 -1.76030491e-03 -5.83597608e-02
  6.14012554e-02 -4.89287265e-02 -6.50461689e-02  1.93569642e-02
  9.93005931e-02 -3.77434827e-02 -3.52402180e-02  4.40327227e-02
  1.76451113e-02 -9.58957672e-02  1.32414931e-03  2.52923518e-02
 -3.09808049e-02 -2.18161177e-02 -1.03669696e-01  2.12491285e-02
  1.03785358e-01  7.96607975e-03  1.16132414e-02 -2.51570959e-02
  5.81583530e-02 -6.19414188e-02 -2.52689663e-02  9.71455276e-02
 -8.28396603e-02 -5.63358665e-02 -7.03415945e-02 -5.27193882e-02
 -6.08494282e-02 -1.47634177e-02  1.73777379e-02  6.09800853e-02
 -3.38107720e-02  1.75685063e-02 -2.63118967e-02  8.03144351e-02
 -5.31840958e-02 -1.25051737e-02  2.10623015e-02 -1.25562083e-02
  1.74643267e-02  1.40795270e-02  1.03640305e-02  3.80193964e-02
 -6.17400631e-02 -1.26427487e-02 -5.35063585e-03  1.14692133e-02
  5.88237867e-02  5.01989946e-03 -1.44159403e-02 -4.35520001e-02
 -2.17845570e-02  9.31556895e-03  5.63062616e-02 -5.95771037e-02
  2.00752541e-02  6.04690947e-02  1.32864974e-02  4.88421842e-02
  3.56930047e-02  4.99396324e-02 -9.13030654e-03 -1.39857039e-01
  4.27916087e-02  1.91458073e-02 -6.01568334e-02 -4.28991131e-02
  2.29132101e-02 -1.95220280e-02 -6.55025290e-03  1.55516444e-02
  5.05956262e-02  4.72057424e-02  8.22575837e-02  3.31188664e-02
 -9.56481919e-02 -1.72378011e-02  2.53864434e-02 -1.94065906e-02
  9.11487499e-04 -4.40132692e-02  3.71607989e-02 -2.54481491e-02
  3.55047770e-02  3.92795214e-03  2.90001538e-02  6.34929910e-02
 -5.81858046e-02 -5.40805496e-02  4.62287106e-02 -1.56047279e-02
  3.67818438e-02  1.10553741e-01 -8.07197839e-02 -1.06082238e-01
 -9.02450234e-02 -9.75324586e-02 -1.05833031e-01 -6.45110160e-02
  4.01396304e-03 -3.77450138e-02  3.69224288e-02 -6.34879470e-02
 -1.52454246e-02 -4.85605150e-02  7.88315162e-02 -1.46870706e-02
  2.63563879e-02 -2.26684734e-02  7.26675754e-03  1.07993210e-32
 -5.92055693e-02 -1.17387455e-02 -4.78368513e-02 -8.87938030e-03
 -5.56367263e-02  2.97330078e-02 -3.24288979e-02  5.61594777e-02
  4.12230864e-02  1.72072742e-02 -6.60558939e-02  9.41445753e-02
 -1.72679331e-02 -3.68081778e-02  1.09724566e-01  2.16169376e-03
  7.71373287e-02  2.67225336e-02 -1.29600456e-02  2.61981487e-02
 -5.08970656e-02  4.11766432e-02 -7.43072154e-03 -3.99769768e-02
 -3.39225568e-02  4.21220586e-02 -5.45223244e-02  2.00448534e-03
 -4.62991297e-02  3.52393426e-02  4.30031726e-03  1.84447132e-02
  2.33638827e-02 -7.73382559e-02 -4.54276688e-02 -3.23685668e-02
  6.73229620e-03 -6.30977750e-03  1.97026934e-02 -4.80762906e-02
 -3.13285664e-02  2.58531589e-02  7.59390369e-02  1.16169685e-02
  1.68954525e-02 -4.49367575e-02  4.78230417e-02  2.04706956e-02
  8.52417350e-02  6.26464784e-02 -7.00707957e-02 -3.45757753e-02
 -2.62137689e-02 -7.94794261e-02  1.90158654e-02  6.99258037e-03
 -4.92562540e-02 -1.12934448e-02  1.75323505e-02 -2.01885011e-02
 -8.33952203e-02 -1.92535929e-02  2.41488703e-02 -2.25463901e-02
 -1.64196305e-02 -4.37286086e-02  3.89527902e-02 -6.28722236e-02
  1.06893398e-01 -2.87081227e-02 -6.93917871e-02 -3.82620655e-02
 -5.20564541e-02  6.73495382e-02 -2.71021901e-03  2.66877376e-02
  6.12733625e-02  1.32185873e-02 -4.18395959e-02 -8.92299134e-03
 -7.44310841e-02  2.36519985e-02 -4.48371109e-04 -3.24874767e-03
  1.07387245e-01  6.09410815e-02  2.62958426e-02  2.14133747e-02
  3.94307561e-02  5.70264012e-02  6.19987883e-02  7.50843361e-02
 -6.43151775e-02  5.98706305e-02  6.91189244e-02 -1.26013758e-32
 -5.24714328e-02  7.64926672e-02 -5.46201617e-02 -8.97852413e-04
 -2.18728893e-02 -1.49879269e-02  4.46220255e-03 -3.41263823e-02
 -3.86553034e-02 -8.70692059e-02 -1.66240297e-02 -7.60867670e-02
  5.84601574e-02 -1.74052268e-02 -7.79889673e-02  5.63174859e-02
 -6.58032522e-02 -6.77461848e-02  4.41172905e-02 -5.10504215e-05
 -1.53865933e-03 -3.82078486e-03 -3.83766778e-02  6.67771995e-02
  4.45887148e-02 -5.53778298e-02 -7.80425891e-02 -3.96805862e-03
 -6.07204847e-02 -3.90869901e-02  1.78641099e-02  2.12412584e-03
 -1.32340379e-02  1.34583473e-01 -3.94701920e-02 -5.38620204e-02
  3.31161395e-02  1.11973761e-02 -4.90881726e-02  1.25019729e-01
  7.16388971e-02  7.53755420e-02  7.14882184e-03 -6.95520267e-02
 -2.29338948e-02 -2.58691125e-02  1.02077425e-01 -1.15132816e-01
  1.94950942e-02 -8.25792477e-02  1.04901813e-01  1.87012961e-03
 -1.79199502e-02 -2.25896221e-02  6.05459791e-04  5.43468725e-03
  1.95686985e-02 -5.16029745e-02 -9.63327885e-02  1.93295032e-02
  1.41623139e-01  4.96608876e-02 -8.31666635e-04 -3.32244188e-02
  2.78495029e-02 -4.40413952e-02  1.24815200e-02  5.95953763e-02
 -4.35091071e-02 -2.26287246e-02  1.24965329e-03 -9.28035751e-02
 -1.89173799e-02 -6.44893348e-02 -4.08740565e-02 -8.45190659e-02
 -2.35309452e-03  5.47722019e-02  9.87735949e-03  7.07623586e-02
 -7.84685761e-02  6.14594296e-02 -7.64415041e-02 -2.45778672e-02
 -8.31937343e-02  5.71644120e-02  5.61268404e-02  1.57518648e-02
 -3.59142981e-02  6.12237565e-02 -1.02172151e-01  6.86488450e-02
 -3.71759050e-02  5.05644176e-03 -1.11240178e-01 -6.23105834e-08
  1.72334686e-02 -4.12785001e-02  5.91906123e-02 -1.01393741e-02
  5.04569672e-02 -1.36732226e-02 -3.24449204e-02 -3.00679996e-04
 -3.10512930e-02  2.68764049e-03 -3.29366662e-02 -1.79872178e-02
 -5.18217832e-02  2.42267083e-02 -3.04564293e-02 -1.72625389e-02
  4.13479432e-02  7.84412473e-02 -5.52505255e-02 -1.00981947e-02
  7.91499391e-02  3.13671641e-02 -1.22649938e-01 -4.74539697e-02
  3.94021496e-02 -3.12408768e-02 -2.42243093e-02  5.76979741e-02
 -2.86415853e-02  6.85755312e-02 -3.88101898e-02 -2.72839908e-02
  4.51540612e-02 -9.12728980e-02 -4.25453819e-02 -5.01595996e-02
  3.48269306e-02  1.96683127e-02 -6.66478649e-02  2.08937768e-02
  8.53988528e-02 -2.06582975e-02 -3.79273668e-02  1.77567061e-02
  1.09090433e-02 -2.22070632e-03 -2.03790795e-02  6.15860708e-02
 -1.98978167e-02 -1.22272922e-03  8.81323032e-03  3.85930762e-02
  1.11635530e-03  2.21345201e-03  2.88123731e-02 -8.38031843e-02
  4.21121195e-02  2.38725934e-02 -7.86238685e-02 -2.67684255e-02
  3.64351310e-02  5.54470904e-02  1.73287634e-02  1.72425564e-02]