[-1.20543633e-02  1.85228512e-02 -5.59048019e-02 -6.12707324e-02
 -3.42709981e-02 -3.07625197e-02  8.57693851e-02  3.82700190e-02
  1.00934776e-02  5.57834208e-02  1.05451465e-01 -8.32622685e-03
 -4.53971401e-02  7.91771803e-03  2.53805500e-02  1.76313706e-02
 -1.20372279e-02 -3.72810774e-02 -2.98813954e-02  4.10229787e-02
  6.78271875e-02  9.92913172e-03 -2.71943565e-02  6.22851625e-02
 -9.60988328e-02  2.49346904e-02 -4.36670221e-02 -9.68309864e-03
 -6.63564950e-02 -7.97922835e-02 -1.10599799e-02  1.16311386e-01
  8.91974047e-02  4.13875990e-02 -1.09794538e-03  1.38636294e-03
  3.88379171e-02 -4.46783938e-02 -5.79715744e-02  3.71070430e-02
 -2.92043295e-02 -1.44329183e-02 -4.47939821e-02 -6.31215097e-03
 -4.70027179e-02 -4.41249199e-02  5.74952550e-02  9.00021940e-03
  1.83921605e-02 -4.70019020e-02 -8.65023509e-02 -1.41056618e-02
  3.04599181e-02  3.64051126e-02 -3.26128677e-02 -2.21350268e-02
 -1.49523579e-02  1.22079775e-02  3.26051563e-02 -1.05647708e-03
 -1.20147541e-02  1.30089279e-02 -6.28627017e-02  1.83968004e-02
 -2.78947800e-02  4.56256047e-03 -8.63895845e-03 -4.18576002e-02
 -3.35456245e-02  1.26688657e-02 -6.53941929e-03 -5.96882477e-02
  1.61869358e-02  5.60692605e-03 -7.49733672e-02  1.24877281e-01
  2.27637310e-02 -2.50508934e-02  3.79791409e-02 -3.56135182e-02
 -1.76179186e-02 -2.58773491e-02 -7.13441744e-02 -4.71077003e-02
  2.87856553e-02  1.66907627e-02 -1.83075517e-02  3.49549614e-02
  1.67942811e-02  1.73162557e-02 -1.84661988e-02  3.02069765e-02
 -1.32520542e-01 -2.20155753e-02  2.00568102e-02  2.33712494e-02
 -1.68922171e-02 -1.05443023e-01  3.18296589e-02 -5.64732729e-03
  7.03737959e-02  4.94208597e-02 -9.79023986e-03  1.78579204e-02
 -1.05762579e-01  3.97229493e-02  2.38126516e-03 -6.95963651e-02
  6.10003956e-02  1.13991395e-01 -9.74510387e-02 -1.33040110e-02
 -1.90084018e-02 -9.26999003e-03 -7.27645233e-02 -5.43865450e-02
 -6.68918788e-02 -1.77724231e-02  5.82421534e-02  5.41875837e-03
  8.59721098e-03 -6.43262565e-02  5.10125607e-02 -1.62634607e-02
  5.93962371e-02 -7.21843094e-02  5.74488938e-02  1.32395958e-32
 -2.22758260e-02 -3.25305909e-02 -3.10609937e-02  2.14788038e-02
  1.13137007e-01  1.80104971e-02 -5.05222604e-02  5.89469122e-03
  4.45720404e-02  2.51582451e-02 -9.45871994e-02  5.58652133e-02
 -1.75137650e-02  2.75133979e-02  9.00887623e-02 -3.04378178e-02
  4.72795330e-02 -6.16972521e-02 -4.07596445e-03 -6.30172566e-02
 -3.04518491e-02 -1.54810725e-02  1.02786543e-02 -3.93276624e-02
  5.13137728e-02  2.65097227e-02 -6.23593181e-02 -4.79425341e-02
  1.01470789e-02  4.76367995e-02  4.92246859e-02 -6.20736042e-03
 -3.05576716e-02  1.53395645e-02 -5.42989820e-02 -2.59652343e-02
  5.77850919e-03 -1.03086457e-02 -4.98847999e-02 -5.83077734e-03
 -3.64338718e-02 -1.19274128e-02  2.53714602e-02  4.84919287e-02
  5.22876298e-03 -5.08761182e-02 -5.00360392e-02  1.79425143e-02
  1.00046813e-01  7.09751099e-02 -7.17535242e-02 -7.59134516e-02
  4.35934402e-02 -5.74439988e-02  4.26215716e-02  2.40777321e-02
 -8.02936107e-02  2.39250213e-02 -4.51881662e-02 -3.57679687e-02
 -5.09317219e-02  4.91105467e-02  1.01469166e-03 -4.18890752e-02
 -2.00826041e-02 -4.24740985e-02 -5.06297648e-02  2.25710832e-02
  7.53725469e-02  5.62250279e-02 -1.38600450e-02  4.96850070e-03
 -7.61750787e-02  3.88477854e-02  4.82581742e-02  4.72010812e-03
  5.51255979e-02  9.15104803e-03 -7.65443519e-02  4.51959930e-02
  1.32083427e-02 -4.31116708e-02  2.75866240e-02  7.32606649e-02
  5.87463751e-02 -2.55058822e-03  4.89342492e-04  1.96162798e-02
 -1.02445995e-02  8.73818025e-02 -1.64993349e-02  1.18802980e-01
  1.20226545e-02 -6.36355113e-03  5.86734936e-02 -1.46137796e-32
 -1.79011784e-02  7.48701692e-02 -6.45594820e-02 -3.70585732e-03
 -2.26613767e-02 -1.33833062e-04  2.51923800e-02 -5.36850020e-02
 -6.15252554e-02 -1.19373545e-01 -1.72034860e-01 -4.19046655e-02
  6.49643317e-02 -2.88246050e-02 -1.33616626e-02 -1.17523631e-03
 -4.90461551e-02 -4.89957444e-02 -1.79374274e-02 -3.32745388e-02
 -5.68657666e-02  1.09360889e-01  1.29134990e-02 -1.44805135e-02
  6.86787292e-02 -8.90312791e-02 -6.95317099e-03  8.51291642e-02
 -8.28646123e-02 -2.67153569e-02  8.34241658e-02  8.18937942e-02
  5.43974787e-02  1.42403290e-01 -1.43040940e-02  7.42095485e-02
  9.87639874e-02  2.19568908e-02 -1.04754744e-02  9.10287425e-02
  1.15330473e-01  4.59395051e-02  4.93893074e-03 -1.43837452e-01
 -5.10724448e-02  3.65097634e-02 -3.64797376e-02 -1.08696595e-01
 -2.79402304e-02 -2.00191066e-02  1.18340880e-01 -1.16686244e-03
 -4.08128127e-02 -4.30816747e-02  8.33061785e-02 -3.73790339e-02
  1.05033098e-02 -1.13017216e-01 -5.09142652e-02 -3.88922170e-02
  8.06656927e-02 -2.81079896e-02 -6.73021600e-02 -1.95809565e-02
  4.45058234e-02 -4.26273830e-02  3.03397030e-02  4.33922745e-02
  1.02750584e-02  7.49087781e-02  5.98938242e-02  3.24108382e-03
 -5.87919764e-02  4.72340360e-02 -4.46660165e-03 -7.92498887e-03
 -3.61354835e-02 -2.08882103e-03 -2.74827853e-02 -3.08722164e-02
  7.65117677e-03 -1.04726898e-02  4.52159811e-03 -1.34579195e-02
 -4.33118939e-02  7.70845562e-02 -3.40909995e-02  1.89699847e-02
 -8.17222148e-02  4.77660336e-02  8.12007766e-03  4.92972247e-02
  1.60836186e-02  2.43085511e-02 -3.75788473e-02 -6.16478317e-08
  9.44766961e-03 -4.70759049e-02  4.85322662e-02 -2.87343208e-02
 -2.82497844e-03 -3.67186815e-02  4.04418558e-02 -3.66664268e-02
  1.77546330e-02 -2.76004765e-02 -2.63645425e-02 -5.13977781e-02
  1.91053487e-02  1.02140330e-01  4.33728769e-02 -8.51731934e-03
  3.83143723e-02  2.46827174e-02 -3.03944554e-02 -4.71678749e-02
  3.28022465e-02  2.37670224e-02 -1.44198120e-01  2.63662059e-02
  9.71132703e-03 -1.96548067e-02 -9.20387858e-04  3.72478785e-03
 -3.61202098e-02 -1.11371949e-02 -2.67835427e-02  8.23444035e-03
  3.83992344e-02 -6.87095597e-02 -9.71311405e-02 -3.77456136e-02
  4.52694595e-02 -3.95526588e-02 -7.94677511e-02  1.23904180e-02
  7.81308562e-02  3.86445597e-02 -2.27514394e-02 -5.64719178e-02
  9.76784248e-03 -4.95600216e-02  2.57520564e-02 -4.81727645e-02
 -3.55916992e-02 -1.97993219e-02  1.88430846e-02  7.94937983e-02
  8.57511386e-02  4.85083014e-02 -3.59608345e-02 -7.38634467e-02
  1.77124124e-02 -4.34689922e-03 -1.53154898e-02 -1.95833556e-02
  3.35910097e-02  1.20260380e-01 -3.92670222e-02 -8.71437937e-02]