[ 7.50151277e-03  6.11525439e-02 -9.90384668e-02 -6.64902702e-02
 -2.19695661e-02  4.24696542e-02  1.48327723e-02  7.73232803e-02
  3.57229337e-02  1.08688109e-01  1.16694748e-01 -2.78138928e-02
 -3.72557826e-02 -3.54934894e-02 -2.30035788e-04 -4.26449142e-02
  3.70202065e-02  1.87981129e-02 -2.65584160e-02  8.79617482e-02
  1.83480695e-01 -2.80637108e-02 -7.44049549e-02  7.25569800e-02
 -2.83029824e-02 -4.48709587e-03 -4.42099646e-02 -1.52336955e-02
 -4.58518825e-02 -4.25975211e-02  5.15187299e-03  5.79090156e-02
  5.92987165e-02 -1.80986766e-02  8.04884359e-02 -2.00437922e-02
  5.99664822e-02 -2.07155161e-02 -4.84697334e-02  2.95921024e-02
 -6.69856519e-02  2.16458142e-02 -6.92514554e-02 -4.39936146e-02
  2.62183603e-02 -7.74232345e-03  6.40551075e-02  5.80746345e-02
 -3.55695523e-02 -1.11057255e-02 -3.72485295e-02 -2.33745892e-02
 -6.17063008e-02  2.14575119e-02  4.32683751e-02 -7.09552094e-02
 -1.08806626e-03  1.68352630e-02 -5.17656058e-02 -8.85223318e-03
 -7.86841884e-02 -6.04460947e-03  6.84025072e-05 -1.52837327e-02
  3.20476890e-02  2.16035154e-02  9.68192425e-03 -3.97477299e-02
 -2.69842315e-02  5.35446554e-02  5.51633611e-02 -6.06429055e-02
  3.85554992e-02 -5.25713079e-02 -5.11811972e-02  5.36493622e-02
  4.47053015e-02  1.02209657e-01 -8.68255459e-03 -1.48967698e-01
  1.17874835e-02  2.57532317e-02 -4.13633995e-02 -8.62375647e-02
 -4.24504243e-02 -1.88631006e-02 -1.92657225e-02  1.76758673e-02
  6.69759959e-02  2.15951763e-02  1.84634626e-02  7.99315646e-02
  2.10010484e-02 -5.53987101e-02 -6.30999031e-03 -5.28554665e-03
  2.05377825e-02 -5.34496084e-02  1.04736477e-01 -2.87849568e-02
  6.77277818e-02  4.99400981e-02  4.60554250e-02 -5.93970343e-03
 -6.82087429e-03 -4.28516641e-02 -5.87949716e-03 -5.31225391e-02
  4.32650782e-02  6.93418011e-02 -9.23200101e-02 -2.54755262e-02
 -4.51154076e-02 -5.35133965e-02 -7.48289898e-02 -1.73858702e-02
 -3.03869508e-03 -6.31222129e-02  4.66219485e-02 -5.04163690e-02
  1.37578761e-02 -3.43392082e-02  1.57090127e-02 -4.69188653e-02
  4.37194444e-02 -4.24214341e-02 -4.16370202e-03  5.75295421e-33
 -3.56261358e-02 -8.08537304e-02 -4.11580391e-02 -1.64441094e-02
 -7.28181452e-02  1.28248231e-02  4.78287973e-03 -1.30218444e-02
  8.11054483e-02  4.30269875e-02 -8.73717293e-03  2.08767001e-02
 -2.93453895e-02  2.91157775e-02  1.39602870e-01 -3.87547202e-02
  8.00809730e-03  4.76313755e-02  3.34775671e-02  6.73994720e-02
 -1.25095332e-02  2.37009730e-02  2.51492672e-02 -4.98952158e-02
  4.73469123e-02  7.61223137e-02 -6.32295161e-02 -2.07276680e-02
 -5.91461472e-02  3.61965373e-02  1.37714893e-01  2.82699019e-02
  6.91911504e-02 -4.38837446e-02 -5.63651882e-02 -6.92676306e-02
 -1.51688186e-02  8.20227563e-02 -1.80092789e-02 -4.53340709e-02
 -4.34291475e-02 -3.53468247e-02  7.51614124e-02  8.28377381e-02
  2.95765866e-02 -1.19737357e-01  5.44696078e-02  1.33527098e-02
  4.51104417e-02  1.80629846e-02  2.93201506e-02 -6.93028271e-02
  1.22302752e-02 -5.39310612e-02 -5.65361977e-02 -6.12350181e-02
 -1.00876309e-01 -8.52755271e-03 -1.03499740e-01 -9.74362716e-02
 -9.68171190e-03 -5.29588014e-02 -5.24828844e-02  1.68585554e-02
 -6.16314858e-02  1.12082099e-03 -2.59944499e-02  4.56026681e-02
  1.26718208e-01  1.37899872e-02 -3.35545540e-02 -1.62360705e-02
 -6.47242367e-02  5.76530993e-02  5.09318337e-02 -1.21036889e-02
  6.31430969e-02 -1.49269300e-02 -7.66233876e-02 -1.22802602e-02
 -2.32844297e-02 -2.16555484e-02 -3.59905548e-02 -1.71918552e-02
  7.71632120e-02  9.48594809e-02  7.23991767e-02  8.31786245e-02
  5.01099937e-02 -1.80314146e-02  4.73830514e-02  3.15757841e-02
 -3.53680700e-02  3.86115126e-02  1.06577292e-01 -9.10260801e-33
  8.14944506e-03  5.88603839e-02 -4.56693470e-02 -2.85831355e-02
 -3.07899863e-02  3.22880521e-02 -1.63996443e-02 -5.65421842e-02
 -5.03521673e-02 -1.40049323e-01 -9.65779722e-02 -9.62412432e-02
  4.46955003e-02  2.34025642e-02 -9.70387757e-02  2.33711060e-02
 -3.49501297e-02 -3.13599743e-02 -3.37243080e-02 -1.28255226e-02
  1.62802562e-02 -1.06430138e-02  4.07105982e-02 -1.58163328e-02
 -4.58752625e-02 -3.93268354e-02 -9.67129096e-02 -4.59334701e-02
 -5.20014092e-02 -1.03285252e-04  6.25027567e-02  3.36440690e-02
 -9.85150971e-03  5.58129773e-02 -4.16051261e-02 -8.65726322e-02
  3.42228971e-02 -3.44806686e-02 -6.64864630e-02  3.66668999e-02
  6.95394725e-02  8.64616558e-02  3.60465348e-02 -3.09953801e-02
 -6.10664301e-02 -6.54516276e-03 -1.24137560e-02 -8.03669989e-02
  6.00687526e-02 -6.99990988e-02  7.61468858e-02 -2.75175907e-02
 -8.59137333e-04  1.46412384e-02  5.00273146e-02  2.53539979e-02
  2.22268458e-02 -4.32258360e-02 -6.47024214e-02  2.43656710e-02
  3.95466350e-02  4.24294174e-03 -4.83714640e-02 -2.80702114e-02
  5.59091419e-02 -3.43227312e-02 -9.18872189e-03 -2.57325778e-03
  5.71237616e-02 -5.82392607e-03  4.68906108e-03 -3.08418591e-02
 -1.01989150e-01 -8.51010717e-03 -3.40640545e-02  2.05551963e-02
 -3.67879719e-02  1.37117580e-02  1.14269229e-02  5.95254339e-02
  5.17517887e-03 -1.94775481e-02  2.76460516e-04 -4.96982858e-02
 -5.08850813e-02  2.53185793e-03 -1.74040366e-02  9.75983683e-04
  8.12224299e-03  5.32140806e-02 -4.89129201e-02  4.98188511e-02
  4.08553481e-02 -2.11110385e-03 -4.21567112e-02 -5.44448326e-08
  3.30963060e-02 -4.69905399e-02  6.43330663e-02  2.89674401e-02
 -7.03142723e-03 -8.78268108e-02  5.25839161e-03 -7.33496761e-03
 -1.43452808e-02  8.23400542e-03  4.02876288e-02  2.03715079e-02
 -6.77352846e-02 -4.24892381e-02 -2.15084050e-02 -5.23379706e-02
  5.08016907e-02  3.86281125e-02 -3.02410070e-02  9.61960107e-03
 -1.98506583e-02 -3.07642184e-02 -1.38618946e-01 -1.68755278e-02
  6.03216365e-02 -4.89022993e-02  3.51663716e-02  4.70124930e-02
  1.14275590e-02  6.42021000e-02  3.11966956e-04  8.96193739e-03
  1.55509198e-02 -7.98050165e-02 -9.05430093e-02 -2.24706922e-02
  7.50557482e-02  4.98316325e-02 -2.52569597e-02 -1.08568203e-02
  8.79805982e-02 -5.14670610e-02 -4.61586006e-02 -3.19252186e-03
  2.40242481e-02 -3.63308191e-02 -3.36687602e-02  2.39963010e-02
 -1.95710976e-02 -4.88477163e-02 -2.81002205e-02  2.46488508e-02
  1.62557196e-02  5.34621254e-03 -1.92577280e-02 -3.58588807e-02
  3.11150476e-02  6.14558347e-02 -6.05654307e-02 -3.72254252e-02
  1.08547792e-01  4.92840409e-02  4.77542020e-02 -1.69514009e-04]