[-8.31785053e-02  2.50295252e-02  1.72822811e-02  5.33789722e-03
 -8.87234788e-03  2.88748648e-02 -3.26150544e-02  7.95637146e-02
 -4.08882238e-02  2.12687030e-02  6.07493706e-02 -4.18284573e-02
 -3.69197093e-02  9.16458294e-03 -3.95301469e-02  1.77718401e-02
 -6.67532310e-02  1.45706395e-02  4.15637866e-02  5.36068827e-02
  3.18383425e-02 -5.34678460e-04 -6.11120909e-02  6.06442727e-02
 -5.82048520e-02 -1.64787881e-02 -1.64420493e-02 -5.84795792e-03
 -7.78806359e-02 -2.08747424e-02 -5.35406359e-02  5.69089614e-02
  2.26572454e-02 -5.91451377e-02  5.71082626e-03 -7.47616664e-02
  2.49233339e-02 -2.04394422e-02 -2.13553272e-02  1.93025619e-02
 -3.29058841e-02 -5.03719151e-02 -5.20875193e-02 -1.44056585e-02
  2.36412622e-02 -9.60300043e-02  7.46424273e-02  1.19396746e-02
  3.35753262e-02 -2.24821339e-03 -9.35715437e-02  2.42891628e-02
 -1.99261424e-03 -6.09607957e-02 -2.67289393e-02 -2.35017855e-02
 -6.04043268e-02 -3.47222947e-02  6.76568449e-02 -3.68006304e-02
  4.97161821e-02 -2.50069071e-02 -7.65295029e-02 -2.17640884e-02
  1.61597896e-02 -1.56723559e-02  1.90389641e-02 -5.06314002e-02
 -6.19556941e-02  6.55987263e-02  4.86360006e-02 -8.70658532e-02
  6.87557906e-02 -8.04638043e-02 -1.02158539e-01  6.45143017e-02
  1.75748076e-02  6.31230548e-02 -3.55576873e-02 -9.46191028e-02
 -7.26777595e-03 -6.77051321e-02  3.33267525e-02 -8.20121020e-02
  1.78910382e-02 -1.92904274e-03  6.62782565e-02 -6.50066286e-02
 -1.71810407e-02  2.79459804e-02  3.54879461e-02  5.51141202e-02
 -4.21580188e-02  1.92256384e-02 -7.31861545e-03  1.36823496e-02
  6.24979995e-02  6.46582544e-02  7.30162188e-02  5.79607077e-02
  9.35344845e-02  5.20925187e-02 -6.03205264e-02  2.63849832e-02
 -9.83727351e-02  7.50439689e-02  1.94944311e-02 -2.58760620e-02
  4.86981608e-02  1.31160561e-02 -6.91100806e-02  3.13832685e-02
 -6.70050457e-02 -4.90303487e-02 -9.66859981e-02  3.97626534e-02
 -8.12353194e-02  7.38249943e-02  3.72910909e-02  1.30881429e-01
  5.12929372e-02 -5.35096675e-02 -2.75238622e-02  2.30957791e-02
  8.75308663e-02 -4.30295430e-02  2.89354604e-02  8.17397188e-33
  3.45639996e-02 -1.96434390e-02  3.70525792e-02  5.46627492e-02
  3.12090833e-02  1.96354128e-02 -1.03860795e-01  3.84314032e-03
 -8.46594423e-02 -4.19135094e-02 -5.63750155e-02 -1.96674210e-03
 -6.26225546e-02 -8.25030431e-02  5.00812605e-02  8.52816552e-02
 -7.98493475e-02 -7.67394751e-02 -7.09194541e-02 -1.25160916e-02
  1.15621332e-02  2.41029970e-02  2.12980527e-02  5.32649197e-02
  3.31012644e-02  1.47124439e-01  1.09479381e-02 -6.24436289e-02
 -9.06563103e-02  6.86551481e-02 -5.31961694e-02 -2.73101684e-02
 -5.11952452e-02  5.86683676e-02 -4.37783226e-02 -4.48937016e-03
 -2.25917529e-02 -2.59530619e-02 -7.77137950e-02  1.79601721e-02
  6.02526069e-02 -1.46788144e-02 -2.28601247e-02 -1.01916716e-02
 -5.42377448e-03 -3.98194902e-02  6.00508563e-02  5.49748028e-03
  1.22683428e-01  8.31321105e-02 -5.48916496e-02 -9.80154946e-02
 -3.55434418e-02 -2.95614563e-02  3.09940986e-02  1.66567769e-02
 -9.14085507e-02  3.05821896e-02  2.03109309e-02 -6.09547773e-04
  4.95886356e-02  1.81621267e-03  7.82305561e-03 -7.34288385e-03
 -4.59056646e-02  1.28206179e-01  1.79501958e-02 -2.25851424e-02
  7.88287148e-02  5.30942762e-03 -5.41852005e-02 -1.59891862e-02
  3.22775021e-02  4.51841243e-02 -3.27953324e-02  1.20618073e-02
  4.24863398e-02 -8.06216523e-03 -5.62986694e-02  5.05110994e-02
 -1.11260965e-01  4.39350270e-02  2.21358072e-02 -1.06679015e-02
  1.05291680e-01  6.12330772e-02  2.94914059e-02  4.72011939e-02
  2.53168829e-02  9.03550237e-02 -2.35572997e-02  5.92204407e-02
 -2.11203974e-02 -2.84654573e-02  3.00192903e-03 -7.57460054e-33
  8.03937539e-02  1.87367189e-03  2.50313766e-02  1.75585654e-02
 -1.73378717e-02 -3.23874801e-02 -2.41730455e-02  2.02743895e-02
  6.87907338e-02 -7.45347962e-02 -1.77973937e-02 -4.09693159e-02
  8.13777521e-02 -2.58677192e-02 -3.65784615e-02  1.56217040e-02
  1.41816698e-02 -1.06454216e-01 -8.57138336e-02 -6.67760596e-02
  5.51854772e-03  4.75233980e-02  1.04550403e-02  1.84452794e-02
 -4.27161381e-02 -3.88024226e-02  2.28783116e-02 -1.36989634e-02
 -7.08832070e-02 -2.88128946e-02 -2.20577102e-02 -1.28574297e-02
 -5.86365769e-03  6.33662790e-02  1.46931561e-03  6.37147427e-02
  1.17032053e-02  5.38252778e-02 -3.13659161e-02  1.49848595e-01
 -2.65634377e-02  5.92235625e-02  3.74270901e-02 -2.48867553e-02
  4.37632482e-03 -8.82227570e-02 -1.14397556e-02 -7.00614823e-04
  7.77939754e-03 -5.09384610e-02  1.31289721e-01 -6.12880243e-03
 -6.22969642e-02  4.02852939e-03 -6.31004013e-03 -1.72121096e-02
 -3.22092697e-03 -2.41502207e-02 -2.36169957e-02  4.93812971e-02
  1.12943321e-01  5.81599064e-02 -9.44787413e-02 -3.56334969e-02
  4.12784480e-02  1.49521511e-03 -1.97507329e-02 -1.97532643e-02
  3.77858728e-02  6.61921054e-02  5.82877882e-02 -5.35940081e-02
 -6.29685298e-02  7.39538744e-02 -2.93913949e-02  3.44412476e-02
 -4.93186787e-02  5.24250902e-02  8.53320956e-02 -8.49673990e-03
  6.79647457e-03 -2.41656136e-02  1.43948579e-02  8.47787708e-02
  2.80282628e-02  5.50134443e-02 -2.01286990e-02 -8.05949792e-02
  4.23032120e-02 -5.16899722e-03  4.63101715e-02  1.01169273e-02
  4.14472073e-02 -1.26488879e-02 -8.13271105e-02 -5.86043676e-08
  6.89775720e-02 -8.49036500e-03 -4.76593673e-02  3.80524993e-02
  6.43898398e-02  6.33322226e-04  1.57555826e-02 -2.70664389e-03
 -1.63817797e-02  7.47967586e-02  1.33384079e-01 -2.28599533e-02
  1.76700652e-02 -2.12476067e-02 -1.46496231e-02  6.64397143e-03
 -3.22413780e-02  1.38421401e-01 -5.80859929e-02 -9.05457418e-03
  4.55000363e-02  1.48300147e-02 -1.88283063e-02 -1.39253614e-02
  3.27810757e-02 -8.19329247e-02 -3.55558097e-02  2.89390609e-02
 -6.57120626e-03 -2.50698738e-02 -7.60299489e-02 -4.11212854e-02
  5.81684038e-02 -9.81257185e-02 -1.54000893e-02 -9.66187380e-03
  2.33732034e-02  1.79870576e-02 -2.65457183e-02  1.33657055e-02
  9.61630791e-02 -1.81226917e-02 -2.98036430e-02 -2.90208831e-02
  2.29266770e-02 -1.46339657e-02 -1.08312415e-02 -2.94478964e-02
 -5.22212964e-03  1.32246036e-02 -2.79059936e-03  1.27467597e-02
  3.16708572e-02  8.63626972e-02 -4.72917669e-02  2.80985385e-02
  8.99061933e-03  3.18568014e-02 -5.84324375e-02 -4.12860587e-02
  6.32671863e-02  2.40212195e-02 -5.20657897e-02 -2.50425320e-02]