[-5.06159328e-02  1.11353219e-01 -7.83880576e-02 -4.87317480e-02
 -1.07611932e-01  4.55762334e-02 -2.32181642e-02  1.66515768e-01
 -1.12663079e-02  4.73720469e-02  7.39967898e-02 -1.44323230e-01
 -5.40160062e-03  4.39581797e-02 -5.04272729e-02 -7.86580816e-02
 -7.41425203e-03  6.31729811e-02 -3.76132806e-03  5.45154363e-02
  3.27512994e-02 -7.89674222e-02 -7.72703141e-02  6.17350489e-02
 -6.44440502e-02  7.39635229e-02 -8.20755139e-02 -3.22429929e-04
 -8.38606432e-02 -3.03082149e-02 -3.70493867e-02  8.19691196e-02
  1.04816958e-01 -4.44830991e-02  4.11773734e-02 -4.70970348e-02
 -1.61591582e-02  2.50188466e-02  1.03769591e-02  4.33902629e-03
 -1.39502790e-02  3.06986310e-02 -2.25275196e-02  6.06465386e-03
  3.57838720e-02  2.67575830e-02  3.64212766e-02  4.60932329e-02
  2.06096563e-02 -4.28553112e-02 -5.85622266e-02  9.77826416e-02
  4.00235504e-03 -6.16581850e-02 -7.31302202e-02 -9.98659283e-02
 -3.59575450e-02  2.29928419e-02  1.05719641e-01  2.12219823e-02
 -2.13672146e-02  6.36231201e-03 -4.12866250e-02  6.53947592e-02
 -4.16826569e-02 -6.38244599e-02 -2.97478251e-02 -7.42432708e-03
 -7.32472241e-02  2.63141971e-02  1.00101672e-01 -2.42574569e-02
 -5.63216880e-02 -1.89709011e-02 -3.45837884e-02  1.12524480e-01
 -7.20049301e-03 -1.64399971e-03 -2.79063098e-02 -7.03952014e-02
  5.67685813e-02 -6.50557131e-02  8.62987805e-03 -7.51499757e-02
  2.02470962e-02  1.10060843e-02  9.96793658e-02 -3.83611768e-03
  1.93563011e-02 -2.06200909e-02  3.28393988e-02  1.15206741e-01
 -3.38419899e-02  1.46231093e-02  3.42340916e-02  5.42921275e-02
  2.10434254e-02 -3.42617766e-03  7.29346797e-02 -4.52168193e-03
  1.17207915e-01  9.27546714e-03 -3.61262858e-02  1.15163000e-02
 -3.17918472e-02  2.17287913e-02  4.30995487e-02 -1.10320402e-02
  1.43025890e-02  2.03350987e-02 -4.60046381e-02 -3.11373305e-02
 -7.08268657e-02 -1.25004455e-01  3.22641619e-02 -2.15787999e-03
 -5.41122407e-02  1.73093453e-02  2.79283579e-02 -1.43943764e-02
  2.59140460e-03 -1.02504887e-01 -1.37661882e-02 -8.21171154e-04
  6.94536120e-02 -5.19886985e-02  1.13041542e-01  1.36129122e-32
 -5.02593368e-02 -8.06075558e-02 -6.11899532e-02 -3.97333205e-02
  5.33082634e-02 -2.34921090e-02 -7.96670020e-02 -2.26961495e-03
 -5.48509806e-02  3.74669358e-02 -5.15773781e-02  3.96448821e-02
 -3.24600711e-02  1.47274900e-02  4.83998582e-02  4.32006419e-02
  9.08352733e-02 -8.81353766e-02 -3.68494987e-02 -4.45702784e-02
 -7.15492219e-02  1.36404112e-02  9.24431831e-02  5.55282906e-02
  2.70281713e-02  1.49198517e-01 -2.13744212e-02 -1.07857026e-01
 -8.89257938e-02  3.22735496e-02  2.90106945e-02 -2.76063979e-02
 -4.55436669e-02  2.10363828e-02 -1.31124109e-01  4.22370918e-02
  6.01171656e-03 -1.89569704e-02 -7.79221160e-03  1.04891211e-02
 -3.65755241e-03  2.86271498e-02  1.43890176e-03 -2.78390255e-02
  1.19077731e-02  3.02770105e-03  2.71861535e-02  2.00938378e-02
  6.59680143e-02  7.38140866e-02  5.80212241e-03 -2.24778801e-02
 -9.11593959e-02 -9.45572741e-03 -2.40464043e-02  3.41506079e-02
 -1.13325454e-01 -1.35479858e-02  1.37118446e-02  2.68214326e-02
  2.94231903e-03 -4.82124370e-03 -2.17939056e-02 -1.46794919e-05
 -6.06633388e-02  2.81609856e-02 -1.17963506e-02  4.52544540e-03
  6.53833151e-02  5.58520220e-02 -4.53840420e-02 -7.86572322e-02
  2.27807090e-03 -4.69980799e-02  5.44243976e-02  2.63739750e-02
  7.94542134e-02  3.34936753e-02 -1.05149642e-01  8.96544829e-02
 -7.03736991e-02  4.04898413e-02 -5.53921685e-02  2.62024114e-03
  6.54270798e-02  5.17407991e-02  1.84155088e-02  2.56016515e-02
 -8.33387894e-04  8.47890750e-02  2.41630841e-02  6.62672240e-03
  6.30833791e-04  2.47151032e-02  2.42460128e-02 -1.50060097e-32
  1.11120818e-02  3.59557532e-02 -6.56674337e-03  1.75232813e-02
 -4.27912474e-02  3.74735845e-03 -6.12395890e-02  4.46436331e-02
  6.62500970e-03 -9.40295756e-02 -4.80328053e-02 -6.51810318e-02
  2.44549830e-02 -8.10381956e-03 -4.46957797e-02  2.67131478e-02
 -8.39948747e-03  2.00306438e-03 -4.24703881e-02 -7.44777441e-04
  3.55483033e-02  5.37730567e-02  2.08643219e-03  1.39955478e-02
  4.61346284e-02 -4.82850987e-03 -4.63630743e-02 -2.09746473e-02
  4.48409002e-03 -2.01450456e-02 -3.47432084e-02  2.89859176e-02
 -6.98279403e-03  1.19743891e-01 -9.11863297e-02  5.40792383e-03
  1.06654927e-01  4.41250838e-02 -2.52616033e-02  1.14144534e-01
 -9.83777363e-03  1.02972113e-01 -4.72406335e-02 -7.37694874e-02
 -3.45740020e-02  3.35513311e-03  5.75471036e-02 -7.70670921e-02
  6.23055436e-02 -2.57886406e-02  9.50610712e-02  2.96381093e-03
 -5.29396720e-02  4.46844734e-02  3.86382677e-02 -4.02224511e-02
 -3.31839174e-02  2.90084491e-03 -8.21202248e-02 -2.06422787e-02
  6.41482994e-02  1.52889639e-02 -3.35806273e-02 -5.14663123e-02
  2.32315939e-02  6.54587671e-02 -5.23601659e-02 -4.89191376e-02
 -4.37350981e-02 -4.76367166e-03  5.21144308e-02 -4.84695248e-02
 -9.03647840e-02 -1.94702297e-02 -5.50536998e-02  1.04048522e-03
 -5.65819182e-02  1.75942685e-02 -5.55353053e-03 -8.56230874e-03
 -6.41629845e-02 -1.22326310e-04 -2.96165105e-02  1.87440831e-02
  9.72282980e-03  3.64914387e-02 -1.44480756e-02 -6.23327270e-02
  1.53597053e-02  3.76446582e-02  4.83602211e-02  4.96194921e-02
  8.65506828e-02  7.92119838e-03 -2.10826788e-02 -5.90704552e-08
  1.49353324e-02  5.00724986e-02 -2.10594069e-02  5.50414249e-02
  7.53759127e-03  1.99010540e-02  1.59820691e-02 -2.40572561e-02
 -3.77859510e-02  1.39919622e-02  9.91255417e-02 -4.11497205e-02
 -3.19854319e-02  2.47597471e-02 -2.54097264e-02  1.42352073e-03
 -1.92974638e-02 -1.37248673e-02  7.94448145e-03  2.98326463e-02
  1.86450109e-02  7.15289498e-05 -3.67950574e-02 -3.98514010e-02
 -5.74530810e-02 -3.13020684e-02  2.43901787e-03 -3.69999222e-02
 -3.07605341e-02 -3.91759127e-02 -2.94406600e-02 -2.15870421e-02
  1.71310604e-02 -1.02853961e-01  2.60823164e-02 -8.14319775e-02
 -2.09014360e-02 -2.43581310e-02 -5.84857911e-02 -6.18875399e-02
  4.98015955e-02 -6.01731278e-02 -4.61763851e-02 -2.93457862e-02
  8.63076188e-03 -2.21752897e-02  2.02282704e-03 -5.53729311e-02
  1.73316281e-02  2.18752101e-02 -1.99878048e-02  7.94088393e-02
 -7.46234925e-03 -5.50717255e-03 -2.01345310e-02  1.81722920e-02
  2.85676196e-02  3.70108299e-02 -5.09929508e-02 -3.50204222e-02
  5.03287874e-02 -4.78303432e-02 -6.92694560e-02 -9.01450142e-02]