[-2.55172718e-02  5.18682152e-02 -3.92273031e-02 -9.82571542e-02
 -6.26564845e-02  4.26755212e-02  1.07169515e-02  8.80196095e-02
  2.46243402e-02  8.13988671e-02  4.48992550e-02  1.67751496e-04
  2.29507592e-02 -4.88505000e-03  6.48454204e-03 -5.36789410e-02
  7.09619373e-02 -2.84077767e-02  5.08668795e-02  5.30560873e-02
  1.27019018e-01 -2.16241367e-02 -7.79300332e-02  2.39954609e-02
 -1.10612497e-01 -2.03798786e-02 -5.66788241e-02  1.72968283e-02
 -1.48833096e-02 -3.93766817e-03 -6.22508191e-02  1.08581670e-01
  2.16682740e-02  1.63041297e-02  1.92049984e-02  1.15655940e-02
  6.01908192e-02 -1.58242825e-02 -5.81096411e-02  3.22556868e-03
 -3.75351012e-02 -6.74101710e-02 -6.03945963e-02 -6.49759471e-02
  3.07610482e-02 -5.53937852e-02  6.79865479e-03 -2.50201501e-05
 -9.70709324e-02  1.57082733e-03 -1.56743556e-01 -6.80021420e-02
  2.35882159e-02  4.32838537e-02 -1.02020418e-02 -2.41433587e-02
  1.91778727e-02  2.32632458e-02  1.65229163e-03 -5.12938872e-02
  7.57734408e-04  3.32898051e-02 -7.30247498e-02  3.37086655e-02
  3.69836353e-02 -1.28927650e-02  1.58470087e-02 -1.75012276e-02
 -1.91807409e-03  1.63921714e-02  5.06612659e-03 -7.78642148e-02
  3.13700773e-02  7.68300320e-04 -8.17422867e-02  2.52125636e-02
 -6.86881170e-02  4.70221117e-02  2.41718870e-02 -2.10625395e-01
 -8.33299104e-03  1.74598005e-02 -4.68254760e-02 -5.35186846e-03
 -3.49549241e-02 -4.79453094e-02  1.27085496e-03  3.50227132e-02
  8.25784504e-02 -1.69185037e-03  8.99002478e-02  4.20737080e-02
  3.35499085e-03 -5.12579195e-02 -2.60371286e-02 -3.77775840e-02
 -4.96444525e-03  7.32644498e-02  1.38306066e-01 -3.41388251e-04
  8.32564905e-02  4.89663705e-02 -3.59778665e-02  4.65501919e-02
 -5.40729947e-02  2.16712784e-02 -2.96206474e-02 -7.57858753e-02
  6.15187436e-02  4.41769324e-02 -1.03868328e-01  1.22520206e-02
 -9.88084003e-02 -9.82917845e-02 -6.46842420e-02  4.32000458e-02
 -1.05680361e-01 -1.28795765e-02  7.07897998e-04  3.94280925e-02
  3.74833159e-02 -2.58940365e-02 -2.03806702e-02 -6.14769123e-02
  7.87083656e-02 -2.81950030e-02  7.60366395e-02  9.82518439e-33
  8.30206322e-04 -2.83962805e-02 -5.17694652e-02  2.27573048e-02
  6.60231849e-03  3.44432779e-02 -2.04025581e-02  4.84679602e-02
  8.07226263e-03 -6.85509900e-03 -1.12071805e-01  7.17407465e-02
  1.27076665e-02  5.02563501e-03  8.93625468e-02 -1.42495334e-02
 -7.06707034e-03  4.13078777e-02  1.00929616e-02  1.26966718e-03
  6.05855286e-02 -2.45413594e-02  5.74049447e-03 -2.74671186e-02
  3.48704495e-02  7.89194033e-02 -3.66104543e-02 -1.24697844e-02
 -2.41196062e-02  5.39979450e-02  7.91152716e-02 -4.83035184e-02
  4.67586517e-02 -2.35399846e-02 -1.87395830e-02 -5.94167365e-03
 -5.00478260e-02 -3.16879898e-02  3.15692555e-03 -2.81451903e-02
 -6.84190467e-02  4.36860183e-03  5.23687005e-02 -2.44493550e-03
  3.62037309e-03 -2.15361379e-02  1.06308665e-02 -5.19410484e-02
  1.21815942e-01  6.37828261e-02  1.48206819e-02 -3.23072635e-02
 -5.31368051e-03 -6.11051731e-02  1.74583122e-02  2.96503883e-02
 -6.29751682e-02  4.37547378e-02 -3.44419479e-02 -2.62560565e-02
  1.23809529e-02  4.96726185e-02 -3.74430157e-02  2.05148794e-02
 -3.31819355e-02 -4.18222994e-02  9.97853372e-03 -1.99053492e-02
  1.12750053e-01 -5.46199456e-02 -8.71277750e-02  1.85126886e-02
  1.34765022e-02  3.65852825e-02  6.51169382e-03 -3.39203924e-02
  2.44061481e-02 -2.31439564e-02 -7.30003715e-02 -1.07921120e-02
 -7.68857747e-02  7.69304018e-03 -3.98034491e-02  9.11554322e-03
  2.20213681e-02  4.46835570e-02  6.33773580e-02  4.54719120e-04
 -1.82997398e-02  6.52307719e-02  4.10117283e-02  8.24610330e-03
 -7.38604292e-02  7.53438473e-02  2.78247893e-02 -1.22227939e-32
 -3.62111367e-02 -1.50460964e-02 -7.97001123e-02  1.56007865e-02
 -1.78734586e-02  4.62097228e-02  4.66535315e-02  1.36885559e-02
 -3.74508873e-02 -7.67559782e-02 -6.75142482e-02 -8.20727497e-02
  9.89933535e-02  3.76089625e-02 -8.98732841e-02  2.02123802e-02
 -7.34202340e-02 -4.25986350e-02 -5.88179305e-02  2.34218221e-02
  6.44332170e-02  6.50438964e-02  2.12653074e-02 -2.68209982e-03
 -1.30942627e-03 -3.84488255e-02  2.91120782e-02 -6.33230135e-02
 -3.40915583e-02  7.00052455e-03  3.85063179e-02 -4.55021486e-02
 -8.84823650e-02  1.40120536e-01  8.06646771e-04 -4.51170094e-02
  7.94284046e-02 -4.40027341e-02 -9.80212726e-03  4.13252972e-02
  7.13752210e-02  8.42154548e-02 -1.95653364e-02 -2.16127243e-02
 -6.79577887e-02 -2.86720664e-04 -5.34054711e-02 -7.13920593e-02
  1.54572148e-02 -9.66092646e-02  6.66300729e-02 -2.95133777e-02
  2.25167163e-02 -4.67511155e-02  4.18608040e-02 -2.36656945e-02
 -5.60045764e-02 -9.37158167e-02 -7.70248100e-02  1.20746801e-02
  9.47215706e-02  3.89909893e-02 -5.18395975e-02  1.11616720e-02
  1.04134366e-01  2.10005157e-02 -2.11158972e-02  2.41033286e-02
 -1.51327560e-02 -1.29049215e-02  1.43499859e-02 -1.03984766e-01
 -9.70609710e-02 -5.70168123e-02  2.11155619e-02  4.14846325e-03
 -3.28124873e-02 -5.80491461e-02 -9.93998349e-02  3.87117155e-02
 -1.97140668e-02 -3.95797659e-03 -4.48012055e-04  3.65987271e-02
 -2.75535006e-02  5.31923696e-02 -2.94095837e-02  3.32509284e-04
  2.89594252e-02  5.28471731e-02 -7.32817799e-02  4.96335849e-02
  1.74227990e-02  4.52952348e-02 -2.19366867e-02 -6.98849618e-08
  6.26468426e-03 -5.44447564e-02  5.18997461e-02  3.70599292e-02
 -1.03777088e-02 -6.79480955e-02  3.20225162e-03 -1.84806040e-03
 -5.18125808e-03  5.66120148e-02  8.43963698e-02 -7.96704143e-02
 -1.00514106e-01  5.92118886e-04  2.15027221e-02 -2.45013144e-02
  3.56870703e-02  4.91192453e-02 -5.89037500e-02 -4.22983617e-02
  4.95627262e-02 -2.97324043e-02 -5.25841862e-02 -3.14916261e-02
  4.78729606e-02  4.52071941e-03 -5.62902801e-02 -1.07406778e-03
 -8.98015965e-03  3.00399289e-02  1.39338328e-02  7.82495365e-04
  2.54047811e-02 -1.85829923e-02 -4.40004356e-02 -4.81363479e-03
 -2.77762040e-02  9.28482190e-02  1.09792277e-02  1.78662520e-02
  6.07343279e-02 -2.52941530e-02 -3.59491929e-02  4.31527197e-02
  9.56996754e-02  4.55529243e-03 -5.47889695e-02 -2.67963228e-03
 -8.95400532e-03 -6.95920438e-02 -5.32214791e-02 -6.24916255e-02
  6.49704784e-02  4.45054024e-02 -2.34215683e-03  1.44620342e-02
  7.10567310e-02  5.95260644e-03  1.56555362e-02 -3.54741141e-02
  9.28767920e-02  8.92507061e-02  1.08688381e-02 -1.10002672e-02]