[ 4.44459394e-02 -3.01703103e-02  1.62757896e-02  4.89551686e-02
 -8.78758878e-02  1.40555240e-02 -4.75113057e-02  7.32050240e-02
 -4.11433503e-02  5.85614927e-02  6.57979846e-02 -8.68892074e-02
 -1.14699051e-01 -2.96445377e-03 -8.48915577e-02 -1.14261517e-02
 -3.50663476e-02 -5.19544147e-02 -2.51777526e-02  8.91256779e-02
  1.33655608e-01 -2.53220741e-02 -7.29683042e-02  1.49798179e-02
  1.49291586e-02 -1.04069877e-02  3.37290317e-02 -6.47300780e-02
 -3.04753520e-02  4.00910294e-03 -7.33386874e-02  4.38824110e-02
  9.95799303e-02 -1.91101003e-02  5.60439005e-03 -6.76178187e-02
  1.43011451e-01 -4.37691063e-02 -1.70523170e-02  7.19411001e-02
 -2.47052778e-02 -5.46361469e-02  1.78356897e-02  4.62878234e-04
 -1.60468929e-02 -3.21135819e-02 -2.26726662e-02  8.33300278e-02
  2.28860378e-02  2.87562348e-02 -2.17545833e-02  1.27250692e-02
 -8.63291547e-02  2.23495811e-02  2.20323825e-04 -4.66255322e-02
  1.80223454e-02 -3.65332910e-03 -3.68966046e-03  9.41888839e-02
  4.67560552e-02  6.81335926e-02 -9.37879272e-03  2.74560484e-03
  7.82059804e-02 -4.35225740e-02 -4.36964557e-02 -8.16204026e-02
 -1.17432132e-01  1.28366351e-02  1.85278055e-04 -5.00761084e-02
  2.99545191e-02  3.41783948e-02 -4.39461321e-02  6.49834201e-02
 -1.44766755e-02  6.39698133e-02  3.78350057e-02 -1.10512741e-01
 -6.66045176e-04 -5.69142923e-02 -2.62658726e-02 -9.36533362e-02
  4.05297317e-02  1.10481326e-02  5.07166013e-02  1.46564860e-02
  5.03676459e-02 -1.15899174e-02  2.19576210e-02  1.14362361e-02
 -3.80275697e-02  3.94964293e-02 -4.02833056e-03  1.20283077e-02
 -2.15575341e-02  3.97318192e-02 -2.14302894e-02 -1.96351819e-02
  4.52765562e-02  2.83970609e-02  4.77779843e-03  7.07204826e-03
 -8.23961571e-02  6.84038922e-02  4.26469464e-03 -3.18717882e-02
  4.24306542e-02  4.68476042e-02 -5.13807684e-02 -6.72692284e-02
 -9.51533020e-02 -1.71324406e-02 -8.99802446e-02 -2.37363875e-02
  9.57489014e-03 -1.06174551e-01  2.32278798e-02 -2.17200238e-02
  4.18914258e-02 -4.13406081e-02 -3.31502669e-02 -3.83429378e-02
 -9.40047018e-03 -3.66119295e-02  6.89070597e-02  1.16349821e-32
 -3.86967361e-02 -5.18052056e-02  1.60369258e-02  4.09992971e-02
 -4.36058231e-02  3.38986069e-02 -6.35426939e-02 -3.64216813e-03
 -2.93182954e-02  1.90236745e-03 -6.91727996e-02  4.30138111e-02
 -1.06228730e-02 -1.32337855e-02  1.07467502e-01  3.44393924e-02
  1.97440553e-02  6.60697222e-02  3.30674425e-02 -1.83325317e-02
  1.86522547e-02 -5.14865667e-02 -2.00371630e-02 -8.96371435e-04
  1.77233461e-02  1.18110523e-01 -7.83648193e-02 -8.98437351e-02
 -4.10079807e-02  3.07051167e-02 -1.43451467e-02  2.95044165e-02
  3.06892395e-02 -6.01835139e-02 -9.52506289e-02  5.67204505e-03
  5.42875715e-02 -5.69484243e-03 -4.79874387e-02  3.91181298e-02
  1.63304862e-02  2.16448121e-02  9.11164880e-02  3.53269614e-02
  3.67211886e-02 -6.01412468e-02  1.07438065e-01 -1.80644598e-02
  1.34409964e-01  3.03088445e-02 -7.12829456e-02 -8.50432590e-02
 -6.49287328e-02 -4.28300500e-02  7.76322857e-02 -1.36233186e-02
 -9.21365619e-02  8.95976946e-02 -1.03648985e-03 -5.60743921e-02
  7.70613644e-03  1.64594203e-02  2.00502314e-02 -7.78500130e-03
 -2.49582138e-02  7.64826918e-03  2.68024020e-02  9.47926119e-02
  7.48546198e-02 -3.65728792e-03 -7.55001754e-02 -3.47958356e-02
 -2.22260635e-02  3.44031230e-02 -7.52141699e-03 -5.64588327e-03
  1.33058921e-01  1.01498617e-02  1.15501694e-02  6.16466142e-02
 -3.04046273e-02  1.60247851e-02 -1.50576734e-03 -3.09597491e-03
  5.82507178e-02  9.83888954e-02  8.39251839e-03  8.43073949e-02
  2.63487883e-02  8.83735567e-02  6.54270053e-02  3.22719291e-02
 -4.54899967e-02 -9.96631291e-03  2.35558413e-02 -1.23088107e-32
 -1.01337899e-02  2.02512722e-02 -1.54607892e-02 -1.29537610e-02
 -6.98044151e-02 -5.08588552e-02 -3.56377363e-02  1.46082684e-01
 -3.04608531e-02 -1.26785815e-01 -4.69537675e-02 -9.18909386e-02
  1.25545859e-01 -2.08496302e-02 -3.03479489e-02 -1.33392205e-02
 -8.53951462e-03 -1.15374610e-01 -9.54741798e-03 -1.01248408e-03
 -9.68864933e-03 -1.90164745e-02 -2.30545811e-02 -1.46989682e-04
 -2.27438426e-03 -2.93093994e-02 -1.45658012e-02 -4.77721766e-02
 -6.04363717e-02 -7.75108114e-02 -3.51139694e-03 -3.32196355e-02
  1.32468287e-02  5.85583188e-02 -6.90945685e-02 -3.84462439e-02
  6.12802804e-02  2.78197341e-02  1.91293303e-02  1.06616795e-01
  1.84355155e-02  7.52576664e-02  1.60302836e-02  4.15606005e-03
 -3.61972675e-02 -1.03473458e-02  2.15924215e-02 -7.26242885e-02
  1.91474669e-02 -6.46420866e-02  1.24977894e-01 -4.06203419e-02
 -9.72845927e-02  2.34848680e-03  4.25813049e-02 -4.93145846e-02
 -4.20329580e-03  1.15058814e-04 -7.87578672e-02  1.70038000e-03
  3.23461033e-02  1.04988948e-01 -2.21297890e-02 -2.93982755e-02
  5.06492779e-02  6.25164956e-02 -1.06326327e-01  4.25403081e-02
  2.16970332e-02  7.96465669e-03  1.05386138e-01 -1.07582562e-01
 -7.32674450e-02  3.30888890e-02 -1.00787440e-02 -5.11237085e-02
 -3.88131477e-03  5.77063374e-02  1.04706995e-01  5.85526340e-02
 -3.15858237e-02 -4.74927342e-03 -8.93417571e-04 -4.16288376e-02
 -1.35890767e-02 -4.55941856e-02  4.95197587e-02 -2.97953188e-02
  5.36891958e-03  4.53207493e-02 -7.57432580e-02 -6.79431949e-03
 -8.73635113e-02 -7.49773309e-02 -1.56066576e-02 -5.75071688e-08
  6.60121292e-02  1.51352016e-02  3.97738107e-02  2.65758252e-03
  2.47352533e-02  1.45458104e-02  4.15125443e-03  4.00648974e-02
  1.98644847e-02  9.74232405e-02  2.08907109e-02 -2.67503727e-02
 -4.89927456e-03 -1.39934933e-02 -1.01378076e-02 -2.74461880e-02
 -2.23649535e-02  8.08343962e-02 -1.85250193e-02 -1.91481356e-02
 -8.95510893e-03  2.05994514e-03 -2.62321029e-02 -4.99656983e-02
 -1.09186128e-03 -4.46751900e-03 -3.25193368e-02  3.05887945e-02
 -4.63566855e-02 -2.21869815e-02 -7.42192427e-03 -7.01162789e-04
 -2.91684661e-02 -4.35001627e-02 -2.86564697e-02  7.23582972e-03
 -1.65112857e-02  6.48744870e-03 -6.00797869e-02 -5.59713766e-02
  8.46271589e-02 -5.52184992e-02 -6.51713312e-02 -3.22984979e-02
  5.55147976e-02  6.66769483e-05 -5.31440377e-02  1.62507184e-02
 -1.92323327e-02 -1.51410354e-02 -5.13828583e-02 -1.42780244e-02
 -6.76181819e-03  3.74593213e-03 -1.67270843e-02 -4.00005057e-02
  3.18441242e-02  1.44798774e-03 -6.07568659e-02  9.53645073e-03
  2.33953688e-02  1.86681133e-02  1.26631511e-02  4.51095700e-02]