[-4.89383824e-02 -2.10306179e-02 -9.74290520e-02 -8.57455134e-02
 -8.07396397e-02 -2.66217925e-02  8.38399585e-03  6.21166341e-02
  5.95669001e-02  8.20045024e-02  6.22907355e-02 -1.51089653e-02
  1.94897372e-02  2.39219759e-02  3.73447798e-02 -1.37028560e-01
  3.75329182e-02 -1.76233761e-02  2.52317525e-02  3.90952900e-02
  1.39946237e-01 -2.69308146e-02 -1.45796863e-02  5.24630398e-02
 -9.09610242e-02 -4.30274978e-02 -4.99126613e-02 -1.73109714e-02
 -1.06473431e-01 -2.73127742e-02 -4.03235070e-02  3.12792957e-02
  1.40260562e-01 -5.20608723e-02 -4.02673930e-02  7.51766860e-02
  4.83048148e-02 -7.39522129e-02 -8.14187527e-02  9.37732458e-02
 -1.36377379e-01  3.61863011e-03 -2.88676526e-02 -2.93554347e-02
  3.55063528e-02  2.37829424e-02 -1.69785060e-02 -4.41496968e-02
 -1.87682286e-02  1.15301860e-02 -5.15519641e-02 -3.61184366e-02
  1.37008284e-03  4.24321927e-02  2.15339474e-02 -5.52700795e-02
  2.17138091e-03 -1.46417401e-03 -9.95837711e-03  4.53099124e-02
 -4.07065414e-02  4.46001552e-02  6.99349539e-03  6.73063751e-03
  5.41276745e-02 -1.43782166e-03 -6.21200427e-02 -4.84173447e-02
 -1.86586287e-02  3.74138504e-02 -1.59700979e-02 -9.26265866e-02
  1.47640472e-02 -5.27531747e-03 -4.94222715e-02  5.97486719e-02
  3.79898995e-02  2.10840758e-02 -1.58777684e-02 -1.72972322e-01
 -1.19127743e-02  1.85837882e-04  3.84265184e-02  7.82421827e-02
  3.87244369e-03 -4.40118508e-03 -3.64277363e-02  2.27608755e-02
  5.43160886e-02  1.91253349e-02  3.85769866e-02  5.31163290e-02
 -7.75222480e-02 -3.52699645e-02 -2.61146706e-02  1.25770736e-02
 -3.74033824e-02 -6.88032480e-03  2.18989775e-02  2.11982452e-03
  3.98699455e-02  2.21078214e-03  5.00468537e-02  1.62577331e-02
 -3.31534818e-02  5.51906973e-02  1.25228823e-03 -9.13813151e-03
 -2.68266778e-02  1.17873915e-01 -1.08037010e-01 -6.28394401e-03
 -1.21563755e-01 -7.25116730e-02 -7.08938316e-02 -3.35125042e-05
 -4.89214659e-02 -4.51825298e-02  6.48853853e-02 -9.88870114e-03
  6.47324249e-02 -1.67890284e-02  4.71258499e-02 -8.57830048e-02
  9.05906782e-02 -3.45605873e-02  8.05374533e-02  1.07409613e-32
 -9.74240676e-02  1.00548416e-02 -5.27480850e-03  5.34127578e-02
 -2.99700890e-02  4.49697599e-02 -1.10797388e-02  5.37068136e-02
  6.39919415e-02 -1.38845630e-02 -9.90840048e-03  1.07994631e-01
  4.14337888e-02 -5.54001108e-02  6.27864227e-02 -2.89896149e-02
 -2.47055362e-03  7.60876527e-03 -2.86823753e-02 -1.64792538e-02
 -4.57479199e-03 -3.49358767e-02  3.27930786e-02 -1.84900779e-02
  4.86628637e-02  2.64257304e-02 -4.33680378e-02 -3.66373174e-02
 -3.63351218e-03  7.12641794e-03  1.25773281e-01 -1.51491612e-02
  7.55604496e-03 -5.21896072e-02 -6.80267811e-02  1.09648425e-02
 -2.97621619e-02  1.29115232e-03 -8.12638178e-02  3.55807170e-02
 -2.04227604e-02 -2.89437640e-02  4.83205430e-02  4.17348891e-02
 -2.32658684e-02 -2.50402396e-03  3.40264514e-02 -2.92085651e-02
  6.61638975e-02  3.23035382e-02  2.70084455e-03 -1.34481285e-02
  2.73428555e-03 -2.46964581e-02  1.67039093e-02  2.45383866e-02
  2.34975126e-02 -1.64327340e-03 -3.13815027e-02 -8.48558396e-02
 -2.83569526e-02 -6.50064349e-02  2.45134942e-02  1.22306040e-02
  5.27433632e-03 -7.99516737e-02  5.74221276e-03  1.07217776e-02
  1.47837058e-01 -1.53695513e-02 -9.64915156e-02  3.99929378e-03
 -2.92293318e-02  8.95492509e-02 -6.10774606e-02  1.71340220e-02
 -4.88662627e-03  1.96334217e-02 -6.51777536e-02 -2.28688568e-02
 -4.78096865e-02 -3.12509388e-02  1.73894446e-02  4.78919223e-03
  1.06449671e-01  3.48400623e-02  3.84442843e-02 -2.21010018e-02
 -1.33710792e-02  9.11536217e-02  7.18485890e-03  9.47945267e-02
 -5.35775609e-02  8.96527767e-02  1.49159683e-02 -1.16355133e-32
  2.23635137e-02  4.79258858e-02 -3.87348011e-02  4.23743539e-02
 -6.41084742e-03  1.91146880e-02  2.90136263e-02  1.56952254e-03
 -6.04616851e-03 -6.95866197e-02 -2.47426052e-02 -8.93420056e-02
  1.17679210e-02 -1.77902810e-03 -2.26097349e-02  8.99265427e-03
 -9.00691673e-02 -3.01443469e-02 -6.93463534e-02  2.68260241e-02
 -6.72011811e-04  6.31801412e-02 -1.85095780e-02  9.38309543e-03
 -4.83493768e-02 -7.12079753e-04 -5.28787635e-02 -2.49131266e-02
 -6.67498037e-02 -4.96799648e-02  5.00948960e-03 -7.22321570e-02
 -9.95070580e-03  1.08381964e-01  4.48132539e-03 -2.54629739e-02
  8.33633635e-03  1.19538028e-02 -5.10288626e-02  1.44417688e-01
  1.37231722e-01  9.22666416e-02 -4.93493723e-03 -2.45414246e-02
 -7.44319707e-02 -2.40378678e-02 -1.63186286e-02 -6.00402988e-02
 -1.81876542e-03  1.71245746e-02  4.69084792e-02 -1.07481211e-01
 -2.40022168e-02 -5.16475253e-02  7.50038400e-02  7.17791915e-03
  2.09924132e-02 -1.40964270e-01 -1.00697689e-01  1.80771798e-02
  1.22482851e-01  3.66074517e-02 -3.05010043e-02  5.78936609e-03
  6.57240450e-02 -1.10397944e-02 -2.89851688e-02  6.53842166e-02
  3.46427783e-02  1.88494101e-02 -1.90594438e-02 -7.98646063e-02
 -3.20507237e-03 -4.60080728e-02 -2.88761016e-02 -7.35589638e-02
 -3.70152406e-02 -3.71002429e-03 -2.38010325e-02 -1.25642316e-02
 -3.31920832e-02 -2.53044022e-03 -1.71730889e-03  1.53436922e-02
 -5.70805594e-02  2.05769110e-02  1.86206866e-03  2.53317542e-02
  1.37609541e-02 -1.93229448e-02 -3.29908319e-02  7.53173828e-02
  1.50572220e-02  8.45866874e-02 -3.39207128e-02 -6.26901624e-08
 -3.72184664e-02  3.97037826e-02  7.32539594e-02  5.14076510e-03
  4.12141047e-02 -7.14162737e-02  4.00866494e-02  1.17049674e-02
 -1.70999467e-02  6.71218708e-02  1.35638565e-02 -5.30346744e-02
 -2.70519741e-02 -1.93742607e-02  7.82244205e-02 -3.97629384e-03
  4.67703044e-02  3.86206433e-02 -5.92920408e-02 -7.61028007e-02
  5.69570027e-02 -4.15562093e-02 -6.22638687e-02 -6.49462920e-03
  5.22816591e-02 -8.06303881e-03 -9.33072567e-02  4.98343185e-02
 -4.79190759e-02  2.98111867e-02 -6.26722164e-03 -8.29765946e-03
  7.38267601e-02 -7.73444995e-02 -2.28325576e-02 -9.02480632e-03
 -2.93490803e-03 -1.47143360e-02  1.43248765e-02  4.71398979e-02
  8.06029662e-02  2.74436548e-02 -3.85412648e-02  2.96015535e-02
  1.04089864e-02  9.13849287e-03 -6.16225153e-02  7.34465867e-02
 -2.24980153e-02 -8.54853541e-02 -6.73379377e-02 -1.01491325e-02
  6.76911399e-02  4.72227186e-02  1.05478391e-02  8.95933527e-03
  1.97758451e-02  3.84614989e-02 -1.86608341e-02  1.65413301e-02
  2.84971241e-02  3.08822971e-02 -1.77679583e-02 -2.88657323e-02]