[-3.49994339e-02 -6.01969473e-02 -9.69960317e-02 -6.69147521e-02
 -2.03024577e-02 -5.91893727e-03  6.59561306e-02  1.27127394e-01
 -2.59513464e-02  3.56790349e-02  2.23329943e-02 -4.96967435e-02
  2.87623573e-02  8.60976463e-04 -5.06567303e-03 -4.09286134e-02
  2.31057238e-02  6.08299524e-02 -8.42190683e-02 -6.20210432e-02
  1.62507713e-01 -4.71505113e-02 -1.79133769e-02  1.10217547e-02
  2.63418313e-02  8.97385702e-02 -3.87513041e-02  2.46484671e-02
  2.25106790e-03 -3.56452018e-02 -1.94594394e-02  6.06573485e-02
  9.37751010e-02 -9.20127109e-02  1.37457727e-02 -1.47405535e-03
 -5.57608642e-02 -7.27673396e-02  3.73869482e-03  4.78349663e-02
 -5.19531891e-02  1.60840340e-02  9.88122076e-03 -3.61721478e-02
 -5.11447079e-02 -8.58469233e-02 -5.67273833e-02  2.56105978e-02
  4.68637645e-02 -4.38184068e-02 -3.61950845e-02  1.05353780e-01
  1.40180690e-02  3.81165147e-02 -2.50069816e-02 -1.00180030e-01
 -5.71233630e-02 -2.10659741e-03 -1.19576715e-02 -3.16249243e-05
  1.58066079e-02  1.82607006e-02 -3.59918028e-02 -4.19770181e-02
  5.59393838e-02  4.46094088e-02 -3.13359834e-02 -1.30520657e-01
 -1.36085786e-02  6.39397800e-02 -1.43226748e-02  5.25075831e-02
 -1.61082447e-02  2.96435393e-02 -6.48549646e-02  6.10231720e-02
  7.05401972e-02 -2.18115244e-02 -3.94101404e-02 -8.48475769e-02
  2.79799514e-02  4.16592844e-02  4.24821042e-02 -7.61973858e-03
  6.26148330e-03  1.00443494e-02 -3.74386646e-02  8.77929404e-02
  1.60728917e-02  1.99886095e-02  9.13750455e-02  9.03626680e-02
 -6.91263825e-02 -1.92961078e-02 -5.11345901e-02  2.75511257e-02
  1.09178675e-02  2.47285608e-02  4.55339104e-02  1.79123152e-02
  6.46651164e-02  2.32556928e-02 -2.32306048e-02 -3.70745398e-02
 -8.93742815e-02 -2.35915352e-02  1.60817858e-02  7.05948249e-02
 -5.90522541e-03  5.62962107e-02 -9.05497596e-02 -6.80686068e-03
 -2.42523123e-02  6.15634024e-03 -9.69203338e-02  6.68198476e-03
 -2.27452666e-02 -4.57679778e-02 -1.16723683e-02  8.28693993e-03
  1.31063936e-02 -2.47451831e-02  1.13704480e-01  1.48705253e-02
  6.56957999e-02 -7.70678595e-02 -5.23871221e-02  1.39815252e-32
  2.56217737e-03  3.83047014e-02 -5.05039841e-03 -3.70036848e-02
 -1.08690411e-02  3.15269232e-02 -6.94706365e-02  6.50613084e-02
  1.06095085e-02  2.68008746e-02 -8.29068497e-02  8.85225534e-02
  1.83683299e-02 -4.74051712e-03  9.97593626e-02 -4.75057140e-02
 -3.32179926e-02 -5.99073470e-02  5.00677479e-03 -4.97056879e-02
 -1.83902495e-02  1.47940898e-02  4.09105085e-02  5.81923872e-02
  1.47290127e-02  8.99114981e-02  2.15244386e-02  1.10518495e-02
 -6.92882761e-02  7.57855698e-02  3.48409303e-02  1.21165048e-02
 -1.26242220e-01 -2.75344253e-02 -1.62727330e-02 -4.94989306e-02
  4.22789566e-02 -4.07824405e-02 -5.14469072e-02  6.67778924e-02
 -5.55800647e-03  5.04066311e-02  8.72987658e-02  1.96205657e-02
  7.27715855e-03 -3.97734046e-02  5.02459966e-02  9.33354199e-02
  8.87551308e-02  8.31902251e-02 -6.08676150e-02 -5.20348037e-03
  1.03537463e-01 -5.15380651e-02 -5.00145275e-03  3.66448867e-03
 -6.45800605e-02  7.73066655e-02  2.47038668e-03  2.47481391e-02
 -8.31662044e-02  8.11050367e-03 -3.36134396e-02 -7.67089333e-03
 -8.00269023e-02  6.20131902e-02 -8.32453668e-02 -5.38996533e-02
  1.21425733e-01  8.16969573e-03 -5.17001078e-02 -5.02751162e-03
 -3.36369919e-03  4.35237922e-02  1.34651514e-03 -8.55657924e-03
  6.50885403e-02 -2.93169264e-02 -2.36696694e-02  4.51743882e-03
 -6.42873645e-02  4.13305573e-02  5.31665701e-03 -2.32271552e-02
  2.08817013e-02  2.06172164e-03  2.57397853e-02  2.63173692e-02
 -4.02431935e-02 -1.20691946e-02  3.37921232e-02 -1.41239185e-02
  9.33173299e-03 -1.59443598e-02 -3.35524753e-02 -1.34883907e-32
  3.51447682e-03  7.28257075e-02 -2.26283316e-02  5.48436083e-02
  5.64017408e-02  1.40997013e-02  2.96625085e-02 -7.86415767e-03
  4.48994748e-02 -1.06362417e-01  5.66188358e-02 -2.32787468e-02
  4.24980335e-02 -1.52308717e-02 -1.00622689e-02  6.40121382e-03
 -7.88423568e-02  4.39431965e-02 -3.59010324e-02 -2.24232059e-02
  1.36336684e-02  1.02252878e-01  2.51115002e-02  3.22519126e-03
 -8.36540572e-03 -9.62291379e-03 -8.90236720e-02 -1.28968097e-02
  1.19893532e-02  4.33633924e-02  8.68070349e-02  4.95578982e-02
 -2.52929255e-02  4.44539525e-02 -3.32603939e-02 -3.33180763e-02
  6.68275580e-02 -1.04751280e-02 -1.22067006e-02  1.17125191e-01
  3.28696854e-02  4.68959436e-02  3.27171385e-02 -2.88199931e-02
  1.72176457e-03 -2.80275289e-02  3.35253812e-02 -1.16187140e-01
  1.75119676e-02 -3.14272046e-02  8.27579051e-02 -5.88088259e-02
 -5.86806461e-02  5.65525293e-02  9.79163125e-02 -9.79774445e-03
 -4.16625962e-02 -3.05966530e-02 -1.15915097e-01 -7.97711127e-03
 -1.97607023e-03  6.81691542e-02  4.64165471e-02 -4.72890995e-02
  1.03346601e-01 -3.26889269e-02  3.33763957e-02  1.13408230e-02
  4.35091890e-02  2.22549378e-03  3.94183286e-02 -7.36475587e-02
  6.64939778e-03 -4.07696478e-02  3.98413911e-02 -2.50997450e-02
 -5.75296991e-02  6.77378029e-02  1.73440594e-02  3.27756093e-03
 -2.45493259e-02  2.21042894e-02 -9.46988445e-03 -4.22791839e-02
 -3.36276293e-02  5.13768289e-03 -2.96528963e-03  2.81013269e-02
 -1.75441860e-03 -1.97667163e-03 -3.54276411e-02  4.27374057e-02
  1.09917909e-01  4.50217910e-02  2.98456401e-02 -5.58061082e-08
  2.49951761e-02 -3.35532357e-04 -3.28568034e-02  5.95394000e-02
  1.15529997e-02  2.65913550e-02 -5.99001609e-02 -4.87719998e-02
 -1.49673726e-02 -8.18774756e-03  9.12173614e-02 -1.35632383e-03
 -7.09190667e-02  1.72349848e-02 -7.91242998e-03 -7.44222477e-02
  4.12313789e-02  1.08772956e-01 -3.83526273e-02 -6.76859869e-03
  3.29448394e-02 -6.83300756e-03 -2.99178576e-03 -6.32414371e-02
  3.69595201e-03 -4.57754545e-02 -8.61651525e-02 -9.33223441e-02
 -3.32753197e-03  5.83102889e-02 -6.42696917e-02 -2.60194726e-02
  2.47584097e-02 -1.04047894e-01 -6.18003756e-02 -3.86462011e-03
 -2.44018938e-02  3.44807841e-02 -3.10599357e-02  6.02045171e-02
  7.48199970e-02 -6.36556670e-02 -1.35121301e-01 -2.33093696e-03
  7.29154721e-02 -5.57584539e-02 -6.36768267e-02  1.94766913e-02
 -4.54753675e-02 -9.04946029e-02 -6.47509396e-02 -8.89666192e-03
 -6.20165542e-02 -4.21726741e-02  5.35567990e-03 -1.56778619e-02
 -4.37108874e-02  1.78319588e-02 -8.19177553e-03 -4.20378260e-02
  7.12201092e-03  1.24086766e-02 -5.41153736e-02 -9.52908769e-02]