[-2.41278261e-02  4.63132560e-02 -5.76730445e-02 -6.54864758e-02
 -3.33481692e-02  3.58691663e-02  2.11430117e-02  1.40675142e-01
 -4.38894443e-02  3.53053920e-02  4.77912165e-02 -3.56809683e-02
  2.74448749e-03  2.69828551e-02  6.67303707e-03  2.35637203e-02
 -1.53742423e-02  3.72211076e-02  4.92470376e-02  8.26777890e-02
  9.15897861e-02 -7.49984011e-02 -8.93476829e-02  8.24361667e-02
 -8.88347179e-02  6.55624717e-02 -7.01672211e-03  3.53585780e-02
 -3.57207842e-02 -6.41942993e-02 -5.23115359e-02  4.50596213e-02
  3.68332937e-02 -2.95768511e-02  5.86990975e-02 -4.01416235e-02
 -7.50187831e-03 -3.31684351e-02 -2.00322531e-02  5.69739863e-02
 -4.98228967e-02  1.81282237e-02 -9.49658751e-02 -1.47405535e-03
  4.07023579e-02 -1.42642502e-02  8.57695416e-02  6.89917058e-02
  7.64718233e-03 -5.84384352e-02 -1.15641586e-01 -2.40316875e-02
 -5.61469188e-03 -8.57941061e-02 -3.33924033e-02 -1.90411089e-03
 -1.08107412e-02 -6.94202632e-02  5.91351837e-02 -3.81425805e-02
  6.26153499e-02 -4.02019694e-02 -4.23336141e-02  2.81738844e-02
  8.90833419e-03 -2.48920755e-03  9.00961366e-03 -4.98838238e-02
 -3.46061774e-02  2.44683940e-02  1.24701068e-01 -1.06515028e-01
  1.89926068e-03  1.08390413e-02 -5.87237440e-02  1.15267739e-01
  1.25789586e-02  1.65107884e-02 -4.18782383e-02 -8.75860453e-02
  8.59128311e-02 -6.91062808e-02 -3.28984596e-02 -5.06664999e-02
  5.64128123e-02  1.11200539e-02  2.17080396e-03 -1.74462907e-02
  4.63746786e-02  9.58372932e-03 -1.53999440e-02  5.34067601e-02
 -3.33804861e-02 -5.54660894e-02  6.92732458e-04  9.79491416e-03
  2.48837061e-02 -3.81291434e-02  8.23013410e-02  3.15469168e-02
  1.01329982e-01  1.63445771e-02 -1.85301397e-02  5.56691960e-02
 -4.05183397e-02  3.30340266e-02  2.96180844e-02 -1.71791464e-02
  1.23605588e-02  5.84109500e-02 -6.62535131e-02 -2.95511335e-02
 -6.86271638e-02 -3.30008343e-02 -1.02692351e-01 -2.07611173e-02
 -4.97883111e-02 -4.74025449e-03  3.16654779e-02  8.06379765e-02
  2.81733070e-02 -6.62838817e-02 -1.48427226e-02 -1.11017060e-02
  7.00092763e-02  2.84810904e-02  6.01748517e-03  1.17480110e-32
 -3.14530842e-02 -1.55082494e-02 -3.09613477e-02 -1.23472267e-03
  7.37990960e-02 -8.10602866e-03 -8.22650269e-02 -7.06559652e-03
 -4.10652272e-02 -3.11039612e-02 -1.01500541e-01  2.84321867e-02
 -2.87150126e-02  6.12475239e-02  4.80120927e-02  3.75452973e-02
  3.13726962e-02 -8.92735571e-02 -2.75835749e-02 -6.69552684e-02
 -4.52620722e-02  4.80047762e-02  6.59335256e-02  1.23339500e-02
  2.08971761e-02  1.46784812e-01 -1.38732689e-02 -5.89890145e-02
 -8.02225769e-02  6.15829229e-02 -2.27089394e-02 -1.06241065e-03
 -3.11493222e-02  4.06985395e-02 -2.34102495e-02 -3.20475139e-02
  5.02493372e-03 -6.01422749e-02 -2.48612538e-02  3.20747606e-02
  9.79471952e-03 -3.57820746e-03 -4.22339663e-02  1.80871245e-02
  1.74208432e-02 -2.18119398e-02  4.51016650e-02  1.17335087e-02
  8.27879980e-02 -1.22069092e-02 -2.13332046e-02 -4.93445024e-02
 -4.61572967e-02 -1.79818776e-02  2.72259191e-02 -1.50470668e-02
 -8.72201174e-02  3.46943252e-02 -3.19233872e-02 -5.71928173e-02
 -2.44712532e-02  3.91417630e-02 -2.79771443e-02  3.00395954e-02
  7.43110897e-03  5.28579839e-02 -1.00221811e-02  5.16480729e-02
  1.05653897e-01  2.08544489e-02 -4.47338074e-02 -4.95701768e-02
  1.68910567e-02  3.36867347e-02 -2.40498185e-02  3.90950926e-02
  2.48388872e-02  3.09890918e-02 -1.15213268e-01  1.12610616e-01
 -8.35601538e-02  4.81523722e-02 -5.85621176e-03  4.98016924e-03
  6.87978640e-02  4.29272885e-03  7.85813034e-02  6.05135299e-02
 -3.72451541e-05  5.50853536e-02  3.91380377e-02  4.50802334e-02
  3.90131883e-02  1.31155327e-02  1.86304469e-03 -1.23942317e-32
 -7.68426210e-02  1.73370745e-02  2.15349048e-02  3.95450518e-02
 -3.52125354e-02 -2.22809091e-02 -9.41188708e-02 -1.43565433e-02
 -3.73064876e-02 -1.29358187e-01 -4.36393246e-02 -7.55333006e-02
  7.24519268e-02 -8.86831582e-02 -4.70535420e-02  6.42490685e-02
 -2.98333038e-02 -5.31319752e-02 -1.27512127e-01 -5.33875413e-02
  4.86758240e-02  7.05596432e-02  5.48754521e-02 -3.18690878e-03
  4.81361104e-03 -5.84350936e-02  3.48054953e-02 -3.63038070e-02
 -3.28503512e-02  3.61581631e-02 -9.61707160e-03  3.57888341e-02
  2.07321942e-02  9.05820355e-02 -2.10122857e-02  8.78373608e-02
 -3.42737156e-04  4.52761725e-02  2.30917949e-02  1.39213577e-01
  1.05593437e-02  4.38892543e-02  7.05518648e-02 -5.76494038e-02
  1.53154403e-03 -2.43473854e-02 -2.46131998e-02 -1.11542940e-01
  2.21557505e-02 -4.31671068e-02  9.48290899e-02 -2.52264794e-02
 -4.60605249e-02 -2.69762203e-02  4.20053303e-02 -6.46691322e-02
 -3.44927125e-02 -2.47348789e-02 -6.34176582e-02  1.53874699e-02
  1.15967751e-01  1.41824810e-02 -7.28740543e-02 -5.03362492e-02
  6.04336038e-02  6.46044500e-03 -3.29789519e-02 -1.86466407e-02
 -2.88129598e-02  6.09025732e-02  4.68494594e-02 -9.99435317e-04
 -6.98982924e-02  6.61689565e-02 -4.60635610e-02 -7.94743095e-03
 -1.01042852e-01  1.17227204e-01  1.22196358e-02  9.44401976e-03
 -5.41800000e-02 -3.85364220e-02 -1.88597701e-02  5.63753955e-02
  3.30166072e-02  5.23400195e-02 -4.97336835e-02 -2.03878582e-02
  5.46949282e-02 -4.24019806e-03  8.36094171e-02  5.26094735e-02
  3.47211361e-02  3.61522920e-02 -2.83613168e-02 -6.21210461e-08
  1.06054530e-01 -8.07315186e-02  1.16501087e-02 -8.77093116e-04
  4.17795517e-02 -1.58620849e-02 -1.49617600e-03 -6.39331192e-02
 -4.43067914e-03  3.02585941e-02  6.73079118e-02 -4.42416817e-02
 -2.32598595e-02  6.06232546e-02 -3.62165682e-02 -1.18713649e-02
  2.27689743e-02  1.00281596e-01 -1.44300098e-02 -5.27348742e-02
 -7.40857271e-04 -2.69350712e-03 -4.72643524e-02 -2.21645720e-02
 -3.32202390e-02 -7.75047839e-02 -5.63782305e-02 -5.36903478e-02
 -1.22367998e-03 -1.93496626e-02 -4.98164967e-02 -3.29649560e-02
  1.86616387e-02 -6.09767810e-02 -2.64962465e-02 -3.46255079e-02
  2.30880380e-02 -3.68452072e-03 -7.34966323e-02  1.27984975e-02
  1.33885533e-01 -1.72156072e-03 -5.56157865e-02  1.12536596e-02
 -4.09209915e-03 -1.06950076e-02  2.68536378e-02 -2.22377758e-02
 -3.60233486e-02  3.16681750e-02 -5.59356296e-03  1.58076342e-02
  2.17062142e-02  4.26292457e-02 -5.06248288e-02 -2.60651088e-03
  3.23658586e-02  3.95749928e-03 -7.28006586e-02 -5.66542149e-02
  2.79382002e-02  2.56438311e-02 -4.45946977e-02 -6.47541732e-02]