[-7.02099651e-02 -8.40302208e-04 -4.43825945e-02 -9.36736986e-02
 -3.69914956e-02 -2.14035306e-02  4.86530475e-02  1.37354925e-01
 -2.25861575e-02  5.24169169e-02  6.21937402e-02 -1.60115808e-02
  1.22857383e-02  3.81849930e-02  7.86073599e-03 -7.48152286e-02
 -1.98627263e-02 -8.15904513e-02 -3.70927677e-02  2.67470367e-02
  1.15626037e-01 -2.27970146e-02 -2.93373261e-02  8.72745086e-03
  9.36868042e-03 -8.76830295e-02 -1.60985626e-02  3.37989405e-02
 -3.80913168e-02 -3.13189961e-02 -5.79992570e-02  7.13935122e-02
  7.87865892e-02  2.51264423e-02  1.09486515e-03 -6.39417814e-03
  8.09232742e-02 -4.27253954e-02 -1.04567900e-01  4.87812702e-03
 -8.98357257e-02 -1.51400464e-02 -8.49400610e-02 -3.92024685e-03
 -5.64017706e-03 -1.38025517e-02 -2.35641655e-03 -3.48637737e-02
 -8.60602930e-02 -9.78626311e-03 -5.59790283e-02 -1.86930429e-02
 -2.96924897e-02  4.89309803e-02 -5.86753003e-02 -2.46449355e-02
  2.17749402e-02  5.39642610e-02  1.66657958e-02  7.45115876e-02
  5.88720590e-02 -3.05752568e-02 -2.08455585e-02  4.21651080e-02
  8.80892575e-03  2.82108262e-02 -2.32192207e-04 -7.89137930e-02
 -2.66039558e-02 -2.85171717e-02 -5.19389138e-02 -7.11525083e-02
  3.52433976e-03  4.97774445e-02 -2.53641196e-02  1.04734167e-01
  8.06477517e-02  3.52653898e-02  2.16184407e-02 -1.24035023e-01
  8.46023485e-03  1.85553376e-02 -5.52878827e-02 -3.55056226e-02
  5.79199009e-02 -1.01063484e-02 -7.94066563e-02  5.38799260e-03
  2.46789642e-02 -2.46081483e-02 -3.41068138e-03  6.97152019e-02
 -2.35571042e-02  1.93353705e-02  2.13915706e-02 -3.22965309e-02
  1.76690817e-02 -7.72074237e-02  1.03073963e-03 -8.66472535e-03
  4.44074580e-03 -3.52457128e-02  5.22712097e-02  7.23012164e-02
 -5.87151870e-02 -2.07625702e-02 -4.37969156e-03 -3.65442671e-02
  6.08372455e-03 -2.15741377e-02 -4.83961515e-02 -1.32123297e-02
 -5.67905009e-02 -1.18029147e-01 -8.37212428e-02  6.43245354e-02
 -6.07236885e-02  6.31929701e-03  1.18214414e-01 -7.82247540e-03
 -1.18424855e-02 -7.79438689e-02 -1.32641317e-02 -1.23757645e-01
  4.90964763e-02 -1.49804528e-03  6.83500990e-02  1.16331674e-32
 -2.27460894e-03  5.61559722e-02 -6.71313182e-02  9.75467488e-02
  3.84334065e-02  8.61845389e-02  1.98792368e-02  3.22660580e-02
  3.18047851e-02 -2.76914760e-02 -6.52561784e-02  4.19230796e-02
 -1.73152797e-02 -6.94025531e-02  1.53625146e-01 -4.53518704e-02
 -3.93184042e-03  2.79966090e-02 -3.33446115e-02  5.24683809e-03
 -2.68110596e-02 -2.59321388e-02  2.18992271e-02 -2.09089965e-02
  1.15296669e-01  5.50491996e-02 -2.19380185e-02  1.25087788e-02
 -1.11191627e-03  1.73004866e-02  2.59757172e-02 -7.57141458e-03
 -3.15567069e-02 -2.18404885e-02  5.45087196e-02 -1.58618074e-02
 -2.74541061e-02 -1.34640085e-02  3.10624614e-02  3.26411575e-02
 -1.45969004e-03  1.49594657e-02  7.28644803e-02 -2.20758729e-02
  8.90978351e-02 -5.99257499e-02  3.22540924e-02  1.19088450e-02
  9.35782641e-02  1.89482570e-02 -3.16029675e-02  2.01347917e-02
 -3.78097482e-02 -4.17029969e-02  2.37605385e-02 -2.78475117e-02
 -7.23131839e-03  5.52951545e-02 -1.10249370e-02 -3.53815667e-02
 -2.33804118e-02 -3.18082683e-02 -2.57774685e-02  1.01210745e-02
  1.88400112e-02 -6.65304661e-02 -6.13858830e-03 -3.96374287e-03
  3.59268300e-02 -1.98094323e-02 -8.91007334e-02 -2.26582009e-02
 -1.27810403e-03  3.18471305e-02 -3.85724902e-02  4.20064218e-02
 -3.01651079e-02  5.80923893e-02 -4.54001278e-02  8.25632422e-04
 -4.77937274e-02  8.91738608e-02 -2.23214421e-02  1.77306700e-02
  2.32873950e-02 -1.14328237e-02  4.94665392e-02  1.94541961e-02
  3.78370769e-02  3.87183949e-02  4.81608696e-02  9.56146643e-02
 -4.38767187e-02  7.31191561e-02  2.39845179e-02 -1.26932731e-32
 -2.40557045e-02 -3.21711637e-02  2.17745323e-02 -1.00064129e-02
 -2.15341523e-02  1.26497876e-02  7.90835265e-03  1.09513500e-03
 -5.33612035e-02 -9.24292058e-02  4.24635708e-02 -5.34756109e-02
  4.59531322e-02 -5.68260327e-02 -4.13117371e-03  1.30765149e-02
 -1.16362318e-01 -6.44017309e-02  4.32745665e-02  4.62990887e-02
  1.70359656e-01 -1.64285991e-02 -3.81814204e-02  4.05715071e-02
 -1.10676242e-02 -8.34235102e-02 -8.21424127e-02  1.54158361e-02
 -6.76586898e-03  7.20280502e-03  1.56306308e-02 -6.24642782e-02
 -7.74172246e-02  1.85342729e-01  5.50599955e-03 -5.55882566e-02
  9.63745937e-02 -3.42976674e-02  4.33401316e-02  1.05281420e-01
  1.28723681e-01 -1.25744091e-02  3.11430413e-02 -3.21575515e-02
 -2.24316269e-02 -2.07145512e-02  3.75865102e-02 -1.35418087e-01
 -7.53404275e-02 -2.04924252e-02  1.02362521e-01 -1.43861854e-02
 -1.20813139e-02 -1.29550938e-02 -1.35021182e-02 -4.61021140e-02
  6.69739116e-03 -4.18018289e-02 -5.64180464e-02  7.42998207e-03
  1.72196805e-01 -1.31359529e-02  2.90046278e-02 -1.75995547e-02
 -7.20041804e-03  4.66077738e-02  1.95283070e-02  1.26673386e-01
  3.31186270e-03 -3.75964232e-02  7.30641885e-03 -6.78199157e-02
 -7.17366254e-03 -1.23944692e-01 -8.07796232e-03 -5.91085330e-02
 -6.40522465e-02  1.68506131e-02 -5.38490973e-02 -2.31531519e-03
  4.04596003e-03  2.69443076e-02 -2.44717952e-02  6.02466241e-03
  9.80730541e-03  4.21014652e-02  9.46456268e-02 -7.42485328e-03
 -3.17459628e-02 -1.11847267e-01 -9.94007438e-02  4.76824082e-02
  1.69846658e-02  8.00601244e-02 -2.72275601e-02 -6.27655581e-08
  5.55499084e-03 -2.09293030e-02 -1.34183804e-03 -2.40655597e-02
  4.61117141e-02 -6.41504377e-02 -4.86013331e-02 -2.71138214e-02
 -5.88987628e-03  1.64643675e-02 -1.39870336e-02 -8.18036795e-02
 -5.86392125e-03  2.65894905e-02  7.75652081e-02 -1.58952996e-02
 -4.85802889e-02  1.89122232e-03  2.03045784e-03  2.20536999e-02
  8.72913972e-02 -3.03541590e-02  2.23708805e-02  3.02141998e-02
  9.27572045e-03  2.75852159e-02 -6.18523732e-02  8.76541808e-03
  4.08697920e-03  3.02822590e-02 -4.36413549e-02  6.58083940e-03
  3.37601118e-02  2.46056612e-03 -5.56426719e-02 -1.58165358e-02
 -1.84275123e-04  5.00797629e-02 -1.11587029e-02  6.11197809e-03
  7.46990293e-02 -4.31005135e-02 -7.12707490e-02  3.23444419e-02
  3.04777250e-02 -2.97698248e-02 -4.51520719e-02 -3.62007283e-02
 -2.67691873e-02 -6.12863638e-02 -6.10617176e-02  5.65337949e-03
  3.33084986e-02 -2.02950593e-02 -6.53515235e-02 -6.46009445e-02
  3.51013914e-02  2.61283014e-02 -4.35592234e-02  2.68260334e-02
 -1.20407203e-03  3.17782573e-02 -1.74806584e-02 -2.42917035e-02]