[-1.22145424e-02  1.69387665e-02 -2.94615645e-02 -1.82704162e-02
 -1.05904132e-01  4.33298461e-02  5.31096663e-03  4.86687720e-02
  8.51231068e-02  4.66612913e-02  8.87416303e-02 -7.61863440e-02
 -5.10335248e-03 -1.39223645e-02  1.48665663e-02 -3.44417454e-03
 -4.61351462e-02  2.80784164e-02 -4.40183505e-02 -2.12415177e-02
  1.27346754e-01 -2.38609146e-02 -6.66152313e-02  6.35272786e-02
 -3.91610637e-02 -3.91642228e-02 -1.16437338e-02  8.20357911e-03
 -4.35548797e-02 -3.24046649e-02 -7.50551298e-02  6.74783140e-02
  8.37198123e-02 -1.12302005e-02 -2.40321811e-02 -1.99052803e-02
 -2.18944065e-02 -5.10023758e-02 -1.45993503e-02  1.15174782e-02
 -7.61990473e-02 -3.67056206e-02 -4.87895720e-02 -7.41149485e-02
 -5.01720123e-02 -5.87065630e-02  4.29104567e-02  1.21189684e-01
 -5.05369082e-02 -6.05101883e-02 -8.88574198e-02  9.25678015e-03
 -9.18677151e-02 -1.75358495e-03 -2.39551850e-02 -8.25907215e-02
 -3.51779237e-02 -2.30329260e-02 -4.04995196e-02  8.94530639e-02
 -2.49985401e-02  1.07182659e-01 -3.58320400e-02  7.56725818e-02
 -1.84842553e-02  2.37374790e-02 -3.41308415e-02  1.24039156e-02
 -9.54502728e-03  6.07063696e-02  4.91268374e-02 -7.61069357e-02
  4.18432355e-02 -5.11866994e-02 -5.81981242e-02  5.95076904e-02
  2.16867998e-02  1.19332103e-02  8.86587873e-02 -1.13094836e-01
  2.90084183e-02  1.01437308e-01 -3.39677259e-02 -6.11229688e-02
  3.78781073e-02 -6.88397735e-02  2.55163759e-02 -6.37733042e-02
  6.81630429e-03  5.88638661e-03  2.55255699e-02 -4.36335057e-02
 -1.61188338e-02 -1.54978838e-02  1.90256350e-02 -1.92780532e-02
 -4.63490281e-03  2.16324907e-02  3.79220992e-02 -3.52624133e-02
  1.29996920e-02 -2.08972096e-02 -5.61994053e-02 -8.24649632e-03
 -8.93337429e-02 -2.36971602e-02 -3.40175745e-03 -3.62737440e-02
  4.89052981e-02  1.28791004e-01 -7.00745583e-02 -1.09488284e-02
 -1.31060943e-01 -5.29566221e-02 -3.64288054e-02  6.32749638e-03
 -4.61796634e-02  1.31261423e-02  5.05588390e-02  2.93566287e-02
 -1.64739077e-03 -3.09384707e-02  9.18969326e-03 -4.77262400e-02
  2.03592572e-02 -6.12728558e-02 -1.93718052e-03 -2.31050064e-33
 -2.48168278e-02 -1.90963633e-02 -6.22845367e-02  6.02911711e-02
  1.27096651e-02  7.56560862e-02 -3.56641077e-02  4.68556620e-02
  2.26165336e-02  8.97191390e-02 -8.93235505e-02  6.42429516e-02
 -3.31181511e-02  1.22245774e-02  5.02745956e-02  1.81433167e-02
 -2.05593351e-02  3.39602381e-02 -5.07820286e-02  1.83980819e-02
  5.09269163e-02  8.16345066e-02  6.76085129e-02 -1.72464754e-02
  5.58339208e-02 -1.99432790e-04 -4.63151336e-02 -5.07669710e-02
 -6.57359883e-02  3.36245745e-02  1.01088800e-01 -1.03119619e-01
  4.17865664e-02 -4.48109396e-02 -2.09215563e-02 -7.81707466e-03
  2.68913731e-02 -3.51245105e-02  1.45151531e-02  1.34895891e-02
 -2.02340484e-02 -3.35196666e-02  4.87934910e-02  1.08802095e-02
  7.39140213e-02 -2.37979251e-03  2.33293604e-02 -6.25635758e-02
  5.70059568e-02  6.12398647e-02 -6.66809380e-02 -5.33784144e-02
 -1.43534197e-02 -8.67300183e-02  6.65743127e-02  2.26546898e-02
 -6.85716122e-02  3.38110887e-02  9.81217623e-03 -7.08882287e-02
 -4.40594219e-02 -2.74606533e-02 -4.93956879e-02 -5.82458675e-02
 -8.10688064e-02 -1.43836318e-02 -2.11517084e-02 -6.25211746e-02
  1.10648282e-01 -2.10465901e-02 -8.00237730e-02 -3.09822662e-03
 -7.54583031e-02  4.29262444e-02 -2.27559656e-02 -4.72818129e-03
  5.45942457e-03 -1.20560201e-02 -6.60498254e-03 -1.98980188e-03
 -4.71670143e-02 -2.58718003e-02 -7.27753650e-05  3.46941664e-03
  6.13695337e-03  7.87416846e-02  2.27120165e-02  3.55782285e-02
  7.74286781e-03  1.08403645e-01 -2.04835944e-02  2.38492060e-02
  4.81977593e-03  1.11863287e-02  6.40932098e-02 -6.46832150e-33
 -1.89027824e-02 -2.73486925e-03 -8.16927757e-03 -6.42786175e-02
 -2.84920987e-02  1.04693964e-03 -5.03588468e-02 -8.63749348e-03
 -1.65622253e-02 -1.92619078e-02 -4.61385809e-02 -6.17328994e-02
  8.98163542e-02 -1.63287465e-02 -5.13207726e-02  4.52467194e-03
 -2.10487135e-02 -2.84565073e-02 -7.93814808e-02  3.36790457e-02
 -3.04695740e-02  4.87971678e-02  1.74465831e-02  2.15737633e-02
  4.05920371e-02 -6.67515397e-02  1.59499645e-02 -4.29770164e-02
 -1.61653273e-02 -1.86065622e-02  3.98630090e-03  1.25810318e-02
  1.32817049e-02  9.82794538e-02 -5.21743372e-02 -8.25875401e-02
  2.07109433e-02 -6.35997579e-02 -7.54655227e-02  4.32205051e-02
  7.21233189e-02  6.62281737e-02  2.48102639e-02 -8.53492133e-03
 -8.00151601e-02 -9.07342732e-02 -4.88437451e-02 -1.25683069e-01
  3.35474797e-02 -5.54961152e-02  5.25478534e-02 -9.89714861e-02
 -8.16564411e-02 -7.00692367e-03 -3.05805579e-02  1.47746727e-02
 -1.81200206e-02 -5.27283661e-02 -7.97590315e-02  1.67225171e-02
  9.76922736e-02  3.80718000e-02 -3.94301340e-02 -3.91938649e-02
  1.24023445e-01 -1.36338733e-02 -8.67759213e-02  4.35794443e-02
  5.31691425e-02 -1.56642031e-02  7.82056823e-02 -1.03315271e-01
 -1.05460808e-01 -9.22548678e-03 -1.48690837e-02 -1.90273207e-02
 -1.46652579e-01 -2.75542177e-02 -2.60646325e-02  7.69411251e-02
  2.20007077e-02 -6.21372983e-02  3.01184691e-02  7.50700943e-03
 -2.92073674e-02  4.44138199e-02  4.25660312e-02  6.36777580e-02
 -2.20716484e-02  3.47204879e-02 -4.92333770e-02 -4.12760712e-02
  2.02674493e-02  4.88997065e-03  1.01519618e-02 -6.07207511e-08
  1.60834342e-02 -5.41875921e-02  1.00566193e-01 -2.21924409e-02
 -9.07446258e-03 -8.69807079e-02 -4.29092348e-03 -3.95753346e-02
 -1.18888253e-02  3.04966494e-02 -1.78350825e-02  1.11371288e-02
 -8.35274160e-02 -1.18307434e-02  5.32664731e-02 -2.12029088e-02
 -1.09380325e-02  7.93573186e-02  2.68081180e-03 -5.40412590e-02
  4.41400632e-02 -2.16806624e-02 -1.26965567e-01  2.00922061e-02
  4.11884040e-02 -2.92718317e-02 -4.20496687e-02  9.80094634e-03
 -1.31979696e-02  8.60125273e-02 -2.21321192e-02 -1.84449162e-02
  4.42318842e-02 -4.10332978e-02 -5.48410527e-02  3.80614474e-02
  2.20179707e-02 -2.54160296e-02 -6.26954362e-02 -5.70558291e-03
  1.09344743e-01  7.76962703e-03  3.54956128e-02  1.41341202e-02
  6.15456030e-02 -1.96529347e-02  1.66958570e-02  5.61402962e-02
 -9.83880274e-03 -3.63026299e-02 -3.58745605e-02  2.80710720e-02
 -3.93065438e-02  5.08379303e-02 -1.37300910e-02 -9.53880250e-02
  1.72558986e-02  6.83491006e-02 -7.58226169e-03 -1.17739206e-02
  6.57051355e-02  5.38888760e-02  6.76070303e-02 -2.11302098e-02]