[-7.81996548e-03 -9.49834473e-03 -4.36438099e-02 -1.97089277e-02
 -8.93357992e-02  2.81531867e-02  5.54238074e-02  9.24331173e-02
 -1.24565698e-03  8.63130987e-02  9.98719186e-02 -3.75994258e-02
 -9.09601059e-03  3.16788554e-02  3.13059986e-02 -2.03508735e-02
  7.25746751e-02  9.68753267e-03 -1.28417224e-01  2.36959737e-02
  1.50335059e-01 -5.98648302e-02  1.11254968e-03  2.07283739e-02
 -8.46963096e-03 -3.90639380e-02 -1.90990642e-02 -1.71904583e-02
 -2.28783023e-02 -4.12750505e-02 -7.29562417e-02  6.50150180e-02
  6.87408894e-02 -9.31470990e-02 -2.38573812e-02  4.91613187e-02
 -1.59185790e-02 -9.03918967e-02 -2.72202995e-02  4.61794659e-02
 -8.92959237e-02 -7.33170435e-02 -8.34874883e-02 -4.67255041e-02
  1.13069685e-02  6.86391117e-03 -3.56456526e-02  6.38813004e-02
  3.62638086e-02  2.43909042e-02 -4.69705053e-02  1.23655400e-03
 -1.92799382e-02 -8.15871451e-03  7.42930360e-03 -4.89706770e-02
 -1.16506293e-02 -1.97421703e-02  5.34600690e-02 -1.11369381e-03
  1.27928313e-02  2.67825928e-02 -2.09675897e-02  1.66214686e-02
  4.75163125e-02 -7.79198948e-03 -7.22619593e-02 -3.94595936e-02
 -1.08004898e-01  3.46961394e-02  5.49131259e-02 -7.77981132e-02
  1.88605115e-02 -2.90505886e-02 -6.40350021e-03  1.14507210e-02
  6.78491890e-02  4.72955741e-02  1.01496074e-02 -8.18692669e-02
  5.96788675e-02 -2.63141170e-02 -3.65883745e-02  7.83862825e-03
 -8.97926558e-03 -6.62161484e-02  9.32684075e-03  1.34891672e-02
  6.84477538e-02  1.83683708e-02  2.55442038e-02  6.03766367e-02
 -1.03930376e-01 -4.35827710e-02  1.77025162e-02  3.29857096e-02
 -6.87184408e-02 -2.36956310e-02  2.38316599e-02 -3.06488611e-02
  4.77621108e-02 -3.85344587e-03  6.32726699e-02 -9.17415693e-03
 -1.27877191e-01 -4.78164479e-02  5.44587383e-03  5.92200086e-02
  2.77110394e-02  1.27544627e-01 -8.23686644e-02 -7.04492554e-02
 -9.91538316e-02 -7.66185373e-02 -1.53552415e-02  3.37821851e-03
 -3.97776067e-02 -4.03236598e-02  7.24542215e-02 -1.11658247e-02
  4.67474340e-03 -1.26284957e-02  7.52754062e-02 -6.04320914e-02
  2.30335835e-02 -8.54541287e-02  3.74742560e-02  1.09830155e-32
 -9.01184380e-02 -6.36111796e-02 -1.83381811e-02  3.41338329e-02
 -3.99143472e-02  2.93630250e-02 -2.29241401e-02  9.60772485e-02
  6.68869168e-02 -2.43773721e-02 -9.04589742e-02  7.55913332e-02
 -2.96886545e-02  1.31994905e-02  6.80342764e-02 -5.00021800e-02
  2.81193536e-02  9.73806903e-03  4.35761036e-03 -3.10343280e-02
 -4.41679172e-02  3.93489935e-02  2.23840084e-02 -2.46738698e-02
  2.43987376e-03 -1.84163712e-02  8.69567506e-03 -4.58316319e-02
 -2.93334667e-02  3.16934027e-02  8.11705142e-02  2.83545330e-02
 -1.26329102e-02 -1.26914173e-01 -8.39971378e-02  1.24650383e-02
  1.47069180e-02 -1.31488265e-02  4.57999529e-03 -1.01050874e-02
 -8.02454576e-02  1.01960795e-02  6.25577047e-02 -5.41218463e-03
 -1.03754774e-02 -2.57782713e-02  5.50801419e-02 -1.79569349e-02
  7.84504637e-02  9.12417397e-02 -8.08776096e-02 -3.18515790e-03
  2.60791276e-03 -6.75027445e-02 -5.28533980e-02  1.06796520e-02
 -6.64664283e-02  3.89555581e-02 -6.82445765e-02 -5.98295182e-02
 -5.41429371e-02 -3.08214407e-03  1.39167896e-02 -4.79548499e-02
 -2.74355300e-02  1.83953643e-02  2.18980238e-02 -4.78370721e-03
  6.21312149e-02  6.81379959e-02 -7.21417293e-02 -4.67994772e-02
 -1.37042981e-02  3.68470810e-02  1.19619519e-02  2.14571226e-02
  1.16204722e-02  4.80122715e-02 -1.77463964e-02  1.26818623e-02
 -2.32154429e-02 -3.61021161e-02 -2.24608630e-02 -7.77855143e-03
  7.26296902e-02  5.74291684e-02  6.24614581e-02 -2.92966552e-02
  3.29633728e-02  8.62553790e-02  5.06485254e-02  8.66233185e-02
 -6.45804778e-02  7.46967494e-02  4.97509949e-02 -1.38805767e-32
 -6.62898924e-03  1.14085212e-01 -3.56849073e-03  4.19424847e-02
  2.10222006e-02  1.78031325e-02  1.43933902e-02 -7.79339001e-02
  2.68015172e-03 -1.89752411e-02 -6.62730858e-02 -7.17823729e-02
  4.59279157e-02 -6.54118881e-03 -9.24106687e-02  1.00571644e-02
 -7.70927891e-02 -8.54395237e-03 -1.13381306e-02  3.01700402e-02
 -3.17745171e-02  7.53636509e-02 -3.44277686e-03  1.51298679e-02
  2.10642610e-02 -1.83199160e-02 -1.14364900e-01 -1.63876023e-02
 -4.85827662e-02 -2.04974506e-02  1.91726573e-02 -5.29694520e-02
 -1.52872540e-02  9.36155021e-02 -8.69519934e-02 -4.62686419e-02
  3.32753472e-02  3.17660049e-02 -3.87214832e-02  6.65738210e-02
  9.04645920e-02  4.53919917e-02  4.05054279e-02 -1.59439035e-02
 -5.88371418e-02 -6.01059608e-02  7.83974826e-02 -1.15436792e-01
  5.07135130e-02 -7.86525309e-02  1.26972660e-01  4.91120759e-03
 -2.67936252e-02 -3.42867686e-03  2.45310254e-02  1.62899084e-02
 -4.43802364e-02 -7.35321566e-02 -9.82776210e-02 -2.94179143e-03
  8.55552703e-02  6.93594143e-02 -1.97779965e-02 -6.31127357e-02
  1.13574103e-01 -3.75358835e-02  5.70915826e-03 -3.20909061e-02
  1.71409231e-02 -6.07932657e-02  2.63668895e-02 -4.98154871e-02
  2.60779802e-02 -6.04115762e-02 -1.14629604e-02 -2.91088242e-02
 -7.63728889e-03 -4.84753586e-02  1.75040495e-02  1.44178960e-02
 -1.94945671e-02 -6.07201690e-03 -4.67405170e-02 -7.14391693e-02
 -1.23496622e-01 -2.57712760e-04  4.69536940e-03  1.61521696e-02
 -9.53374151e-03  5.54511733e-02 -1.02643870e-01  6.27123341e-02
 -4.03856812e-03  4.73782681e-02 -3.97172682e-02 -6.30743884e-08
  3.96046080e-02 -6.59159268e-04  7.96723142e-02  8.36178847e-03
  2.63916608e-02  3.77352291e-04  1.32575631e-02  1.48964282e-02
 -4.26874198e-02  3.55984643e-02 -3.67207569e-03  2.61263736e-02
 -6.56476095e-02  5.77508844e-02 -7.27622434e-02 -6.55448213e-02
  4.22817618e-02  7.34406486e-02 -4.05639736e-03 -4.39096428e-02
  8.77355784e-02 -1.49549367e-02 -4.58320305e-02 -3.86404316e-03
  2.53961794e-02  1.66657995e-02 -2.73862649e-02  5.39770685e-02
 -2.06311177e-02  2.53402092e-03 -4.83052917e-02 -5.21337241e-02
  6.18610159e-02 -8.31408128e-02 -5.54037765e-02 -3.00460625e-02
 -5.12435883e-02  3.17821242e-02 -4.64823283e-02  5.64199081e-03
  5.61875664e-02  6.52054604e-03  1.13734731e-03  3.28638181e-02
  8.42220429e-03 -6.85929209e-02 -7.47084171e-02  6.35936260e-02
 -1.63770095e-02 -1.28736552e-02 -2.92735267e-02 -8.66634473e-02
  1.93947945e-02  1.17032258e-02 -2.94940434e-02 -4.41588722e-02
  9.90236737e-03  4.28188927e-02 -7.38958046e-02  3.29416199e-03
  9.98411402e-02  5.19608520e-02 -1.31541733e-02 -4.64504361e-02]