[ 2.20283750e-03  6.08211420e-02 -5.91645576e-02 -5.23509197e-02
 -3.53400148e-02 -4.87440545e-03 -2.26414036e-02  1.06363311e-01
 -2.69032009e-02  1.36731202e-02  2.91995332e-02 -3.47444713e-02
  2.60383217e-03 -1.01911696e-02 -1.14984736e-02  3.83885354e-02
 -4.93601151e-02  2.50655077e-02 -4.38563302e-02  7.59008378e-02
  8.54319930e-02 -6.98710904e-02 -6.39317259e-02  6.75435364e-02
 -1.05463520e-01  2.48183087e-02 -2.23374479e-02  8.14317837e-02
 -5.04070669e-02 -5.96759133e-02 -3.78425308e-02  8.79920796e-02
 -1.39269349e-03 -1.72281470e-02  4.95156534e-02 -9.82777849e-02
  2.14914288e-02 -3.39382999e-02  1.32490881e-03  2.86604613e-02
 -5.14215976e-02 -3.88260707e-02 -8.04750100e-02 -1.56478249e-02
  3.36313099e-02 -5.10971956e-02  1.01377584e-01  4.74982373e-02
  5.07803448e-02 -1.04591116e-01 -5.05843796e-02  6.78578243e-02
 -3.16455662e-02 -6.16155267e-02 -4.83009592e-02 -2.73058712e-02
 -2.97434088e-02 -2.25333143e-02  5.06279990e-02  1.70365199e-02
  2.80199274e-02 -5.52189499e-02 -3.43449749e-02  2.50364672e-02
 -2.78053917e-02 -7.13621080e-03  3.52431933e-04 -8.30192938e-02
 -4.05602343e-02  3.04335579e-02  5.21014556e-02 -4.66380194e-02
 -1.95834339e-02 -1.71587672e-02 -3.51743437e-02  1.26326442e-01
  3.60203870e-02  5.08138426e-02 -7.21575925e-03 -4.52750809e-02
  5.74840494e-02 -8.42036754e-02 -3.08717117e-02 -1.04292437e-01
  5.31816706e-02  5.41157648e-03  3.06488387e-02 -4.17115986e-02
  1.07742837e-02 -9.92073212e-03 -5.36143295e-02  6.23454712e-02
 -3.22649181e-02 -4.64791656e-02  2.61007305e-02  1.16309663e-02
  5.17964102e-02 -8.11361223e-02  9.59083438e-02  7.37510920e-02
  5.33925891e-02 -1.27101701e-03 -6.52213842e-02 -1.13831684e-02
 -8.27225894e-02  7.47398883e-02  4.62677442e-02  1.76210739e-02
 -4.50595245e-02  3.05189583e-02 -3.93847376e-02 -2.03396603e-02
 -5.25016785e-02 -4.25932407e-02 -9.75638181e-02 -1.27088791e-03
  1.97962136e-03  4.22550850e-02 -6.19273575e-04  2.63406616e-02
 -8.35566968e-02 -1.04326196e-01 -1.22826099e-02 -1.82664711e-02
  6.27729222e-02 -5.40261306e-02  3.10745061e-04  1.26555999e-32
 -4.17733528e-02 -1.99146625e-02  1.46468030e-02 -1.26086157e-02
  8.99143424e-03  4.45427448e-02 -4.79615666e-02  1.07867746e-02
 -2.05387529e-02 -1.63471960e-02 -4.15540785e-02 -1.00639313e-02
 -5.39654233e-02 -7.45489672e-02  1.15778498e-01  3.22213285e-02
  8.41224287e-03 -8.06880891e-02 -2.47111730e-02 -4.30778600e-02
  1.48218656e-02  1.37695158e-02  8.02301913e-02  3.32468860e-02
 -2.36262381e-02  1.55139580e-01  1.21949818e-02 -9.97490436e-02
 -6.97512031e-02  5.44748642e-02 -5.60877323e-02 -3.01255903e-04
 -4.78556044e-02  2.25841887e-02 -7.19687268e-02 -2.31802873e-02
  1.13480659e-02 -8.81662127e-03 -4.76155896e-03 -3.39929713e-04
 -9.60919261e-03  2.39117127e-02  3.54442676e-03 -4.99097742e-02
 -3.81271802e-02 -1.36594092e-02 -1.20053953e-03  1.27888648e-02
  1.35974973e-01  8.39013606e-02 -4.46532816e-02 -8.57815966e-02
  1.43333785e-02 -5.76432981e-02  2.55067530e-03  6.90587854e-04
 -6.14122525e-02  1.67965014e-02 -1.91267561e-02  3.61868180e-04
 -7.89812952e-03  1.05470875e-02 -3.35351042e-02 -7.99428858e-03
 -8.90334323e-02  7.91685656e-02 -3.59700397e-02 -1.71846058e-02
  5.17525524e-02  2.92935446e-02 -2.45255139e-02 -3.77643406e-02
 -2.20834054e-02 -9.73382872e-03  7.62026161e-02  2.58625243e-02
  9.37827583e-03 -3.19391862e-02 -4.33660671e-02  5.90055622e-02
 -2.57919412e-02  6.23310097e-02 -1.88853815e-02 -9.66380164e-03
  7.66635984e-02 -1.77150741e-02  5.59935672e-03  9.34590846e-02
  3.60542983e-02  5.41461445e-02  3.95186767e-02  2.81652133e-03
  5.66631071e-02 -4.82551800e-03  6.73481748e-02 -1.25960656e-32
  1.53258359e-02  3.87267396e-02  7.23538995e-02  8.60431511e-03
  3.20218243e-02  3.06738093e-02 -6.68463483e-02 -4.56464998e-02
 -4.49674844e-04 -4.36182544e-02 -4.13348600e-02 -4.34146523e-02
  5.03947251e-02 -6.46674715e-04 -7.75970742e-02  8.72052368e-03
  1.46237144e-03 -1.67418808e-01 -5.94157018e-02 -3.89538370e-02
  7.81465322e-03  2.83291414e-02  7.17134848e-02 -5.09527214e-02
  3.61009315e-03 -5.12979738e-02  4.45961878e-02  6.51979446e-03
  1.40411332e-02 -1.14475400e-03  3.09310872e-02  3.31133008e-02
 -9.17744264e-03  1.14934370e-01 -2.57247426e-02 -4.02127951e-03
  6.45442680e-02  5.10813259e-02  2.31419858e-02  1.55232176e-01
 -7.68945292e-02  5.09457886e-02  3.72152999e-02 -3.22157604e-04
 -6.05007447e-03 -2.42837034e-02  7.46688573e-03 -8.23452622e-02
  4.15171050e-02 -2.29861178e-02  1.04464635e-01 -1.65130198e-02
 -7.82585442e-02 -2.43341587e-02 -1.03617944e-02 -4.63854671e-02
  5.48500232e-02 -2.96633467e-02 -1.20129108e-01  1.14628011e-02
  9.27990302e-02  2.79022218e-03 -1.42748244e-02 -5.95285781e-02
  4.91244299e-03 -7.84519035e-03 -2.13134550e-02 -4.19897139e-02
 -3.93677969e-03  5.51765002e-02  3.54246087e-02 -1.14953825e-02
 -3.99273820e-02  6.41718134e-02  1.07710632e-02  1.95048526e-02
 -9.30563360e-02  7.84840435e-02  6.69203699e-02  3.23833637e-02
 -7.55682737e-02 -3.70750688e-02 -1.61033366e-02  8.21770914e-03
  3.30561423e-03  5.09431511e-02  1.39844697e-02 -2.71183606e-02
  4.00107391e-02 -2.18999535e-02  8.16205814e-02  1.03106961e-01
  6.70774803e-02  5.29723242e-02 -7.34812394e-02 -5.66626923e-08
  8.54553953e-02 -5.49622253e-02 -1.83129348e-02  4.56859544e-02
 -1.06140105e-02 -3.13968398e-02  1.98006514e-03 -3.86658199e-02
  2.38609090e-02 -2.29054522e-02  9.43899453e-02 -3.24419439e-02
  3.83036509e-02  1.44595327e-02 -2.86440700e-02  5.49717098e-02
  1.42677668e-02  7.39900097e-02 -8.99801310e-03  2.02423823e-03
  5.54125849e-03 -8.09443742e-03 -8.32196102e-02  2.60971412e-02
  3.01295444e-02 -9.54760686e-02 -8.01488310e-02 -4.30452898e-02
 -5.29967435e-03 -2.13776007e-02 -8.44256720e-05 -1.35670779e-02
  3.99242528e-02 -5.26079759e-02 -6.35573342e-02 -7.39749074e-02
  5.98779954e-02  2.48303637e-02 -5.46848737e-02  3.59108695e-03
  1.82821929e-01  1.46403490e-02 -9.93156061e-02 -5.70108145e-02
  5.71417771e-02  3.66619006e-02  1.49894208e-02 -5.39166741e-02
 -4.20113876e-02  3.18128243e-02 -3.03406063e-02  4.45539989e-02
 -3.40514109e-02  6.99041262e-02  3.11289518e-03 -9.23439115e-03
 -1.13352435e-02 -9.33975633e-03 -2.72995420e-02 -6.90363497e-02
  1.21917613e-02  6.75493702e-02 -3.43759060e-02 -1.28125651e-02]