[-4.83422987e-02  5.97492941e-02 -5.18102795e-02 -3.14335115e-02
 -8.57581198e-02  1.36341304e-02  9.20987129e-03  7.72693232e-02
 -2.18280200e-02  4.51709293e-02  3.81850377e-02  1.42800892e-02
 -6.01448640e-02 -4.06331830e-02 -3.40305804e-03 -7.30135739e-02
 -2.81522218e-02  3.76499519e-02  1.62303932e-02  4.01190072e-02
  9.09854099e-02 -5.27493805e-02 -5.25193661e-02  7.64198601e-02
 -4.94864676e-03  1.54881440e-02 -2.15055258e-03  5.21534830e-02
  7.01283431e-03 -7.26814419e-02 -4.50830385e-02  5.48692346e-02
  1.66029274e-01 -3.29167262e-04  8.01632088e-03 -1.57169197e-02
  1.54840425e-02 -9.25089419e-02 -1.52130583e-02  6.07843548e-02
 -3.15398946e-02 -9.28401351e-02 -9.51820761e-02 -7.69085065e-02
 -4.20062616e-02  5.75960428e-03 -1.69112242e-03  5.85916638e-02
 -2.78897919e-02  1.50983091e-02 -3.69268246e-02 -3.43155004e-02
 -1.57910157e-02  3.33003962e-04 -1.70999020e-02 -6.67039976e-02
 -5.62692694e-02 -8.54616612e-02  8.97293445e-03  2.51947679e-02
  7.42543712e-02  4.15993370e-02 -1.49039654e-02 -1.67591367e-02
  4.39794809e-02  2.70146644e-03 -3.95981148e-02 -9.74761974e-03
 -1.03947066e-01 -3.15645896e-02  4.70905267e-02 -1.23716444e-01
 -2.85745244e-02  2.24016439e-02 -9.20743272e-02  6.26791716e-02
 -2.37911623e-02  1.69010332e-03  5.42963408e-02 -1.40976965e-01
  3.11473459e-02  1.71810633e-03 -2.10665837e-02  9.86998901e-03
  1.44250290e-02 -4.76939091e-03  4.17820811e-02  2.35277154e-02
  9.78841558e-02 -3.42889838e-02  4.96303141e-02  6.83021620e-02
 -5.04695438e-02 -1.23990569e-02  6.52989605e-03 -6.59558829e-03
  1.19391158e-02 -7.67260091e-03 -5.58571937e-03  1.42655997e-02
  2.89758593e-02  7.48712644e-02  3.49428505e-02 -3.78250144e-02
 -5.94278909e-02 -5.81075214e-02  3.95285934e-02  3.78298759e-02
  5.52573539e-02  3.93644795e-02 -8.74613449e-02 -3.30122262e-02
 -8.41715187e-02 -6.33366406e-02 -4.42578569e-02  1.20723844e-02
 -7.07530156e-02  3.41775790e-02 -8.65203049e-03 -9.94331762e-02
  5.00506023e-03 -2.79337149e-02 -2.18662346e-04 -4.94710244e-02
 -6.55158982e-02 -7.80329034e-02 -5.00798225e-03  1.59531981e-32
 -2.35415362e-02 -1.81957185e-02 -2.92268582e-02  2.65605394e-02
 -1.38230966e-02  8.46833177e-03 -2.09565032e-02 -1.00486437e-02
  1.70237441e-02  1.81755293e-02 -8.28811377e-02  8.58321320e-03
  3.58177423e-02  5.83158769e-02  3.15064043e-02 -2.35260688e-02
  4.78862301e-02  4.73794481e-03  4.25575376e-02 -5.32366987e-03
  3.17629874e-02  3.03132590e-02 -4.36169766e-02  2.52121296e-02
  1.92876179e-02  6.26571774e-02 -5.01670875e-02 -1.97116919e-02
 -5.32036945e-02  5.27299643e-02  4.07521278e-02 -1.57352537e-02
  2.18435489e-02 -9.26810652e-02  4.91791181e-02 -2.61861682e-02
 -7.51908403e-03 -2.14549154e-02 -2.55489741e-02  2.15353742e-02
  3.08623109e-02 -1.53843826e-02  8.80062133e-02 -7.96979666e-03
  1.93217956e-02  6.23632334e-02  5.35025597e-02  3.81208491e-03
  1.23809673e-01  6.40397593e-02 -8.40756148e-02  7.47433864e-03
 -8.05695802e-02  3.43992910e-03  6.72724694e-02  2.91535468e-03
 -9.40239578e-02  4.00947817e-02  1.63811457e-03 -1.16832674e-01
 -1.35524329e-02  6.14425093e-02 -3.42083387e-02 -1.40074585e-02
 -6.99368343e-02  5.44285998e-02 -4.46006134e-02 -2.97913216e-02
  6.24356009e-02 -3.05572321e-04 -2.97324527e-02 -2.11084131e-02
 -4.30612266e-02  8.10971484e-02 -3.20452042e-02 -1.29494453e-02
  2.78732441e-02  7.64760002e-02  4.69046161e-02 -1.81571916e-02
 -3.74188572e-02  9.01823025e-03  1.87621564e-02 -9.48540028e-03
  5.29726334e-02  8.38067383e-02  9.20782462e-02 -2.41689850e-02
  2.96427011e-02  1.12763442e-01  1.75645621e-03  3.52181979e-02
 -5.29097654e-02  8.41262937e-03  3.71893011e-02 -1.59137955e-32
  6.05861135e-02 -4.30352911e-02 -3.23026837e-03 -2.72267759e-02
 -3.67973074e-02  2.20511276e-02 -1.69694833e-02 -3.18492018e-03
 -3.97342443e-02  8.79680458e-03  6.32539392e-02 -8.59159529e-02
  7.06649497e-02 -7.88326338e-02 -4.74038497e-02  2.58148033e-02
  9.05129593e-03 -3.51097323e-02 -3.09140142e-02 -2.90129110e-02
 -1.22199086e-02  3.18948478e-02  5.99858612e-02  4.07703333e-02
  9.16730687e-02 -2.58550830e-02  3.73904668e-02 -1.77845508e-02
 -2.04966366e-02 -6.82823583e-02  3.99901532e-02 -6.70496840e-03
 -2.52829697e-02  9.60660353e-02 -5.19753918e-02 -9.91967693e-02
  4.55354638e-02  4.66964543e-02  4.11265083e-02 -3.41478828e-03
  3.21222469e-02  1.37246531e-02  9.01065916e-02 -6.16418058e-03
 -4.51357737e-02 -1.00229539e-01  1.64141413e-02 -8.87967646e-02
  2.74809469e-02 -1.10078253e-01  1.18725337e-01 -1.14158867e-02
  1.28289161e-03 -4.80775237e-02 -4.78125364e-03  1.37442863e-02
 -6.35379506e-03 -3.00101582e-02 -8.27652067e-02  6.12344081e-03
  1.09207191e-01  5.93106598e-02  3.51882353e-02  4.19689566e-02
  1.10937119e-01  1.10690119e-02 -8.90837386e-02  5.01656085e-02
  4.91090454e-02 -3.32378335e-02  6.80054948e-02 -1.78000987e-01
  9.42363776e-03  2.41127275e-02 -1.20346630e-02 -8.17987472e-02
 -6.71650991e-02  5.70047051e-02 -4.90404759e-03 -1.03429528e-02
  5.89527413e-02 -3.27263735e-02 -2.99592540e-02  2.74374764e-02
 -6.75040781e-02  1.57494769e-02  2.04335172e-02  5.79027971e-03
 -4.60873842e-02  3.00749354e-02 -4.93716300e-02 -2.21766178e-02
 -6.00695349e-02  7.47278258e-02  4.80307154e-02 -6.49309086e-08
 -3.09554748e-02 -8.75796601e-02  5.53543940e-02 -5.27396090e-02
  4.37876917e-02 -3.64957973e-02 -1.61669012e-02 -1.12296864e-01
  3.77468355e-02  6.80090636e-02 -1.06024034e-02 -2.22733524e-02
 -5.07001989e-02  6.10908456e-02 -5.71454540e-02 -1.86343528e-02
  5.15224338e-02  6.11977652e-02 -3.17001529e-02  2.93886643e-02
  5.77570125e-02 -3.33252884e-02 -2.54055914e-02 -8.25977996e-02
  1.55123528e-02  1.89729556e-02 -3.12671326e-02  3.49846296e-02
 -3.67852226e-02 -1.00240894e-02  2.68761162e-02  5.92294373e-02
  4.26876172e-02 -6.54890388e-02 -2.88546085e-02  4.11121584e-02
  7.26174340e-02 -2.03293841e-02 -9.19769108e-02  2.30535306e-02
  4.96589914e-02 -1.13337962e-02 -1.50516036e-03 -1.32200504e-02
 -1.69039574e-02 -7.72284791e-02 -2.25102156e-02  7.36728907e-02
 -1.83645841e-02 -4.02934179e-02 -1.39543032e-02  3.21529955e-02
  5.64992614e-02  4.16608248e-03 -7.99153969e-02 -5.86019121e-02
 -7.51823978e-03  4.17588465e-02 -3.26638743e-02 -1.70941073e-02
  1.26396343e-01 -5.93858473e-02  8.93835723e-02  3.85264773e-03]