[-3.08377147e-02  5.23578376e-02 -1.64290778e-02 -9.54527929e-02
 -9.19524878e-02  2.07430068e-02 -3.49188931e-02  8.99225771e-02
  2.32685413e-02  7.06995130e-02  6.16598390e-02 -7.82397296e-03
 -4.05326113e-02 -1.58690121e-02 -6.02624081e-02 -5.95477968e-02
  4.23022956e-02 -7.12316930e-02  4.97690737e-02  3.43487374e-02
  3.96566987e-02 -9.25067067e-03 -8.16714391e-02 -1.93156376e-02
 -9.41521078e-02  1.43925473e-02 -7.01780319e-02 -6.87071634e-03
  3.71044182e-04 -2.80887145e-03  4.80018323e-03  6.58098310e-02
 -5.74171841e-02 -9.51604825e-03  3.92328314e-02 -2.42040157e-02
  4.01926748e-02 -5.42456321e-02  2.82001738e-02  2.44811401e-02
  3.34589705e-02 -6.14505038e-02 -4.73905541e-02 -6.07287772e-02
 -8.40419997e-03  1.10445358e-02  3.22788092e-03  4.48183864e-02
 -4.53265086e-02 -4.71752100e-02 -8.54765624e-02 -7.23923091e-03
  3.11093070e-02  6.23691157e-02 -4.42381464e-02 -4.85468172e-02
  3.92126963e-02 -1.48375891e-02 -1.85540859e-02  1.81871431e-03
 -5.36623448e-02  7.02554435e-02 -7.21259415e-02  2.84438115e-03
  5.60836345e-02 -7.33862370e-02  4.11577821e-02 -2.19932571e-02
  5.09319734e-03  4.67499457e-02  2.10215282e-02 -4.48380262e-02
  6.69217408e-02  2.38400660e-02 -4.12185490e-02  6.77904934e-02
 -3.09352595e-02  1.02548480e-01  1.39450967e-01 -1.31297380e-01
  1.15758525e-02  1.20451674e-03  1.57522801e-02 -4.22974080e-02
  2.27104425e-02 -5.32444492e-02  2.92842165e-02  9.83563159e-03
  7.23483562e-02 -5.11204042e-02  1.12865120e-01  5.06129265e-02
  2.78010387e-02  7.75139732e-03 -3.61763760e-02 -1.88035443e-02
  1.06795225e-02  6.28936738e-02  3.42573859e-02  2.05424018e-02
  5.89038134e-02 -8.95946566e-03 -5.43377511e-02  1.38675533e-02
 -6.23293445e-02  4.87040691e-02 -1.75549779e-02  2.82025002e-02
  3.43777314e-02  1.22350539e-04 -7.96974748e-02  8.79201107e-03
 -1.79361980e-02 -5.87257706e-02 -5.66263944e-02  4.35234942e-02
 -5.87851517e-02  1.04061794e-03 -1.23321908e-02  3.63616310e-02
  9.40462761e-03 -2.26854514e-02 -9.42354202e-02 -2.63956804e-02
  4.92445789e-02  1.01710472e-03  4.21676636e-02  4.05904444e-33
  5.84796481e-02 -6.07905723e-02  1.60717852e-02 -5.52946590e-02
 -2.71021407e-02  8.33565667e-02 -5.77971339e-02  5.60915954e-02
  6.91431621e-03 -5.79880900e-04 -9.08109546e-02 -3.20086554e-02
 -2.86796466e-02 -1.31805977e-02 -3.30184470e-03  2.61432994e-02
  2.52726786e-02 -1.68048777e-02 -3.38104963e-02 -3.91569547e-03
  5.38598672e-02 -3.60211730e-02  1.38482265e-02  8.43279213e-02
  2.41466109e-02  1.12713389e-01 -6.34985417e-02 -6.92983568e-02
 -7.20398575e-02  4.18245271e-02  3.02952863e-02 -3.77258547e-02
  3.67474742e-02  1.69479791e-02 -5.51280156e-02  5.63272042e-03
 -3.06153321e-04  2.67458404e-03 -6.27042204e-02  5.66893024e-03
 -3.51733752e-02  2.99523175e-02  6.11777082e-02  9.95365623e-03
  3.59004294e-03 -3.39578092e-02  1.68114889e-03 -5.64667173e-02
  1.08500965e-01  8.73206332e-02 -6.93598464e-02 -4.36355732e-02
 -4.24275212e-02 -1.03422422e-02  3.65069322e-02  2.87883673e-02
 -9.64206904e-02  7.10947216e-02  1.12805674e-02 -6.79217502e-02
  1.38363671e-02 -2.76695602e-02 -8.80120397e-02  3.89017425e-02
 -6.21310435e-02 -6.41184375e-02  2.70934813e-02 -1.47954888e-05
  9.05791223e-02 -6.58504888e-02 -1.28771335e-01  5.52412011e-02
  7.65670463e-02  6.81705177e-02 -4.37740572e-02 -4.76555042e-02
  8.28589350e-02 -1.31273139e-02 -2.72197649e-02  8.62595625e-03
 -8.31710920e-02  6.27740845e-02 -1.80395432e-02 -3.99863571e-02
  7.47438297e-02  3.45973149e-02  3.54678743e-02  3.04511692e-02
 -3.69598754e-02  8.41990188e-02 -2.89767422e-02  2.17776895e-02
 -1.37270316e-02  5.96227907e-02  2.76525673e-02 -6.48147749e-33
 -1.90184247e-02 -7.31425509e-02 -5.95699288e-02 -1.46166002e-02
  5.31330258e-02  5.85791431e-02  4.26517287e-03  2.72834972e-02
 -6.63933307e-02 -5.05121872e-02 -9.18360241e-03 -2.53484435e-02
  9.87958610e-02  2.55173910e-02 -5.67060038e-02  6.55132625e-03
 -5.67765087e-02 -1.71629786e-02 -6.79872110e-02  3.02187987e-02
  7.18079656e-02  1.11608267e-01  4.51230742e-02  1.57961752e-02
 -2.03441307e-02 -6.07750006e-02  6.22388087e-02 -5.32690436e-02
 -1.35963131e-02  3.79375555e-02 -9.48230550e-03 -3.35918926e-02
 -9.56482440e-02  1.36898041e-01  3.52335386e-02 -7.80478120e-02
  9.63296443e-02 -1.68223418e-02 -4.64918129e-02  7.26080239e-02
  4.85278405e-02  9.39625055e-02  1.53880147e-02  1.25816306e-02
 -4.98194434e-02  1.56804547e-02 -4.15860005e-02 -7.87787139e-02
  4.82976483e-03 -6.91791773e-02  5.68555184e-02 -1.10915489e-02
 -5.08213183e-03  1.32412836e-02  5.83378784e-02 -5.23622930e-02
 -6.05698451e-02 -7.00082555e-02 -1.20268628e-01  2.50524096e-02
  9.14789662e-02  7.19424114e-02 -8.02745968e-02 -4.36358377e-02
  1.27109066e-01  4.12990972e-02 -1.08570524e-01  3.75164114e-02
  6.42523095e-02  2.92605292e-02  6.03736006e-02 -9.19712111e-02
 -1.04800582e-01 -1.43827433e-02  9.21180397e-02  2.45220936e-03
 -6.61247745e-02 -8.79743882e-03 -6.51931241e-02  3.98236029e-02
  4.43651527e-02 -3.42696197e-02  1.02876360e-02 -1.87488180e-02
  8.77611991e-03  5.94190247e-02 -1.41240908e-02 -2.99911499e-02
  1.49225798e-02  7.09291771e-02 -3.67855169e-02 -3.73472609e-02
  2.39682738e-02  4.92631234e-02  1.35651622e-02 -6.41887254e-08
  2.22174693e-02 -2.84746215e-02  3.35799083e-02  3.95383537e-02
 -1.38270967e-02 -6.14835471e-02 -2.02736799e-02 -2.70011015e-02
 -4.97023612e-02  7.06672370e-02  1.06741592e-01 -3.37162130e-02
 -6.50356784e-02 -2.26655323e-02  1.89479180e-02 -4.47446927e-02
 -3.10185906e-02  6.45836368e-02 -4.13972065e-02 -4.22699749e-02
 -3.80475335e-02 -2.08036285e-02 -5.75203635e-02 -2.20406502e-02
  4.20344882e-02  1.31909605e-02 -2.75398488e-03 -1.41000869e-02
 -3.13306786e-02  2.87046209e-02 -3.90099511e-02 -1.29816039e-02
  2.31812149e-02 -3.51210274e-02 -6.81366101e-02  2.94795614e-02
 -5.14086299e-02  1.90588385e-02 -1.90738756e-02 -4.25338559e-03
  8.66672546e-02 -3.89334396e-03  3.12249791e-02  8.05499498e-03
  7.14364201e-02 -7.72737246e-03 -2.03383900e-02 -3.12908250e-03
  4.74525169e-02 -4.77696694e-02 -8.30960050e-02 -2.83736195e-02
  4.82365191e-02  2.77344882e-02 -1.97923519e-02  6.44594431e-03
  1.05897732e-01  8.15598667e-03 -2.20798980e-02 -2.06720997e-02
  9.67849568e-02  1.19497059e-02  1.82021910e-03 -7.92160071e-03]