[ 2.48162579e-02  1.12473816e-02 -5.49001917e-02 -4.71215136e-02
 -9.83625948e-02  1.05273761e-02  2.00521033e-02  7.46167824e-02
  4.18514460e-02  4.89512794e-02  1.13255136e-01 -1.01105012e-01
 -4.87126447e-02  6.16982905e-03 -3.18198986e-02 -2.67256629e-02
 -7.67039647e-03  6.63510710e-02 -8.16361532e-02 -1.18704280e-02
  1.36654124e-01 -3.78798246e-02  2.57829763e-02  4.76116873e-02
  2.60990337e-02  4.51160856e-02 -8.50556791e-02  6.23743124e-02
 -1.80389937e-02 -5.64072654e-02 -3.41559091e-04  1.35149434e-01
  1.20717570e-01 -9.54771042e-02 -7.81364390e-04  1.96550302e-02
 -3.45369354e-02 -1.32674864e-02  3.42907757e-02  8.93140137e-02
 -3.29422690e-02 -3.64457723e-04  3.00382413e-02 -1.36487363e-02
 -2.73232684e-02 -6.06588200e-02 -1.95972696e-02  4.13482338e-02
  6.69408739e-02  3.18462029e-02  1.54496962e-03  1.63037386e-02
 -2.10291818e-02  6.24141768e-02 -1.05476798e-02 -7.18176886e-02
 -3.67720202e-02  1.81269981e-02  2.67901272e-02  8.96349251e-02
  6.47814423e-02  6.71434775e-02 -9.03980210e-02 -3.29760015e-02
  3.76099125e-02  1.54165467e-02 -1.88252088e-02 -7.09753856e-02
 -6.63702562e-02  1.27267633e-02  3.76028158e-02  5.75435581e-03
  5.08367158e-02  4.57823724e-02 -7.76896477e-02  2.81809326e-02
  4.14640941e-02  5.16136177e-03  3.51036387e-03 -6.08076751e-02
  7.24545820e-03  5.25605381e-02  1.14924423e-02 -7.85301179e-02
  2.45662350e-02 -1.64152477e-02  1.62597802e-02  4.43390124e-02
  1.84803288e-02 -2.96956021e-03  6.52950928e-02  5.80188408e-02
 -7.09566027e-02 -8.07631016e-02 -7.90140592e-03  1.35878650e-02
 -8.88756290e-03 -1.99665464e-02  5.21116294e-02 -3.55276167e-02
  3.93989235e-02 -1.72981387e-03 -8.76189116e-03 -3.89990993e-02
 -9.11238417e-02  2.89425030e-02  1.63173825e-02  7.70667717e-02
  4.63787019e-02  5.09154946e-02 -1.03674963e-01 -9.66573041e-03
 -5.17833121e-02  1.38124255e-02 -4.96477336e-02  7.49970227e-03
 -3.20419259e-02 -3.08313463e-02  1.32969199e-02  1.36934072e-02
  1.47796646e-02 -2.24346053e-02  9.22118500e-02 -4.89827208e-02
  4.75916304e-02 -9.02502313e-02  1.88563596e-02  1.56305396e-32
  1.16149215e-02  1.78499445e-02 -6.23793062e-03  4.50996496e-02
  4.25268970e-02  6.13036975e-02 -7.31523037e-02  3.93450893e-02
 -5.82516892e-03 -2.67150849e-02 -7.84612671e-02  4.96654920e-02
  9.38617252e-03  2.10906491e-02  1.04190536e-01  1.66065171e-02
  5.60020749e-03 -9.22321714e-03  1.56407692e-02  1.93920564e-02
 -8.59234203e-03  4.79366705e-02 -2.47366750e-03  3.76905240e-02
 -9.79531463e-03  8.51592794e-02 -9.48704407e-03  8.35730135e-03
 -7.82911181e-02  5.34645058e-02  3.52773927e-02  2.57802736e-02
 -8.16612989e-02 -9.25061479e-02 -2.60995664e-02 -3.06517631e-02
  6.52246848e-02  2.03880835e-02 -5.09574562e-02  5.36298975e-02
 -7.21753016e-02  3.68404575e-02  8.12582225e-02  4.96202409e-02
  2.03604028e-02 -4.82895933e-02  3.74063551e-02  2.15804186e-02
  1.05134107e-01  8.85415673e-02 -6.45226017e-02 -1.26133049e-02
  6.87387437e-02 -5.88892102e-02 -2.71987934e-02  1.50399217e-02
 -9.23357159e-02  5.94947599e-02 -4.35762294e-02 -5.36215864e-02
  1.75844617e-02  7.81241385e-03 -2.07463074e-02 -3.61885950e-02
 -3.34708877e-02 -1.86406169e-02 -6.24142811e-02 -1.98450144e-02
  1.28820702e-01  1.94630064e-02 -7.26288557e-02 -3.75135951e-02
  9.65343439e-04  2.90123951e-02 -4.21229703e-03  2.25205217e-02
  7.04949871e-02 -5.16027026e-02 -4.08754647e-02  2.32263692e-02
 -5.37924729e-02  9.48268771e-02 -1.25581706e-02 -3.23647708e-02
  9.27487686e-02  3.36869508e-02  5.05137071e-02 -8.93905759e-03
  3.42163593e-02  5.48020788e-02  1.82111133e-02 -1.34290196e-02
 -4.60800081e-02 -1.65234096e-02 -4.33862861e-03 -1.47317610e-32
  3.72585319e-02  7.02652037e-02  8.82618537e-04  4.33223173e-02
 -1.34864254e-02  1.80744175e-02  3.93302292e-02 -1.07396394e-02
  7.44134327e-03 -1.04841895e-01  4.14621048e-02 -9.31919366e-02
  3.13071422e-02 -5.38588390e-02 -3.82422507e-02  5.10850400e-02
 -9.66489166e-02  3.02172154e-02 -4.44303825e-02 -2.37805936e-02
 -6.08239137e-03  1.15486413e-01  5.82495611e-03 -3.45620909e-04
  4.32085395e-02 -2.21099351e-02 -6.62003085e-02 -4.87990454e-02
  4.73012701e-02 -1.43346377e-02  1.38280606e-02 -4.20180857e-02
 -3.70819829e-02  7.68600255e-02 -6.61855265e-02 -1.90987103e-02
  3.05431541e-02  1.23306748e-03  1.30504863e-02  9.93701443e-02
  5.07173054e-02  1.84756480e-02 -4.65528853e-03 -8.21836852e-03
 -3.31936777e-02 -1.11615025e-01  4.78530899e-02 -1.03760101e-01
  2.73934044e-02 -1.64288767e-02  1.38341650e-01 -2.88784280e-02
 -1.35959789e-01  6.97974563e-02  8.11657012e-02 -2.23320480e-02
  2.31897123e-02 -1.91799011e-02 -1.45795703e-01 -1.11452146e-02
  7.63535360e-03  2.64520682e-02  4.22595143e-02 -4.75311875e-02
  1.06663190e-01  5.56284748e-03 -2.75101364e-02  8.88199806e-02
  3.89860012e-02 -1.47164688e-02 -1.37955835e-02 -8.17332417e-02
 -4.18697996e-03 -6.37755394e-02  4.04933766e-02 -3.64823416e-02
 -8.40080157e-02 -3.93515639e-02 -1.39708417e-02 -2.91091274e-03
 -7.23634139e-02 -2.92307828e-02 -3.52755073e-03 -4.57385443e-02
 -5.48889115e-02 -1.23173557e-02 -5.54006372e-04  5.07272556e-02
  1.58942323e-02  4.75473441e-02 -1.15363682e-02  1.20799579e-02
  7.13389814e-02  4.79094349e-02  3.21227908e-02 -5.94546634e-08
  1.95995681e-02  1.33326268e-02 -8.42113141e-03  5.94202429e-03
  2.43410934e-02  7.46239908e-03 -1.31907035e-02 -2.34391093e-02
 -2.84199733e-02 -3.20884399e-02  1.00888098e-02  5.61094657e-02
 -7.22257793e-02  2.65280940e-02 -2.08981968e-02 -2.22201683e-02
  5.30295186e-02  5.00130579e-02 -3.05766743e-02 -3.99161018e-02
  1.14214169e-02 -4.40513566e-02 -6.05514348e-02 -1.24331913e-03
 -6.69421256e-02 -1.66234206e-02 -4.95414138e-02  2.83118077e-02
 -2.80944873e-02  1.87579393e-02  1.63401652e-03 -2.00400166e-02
 -1.53719401e-03 -1.40074328e-01 -4.17107120e-02 -2.57667694e-02
 -2.23813858e-02  7.10842200e-03 -4.45791148e-02  5.84975183e-02
  6.21359833e-02 -1.47345111e-01 -9.64661688e-02  3.28972936e-02
  3.60866562e-02 -6.84590340e-02 -3.88171189e-02  6.06086589e-02
 -3.85176800e-02 -5.62744550e-02 -5.55504039e-02 -3.38948406e-02
 -4.22538854e-02 -2.28369031e-02 -5.09299822e-02 -1.21756061e-03
  4.79920916e-02  2.69023143e-03 -6.09868625e-03 -1.14286095e-02
  4.67603467e-02  1.82754714e-02 -1.35969743e-02 -1.30501449e-01]