[-3.58846188e-02  6.00295663e-02  1.44101782e-02 -1.17849454e-01
 -7.53067136e-02  3.61762717e-02 -1.25831096e-02  8.89133364e-02
 -8.58984946e-04  3.31082940e-02  8.48350823e-02 -4.83036302e-02
 -3.97587381e-03 -1.21024856e-02  5.96144795e-03 -3.19557339e-02
 -7.89340958e-02  9.02515894e-04 -2.95909029e-02  2.62782024e-03
  2.75941473e-02 -1.61510091e-02 -7.58456215e-02  7.07109645e-03
 -1.16517209e-01  2.10272204e-02  3.27860713e-02  6.30360842e-02
 -3.25128473e-02 -4.47687209e-02  1.76160049e-03  1.39293358e-01
  1.64265726e-02 -8.02597124e-03 -3.91919445e-03 -7.95157347e-03
  3.28038111e-02 -7.49869496e-02 -2.87892967e-02  3.62876952e-02
 -3.32213975e-02 -5.50553724e-02 -8.05715472e-03 -4.01664302e-02
  1.69513356e-02 -3.34691331e-02  2.37400606e-02  6.43641576e-02
 -3.27374712e-02 -8.63083750e-02 -8.27525780e-02  2.36347150e-02
 -1.35902818e-02 -3.69991846e-02 -3.18209939e-02 -1.84241217e-02
 -2.61011291e-02 -4.53345925e-02  3.62755209e-02 -2.28274222e-02
 -3.26408562e-03  5.82905859e-02 -4.45296504e-02  5.24875373e-02
  3.10938358e-02 -5.48124015e-02  1.93461124e-02 -3.30862589e-02
 -2.11573066e-03  7.97381997e-02  7.89371692e-03 -4.63085137e-02
 -2.23595626e-03  4.53340411e-02 -6.09463900e-02  8.89462084e-02
 -2.43891906e-02  6.29531443e-02  3.11132357e-03 -1.08413495e-01
  1.84240527e-02 -3.53751630e-02  3.72669697e-02 -4.45608199e-02
  2.88464744e-02 -1.87544040e-02  2.35387478e-02 -2.53342856e-02
  1.55605413e-02 -8.07483792e-02  7.14137256e-02  8.39176774e-02
 -2.28150561e-02  6.94120005e-02 -4.29117754e-02 -3.05297840e-02
 -3.78935225e-02 -1.39889959e-03 -8.12844466e-03  7.87033960e-02
  8.09337348e-02  3.12892236e-02 -8.36664587e-02  3.70668806e-02
 -9.12630409e-02  4.27794782e-03  2.54966244e-02  4.70189974e-02
  1.27205141e-02  3.48976962e-02 -1.03662744e-01 -2.19934899e-02
 -4.26245257e-02 -9.84843299e-02 -7.28691071e-02  1.40456064e-03
 -5.06533459e-02 -4.43158671e-03  6.38705790e-02  1.57404654e-02
  4.89793159e-02 -8.66580680e-02 -3.98728512e-02 -1.53865051e-02
  4.05046642e-02 -1.04866117e-01  4.60260920e-02 -1.26569738e-32
 -1.46714579e-02 -2.94785798e-02 -1.82339624e-02 -4.18109559e-02
  1.46406097e-02  7.35823065e-02 -7.79849365e-02  2.70208754e-02
 -1.40027907e-02 -7.48620257e-02 -7.13927895e-02 -3.83811891e-02
 -3.21992263e-02 -4.84976135e-02  8.25923383e-02  7.78109627e-03
  5.76435067e-02 -4.36000479e-03 -2.63720807e-02  7.52553437e-03
  4.10133228e-02  5.49377408e-03  5.27732261e-02  4.89323996e-02
  6.97056428e-02  1.13052078e-01  7.73825170e-03 -5.84759526e-02
 -6.61804378e-02  1.91987976e-02  9.33754817e-02 -4.75050174e-02
 -3.97429392e-02 -9.61867534e-03 -1.03807626e-02 -1.33500900e-02
  1.10056102e-02 -3.83059531e-02 -9.37339813e-02  1.69276837e-02
 -3.04366387e-02  2.30355579e-02  3.24239917e-02  3.10834106e-02
  1.63315199e-02  2.59786546e-02 -1.02438098e-02 -2.52155922e-02
  1.18074328e-01  3.04150861e-02 -8.88039246e-02 -7.17380345e-02
 -7.53762573e-02 -5.40692024e-02  3.16615030e-02  3.26069519e-02
 -1.32442981e-01  2.00933982e-02  1.76290330e-02 -1.04347151e-02
  9.82326735e-03 -2.48643607e-02 -6.31118268e-02 -1.82945449e-02
 -3.69952321e-02 -1.00128613e-02  2.93653719e-02 -2.48447433e-02
  7.18891248e-02 -2.51126438e-02 -6.22114576e-02  8.11573118e-03
  2.72000525e-02  4.59987745e-02 -5.90009652e-02  3.82189266e-02
  3.82732637e-02  2.07638219e-02  1.52675556e-02  6.78006858e-02
  2.37933677e-02  7.00397557e-03  8.35142471e-03 -8.23394209e-02
  6.01933300e-02 -1.03190718e-02  5.58594577e-02  2.61956025e-02
 -7.12159723e-02  1.24991462e-01 -5.54342940e-02  7.91900456e-02
  3.63674350e-02 -1.34810852e-02  4.00679819e-02  4.41609387e-33
 -1.50482673e-02 -6.98062219e-03 -3.23117189e-02  1.52855413e-02
 -8.90536420e-03  8.08852818e-03 -4.30903174e-02  5.19051142e-02
 -1.28699895e-02 -1.44043909e-02  2.35965736e-02 -1.56737231e-02
  8.72589499e-02 -3.85031737e-02 -6.99900240e-02  4.29320857e-02
  1.98981017e-02 -3.88890654e-02 -1.15467086e-01  1.04376506e-02
 -2.61633787e-02  1.78390980e-01 -4.15785946e-02  5.06936852e-03
 -5.17217480e-02 -4.56964299e-02  4.23083603e-02  3.40751968e-02
 -1.03762925e-01  2.45638937e-03  1.92783158e-02 -2.14517172e-02
 -9.69897062e-02  1.30836964e-01 -9.01172683e-03 -6.06173277e-02
  8.33199993e-02  5.38608320e-02  2.62731570e-03  6.23039417e-02
  4.11462560e-02  7.90379941e-02  2.31510513e-02 -3.71084176e-02
 -7.88221359e-02 -5.86549416e-02 -2.22436246e-03 -1.71920136e-02
 -3.64443846e-02 -2.09132042e-02  6.08954467e-02 -3.49788517e-02
 -2.98837200e-03 -3.46258655e-02  6.29508048e-02  2.58193258e-02
 -2.72800159e-02 -6.75039738e-02 -6.37204573e-02 -1.66552290e-02
  4.92424965e-02  3.07944100e-02 -6.60880059e-02 -4.40196618e-02
  9.82280895e-02 -2.57167555e-02 -5.92675097e-02  3.54782343e-02
  8.15427974e-02 -2.06433702e-03  2.66656037e-02 -7.18477592e-02
 -9.65486094e-02 -1.51066715e-02  2.35033575e-02  8.86928011e-03
 -7.31212273e-02  1.13124616e-01  1.53016653e-02  3.65200266e-02
 -2.39461362e-02 -1.67566538e-03 -9.15435981e-03 -5.68093266e-03
  3.10994918e-03  1.22005492e-02  9.87201743e-03 -3.95281725e-02
  2.76560690e-02 -1.05739674e-02  1.94613151e-02  1.48174129e-02
  1.69383157e-02  2.02817917e-02 -9.49245598e-03 -4.40041035e-08
  5.76953702e-02 -1.01209752e-01  2.29889844e-02  1.66028515e-02
  8.19878951e-02 -9.23141763e-02  8.93459748e-03 -6.69646189e-02
 -2.67071580e-03  9.11405608e-02 -4.77811135e-03 -3.86629328e-02
 -1.10418886e-01  3.67500708e-02 -2.18359865e-02 -2.55269296e-02
 -5.28893545e-02  6.93381801e-02 -6.79778010e-02 -1.40888691e-02
 -6.87586050e-03 -3.96614801e-03 -4.18526381e-02 -3.80577669e-02
  5.55362478e-02  8.90256837e-03 -3.12751643e-02 -2.43317522e-02
 -3.72666717e-02 -2.30618776e-03 -1.16949901e-02 -1.97497457e-02
 -1.80114210e-02 -8.15726295e-02 -8.10932815e-02 -1.43490862e-02
  7.16550574e-02 -2.85976995e-02 -3.63176540e-02 -2.59641819e-02
  1.63223788e-01 -3.44184041e-02  6.54384121e-02  2.50685103e-02
  5.49119562e-02 -4.25992794e-02  5.80682233e-02 -4.10263799e-02
 -2.42955564e-03 -2.86649764e-02 -1.23629421e-01  1.76047105e-02
  6.15054788e-03  2.37721577e-02 -2.82672197e-02 -6.09972030e-02
  1.68282501e-02  4.55620587e-02 -2.64831688e-02  4.41351309e-02
  6.48875013e-02 -5.07691060e-04 -4.86783162e-02  8.86636600e-03]