[-6.42644987e-02 -2.38350816e-02 -5.91422133e-02 -8.31152275e-02
 -1.06811203e-01 -7.02396967e-03  6.47160783e-02  1.15229070e-01
  6.43455088e-02  4.84517403e-02  1.06627159e-01 -4.08860063e-03
  7.57050887e-03  2.29822658e-02  8.48996937e-02 -1.06212698e-01
  1.15265828e-02 -2.17119586e-02 -5.61517524e-03 -1.00381870e-03
  1.11699857e-01 -4.08161022e-02 -5.25828376e-02  2.52738725e-02
 -2.27389554e-03 -8.85635689e-02 -1.56668331e-02  3.58598381e-02
 -9.77445580e-03 -3.46133523e-02 -6.40358999e-02  4.81430776e-02
  9.48732942e-02 -3.15407850e-03 -4.90414202e-02  8.99652857e-03
 -2.13206112e-02 -3.44858319e-02 -6.19760118e-02  9.83111411e-02
 -7.01281130e-02 -8.31078440e-02 -8.82281587e-02 -3.93572338e-02
  6.12195395e-03 -3.63050997e-02 -1.02395695e-02  1.80815570e-02
 -7.64128119e-02 -4.74635279e-03 -1.12987787e-01 -1.74348634e-02
 -2.19666008e-02  3.83624956e-02  8.39769607e-04 -2.80629806e-02
 -6.75210357e-02  8.34039040e-03 -3.63193965e-03  2.67859567e-02
 -3.97854410e-02  2.00818889e-02 -2.58842539e-02  9.53463838e-03
  4.92293052e-02  3.57874595e-02 -3.28134187e-02  1.36635089e-02
  8.74858070e-03 -5.95179461e-02 -1.06157362e-02 -7.72680044e-02
 -7.50192953e-03  6.25339076e-02 -5.50470799e-02  7.88561106e-02
  4.14841995e-02  3.94738056e-02 -3.65961380e-02 -1.12720855e-01
  3.87425087e-02  3.78785394e-02 -4.45196033e-02 -4.67302948e-02
 -1.82008673e-03 -1.72537770e-02 -7.88693130e-03  2.00982876e-02
  4.32615839e-02  2.39481032e-03  2.70577781e-02  3.84787917e-02
 -7.81819001e-02 -3.87334339e-02 -3.93375047e-02 -3.16566415e-02
 -3.31039354e-02 -3.33988704e-02  8.10226351e-02 -7.95118790e-03
  4.65610661e-02  3.67327034e-03 -2.74010915e-02  3.99418063e-02
 -7.86170736e-02 -4.36771214e-02 -2.86904369e-02 -3.75209861e-02
  5.68009242e-02  1.10246412e-01 -1.22898415e-01 -4.41538393e-02
 -9.55509096e-02 -1.22374222e-01 -1.40978962e-01  3.83942351e-02
 -1.01859756e-01 -3.63495499e-02  9.21013579e-02 -6.20420799e-02
  4.18500826e-02 -2.90293805e-02  6.24335930e-02 -3.55573483e-02
  4.63961810e-02 -2.76485551e-02  8.33614022e-02  9.94875309e-33
 -5.03130220e-02  2.45468132e-03 -5.42488992e-02  5.62973060e-02
  3.08865961e-03  5.31341918e-02 -4.01911810e-02 -3.75068223e-04
  4.36150879e-02  1.47465067e-02 -7.69312084e-02  7.98638612e-02
 -1.06574753e-02 -3.97188663e-02  6.56347945e-02 -5.85999005e-02
  3.47126611e-02  4.32171440e-03 -3.68432445e-03  5.37114730e-03
 -3.04842070e-02  4.05970216e-02  3.19912396e-02 -1.22409537e-02
  8.85668620e-02  3.37519497e-02 -5.17459922e-02  2.65290253e-02
 -5.42554818e-02  1.73404552e-02  8.38071108e-02 -4.66024354e-02
  1.48367956e-02 -9.04969778e-03 -2.93579642e-02  3.61772999e-02
 -4.44157049e-02 -6.84259981e-02  2.73143873e-03 -3.29208635e-02
 -5.00946492e-02 -7.26870121e-03 -6.07689703e-03  3.56476568e-02
 -8.24142899e-03 -1.98946744e-02 -2.14461386e-02 -1.43990526e-02
  1.03908509e-01  5.00595495e-02 -2.55529620e-02  3.83763434e-03
 -5.61540648e-02 -2.51481570e-02  3.26392464e-02  5.91597557e-02
 -6.17939048e-02  2.41111703e-02 -8.55854899e-03 -3.48847881e-02
 -4.14630584e-02 -5.27075455e-02 -3.58524695e-02 -3.06167696e-02
 -4.96824831e-02 -3.08685303e-02 -5.29954815e-03 -1.82988737e-02
  1.28268093e-01 -1.08716439e-03 -3.10200043e-02  2.61581428e-02
 -1.51066612e-02  1.99329853e-02 -1.87503509e-02  1.68103315e-02
  1.10240765e-02  6.01686649e-02 -3.12150344e-02  2.80910861e-02
 -6.24699891e-02 -2.66398798e-04  1.60140041e-02  3.80191058e-02
  1.13175459e-01  6.19970784e-02  3.71046066e-02  3.12177334e-02
 -1.44575406e-02  6.99275061e-02 -2.28700438e-03  1.37443721e-01
 -6.60020486e-02  7.15186447e-02  6.86138868e-02 -1.30432148e-32
 -9.90925357e-03  3.10995858e-02 -9.38960761e-02 -3.16253002e-03
 -3.24617513e-02  2.78389659e-02  5.34062274e-03 -3.12109897e-03
 -9.20258835e-02 -8.24573338e-02 -4.26121093e-02 -8.43269005e-02
  7.03500062e-02 -9.16016921e-02 -5.82889915e-02 -4.06788802e-03
 -5.94026707e-02 -2.56119519e-02 -1.75450779e-02  5.47636747e-02
 -1.89945325e-02  4.87527288e-02 -1.55797387e-02 -2.02976298e-02
 -4.37487150e-03 -7.65894428e-02 -1.99091975e-02  2.38642227e-02
 -6.82263523e-02 -4.30804230e-02  2.84275748e-02 -2.42434386e-02
 -3.16614918e-02  1.19688652e-01 -8.94359592e-03  4.72978875e-03
  9.86765400e-02  4.35460582e-02  2.87038088e-02  9.46593732e-02
  1.06379539e-01  2.66288985e-02  2.31919773e-02 -6.40899390e-02
 -8.86968374e-02 -2.06824876e-02 -1.12138400e-02 -1.06168002e-01
  6.60607265e-03 -3.40225175e-02  9.66974646e-02 -2.88772266e-02
  8.42267182e-03 -3.64618599e-02  1.92040037e-02  4.60722744e-02
 -1.55917471e-02 -9.45852101e-02 -8.58270749e-02 -1.24147506e-02
  1.34204745e-01 -2.64745243e-02  4.17911522e-02 -2.79108435e-03
  8.14294368e-02 -2.04047207e-02 -3.72039434e-03  5.03813736e-02
  2.41983328e-02 -8.30105692e-03 -1.65960472e-03 -4.53910828e-02
 -4.64312881e-02 -5.98674528e-02 -1.43417390e-02 -9.08345953e-02
 -4.75163981e-02  3.48116569e-02 -7.70899002e-03 -1.01285549e-02
 -7.20606670e-02  7.61972591e-02 -8.88168626e-03 -9.79620405e-03
 -6.02835007e-02  8.29158872e-02  6.32101968e-02  5.49747050e-03
 -1.62752601e-03  3.95549946e-02 -5.21902181e-02  9.56041366e-02
  3.28730717e-02  9.61145386e-02 -3.48175205e-02 -6.66679156e-08
  1.26530593e-02 -7.46617094e-02  3.14959437e-02  2.88774888e-03
  6.08277321e-02 -7.30577484e-02 -2.51374915e-02 -1.78924594e-02
 -1.43377064e-02  1.43859629e-02 -3.81535292e-02  1.47704780e-03
 -9.92693976e-02  2.03156732e-02  3.92011032e-02 -7.13569894e-02
  1.91842876e-02  4.66476902e-02 -5.68362288e-02 -2.91065499e-02
  4.53083254e-02 -2.60417834e-02 -6.20829910e-02 -5.24292816e-04
  5.13804816e-02 -5.55345649e-03 -2.13424806e-02  4.34569195e-02
 -3.87778739e-03  2.60133371e-02 -4.39129733e-02 -6.01476105e-03
  5.05948476e-02 -6.61371723e-02 -2.39867009e-02 -8.12863000e-03
 -8.66900291e-03 -9.79846064e-03 -2.10020505e-02  4.60111275e-02
  7.47167319e-02 -3.85997705e-02 -1.66751668e-02  5.91806360e-02
  4.85057198e-02  8.02449696e-03 -6.26026541e-02  1.23198349e-02
  7.24999001e-03 -6.58324584e-02 -4.51663435e-02  4.54368368e-02
  1.59130283e-02 -8.67211539e-03 -1.61597934e-02 -2.21208930e-02
  5.25784940e-02  3.60486321e-02  1.70643367e-02  9.38804075e-03
  2.62951646e-02  4.31320593e-02  1.44568551e-02 -7.04358984e-03]