[-4.35607769e-02  1.09034277e-01 -4.68987226e-02 -9.59217921e-02
 -5.00712208e-02 -2.51002759e-02  2.88910531e-02 -8.14452302e-03
 -3.27164680e-02  5.88058382e-02  5.58516867e-02 -3.75036970e-02
  2.81118806e-02 -1.87643003e-02  5.84182627e-02 -7.38430023e-02
  2.73175091e-02  6.92446977e-02 -3.61280218e-02  5.24234511e-02
  1.78506404e-01 -4.09487709e-02 -2.77397465e-02  8.56573880e-02
 -8.76539722e-02 -1.15904864e-02 -2.28197612e-02  1.22017888e-02
 -1.01437256e-01 -4.48240414e-02 -4.80399244e-02  3.79299335e-02
  8.52467716e-02  2.53414530e-02  5.03537394e-02 -5.21167405e-02
  6.54915944e-02 -3.02428398e-02 -9.46591515e-03  8.49587321e-02
 -9.05353203e-02 -8.71828571e-03 -7.07359985e-02 -4.45154384e-02
 -4.82767262e-02 -9.33159236e-03  3.65070626e-02  6.22628666e-02
 -6.11582911e-03 -1.45899728e-02  2.64579486e-02  2.09681336e-02
 -3.75854671e-02  4.56005856e-02  2.52694525e-02 -5.32057397e-02
 -2.67510395e-02  7.86582753e-03  9.94405337e-03 -5.72550856e-03
 -4.84971888e-02  4.45027687e-02 -3.69511843e-02  4.59911190e-02
  3.65442224e-02 -1.35838147e-02  1.15382886e-02 -1.86135359e-02
 -5.89717440e-02  3.20640840e-02  1.30696353e-02 -3.60241644e-02
  1.97722036e-02  5.29262945e-02 -1.86844822e-02  6.94678798e-02
 -4.92700329e-03  5.95983006e-02 -2.74115484e-02 -2.30333045e-01
  2.90931202e-02 -7.47506320e-03  2.72686090e-02  1.24853738e-02
  1.09201083e-02 -2.62263417e-02 -3.62704210e-02 -2.22087391e-02
  7.34712034e-02  1.72964688e-02  7.88041484e-03  6.13271259e-02
 -6.15076199e-02 -3.29005532e-02  2.74203671e-03 -3.70377712e-02
  3.14034289e-03  1.64692849e-02  3.90319414e-02 -1.01840114e-02
  5.12938611e-02 -5.18036969e-02  4.19543823e-03  1.93514191e-02
 -1.38286715e-02  8.02044477e-03 -3.43817100e-02 -7.98353106e-02
 -9.18254349e-03  1.01597928e-01 -1.25436140e-02 -4.85042743e-02
 -5.41413017e-02 -6.03615791e-02 -4.00415920e-02  1.16471620e-02
 -4.09695506e-02 -1.58534534e-02  3.06230597e-02 -2.57462617e-02
  5.14013767e-02 -3.75300273e-02 -1.40196132e-02 -3.91666666e-02
  1.73525028e-02 -6.26710802e-03  5.85018545e-02  9.03585169e-33
 -1.05519090e-02 -1.13783507e-02 -5.14190062e-04  3.11432052e-02
  1.04265148e-02  2.07949169e-02 -1.31924041e-02  2.53722686e-02
  5.72163910e-02  5.27643748e-02 -5.32502681e-02  6.23745956e-02
 -2.08052285e-02  5.68765216e-02  1.44447967e-01  9.57430806e-03
  5.55931218e-02  2.94871964e-02 -2.28089578e-02  6.70361742e-02
  1.78004857e-02  8.33261944e-03  3.06765418e-02 -2.03788397e-03
  3.35944444e-02  8.43412280e-02 -5.16496859e-02 -2.02819556e-02
 -7.11733773e-02  6.66975677e-02  8.03348646e-02  2.20864150e-03
  4.33949381e-02 -8.72376189e-03 -7.74884149e-02 -5.88494986e-02
  2.41475808e-03  1.76737253e-02 -7.25319888e-03 -1.75885633e-02
 -3.00626140e-02 -3.28068435e-02  7.52783269e-02  5.07495813e-02
  6.04481176e-02 -5.74553711e-03  8.51075128e-02  2.83660628e-02
  1.07867822e-01  1.03653176e-02  1.87184419e-02 -1.35045673e-03
 -2.58411374e-02 -9.95449945e-02  3.30072716e-02 -5.43656200e-02
 -9.50038061e-02  5.51456511e-02 -3.13124023e-02 -1.21357059e-02
 -6.96689188e-02  1.14050433e-02 -3.55585888e-02  5.02211638e-02
 -3.04411687e-02 -4.04429510e-02 -7.16326907e-02  8.06021765e-02
  1.35876209e-01  2.31202655e-02 -5.91376983e-02 -5.93467243e-03
 -4.54285294e-02  6.06974624e-02 -1.31682856e-02  5.37549555e-02
  7.77157620e-02  2.56437343e-02 -8.09056386e-02  1.29371891e-02
 -8.27185586e-02  4.52176929e-02 -4.59883586e-02 -5.84072098e-02
  4.82318811e-02  3.82490158e-02  1.08069040e-01  5.24116755e-02
  9.04847309e-02  1.35310777e-02  6.62907809e-02  2.24324763e-02
 -4.10390832e-02 -1.19816596e-02  4.13753949e-02 -1.27394729e-32
  1.14991833e-02  9.18155909e-02 -1.64567400e-02 -4.43680398e-03
 -2.14157738e-02  1.50675857e-02 -4.13602330e-02 -1.88049469e-02
 -5.95350638e-02 -1.09708644e-01 -4.43704948e-02 -9.42623466e-02
  7.78080337e-03 -6.08056672e-02 -4.20980453e-02 -1.97089352e-02
 -6.31507859e-02 -4.80054207e-02 -6.71124309e-02  1.05874697e-02
  8.30999315e-02  4.11725603e-03  1.39814764e-02  6.56325463e-03
 -3.01194787e-02 -7.56906420e-02 -1.09068818e-01 -1.10900365e-02
 -2.41406206e-02  1.75216310e-02  2.34575327e-02  5.04504610e-03
 -2.28492008e-03  1.01780511e-01  3.21537582e-03 -4.99428511e-02
  2.75433883e-02  1.79323088e-03 -2.94348039e-03  1.24066249e-01
 -2.65180855e-03 -6.94596395e-03  3.56310233e-02  2.92271134e-02
 -4.43047285e-02 -9.83941704e-02 -3.34486254e-02 -1.21669158e-01
 -8.09085183e-03 -5.81410863e-02  7.11063668e-02 -2.22912412e-02
 -2.16360856e-02 -4.56481688e-02 -1.05120277e-03 -2.34602392e-02
 -8.74030143e-02 -1.30241280e-02 -6.36356324e-02  8.56092200e-02
  7.11288005e-02  3.11642773e-02  1.60111338e-02  8.93006474e-03
  1.16310734e-02 -5.14233261e-02 -1.92345064e-02  3.13847810e-02
  2.35988759e-02  2.62922086e-02  2.88661346e-02 -1.06086396e-01
 -1.06389873e-01 -6.21328838e-02 -4.37063687e-02 -6.21456355e-02
  8.91232118e-03  4.05716486e-02 -2.87196077e-02  1.01677120e-01
 -5.31167649e-02 -1.72408894e-02 -2.56399065e-02  3.57431769e-02
 -2.91718785e-02  3.38536799e-02 -2.09332425e-02  1.23094907e-02
  7.17753870e-03  5.15422001e-02 -6.95831422e-03  2.83258092e-02
  3.89031619e-02  2.11535934e-02 -1.83478873e-02 -5.12269587e-08
  2.50973646e-02 -1.13617601e-02  4.38615726e-03  6.55983910e-02
 -3.20748799e-02 -4.56610769e-02 -6.62744492e-02 -4.37791087e-02
 -1.34577500e-02 -2.59559173e-02  7.26284906e-02 -2.29366124e-05
 -4.35494669e-02 -1.00831781e-02 -1.12116737e-02 -5.46221584e-02
  1.47908665e-02  5.60613126e-02 -8.54647681e-02 -4.56120521e-02
  1.34083424e-02 -3.25523783e-04 -1.32510990e-01 -2.03262381e-02
 -3.52622047e-02  2.25517526e-02 -7.45754167e-02 -6.78635240e-02
 -4.06540837e-03  1.37382373e-01 -1.26977637e-02 -2.82865260e-02
  8.55569076e-03 -9.91374329e-02 -9.34147369e-03 -7.15892389e-02
  9.66756139e-03 -1.22209676e-02  5.36030438e-03 -3.71731371e-02
  1.03637733e-01 -7.04788268e-02 -3.73838916e-02  3.13630961e-02
  6.07524589e-02 -6.62427917e-02 -2.39197891e-02  5.16999885e-02
 -5.75849488e-02 -1.95007883e-02 -1.88357085e-02 -3.06611788e-02
 -9.45883058e-03  1.51311858e-02 -7.24614039e-02 -4.48120460e-02
 -1.49269635e-02  2.85332110e-02 -4.05029468e-02 -3.32542323e-02
  5.07354885e-02  7.90274329e-03  1.47877214e-02 -2.79906485e-02]