[-5.20938821e-03  1.07180672e-02 -1.54894873e-01 -5.28560504e-02
 -9.41972733e-02  1.92666091e-02  3.80310230e-02  5.50694764e-02
 -7.42512941e-02  6.61282614e-02  3.38953696e-02 -1.32028565e-01
 -1.65500659e-02  2.08929367e-02 -4.16251756e-02 -5.30203320e-02
  2.58842874e-02  4.44972850e-02 -4.31106985e-02 -1.16942953e-02
  2.94457702e-03 -5.19787855e-02 -7.08238035e-02 -1.24990782e-02
 -1.08087510e-02  6.32207543e-02 -2.32099257e-02 -2.64835339e-02
  7.83213228e-03 -1.68699354e-01  3.23090032e-02  9.11003500e-02
  5.86486273e-02 -2.47109886e-02  2.96971900e-03 -7.32861832e-02
 -8.57133493e-02  1.49190556e-02  1.50451660e-02  2.80631781e-02
  2.85925269e-02  7.97833968e-03  1.42922327e-02  1.14237498e-02
 -4.24508471e-03 -1.43745169e-02 -1.20325208e-01  6.86654896e-02
  5.22824973e-02 -3.98288704e-02 -8.97866338e-02 -2.42630783e-02
  1.66316815e-02  7.85541385e-02  4.95154783e-02 -3.86063866e-02
  1.11619954e-03 -1.60864413e-01  1.11585017e-03 -4.06343751e-02
  5.68621559e-03 -1.83979999e-02 -1.87275205e-02 -2.85684280e-02
 -7.01827332e-02  2.95374747e-02 -5.03693633e-02  1.16690947e-02
 -3.54612730e-02  4.73352149e-03  1.49841132e-02  5.97903058e-02
 -4.44162339e-02 -2.97396327e-03 -9.91723686e-03  8.35827515e-02
  1.07483707e-01 -6.86275810e-02 -4.55475934e-02 -7.50765055e-02
 -7.69104809e-02  5.89450113e-02  3.37766781e-02 -2.15737317e-02
 -1.14258081e-02  2.96605062e-02  4.33880314e-02  7.05849454e-02
  5.90251163e-02 -3.80352922e-02  3.43484655e-02  6.09196909e-02
  4.16414700e-02 -1.94579214e-02 -1.51856150e-02  5.82256466e-02
  4.42025848e-02 -5.45150824e-02 -7.93587137e-03 -2.59377304e-02
  4.37619723e-02  4.79715364e-03  3.06292102e-02 -9.88756642e-02
 -8.12484249e-02  8.46676342e-03  1.73199158e-02  5.01342230e-02
  9.53286141e-02  3.53711471e-02 -1.00483932e-01  3.29048373e-02
  2.23618429e-02  6.11084178e-02 -4.42461744e-02  1.78303421e-02
  6.48311758e-03 -3.90251055e-02  7.00326860e-02 -3.19656800e-03
  9.51066464e-02 -3.71229835e-02 -8.88556615e-03  6.33028746e-02
 -1.07455388e-01 -3.88181433e-02 -5.79824783e-02  1.06626595e-32
 -3.44127081e-02  5.02368324e-02 -1.71460565e-02  8.01882055e-03
  3.59914340e-02  1.15271453e-02 -6.09920137e-02 -2.02471875e-02
 -2.42894441e-02 -2.71697156e-02 -9.72417742e-02  3.54305911e-03
  9.35892854e-03  3.04073747e-02 -3.82081233e-02 -4.46407981e-02
 -1.71997603e-02  5.08212782e-02 -8.50380585e-02 -5.46351857e-02
 -6.44006282e-02  7.62502477e-02 -4.11698557e-02  2.89253239e-03
  1.59079116e-02  1.18150048e-01 -3.06174401e-02 -1.58999339e-02
  3.30245197e-02  9.07490309e-03  6.46727309e-02  1.20155877e-02
  1.93804651e-02  1.42215164e-02  3.80299315e-02  2.42441595e-02
  3.50945927e-02 -1.69382039e-02  4.68027443e-02  4.75725867e-02
 -3.55582200e-02 -4.42242995e-02  2.80007292e-02  4.90459912e-02
  1.08106127e-02 -5.44857904e-02  4.10245433e-02  2.18896829e-02
 -1.61280818e-02  1.26066222e-03 -9.69769731e-02  5.99274188e-02
  1.51560397e-03  2.73960526e-03 -1.10001173e-02 -9.25882999e-03
 -3.51862013e-02 -9.37306695e-03  7.79046351e-03  2.60321945e-02
 -3.40333395e-02  4.41514216e-02  1.32831773e-02 -1.96301788e-02
 -7.17867613e-02  5.49824871e-02 -6.05894774e-02 -6.01055324e-02
  1.18027523e-01  3.89763601e-02 -7.83558562e-02 -5.67191392e-02
  3.82275581e-02  4.92796721e-03  5.61438575e-02 -7.64731970e-03
  6.13690093e-02 -1.55054890e-02 -8.02042056e-03 -5.57117583e-03
 -6.95594847e-02  6.39522001e-02 -7.50271603e-03 -7.19203874e-02
  4.54578064e-02 -5.21957800e-02 -4.59372764e-03 -1.63683877e-03
 -9.11645442e-02 -5.83289899e-02  2.65595820e-02 -2.24293265e-02
  6.47780150e-02 -3.29698808e-02 -7.84137771e-02 -1.05139969e-32
 -3.18942480e-02  6.53682202e-02  7.64450175e-04  3.31706256e-02
  8.11170563e-02  1.02382023e-02  5.05422130e-02 -1.65132694e-02
  3.40491310e-02 -2.93589626e-02  3.33900750e-02 -4.53686640e-02
 -1.62293448e-03 -4.30634730e-02  7.19588175e-02  5.64799160e-02
  5.53363487e-02  5.04068919e-02 -8.97210985e-02 -2.55475771e-02
 -5.71290478e-02  4.34508547e-02 -9.18963626e-02  8.02088678e-02
 -3.91841345e-02  1.40672266e-01  3.06737795e-02 -1.01630569e-01
  2.62798313e-02  7.54674450e-02 -4.44722809e-02 -1.08470865e-01
 -5.89415096e-02  3.58598307e-02 -3.36800963e-02 -3.00458334e-02
  2.45352555e-02  1.11575788e-02 -7.07325265e-02  3.02568115e-02
  1.05710283e-01 -5.18781431e-02  3.22919153e-02  4.36509103e-02
 -6.32785484e-02 -1.91999823e-02  1.23720337e-02 -1.00502111e-02
 -5.36563471e-02  6.59999773e-02  7.97219276e-02  1.70707908e-02
 -5.70018664e-02  7.43647367e-02  1.73282549e-02 -3.30401249e-02
 -2.05587316e-02  4.52984795e-02 -5.62361293e-02  1.21058673e-02
 -1.60982925e-02 -1.36504946e-02  5.12840860e-02 -2.03692913e-02
  3.25606987e-02  1.75575749e-03  2.29955949e-02  2.34053470e-03
 -4.98835072e-02 -1.09331561e-02  3.48957740e-02  1.25488043e-01
 -1.71676166e-02 -1.11476988e-01 -3.53801586e-02  1.87705103e-02
 -3.82539332e-02 -6.39970824e-02  3.79638225e-02  3.21804872e-03
 -6.23046644e-02  1.55850118e-02  5.26496209e-02  5.31555079e-02
 -5.25272787e-02 -1.61183532e-02  7.99815170e-03  8.71872827e-02
  1.50580946e-02  3.25811910e-03 -3.49682309e-02  6.42978474e-02
  7.46956542e-02 -1.87258068e-02  1.09596483e-01 -5.77392676e-08
  3.11943260e-03  2.03987099e-02 -2.45310534e-02  6.63116155e-03
  5.31171486e-02  2.87707765e-02  2.26310527e-04 -4.17854302e-02
 -1.09370522e-01  4.43221219e-02  9.50209275e-02  2.76058074e-02
 -3.50701273e-03 -1.22267492e-02  4.01494280e-02 -1.87680833e-02
 -1.54923126e-02  2.99358834e-02  2.36927234e-02  8.79852334e-04
  6.11671153e-03  7.84472376e-02 -9.27635189e-03 -1.39778107e-02
 -1.09552190e-01  5.94176026e-03 -9.33578797e-03  1.07019814e-02
 -7.06754718e-03  8.95329565e-03  7.89524149e-03 -3.92696746e-02
  5.55345006e-02 -3.36574316e-02  4.11429890e-02 -2.81739561e-03
 -5.65361194e-02  1.39106764e-02  2.11631116e-02 -5.44801913e-03
 -2.41497774e-02 -2.72642262e-02 -8.73352811e-02  5.27889840e-02
  3.20460908e-02 -6.39508218e-02 -6.05793223e-02  1.03739584e-02
  4.07586619e-02 -9.06838477e-02 -8.48517194e-02  2.48755068e-02
  3.17037590e-02 -6.60140887e-02  4.27029580e-02 -6.63080886e-02
 -6.30925968e-02  6.96235616e-03 -4.53720465e-02  6.87182248e-02
  2.35154815e-02 -4.63621132e-02  2.54139118e-03  3.80280986e-02]