[-1.27081862e-02  8.80439132e-02 -6.01667427e-02 -2.78705023e-02
  1.48514740e-03  1.93244554e-02  3.67252752e-02  1.28343806e-01
  1.45682953e-02  3.90856527e-02  6.62443936e-02 -2.64115948e-02
 -9.21587460e-03  5.36924489e-02  4.54381257e-02 -8.17967653e-02
  5.15684951e-03  3.36899385e-02 -4.82356027e-02  6.19973950e-02
  1.11084357e-01 -5.32117523e-02 -6.36244342e-02  5.58451451e-02
 -2.95179971e-02 -7.21444283e-03 -5.46933524e-02 -9.71663278e-03
 -6.79196715e-02  1.73143391e-02 -4.34308015e-02  2.44934913e-02
 -1.88369378e-02 -3.10986806e-02  1.50272262e-03  3.93669261e-03
  4.06668242e-03 -7.33677745e-02 -5.43429404e-02  9.13205445e-02
 -7.13472813e-02  1.18564591e-02 -4.63919342e-02 -3.05443048e-03
 -1.93076190e-02 -6.06184117e-02  7.42120519e-02  1.72417387e-02
 -2.80735251e-02  6.02393411e-03  1.31920772e-02  7.43551627e-02
 -3.21745276e-02  2.16546003e-03 -4.49117832e-02 -6.89540729e-02
 -3.14858183e-02 -2.92407628e-02  2.68333014e-02 -7.70900492e-03
  9.39381588e-03 -1.15294897e-04 -4.45947200e-02  2.28939578e-03
 -1.12542640e-02 -6.65145963e-02 -7.93434214e-03 -3.76858711e-02
 -4.09291871e-02 -1.14508625e-02  1.04391374e-01 -3.96679714e-02
  7.83592183e-03 -2.18921136e-02 -6.37154132e-02  1.20614031e-02
  2.89180782e-02  5.15455566e-02 -3.92765887e-02 -9.77219790e-02
  4.24078777e-02 -2.34070551e-02 -3.50978002e-02 -3.75924781e-02
  1.28013054e-02  4.45669889e-02  1.48910470e-02  6.80517927e-02
  1.98342465e-02  6.55169412e-02  4.99917679e-02  5.14922291e-02
 -7.71201923e-02 -4.94323224e-02 -1.26985591e-02 -3.16000208e-02
 -2.00224854e-02  4.31009382e-02  5.43488786e-02 -2.49377266e-02
  6.55508339e-02  7.60495514e-02  4.87088822e-02  5.00571020e-02
 -4.51711342e-02  2.31732428e-02 -1.13863181e-02  4.15143743e-03
 -1.25291198e-02  1.00267246e-01 -4.79683243e-02 -1.08653251e-02
 -5.63134179e-02 -2.58867145e-02 -1.03971414e-01  5.09325564e-02
 -5.76002002e-02 -5.96194677e-02  1.85568370e-02 -3.54632316e-03
 -1.63412690e-02 -4.69734930e-02  8.38395357e-02 -2.90952008e-02
 -3.24736722e-02 -8.85886028e-02  6.68370128e-02  7.46888686e-33
 -9.46767926e-02 -2.38908213e-02 -5.44897700e-03 -1.20699024e-02
  3.68081108e-02  1.06979776e-02 -9.38428938e-02  6.98656365e-02
  8.04521292e-02 -5.14833629e-02 -6.64949641e-02  4.44464274e-02
 -3.45555507e-02 -1.04025397e-02  3.93602699e-02 -1.24241812e-02
  3.04381605e-02 -1.51903676e-02  2.96072867e-02 -5.34091480e-02
  2.43781898e-02 -4.64015827e-02 -2.93260580e-03  2.18137586e-03
 -1.01180905e-02  7.92216584e-02 -4.62617353e-02  1.63223036e-02
 -5.39120957e-02  4.61211205e-02  4.73931693e-02 -4.07744125e-02
  4.67827991e-02 -1.93644315e-02 -8.52208864e-03 -4.59564552e-02
 -1.53978588e-02 -1.62239335e-02 -5.00011481e-02 -5.98718263e-02
 -3.59333381e-02 -9.39959101e-03  3.58420573e-02  1.05712719e-01
 -4.86365408e-02  1.03712706e-02  1.22194141e-01  2.96214665e-03
  1.40521735e-01  3.84457745e-02 -8.93433988e-02 -5.25637716e-02
 -7.87671730e-02 -4.20404822e-02 -2.50646658e-03 -1.40914498e-02
 -7.40857869e-02 -5.31803351e-03 -5.36928102e-02 -7.31854886e-02
  2.19106860e-02  8.93883035e-02 -8.87033623e-03 -1.16004832e-02
 -1.58072333e-04  3.19092604e-03 -1.24131311e-02  4.10838798e-02
  1.19208388e-01 -1.50832711e-02 -3.73105444e-02  1.25195682e-02
 -7.35652773e-03  1.48033304e-02  7.53773823e-02  5.38149104e-02
  7.36300573e-02 -1.47057055e-02 -1.87430121e-02  3.74432467e-02
 -8.16778988e-02 -9.14489478e-03  3.33633162e-02 -7.05265859e-03
  9.55965966e-02  3.55878621e-02  2.36493200e-02  3.15307006e-02
 -6.40817210e-02  5.33348396e-02  5.52487187e-02  1.06662817e-01
 -7.01931631e-03 -3.65759693e-02  6.19221292e-02 -1.02746640e-32
 -1.39920656e-02  6.74016848e-02  3.07701132e-03 -2.76060146e-03
 -1.50476350e-02 -1.29176490e-02 -3.17595154e-02 -2.29173489e-02
 -1.13157304e-02 -8.59927759e-02 -1.36249825e-01 -6.57916442e-02
  6.79209307e-02 -2.10610852e-02 -2.28473693e-02  3.94127984e-03
 -3.57693247e-02 -7.93112069e-02 -8.73177201e-02 -5.04713282e-02
 -3.52368243e-02  7.85825551e-02  3.87719013e-02 -3.17437761e-02
  6.91149384e-03 -2.44523529e-02 -1.18434886e-02 -8.64624307e-02
 -3.31152342e-02  6.00107294e-03  3.22357044e-02  3.31798121e-02
 -1.86692232e-05  1.53108090e-01 -5.91752343e-02 -5.44652008e-02
  1.08594358e-01  3.39981876e-02  1.55475251e-02  7.77710974e-02
  5.49832471e-02  1.88233461e-02  6.46881387e-02  8.51294771e-03
 -3.54770496e-02 -6.03916757e-02 -3.34689096e-02 -8.78909901e-02
  5.59793375e-02 -5.19255102e-02  9.20709595e-02 -5.34116179e-02
 -7.61720464e-02 -5.44500649e-02  5.78641482e-02  4.47722562e-02
 -9.70976055e-03 -3.86715867e-02 -9.02463943e-02 -7.18226433e-02
  9.93801653e-02  5.33746444e-02 -6.44856244e-02 -7.50685483e-03
  3.91113944e-02 -1.47309257e-02  4.07486185e-02  3.51631851e-03
 -2.74498630e-02 -1.36284030e-03  2.96716616e-02 -6.42351657e-02
 -7.69796818e-02 -3.24204043e-02  6.96899742e-03 -6.86673522e-02
  2.28449125e-02  6.64881915e-02  1.07361842e-02  4.01491821e-02
 -1.01687349e-01  5.05347326e-02 -5.09264134e-02 -4.93163280e-02
  2.61918064e-02 -1.81535967e-02 -7.30707198e-02 -2.45600287e-02
 -4.42435853e-02  8.68473276e-02 -6.60955384e-02  8.16634595e-02
  4.14359868e-02  1.23662557e-02 -9.47824121e-02 -6.18969835e-08
  2.33599637e-02 -9.78227146e-03 -3.48588675e-02  7.99265690e-03
 -2.16634944e-02 -9.54194590e-02  7.53897009e-03  2.64181904e-02
 -1.51215820e-03  8.39070380e-02  3.40209133e-03  2.33512763e-02
 -1.09927781e-01  6.31440282e-02 -6.09052628e-02 -6.62798434e-02
 -8.13906360e-03 -2.55299024e-02 -3.90748456e-02 -7.40610361e-02
  8.32290500e-02 -5.39667085e-02 -7.70273060e-02  2.32934281e-02
  8.42697918e-03 -2.09820904e-02 -3.75173911e-02  2.74890214e-02
  3.70007195e-02 -2.83965003e-02 -1.96766090e-02 -4.04343707e-03
 -3.26843373e-02 -6.35670349e-02 -1.06030144e-02 -4.19644117e-02
  7.01706037e-02  4.00015526e-02 -4.12285551e-02  6.78011030e-02
  9.79594439e-02 -7.54433125e-02 -2.00869944e-02  5.68402782e-02
  1.07054055e-01  1.99383236e-02 -5.37856147e-02  4.57629301e-02
 -7.02096149e-02 -6.62496488e-04 -2.66682152e-02  3.44496663e-03
  1.56691000e-02  5.87063357e-02 -4.43150587e-02 -2.03639176e-02
  1.40524721e-02 -5.05510624e-03 -3.98763977e-02  2.43959632e-02
  4.01034318e-02  3.08992453e-02 -4.02063783e-03 -2.59566009e-02]