[ 3.67571600e-02  4.82882187e-02 -5.72656468e-02 -7.43912458e-02
 -3.38683128e-02  1.29041644e-02 -3.24219055e-02  9.21568871e-02
  1.72336251e-02  8.59097093e-02  2.94381939e-02 -1.84137560e-02
 -7.23457113e-02 -1.92734525e-02 -3.98400649e-02 -4.81069796e-02
  1.66516099e-02  3.26571916e-03 -1.34950783e-02  5.24706319e-02
  1.16533965e-01 -5.93108982e-02 -3.80522683e-02 -6.10421458e-03
  9.33600997e-04 -7.65608763e-03 -4.75168042e-02  1.25836022e-02
 -2.80281361e-02  2.73101479e-02 -4.91926866e-03  1.07550465e-01
  5.27868681e-02 -1.00676659e-02  3.10891937e-03 -3.26766558e-02
  4.82583195e-02 -6.20723367e-02  1.21057574e-02  6.17497042e-02
 -2.49578897e-03 -8.15829039e-02 -2.11124383e-02 -4.67611440e-02
  4.81200255e-02 -1.34335086e-03  1.36429481e-02  6.19494952e-02
 -4.34913114e-02  2.70342175e-02 -8.25393572e-02  7.18144514e-03
  1.05902296e-03  1.70598589e-02 -4.44159508e-02 -7.02610537e-02
 -5.47329076e-02  1.83684807e-02  2.03793142e-02 -2.78537609e-02
 -3.34607847e-02  3.32974866e-02 -8.24021697e-02  3.44783701e-02
  3.26143391e-02 -3.96944135e-02  6.44662157e-02 -4.09093425e-02
 -8.20627064e-02  5.58048300e-02  4.67343368e-02 -2.76106279e-02
 -2.13707574e-02 -6.71386793e-02 -7.34236389e-02  3.68896537e-02
 -3.62376794e-02  9.00854170e-02  5.96992970e-02 -1.72599569e-01
  4.34995554e-02 -2.88981814e-02  1.55466925e-02 -3.63688953e-02
 -1.07257219e-03 -3.51037793e-02  7.55858049e-02  4.71099615e-02
  4.65162508e-02  2.09149104e-02  1.03786230e-01  6.36599213e-02
  1.23653691e-02  2.83447816e-03 -8.92043579e-03  3.67431082e-02
 -3.23079973e-02 -1.27206966e-02  1.09631464e-01  1.75791029e-02
  2.82880049e-02  8.69958550e-02 -7.50461072e-02  3.01226117e-02
 -6.25127032e-02  5.07812537e-02 -7.36086024e-03  1.83215702e-03
  3.52652520e-02  3.92290764e-02 -6.62089586e-02  5.14796972e-02
 -8.24198350e-02 -7.93171600e-02 -3.78714949e-02  1.64382439e-02
 -5.25082052e-02 -1.69163831e-02 -9.67446889e-04  5.59140854e-02
  2.62323450e-02 -4.19668853e-02 -2.77103148e-02  7.59158563e-03
  4.90584970e-02 -4.79684621e-02 -3.62971686e-02  1.34422907e-32
 -2.29293630e-02 -7.89931044e-02  1.82729382e-02 -9.26038474e-02
 -6.07362315e-02  5.21786101e-02 -3.16244327e-02  1.11662112e-02
  2.27521602e-02  3.74517590e-02 -1.42080396e-01  4.90696542e-02
 -1.62223410e-02 -6.85765445e-02  1.24204442e-01  4.60936166e-02
  1.21088047e-02  1.50304167e-02 -2.29209419e-02 -3.70789655e-02
  1.73552018e-02  1.16753643e-02  3.06803752e-02  3.13731916e-02
  3.37097165e-03  1.31410897e-01 -5.15641980e-02 -3.96512263e-02
 -6.17788769e-02  4.67242971e-02  4.66754511e-02 -4.61033098e-02
  2.40608733e-02 -5.24941720e-02 -6.19255193e-02  1.77475065e-02
 -2.82423478e-03  2.81595439e-02 -1.36436326e-02  4.72321883e-02
 -6.22567311e-02  6.19898317e-03  1.16862059e-01 -2.99715344e-03
 -6.55396134e-02 -1.79317817e-02  4.85478006e-02 -5.46452291e-02
  1.29993394e-01  8.87707025e-02 -8.92066136e-02 -4.10535634e-02
 -2.47884020e-02 -4.39521633e-02 -2.13781651e-02  3.17528881e-02
 -1.07514337e-01  3.36622931e-02 -5.23012578e-02 -6.32010102e-02
 -2.08929041e-03 -1.02575391e-03 -4.15377226e-03 -8.91583785e-03
 -1.35255828e-01  6.69482956e-03  6.10750914e-03 -1.05498286e-04
  4.17916663e-02  3.02037448e-02 -7.64363259e-02  1.58656947e-02
  9.43411142e-03  5.37935160e-02  4.83238474e-02  5.60717192e-03
  7.94596151e-02 -2.72158962e-02 -1.07001774e-02  1.43243233e-02
 -1.35732070e-02 -8.08991678e-03 -2.07457487e-02 -8.63737613e-02
 -2.73672752e-02  6.31816164e-02  7.12651163e-02  1.91066936e-02
  4.42670211e-02  4.45863008e-02 -2.57290564e-02 -6.89075366e-02
 -1.55139826e-02  3.32004158e-03  1.84181985e-02 -1.55857576e-32
 -6.83463812e-02  2.41007991e-02 -3.49672362e-02  4.19032536e-02
  9.75128263e-03  1.87490825e-02  6.59271926e-02  3.79414152e-04
 -4.04735543e-02 -3.97067480e-02 -6.18077209e-03 -3.11749168e-02
  8.17710832e-02  1.50161870e-02 -6.26899377e-02  6.08937368e-02
 -7.20358863e-02 -4.87879291e-02 -6.86116070e-02 -3.21101844e-02
  4.79972623e-02  1.22532785e-01  4.14959714e-02  3.74416262e-02
  9.73196048e-03 -4.87193987e-02  8.29319376e-03 -5.60648181e-02
 -5.48335984e-02  1.39380004e-02  1.84921734e-02 -4.06064726e-02
 -4.33188118e-02  8.09688121e-02 -9.65728424e-03 -3.02925669e-02
  8.07950944e-02 -4.18205522e-02 -4.35922816e-02  5.06667644e-02
  5.03485464e-02  1.08595982e-01  1.21932337e-02 -5.61829768e-02
 -6.49627903e-03  2.85887122e-02  2.94981878e-02 -3.62956896e-02
  7.00885579e-02 -1.05674557e-01  9.64421406e-02  5.70292063e-02
 -3.09786778e-02  3.77469510e-02  8.33089501e-02 -1.65076051e-02
 -4.52473275e-02 -6.41874894e-02 -1.84362665e-01  2.50535067e-02
  3.71315964e-02  2.94175167e-02 -7.47586563e-02  6.39488222e-03
  9.57009867e-02  2.10109772e-03 -5.75554259e-02 -5.26880436e-02
  1.78140793e-02  8.26769695e-03  1.56568550e-02 -6.84309900e-02
 -5.87920733e-02 -2.87374947e-02 -1.41674262e-02  3.70928720e-02
 -2.78727729e-02 -1.85078792e-02 -1.39641436e-02  3.10820267e-02
 -4.88438690e-03  3.47456662e-03 -1.08076725e-02 -1.93314757e-02
 -7.09332377e-02  1.08095780e-02  2.19745319e-02 -3.52364741e-02
 -4.13876846e-02  4.24306989e-02 -1.07206605e-01  1.22342724e-02
  2.51852581e-03  2.21765488e-02 -1.16626304e-02 -6.97432867e-08
  4.05083485e-02 -7.47202560e-02  1.72553882e-02  4.28673066e-02
  2.85026559e-04 -7.17131272e-02 -2.63297986e-02 -1.11387623e-02
 -4.03148383e-02  2.49192920e-02  1.30583271e-01 -3.05331796e-02
 -7.93137252e-02 -4.37138155e-02 -4.58679162e-02 -2.55295318e-02
  1.28861684e-02  8.81398395e-02 -4.30694260e-02 -2.92560887e-02
  8.25001523e-02 -1.95452105e-03 -5.71178682e-02 -4.19355668e-02
  4.09995392e-02  2.00539045e-02 -1.46977203e-02  4.44533117e-02
 -3.99724059e-02  1.22718541e-02 -1.51664196e-02 -4.90370654e-02
  8.17850325e-03 -3.49799022e-02 -6.64170086e-02  1.99630228e-03
 -8.92033614e-03  8.65029618e-02  1.59533080e-02  3.47134061e-02
  3.77153903e-02 -1.10010721e-01 -2.47286297e-02  3.31291370e-02
  4.85502183e-02 -1.40696401e-02 -3.83740216e-02 -2.76103374e-02
  3.49047519e-02 -5.90712465e-02 -2.62243524e-02 -3.37530039e-02
 -9.74131981e-05  1.08940629e-02  1.90016199e-02 -1.23471906e-02
  3.15132700e-02  2.14039218e-02 -7.56213292e-02 -9.09240767e-02
  7.55470917e-02 -1.18515352e-02 -1.53631959e-02 -7.88454413e-02]