[ 4.38789977e-03  3.99467386e-02 -2.61409115e-02 -7.52806738e-02
 -5.60649373e-02  1.65094677e-02 -6.69541508e-02  9.03314799e-02
  3.39556709e-02  8.87916610e-02  4.82753180e-02  4.76735964e-04
 -5.73224341e-03 -1.82534307e-02 -7.95629621e-02 -1.05243623e-01
 -1.69311296e-02 -3.77220102e-02  2.64001396e-02  4.49391194e-02
  3.46403420e-02  3.41781112e-03 -2.48695556e-02 -6.76055402e-02
 -8.04663226e-02  2.89999582e-02 -6.60145804e-02  1.14857452e-02
 -4.27950248e-02 -8.65801647e-02 -1.88238062e-02  7.84427524e-02
 -7.32365325e-02  1.48109195e-03  6.65490003e-03 -1.48505699e-02
  6.56258017e-02 -9.09869075e-02  2.95453984e-02  4.00699936e-02
  3.87839129e-04 -5.32070957e-02 -2.25121770e-02 -6.91583306e-02
 -7.25957705e-03 -1.11433361e-02 -4.42728512e-02  2.08868273e-02
 -2.28047073e-02 -2.17432138e-02 -1.21350482e-01 -1.75181068e-02
  3.81456576e-02  2.02735905e-02 -3.19321044e-02 -3.00937388e-02
 -2.66550425e-02  1.00410804e-02 -3.69057199e-03 -5.27412966e-02
 -4.81951237e-02  8.41553733e-02 -1.08073674e-01  2.79631801e-02
  4.66283560e-02 -6.23935945e-02  2.52553616e-02  6.73479661e-02
 -2.52282247e-02  3.64081413e-02  3.11773792e-02 -3.64077203e-02
  3.77907231e-02  7.57623883e-03 -5.81047833e-02  1.05811190e-02
 -2.39482839e-02  2.53192894e-02  4.80575599e-02 -1.52499259e-01
 -7.12053897e-03 -3.90506350e-02 -1.27588212e-02 -9.67699476e-03
 -1.05697829e-02 -1.78068802e-02  5.44495694e-02  1.88920298e-03
  5.32435589e-02 -4.88038827e-03  7.78490528e-02  6.66568726e-02
  6.66598603e-03  4.43304442e-02 -1.19996117e-02 -2.39352882e-02
 -1.14561850e-03  9.92721468e-02  8.78238007e-02  2.24106908e-02
  8.51629227e-02  2.10179072e-02 -6.29590303e-02  3.88081744e-03
 -1.09037399e-01  5.92810428e-03 -4.26114835e-02  4.03790697e-02
  3.23268548e-02 -2.98437737e-02 -1.10420257e-01  2.33847275e-02
 -6.20532781e-02 -1.07027732e-01 -1.53011093e-02  4.29560459e-04
 -4.76017110e-02 -1.72757879e-02 -3.01960781e-02  3.93128581e-02
 -5.46112540e-04  2.17124224e-02 -1.12478979e-01  9.52330045e-03
  3.97259444e-02 -7.21758930e-03  6.36759475e-02  1.52801894e-32
  1.08470628e-02 -7.05941990e-02 -3.78406532e-02 -2.81071495e-02
  6.73065940e-03  5.38435318e-02 -1.99258998e-02  1.16905067e-02
 -7.34720901e-02 -2.84360279e-03 -1.33460119e-01  1.06735090e-02
 -5.12598194e-02 -8.60443339e-02  1.92697626e-02  1.04139408e-03
  1.49489967e-02  1.97849534e-02 -6.52979240e-02  1.29225012e-03
  1.46795129e-02 -1.12400493e-02  1.55474879e-02  2.71941684e-02
  3.08160912e-02  8.40070546e-02 -1.71642732e-02 -8.21461901e-03
 -6.94516376e-02  4.52821963e-02  4.95530525e-03 -1.54654207e-02
  3.11313327e-02 -1.66593713e-03 -4.04109284e-02 -5.61833382e-03
  6.43575843e-03 -1.65274050e-02 -6.16736189e-02  1.56872217e-02
 -2.62350030e-02  1.70175117e-02  1.53148388e-02  8.02178401e-03
 -1.00292694e-02  3.33108334e-03 -1.47808541e-03 -5.16019017e-02
  8.67760554e-02  3.52978520e-02 -3.59727666e-02 -1.59717407e-02
 -2.48562619e-02  1.71112281e-03  4.81730178e-02  4.64771576e-02
 -1.24196820e-01  2.57442389e-02  2.41759885e-02 -6.68625012e-02
  6.89913556e-02  1.11547289e-02 -5.39933965e-02  2.82938015e-02
 -4.63514850e-02 -6.64659664e-02  3.42856869e-02  1.66614503e-02
  1.20252237e-01 -4.74398509e-02 -1.14113405e-01  9.87320486e-03
  8.89769867e-02  5.89611270e-02  6.46367110e-03  2.88939656e-04
  2.41619032e-02 -3.71163376e-02 -4.08899551e-03  4.02456671e-02
 -8.93330798e-02  4.42475155e-02 -3.39352712e-02 -3.48519124e-02
  6.05796203e-02  4.33710925e-02  8.09829012e-02 -4.80487049e-02
 -3.14469524e-02  6.95093721e-02 -2.08733194e-02  3.78596857e-02
 -4.26753163e-02 -3.08619725e-04  4.33720555e-03 -1.65679375e-32
 -1.33090885e-02  1.22804986e-02 -9.43040624e-02  1.21415053e-02
  1.49281211e-02  4.35579754e-02  9.89864208e-03  6.04583062e-02
  2.33008508e-02 -1.51091302e-02 -1.52419042e-03 -5.60808964e-02
  7.12201819e-02 -2.18138453e-02 -1.05547376e-01 -7.37761799e-03
 -2.14317758e-02 -3.31366882e-02 -5.86190633e-02  1.48334121e-02
  2.31323540e-02  8.16669986e-02  2.89730150e-02  3.86349000e-02
  1.74339246e-02 -1.67934112e-02  4.48217466e-02 -5.89181446e-02
 -7.57600963e-02  3.68571840e-02  6.51683360e-02 -6.80357367e-02
 -7.55706280e-02  9.80271921e-02  1.46810655e-02 -2.77009269e-04
  9.48019326e-02 -1.31672081e-02 -2.05504782e-02  9.32513252e-02
  2.13959180e-02  9.00118351e-02  2.79316632e-03  1.12144826e-02
 -1.86874270e-02  1.57656334e-02  2.23456919e-02 -8.60585347e-02
 -5.15634147e-03 -8.64541009e-02  6.57929629e-02  3.16350684e-02
 -3.02616251e-03 -8.84525012e-03  1.27509460e-01 -7.80650377e-02
 -2.60412395e-02 -9.58989933e-02 -1.30194888e-01  1.57686640e-02
  1.03114352e-01  1.00550249e-01 -9.39436853e-02  1.16414018e-02
  1.43208846e-01  2.75195166e-02 -5.95460348e-02 -3.76823382e-03
  1.81704294e-02  7.95584917e-02  3.80981294e-03 -8.30876380e-02
 -7.17921406e-02 -5.19970022e-02  6.28714487e-02 -1.99726410e-03
 -1.19105153e-01  3.28324176e-02 -4.07582298e-02  6.09339140e-02
 -7.38078356e-03 -5.25044277e-02  1.40441535e-02  1.10155242e-02
 -2.37498749e-02  2.19799094e-02  9.27604642e-03 -3.79619002e-02
 -1.50266988e-02  5.15335351e-02  8.61724094e-03 -2.66383141e-02
  4.77694832e-02  1.78553425e-02 -1.32989534e-03 -7.36745918e-08
  2.88535766e-02 -8.60658213e-02 -2.10616980e-02  3.29253562e-02
 -1.56945214e-02 -6.37102053e-02 -3.16611826e-02  1.93958152e-02
 -2.03639474e-02  6.32439479e-02  1.10635333e-01 -5.29518761e-02
 -6.53736964e-02 -4.09259945e-02  5.73424622e-02 -9.47222020e-03
  1.02410475e-02  7.99339861e-02 -5.57020418e-02 -8.08508247e-02
  4.76555675e-02  7.46221468e-03 -1.72822352e-03 -7.98312500e-02
  4.70932834e-02  2.19893977e-02 -4.08287756e-02 -3.36137004e-02
 -2.44101007e-02  3.55841294e-02 -2.41756206e-03 -1.43558783e-02
  1.28492340e-02 -7.72472471e-02 -5.76900318e-03  5.38067706e-02
 -3.26443240e-02  7.86757842e-02 -5.01856254e-03  4.31027003e-02
  5.16101941e-02 -1.37555385e-02  2.26102564e-02  5.71376756e-02
  7.41242468e-02 -6.72822911e-03  2.00464763e-03  3.28014903e-02
  3.92622314e-02 -1.20991923e-01 -4.84251343e-02 -3.23712477e-03
  7.54040182e-02  2.64672432e-02 -1.26821725e-02  3.04457676e-02
  6.25253692e-02  4.79999594e-02 -4.29418348e-02 -3.39300036e-02
  9.10784230e-02  3.53656709e-02 -2.40957532e-02 -1.54993376e-02]