[-3.53529043e-02  9.18679014e-02 -2.52260733e-02 -7.82816112e-02
 -6.70379847e-02 -3.07902154e-02  1.64364800e-02  7.71146314e-03
 -3.19797471e-02  9.44143459e-02  8.52395073e-02 -3.23053263e-02
  4.98806275e-02 -1.85753051e-02  5.67476563e-02 -7.57846832e-02
  3.82807627e-02  4.47927229e-02 -5.95161766e-02  5.70344478e-02
  1.66423291e-01 -3.62165198e-02 -4.71486636e-02  7.06231073e-02
 -8.25415328e-02  1.30215324e-02 -2.56040320e-02 -5.57385059e-03
 -1.06530346e-01 -5.84533550e-02 -7.22987354e-02  6.00267276e-02
  7.49730021e-02  4.40312363e-02  3.90438028e-02 -6.34803772e-02
  5.89633435e-02 -5.88370487e-02 -1.60553027e-02  8.31104591e-02
 -9.57963616e-02  1.98358130e-02 -3.58785763e-02 -2.13187803e-02
 -2.98683867e-02  7.25325895e-03  4.96084094e-02  2.24345475e-02
  1.71354450e-02 -2.68349703e-02  2.91365525e-03  1.55931115e-02
 -5.25262915e-02  3.75748053e-02  4.60160784e-02 -3.07908040e-02
 -1.06603978e-03  2.58362349e-02  4.92850952e-02  1.43782143e-02
 -3.87372822e-02  6.13248628e-03 -3.23155038e-02  3.51138748e-02
  1.32141225e-02 -3.60958502e-02  1.26276370e-02 -6.58432255e-03
 -6.43660054e-02  3.91735546e-02  7.83259328e-03 -3.23495120e-02
  2.86529232e-02  3.80341820e-02 -2.88556647e-02  5.53779304e-02
  9.53869312e-06  5.98964393e-02 -1.56543739e-02 -2.58854449e-01
 -3.93081643e-03 -2.96727801e-03  3.03103011e-02 -3.15782763e-02
  4.47253920e-02 -4.16337065e-02 -6.15470286e-04 -1.89458095e-02
  1.16110533e-01  1.22560402e-02  2.85418443e-02  8.21032003e-02
 -7.29262084e-02 -4.55284230e-02 -2.87584513e-02 -2.74829026e-02
  9.86633264e-03  9.50232334e-03  6.24313690e-02  3.47766397e-03
  7.96439946e-02 -1.32634342e-02  1.54672405e-02  6.71577156e-02
 -8.43433291e-03 -2.54314933e-02 -2.71332618e-02 -6.50631338e-02
 -9.74562671e-03  8.56961980e-02 -1.08330939e-02 -4.20717038e-02
 -2.82187294e-02 -7.52229095e-02 -3.53774764e-02 -5.18669700e-03
 -2.80580707e-02 -2.92172022e-02  9.75374505e-03 -5.47532039e-03
  5.05548380e-02 -3.63752469e-02 -2.04201229e-02 -6.41267281e-03
 -9.99465305e-03 -1.01642013e-02  5.43311462e-02  1.00877061e-32
 -2.59801326e-03 -5.19584231e-02  2.14431267e-02  3.92767116e-02
 -7.89831579e-03  1.30095910e-02 -2.31135618e-02  3.01148538e-02
  5.80928698e-02  3.00882328e-02 -3.90151329e-02  6.33105114e-02
 -4.18137684e-02  4.87009324e-02  1.48842290e-01  1.86297223e-02
  3.91907506e-02  3.67673263e-02 -6.80303015e-03  6.25020936e-02
  2.21811160e-02 -2.13689376e-02  3.12841386e-02 -3.05027869e-02
  1.87922493e-02  7.01491311e-02 -3.86201292e-02 -1.07321329e-02
 -9.51517746e-02  5.42540327e-02  4.67864349e-02  2.59788823e-03
  6.27127513e-02  1.18753836e-02 -4.54351306e-02 -5.04506528e-02
  1.58559717e-03  4.53492329e-02 -2.98099406e-02 -2.98147313e-02
 -1.92400496e-02 -3.45090264e-03  9.14866924e-02  2.08088551e-02
  4.60303463e-02 -5.51547781e-02  9.25494656e-02  3.41823958e-02
  1.23360716e-01  2.52735764e-02  4.49239574e-02 -1.37271509e-02
 -3.02533042e-02 -8.56771097e-02  1.74952168e-02 -1.24382032e-02
 -8.93517956e-02  2.20213197e-02 -5.39426580e-02 -8.74484703e-03
 -2.89979819e-02 -2.83314139e-02 -2.25690901e-02  3.08551714e-02
 -2.17244904e-02  1.51446750e-02 -9.20556709e-02  3.43838967e-02
  1.34096205e-01  2.23951302e-02 -6.71993718e-02  1.56501923e-02
 -4.28306349e-02  5.72758578e-02 -2.32936312e-02  5.32421172e-02
  4.25398163e-02 -4.19895048e-04 -1.05368875e-01 -4.19359794e-03
 -8.04815739e-02  3.03171817e-02 -2.33338922e-02 -5.10391966e-02
  2.30840538e-02  2.97244862e-02  1.15278773e-01  6.41743317e-02
  5.85023053e-02  7.97393266e-03  6.21955469e-02  1.44150453e-02
 -4.93888147e-02 -1.92755554e-02  6.28593937e-02 -1.19282746e-32
  1.25216665e-02  8.53240266e-02 -1.10739954e-02  1.79867223e-02
 -2.45104656e-02  1.38461869e-02 -1.81589071e-02 -3.60621363e-02
 -8.14258531e-02 -1.23978563e-01 -4.98254821e-02 -1.00202285e-01
  4.72988673e-02 -6.03742488e-02 -4.70465422e-02 -9.48718563e-03
 -6.65106028e-02 -4.73450907e-02 -4.73637469e-02  7.88082602e-04
  6.29460812e-02 -4.14847508e-02  7.01186201e-03  1.69273326e-03
 -1.48109421e-02 -6.22214340e-02 -1.34666339e-01 -2.06566043e-03
 -2.04821974e-02  1.81105975e-02  3.29834707e-02 -4.12895754e-02
 -2.17050016e-02  7.37881660e-02 -2.88242102e-02 -7.09466934e-02
  2.37785168e-02  1.01972446e-02 -3.65715823e-03  9.89515111e-02
  1.09025622e-02  3.30146849e-02  2.34167520e-02  2.41446495e-02
 -5.79437762e-02 -7.56441280e-02  5.41988434e-03 -9.42388251e-02
 -2.27002054e-02 -8.90856832e-02  1.11026824e-01 -2.59233862e-02
 -3.07744369e-02 -3.69889624e-02  1.04670972e-02 -1.42270075e-02
 -6.30833283e-02  9.17203084e-04 -6.23080991e-02  5.29405400e-02
  7.20105991e-02 -1.26559893e-03 -5.85539034e-03  7.77884759e-03
  9.44116339e-03  1.87515936e-04 -2.43458673e-02  2.08361950e-02
  4.70734760e-02  1.39474384e-02  4.22991253e-02 -1.23058699e-01
 -1.09104000e-01 -7.87645876e-02 -2.99331974e-02 -7.40366578e-02
  4.06446010e-02  4.35769977e-03 -1.67211145e-02  1.27251849e-01
 -6.95349425e-02 -4.35506087e-03 -2.64565498e-02  2.47880965e-02
 -2.46418789e-02  2.76017506e-02  2.21134280e-03  1.05837211e-02
  1.78970732e-02  7.86586702e-02 -4.67209332e-02  3.61080989e-02
  8.54262058e-03  1.60883833e-02 -2.10468415e-02 -5.61141285e-08
 -4.73241182e-03 -4.73667383e-02  1.15544582e-02  8.09212029e-02
 -2.07409309e-03 -6.15864024e-02 -1.84583794e-02 -3.55268605e-02
 -4.90231067e-03 -1.98133290e-03  9.51977298e-02  1.38782207e-02
 -1.68518368e-02 -8.64875212e-04 -4.63686977e-03 -7.62278307e-03
  5.67747764e-02  3.30421068e-02 -8.98342654e-02 -1.85743328e-02
  8.89655296e-03 -9.41813271e-03 -1.29285008e-01 -2.03839969e-02
  1.68174563e-03  1.80637650e-02 -7.16853887e-02  2.00553536e-02
  8.67850240e-03  1.03021994e-01 -2.30501704e-02 -5.47830202e-02
  1.76636670e-02 -1.15287587e-01 -2.08522882e-02 -4.74752262e-02
  2.02409737e-02  2.39595771e-02  2.33045649e-02 -3.51244994e-02
  8.92622024e-02 -7.59358928e-02 -5.37457541e-02  4.71883938e-02
  5.32897711e-02 -5.08331843e-02 -3.48959677e-02  5.58365360e-02
 -5.50207533e-02 -9.17778816e-03 -3.12033016e-02  2.49628816e-03
  2.24594921e-02  1.07612284e-02 -4.49749678e-02 -3.50681096e-02
  1.80574525e-02  1.26693416e-02 -3.47048081e-02 -1.04409400e-02
  4.87526208e-02  7.64760841e-03 -7.42572302e-04 -3.33793089e-02]