[-2.84710638e-02  4.55088839e-02 -2.44377274e-02 -7.38694444e-02
 -4.04201522e-02  6.68161064e-02 -5.15217008e-03  9.97463390e-02
 -1.07259089e-02  7.86099955e-02  1.42123237e-01  5.28392717e-02
 -2.80511975e-02  2.67692134e-02 -3.33465971e-02 -1.32411700e-02
 -3.30572426e-02 -5.36267180e-03 -3.37153226e-02  6.36653453e-02
  1.61524490e-01 -7.24420464e-03 -7.91617110e-02  3.71665135e-02
  1.86874066e-02  2.85668094e-02 -1.42285721e-02  3.54713574e-02
  1.34764882e-02 -5.24398079e-03 -1.48587506e-02  9.24681574e-02
 -5.73683120e-02  1.77117642e-02  5.65033816e-02 -6.72297999e-02
  2.20533926e-02 -6.04489632e-02 -5.16560031e-05  1.88337397e-02
  7.62019726e-03 -6.16326556e-03 -6.13406003e-02 -1.80918798e-02
 -1.06525505e-02  3.23276483e-02  2.39648726e-02  1.02514038e-02
 -5.15445434e-02 -4.91357036e-02 -3.62012237e-02  4.23298106e-02
 -8.71092454e-03 -1.91596082e-05 -3.75920273e-02 -5.78590743e-02
 -7.63504207e-02 -4.62673269e-02 -1.84890367e-02 -7.91006908e-03
 -3.00726872e-02  1.72470212e-02 -3.90735231e-02 -2.02341340e-02
  5.34979776e-02  4.22675610e-02  6.23531593e-03 -8.33041891e-02
 -4.02472913e-02  4.34237942e-02 -7.66777433e-03 -3.97777297e-02
  2.51355655e-02  6.75785914e-02 -4.50944155e-02  5.98642491e-02
  1.54087320e-02  1.13187775e-01 -5.53337531e-03 -2.00259730e-01
  1.92044694e-02 -1.81922298e-02 -2.75823008e-02 -1.02227338e-01
  3.50432135e-02 -3.06150503e-02 -1.19078793e-02 -4.72711632e-03
  4.03286815e-02  6.38579130e-02  6.71804100e-02  1.10475346e-01
  2.51857582e-02 -3.66045795e-02 -1.87003594e-02 -3.37724239e-02
 -1.23291295e-02 -2.07572971e-02  6.38968125e-02  1.43987844e-02
  5.28107323e-02  2.74936054e-02 -2.61953715e-02  7.42661953e-02
 -5.28673902e-02  3.76863107e-02  6.28602281e-02 -1.21060476e-01
  2.55636815e-02  6.11977391e-02 -9.72542614e-02  1.03921897e-03
 -1.37252603e-02 -9.38661173e-02 -7.89220855e-02  2.84044389e-02
 -3.94309163e-02  1.49841206e-02  6.48641493e-03 -7.00998530e-02
  5.22834621e-03 -5.61036058e-02  1.15456628e-02  4.91447598e-02
 -2.52969004e-02 -7.39023685e-02  5.34365661e-02  8.14147314e-33
 -2.74992697e-02 -8.09740126e-02 -3.26832309e-02 -1.15329493e-02
  1.65599193e-02  2.95304451e-02 -8.06020945e-02 -1.37427577e-03
  6.01751357e-02 -1.27331598e-03 -1.10444322e-01 -5.95099553e-02
 -2.32841424e-03 -1.10848397e-01  1.07042506e-01 -2.08882224e-02
  8.04174617e-02 -1.45211210e-02  6.39923736e-02 -3.73446904e-02
 -8.42730608e-03 -6.31066635e-02  2.36968752e-02 -2.23305915e-03
  2.01559700e-02  3.13964151e-02 -4.43194397e-02 -4.00320590e-02
 -1.14230290e-01  2.81808414e-02  6.30230904e-02  2.58727130e-02
 -1.40297730e-02 -3.65228131e-02 -4.52645160e-02 -1.56718362e-02
  3.86155322e-02  3.60925943e-02 -2.02223808e-02 -2.47887392e-02
 -1.78350396e-02  2.25421842e-04  4.74224351e-02  5.55833727e-02
  2.25613378e-02 -2.37018312e-03  4.61226441e-02  3.87783423e-02
  8.29190463e-02  6.84966147e-02 -2.80800927e-02 -1.67446043e-02
 -3.71467397e-02 -7.65195861e-02  1.12342695e-02  2.19105184e-03
 -6.45371675e-02  5.27782291e-02  2.87689660e-02 -2.11370755e-02
 -1.98390495e-04 -6.11327728e-03 -9.70741138e-02  5.66240726e-03
 -1.83234792e-02  2.13174615e-02  1.78127754e-02  4.73587662e-02
  6.76352605e-02 -5.21060266e-02 -6.55061752e-03  1.13117844e-02
  3.43115516e-02  1.57164615e-02  4.80449758e-03  6.96271332e-03
  9.19013191e-03  2.43918691e-02  1.67218521e-02  2.87569501e-02
 -6.77772090e-02  4.32166606e-02  6.37698174e-03 -5.24289049e-02
  6.93458989e-02  2.37832218e-03  6.24577515e-02  5.15142195e-02
  4.86693010e-02  4.90833037e-02 -4.13497398e-03 -2.09693238e-02
  4.16507497e-02  2.26762425e-02  7.96894580e-02 -8.06527613e-33
  5.06465100e-02  2.82113887e-02 -6.38692155e-02 -1.22843217e-02
  7.64932903e-03  2.87529491e-02 -9.09189507e-03  2.77659558e-02
 -7.09777251e-02 -1.36286572e-01 -2.79927999e-02 -7.19496235e-02
  1.18514463e-01  5.64609468e-03  1.17824050e-02  1.43097835e-02
 -9.99800265e-02 -2.06764545e-02 -6.45215660e-02  1.16752097e-02
  2.56407913e-02  3.29446159e-02  2.16856617e-02  6.75171055e-03
 -2.75929403e-02  5.58489375e-03 -9.99375060e-03  3.06386109e-02
 -6.45811558e-02  7.35085830e-03  6.97226450e-03  1.15562435e-02
 -8.46655145e-02  7.63143450e-02 -3.53648290e-02 -4.88039628e-02
  8.94355625e-02  1.29484134e-02 -8.56600851e-02  5.94434105e-02
  2.30227131e-02  7.86862820e-02  5.30791990e-02 -3.05734552e-03
 -4.35585044e-02 -4.12786119e-02  4.20767479e-02 -7.45281056e-02
  1.12829227e-02 -1.01502404e-01  4.47286479e-02 -2.24761432e-03
  4.64670211e-02 -1.31412987e-02  1.04809679e-01  5.68870977e-02
  3.81198451e-02 -4.75547090e-02 -3.75240594e-02 -6.17734231e-02
  1.56430200e-01  2.61641759e-02 -4.44516428e-02 -2.70332247e-02
  5.93522154e-02 -3.97238880e-02  2.82318378e-03  4.85607088e-02
  8.07703659e-02 -2.45871209e-02 -2.12279148e-03 -1.12944052e-01
 -1.67830605e-02  3.72197782e-03 -5.89911733e-03 -3.38452049e-02
  4.44748960e-02  5.29754423e-02 -2.30137096e-03  1.71518885e-02
 -1.48178697e-01 -1.01111215e-02 -1.10606216e-01  3.43654975e-02
 -6.35482520e-02 -2.09768899e-02  9.10750851e-02 -5.60154244e-02
  2.66874805e-02  2.15613507e-02  2.87887026e-02  5.49249724e-02
  5.14358394e-02  9.65177119e-02 -1.38741154e-02 -6.42816218e-08
 -1.48820458e-02 -1.61649310e-03  3.90424393e-02  1.51464287e-02
  9.94853824e-02 -6.54314160e-02  4.22314033e-02 -4.70547676e-02
 -2.49110423e-02 -1.23602198e-03  8.99347588e-02  8.98014754e-03
 -7.27441832e-02  1.55707896e-02 -3.96601930e-02 -4.34866026e-02
 -6.98679909e-02  4.48115133e-02 -3.61208282e-02 -3.28591987e-02
 -1.32241752e-02 -3.06904502e-02 -3.04592084e-02 -5.75538026e-03
  3.57194059e-02  4.64801257e-03 -4.85133193e-03  1.63966864e-02
  3.63212894e-03  1.03731334e-01 -1.09066382e-01  1.49412518e-02
  5.85512333e-02 -6.19729646e-02 -6.71300963e-02 -4.03523631e-02
  2.97099277e-02  3.51261720e-02 -1.23564014e-02  1.50787197e-02
  7.65309557e-02  1.49622280e-02  4.73147519e-02  6.11717515e-02
  6.95375279e-02 -2.15874501e-02  5.27216867e-03  2.75596231e-02
  3.92621607e-02 -6.40449077e-02 -7.34498501e-02  4.33239192e-02
 -5.98952221e-03  5.60211092e-02 -2.14605257e-02 -9.17687174e-03
 -7.13238725e-03  1.99990757e-02 -4.69524972e-02 -1.83534659e-02
  2.55860910e-02 -7.08332798e-03 -4.51643877e-02 -2.00376771e-02]