[-1.08339541e-01  3.48020755e-02 -1.77745875e-02 -6.05180785e-02
 -1.60690118e-02 -3.98986712e-02  4.35601175e-02  7.42624775e-02
 -2.26055682e-02  1.18551545e-01  1.56395882e-01 -2.81984359e-03
 -2.53450647e-02 -1.01817921e-02 -6.92092776e-02 -3.99700878e-03
 -3.19199339e-02  1.73891392e-02 -5.48580512e-02  7.02092871e-02
  6.95423805e-05 -8.56531598e-03 -1.53284660e-02 -3.87499295e-02
 -6.93948194e-02  2.67831534e-02 -6.80015283e-03  5.70653044e-02
 -4.81906235e-02 -4.54625450e-02  1.46590974e-02  7.18664974e-02
 -4.30747606e-02 -3.13277058e-02  3.32279317e-02 -3.66190560e-02
 -6.45703003e-02 -4.04273672e-03  8.01357999e-03  4.34563346e-02
 -1.92000121e-02  2.74598598e-03 -6.13676272e-02 -3.45720202e-02
  9.54659190e-04 -2.16417070e-02  2.07862910e-02  3.89300846e-02
  5.85713126e-02 -2.22498924e-02 -8.61309320e-02 -7.39901653e-03
 -2.98119523e-02 -8.31791945e-03 -4.20586206e-02 -6.91956952e-02
 -3.67689654e-02  2.66595371e-03  6.06559962e-02 -5.95695712e-02
  1.91495921e-02  4.64400873e-02 -4.85499240e-02 -1.33270891e-02
  5.50007410e-02 -3.13892812e-02  3.42405103e-02 -1.24763194e-02
 -7.51244575e-02  2.60449573e-02  3.25226374e-02 -7.22345486e-02
 -6.35336861e-02  1.48896361e-02 -9.80171785e-02  9.17729884e-02
  3.31944712e-02 -2.14782115e-02 -1.31282220e-02 -1.38017505e-01
  5.06372787e-02 -7.17829773e-03  3.17152627e-02 -5.63503206e-02
  8.67893845e-02  6.53703064e-02  2.37849285e-03  9.12649930e-03
  6.46001697e-02 -3.43576714e-04  4.19239663e-02  8.05259421e-02
 -6.41638041e-02 -2.64414251e-02  5.00801653e-02  8.50955583e-03
 -2.90510338e-02  8.58088657e-02  3.96596007e-02  4.62730154e-02
  5.37761822e-02 -1.40666328e-02 -1.04317449e-01 -1.95834078e-02
 -1.09326988e-01  4.65002209e-02  8.35964084e-03 -2.31527705e-02
 -1.07335346e-02  3.89563106e-02 -7.18046427e-02  2.78312769e-02
 -7.15236440e-02 -4.89240400e-02 -1.59183703e-03  3.92292328e-02
 -4.71674167e-02  5.84895071e-03  2.84099244e-02  7.76013639e-03
  4.14072722e-02 -5.86972423e-02 -3.96502987e-02 -1.49204843e-02
  8.94039273e-02 -2.15120390e-02  4.00498137e-02  4.88263142e-33
 -2.06682794e-02 -1.61106139e-03 -3.52265127e-02 -1.20832650e-02
  8.12866464e-02 -6.59330934e-02 -7.42294192e-02 -3.13248448e-02
 -2.56788135e-02  7.65642151e-02 -8.49257931e-02  1.98506061e-02
 -8.09220895e-02 -1.13881245e-01  6.01302050e-02 -1.34866768e-02
  2.90198438e-02 -8.70878473e-02  7.32783508e-03 -5.54077290e-02
 -3.38369771e-03  4.41834182e-02 -8.11528228e-03  5.25313057e-02
 -5.77867497e-04  3.53439003e-02 -2.69405339e-02 -4.53953305e-03
 -2.77097281e-02  3.52194160e-02 -3.28360572e-02 -7.36575527e-03
 -3.78222540e-02  4.39791381e-02 -3.70056368e-02 -6.42520934e-02
 -8.12179223e-02 -5.76249734e-02 -9.92262512e-02  2.56780460e-02
  4.26040292e-02 -2.70330324e-03 -5.42182010e-03  4.70833816e-02
 -2.26943963e-03 -4.43367325e-02 -1.76648833e-02 -3.23866457e-02
  1.24505676e-01  3.56510952e-02 -9.60974675e-03 -3.04647908e-02
  1.56985145e-04 -3.51809263e-02  3.01889554e-02  2.72593666e-02
 -1.11375146e-01 -2.11533308e-02  3.93719412e-02  2.59955581e-02
  9.95629188e-03 -3.97963962e-03 -8.24062899e-02 -6.67145383e-03
 -9.99407545e-02  1.23960129e-03 -3.02522699e-03  6.86129183e-03
  9.80944932e-02  3.81740779e-02 -4.45557199e-02 -4.02995236e-02
  6.37734085e-02  1.79882459e-02 -2.20630001e-02  8.89197513e-02
  1.51737370e-02 -1.75514705e-02 -1.15428306e-01  2.11536661e-02
 -1.01393476e-01  8.53931904e-03  1.09686970e-03  5.90641052e-02
  6.57353699e-02  3.34104560e-02 -1.43044395e-02 -2.73473281e-02
  3.36940400e-02  3.55100483e-02  5.35497814e-02  5.74742854e-02
 -9.59960967e-02 -1.08989105e-02  3.49998586e-02 -5.79309624e-33
  1.89057142e-02  7.26208240e-02 -7.20103756e-02  3.61415781e-02
 -4.15163338e-02 -5.61023578e-02 -3.19140255e-02 -9.95581411e-03
  5.88157177e-02 -1.16749994e-01 -6.91405684e-02 -2.04041954e-02
  4.73376326e-02 -2.51135640e-02  2.13201288e-02 -1.82765927e-02
  9.71140224e-04 -2.65421011e-02 -2.80420035e-02 -3.56315379e-03
  8.50698445e-03  6.95748329e-02  4.00791913e-02 -1.69210620e-02
  6.30940124e-02 -1.02456594e-02  7.10462853e-02  6.31847978e-02
 -2.44453307e-02  1.29665434e-02  3.51679362e-02  7.21043861e-03
  4.80491519e-02  6.67146519e-02 -2.22875457e-02  6.50606006e-02
  1.42959028e-01 -1.49588631e-02 -2.12165900e-02  9.11147445e-02
  2.76136887e-03  6.66609779e-02  4.60622832e-02  1.00193042e-02
 -6.11544028e-02 -8.57181009e-03  1.83022022e-02 -2.69606300e-02
 -1.29742259e-02 -5.48077300e-02  1.34741694e-01  4.73402627e-02
  3.19848098e-02 -6.77873120e-02  6.02785610e-02 -6.13034656e-03
  7.18704164e-02 -9.75535437e-02 -2.16084067e-02  5.26594259e-02
  1.15546316e-01  2.71517839e-02 -4.47385199e-02 -3.41244079e-02
  5.31431288e-02  6.70261607e-02 -2.43348232e-03 -1.56568158e-02
  2.47921478e-02  5.90712652e-02  5.41307703e-02 -6.58303648e-02
 -6.86348006e-02  2.79622171e-02 -4.37273756e-02 -1.90947708e-02
 -4.01516892e-02  8.61018747e-02  4.89694551e-02  3.49855311e-02
 -3.94174643e-02 -4.60962951e-02 -2.99784560e-02  4.79386225e-02
  3.75758926e-03  2.10319255e-02 -1.10310487e-01 -1.80066880e-02
  2.13102493e-02 -1.42716812e-02  3.03141102e-02 -5.01667783e-02
  6.49043322e-02  6.26743063e-02 -8.00254568e-02 -5.76013512e-08
  1.89409517e-02 -6.21113330e-02 -2.81230640e-03 -1.91927981e-02
  9.17723700e-02 -3.04507744e-02  2.66677067e-02 -2.35045571e-02
  2.43047271e-02  9.03660506e-02  8.28124881e-02  1.69216457e-03
 -1.60225760e-02  7.49640679e-03 -1.83943994e-02  1.86119936e-02
 -2.62027810e-04  5.80017045e-02 -6.39999509e-02 -8.95711780e-02
  7.55153149e-02  2.00983183e-03 -1.12855837e-01 -5.32093383e-02
 -2.59607024e-02 -2.43735146e-02 -3.15428711e-02  2.59660669e-02
 -6.06410913e-02 -7.27465376e-03 -1.04711212e-01  1.69111099e-02
  1.14174724e-01 -7.33621120e-02 -1.27329808e-02  2.83975247e-02
  6.70629889e-02 -5.05164545e-03 -4.62375581e-02 -1.73564267e-03
  3.81541140e-02  4.71075960e-02  1.42228985e-02 -2.05807053e-02
  6.82744533e-02 -2.42127962e-02  3.29288356e-02 -3.05497013e-02
  1.54135833e-02 -2.25968361e-02  3.96327674e-02  4.46239077e-02
  6.00329340e-02  9.93964151e-02 -2.40196679e-02 -4.13548062e-03
 -1.51636610e-02  2.36836765e-02 -1.43026533e-02 -2.65103206e-02
  4.55535986e-02  9.08313766e-02 -2.67411564e-02 -2.64239274e-02]