[-1.96842160e-02  3.77608044e-03 -3.89529131e-02  1.86332443e-03
 -1.43621955e-02  5.68135604e-02 -1.02885529e-01  5.83932027e-02
 -5.36605157e-03  1.32210821e-01  1.16546050e-01 -7.44999573e-03
  3.47690727e-03 -5.59245683e-02 -1.29606491e-02  1.72709972e-02
 -2.88743470e-02  3.34868766e-02 -6.88178092e-02  5.84160462e-02
  9.32787880e-02 -2.30060536e-02  7.65928347e-03  7.18493387e-02
 -5.97952344e-02 -1.64294615e-02 -1.55939348e-02  7.08341924e-03
  1.62250400e-02 -4.32907715e-02 -3.74618247e-02  2.60299742e-02
  1.46948144e-01 -1.11145051e-02 -1.23744588e-02  5.02722245e-03
  5.72037026e-02  2.87619065e-02 -3.03833969e-02  5.77291995e-02
 -5.33427335e-02 -4.67916131e-02 -8.73592272e-02 -2.48855539e-02
 -2.50480021e-03 -6.10263981e-02  2.50995010e-02 -3.54142906e-03
 -4.37404998e-02  2.29435209e-02 -7.27913156e-02 -3.66341583e-02
 -8.90614241e-02 -3.64732705e-02 -5.74625917e-02 -2.90812235e-02
  3.37689333e-02 -4.49771024e-02  5.38786016e-02 -3.79138701e-02
 -3.85403074e-03  5.85459881e-02 -4.73846458e-02 -1.57785267e-02
 -1.01199169e-02 -2.31266841e-02 -1.59516616e-03 -4.58268523e-02
  7.44571397e-03  3.25493217e-02  9.20608044e-02 -4.92206775e-02
  5.45288511e-02  4.81795222e-02 -7.65875503e-02  3.83972935e-02
 -3.41919460e-03  2.40738019e-02 -5.95824979e-02 -1.60119221e-01
  3.97810154e-02 -1.33158434e-02 -2.56126281e-02 -1.01496890e-01
 -2.47982563e-03 -1.89569909e-02 -1.26669845e-02  1.00229559e-02
  4.86791246e-02  2.70759221e-02  4.77164872e-02  6.22221269e-03
 -9.37697142e-02 -8.57511982e-02  5.90693764e-02 -1.52049854e-03
 -1.57451164e-02 -4.29065526e-02  8.30839127e-02  1.77716743e-02
  8.17317814e-02  2.51600659e-03 -6.77405596e-02  8.66104290e-02
 -2.24141534e-02 -4.43257801e-02 -5.51007967e-03 -6.86775446e-02
  2.29408834e-02  8.51820856e-02 -2.94651277e-02 -6.90421686e-02
  6.38815714e-03 -2.02302908e-05 -6.24184944e-02 -3.98073941e-02
 -1.41067691e-02 -4.61356416e-02  1.16740577e-02 -1.25434687e-02
  6.44258037e-02 -3.30736004e-02  1.25521243e-01 -5.15814871e-04
  6.52103424e-02 -1.25580579e-01 -4.23968732e-02  1.36350468e-32
  4.25919518e-02 -3.27906907e-02 -7.12789372e-02 -1.35557530e-02
 -1.52392760e-02  1.44778090e-02 -6.19297177e-02 -4.46238369e-02
  4.70646285e-02 -4.40036878e-04  2.12520286e-02  3.02355476e-02
 -2.03020722e-02  5.59729487e-02  7.55297020e-02  2.06667036e-02
  5.02430163e-02  1.79804973e-02 -3.01861204e-02  7.17233215e-03
 -4.17433530e-02 -3.07893120e-02 -3.38630527e-02 -4.54640761e-02
 -5.25894128e-02  5.43384440e-02  5.99918235e-03 -3.93153680e-03
 -8.06509852e-02  2.65230853e-02  6.33982569e-02 -5.56130931e-02
 -3.15032192e-02 -2.17120964e-02 -5.40432669e-02 -3.27382493e-03
  3.25135551e-02 -4.09267172e-02 -2.48421635e-03 -1.02672853e-01
 -3.25955898e-02  2.80530807e-02  4.94874008e-02  2.65942756e-02
  2.03465112e-02 -3.47805135e-02  2.48191040e-02  2.98472736e-02
  5.28969765e-02  4.35888730e-02  3.58653516e-02 -5.71707040e-02
  1.03085209e-02 -9.75993127e-02 -5.09968922e-02  7.36514553e-02
 -9.13585648e-02  2.44963989e-02 -2.57945880e-02 -1.85719263e-02
 -9.75309231e-04  3.97822149e-02 -5.75128458e-02 -3.16300280e-02
 -4.67487834e-02  5.93310455e-03 -7.61757493e-02 -1.11510130e-02
  1.72806650e-01 -1.64869204e-02 -8.99389908e-02 -1.91258937e-02
 -6.75424337e-02  1.41237965e-02 -9.95907187e-03 -2.38847304e-02
  3.48628834e-02  4.14349772e-02 -3.42002995e-02  8.29437654e-03
  2.08162162e-02  3.61834541e-02 -1.95305403e-02  4.68857139e-02
  3.52683440e-02 -1.41801639e-02  2.33404078e-02  8.02986324e-02
 -2.80890539e-02  3.52975056e-02  7.92357698e-02  1.95205659e-02
  3.01305037e-02  2.94681396e-02  7.38853216e-02 -1.48399417e-32
 -3.33055295e-02 -2.46916767e-02 -7.57951066e-02  4.49668579e-02
 -3.16301323e-02 -2.85767368e-04 -7.05117360e-02  3.31708021e-03
 -5.46687506e-02 -1.85164541e-01 -4.40853834e-02 -4.31479439e-02
  7.51702413e-02 -6.58321157e-02 -5.20143360e-02 -3.26460553e-03
 -8.35752562e-02 -3.08357272e-02 -2.94022802e-02 -1.49984369e-02
  1.36159919e-03  4.26429976e-03  6.18195236e-02  1.73882451e-02
  3.72516699e-02 -6.28902018e-02 -1.49704553e-02  1.44302808e-02
 -8.68018717e-02  1.73888181e-03  1.12918755e-02  3.18236351e-02
 -2.64741983e-02  8.26594532e-02 -3.32578868e-02 -9.89222713e-03
  7.89842233e-02 -3.84955294e-02 -8.96326974e-02  9.67228860e-02
  5.19466512e-02  1.14546701e-01  5.79573698e-02 -7.21251965e-02
 -3.49857807e-02  2.32605077e-02  2.50969306e-02 -3.71107422e-02
  1.31119657e-02 -4.63612080e-02  6.10375628e-02 -6.16231188e-03
 -3.31226289e-02 -1.24827856e-02  7.89682493e-02  1.25732063e-03
  5.45388199e-02 -4.73572165e-02 -6.62828516e-03 -9.19368304e-03
  3.86910066e-02  8.25013295e-02 -5.63499853e-02  1.66778546e-02
  7.75430426e-02 -1.68642029e-02 -6.10275986e-03  9.11019146e-02
  9.04101972e-03  1.02335680e-02  3.51978987e-02 -4.28520925e-02
 -2.06345618e-02 -6.79924637e-02  5.63232675e-02 -7.54317343e-02
 -1.09491320e-02 -3.42028327e-02 -8.94325227e-03  2.60608606e-02
 -6.73293844e-02 -1.63266007e-02 -3.10958624e-02 -1.34508992e-02
 -9.35978442e-02  2.32365914e-02 -1.44493533e-02  2.94265505e-02
  2.89874487e-02  5.39084636e-02 -2.40247622e-02  4.57674824e-02
  4.63299640e-02 -2.28894521e-02 -7.99627081e-02 -6.24852561e-08
  6.41896157e-04 -4.70645390e-02  7.04833269e-02  4.15247632e-03
  3.64320539e-02 -5.65503761e-02  3.18501703e-02  3.26783061e-02
  8.64134543e-03 -1.97830657e-03 -6.81672173e-05  2.94002090e-02
 -4.74841483e-02 -2.96152588e-02 -7.60997972e-03 -7.31285438e-02
  8.06779936e-02  1.01079367e-01 -5.95955849e-02 -2.16961768e-03
  8.83866474e-02 -1.55404734e-03 -7.59921372e-02  4.39375592e-03
  5.92811219e-02 -4.68933284e-02 -1.12625789e-02 -6.63806312e-03
 -5.91638908e-02  9.62612778e-02 -1.04748365e-02  9.27465502e-03
  4.38516550e-02 -4.50604782e-02  5.38140303e-03 -3.65634561e-02
  9.02455002e-02  5.40678911e-02 -1.74765717e-02  8.09628740e-02
  8.41775686e-02 -6.34326190e-02 -3.70479822e-02 -1.92375742e-02
  9.00094584e-03 -2.78766416e-02  2.56947298e-02  1.67068262e-02
 -2.56515574e-03 -3.16707231e-02 -4.19679992e-02  5.26365414e-02
  2.04901993e-02 -1.92745607e-02 -6.78647235e-02 -1.46888737e-02
  2.43553985e-02  1.15393372e-02 -1.30777359e-02 -6.37583882e-02
  1.40998960e-01  1.18072249e-01  4.42557298e-02 -4.22368236e-02]