[-5.60305677e-02  6.62783682e-02 -6.92681670e-02 -1.90370195e-02
 -2.05360129e-02  8.96810219e-02 -1.93642033e-03  1.18875094e-01
 -3.96812633e-02  1.04059726e-02  7.61787668e-02 -4.40459810e-02
 -9.94364992e-02  2.24039797e-02 -3.78999487e-02  7.93741830e-03
 -4.94721755e-02  4.67920974e-02 -1.09762434e-04  1.90876070e-02
  4.39223880e-03 -5.15925810e-02  1.28139220e-02  9.21919197e-02
 -1.03861205e-01 -2.40245257e-02 -5.18334433e-02  5.17571978e-02
 -8.55418891e-02 -5.24030365e-02 -2.79138647e-02  5.22471629e-02
  6.64288551e-02 -5.10823317e-02  4.63975593e-02 -5.70380650e-02
 -1.94346961e-02 -4.04015034e-02 -1.23436647e-02  7.28333592e-02
 -2.60780081e-02 -1.87263582e-02 -9.24479440e-02 -1.16409203e-02
  3.03385779e-02 -6.23941645e-02  5.18867671e-02  4.49512154e-02
  7.84322172e-02 -6.54963702e-02 -1.52162373e-01  3.00689526e-02
 -2.65354589e-02 -4.43995669e-02 -1.81645304e-02 -3.37355211e-02
 -4.62602302e-02 -3.45223546e-02  2.92133875e-02 -4.82884161e-02
  2.25237589e-02 -3.62676829e-02 -4.82758358e-02  2.91545242e-02
 -2.87140515e-02 -9.90597624e-03  1.10832918e-02 -2.96649784e-02
 -4.78664152e-02  7.73199797e-02  7.38906041e-02 -1.28061533e-01
 -3.80860223e-03 -2.27387715e-02 -5.34671284e-02  8.16382691e-02
 -9.68990382e-03  3.04734446e-02  1.91920926e-03 -1.01356283e-01
 -4.17906530e-02 -4.08684239e-02  3.54703330e-02 -1.26797169e-01
  2.94519085e-02  1.56954788e-02  6.17963187e-02 -1.38013493e-02
  3.25672887e-02  2.79693492e-02  3.33594903e-02  2.30191629e-02
 -5.34116030e-02  5.87750971e-02  2.86870878e-02  2.34443694e-02
  7.86067694e-02  5.66411130e-02  8.07602108e-02 -9.38627683e-03
  8.89913589e-02  5.55057451e-03 -5.87986633e-02  4.36321571e-02
 -9.30732489e-02  4.94517386e-02  1.29999202e-02 -1.85878798e-02
  6.70276508e-02  3.67114656e-02 -5.11171259e-02  2.52231373e-03
 -7.80664906e-02 -5.77314049e-02 -1.39547676e-01  6.58211634e-02
 -1.62588228e-02  1.47409048e-02  4.29783911e-02  8.00089911e-02
  1.72639207e-03 -8.22577551e-02 -3.74485645e-03 -3.53975669e-02
  6.40550852e-02 -4.13993113e-02  3.59684578e-03  5.50395659e-33
 -1.37811722e-02 -4.60893288e-02 -2.20926590e-02  5.33336923e-02
  1.65829435e-02  3.26018943e-03 -9.82740819e-02 -4.05465476e-02
 -3.01638967e-03 -4.29976359e-02 -6.20979033e-02  5.73875569e-02
 -9.80073437e-02 -3.84096578e-02  2.39543170e-02  1.65301617e-02
 -5.19718640e-02 -1.25168815e-01 -3.23371179e-02 -2.92458702e-02
  6.15411391e-03  5.27873747e-02 -9.19053517e-03  6.19838722e-02
  4.78151776e-02  7.08647892e-02 -6.72966428e-03 -5.81631251e-02
 -4.51614596e-02  7.29425848e-02 -1.79722384e-02 -4.50252630e-02
 -5.14368750e-02  1.94728877e-02 -1.79212354e-02 -2.32149754e-02
 -7.24207684e-02 -4.50955592e-02 -1.91618484e-02  5.01303039e-02
  4.19825613e-02 -9.57528967e-03  9.05390270e-03 -1.74704399e-02
 -1.76657364e-02  1.38292192e-02  4.31383736e-02  4.59547713e-02
  1.11350045e-01  3.15161794e-02 -4.84383255e-02 -4.74557579e-02
 -3.06360293e-02 -5.70175201e-02 -2.42856033e-02  5.83874770e-02
 -1.08505242e-01  3.17096896e-03  2.96619404e-02 -3.42752859e-02
 -2.59749088e-02  1.76741164e-02  6.97567835e-02 -1.36184776e-02
 -4.06738594e-02  7.20097721e-02 -2.80653015e-02  7.11302236e-02
  6.36994317e-02  4.18642582e-03 -4.49896455e-02 -8.90577883e-02
  2.26620119e-02  3.33985984e-02  4.14916202e-02  4.27664518e-02
  1.49719380e-02 -1.22616682e-02 -7.90442973e-02  2.36517433e-02
 -8.03431571e-02  6.84736520e-02 -3.81711163e-02  6.08331151e-02
  6.28693551e-02  4.07503210e-02 -2.66343094e-02  4.78351954e-04
  5.86429909e-02  5.83158731e-02 -2.92660762e-03  9.18021947e-02
 -2.75428724e-02 -6.03512414e-02  2.51858272e-02 -6.64599380e-33
  4.24687900e-02  1.36748962e-02  3.42424735e-02  3.95657644e-02
  1.76028833e-02 -4.71270643e-02 -3.82771045e-02  2.62223743e-02
  5.38089052e-02 -4.96715978e-02  1.27129033e-02 -6.03316054e-02
  1.54836802e-02 -6.47493526e-02 -8.65551382e-02  6.78575858e-02
 -4.55552479e-03 -1.67882759e-02 -9.93479043e-02 -2.67749764e-02
 -1.81388631e-02 -1.00132646e-02  1.06643466e-03 -2.93720234e-02
 -2.52553336e-02  4.08042455e-03  2.46654227e-02 -1.05206221e-02
  1.36873908e-02 -2.30348371e-02  6.67821839e-02 -1.25761023e-02
 -3.29461880e-02  7.20104352e-02 -1.00918813e-02  4.16787006e-02
  8.55365619e-02 -2.15625130e-02 -2.36920379e-02  1.41575709e-01
  4.44943532e-02  2.55893171e-02  6.18894286e-02 -4.79569398e-02
  1.58235580e-02 -5.30754477e-02 -4.27130014e-02 -5.48689924e-02
  3.62807065e-02 -2.64595058e-02  1.13465011e-01  2.69341227e-02
 -2.74367686e-02 -4.02597450e-02  2.18638359e-03 -4.24682237e-02
  6.05173633e-02 -5.35473041e-02 -8.56953785e-02  4.25322354e-02
  1.10029332e-01  7.10832626e-02 -1.93847772e-02  1.00106467e-02
  1.86831225e-02 -3.84264882e-03 -4.86840345e-02 -4.14410941e-02
 -2.72526057e-03  1.71978604e-02  4.46927287e-02 -2.20204741e-02
 -3.14901886e-03  5.92977293e-02 -6.17245063e-02  2.59034727e-02
 -5.47242351e-02  2.92609259e-02  6.11554831e-02  5.58820693e-03
  1.24437632e-02 -7.55998418e-02  3.56776491e-02  7.49717429e-02
  2.91983690e-03  4.60294262e-02 -7.25901499e-02 -4.32811603e-02
 -5.43682696e-03  8.61970615e-03  9.47867036e-02  4.05037738e-02
  5.28272763e-02  1.00597873e-01 -6.50973469e-02 -5.27457793e-08
  4.80974875e-02 -4.79451157e-02  6.10942766e-02 -1.10701434e-02
  3.85851189e-02  1.43303191e-02 -1.31364400e-02 -4.66190390e-02
  1.69161439e-03  5.52745573e-02  7.06583932e-02  3.34972739e-02
 -3.97642925e-02  4.11717743e-02 -7.98764154e-02  6.46976382e-03
 -4.82753366e-02  6.72521219e-02 -1.30334310e-02 -3.12567726e-02
  2.60569621e-02  7.68830534e-04 -4.11658622e-02 -2.93863434e-02
  7.94646610e-03 -5.79730682e-02 -2.66821310e-02  3.23976390e-02
  4.91761602e-02 -4.72022444e-02  1.68974360e-03  2.82424130e-02
  1.24030128e-01 -5.41805923e-02 -7.22480332e-03 -5.99389598e-02
  2.78204419e-02  5.90715092e-03 -1.02410048e-01  2.99473424e-02
  1.26162484e-01  1.54195391e-02  5.74580999e-03 -9.80336871e-03
  7.64016137e-02 -1.86160207e-02 -2.92031858e-02  3.37593667e-02
 -4.63320687e-02  4.90207970e-02  4.88839261e-02  1.81654897e-02
  8.57058261e-03  1.12216480e-01 -2.90957857e-02  3.13525461e-02
 -8.08600709e-03  8.62196833e-03 -4.79914956e-02 -8.45301300e-02
 -2.72950577e-03 -2.81735361e-02 -1.46887125e-02 -4.41566622e-03]