[-9.80931222e-02  1.91419909e-03  5.40745445e-03 -6.45693168e-02
 -1.00357281e-02 -4.67746221e-02 -7.15211779e-02  1.35024115e-01
 -4.74695042e-02  4.95353974e-02  1.54869124e-01 -3.59264277e-02
 -2.99312733e-02  2.21325532e-02 -6.50706366e-02  1.89718530e-02
 -5.82371466e-02 -3.98843922e-02 -2.73201521e-02  7.60983154e-02
  6.20718598e-02  8.48122872e-03 -5.04810084e-03  1.75118707e-02
 -1.03623802e-02  5.09019475e-03 -2.76530739e-02  6.63297549e-02
 -2.30257455e-02 -4.60267141e-02 -2.60471161e-02  2.80412212e-02
  7.79822236e-03 -3.18502672e-02  3.76171805e-02 -8.96474272e-02
 -4.55746055e-02  3.06492336e-02 -4.67986129e-02  2.96335127e-02
 -8.31253361e-03 -3.15576047e-02 -3.70311029e-02 -5.51625453e-02
  3.67889926e-02 -2.13710451e-03  3.16116512e-02 -5.94671443e-03
  8.98044184e-02  5.28826378e-03 -7.79150873e-02  6.25445768e-02
 -7.86523670e-02  2.58013625e-02 -4.97189490e-03 -4.91934754e-02
 -7.64223784e-02 -1.83616821e-02  4.99514677e-02 -5.62689640e-02
  5.73229901e-02  1.17224725e-02 -9.30061266e-02 -2.24164389e-02
  4.88109849e-02 -2.51299255e-02 -2.92475261e-02 -7.78907761e-02
 -6.62284270e-02  5.98622300e-02  2.77611869e-03 -9.62183923e-02
  8.75548348e-02 -1.61891021e-02 -3.35048400e-02  3.85212637e-02
  2.93663982e-02 -3.97321694e-02 -3.19250710e-02 -1.19878225e-01
 -3.54803796e-03 -9.99683281e-04  3.42138410e-02 -3.83641794e-02
  4.74877581e-02  4.08158340e-02  8.48801658e-02 -5.80462478e-02
  3.26186568e-02  1.95494071e-02  5.81742078e-02  7.38282874e-02
 -6.85452074e-02 -4.76724142e-03  7.36609325e-02  6.30564019e-02
  3.33037488e-02  8.00799653e-02  4.65709455e-02  4.21216749e-02
  7.39309639e-02  5.10682911e-03 -1.44289687e-01 -6.30272878e-03
 -1.32374257e-01  6.72082677e-02 -1.07906023e-02 -3.24563161e-02
  2.69059800e-02  5.78092821e-02 -4.89586815e-02  1.58429686e-02
 -5.48734963e-02 -5.55300154e-02 -7.75877684e-02  3.06456792e-03
 -1.98716242e-02  4.71109198e-03  8.98781717e-02  2.08091587e-02
 -2.26440504e-02 -9.49344039e-02  2.06344519e-02  2.35534851e-02
  9.70779061e-02 -8.64424463e-03  4.83774357e-02  9.07914074e-33
 -7.88122341e-02 -3.53850015e-02 -7.47356564e-02 -8.49783327e-03
 -3.53387743e-03 -6.58079460e-02 -6.46823198e-02 -3.95689085e-02
 -2.43880507e-02  8.08160938e-03 -1.10700302e-01 -1.35547351e-02
 -1.15141593e-01 -8.46639872e-02 -1.39058521e-02  1.96483433e-02
 -2.40232795e-02 -8.76649246e-02 -9.84027460e-02 -3.22609209e-02
  5.05491458e-02  1.34389455e-04  1.96145475e-02  6.95498753e-03
  1.38228973e-02  6.18634224e-02  4.01378945e-02  3.08187632e-03
 -3.55710872e-02  4.72483598e-02 -2.30448153e-02 -4.41662818e-02
 -5.93591668e-02 -3.98336211e-03 -4.89344113e-02  4.85065915e-02
 -4.80796546e-02 -5.83746517e-03 -7.83347636e-02  4.78565553e-03
  5.18026017e-02  3.84670235e-02 -2.25312989e-02  3.64991203e-02
  9.01114941e-03  1.19332969e-02  4.73451102e-03  7.88030699e-02
  1.13256678e-01  4.90790196e-02 -1.74098816e-02 -2.65808422e-02
 -6.11087121e-03 -5.25796674e-02  2.37600356e-02  6.88848570e-02
 -3.65665369e-02 -3.55102867e-02  1.83337536e-02  4.05803323e-02
 -3.83669548e-02 -4.01836038e-02 -4.75187898e-02 -3.96857932e-02
 -3.83351184e-02  6.30556047e-02 -5.03052473e-02  3.60451080e-02
  8.81645903e-02 -7.01055899e-02 -4.78070863e-02 -4.63701226e-02
  6.55377433e-02  2.53923181e-02  4.45478596e-03  5.02495021e-02
  3.68485376e-02 -3.99058163e-02 -8.49803388e-02 -2.90426705e-02
 -1.07784376e-01  4.40960899e-02 -2.66777370e-02  5.03036156e-02
  3.52035984e-02 -1.32582234e-02 -1.93898398e-02  1.71124171e-02
  1.45101678e-02  1.23586887e-02  5.97362407e-02  4.03528996e-02
 -2.89046895e-02 -6.51333109e-03  1.16520086e-02 -9.59632446e-33
  4.74237576e-02  2.19521448e-02 -2.47217063e-02  4.78767604e-02
  1.88805480e-02  5.82194095e-03 -1.04006659e-02  9.21870116e-04
  7.36555532e-02 -6.47912994e-02  2.21666731e-02 -2.40622964e-02
  8.62814370e-04  1.04551734e-02  2.58707032e-02  3.91753241e-02
 -3.97392139e-02 -7.12077692e-02 -3.30944657e-02  6.66655600e-04
  2.27491260e-02  1.29288316e-01 -5.60188666e-03  2.54883114e-02
  1.27146207e-02  1.65476371e-02  2.86616609e-02  1.88630167e-02
 -2.12952066e-02  5.53742750e-03 -9.44784191e-03 -1.25785572e-02
 -1.11230174e-02  9.72439125e-02 -3.09084803e-02  6.80945292e-02
  6.73267841e-02 -3.87734585e-02 -1.04411379e-01  1.37624875e-01
  5.65485582e-02  8.14541429e-02  1.60368923e-02 -4.93410043e-02
 -2.79758349e-02 -1.49926916e-02  7.22534955e-03 -1.41358015e-03
  5.26072420e-02  1.27952751e-02  1.75220221e-01 -1.86747592e-02
  2.32453849e-02 -3.99659276e-02  1.65517852e-02 -4.14098473e-03
  8.61590132e-02 -7.51396967e-03 -8.42256695e-02 -6.90718996e-04
  9.06080604e-02 -4.96301474e-03 -4.43472341e-02 -4.70987260e-02
  1.11034503e-02 -2.07997058e-02 -2.56187934e-02 -2.66220141e-03
  6.34606229e-03  4.41722050e-02  2.69323289e-02 -3.06378007e-02
 -1.00312317e-02 -2.39895917e-02  1.58964322e-04  6.90440647e-03
  5.67466533e-03  6.02894761e-02  8.64362642e-02 -1.69350859e-02
 -3.96511853e-02  1.49724949e-02 -8.36469140e-03  9.26236585e-02
 -9.12868138e-03  5.81897497e-02 -6.38445839e-02 -3.98426391e-02
  2.65196199e-03  1.97317731e-02  5.27338199e-02  3.72814089e-02
  5.21420166e-02  5.01498617e-02 -8.18662643e-02 -6.27126227e-08
  8.23030546e-02 -4.99143228e-02 -9.11559816e-03  2.42350041e-03
  3.28568891e-02 -3.28698009e-02  2.79537551e-02  9.83492564e-03
 -5.58297755e-03  3.68133895e-02  8.19870904e-02  4.11154479e-02
 -4.48962897e-02 -2.70353933e-03 -7.18943551e-02 -4.19749990e-02
 -5.41515425e-02  1.31816998e-01 -8.98052156e-02 -1.32995620e-01
 -1.32188294e-02  1.68067086e-02 -9.93256122e-02 -2.01487541e-02
  9.65171307e-03 -5.76143824e-02  1.49645461e-02  6.12102374e-02
 -6.24343427e-03 -1.36579722e-02 -8.86203945e-02  1.74415559e-02
  5.44496886e-02 -1.28371149e-01  1.72614213e-03  1.16448449e-02
  2.14411654e-02  6.10867739e-02 -1.64138246e-02  2.83452254e-02
  8.43232498e-02 -1.35132512e-02 -5.39335981e-03 -5.63751087e-02
  4.88258079e-02  1.76868122e-02 -7.39957625e-03 -2.08006985e-02
  7.94243999e-03  2.56331861e-02  3.46487723e-02  2.04792246e-02
 -1.18187722e-02  3.62713523e-02 -1.33344783e-02 -1.72149129e-02
 -7.27868825e-02 -8.90129805e-03 -3.39610837e-02 -4.09217589e-02
  4.35871966e-02  5.94083853e-02 -8.08105618e-03  4.34538070e-03]