[-3.03239413e-02  6.73618168e-02 -2.93174703e-02 -6.91509247e-02
 -8.97622257e-02  1.25311827e-02  1.05808675e-02  7.49321952e-02
  6.12545386e-02  5.71167767e-02  3.04177403e-02  3.09960041e-02
 -3.16268951e-02 -4.44925390e-04  1.80475030e-03 -5.09069376e-02
  9.83404294e-02 -3.23993303e-02  3.37074734e-02  5.17770089e-02
  1.15947232e-01 -1.06800888e-02 -7.98360780e-02  3.76685970e-02
 -1.12120770e-01 -1.72751248e-02 -5.51301315e-02 -2.92235017e-02
 -4.63715307e-02 -2.18443461e-02  1.81333220e-03  4.92527485e-02
  4.22812589e-02 -2.24637031e-03  1.84506718e-02  2.84114741e-02
  4.41100113e-02 -5.47981635e-02  6.86629070e-03  8.13737586e-02
 -5.04293628e-02 -8.00555944e-02 -7.65678659e-02 -6.62353039e-02
 -9.59909594e-05 -3.29454467e-02 -1.82458833e-02  3.33010368e-02
 -3.65618318e-02  3.43876667e-02 -1.09456211e-01 -7.47697428e-02
  1.03894426e-02  3.29929627e-02 -8.24882276e-03 -6.95193559e-02
 -2.45251041e-02  1.27797620e-02 -2.67392695e-02 -4.68560606e-02
 -2.76525933e-02  5.43362368e-03 -7.29511753e-02  2.83859652e-02
  5.30774929e-02  1.77334081e-02 -8.58760811e-03  6.44282612e-04
 -8.19089450e-03  1.70599017e-02  3.60818394e-02 -6.33764789e-02
  6.70475885e-02  1.31144812e-02 -3.66748832e-02  7.36238956e-02
 -6.76606921e-03  5.67287691e-02  6.82069138e-02 -2.05761209e-01
  3.24657336e-02  4.39885743e-02 -1.75405648e-02 -5.31368423e-03
 -2.80669257e-02 -5.23614287e-02  5.80808264e-04  2.90112756e-02
  8.23318437e-02 -1.47943748e-02  4.77053821e-02 -1.45568587e-02
 -2.17711698e-04 -1.34561621e-02 -9.39940568e-03  4.47845319e-03
 -4.94951047e-02 -2.30630748e-02  8.23719054e-02 -4.33083670e-03
  8.70105475e-02  5.33387139e-02 -3.39076966e-02  1.93395279e-02
 -6.75142333e-02  1.04229115e-02 -4.08018753e-02 -2.61148047e-02
  3.61221321e-02  9.96845365e-02 -4.95140031e-02  1.62054580e-02
 -6.69449642e-02 -7.50887617e-02 -5.89385815e-02  1.90463979e-02
 -8.22083876e-02  1.12270340e-02  4.72398363e-02 -2.45337524e-02
  4.36361792e-04  3.28535847e-02 -8.55315197e-03 -6.73938468e-02
  6.96704686e-02  2.35210508e-02  2.59169638e-02  9.97268983e-33
 -8.62335972e-03 -5.45546673e-02  1.08635705e-02  5.56229847e-04
 -1.13782194e-02  2.98020169e-02 -2.57561561e-02  4.57270555e-02
 -7.93630374e-04  7.74855241e-02 -1.17446452e-01  7.51157030e-02
  3.97628685e-03 -1.42938215e-02  7.10309222e-02 -1.84546616e-02
  8.57599452e-03  5.11085950e-02 -1.21494206e-02 -2.72398125e-02
 -1.21329934e-03  7.60689378e-03  2.27545742e-02  2.09074747e-02
  8.74554156e-04  3.78945693e-02 -5.37319779e-02 -1.97380148e-02
 -2.23146304e-02  4.08580489e-02  5.24456892e-03 -2.97543183e-02
  6.46922514e-02  1.66551641e-03 -5.35998866e-02  1.00899758e-02
 -5.57350181e-02 -4.33484726e-02 -1.62452944e-02 -1.03053991e-02
 -8.13741088e-02 -1.21027445e-02  4.06241082e-02  1.83157157e-02
 -1.49902757e-02 -5.08021787e-02 -3.01515660e-03 -5.81288077e-02
  1.10495813e-01  6.54155239e-02 -5.44633940e-02 -4.73533385e-02
 -6.35260344e-02 -2.13738438e-02  1.79129150e-02  2.31850091e-02
 -7.14900270e-02  6.37361333e-02  3.56117799e-03 -8.75789747e-02
  7.90761318e-03  3.85430671e-04 -4.92498726e-02  1.49060413e-02
 -7.11124912e-02 -7.59714991e-02  6.64832443e-03 -2.89838063e-03
  1.27960652e-01 -2.29246728e-02 -1.13135599e-01  1.44612789e-02
  4.29462083e-02  7.50582740e-02  4.32755128e-02 -2.17812918e-02
  5.25262021e-02  1.78923961e-02 -2.45196223e-02  3.88395935e-02
 -4.19304185e-02  5.84878400e-03 -3.27354446e-02  2.71194037e-02
  2.69237179e-02  7.59825781e-02  7.07743615e-02  4.02459614e-02
 -1.82820372e-02  8.73321667e-02 -4.33586575e-02  4.11399156e-02
 -5.92680983e-02  6.34247884e-02  6.87294453e-02 -1.35279842e-32
  4.47708741e-03 -2.17144322e-02 -7.55952671e-02  1.41396932e-03
  8.35881382e-03  2.95931902e-02  2.94226538e-02 -2.40008682e-02
 -7.25860745e-02 -6.56895190e-02 -1.17096258e-02 -6.48446232e-02
  9.77077484e-02 -1.46261733e-02 -9.95763689e-02  4.57036532e-02
 -1.14895284e-01 -7.10922182e-02 -6.27122223e-02  2.26590200e-03
  2.29115095e-02  7.84080997e-02  7.78533891e-02  3.50832450e-03
  2.48029567e-02 -5.53683378e-02  2.95848139e-02 -2.47235317e-02
 -6.92220256e-02  6.09182194e-03  1.26001025e-02 -1.02205644e-03
 -4.53780331e-02  1.23082235e-01 -1.67172141e-02 -3.02139390e-02
  1.07183799e-01 -7.62515962e-02 -2.73991469e-02  9.10345688e-02
  7.70553499e-02  6.81519210e-02  5.16132340e-02 -1.99733619e-02
 -6.48100749e-02 -1.44179557e-02 -7.81470258e-03 -1.42146870e-01
  4.18591015e-02 -9.01253223e-02  5.18782213e-02 -3.83695178e-02
 -1.13675706e-02  1.49637330e-04  3.75547670e-02 -5.90583086e-02
 -8.16292614e-02 -8.39122236e-02 -7.41131008e-02  2.33330745e-02
  1.05461620e-01  4.41068709e-02 -4.46951911e-02  3.91177693e-03
  1.19221509e-01 -6.21172646e-03 -3.72661650e-02  2.36615026e-03
 -9.59020853e-03  5.24834692e-02  2.94745862e-02 -7.55146518e-02
 -9.52481031e-02 -6.25044331e-02  5.05167581e-02 -6.29545795e-03
 -5.83501011e-02 -5.59315607e-02 -1.09528705e-01  5.27433306e-03
  1.45263299e-02 -1.21884402e-02  4.72672703e-03  3.56709994e-02
 -5.58036705e-03  4.97558601e-02 -2.11976841e-02  5.76903438e-03
 -1.24916332e-02  9.42429155e-02 -6.64443523e-02 -8.32951069e-03
  4.22823802e-02  1.83256492e-02 -9.00595449e-04 -6.52374794e-08
  6.62202761e-03 -2.37054117e-02  2.83550881e-02  5.21324715e-03
 -2.59903204e-02 -1.07087538e-01 -3.83513793e-02 -8.91055074e-03
 -2.69607622e-02  3.90160456e-02  7.38216341e-02 -3.99739221e-02
 -1.18735358e-01 -1.68583393e-02  2.16911342e-02 -6.01972044e-02
  2.13477537e-02  5.27710356e-02 -4.42909449e-02 -5.93698658e-02
  3.65499966e-02 -1.88328195e-02 -7.00576603e-02 -6.29841760e-02
  7.46768415e-02  1.25205945e-02 -3.28084901e-02 -3.54327559e-02
 -1.31550769e-03  2.57085655e-02 -1.66169908e-02 -1.26736527e-02
  1.67617425e-02 -6.07066192e-02 -4.90543656e-02 -9.31663811e-03
 -2.95372829e-02  3.25968042e-02  2.11523683e-03  2.23735087e-02
  3.88370305e-02 -3.48847285e-02 -3.80038396e-02  2.59029157e-02
  1.30561702e-02 -5.43606654e-03 -4.49966751e-02  4.23835702e-02
 -2.34539695e-02 -6.77592978e-02 -5.02397008e-02 -1.87471975e-02
  1.08454719e-01  4.46814597e-02 -3.40468413e-03  4.75862902e-03
  6.05282746e-02  1.50020532e-02 -6.83254376e-02 -2.51357276e-02
  1.02168709e-01  6.77963570e-02  2.91209780e-02 -5.39560504e-02]