[-7.24402070e-03 -1.01140710e-02 -1.65121052e-02 -3.85354906e-02
 -7.93178752e-02  1.62795838e-02  3.86915244e-02  1.01617090e-01
  2.92633958e-02  4.49721739e-02  9.69591141e-02 -6.76070303e-02
  1.28423721e-02  7.08402554e-03  1.11273341e-02 -6.54378384e-02
  7.83599392e-02  4.73354682e-02 -1.07649244e-01  2.19289809e-02
  1.71250612e-01 -3.10646500e-02 -2.62030661e-02  6.90277666e-02
 -9.24791098e-02 -1.01000257e-02 -5.28148077e-02 -8.72581825e-03
 -3.92985158e-02 -7.65948892e-02 -3.81567515e-02  8.12108144e-02
  1.23182438e-01 -7.92224854e-02 -5.54541349e-02  8.14697053e-03
 -4.91037779e-02 -2.32781935e-02 -3.55840586e-02  3.75817046e-02
 -1.11622773e-01 -8.49574283e-02 -4.13514376e-02 -6.47086836e-03
  2.55016685e-02  2.12937575e-02 -1.10108014e-02  5.12565598e-02
 -1.42051082e-03  3.10073216e-02 -9.37016904e-02  3.43957660e-03
 -7.27347285e-02  5.21984845e-02  5.23971505e-02 -2.87725776e-02
 -4.59370576e-02 -2.59047262e-02 -2.26767152e-03  1.11365048e-02
 -2.81304251e-02  2.82841194e-02 -4.68433388e-02  1.90846939e-02
  4.32575755e-02 -5.47088915e-03 -1.09310057e-02 -3.23061682e-02
 -5.46138696e-02  1.87249929e-02  9.78797004e-02 -2.52600498e-02
  2.98465621e-02 -2.34803092e-02 -1.05705867e-02  6.47250116e-02
  2.70740241e-02  5.08315004e-02  6.39969809e-03 -8.59136134e-02
  3.47022302e-02  1.37203708e-02 -3.08204815e-02 -2.74412893e-03
  1.46766473e-02 -5.18632084e-02  4.43896353e-02  1.17545761e-02
  6.32441863e-02  1.15300436e-02  2.39967071e-02  6.28970340e-02
 -6.63924217e-02 -7.29548261e-02  7.80873140e-03  3.84963676e-02
 -6.98943734e-02 -1.00232298e-02  6.17777295e-02 -4.24233302e-02
  1.90098714e-02  5.01987466e-04  1.09835686e-02 -2.40025632e-02
 -8.32954645e-02 -3.49591859e-02 -4.16278392e-02  1.68430116e-02
  4.06166315e-02  1.38395220e-01 -5.85216023e-02 -5.74332327e-02
 -9.88154486e-02 -2.44753584e-02 -8.18152130e-02  1.61605831e-02
 -9.63832717e-03 -5.47014661e-02  5.46698608e-02 -4.60224301e-02
  1.45684872e-02 -3.23054306e-02  9.38258246e-02 -7.50651807e-02
  1.62830707e-02 -6.22850545e-02  5.68067394e-02  6.72903586e-33
 -1.03779294e-01 -4.39976640e-02 -4.02930155e-02  4.99473624e-02
 -8.02874798e-04 -4.19960171e-02 -2.46845484e-02  2.03078873e-02
  8.88100713e-02  7.35615706e-03 -5.86479567e-02  1.30999565e-01
 -5.03452532e-02  4.92485613e-03  5.83606735e-02 -2.64989920e-02
  3.06823198e-02  3.17501873e-02  9.40955617e-03 -1.91435758e-02
 -2.64462177e-02  3.72845456e-02  5.15453480e-02 -8.17625970e-02
  1.23009775e-02  5.22553734e-02 -2.46107783e-02 -1.31358532e-02
 -6.25230446e-02  2.15943269e-02  1.25076920e-01 -4.91948612e-02
  1.09551670e-02 -5.23802191e-02 -7.04890788e-02 -2.56639943e-02
  3.84153845e-03 -1.24851642e-02  5.41549362e-03  4.15647961e-02
 -5.83733656e-02  4.86146426e-04  2.96519101e-02 -3.81474383e-03
 -3.05602178e-02 -4.59825471e-02 -4.54027997e-03  3.92789207e-02
  1.10040896e-01  1.03431679e-01 -2.25142352e-02 -4.54274714e-02
  3.87279764e-02 -6.74279630e-02 -6.56608045e-02  7.93272331e-02
 -7.64447153e-02  6.61010444e-02 -1.01978630e-01 -2.66875364e-02
 -4.43706848e-02  1.56325530e-02  2.19256524e-02 -3.34561290e-03
 -1.95403062e-02 -6.11716658e-02  1.77919655e-03  2.84395386e-02
  8.32540840e-02  3.36953960e-02 -5.55342212e-02 -6.48020655e-02
 -1.05268070e-02 -8.24030954e-03  3.47462818e-02 -4.98083606e-02
  1.19491890e-01  9.71507747e-03 -1.66066214e-02 -1.02341417e-02
  3.78715107e-03 -1.97118279e-02 -8.32010880e-02  2.21378338e-02
  3.82176973e-02  6.76913187e-02  3.39192338e-02  8.33374709e-02
  3.45329242e-03  6.30593747e-02  1.19137317e-02  7.12059662e-02
 -4.45228443e-02  3.61590125e-02  6.28025085e-02 -1.01471787e-32
 -3.42240036e-02  7.89756924e-02 -1.57894276e-03  6.24365360e-02
  5.03604747e-02  3.76820564e-02  2.27616969e-02 -9.91058797e-02
 -8.37022252e-03 -8.20475668e-02 -6.94251209e-02 -2.36378871e-02
 -2.15839874e-02 -1.23914853e-02 -1.05933301e-01  8.26599374e-02
 -6.65491000e-02  1.28603624e-02 -9.07172039e-02  3.14299576e-02
 -5.86064160e-02  1.22746013e-01  4.18867683e-03 -1.52358534e-02
  5.75814163e-03 -4.08345014e-02 -2.68830024e-02  3.64619158e-02
 -3.11173815e-02  1.59361586e-02  3.48430835e-02 -5.26825078e-02
 -1.59325600e-02  3.50917093e-02 -8.30516443e-02 -3.45619060e-02
  3.96540985e-02 -1.79688614e-02 -2.49260738e-02  1.14511773e-01
  3.35770361e-02  4.08306383e-02  2.91448236e-02 -6.83033839e-02
 -4.91934009e-02 -8.36927071e-02  2.30956096e-02 -1.00701243e-01
  5.34166880e-02 -1.88661348e-02  1.16887048e-01 -4.49727736e-02
 -6.27248511e-02  1.10085413e-03  1.49441985e-02  2.68398263e-02
 -2.33714450e-02 -8.82216319e-02 -9.23023149e-02  1.97368849e-04
  5.71386516e-02  1.38045559e-02 -5.30463178e-03 -1.03465624e-01
  3.77453715e-02 -3.23497038e-03 -6.34991855e-04 -5.11288308e-02
 -1.42997783e-02 -2.26078741e-02  3.33370417e-02 -2.33094338e-02
  2.53340956e-02 -3.13987695e-02 -1.06340961e-03 -2.56171040e-02
 -4.64343987e-02 -8.16183165e-03 -2.25498658e-02 -1.81374289e-02
 -9.59007256e-03 -8.39096538e-06 -3.99925783e-02 -1.07478395e-01
 -1.08237185e-01  6.57303445e-03 -1.62065923e-02  6.14931993e-02
 -1.40248556e-02  5.79590164e-03 -5.75095490e-02  5.10284156e-02
  4.35766056e-02  6.53793737e-02 -5.22335060e-02 -5.96358376e-08
  3.87782119e-02 -3.20661515e-02  3.60720679e-02  3.37017588e-02
  3.20384242e-02  1.98651627e-02 -2.81653386e-02 -2.80344896e-02
 -1.86755657e-02 -3.89455259e-02  3.19016725e-02  8.69997814e-02
 -7.68183693e-02  5.51062636e-02 -2.54635997e-02 -5.34046069e-02
  6.27227686e-03  5.99625446e-02 -5.46988398e-02 -6.64602891e-02
  2.68133003e-02 -6.80208392e-03 -5.50105944e-02 -2.15443727e-02
  3.48068364e-02 -3.11273318e-02 -2.92261355e-02  1.09487521e-02
 -5.97079284e-03  6.15820885e-02  2.18720734e-02 -2.10452918e-02
  4.86617126e-02 -5.38314246e-02 -4.56697628e-04 -1.62465628e-02
 -2.25314200e-02  3.18441167e-02 -6.17726818e-02  6.82238564e-02
  4.17355299e-02 -1.07892780e-02 -3.94404158e-02  2.37786584e-02
 -8.71534832e-03 -3.71352173e-02 -6.96525723e-02  7.05385730e-02
 -5.33490106e-02  3.24953832e-02 -1.55718541e-02 -4.72520478e-02
 -4.27104570e-02  3.50725763e-02 -8.32734164e-03  1.82054956e-02
  2.86247134e-02  2.17929874e-02 -2.69958861e-02  7.24761747e-03
  5.95369525e-02  9.55032036e-02  1.18531547e-02 -5.95449284e-02]