[-7.88399503e-02  6.65122345e-02 -7.48728737e-02 -8.99559483e-02
 -7.35112280e-02 -2.27210093e-02  4.56051566e-02  7.75681436e-02
 -1.20604951e-02  8.33361521e-02  1.55287862e-01  1.25826309e-02
 -4.69021462e-02  1.24502731e-02 -4.08417620e-02  3.33496109e-02
 -6.71268115e-03  7.38152908e-03 -1.37113323e-02  3.59512158e-02
  1.41087711e-01 -1.78635865e-02 -4.57145013e-02  7.04050511e-02
 -1.72430035e-02  6.37803273e-03 -3.65731157e-02 -8.34461302e-03
 -5.21602780e-02 -5.88768944e-02 -2.08573602e-02  6.65059909e-02
  1.32674336e-01 -5.45349717e-02  2.69576143e-02  1.84803922e-02
  8.11510831e-02 -4.28881450e-03  1.03000214e-03  3.96022312e-02
 -3.18478495e-02 -1.73392687e-02 -4.94703650e-02  3.96895315e-03
  6.21527210e-02 -3.85540277e-02 -5.95578328e-02  6.67814538e-02
 -4.63839015e-03  4.10514995e-02 -7.26616010e-02 -1.58671122e-02
  3.03609632e-02 -1.47437397e-02 -7.12953657e-02 -1.04269579e-01
 -6.42358810e-02  6.32380769e-02 -6.59965426e-02  1.76738948e-02
 -3.90951708e-02  5.85340858e-02 -4.67944257e-02  4.22402732e-02
  4.45323139e-02 -2.44123163e-03  8.90393218e-04 -9.05426443e-02
 -8.32946599e-02  3.11734807e-02  2.81625055e-02 -6.74173683e-02
  6.47298470e-02  2.41929274e-02 -8.59687850e-02  5.67138791e-02
 -3.25624980e-02  5.75570390e-02  7.86103979e-02 -7.72698224e-02
  2.72322074e-02 -1.12326769e-02  2.38609873e-02 -9.27572995e-02
  2.48409491e-02 -1.19708176e-03 -1.35228466e-02  3.41971442e-02
  7.93003291e-02  1.84246246e-02  1.19042091e-01  4.73737866e-02
 -1.39014202e-03 -1.04480470e-02  2.94404235e-02  2.06005611e-02
 -3.69898826e-02 -2.38985009e-02  9.07804910e-03  1.44612631e-02
  4.67918999e-02  5.92280459e-03 -2.73365080e-02 -2.41530649e-02
 -6.20507337e-02  2.22795103e-02  6.74918517e-02 -4.69081216e-02
  6.45155236e-02  4.88280505e-02 -8.82745609e-02 -8.88518151e-03
 -6.94205612e-02 -5.57789207e-02 -5.42147942e-02  2.17196811e-02
  2.33265106e-02 -4.96928755e-04  4.65469621e-02 -4.20883708e-02
 -1.15940627e-02 -3.56202833e-02 -3.46681625e-02 -6.28228933e-02
 -2.76139192e-03 -7.38549754e-02  1.42785860e-02  1.13888872e-32
 -8.09800848e-02 -6.08612737e-03 -5.76066449e-02  5.86968288e-02
 -6.42811060e-02  1.96032580e-02 -3.65201570e-02  3.81303914e-02
 -4.25345041e-02 -2.69595603e-03 -6.26036227e-02  9.76437889e-03
  6.01106286e-02  2.41426360e-02  3.86376977e-02  3.41356359e-02
  4.84710932e-02  2.42140908e-02  7.17052296e-02 -1.81989297e-02
  2.05649678e-02 -2.90743448e-03 -5.02479868e-03  6.18831720e-03
  6.74993871e-03  9.12043154e-02 -5.91241121e-02 -1.45843318e-02
  3.96606047e-03  6.24542460e-02  8.18882808e-02 -3.56203727e-02
  4.86273924e-03 -4.90301065e-02 -2.66308431e-02  5.29454015e-02
  3.82134467e-02  6.53059408e-02 -9.68366303e-03 -1.38544012e-02
 -3.04498337e-02  3.70266773e-02  5.06115183e-02  9.01969746e-02
  2.55407449e-02 -4.02119048e-02  4.81693596e-02 -1.64892972e-02
  5.88119142e-02  9.42081884e-02 -7.32307285e-02 -4.82737273e-02
 -7.65778348e-02 -6.42029345e-02  3.60774621e-02  2.44121179e-02
 -9.31037441e-02  9.64873955e-02 -3.62677909e-02 -6.88129067e-02
  4.21876572e-02  3.31211127e-02 -5.87234758e-02  4.24826145e-03
 -8.24687779e-02 -4.06953730e-02 -2.13784538e-02 -2.09148992e-02
  1.26460433e-01 -5.14834700e-03 -3.66377681e-02 -1.65632442e-02
 -1.00856408e-01  5.58550023e-02 -9.14484933e-02 -2.05543395e-02
  1.04924709e-01 -2.36547645e-02 -2.99610700e-02  3.25329900e-02
  5.21969283e-03 -5.61453477e-02  4.91971197e-03 -2.83089504e-02
  3.34708281e-02  1.30138472e-01  4.08957712e-02  6.15878813e-02
  1.86403934e-02  6.54657111e-02  1.00332558e-01  2.63667013e-02
 -3.11656725e-02  3.12631615e-02  9.43851843e-02 -1.27861856e-32
 -1.65045094e-02  4.15323861e-02 -4.77875806e-02 -3.53475660e-03
 -5.36027551e-02  2.59863362e-02  2.55799424e-02 -5.26667631e-04
  8.59154016e-03 -8.42821524e-02 -5.01933545e-02 -1.01710141e-01
  4.37625721e-02 -2.92242207e-02 -6.57258257e-02  3.90841700e-02
 -9.62966681e-02  3.24022351e-03 -1.13193672e-02  8.74850247e-03
 -1.10999178e-02  9.55171585e-02  4.73318473e-02  3.21188346e-02
  9.06133838e-03 -1.71715312e-03 -7.20356479e-02 -2.87647024e-02
 -1.12280957e-02 -2.23229788e-02  8.33733566e-03 -6.46705553e-02
 -6.75040158e-03  7.87475854e-02 -7.41096437e-02 -5.47618046e-02
  6.09925985e-02  1.78509522e-02 -4.11443822e-02  1.02520913e-01
  1.85502898e-02  6.06294945e-02  7.55560177e-04 -2.37869415e-02
 -5.78650795e-02  6.89491350e-03  3.28022540e-02 -1.02802686e-01
  2.94731967e-02 -1.12092622e-01  6.80812746e-02 -1.47501575e-02
  2.29577050e-02 -1.65562760e-02  1.08486861e-01 -1.41163114e-02
 -1.89929153e-03 -3.00489366e-02 -1.35059744e-01  1.28435083e-02
  7.02902749e-02  1.46788731e-02 -5.50481230e-02 -2.21873224e-02
  1.16752081e-01  8.10806453e-03 -3.32462564e-02  9.96503904e-02
 -1.39514508e-03  5.51793072e-03  7.93319866e-02 -6.87061027e-02
 -6.86705038e-02 -5.28113879e-02 -6.33126274e-02 -7.03413635e-02
 -8.25377554e-02 -8.74659605e-03 -2.78389193e-02  1.90697350e-02
 -8.19812249e-03 -4.20388468e-02 -3.67853865e-02  3.04873870e-03
 -5.73088229e-02 -6.90621138e-02  4.24527302e-02 -8.80519766e-03
 -7.22691044e-03  8.32956657e-02 -1.64762028e-02  8.14488996e-03
 -2.05140114e-02 -1.59797934e-03 -4.92032990e-02 -6.12884463e-08
  3.74582149e-02 -5.21738008e-02  4.70025875e-02 -2.69873720e-02
 -3.30754532e-03  2.60888264e-02 -2.92652268e-02 -3.63550037e-02
  2.34713033e-02  4.18077931e-02 -1.32459356e-02  2.08614301e-02
 -6.60644174e-02  6.21163286e-03 -9.87221487e-03 -1.66426646e-03
  4.25248370e-02  3.27962041e-02 -3.57786543e-03 -2.06606090e-03
  6.50310293e-02 -2.76857223e-02 -5.86348064e-02 -6.66319504e-02
  2.51624286e-02  1.04210041e-02 -3.92976627e-02  6.73791096e-02
 -3.89589891e-02 -1.44200567e-02 -1.01239890e-01 -4.00849525e-03
  2.29155011e-02 -1.00818776e-01 -6.84947297e-02  9.47711989e-03
  4.28598151e-02  1.08632771e-02 -4.17348929e-02  6.89970003e-03
  3.50690819e-02 -5.72176464e-02 -3.98108661e-02 -2.34354520e-03
  7.94607494e-03 -2.53223162e-02 -4.16737534e-02  7.81383179e-03
 -3.44893686e-03 -3.27350460e-02 -2.30167955e-02 -1.58894137e-02
  1.11165345e-02  1.69896930e-02 -6.18272834e-02 -4.42594439e-02
  2.13063117e-02 -1.02420002e-02 -6.11498356e-02 -1.37747135e-02
  5.48259281e-02  5.80435172e-02  2.00377908e-02 -4.73526753e-02]