[ 2.70858854e-02  1.34118199e-02 -1.16540743e-02 -8.69180541e-03
 -5.69277778e-02  1.53151620e-02  3.31910700e-02  1.00271687e-01
 -6.30110269e-03  7.07867891e-02  1.04743049e-01 -1.63140502e-02
  7.32415682e-03  8.52403790e-03  1.82679971e-03 -8.84249508e-02
  5.01204059e-02  1.01999624e-03 -6.13639969e-03  3.57294939e-02
  1.46914408e-01 -2.45641228e-02 -7.21842051e-02  3.47358920e-02
 -7.61731341e-02 -4.94757257e-02 -7.90382698e-02 -2.39970977e-03
 -4.90769856e-02 -1.71506591e-02 -2.48852298e-02  8.93225893e-02
  1.40169859e-01 -1.07595110e-02  4.27883206e-04  9.31111202e-02
  4.03955467e-02  1.82814046e-03 -5.41111678e-02  8.89745951e-02
 -1.23676904e-01 -5.02377637e-02 -4.72442843e-02 -5.19657508e-02
 -8.12416337e-03 -3.36102545e-02 -3.90920090e-03 -3.14375944e-02
 -4.53545004e-02 -3.93562615e-02 -8.33853409e-02 -8.96249339e-03
 -1.14443637e-02  4.06205561e-03 -2.87083369e-02 -4.52735685e-02
 -2.77323313e-02  3.34866829e-02 -5.06040342e-02  3.07207387e-02
 -2.23623477e-02  8.06664210e-03 -2.02549007e-02  1.10021448e-02
  5.84642477e-02  2.21118554e-02 -2.16824207e-02 -5.62593229e-02
  2.66855471e-02  3.81734967e-03  3.81567329e-02 -5.32314628e-02
  4.22070697e-02  5.06512225e-02 -1.15579516e-02  3.60504277e-02
  1.45470891e-02  3.93538177e-02  2.89219357e-02 -1.22941785e-01
  3.14012393e-02  2.50740424e-02 -4.95942868e-02 -1.32208411e-02
 -2.50213556e-02 -3.25257443e-02 -2.88959108e-02 -1.51401749e-02
  5.75956032e-02 -1.04832947e-02  5.38164973e-02  6.45599589e-02
 -9.93243009e-02 -2.26331186e-02 -6.37388323e-03 -2.56367456e-02
 -2.76545081e-02 -3.42758074e-02  2.45701056e-02 -3.10915578e-02
  1.29686706e-02  2.36848398e-04  4.41211574e-02  7.52303600e-02
 -4.48445939e-02 -2.35371180e-02  2.12652399e-03 -6.48726597e-02
  1.33304894e-02  1.01179570e-01 -6.07303753e-02 -4.80347089e-02
 -1.16929233e-01 -5.39546236e-02 -6.10725246e-02  3.45846526e-02
 -1.78779662e-02 -4.45538163e-02  6.98952302e-02 -3.04355216e-03
  3.09666563e-02 -4.21761982e-02  6.49291202e-02 -7.65071660e-02
 -1.72134745e-03 -4.29824106e-02  6.69975728e-02  9.80161499e-33
 -6.39713705e-02 -1.46858832e-02 -3.62251624e-02  5.18285111e-02
 -8.23041983e-03  1.52962245e-02 -2.54906770e-02  2.03512497e-02
  9.89658609e-02  5.87351155e-03 -1.73927750e-02  1.03929766e-01
  3.12551744e-02 -8.46652780e-03  6.55093044e-02 -4.57310304e-02
  3.88285778e-02  5.25296368e-02 -1.48140406e-02  2.70911530e-02
 -4.85125259e-02 -2.67091542e-02  5.21242525e-03 -8.52909237e-02
  8.20080563e-02  3.04116178e-02 -2.52145398e-02  7.13223708e-05
  3.88616160e-03  1.50140021e-02  1.00456566e-01 -2.12432421e-03
  4.63275891e-03 -1.03296436e-01 -3.38792950e-02  8.50950368e-03
  2.31792629e-02  1.99965015e-02  6.30978588e-03 -7.54986554e-02
 -7.79302120e-02  4.53323722e-02  9.53943953e-02  3.76681611e-02
  8.65044817e-02  2.01976653e-02  6.72500134e-02  1.61906099e-03
  5.31521477e-02  2.51550209e-02 -3.69429104e-02 -7.25223403e-03
 -2.95012202e-02 -7.59860203e-02 -4.69686789e-03  2.01980192e-02
  1.86392926e-02  4.20296118e-02 -2.95409393e-02 -1.85539946e-02
 -1.14330333e-02 -1.68915633e-02 -2.39224471e-02 -1.09486664e-02
  4.90429252e-03 -1.08063564e-01  7.69887352e-03  7.99717847e-03
  1.09328382e-01  8.94110743e-03 -9.45666581e-02 -2.49569267e-02
 -5.01624830e-02  6.48795739e-02 -4.76474129e-02  1.29135270e-02
  6.07149005e-02  1.37198269e-02 -5.35384119e-02 -8.59770086e-03
 -4.84894663e-02  9.69147717e-04 -1.88314877e-02 -1.45288110e-02
  8.47243443e-02  6.01354688e-02  6.27813414e-02  5.11465557e-02
  1.26809226e-02  6.94786161e-02  6.90542608e-02  1.28545329e-01
 -2.12966986e-02  1.01413250e-01  5.30918203e-02 -1.20584091e-32
 -4.40796390e-02  1.46248108e-02 -5.20953089e-02  8.41892231e-03
  6.88068662e-03  5.57762682e-02  2.40871012e-02 -1.19450940e-02
 -2.68334486e-02 -6.13865331e-02 -3.79188396e-02 -1.12997673e-01
  1.37695223e-02 -3.06232367e-02 -8.38215500e-02  6.03716150e-02
 -1.22121297e-01 -1.23395473e-02 -1.96311306e-02  6.78172633e-02
  1.57137793e-02  1.14155635e-01 -1.52394306e-02  2.19343994e-02
 -5.06174155e-02 -2.51969751e-02 -6.46544024e-02 -4.38921861e-02
 -1.10445380e-01 -1.83138084e-02  7.82274827e-03 -2.96418462e-02
 -5.98927960e-02  1.00273825e-01 -5.27394228e-02 -3.70054394e-02
 -7.65769882e-03 -2.06746813e-02 -4.50521000e-02  1.34711698e-01
  9.44247916e-02  4.47478332e-02  2.20841169e-02 -6.39703572e-02
 -6.31952956e-02 -8.41453671e-02  3.78999412e-02 -1.39190421e-01
  1.04811229e-02 -2.33735144e-02  7.64023289e-02 -8.22988227e-02
 -1.69909336e-02 -5.93940839e-02  5.03429249e-02 -5.89927398e-02
  3.04484181e-03 -8.68787393e-02 -1.15121745e-01 -1.06195465e-03
  1.23413287e-01  2.07167491e-03 -2.85569113e-02 -2.11682566e-03
  6.80569261e-02  1.15457252e-02 -7.98941182e-04  7.57291690e-02
 -9.68725421e-03  6.35534432e-03  3.10140308e-02 -3.53180468e-02
 -2.31704190e-02 -7.53092542e-02 -5.93727939e-02 -4.66123000e-02
 -5.69840521e-02  1.23310834e-02 -5.21804392e-02  2.91445758e-02
 -5.56853637e-02  6.64887996e-03 -6.66525885e-02 -2.20653806e-02
 -8.43566880e-02 -1.68905780e-02  7.46407658e-02  1.13400267e-02
 -1.56464637e-03  2.66224481e-02 -8.15228075e-02  5.52806370e-02
 -1.32158808e-02  1.75882143e-03 -6.28727451e-02 -6.18601845e-08
 -5.21253981e-03 -2.58854199e-02  4.71146777e-02 -7.71966157e-03
  2.60285735e-02 -7.43916035e-02  1.19669747e-03  2.32017897e-02
 -1.77214816e-02  1.69812758e-02 -7.83884302e-02  1.06237167e-02
  9.65217827e-04  3.24438028e-02  7.59975612e-02 -6.05599992e-02
  4.72093821e-02  7.22323731e-02 -5.42848185e-02 -4.28643487e-02
  6.70622662e-02 -3.40138637e-02 -6.84709549e-02 -6.17257552e-03
  3.75359915e-02 -2.36127712e-03 -2.43259892e-02  2.96766628e-02
 -4.69518006e-02  7.77249634e-02 -2.94717457e-02 -3.96331958e-02
  4.94049601e-02 -6.14668503e-02  1.00682545e-02  6.82341866e-03
  2.74145603e-03 -6.33232947e-03 -7.80659690e-02  5.73575832e-02
  2.63974164e-02 -3.17621455e-02  1.76781032e-03  4.68703955e-02
 -4.96704178e-03 -1.74788404e-02 -4.05770242e-02  8.42553079e-02
  3.49465082e-03 -4.18931916e-02 -3.06257568e-02 -1.02974651e-02
  2.45458558e-02 -2.74748467e-02 -4.44119945e-02 -9.75299161e-03
  3.13778706e-02  5.61044626e-02 -5.87278232e-02 -6.49797963e-03
  2.78037954e-02  6.96999952e-02 -9.16081853e-03 -3.96936201e-03]