[-7.09216669e-02  4.60545272e-02 -5.09040281e-02 -1.24399714e-01
 -1.13633417e-01 -3.20885107e-02  3.53267742e-03  1.07161224e-01
  3.39860432e-02  7.40175918e-02  1.05477594e-01  9.25104890e-04
 -3.06706186e-02 -1.77044217e-02 -1.36644524e-02 -5.92414699e-02
 -5.11129349e-02 -2.60230396e-02 -5.04464842e-02  5.85118644e-02
  1.39418721e-01 -2.32621413e-02 -4.07387316e-02  3.91149111e-02
  1.62321199e-02 -6.10389523e-02 -2.51115896e-02  4.92117293e-02
  1.58794858e-02 -2.65820660e-02 -3.66973989e-02  1.13225684e-01
  1.08721986e-01 -1.34385442e-02 -2.06549261e-02  1.65362153e-02
  6.50158450e-02 -2.71151122e-02 -2.66460199e-02  6.74142838e-02
 -5.42346053e-02 -3.13859172e-02 -5.76422252e-02  9.46378149e-03
 -3.05683706e-02 -5.20264097e-02 -5.85226761e-03  3.72168086e-02
 -8.96226615e-02 -5.32291159e-02 -4.73157056e-02  4.17855289e-03
 -4.63674441e-02  1.02378540e-01 -2.33000014e-02 -1.29765421e-01
 -5.10544218e-02 -5.04344590e-02  6.37143943e-03  5.25687151e-02
 -3.44127826e-02  2.08640490e-02 -1.90486349e-02  2.15754509e-02
  1.85738988e-02  3.09709534e-02  4.63974066e-02 -5.59644476e-02
 -3.08729312e-03  4.06006537e-03  2.81674154e-02 -4.49649878e-02
 -6.53804746e-03  6.68730959e-02 -6.31303191e-02  1.14034355e-01
 -1.87097676e-02  5.91370165e-02 -3.08900746e-03 -1.59801677e-01
  6.04104577e-03  3.16443965e-02 -6.69163000e-03 -3.35296839e-02
 -3.06741521e-02 -2.64036823e-02 -4.99334298e-02  2.52502151e-02
  2.18337253e-02 -4.13689651e-02  4.32787426e-02  2.61533670e-02
  2.82413047e-03 -3.92765664e-02 -3.72959897e-02 -7.55491480e-03
  1.87460929e-02 -1.68528017e-02  5.52276112e-02 -1.05059491e-02
  3.70564200e-02 -1.77984647e-02 -4.94434545e-03  3.18474770e-02
 -7.77282403e-04  9.37420689e-03 -3.51896808e-02 -5.90692796e-02
  4.24492806e-02  2.97322441e-02 -9.70895886e-02 -5.22958227e-02
 -4.07507569e-02 -3.60946469e-02 -8.40590298e-02  4.50049825e-02
 -3.70995775e-02 -2.22688504e-02  7.07736239e-02  4.05673927e-05
  3.50822695e-02  1.00226130e-03  3.66471969e-02 -5.02724573e-02
  9.42894369e-02  2.15557758e-02  2.55206935e-02  6.89195350e-33
 -2.33102068e-02 -1.36657245e-02 -1.19171133e-02  8.20664093e-02
 -1.67863201e-02  3.36633138e-02 -2.66335765e-03  8.73741601e-03
 -1.72526855e-02  3.58214229e-02 -1.13837078e-01  6.91392124e-02
  1.78879220e-02 -4.14580218e-02  1.29999608e-01  9.01052356e-03
  3.22361514e-02  3.27753276e-02  6.48506284e-02  2.65934113e-02
  1.73134450e-02  8.29216279e-03  3.29215936e-02 -1.07235964e-02
  1.05107918e-01  6.09047376e-02 -2.89039426e-02 -7.02438653e-02
 -4.52625006e-02  5.19762412e-02  4.44245636e-02 -7.22455457e-02
  4.95811477e-02 -2.03130711e-02 -2.37432402e-02 -6.99448446e-03
 -2.65908074e-02 -4.33450658e-03 -5.18609844e-02 -3.21386456e-02
  2.09499393e-02  1.83114444e-03  2.15478539e-02  3.94494906e-02
  8.07628408e-02 -4.40569408e-02  2.76640188e-02 -1.62381902e-02
  8.56336951e-02  3.95967998e-02 -6.01702668e-02 -2.14837529e-02
  6.34715101e-03 -5.45230210e-02  2.64530014e-02  2.44212467e-02
 -1.17691629e-01  6.23628916e-03 -1.16275949e-02 -1.23789664e-02
 -4.54240516e-02  5.34884911e-03 -6.22358695e-02  3.14826965e-02
  2.99576409e-02 -7.63568804e-02 -7.68918870e-03 -3.64568010e-02
  9.38184336e-02  4.13035182e-03 -7.82343373e-02 -4.86743897e-02
 -1.36560732e-02  3.12442631e-02 -4.04999554e-02  4.84360531e-02
  3.58160138e-02 -2.12369245e-02 -1.06145069e-01  2.44394131e-02
 -1.51965460e-02  2.98943836e-02 -4.59592715e-02  1.42322446e-03
  3.88009846e-02  1.75905973e-02  4.60885204e-02  1.26700830e-02
 -4.02830802e-02  4.55819219e-02  8.55069421e-03  9.46885869e-02
 -8.15658569e-02  1.74457002e-02  4.38673459e-02 -1.00803754e-32
 -1.41863674e-02 -3.34172249e-02 -7.84601551e-03 -2.27874052e-02
 -3.76920332e-03  5.04060648e-02  4.26056124e-02 -6.25217706e-03
 -7.24400133e-02 -9.63755324e-02 -6.76323101e-02 -5.71418852e-02
  7.47747049e-02 -7.55895451e-02 -1.85248237e-02  2.84073520e-02
 -1.19854547e-01 -4.94175963e-02  6.83055073e-02  5.98336011e-02
  4.16946672e-02  2.02963576e-02 -7.20856115e-02 -4.72454205e-02
  1.09045379e-01 -5.06978258e-02 -2.32866444e-02 -2.31008753e-02
 -4.98328060e-02  4.59256629e-03 -7.89986178e-03 -1.94754358e-02
 -1.95058212e-02  1.21235885e-01 -4.49082889e-02 -7.16484115e-02
  1.17650717e-01 -2.21373755e-02  4.61169258e-02  4.25655283e-02
  4.68158908e-02  4.12625931e-02  1.03850933e-02 -6.19149804e-02
 -3.64982001e-02 -5.39690405e-02 -1.35251926e-02 -5.07390201e-02
 -3.25643346e-02 -6.02952465e-02  1.11426286e-01  1.56386904e-02
 -2.59718914e-02  4.11260780e-03  5.43845370e-02 -3.71044427e-02
 -3.00674438e-02 -8.52155760e-02 -4.10891250e-02  4.18846011e-02
  1.19910263e-01 -1.25048787e-03 -5.51891588e-02  3.97542529e-02
  5.48302755e-02 -2.28193100e-03 -2.82969140e-02  7.26777688e-02
 -6.64022937e-02 -3.62321287e-02  2.21681353e-02 -8.36982727e-02
 -1.82756856e-02 -9.58680734e-02  3.80174480e-02  1.02863722e-02
 -8.12986270e-02  9.22364648e-03 -4.27550375e-02  3.10840607e-02
 -6.54414296e-02  1.72160789e-02 -3.09196990e-02  5.83893098e-02
 -2.21323241e-02  1.57274213e-02  1.30339578e-01  7.93699250e-02
 -1.55380312e-02  5.34560578e-03 -4.27607633e-02  1.70804318e-02
  4.16842997e-02  4.77888808e-02 -5.82703669e-03 -6.47676046e-08
  4.23564576e-02 -6.35306537e-02  1.29361525e-02 -1.85492989e-02
  5.90759218e-02 -1.94541607e-02 -8.34646598e-02  3.56472842e-02
 -3.80957387e-02  5.23844883e-02  4.09607999e-02  1.51505303e-02
 -8.18183720e-02  4.01837640e-02  1.10162431e-02 -1.05249859e-01
 -1.18010659e-02 -3.81559990e-02 -5.88174164e-02 -1.32248029e-02
  7.49829859e-02 -2.66011916e-02 -8.26141611e-02 -1.44347677e-03
  3.70372646e-02 -6.52682930e-02 -2.18125060e-02 -1.33165494e-02
 -3.18919048e-02  3.77245620e-02 -7.15608597e-02 -1.48808006e-02
 -9.13894735e-03 -4.24742028e-02 -1.73016917e-02  2.05419827e-02
 -2.70660836e-02 -3.07441503e-02 -2.04796996e-02 -2.57701855e-02
  7.69626796e-02 -8.61096829e-02 -5.31174615e-02 -3.14055048e-02
  6.80160820e-02 -1.55596752e-02 -2.13505663e-02  3.66702527e-02
 -2.97998041e-02 -3.65908854e-02 -6.91408664e-02  1.61742605e-02
  3.97496559e-02 -3.86445434e-03  3.91975679e-02 -3.34315412e-02
  7.26233050e-02 -2.78274473e-02 -1.77031960e-02 -8.02303292e-03
  9.26260352e-02  8.79790857e-02  4.58885469e-02 -3.16948555e-02]