[-3.77975442e-02  6.33096546e-02 -5.64889498e-02 -9.81168002e-02
 -7.04053342e-02 -3.33178453e-02  4.95135635e-02  1.00841790e-01
  1.74384136e-02  3.73024978e-02  3.22209597e-02 -2.63510738e-02
  1.41529425e-03 -6.82189595e-03 -3.31830196e-02 -7.56514817e-02
  5.90787902e-02 -6.78715333e-02  7.88002275e-03  6.75348490e-02
  1.99981496e-01 -2.35598665e-02 -8.60014036e-02 -1.85290277e-02
 -1.15113325e-01 -7.96996616e-03 -8.03295225e-02 -2.23248247e-02
 -1.04222596e-02  4.98756627e-03  2.58967839e-02  7.40711391e-02
  4.24076356e-02 -1.19248200e-02  3.71671170e-02  1.72489081e-02
  9.20189992e-02 -3.57428715e-02 -2.55444329e-02  4.89458889e-02
 -2.98788305e-02 -6.24678694e-02 -1.00840487e-01 -6.03409447e-02
  3.77222151e-02 -3.63523513e-02 -1.84222998e-04  9.50655740e-05
 -8.41336977e-03  4.78067026e-02 -1.13115422e-01 -7.16054514e-02
  5.23028895e-02  4.05355841e-02 -4.03836332e-02 -5.17787524e-02
 -2.48290282e-02  2.50891205e-02 -8.67630821e-03 -5.78507185e-02
 -8.47588293e-03  2.45612726e-04 -2.76816711e-02  4.15810421e-02
  1.57136824e-02 -9.50969011e-03 -2.85398886e-02 -2.55557690e-02
 -1.97466724e-02  1.58346929e-02  2.87382696e-02 -9.94586423e-02
  4.59024236e-02  6.75575063e-03 -4.73069511e-02  5.21471240e-02
 -3.91041711e-02  3.69870551e-02  4.03277390e-02 -1.52673841e-01
  1.19064813e-02 -2.11948249e-02 -3.51519212e-02  2.08350960e-02
 -1.11426143e-02 -5.02149723e-02  4.98888921e-03  3.45860459e-02
  8.54547545e-02  2.09403373e-02  5.06582521e-02  3.49757671e-02
 -8.31191614e-03 -2.75053903e-02 -1.69728380e-02 -3.26855555e-02
 -1.67656951e-02  3.25877443e-02  5.03270365e-02  8.01530667e-03
  4.46308739e-02 -1.00000584e-02 -1.64507274e-02  3.40333581e-02
 -3.23396735e-02  3.58923040e-02 -9.12102032e-03 -2.50886157e-02
  3.77219878e-02  4.68140617e-02 -6.01200387e-02  1.28006916e-02
 -8.57747868e-02 -2.99733039e-02 -3.96656618e-02  3.46328765e-02
 -1.00666275e-02 -3.65408286e-02  2.91605946e-02 -3.28539498e-02
  2.13102922e-02  1.18755186e-02 -1.66222844e-02 -7.71323889e-02
  9.45794731e-02  3.13046984e-02  4.25361879e-02  1.07850270e-32
 -3.21761034e-02 -1.19536147e-02  2.32050233e-02 -2.08526850e-02
 -1.01731839e-02  3.14050019e-02 -5.17259724e-03  4.32318784e-02
  2.71562487e-02  3.38178873e-02 -1.11125447e-01  7.23642334e-02
  1.55328643e-02 -1.01815304e-02  8.13573375e-02 -1.56637281e-02
  3.55950110e-02  2.87730992e-02 -7.20621869e-02  7.79741490e-03
  4.64598872e-02 -3.89920920e-02  5.86240366e-03  3.15548852e-02
  1.11782085e-02  7.02663511e-02 -5.23157679e-02 -4.02657986e-02
  3.46372575e-02  5.01679257e-02  1.79080311e-02 -3.26349959e-02
  4.75013964e-02 -2.67700711e-03 -3.17433625e-02  1.82030313e-02
 -5.39688505e-02 -2.51067262e-02 -3.32113951e-02 -5.88552170e-02
 -6.10803030e-02 -6.32302254e-04  5.28290682e-02  3.34762111e-02
 -1.08000506e-02 -3.19371112e-02  8.00913572e-03 -3.44501995e-02
  1.38816729e-01  5.45762703e-02 -5.28800935e-02 -4.48455550e-02
 -4.32249606e-02 -2.18210015e-02  3.73695791e-03  5.38106598e-02
 -7.49012083e-02  1.01720683e-01 -3.45746651e-02 -7.72755072e-02
 -1.95544176e-02 -4.40412238e-02 -5.30608632e-02  3.81955802e-02
 -3.66718397e-02 -7.17699230e-02  2.70726718e-02  3.12854000e-03
  7.58467540e-02 -4.19625863e-02 -1.01224609e-01  2.78181639e-02
  4.85152565e-02  7.18233958e-02  4.62239012e-02  9.95673519e-03
  5.72470278e-02  3.22598256e-02 -6.22743554e-02  1.73180178e-02
 -1.55722518e-02  2.12410069e-03 -2.40831673e-02 -4.24721688e-02
  3.52785178e-02  5.54056652e-02  8.75650197e-02 -8.02316517e-03
 -2.11279280e-02  8.31822231e-02 -4.16855551e-02  1.57671850e-02
 -6.50368631e-02  8.94066691e-02 -3.10429558e-03 -1.39885224e-32
  8.51349439e-03  2.00213026e-02 -1.79749709e-02 -2.73155589e-02
  5.36709875e-02  6.06138483e-02  1.14509715e-02 -3.98471095e-02
 -6.04258217e-02 -1.07163846e-01 -2.01331973e-02 -4.91693281e-02
  5.33300154e-02  2.25730091e-02 -9.63505805e-02  3.00863571e-02
 -3.74430344e-02 -4.35697027e-02 -9.86024216e-02 -4.71987352e-02
  2.39562411e-02  1.01948798e-01  4.48682718e-02 -5.97890979e-03
 -4.67971666e-03 -3.99824493e-02  1.55431842e-02 -4.58515575e-03
 -5.57261072e-02  1.27979117e-02  1.51492208e-02  1.50365708e-02
 -1.43290516e-02  1.14782885e-01  2.26686765e-02  3.10524413e-03
  1.07097082e-01 -4.54686545e-02 -1.57071594e-02  8.59660357e-02
  7.24351108e-02  4.64675985e-02  4.19170782e-02 -2.28365120e-02
 -2.78105233e-02  7.22095696e-03 -4.20153551e-02 -1.20259076e-01
 -1.17970854e-02 -7.25671351e-02  8.43052119e-02 -1.15747219e-02
 -1.03034209e-02  3.15834768e-02  5.97699173e-02 -1.50269354e-02
 -5.90110682e-02 -9.40021276e-02 -1.40533760e-01 -2.48800479e-02
  9.75490957e-02  4.38450314e-02 -5.94878718e-02 -1.80257845e-03
  1.22542106e-01 -4.46752235e-02 -1.78014673e-02 -5.05654626e-02
 -1.08859232e-02  3.87277454e-02  8.41099620e-02 -1.00471437e-01
 -9.50249210e-02 -6.62898868e-02  2.61822138e-02 -3.43562732e-03
 -5.56126684e-02 -1.06338464e-01 -1.18346408e-01 -5.16977012e-02
  1.92489866e-02 -1.95172410e-02  3.54196467e-02 -5.01758279e-03
 -1.90547332e-02  1.32173365e-02 -3.79156950e-03 -2.77246162e-02
 -1.59039907e-02  8.86561498e-02 -9.26184207e-02  2.45013181e-03
  8.54910165e-03  1.18589941e-02 -2.93423198e-02 -6.17010230e-08
  4.67090793e-02 -1.43471025e-02 -3.53672467e-02  4.96575423e-03
 -2.54517961e-02 -9.55404639e-02 -6.68226108e-02 -3.37171042e-03
  9.33230296e-03  6.56791106e-02  6.97024539e-02 -5.89287207e-02
 -1.12210497e-01 -3.96993756e-02  4.68019620e-02 -5.61011136e-02
  1.99971925e-02  3.89314815e-02 -4.54248078e-02 -4.99967188e-02
  7.53521640e-03 -2.45342236e-02 -7.15460405e-02 -3.57093439e-02
  6.84376657e-02  4.05406207e-03 -1.12747410e-02  9.63407569e-03
  1.39370775e-02  3.72490771e-02 -2.94441488e-02  1.30899856e-02
  3.59106101e-02 -2.65758801e-02 -6.86567575e-02 -2.73306407e-02
 -3.25396694e-02  4.52354029e-02  4.72200364e-02  3.12208552e-02
  6.70527518e-02  6.11422770e-03 -3.96568663e-02  1.23527981e-02
  5.52669428e-02  2.17081085e-02 -9.61481482e-02  2.43980009e-02
  1.19078793e-02 -5.82954586e-02 -6.89427629e-02 -2.20808089e-02
  1.01888858e-01  4.20213267e-02 -4.74110767e-02 -8.16278625e-03
  7.00023472e-02  1.41076893e-02  9.43803694e-03 -2.66529806e-02
  8.63292441e-02  2.71646380e-02  1.99030899e-02 -2.05083452e-02]