[ 2.36060154e-02 -1.29093823e-03 -6.54268861e-02 -6.22547567e-02
 -8.15922543e-02  5.05372249e-02  3.64561491e-02  1.02431513e-01
  9.52519700e-02  5.74595630e-02  8.12162980e-02 -3.57981846e-02
  2.97636408e-02  6.31208299e-03 -2.22284533e-02 -8.50839913e-02
  4.74627204e-02  4.50782143e-02 -4.61605750e-02 -1.12822941e-02
  1.23839699e-01 -3.30938995e-02  2.91631389e-02  3.77663225e-02
 -3.72400433e-02 -5.52286673e-03 -4.31200676e-02 -5.44162765e-02
  4.64522047e-03 -2.77423915e-02 -3.03506870e-02  1.17971115e-01
  8.13845843e-02 -7.31421858e-02 -3.25800255e-02 -2.11320445e-03
  6.55464968e-03 -8.58945996e-02 -3.13431397e-02  8.76631290e-02
 -7.22543746e-02  2.84550544e-02 -4.74782661e-02 -3.98935303e-02
  1.95439886e-02  2.30945088e-02 -2.29889210e-02  8.39023590e-02
 -1.17303960e-01  3.41016576e-02 -5.30345105e-02  3.17241214e-02
 -4.33215965e-03  2.86208652e-02  2.72934083e-02 -4.76975776e-02
 -6.37982637e-02  7.38535356e-03 -3.08469925e-02  2.39871275e-02
 -5.28451204e-02  1.76550075e-02 -1.86883137e-02  2.61425450e-02
  2.00649630e-02  7.72835165e-02 -1.09780077e-02 -2.52035595e-02
 -5.73046543e-02  5.17481100e-03  3.55578884e-02 -3.91427763e-02
  6.64408645e-03 -2.46822704e-02 -3.77400070e-02  2.73191985e-02
  1.59663800e-02  4.34018038e-02 -3.69253708e-03 -1.39489785e-01
  4.92654480e-02  4.66721356e-02 -1.81312095e-02 -2.57352646e-02
  6.58378378e-03 -2.24630348e-02  2.54514553e-02  5.83244078e-02
  2.40576956e-02  8.90033692e-03  1.69608146e-02  2.06518415e-02
 -1.81681085e-02 -6.37501255e-02  6.21019341e-02  3.30538186e-03
 -6.88275844e-02 -6.15256689e-02  4.94182743e-02 -7.76745453e-02
  5.86952120e-02  2.16394961e-02  2.80862935e-02 -4.54276614e-02
 -1.02613725e-01 -1.00145563e-01 -1.80137325e-02 -1.32676233e-02
  5.75367771e-02  1.09215200e-01 -7.13227317e-02 -6.33227751e-02
 -7.27476999e-02 -2.52400320e-02 -1.26433244e-03  2.04649307e-02
  1.28367078e-02 -5.58887012e-02  8.51340219e-02 -1.93515066e-02
  2.23264080e-02 -1.27868913e-02 -4.30658605e-04 -3.46741825e-02
  1.55819152e-02 -5.96492738e-02 -6.15187213e-02  8.90377094e-33
 -3.69912758e-02 -1.08495783e-02 -7.66303539e-02  9.38266888e-02
 -4.45535704e-02  6.08435832e-02 -2.51859091e-02 -3.66562419e-02
  8.30378979e-02 -1.57514755e-02 -5.39525710e-02  1.66206181e-01
 -1.58616770e-02  5.73022328e-02  5.28835356e-02  1.49231954e-02
  3.34857814e-02  6.09860048e-02 -9.78473295e-03 -4.38992716e-02
 -2.27990840e-02  7.82423988e-02 -2.31440854e-03 -3.39850523e-02
  3.08575667e-02  7.06718564e-02 -1.02812417e-01 -5.23337908e-02
 -1.43905044e-01  1.04771310e-03  6.75575659e-02 -2.35132817e-02
  3.02300360e-02 -8.08568969e-02 -3.30687948e-02 -6.00452907e-02
  2.84426864e-02  3.15782242e-02  4.14701514e-02  3.07530593e-02
 -8.31120908e-02 -3.44878435e-02  4.43149656e-02  1.51731931e-02
  1.12198628e-02 -5.54371364e-02 -2.50095148e-02 -6.16674498e-02
  5.45024090e-02  5.48108220e-02 -3.14938426e-02 -6.74855243e-03
  3.61187197e-02 -8.11398402e-02 -1.60113834e-02  2.21820418e-02
 -1.36515990e-01  2.57506091e-02 -4.36336026e-02 -4.74666730e-02
  5.57207968e-03  4.64192554e-02  8.17430951e-03 -3.09792738e-02
 -5.36606796e-02 -4.15573902e-02 -6.05655834e-02  4.57832310e-03
  9.10243168e-02  8.50042477e-02 -9.78262350e-02  3.03180572e-02
 -2.23914403e-02  2.45999340e-02  4.06676792e-02 -3.62090282e-02
  5.08634485e-02  1.40718613e-02 -3.00863143e-02  4.14375477e-02
  4.17161956e-02 -6.32203743e-02  4.98884171e-02 -6.85425941e-03
  2.17395201e-02  6.93670586e-02  8.47364143e-02  5.82896136e-02
 -2.60272678e-02  4.90512848e-02  8.02095532e-02  4.00025100e-02
  8.54153186e-03  5.90252131e-02  2.80584078e-02 -1.27304936e-32
 -6.80243298e-02  5.15208393e-02 -2.48461589e-02 -2.05213334e-02
 -5.85569488e-03  2.29004268e-02  5.30279465e-02 -5.27566038e-02
  2.33636983e-02 -1.42626360e-01 -5.16584106e-02 -9.47548747e-02
  8.97565112e-03 -3.87980565e-02 -9.65487584e-02  5.86681440e-02
 -6.35454804e-02  2.16173325e-02 -4.32605483e-02  4.23092581e-03
 -4.00591046e-02  6.37912238e-03 -6.82399748e-03 -8.27464927e-03
  6.09329250e-03 -2.93308012e-02 -3.18561867e-02 -1.01645075e-01
 -3.75822820e-02  1.94922797e-02  4.45450796e-03 -3.30261216e-02
 -3.60551104e-02  3.49721313e-02 -6.80713058e-02 -7.62749165e-02
  3.66756842e-02 -7.17595394e-04 -4.29228991e-02  2.11336352e-02
  4.34799865e-02  4.78241183e-02  5.50348498e-02 -1.08452693e-01
 -8.90754759e-02 -3.30173820e-02  5.22846505e-02 -1.16451181e-01
  2.25152504e-02  1.34326024e-02  1.12900287e-01 -2.35298183e-02
 -1.28640607e-03  2.39119288e-02  1.06030935e-02 -7.01916823e-03
 -4.12074141e-02 -7.25068152e-02 -9.15367752e-02  6.94269314e-02
  2.36335546e-02  2.75028534e-02 -4.98050414e-02 -1.57615077e-02
  5.26879467e-02  1.13685792e-02 -4.04792614e-02  1.88021921e-02
  6.38400391e-02  1.48848296e-04  7.75428116e-02 -3.73778157e-02
 -3.93491015e-02 -5.16446568e-02 -1.20138936e-02 -3.96115519e-02
 -8.66434425e-02 -5.24419509e-02 -6.51923418e-02  2.96634119e-02
 -6.82691187e-02 -1.15880426e-02 -9.95111316e-02 -2.02089958e-02
 -4.01258916e-02  5.45097888e-03 -4.26854938e-02 -7.80980103e-03
  5.56419976e-03 -3.65525037e-02 -6.79992065e-02  5.44863101e-03
 -6.28071055e-02  4.50417176e-02 -3.21524702e-02 -6.73780676e-08
 -6.83889491e-03 -5.64467758e-02  5.89274764e-02  2.31298096e-02
  5.07432297e-02  1.69620253e-02  3.10254488e-02  6.79542823e-03
 -1.63996965e-02 -1.01286666e-02  1.64655671e-02 -2.74305288e-02
 -5.79582863e-02 -4.91159186e-02  3.60009796e-03 -4.35773656e-02
  5.45503274e-02  7.12785423e-02  2.21201628e-02 -3.10298782e-02
  6.03868365e-02 -2.96373051e-02 -6.42728582e-02 -5.57613298e-02
 -2.16912851e-02  1.98315848e-02  1.25251440e-02  4.40986045e-02
 -4.81560417e-02  2.58896723e-02 -2.05814056e-02 -2.60437429e-02
 -1.56338643e-02 -8.49424899e-02 -3.55532616e-02 -2.23691319e-03
  6.95429519e-02  2.45859195e-02 -4.50589173e-02  2.50612646e-02
  4.28418703e-02  2.99715456e-02  7.29842065e-03  7.12003931e-02
  3.23395245e-02 -6.66911677e-02  2.27434039e-02 -1.32639352e-02
  6.67582080e-02 -2.46847793e-02 -2.77473591e-03  4.33848202e-02
  2.12649647e-02  3.02224960e-02 -1.04693528e-02 -9.71217453e-03
  9.89771709e-02  2.19150130e-02 -5.60290478e-02  5.97976893e-03
  9.13213193e-02  8.48844722e-02  2.64443960e-02 -3.86404842e-02]