[-5.21296896e-02  3.79812866e-02 -2.52582859e-02 -7.96803907e-02
 -7.90581703e-02  2.54358444e-02 -2.85452250e-02  4.79096584e-02
  9.24360938e-03  7.19818920e-02  7.19529912e-02  7.99175631e-03
 -6.66988343e-02  9.10581090e-03  3.25710513e-02 -2.71607228e-02
  4.39100638e-02 -4.19889539e-02  1.60821453e-02  4.69138660e-02
  1.01740748e-01 -7.28560910e-02 -6.09700792e-02  4.01023366e-02
 -1.13450773e-01 -3.11595928e-02 -4.39755917e-02 -7.39128934e-03
  1.29867373e-02 -2.02546436e-02 -6.08438887e-02  2.00325381e-02
  1.36364773e-02  1.25553543e-02 -7.54967006e-03 -7.05833174e-03
  4.97036502e-02 -3.60829979e-02  1.79901514e-02  6.06808960e-02
 -1.93366166e-02 -5.69169782e-02 -6.04450554e-02 -4.27730717e-02
  1.06931748e-02 -1.45421922e-02  1.53733538e-02  6.65733591e-03
 -1.13855489e-01  1.25144804e-02 -8.50054696e-02 -8.83979909e-03
 -1.67358499e-02  3.33039537e-02  9.23328567e-03 -2.18505152e-02
 -2.95409504e-02 -2.40216497e-03  1.07809873e-02 -3.83782275e-02
 -3.27920504e-02  5.08253984e-02 -9.47807431e-02  1.58626083e-02
  3.89274210e-02 -2.18956415e-02  7.06752762e-02 -1.61297491e-03
 -1.16776433e-02  2.32249759e-02  9.15469751e-02 -7.52925575e-02
  4.46357764e-02  3.07397638e-03 -3.46790031e-02  8.65747705e-02
 -2.42719483e-02  2.67889537e-02 -3.32387574e-02 -1.77887008e-01
 -4.86647850e-03  3.06948721e-02 -2.80503388e-02 -5.20350933e-02
  1.55968708e-04 -4.84670401e-02 -3.67572904e-02  3.16262171e-02
  7.79032484e-02  1.96082238e-02  2.62361430e-02  6.19788207e-02
 -3.04646827e-02 -3.85476202e-02  6.47853035e-03  2.58457818e-04
  6.66162223e-02  1.88178886e-02  9.28498805e-02  2.26849560e-02
  1.06301792e-01  4.51673158e-02 -3.24921720e-02  4.58615609e-02
  4.24194266e-04  5.30446731e-02  7.42036058e-03 -3.63027230e-02
  5.57332635e-02  8.43441486e-02 -9.44540650e-02 -1.07156094e-02
 -6.52595684e-02 -8.87359977e-02 -8.27824250e-02  9.62688401e-03
 -7.60912895e-02 -2.28500068e-02  6.96142018e-02 -1.17735472e-02
  2.49714218e-02 -5.53619079e-02  4.55275970e-03 -2.12117974e-02
  6.63398802e-02  2.56954762e-03  6.72532171e-02  1.00035657e-32
 -8.02274980e-03 -9.76972580e-02 -8.94612540e-03 -7.60504324e-03
 -8.46398994e-03  3.64043750e-02 -7.53512532e-02  1.60448644e-02
 -1.93211297e-03  1.99181195e-02 -1.06021270e-01  6.47872537e-02
 -1.20947203e-02  3.13398457e-04  7.81081021e-02 -4.68452536e-02
  1.58230774e-02 -2.46218853e-02 -3.38538992e-03 -1.08031062e-02
  1.06770908e-02  3.33281612e-04 -1.77812874e-02  1.41794076e-02
 -3.83130810e-03  6.90080002e-02 -6.48392439e-02 -2.62756441e-02
 -5.35889640e-02  6.79282472e-02  2.67437454e-02 -1.19700097e-02
  3.09444219e-02 -5.70316380e-03 -6.78990409e-02  2.74323672e-02
 -2.49312595e-02 -2.61814077e-03 -2.30069198e-02 -4.45136949e-02
 -3.18632997e-03 -2.42683440e-02  7.00078439e-03  1.58956163e-02
  8.72512348e-03 -6.35679737e-02  1.70163959e-02 -1.39575647e-02
  5.83805442e-02  6.81281090e-02 -5.10970019e-02 -2.42919140e-02
 -4.29246612e-02 -6.86921254e-02  1.70144606e-02  4.48289439e-02
 -1.20675012e-01  3.85697633e-02 -2.67681442e-02 -4.93726693e-02
 -3.42535004e-02  3.06316707e-02 -4.73903716e-02  2.20314190e-02
 -9.61879268e-03 -8.37436616e-02  2.21115761e-02 -1.11498153e-02
  1.30971238e-01 -5.92449941e-02 -1.18798219e-01 -1.07276514e-02
 -3.50084826e-02  3.79661247e-02 -1.94175430e-02 -7.83022668e-04
  7.29642808e-02  1.69179612e-03 -4.17519659e-02  5.82667533e-03
 -5.32846935e-02  5.89676201e-02  5.18712103e-02 -9.51306336e-03
  1.05758883e-01  4.60203961e-02  2.40742471e-02  2.85844691e-02
 -5.43911289e-03  5.79002202e-02  1.03613790e-02  6.16241284e-02
  7.23248869e-02  3.38513106e-02  8.10654685e-02 -1.27053748e-32
  2.39408948e-02 -1.23533672e-02 -7.07704723e-02  1.61444175e-03
  3.46056111e-02  1.79850012e-02 -2.54319999e-02 -5.11713810e-02
 -7.83857331e-02 -1.02096595e-01 -6.25721887e-02 -8.53492469e-02
  1.52569622e-01  1.87255461e-02 -2.88289767e-02  8.07011779e-03
 -7.62516782e-02 -5.18920384e-02 -4.13347483e-02  1.33704692e-02
  6.03076443e-02  8.57541785e-02  4.30158675e-02 -4.46717581e-03
  3.08619700e-02 -7.35844225e-02 -2.33353744e-03 -8.32380634e-03
 -4.61000949e-02  5.97989943e-04 -4.37917234e-03  3.83499004e-02
 -1.73601601e-02  1.25434697e-01  2.95796562e-02  3.84282880e-03
  5.02360165e-02  1.90085769e-02 -5.53820357e-02  1.14004865e-01
  7.05430359e-02  7.73724467e-02  9.06061660e-03 -6.15947619e-02
 -3.36645171e-02  2.90701818e-02 -3.62250879e-02 -1.61323324e-01
 -4.40123156e-02 -6.99415505e-02  3.77355628e-02  1.00983195e-02
 -5.42000048e-02 -5.24152853e-02  9.59941149e-02 -9.71912779e-03
 -4.56370115e-02 -8.68648738e-02 -5.20025603e-02 -8.28550765e-05
  9.56879407e-02  5.83439134e-02 -2.87258048e-02 -3.77615467e-02
  1.23566009e-01 -2.43183672e-02 -5.02146780e-02  5.47183827e-02
  1.77801270e-02 -8.61510693e-04  6.71752542e-02 -6.40259981e-02
 -7.80686140e-02 -9.75722820e-03 -2.12849630e-03 -9.06960890e-02
 -2.98420489e-02 -8.17465410e-03 -5.47589548e-02  4.00362834e-02
 -5.19057922e-02  6.38596937e-02 -2.30726250e-03  5.67882545e-02
 -1.19722463e-01  6.51131198e-02  1.38311125e-02  4.03735004e-02
 -2.23259274e-02  5.77703901e-02 -2.00828835e-02 -1.32707069e-02
  8.65673944e-02  6.43550977e-02 -4.36804779e-02 -6.78804639e-08
  4.54911329e-02 -4.03009579e-02  1.25310794e-02  6.73609972e-02
  1.64017268e-02 -6.04066141e-02 -6.05601743e-02 -5.03554605e-02
 -2.92188618e-02  3.41785587e-02  6.68172613e-02 -3.01372372e-02
 -5.58067113e-02  1.11119356e-02 -2.31403559e-02 -3.44088562e-02
 -4.33515245e-03  3.13393138e-02 -5.64590618e-02 -8.55101794e-02
  3.47838434e-03  4.71368339e-03 -4.17420939e-02 -1.28770203e-04
  4.84321527e-02  2.48116348e-02 -5.74593507e-02 -1.45080257e-02
 -2.25145705e-02  7.37079978e-02 -6.26420379e-02  4.67162859e-03
  3.47607434e-02 -7.01470822e-02 -1.51019078e-02 -1.92688536e-02
 -6.20878628e-03  3.18459757e-02 -2.32484695e-02 -3.15782763e-02
  1.14276886e-01  1.25968149e-02 -6.35418156e-03  1.66309625e-03
  6.05712608e-02 -5.42441048e-02 -1.91682633e-02  1.36091281e-02
  6.79457514e-03 -1.78167298e-02 -8.02068561e-02 -4.94792964e-03
  6.13669679e-02  1.19213099e-02  4.02031802e-02  1.00347642e-02
  2.76510715e-02 -1.89372823e-02 -5.34308739e-02 -7.69408718e-02
  7.83534348e-02  1.02505043e-01  9.85534582e-03 -2.70144753e-02]