[-4.38480712e-02  2.44055670e-02 -5.46409264e-02 -2.63338666e-02
 -8.06461126e-02  3.52080055e-02 -7.03645051e-02  5.19991554e-02
  4.47343774e-02  8.32563862e-02  7.53734484e-02 -1.49031654e-02
 -4.10194928e-03  2.03706287e-02 -1.69833982e-03 -8.48707184e-03
  4.22799625e-02  6.29482642e-02 -6.84843436e-02  5.78258634e-02
  1.23227187e-01 -4.49421555e-02 -6.14069365e-02  2.42029913e-02
 -5.73278964e-02 -7.57566188e-03  2.72868853e-03 -5.12815267e-02
 -1.98408403e-02 -7.32266083e-02  4.97223735e-02  3.98018397e-03
  1.41939655e-01 -3.86006422e-02  1.41836619e-02  3.54555771e-02
 -1.17068589e-02  1.14864833e-03 -1.32291885e-02  9.73501951e-02
 -6.41829297e-02 -3.78231928e-02 -7.30519220e-02 -5.13907820e-02
 -2.74287187e-03 -3.06078009e-02  2.76453272e-02  3.53660248e-02
 -4.37815003e-02 -7.99437985e-03 -6.88594729e-02 -2.51013041e-02
 -9.17415470e-02  6.96649104e-02  3.64913084e-02 -4.63285446e-02
 -1.51476217e-02 -3.30330841e-02  1.78178102e-02 -3.74141196e-03
 -2.12083645e-02  5.27024791e-02 -2.45280173e-02  1.54299038e-02
  3.88578027e-02  4.50242572e-02  8.39425530e-03 -4.58204187e-03
 -2.84529524e-03  5.20458780e-02  7.35503286e-02  1.24362037e-02
 -4.84335003e-03  2.61767358e-02 -2.67019812e-02  6.01397157e-02
  2.57867184e-02  1.67927723e-02 -2.63560358e-02 -1.85828477e-01
  2.56422702e-02  8.01242366e-02 -1.88788604e-02 -2.21522450e-02
  3.32137831e-02 -2.88564209e-02  6.34628301e-03  3.68064083e-02
 -1.06452231e-03 -3.38804461e-02  1.47892197e-03  9.79220960e-04
 -7.25805238e-02 -5.81475906e-02  1.96386175e-03  5.11624329e-02
 -5.64286485e-02 -8.67908299e-02  1.51305541e-01 -4.63011153e-02
  9.02711600e-02  4.05723117e-02 -2.84561682e-02  1.30076595e-02
 -3.02501936e-02 -5.24651408e-02 -4.56054322e-02 -5.10853603e-02
 -1.79555472e-02  1.82228819e-01 -5.95993176e-02 -5.32991588e-02
 -6.62592724e-02 -4.20071073e-02  1.03965607e-02 -1.38980057e-02
 -3.45211811e-02  3.21608939e-04  9.96481627e-03 -4.52892855e-02
  3.31070498e-02 -6.37120828e-02  7.40937665e-02 -3.72213237e-02
  6.76466376e-02 -5.38566075e-02  1.17062377e-02  9.89380314e-33
 -5.30142933e-02 -8.42189938e-02 -1.32790664e-02  2.32584383e-02
 -1.75202955e-02 -3.21810171e-02 -8.55242610e-02 -1.84263643e-02
  9.83380750e-02  8.21853355e-02 -5.34201972e-02  6.49669245e-02
 -1.54312961e-02  4.04699817e-02  5.48337810e-02 -4.69773114e-02
  6.41270727e-02  2.87294090e-02 -5.81526086e-02  1.60808570e-03
 -7.04822987e-02  1.79956872e-02  4.88705263e-02 -3.74146961e-02
  1.75412484e-02  5.28068319e-02 -2.84752864e-02 -3.04166153e-02
 -7.83757791e-02  1.72477067e-02  5.06828241e-02 -3.47530050e-03
 -1.69573463e-02 -2.09693350e-02 -5.94320111e-02 -1.62726343e-02
  2.07401160e-02 -4.02081609e-02 -3.67938145e-03  2.11542640e-02
 -2.70550288e-02  1.03175528e-02  4.66213189e-02  1.35233728e-02
  4.24850285e-02 -7.35957325e-02  1.45724053e-02 -7.56986160e-03
  3.54279764e-02  4.07837778e-02  2.10302472e-02  2.85866205e-02
  3.01793851e-02 -9.89374816e-02 -2.55422406e-02  3.67183760e-02
 -9.76468697e-02 -1.62244483e-03 -3.98696736e-02 -5.88413253e-02
 -3.27345096e-02  6.05926057e-03 -3.90223451e-02  1.85373425e-03
 -1.11730151e-01 -2.91909985e-02 -1.73716675e-02  2.17765886e-02
  1.09214999e-01  5.51281050e-02 -1.37707755e-01  9.37306695e-03
 -9.93104205e-02  2.11295672e-02  2.74838042e-03 -4.25649836e-04
  3.18324715e-02  2.45104190e-02 -3.30781043e-02 -3.13724740e-03
 -5.47561832e-02 -2.98330784e-02  1.06511824e-02 -1.71813015e-02
  4.22709472e-02  4.89884540e-02  4.43084911e-02  5.37774265e-02
  2.72772666e-02  2.77460515e-02 -5.82718174e-04  9.47804675e-02
 -4.64197807e-02 -2.05865912e-02  1.16922356e-01 -1.26890236e-32
 -2.11937632e-02  4.02537361e-02 -5.82614355e-02  1.50784915e-02
 -2.37776153e-02  9.19122808e-03 -4.76804487e-02 -8.71337876e-02
 -8.10904354e-02 -1.13751233e-01 -7.85188824e-02 -1.08852431e-01
  5.27668782e-02 -4.31183279e-02 -5.88417016e-02  5.55401258e-02
 -5.05008250e-02 -2.87553202e-02 -4.95312996e-02 -1.34118656e-02
 -5.42798862e-02  7.79151917e-02 -3.56577872e-03 -9.79520157e-02
 -1.54204313e-02 -4.75483341e-03 -3.61984968e-02 -5.82240010e-03
 -1.85572580e-02  3.73714082e-02 -1.78235001e-03 -2.44848942e-03
 -3.44149023e-02  4.64270785e-02 -5.60154766e-02 -7.22884294e-03
  6.76311478e-02 -3.30354497e-02 -3.28448601e-02  2.44612359e-02
  4.61553074e-02  9.20313895e-02  4.20319512e-02 -4.28318605e-02
 -7.86749944e-02 -3.76359671e-02 -2.16384064e-02 -6.07193112e-02
  2.32217703e-02 -3.84240821e-02  1.00187704e-01  7.27142021e-03
  8.48869910e-04 -1.70901176e-02  5.45507818e-02 -2.07498875e-02
 -7.69854523e-03 -1.08039834e-01 -4.57624085e-02  4.92179580e-02
  6.14365237e-03 -5.49902255e-03 -1.34074856e-02 -3.98599170e-02
  6.95408881e-02  2.45659705e-03 -3.12673822e-02 -8.43210239e-03
 -2.13532988e-02 -5.36401710e-03  7.07716569e-02  1.25355702e-02
 -5.18623926e-02 -2.52050702e-02  3.18131186e-02 -5.14036678e-02
 -8.29896554e-02 -5.63995214e-03 -1.43760005e-02  9.37201232e-02
 -5.43718226e-02 -1.70487072e-02  1.19206952e-02 -3.55847254e-02
 -8.11420158e-02  5.11111207e-02 -2.77761742e-02  1.32876467e-02
 -6.55452255e-03  1.73466168e-02 -7.40048438e-02  6.52256086e-02
  5.29289432e-03  4.74894010e-02 -4.50391974e-03 -6.24371239e-08
 -3.66574228e-02 -2.97448728e-02  9.85266417e-02  1.35656912e-02
  5.68910055e-02 -4.53558825e-02 -3.84807820e-03  2.00790260e-02
 -5.23659540e-03 -1.10223014e-02  3.49700190e-02  4.08784226e-02
  2.86233402e-03  2.14008540e-02 -8.97327345e-03 -4.45255414e-02
  1.31419927e-01 -2.33647525e-02 -3.66261937e-02 -2.89854221e-02
  8.21588933e-02  1.79941338e-02 -1.45535111e-01 -2.93303858e-02
  7.23475665e-02 -1.85753917e-03 -3.41210403e-02  3.37194540e-02
 -5.87897375e-02  7.67201185e-02 -1.15339067e-02 -1.23757618e-02
  5.36185242e-02 -4.37117219e-02  2.98869592e-04 -2.45012119e-02
  7.73019344e-02  2.18568221e-02 -2.12962143e-02 -4.44685817e-02
  1.22127458e-01 -2.14532521e-02 -3.84739935e-02  3.20654851e-03
  8.67056940e-03 -1.71604250e-02 -3.77063975e-02  5.79263531e-02
 -4.90333959e-02  5.77052906e-02 -7.64532909e-02 -1.26798619e-02
  5.88653460e-02  3.01645715e-02  3.68775018e-02 -3.71993333e-02
  6.01572655e-02  1.93958394e-02 -4.14074846e-02  7.45347980e-03
  1.04721673e-01  6.78599551e-02  4.67866194e-03 -6.54398054e-02]