[-3.74662727e-02  5.08611985e-02 -9.66776758e-02 -4.90919203e-02
 -7.57477134e-02  1.03638060e-02  4.34900858e-02  4.24685627e-02
 -3.05032618e-02  1.02543712e-01  8.18654895e-02 -4.06927429e-02
 -2.12883968e-02 -2.34393515e-02  5.94735816e-02 -8.04456975e-03
  4.49645929e-02 -1.42024755e-02 -2.56016161e-02  5.17297126e-02
  1.69144899e-01 -3.48929837e-02 -5.70341796e-02  5.17547689e-02
 -2.91250851e-02 -2.98126061e-02 -2.63765156e-02  2.34150123e-02
 -6.96601346e-02  1.90355983e-02 -6.98548928e-03  8.75630751e-02
  1.30684748e-01  4.70609590e-03  8.38095024e-02 -3.60299274e-02
  5.53323515e-02  5.92132378e-03 -6.70566708e-02  5.87056316e-02
 -1.07020952e-01  3.40363965e-03 -6.21083416e-02 -5.87134920e-02
 -2.10185517e-02 -3.41719985e-02  8.94068033e-02  2.33425070e-02
 -8.13209936e-02  5.41101489e-03 -5.75477956e-03  2.33630911e-02
 -3.51926722e-02  8.40723608e-03 -1.28713285e-03 -4.85467762e-02
 -1.80951320e-02 -6.50026836e-03 -3.44395041e-02  2.56504584e-03
 -8.45496804e-02 -1.23091936e-02 -4.89929430e-02 -2.03447416e-02
  6.00511208e-03 -5.45359515e-02  1.15573741e-02  8.61639809e-03
 -4.91629280e-02 -3.91889848e-02 -5.21785654e-02 -7.62335509e-02
  5.04026888e-03 -1.14423512e-02 -8.07675868e-02  1.00535311e-01
  2.14700811e-02  7.60867968e-02  2.03698706e-02 -2.18587369e-01
  5.75013645e-03  3.26244980e-02 -3.31897475e-02 -2.93641370e-02
  9.61843599e-03 -9.34344530e-03  1.59157366e-02  2.33198870e-02
  9.13657695e-02  2.00797934e-02  4.48343977e-02  6.10663146e-02
 -7.74542103e-03 -3.65402400e-02 -1.26739265e-02 -1.74752939e-02
  2.95400005e-02 -4.57947403e-02  7.17839375e-02  2.47171894e-02
  7.43050873e-02  3.62884514e-02  2.37282831e-02  2.05766782e-03
 -1.52388755e-02 -2.49091489e-03 -9.24009830e-03 -7.18040671e-03
  3.72703150e-02  8.84602293e-02 -7.54168332e-02  9.40966327e-03
 -6.15789630e-02 -9.66319889e-02 -2.11055931e-02  2.73691141e-03
 -7.68672302e-02 -2.20483867e-03  1.00192107e-01 -3.69822308e-02
  9.75633971e-03 -3.92572097e-02  1.10774057e-03 -2.77112648e-02
  4.01119031e-02 -1.38965435e-02  2.70581581e-02  7.37854571e-33
 -4.14887331e-02 -4.86901253e-02  9.19672754e-03 -2.21693441e-02
 -4.06239033e-02  5.03714867e-02  1.96463037e-02  3.84596251e-02
  3.70036699e-02  1.31856315e-02 -3.58212814e-02  3.13752964e-02
 -1.33923423e-02  1.24025741e-03  1.24579459e-01 -8.10337532e-03
 -7.85181019e-03  4.46377918e-02  2.31137890e-02  4.13407311e-02
  1.96233205e-02 -1.27584497e-02  2.84488201e-02 -1.92398522e-02
  4.79669608e-02  4.12350036e-02 -5.19036874e-02 -2.65481994e-02
  4.58581746e-03  5.37276454e-02  1.21543534e-01  5.09804562e-02
  5.74464574e-02 -1.63131524e-02 -4.53963056e-02 -2.65763011e-02
 -4.09171730e-02  5.99558987e-02 -4.03971151e-02 -4.76948768e-02
 -5.97421601e-02 -4.99892514e-03  5.47175929e-02  3.54861692e-02
 -5.04492829e-03 -6.20771870e-02  6.06109351e-02  4.58661318e-02
  1.27331674e-01  3.60175297e-02  4.94305976e-02 -5.38517311e-02
 -5.21740466e-02 -7.20735267e-02  1.10312190e-03 -5.45497015e-02
 -5.93869016e-02 -9.30031762e-03 -1.97061338e-02 -9.39009115e-02
 -3.84172751e-03 -3.05404998e-02 -7.06714764e-03 -2.32773162e-02
 -2.77487058e-02  2.37949342e-02  8.01788919e-05  4.76850756e-02
  9.59488153e-02 -2.98558199e-03 -4.94453683e-02 -6.58027828e-03
 -7.47037083e-02  1.93546042e-02  2.84858625e-02 -1.14818085e-02
  8.43012631e-02  1.13382135e-02 -2.69695148e-02 -3.64555093e-03
 -5.29702641e-02 -1.65816452e-02 -1.65488888e-02 -4.71091866e-02
  3.94267365e-02  5.47298267e-02  4.84807864e-02  1.09450407e-01
  3.30594033e-02  1.33194840e-02  5.05898036e-02  3.91740501e-02
 -3.28973606e-02  8.32829028e-02  8.92987177e-02 -1.07149837e-32
 -3.49429739e-03  4.15072143e-02 -3.33054960e-02 -1.15932226e-02
 -4.27588262e-03  7.23667210e-03 -4.07012366e-02 -8.49265382e-02
 -5.94474897e-02 -1.42637521e-01 -7.74028748e-02 -7.81836435e-02
  2.46389154e-02  1.21394079e-02 -5.90475313e-02 -1.21216336e-02
 -7.62482062e-02 -6.02773242e-02 -6.80628270e-02  2.39697844e-02
 -7.56053487e-03  4.61812085e-03  2.36191768e-02  1.20072765e-03
  2.42768880e-02 -9.46470946e-02 -7.68646896e-02 -6.49200752e-02
 -1.28972689e-02 -3.49422880e-02  4.52023335e-02  1.21143069e-02
 -4.97872494e-02  8.71979445e-02 -6.47413507e-02 -1.19974695e-01
  1.89322382e-02 -3.30004729e-02 -7.85872154e-03  1.08001828e-01
  1.56428069e-02  5.11418879e-02  2.17506718e-02  1.81259078e-04
 -6.80901930e-02 -8.81579984e-03 -2.25322507e-02 -9.65857357e-02
  6.73408527e-03 -1.03497401e-01  9.86765474e-02 -4.51509170e-02
 -1.55631183e-02 -4.25539799e-02  3.59669551e-02  3.05782761e-02
  2.14860812e-02 -3.99733149e-02 -7.50209242e-02 -2.00349372e-02
  7.46245012e-02  6.90277368e-02 -4.78874519e-02  1.87069029e-02
  5.30577078e-02 -5.88940503e-03  9.23910178e-03  1.64810084e-02
  4.05850522e-02 -4.42030467e-02  2.35884432e-02 -8.43540877e-02
 -1.37747645e-01 -5.65555952e-02 -1.15792379e-02 -1.93292219e-02
 -2.52368627e-03 -9.86963324e-03 -3.95201780e-02  5.61075434e-02
 -3.60841677e-02  2.57262215e-02 -2.30595283e-03 -1.60177182e-02
 -6.92834705e-02 -2.80869622e-02  1.30694872e-02 -3.31014246e-02
  1.31555256e-02  8.46817866e-02 -3.95416915e-02  2.94385906e-02
  5.08251712e-02  3.93830426e-02 -1.99059006e-02 -6.11635116e-08
  1.24024944e-02 -5.60125485e-02  6.32084757e-02  3.79010886e-02
  5.68428561e-02 -5.95202111e-02 -2.10136008e-02  5.40793836e-02
  2.81846337e-02  2.43736990e-02  6.29004166e-02  4.82982578e-04
 -7.51704425e-02 -1.01858657e-02  1.14150420e-02 -8.75870287e-02
  7.99694359e-02  6.86754882e-02 -4.85708937e-02  2.33310759e-02
  4.16164063e-02 -5.25716431e-02 -1.16641030e-01 -1.97159573e-02
  3.53670418e-02 -7.18673840e-02  1.20496107e-02  6.64354861e-02
  4.12638187e-02  3.56235653e-02 -9.61655378e-03 -7.00083422e-03
  1.10340640e-02 -7.37958029e-02 -1.08873807e-01 -4.04711291e-02
  5.35713509e-02 -3.70780914e-03 -3.19119613e-03 -2.44085230e-02
  9.33238193e-02 -5.40134683e-02 -1.49226552e-02 -2.56564077e-02
  3.07561550e-02  1.31329475e-02 -5.38690425e-02 -2.00657938e-02
 -1.90382898e-02 -3.09391622e-03 -3.89545932e-02  5.94663173e-02
  4.60500605e-02  2.45172661e-02 -2.30004499e-03 -4.06531943e-03
  5.76382084e-03  4.32424573e-03 -4.79755625e-02 -8.14989954e-02
  6.32333681e-02  2.97257444e-03  7.52856582e-03 -2.19104663e-02]