[-1.27677666e-02  1.78389568e-02 -4.17628996e-02 -2.28771977e-02
 -2.95574951e-04  3.49901617e-02  2.44137626e-02  9.83731523e-02
 -4.76217493e-02  5.15234768e-02  1.05436437e-01 -7.03999726e-03
  3.95366475e-02  4.55238856e-02  1.84406224e-03 -3.73120531e-02
  4.62710150e-02 -2.10400876e-02 -1.54144559e-02  1.83536187e-02
  1.58944666e-01 -6.10475317e-02 -5.85140809e-02  4.38153669e-02
 -1.08455174e-01 -2.42035836e-02 -3.60576697e-02 -4.38509285e-02
 -2.12469548e-02  2.10265419e-03 -3.51754241e-02  8.16393048e-02
  1.08281210e-01  1.00621795e-02  4.91070654e-03  8.71313065e-02
  4.35077287e-02 -1.47658000e-02 -6.23761229e-02  1.27189672e-02
 -8.90609995e-02 -8.60940479e-03 -6.97624236e-02 -8.64393860e-02
  8.57240800e-03 -9.52872485e-02  1.70544051e-02 -4.76913042e-02
 -9.61879641e-02 -6.99999854e-02 -1.22134678e-01 -5.97234517e-02
  2.14524474e-02  1.99045148e-02 -2.16271263e-02 -3.74792181e-02
  2.21254714e-02 -5.05644418e-02  2.46098172e-02  1.70754362e-02
  3.57344374e-03  1.33738685e-02 -3.51666510e-02  8.52600764e-03
  6.15619980e-02 -1.99054778e-02 -3.19340825e-02 -4.29798365e-02
  7.14093773e-03  1.36411861e-02  1.87727362e-02 -1.10714383e-01
 -2.39435174e-02  7.77493268e-02 -7.65737100e-03  1.79596636e-02
 -2.89818347e-02  9.67256278e-02  2.23917235e-03 -1.54143304e-01
  1.82196181e-02 -2.47757952e-03  3.14407516e-03  1.07980752e-02
 -8.40350389e-02 -3.02116331e-02 -5.50357567e-04 -1.34468563e-02
  7.00195506e-02  2.81174574e-02  3.94868702e-02  6.26873299e-02
 -9.17957947e-02 -6.06202446e-02 -8.14596936e-02 -7.42626414e-02
 -1.57105103e-02  3.92539017e-02  5.61909489e-02 -1.02930861e-02
  5.06980047e-02  4.19126544e-03 -3.24413599e-03  2.68163104e-02
 -4.23272289e-02  1.34683708e-02  1.74239408e-02 -6.73985779e-02
  6.30454207e-03  1.46338582e-01 -7.68401772e-02 -1.12289200e-02
 -1.58175498e-01 -7.56882280e-02 -5.44165745e-02  5.48721217e-02
 -1.03988998e-01 -2.50922088e-02  4.71902685e-03  1.54580334e-02
  8.25205147e-02  1.01444321e-02  1.03491493e-01 -4.36963253e-02
  2.70040836e-02 -4.84165214e-02 -6.88218884e-03  8.48096252e-33
  1.20122582e-02 -1.01863043e-02 -3.79944444e-02  1.63506437e-02
  6.29247501e-02  2.83772890e-02 -4.25577397e-03  7.45799989e-02
  4.41707782e-02  1.31284064e-02 -2.86967158e-02  7.63178170e-02
  2.18428038e-02 -9.37107299e-03  6.91596717e-02 -3.91142815e-02
  2.37190537e-02  5.84922656e-02  1.77886020e-02  1.25124399e-02
  2.19639428e-02 -1.22114886e-02 -6.74522109e-03 -4.57284749e-02
  8.62807781e-02  4.57021082e-03 -8.27140827e-03 -2.32168022e-04
  3.53930257e-02  4.50273491e-02  4.43131700e-02 -4.02964577e-02
  2.25493759e-02 -4.85902429e-02 -5.11520691e-02 -8.78484081e-03
 -3.24270613e-02 -7.31613263e-02 -2.33621546e-03 -5.39861843e-02
 -2.62066424e-02  4.42735106e-03  1.12955600e-01 -3.63442078e-02
  2.75359340e-02  4.71547320e-02  1.00367650e-01 -3.27231735e-02
  6.57539517e-02  6.60178885e-02 -2.69672717e-03 -3.14147174e-02
 -8.86302628e-03 -5.98343760e-02  1.75163019e-02  6.13237284e-02
  1.57825518e-02  3.31717019e-04 -4.48638387e-02 -7.77001753e-02
  1.78124453e-03 -5.11776060e-02 -5.32271564e-02  1.40505433e-02
  3.11187394e-02 -8.52224603e-02  3.93820554e-02  1.00287478e-02
  1.42310604e-01  1.08808477e-03 -1.14470638e-01  2.16506664e-02
  1.37493042e-02  4.11524139e-02 -4.29344103e-02 -2.38210359e-03
  1.59106646e-02 -8.91736615e-03 -9.07716379e-02  1.95157994e-02
 -9.60692391e-02  2.28916779e-02 -2.51443926e-02 -1.35546783e-02
  5.25307134e-02  6.01449870e-02  5.36546670e-02  1.65061709e-02
  1.58663969e-02  7.53406808e-02  2.94746514e-02  2.78232135e-02
 -4.11921404e-02  8.73259827e-02 -1.63136497e-02 -1.17432238e-32
 -1.35755364e-03  4.47496166e-03  1.08049223e-02  4.59341623e-04
  3.06035653e-02  2.95975842e-02  3.75713818e-02  5.92783792e-03
 -5.51068448e-02 -4.76516783e-02 -6.37906045e-02 -9.33828652e-02
  7.55764544e-02  2.16901936e-02 -7.00335950e-02  4.17705439e-02
 -6.07350953e-02 -6.17383830e-02 -1.31009817e-02 -2.84142978e-02
 -2.12382525e-04  1.12765536e-01  3.00890617e-02  4.53597028e-03
 -2.57157274e-02 -6.14721403e-02  2.15222426e-02  5.25727822e-03
 -6.63578883e-02  2.63698585e-02  5.61402515e-02 -2.18353420e-02
 -6.96709082e-02  1.21273920e-01 -5.89799099e-02 -3.23569290e-02
  2.09351871e-02  9.03696171e-04  9.83019639e-03  8.38879049e-02
  3.69148180e-02  5.75098693e-02 -3.73814255e-02 -2.88599990e-02
 -4.81526181e-02 -5.45710661e-02 -2.65499800e-02 -1.04010105e-01
  1.88914947e-02 -7.60045499e-02  1.61742494e-02 -6.23929873e-02
  4.19748016e-03 -7.32712001e-02 -1.87299214e-02 -3.20892632e-02
  1.46819325e-03 -5.52021749e-02 -5.91212548e-02 -4.10614982e-02
  1.34318337e-01 -6.39916165e-03 -1.87348537e-02 -9.39845387e-03
  5.76953329e-02 -6.65751332e-03 -7.12625636e-03  3.20898965e-02
 -5.61177284e-02 -1.06459605e-02  4.55823168e-02 -5.59980273e-02
 -9.18534249e-02 -2.13290695e-02 -3.41392346e-02 -2.08579786e-02
 -3.79386172e-02 -5.95342778e-02 -8.02111477e-02  1.67482272e-02
 -1.51506141e-02 -1.05107808e-02 -4.48518712e-03 -2.24483274e-02
 -4.51552533e-02  9.80205741e-03  4.08898816e-02  4.48802598e-02
  9.82992817e-03  9.11667198e-03 -1.24736778e-01  7.01831132e-02
 -9.83783696e-03  8.59412644e-03 -7.32749179e-02 -6.34673825e-08
 -1.52800921e-02  7.47201545e-03  3.70412953e-02 -1.11776711e-02
  5.24886921e-02 -4.36131358e-02 -6.01732023e-02 -1.09773418e-02
  3.85343954e-02  5.32460175e-02 -6.21145852e-02 -9.86436158e-02
 -1.04575701e-01  3.25084627e-02  7.93657601e-02 -7.20815510e-02
  4.94303927e-02  4.15831544e-02 -4.96009961e-02 -7.09050149e-02
  5.22619858e-02  6.90626353e-03 -9.58365947e-02  4.51844744e-03
  3.53133446e-03 -9.39046126e-03 -3.27816494e-02  3.73079069e-02
 -7.38879852e-03  7.19571635e-02 -1.37936911e-02 -4.51127673e-03
  9.25372392e-02 -9.67120938e-03 -1.74659491e-02 -3.75092588e-02
 -2.27777939e-02 -1.10197598e-02  9.20686219e-03  3.61363441e-02
  1.08798504e-01 -8.00177641e-03 -1.87850837e-02  4.49725203e-02
  1.38861835e-02  1.45005360e-02 -1.31285423e-02  1.36646144e-02
 -3.85552496e-02 -3.68970744e-02 -2.40933057e-02 -4.64631096e-02
  4.19493094e-02  3.18021476e-02  2.54755542e-02 -4.81109275e-03
  3.85787189e-02  6.41519111e-03 -2.61517446e-02  3.67790759e-02
  5.18842824e-02  6.39376417e-02  1.64782871e-02  7.59726344e-03]