[-9.32510477e-03  1.23524051e-02 -2.79547647e-02  6.18108455e-03
 -8.46131742e-02  3.94579722e-03  2.45258748e-03  5.84419668e-02
 -1.75747443e-02  1.02071114e-01  9.10914615e-02 -3.69621068e-02
  1.38139213e-02  2.88286749e-02  2.37963349e-02 -5.23977131e-02
  1.46100996e-02  4.11149114e-02 -1.58567037e-02  1.11083418e-01
  1.59284979e-01 -7.98604563e-02 -2.62717437e-03 -2.35542357e-02
 -1.38674602e-01 -8.34816322e-02 -2.26120651e-02  2.09889505e-02
 -7.41811171e-02  6.58855727e-03 -7.28774741e-02  1.38370365e-01
  5.70870154e-02  2.42539942e-02 -4.35621813e-02  4.65284195e-03
 -2.01816596e-02 -4.84117009e-02  7.42789684e-03  7.11275041e-02
 -5.91645613e-02 -3.96602452e-02 -2.95740552e-02 -3.66079547e-02
  1.89771820e-02 -2.23480053e-02  3.64809781e-02  4.31890637e-02
 -1.05882585e-01 -2.89504789e-02 -4.20942046e-02 -5.48275262e-02
 -2.45887134e-02  9.10319462e-02 -1.46601945e-02 -1.98632311e-02
 -2.11515166e-02 -7.91603625e-02  2.20507327e-02 -5.70620003e-04
  6.63501956e-03  4.82660867e-02 -1.36043597e-02  5.74158467e-02
  7.91189671e-02 -3.01673841e-02 -1.93873197e-02  9.02860798e-03
 -4.00343910e-02  4.75686416e-02  5.17786555e-02 -5.15976176e-02
 -8.43799785e-02  5.02725504e-02 -2.73761433e-02 -1.59150790e-02
  2.23196484e-02  2.68003754e-02  1.97353829e-02 -1.70040160e-01
  5.28917939e-04  4.03039828e-02  3.14200185e-02  1.91768864e-03
 -4.78337109e-02 -2.12661177e-02 -1.76930483e-02 -4.29520495e-02
  5.17768487e-02  2.62296200e-03 -3.79330218e-02  6.19589575e-02
 -6.68185875e-02 -7.89407864e-02 -3.47494259e-02  2.12606564e-02
 -3.69525440e-02  8.62987246e-03  8.97329114e-03 -1.86452940e-02
  1.73001387e-03 -6.10588770e-03 -7.30257342e-03  6.58376664e-02
 -5.90234622e-02 -5.35258837e-03  2.73345821e-02 -2.96362080e-02
 -2.56675053e-02  1.01499043e-01 -6.93599880e-02 -1.10181542e-02
 -7.18309060e-02 -1.35338129e-02  3.24284770e-02 -5.87954856e-02
 -3.00360844e-03  5.73903602e-03  8.83225203e-02 -1.43331960e-02
 -2.73184036e-03 -3.41108516e-02  2.52689011e-02 -4.16448042e-02
 -3.98764061e-03 -7.85749555e-02 -2.31424998e-02  1.34102967e-32
 -9.57450178e-03 -2.86219865e-02 -1.02474019e-02  1.39350817e-02
  6.64220005e-02  7.88010955e-02  9.88348667e-03 -8.24844651e-03
  6.02956861e-02 -5.44262305e-03 -6.76126257e-02  2.89008450e-02
 -4.93526198e-02 -1.12276722e-03  5.12524061e-02  5.95505051e-02
  8.13061222e-02 -2.35361718e-02 -3.23863477e-02  6.96950778e-02
  8.96244943e-02  1.08443014e-01  7.23022409e-03 -8.30681473e-02
 -5.30695580e-02  3.49341966e-02 -6.30186200e-02 -7.59775639e-02
 -1.53915539e-01  5.82093559e-02  3.11988927e-02 -2.04181224e-02
 -1.44441202e-02 -3.58614102e-02 -4.08110470e-02 -1.72167271e-02
  2.58250758e-02 -3.51534993e-03  1.39138810e-02 -3.39687318e-02
 -3.85157689e-02 -4.06122841e-02  3.52030545e-02 -7.44668487e-03
 -1.43347476e-02 -3.36534530e-02  1.26927972e-01  3.82455140e-02
  4.42789122e-02  7.66323283e-02 -3.36462371e-02  1.98408421e-02
 -1.56388080e-04 -6.32879063e-02 -5.89804398e-03  4.24644351e-02
 -7.95362517e-02 -1.13919200e-02 -7.67908990e-02 -8.53103213e-03
  2.32248511e-02 -1.66628100e-02 -2.39311401e-02 -4.01296355e-02
 -1.24042830e-03 -1.98473856e-02 -4.14770730e-02  1.03413584e-02
  1.30156130e-01  3.22780833e-02 -5.88336550e-02  3.31637524e-02
 -2.45259088e-02  5.76435663e-02  4.72714845e-03  5.34618646e-02
  8.40688497e-02 -7.55182877e-02  4.88952454e-03 -2.33585071e-02
 -1.33474050e-02  5.94950691e-02 -2.26819962e-02 -8.12305659e-02
  8.98570493e-02  2.60453783e-02  9.30947587e-02  6.54429710e-03
  5.94673716e-02  8.74034613e-02  5.01589142e-02 -2.89957263e-02
  3.97982635e-02 -1.33386962e-02  2.54925583e-02 -1.54077231e-32
  2.54506408e-03 -2.96294745e-02  3.46515179e-02 -4.02067862e-02
  2.18861233e-02 -2.85823066e-02 -6.97513372e-02 -5.58318123e-02
 -6.72841892e-02 -9.80058387e-02 -2.90745329e-02 -1.41982213e-01
  7.82561824e-02 -1.35871414e-02  3.78277749e-02  1.28951883e-02
 -6.81609064e-02 -5.03648520e-02 -4.86346558e-02 -2.79930327e-02
 -1.87067187e-03  5.80180511e-02 -2.10123155e-02  4.02720198e-02
 -2.66402606e-02 -5.97565137e-02  2.08140593e-02 -1.09782508e-02
 -2.52279937e-02  8.79895762e-02  1.27163781e-02 -1.89022142e-02
 -5.83985113e-02  3.06520965e-02  3.72137539e-02 -2.22937614e-02
 -3.75797413e-02  6.83280081e-02  8.24753791e-02  6.59677535e-02
  7.60289421e-03  4.47093323e-02  1.00884521e-02 -1.04800342e-02
 -3.24859028e-03 -5.49973883e-02 -6.47896528e-02 -5.20466454e-02
  2.84552872e-02 -4.08260245e-03  1.26504898e-02 -5.33588752e-02
 -7.04042688e-02 -1.00681931e-01 -2.38065328e-02 -8.63655284e-02
  1.86018534e-02 -6.51000217e-02 -9.25881788e-02  5.34052476e-02
  4.67786156e-02 -1.91369187e-02 -4.29405048e-02  6.58200383e-02
 -8.98841955e-03  5.63208945e-03 -1.38850184e-02  4.93024513e-02
  5.28168306e-03  6.74948394e-02  2.90701147e-02 -4.75278683e-02
 -4.63233963e-02 -5.43960817e-02  3.55099589e-02 -9.28449631e-02
 -5.58153465e-02 -1.63799350e-03 -5.76647185e-03  2.28638109e-02
 -5.89464121e-02 -2.82847937e-02 -2.88130790e-02 -2.04442404e-02
 -9.02270079e-02 -1.17719751e-02 -3.78793105e-02  8.64962637e-02
 -1.87568106e-02 -8.15074518e-03 -7.19698938e-03 -4.43196483e-03
 -1.36246290e-02 -3.64916101e-02 -1.82115585e-02 -5.86252824e-08
 -3.53420526e-02  2.39577936e-03  1.17156178e-01  2.24349871e-02
  8.29980988e-03  1.43648013e-02 -1.48225157e-02 -1.09495342e-01
  4.71169911e-02 -9.25207138e-03 -1.47609622e-03  5.53450622e-02
  8.09021220e-02 -3.98863619e-03  3.79587002e-02 -1.00371223e-02
  1.25867844e-01  1.16424456e-01 -3.52625325e-02 -5.87292165e-02
  7.90507495e-02 -4.20352332e-02 -8.55788589e-02  2.01224685e-02
 -4.49780971e-02  1.31022651e-02 -6.93380684e-02  4.74624662e-03
 -5.54945543e-02  5.41335605e-02  3.31627689e-02  6.94604730e-03
  3.24345031e-03 -3.22974473e-02  5.70342829e-03 -3.25820893e-02
  2.39041056e-02 -2.53154170e-02 -2.26782355e-02  2.97932494e-02
  1.03372395e-01 -2.57383231e-02  1.85157768e-02  5.89160100e-02
  4.96523716e-02 -1.72661785e-02  5.62357493e-02 -3.98706179e-03
 -4.05638963e-02  2.45571174e-02 -2.03130543e-02  5.28695546e-02
 -4.34288476e-03  1.68428533e-02 -6.41257539e-02 -4.26309276e-03
  3.11028603e-02  6.93056956e-02 -5.73326200e-02 -1.14811789e-02
  6.80098832e-02  7.04186186e-02  1.36673078e-02 -7.35856667e-02]