[-6.13586716e-02  1.84904672e-02 -5.02619557e-02 -9.76542979e-02
 -3.17828613e-03 -5.50133474e-02  7.86930099e-02  1.02682553e-01
  6.99272333e-03  5.19457348e-02  8.35600272e-02  3.13129090e-02
  3.10064666e-02  1.96638014e-02  5.48472106e-02 -9.18226168e-02
  2.14758664e-02 -2.43305266e-02  1.94133352e-02  2.04846282e-02
  1.69022188e-01 -3.44004072e-02 -8.20568353e-02  1.24275992e-02
 -1.01887159e-01 -3.75388488e-02 -7.09987432e-02 -1.82676762e-02
 -3.46278213e-02 -1.49174789e-02 -6.19820654e-02  1.91649925e-02
  3.07695661e-02  3.27225924e-02  6.94980146e-03  5.63588738e-02
  3.37608345e-02 -6.39696792e-02 -4.14995700e-02  7.22238123e-02
 -7.28837773e-02 -5.04966006e-02 -5.09145707e-02 -1.14332132e-01
 -5.31696901e-03  2.22613593e-03  1.83554478e-02  7.40512880e-03
 -8.23072940e-02 -8.69119912e-03 -1.02779053e-01  1.59072541e-02
 -4.56940085e-02  6.97065368e-02  2.31563691e-02 -5.46401180e-02
  4.45341459e-03 -4.24265452e-02 -1.18223559e-02  1.69242593e-03
 -2.89028194e-02  2.09889580e-02 -4.49246578e-02  3.56503613e-02
  6.21273369e-02  1.38633396e-03 -3.35289128e-02 -4.74761687e-02
 -2.17451584e-02  1.18907420e-02 -1.44991570e-03 -9.74820405e-02
 -3.09067480e-02  4.89592515e-02 -4.25969660e-02  7.97334090e-02
 -2.76188422e-02  5.72974347e-02 -5.72502380e-03 -1.97591394e-01
  2.18086261e-02  4.14697751e-02 -1.12818014e-02  1.69135649e-02
 -3.55120227e-02 -1.68136992e-02 -4.08468917e-02 -3.98333929e-02
  6.04502670e-02  1.63205881e-02  6.59457818e-02  3.83949578e-02
 -4.55003642e-02 -2.66656708e-02 -1.13192864e-03 -3.37641239e-02
  9.62348841e-03 -5.95456064e-02  4.85691428e-02 -5.50634926e-03
 -1.12859497e-03  5.64825721e-02  2.84360852e-02  4.47111689e-02
 -4.77677472e-02 -4.81087249e-03 -2.08507180e-02 -6.19423725e-02
 -1.63687356e-02  1.35999396e-01 -8.38008747e-02 -1.23014860e-02
 -1.17357552e-01 -8.88461843e-02 -8.94455463e-02 -1.88768929e-04
 -5.93323112e-02 -2.16550156e-02  4.55174223e-02 -5.87029494e-02
  2.47170255e-02 -5.40235341e-02  5.63657731e-02 -5.41007519e-02
  9.63930041e-02 -3.79426964e-02  7.09762648e-02  9.76957910e-33
 -7.15574622e-02 -2.86222212e-02  1.96826016e-03  3.54035050e-02
  1.01685394e-02  3.66497934e-02 -2.02352218e-02  3.67770856e-03
  1.00059159e-01  6.18341714e-02 -7.01562688e-02  8.93967152e-02
  1.56746320e-02 -1.51214125e-02  7.49493614e-02 -1.64857358e-02
  4.45557386e-02 -6.31511910e-04  2.67600361e-02 -2.38272874e-03
  5.30354166e-03 -1.41351493e-02  3.35793868e-02 -3.48629728e-02
  2.87710465e-02  6.90927431e-02 -4.73765731e-02 -2.89188176e-02
 -7.52000045e-03  3.96890007e-02  1.33686721e-01 -5.08847982e-02
  4.21917103e-02  3.04146037e-02 -4.81187552e-02  1.56284217e-03
 -2.05639079e-02 -2.57613603e-02 -1.91364195e-02 -3.85777187e-03
 -2.38651801e-02 -4.04891707e-02  7.04215765e-02  2.88922600e-02
  2.65100831e-03 -4.76891659e-02  2.57317144e-02 -2.53670430e-03
  1.07933931e-01  8.89600962e-02 -1.22415489e-02 -6.38714572e-03
  1.99347716e-02 -6.32758364e-02  5.43468557e-02  2.51084585e-02
 -3.77083421e-02 -6.42862450e-03 -4.63547111e-02 -2.87004299e-02
 -4.06967700e-02 -4.94425409e-02 -1.49352625e-02  4.18803096e-03
  3.08488379e-03 -7.00156465e-02 -1.36200022e-02 -2.41431892e-02
  1.29883006e-01  3.94255370e-02 -1.07801400e-01  2.34284229e-03
  7.94565119e-03  5.62861636e-02 -1.55808842e-02  1.00511834e-02
  4.01972048e-03  1.08124213e-02 -8.66623148e-02  9.28480923e-03
 -1.30342692e-01  2.26819888e-03 -1.78469867e-02 -2.43643150e-02
  7.21341521e-02  1.85691528e-02  9.58952866e-03  2.45260820e-02
  1.47398049e-02  5.76804876e-02  2.18825997e-03  1.26164764e-01
 -6.04062900e-02  7.46256858e-02  3.59625444e-02 -1.36016877e-32
 -2.28689853e-02  3.79403010e-02 -2.89255120e-02  1.26526621e-03
 -1.07078459e-02 -7.10416003e-04  4.02587317e-02 -7.36140311e-02
 -9.11871791e-02 -5.25640100e-02 -7.09201917e-02 -6.70004636e-02
  2.83768959e-02 -2.21207924e-02 -4.07731272e-02  5.87758608e-02
 -1.12646565e-01 -5.50135896e-02 -5.24409041e-02  5.29042296e-02
 -9.23917443e-03  9.06346962e-02  6.83048218e-02 -1.53946709e-02
 -3.37229520e-02 -4.37166803e-02 -1.88670270e-02 -5.57052996e-03
 -2.89447270e-02 -9.71153472e-03  5.80244958e-02 -9.57086589e-03
 -2.70148534e-02  9.24285948e-02  8.50025285e-03 -2.38176845e-02
  5.07219173e-02 -2.21975707e-03  1.13261761e-02  8.00125301e-02
  9.25634950e-02  6.25383928e-02  1.72435597e-03 -8.52959752e-02
 -3.91359739e-02 -4.11891751e-02 -5.11256754e-02 -6.44138306e-02
  3.63073987e-03 -9.24073458e-02  5.06994352e-02 -6.74901530e-02
 -1.99536681e-02 -5.27138971e-02  6.03247546e-02  7.21486099e-03
 -6.50040014e-03 -5.33112735e-02 -1.46973759e-01  9.07027908e-03
  1.59169763e-01  3.72193730e-03 -3.19796652e-02 -2.76801810e-02
  6.21091342e-03  1.67081412e-02  2.75001395e-02 -7.87863974e-03
  2.18628044e-03  9.74901859e-03 -2.32124422e-02 -6.22247905e-02
 -3.97170968e-02 -7.02248737e-02 -3.60516571e-02 -5.39277531e-02
 -1.81202553e-02  1.65149271e-02 -3.01423743e-02 -2.30851565e-02
 -4.74420516e-03  3.57484072e-02 -2.59557460e-02 -4.79151011e-02
 -1.07275330e-01  5.03226221e-02  2.51380587e-03  4.45769057e-02
  9.25455615e-03 -9.18171834e-03 -1.04926243e-01  4.19230759e-02
 -1.92992222e-02  9.37098265e-02 -1.56498905e-02 -6.71896885e-08
 -2.86216140e-02  6.71735790e-04  5.56964166e-02  2.57611927e-02
 -9.50646028e-03 -3.14439088e-02 -3.48674282e-02 -4.63436991e-02
 -1.86497276e-03  2.39502303e-02 -2.61042658e-02 -3.16340104e-02
 -7.75742009e-02  5.59792966e-02  7.21549392e-02 -4.23936136e-02
  7.28772255e-04  5.02216779e-02 -4.03333604e-02 -3.51803713e-02
  6.56426623e-02 -6.05645627e-02 -7.79626667e-02 -5.63626504e-03
  4.53434177e-02 -4.64901514e-03 -5.28675839e-02 -5.46878837e-02
  1.92186190e-03  5.29816151e-02  2.68066805e-02 -4.81137680e-03
  6.77150413e-02 -5.11320494e-02  1.11671994e-02 -2.06933562e-02
 -4.46096761e-03 -1.56891358e-03  4.89092385e-03  3.28227505e-02
  7.23774061e-02  1.57022607e-02 -3.91985551e-02  7.84885418e-03
  4.37982008e-03 -7.63798784e-03 -4.87648770e-02  7.08065331e-02
 -5.18110842e-02 -1.22241108e-02 -5.96774146e-02 -4.02367450e-02
  1.11497501e-02  8.16034619e-04  2.28036679e-02 -2.11459715e-02
  2.92022023e-02  1.21189514e-02 -2.13999418e-03  4.79262285e-02
  3.43918577e-02  7.89147764e-02  2.14745831e-02 -4.83294800e-02]