[ 2.00217236e-02  1.60158742e-02 -4.05304879e-02 -4.09899056e-02
 -8.57490078e-02  5.57053462e-03  2.42962167e-02  8.30339640e-02
  4.10113186e-02  4.04838622e-02  1.08374134e-01 -9.72740203e-02
 -4.74953242e-02  4.61175293e-03 -2.14492045e-02 -6.37530489e-03
  7.29504647e-03  6.69669211e-02 -8.96584392e-02 -1.31046250e-02
  1.58891022e-01 -4.69587222e-02  1.23681575e-02  4.50558364e-02
  3.50102857e-02  5.34437783e-02 -7.42762089e-02  6.63836375e-02
 -9.39328317e-03 -6.85004666e-02 -1.74311083e-02  1.32890433e-01
  1.21124059e-01 -9.70482677e-02  6.92607509e-03  1.29515380e-02
 -2.72388309e-02 -6.58626109e-03  3.09757385e-02  9.12651494e-02
 -2.98903920e-02  1.88327674e-02  3.65376323e-02 -1.60651430e-02
 -2.52983309e-02 -8.62941071e-02 -1.90718304e-02  2.25631911e-02
  6.71889707e-02  4.08269800e-02  7.96910317e-05  2.75418777e-02
 -2.47034580e-02  7.25692362e-02  9.78843123e-03 -9.01239365e-02
 -5.79930730e-02  1.09048178e-02  1.91717390e-02  7.00666010e-02
  5.05870990e-02  4.68348190e-02 -8.05257857e-02 -3.31395753e-02
  2.87586357e-02  1.28057105e-02 -1.17435707e-02 -7.42379501e-02
 -8.75713453e-02  3.34469490e-02  3.18566896e-02 -1.62014253e-02
  2.76106149e-02  4.94049788e-02 -6.23155385e-02  3.23236920e-02
  3.64171527e-02  9.06801224e-03 -3.47050396e-03 -7.34582841e-02
  1.75674614e-02  7.25908130e-02  2.87322178e-02 -7.44120628e-02
  2.75334921e-02 -1.30326673e-02  2.43068114e-02  5.00950329e-02
  3.57836392e-03 -1.08291022e-03  5.88315502e-02  5.58905415e-02
 -7.10821375e-02 -7.71628618e-02 -2.74366606e-03  1.30399792e-02
 -1.50958570e-02 -1.81038547e-02  6.31319657e-02 -1.78959612e-02
  5.02823740e-02  3.80301289e-03 -1.06935306e-02 -3.42775993e-02
 -8.72466341e-02  2.65241303e-02  2.08807550e-02  7.23006725e-02
  4.20168303e-02  6.65376633e-02 -1.00340039e-01 -1.84672861e-03
 -4.73818369e-02  1.86655056e-02 -3.30161303e-02  6.97402144e-03
 -2.19352953e-02 -9.56044812e-03  1.38061130e-02  1.89869627e-02
  1.36900228e-02 -1.56273041e-02  1.15020148e-01 -3.74098271e-02
  3.31161320e-02 -8.90644565e-02  1.30175846e-02  1.46416226e-32
  9.88314115e-03  1.94140710e-02  2.07203650e-03  3.85892913e-02
  2.86611337e-02  5.30563481e-02 -6.86675832e-02  4.93473932e-02
 -1.35124465e-02 -2.56464072e-02 -7.23313540e-02  5.62688783e-02
  1.14820525e-02  2.90716514e-02  9.42644477e-02  1.50799071e-02
  8.14664550e-03 -1.23092523e-02  1.80717614e-02 -1.50912709e-03
 -1.40352165e-02  3.13238613e-02 -4.41924931e-05  4.48678136e-02
 -1.82858016e-02  6.03557378e-02  1.57346781e-02  3.74457357e-03
 -8.68837535e-02  4.68117185e-02  2.39198226e-02  3.28212008e-02
 -5.59417009e-02 -9.54676569e-02 -5.31525612e-02 -3.12918387e-02
  6.24853075e-02  1.71381216e-02 -3.23321000e-02  3.49557884e-02
 -6.86072186e-02  3.30252349e-02  8.29945877e-02  4.07234058e-02
  1.58662330e-02 -6.45774081e-02  3.71962190e-02  2.33958736e-02
  1.06490068e-01  9.36255455e-02 -8.27171355e-02 -4.67778416e-03
  8.27770829e-02 -5.21811284e-02 -4.33047824e-02  1.75386537e-02
 -9.36122537e-02  6.21236898e-02 -4.86709289e-02 -5.66345304e-02
  1.31739629e-02  1.05890278e-02 -2.90557723e-02 -3.35019119e-02
 -5.49245216e-02 -1.28489453e-03 -7.15256929e-02 -2.62683164e-02
  1.11879081e-01  2.88890619e-02 -6.75313920e-02 -3.01979035e-02
 -4.52356646e-03  3.12636606e-02 -1.20067466e-02  1.59287285e-02
  7.18034208e-02 -4.57272977e-02 -4.27119881e-02  2.66240425e-02
 -6.78981766e-02  9.71616432e-02 -2.19601840e-02 -6.04118872e-03
  7.63908401e-02  3.27650383e-02  7.41988868e-02 -1.50996540e-02
  2.60816328e-02  6.32768497e-02  1.78542715e-02 -8.56780075e-03
 -4.28367034e-02 -5.44929970e-03 -6.91116974e-03 -1.38577222e-32
  3.95543426e-02  8.70210081e-02  8.37499276e-03  4.18861359e-02
  8.64960440e-03  1.30825015e-02  3.48690227e-02 -1.32589517e-02
  1.46266483e-02 -1.03113867e-01  3.41039933e-02 -6.85232282e-02
  3.59368995e-02 -4.90366183e-02 -3.77166085e-02  4.78378646e-02
 -1.04204550e-01  1.21162552e-02 -4.14618514e-02 -3.68133970e-02
  1.89376948e-03  1.23282693e-01  2.27738488e-02  3.50342452e-04
  4.36228476e-02 -2.56722681e-02 -4.91686575e-02 -4.69740331e-02
  3.80177498e-02 -1.60065982e-02  3.11252028e-02 -1.41634000e-02
 -4.28133830e-02  7.04515502e-02 -6.33246824e-02 -2.02686563e-02
  3.44700776e-02 -5.47594018e-03  2.93522957e-04  9.68066156e-02
  2.24488229e-02  2.37932149e-02 -1.23615200e-02 -1.97881144e-02
 -1.92598794e-02 -1.12222701e-01  5.50580472e-02 -1.15350679e-01
  1.97321475e-02 -3.62483263e-02  1.22253299e-01 -2.20635626e-02
 -1.31950572e-01  6.78751469e-02  6.78822994e-02 -2.24811323e-02
  2.66163191e-03 -3.00114322e-02 -1.51106700e-01 -1.61441509e-02
 -1.09854927e-02  4.62523364e-02  4.05885205e-02 -5.91323823e-02
  9.61256251e-02 -5.60442451e-03 -1.93092693e-02  7.05596060e-02
  1.97084583e-02 -2.21289881e-03 -1.34928683e-02 -7.64202774e-02
 -9.50936601e-03 -6.66366145e-02  4.69445214e-02 -3.26028056e-02
 -8.11049119e-02 -4.89841215e-02 -1.28686503e-02 -9.90331732e-03
 -8.08888823e-02 -2.93022208e-02 -7.02355010e-03 -4.89968434e-02
 -8.26652646e-02 -1.05660520e-02 -5.37794363e-03  5.92759922e-02
  1.20599149e-02  6.59520030e-02 -1.78403482e-02  1.08485110e-02
  6.56473786e-02  4.57547121e-02  1.90618541e-02 -5.81779567e-08
  2.43400838e-02  1.95453037e-02  4.21198690e-03  2.44128332e-02
  1.35582713e-02  8.41642451e-03 -2.94159632e-02 -3.39507796e-02
 -1.98039953e-02 -2.29595099e-02  9.30883735e-03  3.58794816e-02
 -7.99256563e-02  1.04219485e-02 -3.65189724e-02 -1.75380688e-02
  6.29178509e-02  6.32843375e-02 -2.56243199e-02 -4.16048840e-02
  4.51660901e-03 -3.57285291e-02 -5.60774319e-02 -5.32118743e-03
 -6.66495189e-02 -1.83552466e-02 -4.64217067e-02  1.07830008e-02
 -3.57615687e-02  2.06923913e-02 -3.76663636e-03 -1.20510615e-03
  9.88833979e-03 -1.38022095e-01 -4.27891687e-02 -3.45884636e-02
 -1.83304176e-02  1.38874771e-02 -3.17346491e-02  6.27487376e-02
  8.66266116e-02 -1.48225263e-01 -8.70785266e-02  3.04894205e-02
  2.95502897e-02 -6.82521164e-02 -5.98941334e-02  5.96136712e-02
 -2.68679522e-02 -7.07980767e-02 -2.72157025e-02 -3.72858569e-02
 -4.75799292e-02 -2.43794564e-02 -5.24697416e-02  1.67916808e-02
  4.00189906e-02  4.55696136e-03  3.75664356e-04 -2.26471927e-02
  5.25455736e-02  1.93333458e-02 -1.50424503e-02 -1.24715894e-01]