[-1.38399927e-02  6.47007301e-02 -3.61984186e-02 -1.03371076e-01
 -8.20922032e-02 -7.86337245e-04 -3.26498188e-02  1.02996446e-01
  1.63884591e-02  4.39299494e-02  9.05563086e-02 -3.80092603e-03
 -2.27655992e-02  2.17094366e-02 -2.75536031e-02 -5.08101992e-02
 -9.38833598e-03  5.69591857e-03  1.61932018e-02  2.98412852e-02
  1.52791888e-01 -4.43462953e-02 -3.80998030e-02  1.06192762e-02
 -3.92675633e-03  5.64818867e-02 -5.81077226e-02  2.46677306e-02
 -3.01853903e-02 -1.85294785e-02 -2.82311291e-02  9.31196436e-02
  1.19235225e-01 -6.31624386e-02 -1.46723120e-02  2.65600183e-03
 -3.64981778e-02 -6.45311102e-02 -4.03127773e-03  7.70599768e-02
 -8.95186439e-02 -1.90417804e-02 -5.94598129e-02 -1.10358745e-02
  6.96107373e-03 -1.43429050e-02 -4.80922721e-02  8.19433779e-02
 -2.71787867e-02  7.13496134e-02 -8.07980634e-03  3.09759136e-02
 -5.72963916e-02  2.24686936e-02  5.33318445e-02 -8.78606439e-02
 -4.82073873e-02  1.90780386e-02 -1.23069966e-02 -1.11537725e-02
  4.33804579e-02  6.91618472e-02 -9.25578251e-02  1.42430039e-02
  1.00276414e-02  5.69348335e-02  1.73712447e-02 -6.56060874e-02
 -6.24628067e-02 -3.36993788e-03  3.77518870e-02  1.06530460e-02
  8.60356018e-02  7.30789006e-02 -4.43257689e-02  6.05178587e-02
 -1.73305795e-02  2.65717227e-02 -5.67868026e-03 -1.55997634e-01
  5.39479665e-02  2.36528777e-02 -1.15345111e-02 -4.14206907e-02
  1.73123889e-02  5.68266474e-02 -1.04587665e-02  3.90788130e-02
  7.99557641e-02  4.34307242e-03  1.10726714e-01  7.37746730e-02
 -9.52989832e-02 -2.21863063e-03  1.01987578e-01  1.55130047e-02
 -1.68297440e-02 -4.35019657e-03 -1.28906816e-02  3.56379733e-03
  6.93600550e-02 -1.66260954e-02 -1.28932120e-02 -7.81371817e-02
 -2.74699442e-02  9.29264165e-03  2.33544577e-02 -4.39205654e-02
 -1.81502718e-02  7.15094730e-02 -5.29249869e-02 -7.92336017e-02
 -2.98623443e-02 -5.04663959e-02 -6.78169578e-02 -1.65200736e-02
 -2.74335709e-03 -4.66096476e-02  9.08861756e-02 -5.13053648e-02
 -2.75876354e-02 -8.09716880e-02  4.27500345e-02 -2.22382769e-02
 -1.75047833e-02 -9.09869149e-02  8.76809098e-03  1.63771622e-32
 -3.05531751e-02 -7.41811376e-03 -6.27385527e-02  2.49514598e-02
 -2.02927906e-02 -9.81432851e-03 -5.96889034e-02 -1.04277628e-02
  1.74465608e-02 -2.36893669e-02 -4.56765555e-02  6.05203696e-02
 -3.51875350e-02  1.75366290e-02  1.27018020e-01  3.62531506e-02
  9.50123146e-02  4.02424810e-03 -1.57795586e-02  1.63135920e-02
 -2.83085741e-03  1.62618104e-02  2.19651405e-03 -2.55173035e-02
 -5.49074002e-02  1.56355813e-01 -9.98598263e-02 -3.91498022e-02
 -1.14847727e-01  5.60630970e-02  3.71044986e-02 -4.39505689e-02
  5.19342581e-03 -6.33937046e-02 -6.13854565e-02 -1.83568839e-02
 -1.02374414e-02 -3.03475056e-02 -7.60339126e-02  7.37682963e-03
  4.69098100e-03  4.36644666e-02  7.15654343e-02  3.14124078e-02
  8.57805610e-02  2.34899437e-03 -1.19261490e-03  3.32237594e-02
  1.36343673e-01  8.99570435e-02 -1.60021707e-02  2.36236937e-02
 -6.34929165e-02 -7.20054135e-02 -4.57679358e-04  5.35223112e-02
 -1.06672138e-01  1.80495866e-02 -1.32204983e-02 -2.24196278e-02
 -1.38619710e-02  6.90248311e-02  4.43220604e-03  9.07215872e-04
 -6.56808019e-02  5.68692666e-03 -6.66101873e-02  1.78411361e-02
  8.89121294e-02 -1.30621344e-02 -1.14722997e-01 -7.75077343e-02
 -2.23220815e-03  3.66180949e-02  3.62437181e-02  4.47476320e-02
  7.94147998e-02 -1.66915134e-02  6.71839109e-03 -2.61954255e-02
 -4.06860188e-02  3.50260525e-03 -2.59362459e-02 -1.21928602e-01
  9.76340659e-03  5.42072505e-02  2.26637088e-02  7.70079195e-02
  2.15443713e-03  3.77579406e-02  3.55167054e-02  9.30650998e-03
 -3.49063054e-02  3.51419188e-02  4.85484973e-02 -1.71818953e-32
  6.85549527e-03 -2.93180975e-03  1.98003482e-02  6.40369672e-03
 -5.65880872e-02  1.12726595e-02  1.12877265e-02 -2.33196728e-02
  8.65056645e-03 -1.06595568e-01  1.53840128e-02 -8.57719034e-02
  3.79939228e-02 -4.39950116e-02 -2.44821571e-02  2.68935692e-02
 -5.62101714e-02 -3.98200117e-02 -6.17082529e-02 -3.46630788e-03
  3.55250016e-02  5.14241047e-02 -2.27825087e-03 -4.82119545e-02
  6.66265562e-03  6.77112862e-03  7.18994648e-04 -7.44569302e-02
 -4.66881655e-02  2.07104888e-02  7.19710486e-03 -2.95399874e-02
  2.22735237e-02  1.08453833e-01 -5.57601564e-02 -6.19420111e-02
  6.41401410e-02  4.28642333e-03 -3.21191587e-02  3.64985727e-02
  2.83022039e-02  7.54401013e-02  3.01156007e-03 -2.79861074e-02
 -4.24681492e-02 -2.03155428e-02  3.23114581e-02 -3.59421633e-02
  7.41612837e-02  7.36251753e-03  7.98930377e-02 -2.94806734e-02
 -2.21351422e-02 -1.47158075e-02  6.21977299e-02  3.26697924e-03
 -4.66832668e-02 -1.20319659e-02 -1.33570969e-01  7.08787367e-02
  7.43384585e-02  1.62620153e-02 -2.14497577e-02 -3.79397124e-02
  1.02739789e-01  1.80250071e-02 -5.10985851e-02  8.55807588e-02
  3.68131441e-03  2.58773267e-02  4.06782515e-02 -4.65062559e-02
 -5.40135205e-02 -4.04831469e-02 -8.68574996e-03 -4.71469462e-02
  2.56466810e-02  3.32435146e-02 -3.20398472e-02  4.57517318e-02
 -1.11721151e-01  3.31210941e-02 -7.66843706e-02  5.82385361e-02
 -3.97764258e-02  8.03609658e-03 -4.54694964e-02 -1.05900280e-01
  9.01411567e-03  4.42195646e-02  1.08520053e-02  6.24271408e-02
  4.78042737e-02  1.56852696e-02  1.18243915e-03 -7.04619865e-08
 -1.84332719e-03 -5.44843264e-03  2.93665826e-02 -3.86576243e-02
  1.19312322e-02 -3.60697769e-02  8.21728073e-03 -4.16610949e-02
 -4.02993895e-02 -2.42373403e-02  6.45131469e-02  2.99335252e-02
 -9.94775519e-02  1.34874778e-02 -2.80809291e-02 -2.48552784e-02
  4.45596986e-02  4.82449085e-02 -4.44025733e-02 -4.13688309e-02
  4.59592529e-02 -6.05499186e-02  1.64123643e-02 -8.32367837e-02
 -8.32928047e-02 -1.18085640e-02 -3.47260199e-02  2.27304678e-02
 -5.20511977e-02  5.18177710e-02 -7.74325430e-02 -1.18005658e-02
  4.84389365e-02 -9.66502205e-02  1.10780867e-02 -2.72069406e-02
  2.18746588e-02  8.11245292e-03 -6.21171519e-02  3.84830050e-02
  7.99670815e-02 -6.62598163e-02  8.19345284e-03  6.00852864e-03
  1.04544602e-01 -5.04275262e-02  7.83500671e-02  5.42866550e-02
 -3.49929556e-02  2.10731593e-03 -2.18764674e-02  1.88646968e-02
  3.09375068e-03 -4.62786779e-02 -5.92807904e-02 -1.88274831e-02
  3.72098153e-03  5.07960729e-02 -2.01079026e-02  6.49574073e-03
  5.42092845e-02 -5.82153676e-03  1.64963324e-02 -4.39559668e-02]