[-4.26042788e-02  5.16752750e-02 -8.18106979e-02 -3.97396907e-02
 -6.12355620e-02 -8.29223357e-03  3.47660668e-03  1.59324571e-01
 -3.85097191e-02  8.00883025e-02  1.42964482e-01 -7.67394379e-02
  1.34305554e-02  1.02222078e-01 -1.66335199e-02 -5.85542209e-02
  1.45407105e-02 -7.20761530e-03  6.50959983e-02  9.57949162e-02
  8.49426165e-02 -1.28445653e-02 -7.33749792e-02  1.35053163e-02
 -1.30273789e-01  1.50546143e-02 -4.87277135e-02  1.77275911e-02
 -2.96647064e-02 -3.64081673e-02 -3.65492105e-02  4.11008783e-02
 -1.38298217e-02 -9.67722610e-02  3.36973406e-02  4.70714585e-04
 -1.95931504e-03 -5.07825650e-02 -2.65486464e-02  9.16243941e-02
 -7.89750218e-02 -9.87124536e-03 -1.12530440e-01 -1.19459890e-02
  6.46368265e-02  7.18460593e-04  2.20162459e-02  5.83841018e-02
  2.20448952e-02 -3.21943238e-02 -7.07179010e-02 -5.44967912e-02
  2.13067457e-02 -1.64430030e-02 -7.71403089e-02 -5.83752096e-02
 -5.78819662e-02 -6.62131310e-02 -2.78833620e-02  7.36154094e-02
 -7.50283375e-02 -1.26978345e-02  3.19730639e-02  2.36832462e-02
  8.75649881e-03 -6.90188957e-04 -2.22310796e-03 -1.11453697e-01
  3.66125780e-04  5.75339869e-02  4.34037596e-02 -1.15867756e-01
  2.63793785e-02  5.41255670e-03 -9.94673297e-02  4.33574840e-02
  6.94186762e-02 -2.27232408e-02 -1.15054986e-02 -7.85289258e-02
  2.67617404e-02  2.67709959e-02 -3.30729894e-02  5.82675636e-03
  3.37543637e-02  2.66902987e-03 -1.35524087e-02  5.11144474e-03
 -4.24313992e-02  7.84259811e-02  7.22923204e-02  1.06732428e-01
 -1.40608430e-01 -6.03090227e-02  4.96486612e-02  4.33059875e-03
 -5.44560738e-02  1.37573630e-02  4.65790667e-02 -4.12153266e-02
  1.62303876e-02 -8.97196233e-02 -5.58383800e-02 -3.34864408e-02
 -2.24810317e-02 -9.22789238e-03  1.70032438e-02 -7.60857537e-02
  2.06271913e-02  9.16871056e-02 -5.96179031e-02  1.97552685e-02
 -1.40723273e-01 -1.61800757e-02 -9.81784053e-03  4.34500650e-02
  6.51590480e-03 -4.25030775e-02 -1.76409353e-02 -1.56724881e-02
 -2.06629303e-03 -6.55120090e-02  6.83519468e-02 -5.90302683e-02
  4.41071540e-02 -6.68391064e-02  8.09169561e-02  1.16251035e-32
 -3.83293182e-02 -3.22582833e-02 -2.30985656e-02 -4.73875590e-02
 -2.01811641e-02  8.86135250e-02 -3.64588462e-02  1.58893485e-02
  2.47859564e-02  2.81767435e-02 -1.49455085e-01  5.55281863e-02
 -2.10730154e-02  3.13025862e-02  4.30332124e-02 -4.11057733e-02
  8.97468477e-02  5.81915257e-03 -4.43943366e-02 -6.06822930e-02
 -1.38021223e-02  4.01852280e-03  1.00937532e-02  2.05753148e-02
 -7.50994086e-02  1.33087397e-01 -5.73368855e-02 -6.52793571e-02
 -4.07777280e-02  1.53297232e-02  8.56961608e-02 -3.69006433e-02
  1.94029417e-02 -5.62947616e-02 -7.53096584e-03 -8.77581537e-02
  3.16507369e-02  9.66068450e-03 -5.62146790e-02 -1.82607230e-02
  1.15681319e-02  4.55438420e-02  5.24192974e-02  8.57067406e-02
 -2.42715608e-02 -4.26423065e-02 -2.96182632e-02 -2.30156886e-03
  6.55455068e-02 -1.90639906e-02 -2.84167510e-02 -4.13658447e-04
  2.20995266e-02 -3.79520133e-02 -2.72711571e-02  5.85075505e-02
 -1.05416432e-01  3.54158320e-02 -1.36895077e-02  1.35660945e-02
 -4.14167754e-02 -4.20262218e-02 -1.87940169e-02 -7.20990403e-03
 -2.25999812e-03  1.84450094e-02 -3.10167875e-02 -1.89080052e-02
  2.13583205e-02  1.28302434e-02 -3.34742256e-02 -2.48196721e-03
 -8.45465995e-03  9.04299226e-03 -3.63601409e-02  8.06601420e-02
  7.51951560e-02  1.22626439e-01 -9.66266692e-02 -4.43077693e-03
 -4.63922843e-02  2.78226305e-02 -6.18704176e-03  7.51623884e-03
  1.10443443e-01  4.76644970e-02  3.07890144e-03  5.83593175e-02
  4.04264592e-02  1.98805239e-02  8.21781904e-02  3.06690894e-02
 -1.83417893e-03 -7.38307089e-02  3.81826758e-02 -1.32294807e-32
 -2.37367507e-02  6.52039275e-02 -2.35968195e-02 -3.49143893e-02
  2.26606224e-02  4.56799977e-02 -4.84328344e-02 -1.56505145e-02
 -3.76317091e-02 -8.09610710e-02 -2.17407141e-02 -8.88605267e-02
  4.49011242e-03 -3.85827422e-02 -2.81147771e-02  1.02911934e-01
 -9.05112922e-02  1.00001143e-02 -1.28500447e-01 -2.21110974e-02
  1.59981977e-02  5.98260164e-02  3.40536945e-02 -3.34591083e-02
  4.06663418e-02  2.13300809e-02 -2.63784616e-03 -2.95275096e-02
 -8.36418197e-03  5.04819825e-02  3.07621788e-02  6.10729940e-02
 -3.82921398e-02  1.21740438e-01  2.94734295e-02  8.97179823e-03
  3.32710743e-02  6.10490935e-03 -1.05500370e-02  5.92846759e-02
  2.92184390e-02  4.76929694e-02  4.68211211e-02 -2.51710750e-02
  7.45366421e-03 -3.29865068e-02 -6.99875504e-02 -1.32020846e-01
  1.64645687e-02  2.73282938e-02  1.54813407e-02  6.34233700e-03
  2.01098174e-02 -5.21549173e-02  7.19504803e-03 -4.79399152e-02
 -3.57726999e-02 -9.82050449e-02 -2.42733639e-02  2.48532114e-03
  1.30005285e-01 -3.85800488e-02 -9.54041108e-02 -6.53497502e-02
  4.53883372e-02  1.78111214e-02  2.07729172e-02 -2.17998046e-02
  8.20016768e-03  4.40229475e-02  1.09131122e-02 -1.58909392e-02
 -4.72464971e-02 -1.73249189e-02 -5.73622212e-02 -1.55425891e-02
 -3.75056802e-03  2.05244161e-02 -6.12639785e-02  6.01531081e-02
 -2.28512250e-02 -9.76272672e-03 -6.57445239e-03 -1.72287822e-02
 -1.05592143e-02  1.57987922e-02  1.02469428e-02 -2.56930441e-02
 -2.56919339e-02  2.76069939e-02 -6.19401038e-02  3.57731171e-02
 -1.01757701e-02  5.74397929e-02 -2.12924881e-03 -6.02824883e-08
  2.30564158e-02 -3.13784666e-02  8.21453184e-02  2.91468538e-02
  1.05768889e-02 -4.15443396e-03 -3.11873946e-02 -5.22632115e-02
 -2.32245866e-02 -3.57864834e-02 -3.58915851e-02  4.35483567e-02
  1.57581456e-02  3.85574102e-02 -2.71260887e-02  2.01198850e-02
  2.69475002e-02  5.34896813e-02 -7.36160390e-03 -7.11208135e-02
 -1.55502483e-02 -6.67767525e-02 -4.64545935e-02  1.79760363e-02
  4.58369637e-03  7.80971767e-03  1.15854843e-02  5.60580045e-02
 -2.22202372e-02  3.48771475e-02  2.77083926e-02 -1.92635469e-02
  3.91000621e-02 -3.09997089e-02 -2.60866657e-02 -1.78275350e-02
  3.59340832e-02 -2.43667071e-03 -1.06426902e-01  7.74751678e-02
  7.68153444e-02  5.04202500e-04  2.88384631e-02  1.49612287e-02
 -1.06187239e-02 -8.78350995e-03  7.09298104e-02 -1.30171087e-02
  3.90431955e-02  7.04794526e-02  2.52923486e-03 -1.01553826e-02
 -1.05133047e-02  6.60503358e-02 -9.76958424e-02  6.18624175e-03
  8.65643471e-02 -1.21729113e-02  8.23819544e-03  4.29787021e-03
  3.54727879e-02  4.25699167e-02  4.39765491e-02 -2.57221609e-02]