[ 1.69022672e-03  5.91104254e-02 -4.48488183e-02 -8.12003762e-02
 -8.34866762e-02 -1.36223789e-02 -1.89306047e-02  1.40885442e-01
  5.97218126e-02  6.08248524e-02  5.92278391e-02  3.26301381e-02
  3.73827629e-02 -8.80095456e-03 -1.22711752e-02 -5.46546429e-02
  1.74854472e-02  2.10251124e-03 -8.34360719e-03  6.78258315e-02
  1.62425593e-01 -2.02809963e-02 -5.63538074e-02  2.91450005e-02
 -4.42348123e-02 -1.59653276e-02 -5.79228736e-02  1.07569117e-02
 -1.85370278e-02 -3.68535705e-02 -3.70832719e-02  3.88976224e-02
  1.01072326e-01  3.06941047e-02  1.51345758e-02 -7.72746140e-03
  1.08593814e-01 -2.87849605e-02 -7.39024282e-02 -5.02758566e-03
 -1.18780993e-01 -3.69752273e-02 -2.15300154e-02 -1.62613764e-02
  5.34894057e-02  2.95654027e-04 -4.41068672e-02 -1.66990086e-02
 -6.11549132e-02  1.55158807e-02 -1.08782992e-01 -2.46355720e-02
  1.19829560e-02 -2.35429872e-02 -6.37889728e-02 -4.78689708e-02
  3.64915431e-02  3.58036533e-02 -1.33146383e-02  9.76890139e-03
 -8.78560077e-03 -4.33448739e-02 -5.24142720e-02  2.75654048e-02
  1.41615802e-02  2.72109695e-02  1.37999104e-02 -1.08838074e-01
 -2.46501938e-02 -2.13701110e-02  2.15991307e-02 -9.63727757e-02
  4.28851917e-02  4.92979698e-02 -3.27520706e-02  4.79188524e-02
 -8.87159444e-03 -6.31500920e-03  2.97479331e-02 -1.50310218e-01
 -5.91289764e-03  4.14782614e-02 -8.06676894e-02 -1.30105391e-03
  3.02176103e-02 -6.25847951e-02 -1.52902687e-02  1.10400617e-02
  3.21966410e-02 -3.44873779e-02  1.28931012e-02  4.77750190e-02
 -9.18903500e-02  2.39179600e-02  2.09470317e-02 -4.96442057e-02
  4.00403589e-02 -4.63901497e-02  1.18291574e-02 -2.35244352e-03
  1.43698948e-02  4.61141288e-04  9.07570347e-02  4.01291996e-02
 -2.77858377e-02 -3.73315103e-02  1.26726069e-02 -6.02025948e-02
  4.40597814e-03 -2.47792690e-03 -2.45969296e-02 -4.77905646e-02
 -1.39392480e-01 -5.90275712e-02 -3.81084718e-02 -2.49191187e-02
 -8.26563239e-02 -1.95682943e-02  6.22554831e-02 -3.30118686e-02
 -4.46748249e-02 -9.00680795e-02  1.19525045e-02 -1.04328580e-01
  3.08420602e-02 -2.75168754e-02  6.52413443e-02  1.22633683e-32
 -4.11761142e-02  3.60972830e-03 -6.23779260e-02  1.79878753e-02
  2.85087712e-02  2.24468689e-02 -3.38717215e-02  2.38779914e-02
  1.14259221e-01 -1.39506096e-02 -2.46736743e-02  8.81411359e-02
  8.64159130e-03 -2.06017848e-02  1.67491123e-01 -2.95433551e-02
  3.44727449e-02  6.64662570e-02 -5.62310331e-02  4.34949398e-02
  1.66136753e-02 -1.88701805e-02  4.46638055e-02 -5.85807189e-02
  3.83331142e-02  9.25068632e-02  1.01495162e-02  4.28490527e-03
 -2.25627478e-02  1.95596945e-02  4.10198048e-02 -4.60694209e-02
  8.14495888e-03 -6.99022189e-02 -8.48477415e-04 -4.06815484e-02
  4.63761203e-03 -3.64590297e-03  3.63212116e-02 -3.27698551e-02
 -1.82693603e-03  2.86105480e-02  1.12456627e-01 -5.61628975e-02
  6.00178316e-02 -2.03970540e-03  7.09557310e-02  3.42113748e-02
  1.14220805e-01 -1.13325277e-02 -4.33659256e-02  1.32732503e-02
 -3.72401811e-02 -1.02989627e-02  2.51553487e-02  1.76567025e-02
  7.57383276e-03  3.72490138e-02  2.42838189e-02  1.33243827e-02
 -8.50965679e-02 -1.60760451e-02  2.97610052e-02  6.34873169e-04
 -3.00099645e-02 -4.94502634e-02  6.08044676e-02  1.04409708e-02
  9.03108791e-02 -2.15438418e-02 -7.27841631e-02 -6.29882440e-02
 -1.86590552e-02  2.41227448e-02 -4.19611707e-02  3.64983864e-02
  5.43304943e-02  1.27359433e-02 -8.40716362e-02 -2.37207580e-02
 -7.42212906e-02  4.94202971e-02 -1.10175833e-02  1.52323637e-02
  1.40165081e-02  1.01492308e-01  3.48530412e-02  3.66624556e-02
  1.14475759e-02  7.44192377e-02  7.88846146e-03  7.55300075e-02
 -4.33280282e-02  6.61000088e-02  4.29037958e-02 -1.36958228e-32
 -6.38457835e-02 -2.81419903e-02 -6.08473434e-04  4.59659770e-02
 -3.04877423e-02  5.00707738e-02  2.06570681e-02  2.62949094e-02
 -3.21778990e-02 -9.80851054e-02 -2.69743148e-03 -4.55049835e-02
  1.10133244e-02 -3.36889960e-02 -3.92666422e-02  8.60620439e-02
 -1.05791993e-01 -4.17145118e-02  3.19859907e-02  5.32514118e-02
  7.71568269e-02  6.74871132e-02 -3.08819786e-02  3.21118459e-02
  6.26912937e-02 -2.94686332e-02 -7.28870109e-02 -4.84490357e-02
 -6.48892075e-02 -1.94369219e-02  2.75136679e-02 -5.23697538e-03
 -2.24644616e-02  1.57213077e-01 -3.29100830e-03 -7.19785616e-02
  3.02862506e-02 -5.68870641e-02 -4.07314976e-04  1.50771618e-01
  1.06930174e-01  7.91150704e-02  3.03803217e-02 -3.93079817e-02
 -5.47529012e-03 -6.30405471e-02 -5.25824912e-02 -1.25494644e-01
  1.88782662e-02 -8.11419357e-03  6.95924982e-02 -2.44806688e-02
 -4.09819558e-03 -5.96047118e-02 -2.11203750e-02 -6.77805468e-02
 -5.43443300e-03 -4.29687984e-02 -6.11962229e-02  7.95465522e-03
  4.75055762e-02 -3.19700278e-02 -2.03007739e-02 -9.31528676e-03
  2.10593138e-02  5.53552844e-02  5.49433157e-02  6.66925311e-02
 -5.24057634e-02  9.31351387e-04  1.35733439e-02 -4.67408216e-03
 -1.04250861e-02 -8.56622756e-02 -3.85663696e-02  1.09712118e-02
 -4.85704467e-02 -1.96107081e-04 -6.38967529e-02  1.85922405e-03
 -3.49541642e-02  2.13917457e-02 -3.57464068e-02  3.18283252e-02
 -8.36579129e-02  6.04345696e-03  1.83338970e-02 -5.53271435e-02
 -6.01623803e-02 -5.43659041e-03 -8.87508988e-02  7.47308806e-02
  2.47224290e-02  1.23033446e-04 -7.44874105e-02 -7.14893886e-08
 -1.75756197e-02 -3.22053991e-02  6.60506785e-02 -2.90385373e-02
  4.34391387e-02 -6.01814389e-02 -6.75661266e-02  2.15560179e-02
  1.73736233e-02 -5.25159808e-03  4.88835014e-02 -1.34707317e-01
 -5.10820597e-02 -7.27101695e-03  5.26547246e-02 -2.08478956e-03
  4.28179428e-02  2.63163373e-02 -3.51149924e-02 -7.10111484e-02
  6.80491328e-02 -2.13240962e-02  1.52003521e-03  5.60269644e-03
  2.53040716e-02 -1.30257029e-02 -2.88785622e-02  3.85048985e-02
 -3.59592177e-02  5.32031246e-02 -2.94718929e-02 -3.18162492e-03
  5.88923283e-02  5.99190313e-03  2.87067574e-02 -9.68337525e-03
  5.83064593e-02  9.11824778e-02 -8.82767886e-03  5.51531129e-02
  6.46735355e-02 -8.33463445e-02 -9.94452387e-02  8.91093258e-03
  1.24715772e-02 -2.53053177e-02 -5.93747199e-02 -3.89543623e-02
 -2.02125795e-02 -9.22812987e-03 -4.01148573e-02  4.69462126e-02
  3.55949700e-02  2.26121508e-02 -6.11738488e-02 -1.29029946e-03
  3.03079491e-03 -8.83312523e-03 -5.12849949e-02  4.31184247e-02
  7.19701797e-02  4.87799048e-02 -3.11395358e-02  1.42875360e-03]