[-8.30866918e-02  4.28056754e-02 -8.86193663e-02 -4.89899293e-02
 -4.50232439e-02 -1.63203832e-02  1.02937892e-02  1.04733668e-01
 -2.77798180e-03  6.69163018e-02  7.54539743e-02 -3.81365530e-02
 -3.98146100e-02  2.33142618e-02 -2.00933535e-02 -2.06154073e-03
  4.59228382e-02  7.54585024e-03 -2.39283424e-02  2.93176863e-02
  1.31308705e-01 -1.89094692e-02 -5.52868992e-02  1.46417497e-02
 -6.91581219e-02 -2.89324485e-02 -4.75550331e-02 -3.98134440e-02
 -5.61387949e-02 -3.75058278e-02 -1.16449418e-02  2.33918079e-03
  5.34394532e-02  5.88632328e-03  2.54898202e-02 -1.62664577e-02
  8.08835775e-02 -1.46031491e-02 -2.72108298e-02  3.10359970e-02
 -8.62850547e-02  4.61719185e-03 -9.30933952e-02 -5.00022732e-02
 -1.15104765e-02 -5.81123568e-02  5.02812536e-03  4.12006788e-02
 -6.21502176e-02  1.81129184e-02 -5.54003604e-02 -1.15108714e-02
 -3.70634012e-02  2.28925329e-02  1.01526640e-03 -9.27422494e-02
 -1.14233578e-02 -2.92686597e-02 -3.51676233e-02 -3.03375684e-02
  2.25474034e-03  3.35624255e-02 -6.55000433e-02  3.56081128e-02
  2.46003624e-02  4.16104160e-02  1.53557248e-02 -5.97127005e-02
 -3.95215256e-03 -1.53062716e-02  7.20090643e-02 -7.44148120e-02
  4.05455120e-02  4.04615561e-03 -4.25751358e-02  6.65292218e-02
 -9.06488020e-03  7.79805034e-02  1.97677407e-02 -2.23074451e-01
  3.43118235e-02  8.67206678e-02  2.14530602e-02 -6.30751625e-02
  5.76157542e-03 -2.45466158e-02 -1.92423407e-02  6.56030513e-03
  5.21495193e-02  4.39241417e-02  8.77741352e-02  1.93303823e-02
 -2.48085763e-02 -6.97135329e-02  8.31334665e-02 -1.21512450e-02
  2.83706021e-02 -5.14677092e-02  7.26703927e-02  1.84947774e-02
  3.96305732e-02  5.64378202e-02 -7.10424036e-02 -2.31068145e-04
 -5.15425466e-02  3.80959623e-02 -7.66491005e-03 -5.66941835e-02
  1.07881352e-02  7.10306242e-02 -8.01768973e-02 -7.15131089e-02
 -8.12889263e-02 -7.91179836e-02 -2.52992213e-02 -2.17556302e-02
 -1.84839237e-02  1.22868409e-02  2.81037968e-02 -1.10757733e-02
  1.47634721e-03 -3.43709737e-02  9.23330616e-03 -6.22251704e-02
  1.39384359e-01 -1.03420764e-02 -1.02476152e-02  1.01359557e-32
 -4.01378423e-02 -3.35326642e-02 -6.04785159e-02  1.23225823e-02
 -3.11031062e-02 -9.94693302e-03 -4.78637703e-02  4.31168359e-03
  3.82290594e-02  5.82565740e-02 -6.60664290e-02  3.18916105e-02
  4.73957928e-03 -1.87929219e-03  1.17468826e-01 -3.39567987e-03
  4.32920754e-02  1.16464691e-02 -8.81022029e-03  4.06176643e-03
 -2.02392749e-02  1.45502202e-02  1.98410694e-02 -2.80531123e-02
  1.88827049e-02  7.07738250e-02 -4.12510224e-02  1.22931413e-02
 -5.27796671e-02  4.58157174e-02  7.61783272e-02 -2.93182228e-02
  2.45767497e-02 -2.72987559e-02 -4.59315302e-03  4.62979125e-03
 -6.79164892e-03 -5.64853987e-03 -7.00911041e-03 -1.88182499e-02
 -2.22403966e-02 -3.51610258e-02  2.04914957e-02  3.06747239e-02
  4.63709980e-02 -1.05055198e-01 -1.18555897e-03 -2.20675543e-02
  9.09343883e-02  4.07037884e-02 -6.81627449e-03 -1.89456195e-02
  2.06156261e-02 -6.19176403e-02  2.82721687e-02  2.73260418e-02
 -9.36306641e-02  3.75006944e-02  3.99699546e-02 -2.70810928e-02
  3.35298464e-05 -3.91657650e-03 -5.40477149e-02  2.00646929e-02
 -7.64415190e-02 -5.90003952e-02 -3.25016752e-02  1.91357080e-02
  1.52683049e-01 -2.30469592e-02 -8.64752382e-02 -2.01937910e-02
 -3.27722318e-02  7.33634606e-02 -7.09927082e-03 -4.49263863e-03
  9.55477282e-02  1.41057819e-02 -5.36824055e-02 -7.98661960e-04
 -5.49971238e-02  2.55267676e-02  5.49508841e-04 -6.05416205e-03
  6.32274896e-02  2.71928236e-02  1.67986769e-02  2.98148170e-02
  2.80352067e-02  5.73125370e-02  2.55631730e-02  5.24251126e-02
 -6.80177063e-02  2.44884901e-02  6.44320995e-02 -1.37712352e-32
 -2.19585896e-02 -7.84595264e-04 -1.20046616e-01 -5.41651323e-02
 -4.71303537e-02  2.04133037e-02 -3.44560333e-02 -5.73125407e-02
 -2.08284613e-02 -9.89537090e-02 -6.95267618e-02 -7.40305558e-02
  6.87597841e-02 -3.72801200e-02 -3.87809388e-02  3.64989154e-02
 -1.04601197e-01 -5.55533133e-02 -1.65078435e-02  2.69012433e-02
  2.67825071e-02  1.03828244e-01  9.50594768e-02 -2.77219526e-02
  2.11501922e-02 -5.45477383e-02 -2.79310159e-02 -1.95812341e-03
  1.54104475e-02 -3.87645164e-03  5.44553660e-02 -6.33161291e-02
 -1.41707538e-02  1.04467079e-01 -2.35619824e-02 -4.54079360e-02
  1.37067720e-01 -4.09151129e-02 -5.15196584e-02  1.01995692e-01
  6.79893568e-02  1.20081447e-01 -3.39676365e-02 -4.42123339e-02
 -5.16761802e-02  2.12795697e-02 -2.36954466e-02 -7.74881393e-02
 -1.10497223e-02 -1.56441882e-01  1.04433656e-01 -1.70350913e-02
  1.28573747e-02 -1.65890828e-02  6.84055835e-02 -5.17807784e-04
  9.69153177e-03 -8.30945745e-02 -4.39011678e-02  6.45954981e-02
  3.74025442e-02  3.04714441e-02 -1.83952954e-02 -6.33080443e-03
  1.25861883e-01 -1.37625011e-02 -3.16550992e-02  1.07709821e-02
 -1.11531606e-02  3.89566715e-03  4.72750627e-02 -1.04250856e-01
 -1.31774396e-01 -5.48451357e-02  1.85733270e-02 -1.82394963e-02
 -1.29951397e-02  7.03931740e-03 -4.86784354e-02  4.89969999e-02
 -5.13632149e-02 -2.89233197e-02  8.07025877e-04 -1.86352432e-02
 -6.89985007e-02  5.77162206e-03 -4.38294839e-04  3.22203152e-02
  9.89264529e-03  7.16756508e-02 -2.62710080e-02 -6.56798540e-04
  5.86342961e-02  5.05188666e-02 -1.03694247e-02 -6.59493722e-08
  3.49904560e-02 -1.26042077e-02  5.90021461e-02  2.75374521e-02
  8.69142648e-04 -8.80532339e-02 -2.17650644e-02 -5.93641680e-03
 -2.36251671e-02  2.30155773e-02  5.42905703e-02 -2.97748279e-02
 -9.16222483e-02 -2.55191084e-02  1.40917243e-03 -5.27542196e-02
  3.58162709e-02  7.08300620e-02 -3.22322510e-02 -1.03107619e-03
  6.99054301e-02 -2.99646351e-02 -9.83170941e-02 -4.07129824e-02
  3.23651172e-02 -2.73051253e-03 -2.24403199e-02 -1.18242381e-02
 -3.63102816e-02  9.35477987e-02 -3.81176397e-02  4.03729007e-02
  2.90026870e-02 -9.37585905e-02 -4.53455485e-02 -2.82386634e-02
  3.34722884e-02  1.97937544e-02  4.04395163e-03 -9.22705792e-03
  6.21636398e-02 -1.08180540e-02 -3.89326364e-02 -4.86399140e-03
  5.09311706e-02 -7.63997016e-03 -6.51299357e-02  4.98849489e-02
 -8.75017699e-03 -5.79136424e-02 -7.05633014e-02 -3.43903480e-03
  1.62987541e-02  1.68145206e-02  1.92596484e-02 -4.20542434e-02
  5.79686798e-02 -2.62967534e-02 -2.17373781e-02 -2.02124193e-02
  7.94857591e-02  1.01779640e-01  2.37342753e-02 -6.14570640e-02]