[-3.44361067e-02  7.66822994e-02 -3.71913649e-02 -1.03545882e-01
 -8.72597173e-02  2.81699318e-02 -1.97056066e-02  9.05829817e-02
  2.55397335e-02  1.34818137e-01  8.95765647e-02 -3.07498337e-03
 -4.10381854e-02 -3.01805194e-02 -3.27521898e-02 -6.19987361e-02
  7.27188364e-02 -6.11161515e-02 -2.90856343e-02  8.70834664e-02
  1.30487084e-01 -5.68716675e-02 -6.60413653e-02  8.95556249e-03
 -4.87375297e-02  1.02196289e-02 -7.71011710e-02 -3.40435319e-02
 -3.38896513e-02  1.80573314e-02  1.65228304e-02  9.96154472e-02
  2.98472997e-02 -1.19243991e-02  8.82234275e-02 -1.37476111e-02
  1.02240071e-01 -3.54424827e-02  2.14253627e-02  3.05268355e-02
 -5.98380528e-02 -3.79776433e-02 -6.41197339e-02 -3.56374979e-02
  5.75392973e-03 -3.67835909e-02  9.60679352e-03  2.03679390e-02
 -2.83789709e-02  2.35084090e-02 -8.02022517e-02 -7.68886041e-03
  1.52562484e-02  6.34380654e-02 -8.40701349e-03 -2.28110794e-02
 -1.34174386e-02  3.40669975e-02 -4.69596013e-02 -4.46476303e-02
 -8.64748359e-02  1.60278194e-02 -6.07286878e-02  1.32007468e-02
  7.23798499e-02  2.30686856e-03 -4.65698354e-03 -5.16034365e-02
 -4.35080677e-02  2.90988944e-02  1.65650472e-02 -3.74057032e-02
  4.49989587e-02  3.93067393e-03 -3.05102281e-02  2.93108132e-02
  2.99119018e-03  9.26410481e-02  7.61882514e-02 -1.62256643e-01
  3.50374132e-02  3.86380441e-02 -2.89508030e-02 -1.69219319e-02
 -4.40815799e-02 -6.06204830e-02 -4.77892859e-03 -2.87186890e-03
  7.36593455e-02  1.51650188e-02  5.90528958e-02  5.25909699e-02
  1.31261516e-02 -3.57286595e-02  2.79908883e-03 -2.86284368e-02
 -8.38968623e-03  1.15331449e-02  7.71164596e-02  2.14764439e-02
  7.78525248e-02  1.56744290e-02  5.03884517e-02  2.23593265e-02
 -7.61620626e-02  9.23177414e-03 -3.09424438e-02 -2.45146547e-02
  1.30742565e-02  5.15226685e-02 -7.76876733e-02 -9.50861908e-03
 -8.11713487e-02 -7.36206323e-02 -3.37363109e-02  5.04854545e-02
 -2.65564397e-02  1.04207941e-03  2.48031765e-02 -1.22783044e-02
  4.22088243e-03 -1.80926640e-02 -4.73803878e-02 -1.91722158e-02
  3.30678299e-02 -4.39288206e-02  1.61963645e-02  1.06246131e-32
 -1.25740515e-02 -1.12243056e-01 -1.98852201e-03 -3.37382890e-02
 -5.26440553e-02  3.78890298e-02 -1.53436540e-02  4.39600870e-02
  5.24922879e-03  2.67115347e-02 -5.89579307e-02  4.12848555e-02
 -1.20297633e-02 -1.66711845e-02  7.34682158e-02 -1.36638144e-02
 -1.27441222e-02  4.59126383e-02 -3.71201038e-02  4.31577750e-02
  5.39196543e-02 -5.28298598e-03  5.14127277e-02 -5.15490398e-02
  2.04590196e-03  5.76543994e-02 -5.64424396e-02 -5.71306758e-02
 -3.04501411e-02  5.42403609e-02  4.02356461e-02  2.42524128e-03
  5.07689044e-02 -2.03815084e-02 -6.99601024e-02 -2.50593908e-02
 -9.49339755e-03  1.27454707e-02 -4.88006026e-02 -4.65496965e-02
 -4.51353453e-02  1.51624456e-02  1.01723708e-01  4.58044894e-02
  2.97932141e-02 -1.90860033e-02  7.84000382e-02 -3.75514440e-02
  9.60560590e-02  6.62633255e-02  4.85740649e-03 -3.82332318e-02
 -3.97041626e-02 -4.29338701e-02 -2.05684435e-02 -5.90877328e-03
 -9.48283225e-02  5.92878796e-02 -4.80684787e-02 -1.02379903e-01
  2.86005065e-02 -7.20291957e-02 -4.10409793e-02  2.30446197e-02
 -8.88507664e-02 -4.35622111e-02 -1.04138115e-02  6.71490207e-02
  1.68091029e-01 -2.74090823e-02 -9.18608531e-02  6.90442370e-03
  1.18775037e-03  5.97395338e-02  5.48028946e-02  2.98882835e-02
  8.12342688e-02 -3.33442800e-02 -9.58119184e-02 -2.44479552e-02
 -5.92690483e-02 -2.54611559e-02 -4.89678942e-02 -3.67796645e-02
  8.02097470e-02  9.29816067e-02  5.52526116e-02  4.99021150e-02
  5.09303361e-02  8.51968490e-03  2.60220934e-02 -2.85017258e-03
 -3.49995084e-02  6.19016625e-02  8.08575377e-02 -1.29409438e-32
  2.34848857e-02 -1.81076338e-03 -5.59940413e-02 -4.46602888e-02
  2.95587648e-02  5.78521676e-02  1.25336275e-02  1.66118443e-02
 -5.24804220e-02 -9.01459083e-02 -2.45330650e-02 -7.77277425e-02
  5.10945097e-02  1.46346185e-02 -8.74787048e-02  3.67551968e-02
 -4.77288924e-02 -4.69129793e-02 -2.88930889e-02  4.04356653e-03
  8.35448317e-03  8.79677832e-02  6.09412789e-02  2.69947797e-02
 -7.22613884e-03 -2.37766840e-02 -4.04287390e-02 -5.04906327e-02
 -2.45898142e-02  2.78947279e-02  3.21510062e-02 -8.19297321e-03
 -5.36317714e-02  8.38885829e-02 -1.23253874e-02 -7.53742307e-02
  3.29723544e-02 -7.30931610e-02 -6.08045533e-02  8.44859853e-02
  3.41983847e-02  8.42653140e-02  4.45828624e-02 -4.01617168e-03
 -5.93537055e-02 -4.97235730e-03 -2.54523251e-02 -1.06942557e-01
  2.49186195e-02 -6.02751039e-02  7.18880743e-02 -8.77491012e-03
 -4.71389911e-04  9.98551957e-03  5.05828373e-02 -3.57228480e-02
  1.06365373e-03 -7.74671659e-02 -1.18496634e-01  1.65916421e-02
  6.65210783e-02  3.83799449e-02 -8.46434757e-02 -3.35901193e-02
  1.21875711e-01 -5.39645404e-02 -4.35616150e-02 -1.91095881e-02
  2.19637491e-02  4.57386672e-02  1.77917313e-02 -6.51869401e-02
 -1.30666867e-01 -5.25307134e-02  5.41724861e-02  1.10749705e-02
  1.70001760e-02 -3.94893177e-02 -2.23655384e-02  1.50501169e-02
 -4.19129878e-02 -2.34099245e-03 -1.54283643e-02 -4.06018533e-02
 -4.52450290e-02  1.55856069e-02 -2.15828102e-02 -6.79215044e-02
 -5.58610307e-03  8.46344307e-02 -1.58608463e-02  2.05223542e-02
  7.66875818e-02  2.20735017e-02 -3.48678790e-02 -5.84856465e-08
  2.48041097e-02 -3.66779231e-03  1.54064083e-02  5.54748550e-02
 -3.10015138e-02 -1.05112642e-01 -3.49536389e-02  1.07013332e-02
 -7.63945654e-03  4.73435875e-03  9.73625928e-02 -4.40378785e-02
 -5.06797396e-02 -3.92510481e-02  6.65410794e-03 -5.50303459e-02
  3.38262767e-02  3.87128182e-02 -6.68112487e-02 -3.90198827e-02
  2.20906027e-02 -4.97399941e-02 -9.02683958e-02 -3.37507464e-02
  3.28267389e-03  5.96519653e-03  4.56891628e-03 -1.11958673e-02
  4.53908509e-03  4.53342907e-02 -6.36824965e-02 -6.54593250e-03
  2.40093749e-02 -8.86176303e-02 -7.90186971e-02 -1.01029593e-03
  2.72946409e-03  4.91664279e-03 -2.45117880e-02 -2.57556699e-02
  1.21278495e-01 -3.74394320e-02 -3.36321676e-03 -1.81302819e-02
  8.23318958e-02 -4.09248471e-03 -3.39208730e-02 -1.07393852e-02
  1.49427876e-02 -8.50400515e-03 -5.59399910e-02 -1.85174160e-02
  7.47263432e-02  4.12032604e-02 -1.55301802e-02 -9.68456268e-04
  4.74398322e-02  5.31039685e-02 -2.67851837e-02 -3.61555442e-02
  1.28508061e-01  6.41424954e-02 -7.57458201e-03 -3.57680619e-02]