[-5.46798371e-02 -1.75121718e-03 -5.59621453e-02 -1.74507331e-02
  8.49177130e-03  4.52435724e-02 -2.19035987e-02  9.66987461e-02
 -1.01137385e-02  6.71450198e-02  1.11085035e-01 -4.26854640e-02
 -1.92931257e-02 -1.44552719e-02  1.66307874e-02 -2.39895005e-02
  2.58629769e-02  2.12778486e-02 -5.70913218e-02  1.00475192e-01
  1.05487607e-01 -3.11031938e-02 -2.34666895e-02  8.65734369e-02
 -8.95139128e-02 -8.56296319e-05 -2.72678174e-02 -7.41300583e-02
 -1.66400839e-02 -3.81597057e-02  5.65275550e-02 -1.49583481e-02
  1.14301860e-01 -6.32782057e-02  4.51840982e-02  6.12908192e-02
  6.85912669e-02 -3.38272154e-02 -5.54451980e-02  5.88248931e-02
 -6.88337386e-02 -4.93421257e-02 -1.22124180e-01 -4.63066101e-02
 -9.90135781e-03  9.65488050e-03  4.14608866e-02  1.83508974e-02
 -8.22712854e-02 -7.60229211e-03 -2.11190712e-03 -8.90708715e-03
 -2.64476258e-02  1.48114981e-02 -3.42880636e-02 -1.07734136e-01
 -3.24047580e-02 -2.89361160e-02  2.42529381e-02 -1.70257892e-02
  8.96092213e-04  2.97978446e-02 -6.38393126e-03 -2.71652229e-02
 -4.07383638e-03  2.14141645e-02  1.73811316e-02 -5.59992902e-02
  5.69611900e-02  1.76228471e-02  4.81038466e-02 -8.08490366e-02
  1.06020108e-01  4.40430343e-02 -6.32031634e-02  2.35521868e-02
  7.07734600e-02  5.52424192e-02 -8.05063080e-03 -1.70298442e-01
  2.75447196e-03 -2.42651552e-02 -3.44747474e-04  6.47116394e-04
 -1.02764359e-02 -1.53342225e-02 -3.51366028e-02  4.82156016e-02
  4.09432352e-02  1.77270453e-02  5.71840629e-02  8.59691426e-02
 -8.17685127e-02 -8.70139971e-02  2.83885151e-02 -9.09659825e-03
  4.21227422e-03 -6.47280961e-02  6.42115250e-02 -8.98823142e-03
  4.55999896e-02  5.07045873e-02 -3.61543745e-02  1.82904974e-02
  5.68543421e-03 -2.69326176e-02 -7.52248019e-02 -1.12249255e-01
 -1.28697315e-02  1.26702145e-01 -4.22161892e-02 -7.41487145e-02
 -1.64524242e-02 -5.48338983e-03 -4.00172397e-02 -1.96683239e-02
 -8.90399292e-02 -2.12527122e-02  6.61532879e-02 -4.27952548e-03
  3.77984941e-02 -2.64281966e-02  9.12056267e-02 -7.34217986e-02
  4.70536128e-02 -5.74091114e-02 -1.88408291e-03  1.11163356e-32
 -1.40982391e-02 -9.19797346e-02 -2.74118315e-02 -1.50595605e-02
 -5.59206447e-03 -1.31181376e-02  1.04795222e-03  4.21290435e-02
  8.09323788e-02 -9.50599264e-04 -8.37755948e-03  1.56980997e-03
  2.71117575e-02  4.47722562e-02  2.15186495e-02 -5.62053323e-02
  4.75525893e-02 -2.67909989e-02 -5.94722442e-02 -1.28031475e-02
 -8.55334511e-04  1.84317864e-02  2.53677405e-02 -1.37611069e-02
  2.01617135e-04  4.54842225e-02 -5.19605763e-02  1.91232301e-02
 -4.43456955e-02  3.35756727e-02  1.33229597e-02 -7.49295652e-02
  4.32203375e-02 -4.87905405e-02 -3.04649826e-02  2.66350582e-02
  1.33915227e-02 -3.22157852e-02 -6.46068379e-02 -6.55005500e-02
 -3.42472866e-02  3.15868855e-02  1.39058484e-02  5.95258400e-02
  3.29494663e-02 -4.23841290e-02  5.28935306e-02 -5.13315015e-02
  3.43132056e-02  1.69496033e-02 -2.90016867e-02 -6.61759079e-02
 -1.70507673e-02 -1.29207075e-01 -4.06259624e-03  2.34959032e-02
 -1.00703716e-01  4.88555208e-02 -5.48608415e-02 -7.05045611e-02
 -1.17949015e-02 -2.39951834e-02 -7.77538493e-02 -4.58784178e-02
  1.79469474e-02 -2.95543205e-02  2.90476112e-03 -1.17755700e-02
  1.00092448e-01 -5.58094904e-02 -5.88000529e-02  2.43833791e-02
 -3.03733367e-02  1.92731172e-02 -8.72031506e-03 -2.85436143e-03
  3.03413589e-02  3.58901806e-02 -9.70733911e-02  1.21159665e-02
 -1.51856488e-03  1.88480355e-02 -1.19630732e-02  4.76127341e-02
  1.14588946e-01  1.65849607e-02  9.20065772e-03  3.36045884e-02
 -9.64827612e-02  2.23952774e-02  5.70523255e-02  4.61253524e-02
  2.09330469e-02  3.23310569e-02  2.81806812e-02 -1.38221414e-32
  1.78020485e-02  3.43211205e-03 -1.04943216e-01  3.29836905e-02
 -1.88785624e-02  8.60766619e-02 -4.31808531e-02 -3.66775580e-02
 -7.07787275e-02 -1.10093400e-01 -4.08515558e-02 -9.02525112e-02
  5.59324995e-02 -6.43259883e-02 -1.04592390e-01  4.54625934e-02
 -6.90794289e-02  1.75716300e-02 -5.51868975e-02 -1.11774513e-02
 -1.76452696e-02  3.12044341e-02  3.93000245e-02  2.52140034e-03
  4.12108041e-02 -7.30581209e-02 -4.49454933e-02  1.74678881e-02
 -8.07755291e-02 -2.07061246e-02  4.57052253e-02  4.03681956e-02
 -4.25650440e-02  7.85066932e-02 -3.52876708e-02 -2.37274859e-02
  2.83848085e-02  2.62041986e-02 -4.06606607e-02  5.87424748e-02
  6.61807582e-02  7.90838152e-02  4.70565446e-02 -7.95965791e-02
 -6.30305782e-02  1.70586053e-02  2.05084849e-02 -1.03030466e-01
  1.31678488e-02 -2.28542332e-02  1.06912412e-01 -7.76665360e-02
 -1.21055711e-02  7.26348069e-03  1.00534111e-01  1.38412677e-02
 -5.28176837e-02 -6.35664016e-02 -5.39105050e-02 -1.13917496e-02
  7.17282295e-02  3.20595875e-02 -3.42357457e-02  3.80039625e-02
  7.62545690e-02 -2.51853950e-02 -4.37634289e-02  6.95576444e-02
  4.98316586e-02 -9.66304541e-03  8.16199034e-02 -6.36475086e-02
 -2.76409350e-02 -4.03018594e-02  8.51471163e-03 -6.01354763e-02
 -1.55498879e-02 -7.40985796e-02 -4.82514314e-02 -1.36013944e-02
 -9.76565387e-03 -1.21327629e-02 -3.46597284e-02 -2.21646409e-02
 -5.45351021e-02  1.61441267e-02  4.59295325e-02 -1.37361127e-03
 -2.37904536e-03  6.55837283e-02 -4.28101122e-02  5.07131778e-02
  5.10865301e-02  5.42252362e-02 -4.54718620e-02 -6.46639435e-08
  4.22569625e-02 -5.59910163e-02  9.78681631e-03 -7.06170127e-02
  4.21444885e-02 -2.76864953e-02  1.39535386e-02 -2.85997964e-03
 -4.14479859e-02  2.61596665e-02  1.34962536e-02 -2.44156662e-02
 -2.55016349e-02 -1.80744547e-02 -1.61544463e-04 -4.59575541e-02
  8.13684464e-02  7.06858560e-02 -5.28903939e-02 -4.00943197e-02
  7.41183683e-02 -5.27837276e-02 -7.30821565e-02 -7.49536138e-03
  1.01453103e-01  1.39317913e-02 -3.18202265e-02 -1.48166763e-02
 -1.48068797e-02  4.86216135e-02 -3.01180556e-02 -3.52744423e-02
  6.74123690e-02 -1.07194431e-01  1.60169862e-02  2.74242293e-02
  7.90977031e-02 -1.19151771e-02 -3.12213358e-02  7.24681914e-02
  1.34125814e-01  2.90215928e-02 -1.77039932e-02 -7.95798190e-03
  1.07927192e-02 -3.65153886e-02 -8.89997650e-03  3.13473009e-02
 -2.75019296e-02  8.79943185e-03 -3.79315279e-02  3.42513770e-02
  6.63902462e-02  6.50380738e-03 -6.12616241e-02 -9.64080542e-03
  2.32741926e-02  2.59796251e-02  1.20669147e-02 -2.44416185e-02
  1.23094797e-01  1.08927175e-01  7.39937052e-02  1.42855593e-03]