[-2.21879389e-02  1.38369361e-02 -8.06023777e-02 -3.78113501e-02
 -5.55972047e-02 -1.16808375e-03  1.26157682e-02  7.69301429e-02
  2.63259895e-02  8.24052766e-02  6.25423640e-02 -3.93232442e-02
 -5.08114090e-03  1.67623218e-02  2.58755013e-02 -5.59950210e-02
  2.52315197e-02  5.29143447e-03 -2.39498224e-02  2.29875501e-02
  1.50503233e-01 -4.77869809e-02 -7.78122470e-02  6.25453070e-02
 -5.19791320e-02 -5.21910153e-02 -9.31570400e-03 -1.66592672e-02
 -4.14047576e-02 -1.02083972e-02 -5.70182689e-03  6.36306554e-02
  8.36242214e-02  2.10190751e-02 -2.19383966e-02  1.07372962e-02
  1.17492983e-02  4.72296402e-03 -2.33201440e-02  2.79702656e-02
 -1.09214455e-01 -8.14964809e-03 -6.32737651e-02 -5.89825474e-02
 -5.75648213e-04  4.18707961e-03  1.73308775e-02  7.27804080e-02
 -8.98213834e-02 -6.22470453e-02 -8.16535950e-02 -2.60499977e-02
 -1.45733580e-02  2.72243377e-02 -4.28456953e-03 -6.90829828e-02
 -3.70902196e-02 -5.33783436e-02 -7.13050552e-03  8.92281998e-03
 -5.07338308e-02  1.04207685e-02 -2.32263915e-02  9.42735560e-03
  2.71382406e-02  7.34244734e-02 -4.59307507e-02  8.97618663e-03
  2.20643152e-02  1.99544691e-02  5.41514643e-02 -6.00747019e-02
 -3.37508805e-02 -1.08918231e-02  2.67749978e-03  1.57564580e-02
  1.66983455e-02  1.01191707e-01  2.20308453e-02 -1.96612716e-01
  2.31362022e-02  1.20474547e-01 -5.73916286e-02 -2.86044162e-02
 -2.29544751e-02 -9.19937808e-03 -3.89532968e-02  8.80772062e-03
  5.13209589e-02 -1.03707062e-02  1.09776032e-04 -8.77225213e-03
 -3.80959250e-02 -4.25317138e-02 -1.05890874e-02 -3.08843274e-02
  1.39278546e-03 -7.17879757e-02  5.81327565e-02 -5.69452569e-02
  2.56898776e-02 -1.01611316e-02  2.18457300e-02  4.57365299e-03
 -4.72839810e-02 -4.10889164e-02 -1.30565455e-02 -3.70934419e-02
  7.76632503e-02  1.45107925e-01 -9.31337029e-02 -4.65220623e-02
 -1.09597571e-01 -5.41433878e-02 -5.53797297e-02  2.69773672e-03
 -9.10539031e-02 -1.92715507e-02  7.74594396e-02 -1.77529808e-02
  3.32332589e-02 -1.69488462e-03  5.52006960e-02 -5.43945171e-02
  5.80195263e-02 -8.16189796e-02 -1.98647901e-02  1.06493742e-32
 -5.39080165e-02 -2.56809387e-02 -3.76980118e-02  6.53674975e-02
  3.33817266e-02  1.92987807e-02 -4.87074479e-02 -1.05978372e-02
  4.52512428e-02  4.91556488e-02 -7.35733137e-02  9.72764790e-02
 -3.26843187e-02  9.62426141e-02  1.37241483e-01 -7.60624511e-03
  2.08780784e-02  5.44916093e-02  1.68822967e-02  3.53379510e-02
  1.55165214e-02  7.20075741e-02  3.48149836e-02 -7.86120892e-02
  6.25631884e-02  3.35170478e-02 -9.74241942e-02 -1.12061016e-02
 -3.78001221e-02  4.48366478e-02  7.55377933e-02 -1.63679719e-02
  2.43434124e-02 -5.21181002e-02 -2.84111183e-02 -3.39499265e-02
  1.85735617e-03 -4.13130932e-02  2.71280408e-02 -3.30335684e-02
 -4.42896523e-02 -4.76963893e-02  3.16023789e-02  3.45803089e-02
  5.56059144e-02 -1.12899123e-02  7.35377222e-02 -1.78709030e-02
  6.76915646e-02  7.47037306e-02  4.67382511e-03 -4.80293259e-02
  2.61844750e-02 -8.44418928e-02  4.31538187e-03  2.62143873e-02
 -5.56373931e-02 -3.64090949e-02  6.20668754e-03 -2.64753755e-02
 -8.49248990e-02  1.40199978e-02 -2.94472575e-02 -1.45061058e-03
 -5.07584307e-03 -7.25858137e-02  3.07400711e-04  9.46237519e-03
  1.57746047e-01  4.41101789e-02 -6.16692454e-02 -3.74137657e-03
 -9.91123617e-02  1.88730489e-02 -7.45110400e-03 -5.61700016e-03
  1.43675245e-02  1.47091020e-02 -8.75433311e-02  7.29428977e-02
 -3.66917476e-02  1.45488046e-02  1.22559797e-02 -1.90110188e-02
  5.59195578e-02  6.91758171e-02  4.86096889e-02  6.40647560e-02
  4.29442786e-02  6.66784421e-02 -1.75641850e-02  9.52207744e-02
 -5.75195253e-02  6.81388378e-02  4.08394895e-02 -1.33599650e-32
 -4.53232899e-02  4.18594247e-03 -5.28963208e-02 -1.72219835e-02
 -1.85106453e-02 -7.08690379e-03 -2.92180572e-02 -1.02815919e-01
 -4.01000753e-02 -1.27267376e-01 -7.38356858e-02 -9.86378193e-02
  4.17895243e-02 -3.42312315e-03 -6.28965944e-02  1.19361766e-02
 -4.64409590e-02 -6.75584897e-02 -3.69466394e-02  7.22817006e-03
 -1.87400989e-02  2.68698130e-02 -9.03708190e-02 -2.02643070e-02
  8.34041648e-03 -6.13239966e-02 -7.35575408e-02  1.92764483e-03
  9.89731029e-03 -3.07359975e-02  2.81179156e-02  1.22515729e-03
 -1.19187711e-02  5.97619005e-02 -2.53582075e-02 -3.46117802e-02
  5.17278770e-03  1.62374992e-02 -1.34385340e-02  6.41851723e-02
  4.94903475e-02  6.04269542e-02 -1.05041536e-02 -4.14575115e-02
 -7.76750892e-02 -2.75674444e-02  8.06422532e-03 -7.79530704e-02
  3.91804874e-02 -1.67688802e-02  1.19997792e-01  4.71492857e-03
 -3.35041918e-02 -5.82059883e-02  4.26744856e-02 -3.55169028e-02
 -6.56960020e-03 -7.59656504e-02 -4.82187793e-02  1.30164344e-02
  8.47437531e-02  1.55079020e-02 -6.48715673e-03 -3.47449095e-03
  7.10653886e-02 -3.16574797e-02 -9.90887824e-03  5.52799590e-02
 -1.65634919e-02 -9.36876517e-03  5.76982424e-02 -6.73798323e-02
 -1.33308798e-01 -9.27134827e-02  4.55874531e-03 -8.12152177e-02
 -6.61061257e-02  1.75862852e-02 -1.56834405e-02  6.27024546e-02
 -3.50333489e-02 -3.78942955e-03  2.54353136e-02 -5.11290645e-03
 -5.19348448e-03  1.34263644e-02 -2.11253315e-02  2.45587416e-02
  1.76097248e-02  4.99269739e-02 -5.02486117e-02 -1.11901294e-02
 -3.90021154e-03  7.28463233e-02 -6.96306378e-02 -6.54350032e-08
  1.64845493e-02  2.32359320e-02  6.56234026e-02 -3.31214555e-02
  2.17540674e-02 -6.03554770e-02  1.30888177e-02  1.63514875e-02
 -4.39799279e-02  5.48950583e-02 -1.87257733e-02 -3.00053228e-02
 -5.57619557e-02  3.88511755e-02  5.12817129e-02 -3.93684171e-02
  7.48738199e-02  3.99013236e-02 -2.34260745e-02 -3.36126424e-02
  6.42744005e-02 -2.04972196e-02 -1.66619852e-01 -3.31947468e-02
  7.37330765e-02 -6.18920624e-02 -7.57804560e-03 -2.24971562e-03
  5.16197737e-03  1.37611985e-01 -3.02427262e-02  2.06671050e-03
  1.37043027e-02 -2.80133840e-02  1.39566306e-02 -2.86749322e-02
  3.15115228e-02  1.19028159e-03  8.12078360e-03 -5.37831262e-02
  7.04989359e-02  3.88733186e-02  3.62765342e-02  6.47520926e-03
  2.06000195e-03 -2.50719506e-02  2.65823863e-03  8.78609344e-03
 -2.79255561e-03 -7.50795798e-03 -5.80851845e-02  5.25184087e-02
  2.80278977e-02  7.49246553e-02  1.50559284e-02 -5.21705300e-02
  2.82083936e-02  8.19240580e-04 -4.36486006e-02 -1.73419586e-03
  1.02305569e-01  7.91907459e-02  4.40859608e-02  3.62739563e-02]