[-2.63390355e-02  2.03158092e-02 -1.83043126e-02 -5.93168922e-02
 -7.30523169e-02  1.83237679e-02 -1.51923895e-02  8.64473879e-02
  3.63497389e-03  9.20185894e-02  7.68504059e-03  5.27344458e-03
  1.73603185e-02  1.01992488e-02 -3.41370292e-02 -5.35884649e-02
  3.04020848e-02 -7.52747655e-02 -1.65367592e-02  6.08892962e-02
  9.78983268e-02 -3.63154188e-02 -8.13790709e-02 -2.63850484e-02
 -3.77863012e-02 -3.64062712e-02 -7.99690261e-02  9.50398948e-03
 -1.05109867e-02  6.47852212e-05 -3.10948081e-02  8.13666284e-02
  1.20843900e-03  3.73826325e-02  3.39258015e-02 -2.97841802e-02
  9.33230370e-02 -3.31248567e-02 -5.63847534e-02  1.20435450e-02
 -3.78151909e-02 -3.57643962e-02 -7.89384246e-02 -2.54815482e-02
  9.64366086e-03 -1.93489306e-02 -2.95954314e-03 -2.28904337e-02
 -6.75754398e-02  3.13635357e-02 -1.26662746e-01 -5.55059649e-02
  2.09076516e-02  3.47921848e-02 -3.91335748e-02 -4.45511192e-02
  4.81308997e-02  2.10357234e-02 -2.44757421e-02 -5.90053648e-02
 -5.85991656e-03 -2.47883089e-02 -9.78562534e-02  3.07102315e-02
  4.86127436e-02 -2.95756292e-03 -4.15141433e-02 -3.83128375e-02
 -3.41580696e-02  1.44855969e-03 -2.17890814e-02 -7.36413822e-02
  2.46513523e-02  3.03889550e-02 -1.93669274e-02  7.53547177e-02
 -6.59456616e-03  4.63423617e-02  8.37941468e-02 -1.48632377e-01
  4.27984595e-02  4.98205014e-02 -4.67131026e-02 -1.79669950e-02
 -2.62107886e-02 -5.46252877e-02 -2.08018292e-02  1.99376978e-02
  4.02964205e-02 -2.04531513e-02  8.46757516e-02  7.19416514e-02
 -1.04878191e-02  4.23038378e-02  4.52174293e-03 -3.94804999e-02
  3.91926430e-03  1.61707366e-03  8.51742476e-02  1.55929448e-02
  2.14153957e-02  1.63032976e-03  2.90833460e-03  1.56106502e-02
 -6.98564351e-02  1.46116726e-02 -2.06635874e-02 -9.73133743e-03
  3.67509089e-02 -2.71229614e-02 -2.87680738e-02 -9.18167830e-03
 -9.20394063e-02 -9.64899808e-02 -6.21192008e-02  6.08397163e-02
 -9.66545269e-02  2.20793076e-02  3.10934242e-02 -4.85471210e-05
 -2.46592648e-02 -2.70902179e-02 -4.57409658e-02 -1.03112310e-01
  4.38112132e-02 -3.75056756e-03  5.22544011e-02  1.04278839e-32
  1.35348579e-02 -4.66869399e-02 -5.34083173e-02  2.44492199e-02
  3.02615929e-02  5.56493811e-02  8.58453941e-03  1.97461713e-02
  3.02147623e-02 -2.64637433e-02 -1.08299755e-01  5.73190153e-02
 -5.79240406e-03 -8.61152038e-02  9.12502855e-02 -7.77513953e-03
 -5.26572717e-03  5.63381203e-02 -6.69471622e-02  1.83322206e-02
  5.35748899e-02 -3.58805023e-02  1.16506945e-02 -1.08798994e-02
  5.01827628e-04  6.96903989e-02 -3.54210697e-02  9.54985339e-03
  3.27557251e-02  1.82440002e-02  1.81756355e-02 -3.38647366e-02
  2.30417419e-02  1.02103669e-02  3.11672129e-02  1.63415186e-02
 -3.72801684e-02 -1.01567507e-02  5.71416952e-02  2.23834980e-02
 -7.92736337e-02 -9.05079208e-03  1.39292374e-01 -2.29804609e-02
  5.29023893e-02 -3.98961902e-02  4.74116243e-02 -4.91548851e-02
  1.01169877e-01  7.79435858e-02 -7.24459114e-03  1.70263965e-02
 -5.57284467e-02  9.52644553e-03  2.09632572e-02  5.70641551e-03
 -1.32375769e-02  4.98383306e-02  1.58894546e-02 -4.92713712e-02
  4.39615129e-03 -3.29930410e-02 -5.93160093e-02  1.44222779e-02
 -3.87283452e-02 -9.32175815e-02  2.49907505e-02  1.57749429e-02
  6.50733039e-02 -2.50371490e-02 -8.46124366e-02  5.62832225e-04
  9.48199723e-03  5.56351542e-02 -1.01837255e-02 -4.82348492e-03
  5.98319713e-03  1.31374402e-02 -5.20131774e-02 -1.07350564e-02
 -1.02935277e-01  8.35650340e-02 -5.19793034e-02 -2.22181752e-02
 -6.61415560e-03  6.10393099e-02  5.71533181e-02  6.67949859e-03
  5.11014909e-02  8.09203461e-02 -1.22191692e-02  2.58256793e-02
 -7.00312480e-02  9.27084088e-02  3.41659151e-02 -1.19381450e-32
 -2.02936009e-02 -6.91043362e-02 -8.79552308e-03  5.08205704e-02
 -2.05329806e-02  7.11336508e-02  2.78289802e-02  1.90602727e-02
 -5.33458516e-02 -9.34735388e-02  4.63869721e-02 -3.68476249e-02
  8.21624324e-02  1.31028472e-02 -4.47331741e-02  2.95044761e-02
 -8.94610286e-02 -4.11566682e-02 -5.42993704e-03  4.19745520e-02
  1.17864884e-01  4.68737483e-02  5.37502253e-03  5.09530827e-02
  7.19827367e-03 -8.29519033e-02 -5.53864017e-02 -8.90351012e-02
  1.56434178e-02  5.25490828e-02  3.91931534e-02 -3.02014966e-02
 -1.04847729e-01  1.72123685e-01  2.08454430e-02 -4.09796946e-02
  1.10822670e-01 -9.79629457e-02 -1.12659857e-02  1.31978676e-01
  6.36030808e-02  3.00099496e-02  2.75670160e-02  5.67244319e-03
 -1.18537305e-03  1.28840851e-02 -1.23945046e-02 -1.28063396e-01
  1.00600617e-02 -3.24039273e-02  9.62621421e-02  8.90749227e-03
  4.10885504e-03 -2.78975144e-02  4.07880079e-03 -6.49242923e-02
 -2.17733718e-02 -6.77976832e-02 -9.63156521e-02  3.84054482e-02
  1.30826473e-01  1.84237268e-02 -3.35944146e-02 -1.09189386e-02
  8.27343985e-02  1.05975010e-01 -3.21163498e-02  8.47043470e-02
 -3.82901318e-02  9.55547858e-03 -2.83230003e-02 -7.91791081e-02
 -7.37651289e-02 -1.14648573e-01  1.32204145e-02 -1.77394748e-02
 -5.23735955e-02 -1.15812328e-02 -1.15757488e-01  2.66418457e-02
 -5.24848932e-03  2.67119724e-02 -6.67317025e-03 -5.21287834e-03
 -1.98160224e-02  4.77171466e-02  3.64977643e-02 -6.40609860e-02
 -5.42037152e-02  1.12940744e-02 -1.22569256e-01 -6.05662214e-03
  4.48260047e-02  1.87541153e-02 -2.08899137e-02 -6.40566071e-08
 -3.29018570e-02 -2.83200443e-02 -3.28105991e-04 -1.20718470e-02
 -2.16306956e-03 -3.99442986e-02 -6.83635920e-02  2.65056151e-03
 -9.01176012e-04  3.65986526e-02  1.02422297e-01 -1.36052430e-01
 -6.81053400e-02 -8.36458430e-03  4.10007462e-02 -3.38331074e-03
 -2.26925965e-02  2.21143942e-02 -6.77872356e-03 -3.79440794e-03
  7.91102499e-02 -3.01919668e-03 -4.33522603e-03 -7.16059841e-03
  5.03563657e-02  2.70213205e-02 -8.64244439e-03  4.34962250e-02
 -3.71036641e-02  6.09869650e-03 -2.66891401e-02 -5.15684020e-04
  3.96663230e-03 -1.75054073e-02 -2.88877469e-02  2.29988880e-02
 -1.35914274e-02  1.18349917e-01  3.36489119e-02  3.39561664e-02
  2.96442751e-02 -3.21271014e-03 -4.21370715e-02  2.68135797e-02
  6.58458769e-02 -3.44521515e-02 -5.70789389e-02 -8.01248383e-03
  1.83950588e-02 -1.01372942e-01 -7.19937384e-02 -2.17613615e-02
  8.91952515e-02  2.99320202e-02 -4.02873419e-02 -1.32522192e-02
  5.57890981e-02  2.84522641e-02 -4.94163744e-02 -2.03612028e-03
  6.22867122e-02  2.12041717e-02  3.84856085e-03 -8.75296071e-03]