[-1.93826687e-02  1.08991809e-01 -9.58982483e-02 -4.63143103e-02
 -8.02795663e-02  2.67425030e-02 -1.98764615e-02  9.37509835e-02
  1.39125204e-03  1.43019423e-01  4.59650792e-02  4.58174618e-03
 -2.07655188e-02 -1.96357910e-02  7.64446333e-03 -5.94921922e-03
  4.25966531e-02 -2.14259923e-02 -6.58343062e-02  1.13633990e-01
  1.43833920e-01 -3.95225324e-02 -1.74724776e-02  4.35847677e-02
 -5.15247956e-02 -4.03002370e-03 -4.55724560e-02 -4.23663706e-02
 -2.11183671e-02 -5.35268188e-02  4.05472852e-02  1.20265231e-01
  3.48990150e-02 -1.64880082e-02  1.08238705e-01 -7.51642743e-03
  4.91202399e-02 -1.40874153e-02  1.26302950e-02  3.48673351e-02
 -3.88242044e-02 -2.88946256e-02 -8.37688148e-02 -7.34869242e-02
  8.87815666e-04 -4.60943393e-02  3.32389511e-02  6.37154654e-02
 -2.50690617e-02  1.22844204e-02 -7.43598640e-02 -6.01540692e-02
 -2.40947772e-02  2.85927486e-02 -2.89795417e-02 -3.92829850e-02
 -1.87812746e-02  2.84015518e-02 -1.77888926e-02 -3.54076549e-02
 -7.79302865e-02  4.61049266e-02 -2.62811054e-02  2.89109163e-03
  7.52557069e-02  1.74816214e-02 -6.79526292e-03 -1.34648923e-02
 -5.88264130e-02  4.90839370e-02  6.85949326e-02 -5.32994941e-02
  2.55321320e-02 -1.72766820e-02 -3.92141528e-02  4.51098345e-02
  3.18518318e-02  8.76094922e-02  5.85165471e-02 -1.69991180e-01
  3.64756137e-02  4.95262034e-02 -1.29543059e-02 -4.05620225e-02
  6.48232549e-03 -5.97382523e-02 -2.09585950e-03  2.42263405e-03
  8.00616741e-02  2.32334435e-02  5.05116321e-02  8.27126950e-02
  2.78449487e-02 -5.65328114e-02 -4.07340489e-02  2.93089226e-02
  6.92112325e-03 -3.80468257e-02  1.19591258e-01  2.32542213e-02
  1.06516138e-01  2.16118470e-02 -1.11472812e-02  2.61568837e-03
 -3.46532948e-02 -1.98293533e-02  1.26013579e-02 -5.60116693e-02
  2.46800780e-02  4.59590964e-02 -5.69320507e-02 -2.56651379e-02
 -9.79270637e-02 -4.18338552e-02 -3.96068729e-02 -4.26592492e-03
  8.39253422e-03  7.50678766e-04 -2.07827166e-02 -6.79857358e-02
 -1.83641836e-02 -3.91844399e-02  1.42670935e-02 -3.84527706e-02
  6.63958043e-02 -5.78561015e-02 -3.74134742e-02  1.26608691e-32
  1.10306973e-02 -5.99454530e-02 -4.35324088e-02 -2.64701843e-02
 -3.72917689e-02  5.59564680e-03  7.73903821e-03 -2.07100604e-02
 -1.46040032e-02  8.01380575e-02 -4.20878753e-02  5.02954312e-02
 -5.33154001e-03  2.26803087e-02  1.30478188e-01 -3.20949927e-02
 -4.97852936e-02  2.41800193e-02 -7.61274993e-03  2.19456013e-02
 -1.50758037e-02 -2.86644250e-02  5.85433356e-02 -7.95764755e-03
 -5.12338988e-03  3.98644730e-02 -6.09749705e-02 -6.27980605e-02
 -6.92323372e-02  4.01264913e-02  8.31811428e-02  1.62083879e-02
  5.17216437e-02 -4.89360839e-02 -5.80002181e-02 -4.84131761e-02
 -7.54469633e-02  2.36568395e-02 -3.29339020e-02 -4.71415650e-03
 -5.77158555e-02 -1.15210526e-02  1.08444735e-01  2.97047868e-02
  1.21439658e-02 -4.23595533e-02  3.87615561e-02 -4.01675478e-02
  7.11339042e-02  1.77687556e-02  2.44137440e-02 -3.95140909e-02
 -2.18208637e-02 -5.57362810e-02  1.45311619e-03 -4.28245030e-02
 -9.86868069e-02  3.29373553e-02 -1.28672281e-02 -1.02774955e-01
  1.95525922e-02 -4.37408648e-02 -6.43730760e-02  1.48563636e-02
 -1.28469214e-01 -3.17059569e-02 -3.54374945e-02  3.49177159e-02
  1.55554011e-01 -6.04043491e-02 -5.14933169e-02 -1.15732476e-02
 -1.84707064e-02  8.48342255e-02  4.06223312e-02  1.08864866e-02
  5.92120700e-02  7.38614192e-03 -6.08377717e-02  1.58984296e-03
 -3.59786004e-02 -1.53972832e-02 -1.48977898e-02 -1.12413662e-02
  3.91386300e-02  6.82650432e-02  5.17415553e-02  2.33315714e-02
  8.21416527e-02 -8.63077212e-03  4.89190482e-02 -1.77943725e-02
 -3.17491405e-02 -4.52664010e-02  1.46042123e-01 -1.41377543e-32
  4.98338453e-02 -4.52247635e-03 -4.66132537e-02 -4.71563563e-02
  1.03463028e-02  1.08855674e-02 -8.91102664e-03 -8.06975216e-02
  5.25719766e-03 -1.14604384e-01 -2.95823999e-02 -4.38903570e-02
  5.21058999e-02 -8.83013755e-03 -4.73410711e-02  3.03828251e-03
 -4.31040861e-02 -5.24173044e-02  3.47666107e-02 -4.10938039e-02
  1.98048018e-02 -2.17934768e-03  6.25641719e-02  1.44980894e-02
  1.06681306e-02 -5.09292334e-02 -7.42905065e-02 -2.89787911e-02
 -1.22381365e-02  1.82299986e-02  2.52250656e-02  2.85264547e-03
 -1.70466062e-02  8.79428312e-02 -1.22897988e-02 -9.84012187e-02
  5.74583933e-02 -4.99050692e-02 -4.43443693e-02  3.65250669e-02
  3.14145945e-02  6.33461401e-02  4.11117487e-02  2.50122529e-02
 -5.82503118e-02 -1.38017414e-02 -4.14982513e-02 -1.03484817e-01
  2.00228877e-02 -8.00026879e-02  9.22230333e-02  2.47307569e-02
  3.71351354e-02 -1.59072373e-02  3.23827118e-02  1.75185110e-02
 -1.97606478e-02 -8.48328993e-02 -6.79451600e-02  5.36176339e-02
  7.26503953e-02  6.58889562e-02 -6.15127049e-02 -2.27326714e-02
  1.00668915e-01 -2.07684133e-02 -4.14879099e-02 -1.40308592e-04
  1.11359404e-02  1.70833524e-02  3.64922956e-02 -9.52475443e-02
 -1.19003966e-01 -2.38397270e-02  3.17164622e-02  3.12060509e-02
 -1.06905140e-02  2.46333927e-02 -2.74939407e-02  4.69333045e-02
 -3.95260118e-02  1.82836466e-02 -2.21239664e-02 -4.40726541e-02
 -7.54796341e-03  5.40403463e-02 -3.23340483e-02 -4.84650768e-02
 -1.29068242e-02  5.93187362e-02 -4.66767401e-02  3.13219316e-02
  1.06929109e-01  2.74543203e-02 -1.86501890e-02 -6.37230428e-08
  1.89813636e-02 -4.21266332e-02  1.65341794e-02  5.04070185e-02
 -1.29775424e-02 -7.65452161e-02 -3.50597613e-02 -1.11654559e-02
 -1.56578869e-02 -1.18336398e-02  6.67981952e-02 -7.13232905e-03
 -7.33977184e-02 -5.44970185e-02 -2.50600353e-02 -4.52903584e-02
  3.55667882e-02  3.61763090e-02 -7.67270178e-02 -3.30522172e-02
  4.61576320e-02 -1.30829364e-02 -1.44362047e-01 -9.55616217e-03
  1.22229252e-02 -7.44186295e-03  7.18762772e-03 -1.25785135e-02
 -1.27949370e-02  1.78238712e-02 -2.37631686e-02  3.28785516e-02
  4.43897918e-02 -5.14654890e-02 -4.10579368e-02  1.45727787e-02
  8.22245330e-02  1.15426881e-02 -2.97579281e-02 -8.76660459e-03
  1.08801916e-01 -1.45373559e-02 -3.60762440e-02 -3.28175426e-02
  6.42685667e-02 -4.93676029e-02 -5.32673895e-02 -1.11599397e-02
  7.65547436e-03 -3.26673053e-02 -6.05167598e-02  1.56460702e-02
  4.50263657e-02  2.93037910e-02 -4.14489489e-03 -3.67985480e-02
  5.22776134e-02  4.18587290e-02 -3.67473476e-02 -4.14574891e-02
  1.48585245e-01  3.24556343e-02  4.03415598e-02 -1.95665415e-02]