[-3.97833958e-02 -3.02499272e-02 -9.26667452e-02 -3.83041501e-02
 -5.62787317e-02 -3.92328687e-02  4.62507568e-02  1.06675126e-01
  1.02700794e-03  3.75503383e-04  6.51462600e-02 -8.64316896e-02
 -9.26480908e-03 -1.73223056e-02 -7.28073716e-02 -4.12867628e-02
  9.98643599e-03  8.65913406e-02 -8.13559294e-02 -3.67827388e-03
  1.01453327e-01 -4.04840335e-02  3.43037094e-03  4.53400537e-02
  5.64001016e-02  9.80529413e-02 -1.03352048e-01  5.73601797e-02
  3.86938751e-02 -1.67578161e-01 -8.16711574e-04  1.14935458e-01
  6.79709762e-02 -6.76028952e-02  3.53265144e-02 -1.22469459e-02
 -5.31448498e-02 -1.02897524e-03  3.00968625e-02  2.74848323e-02
 -1.42682355e-03  2.09047887e-02  2.43859887e-02  5.29725328e-02
 -3.66062708e-02 -6.09601326e-02 -4.52202000e-02  4.52859923e-02
 -5.94991667e-04  4.05573193e-03  9.72962356e-04  6.48822412e-02
 -3.72108258e-02  6.58415556e-02 -9.51377489e-03 -3.13256942e-02
 -6.79619312e-02 -3.82578373e-02  3.08693200e-02  4.48305830e-02
  5.00463992e-02  3.70095968e-02 -2.80561093e-02 -3.18584554e-02
 -2.62078978e-02  5.46869189e-02 -2.49863937e-02 -1.17071927e-01
 -1.05869643e-01  4.98621315e-02  1.75893884e-02  8.81251413e-03
  4.59646992e-02  4.06796485e-02 -2.73785070e-02  5.22720106e-02
  7.63726681e-02 -3.89780179e-02 -4.70346138e-02 -5.37404828e-02
 -1.93063375e-02  1.05078064e-01  3.40101272e-02 -7.31344223e-02
 -1.41538226e-03  1.70507450e-02  1.99920256e-02  2.65268683e-02
  5.05163632e-02 -1.06875524e-02  1.16142228e-01  4.09705117e-02
 -4.87811454e-02 -6.15058728e-02 -4.17186581e-02  5.18208295e-02
  2.59078052e-02  3.15677598e-02  6.52005598e-02 -2.45217644e-02
  6.52459785e-02  2.24497300e-02 -6.66840300e-02 -6.43751770e-02
 -9.26774889e-02  4.81653353e-03  5.24892546e-02  2.02108566e-02
  3.42354961e-02  3.49120349e-02 -1.02688558e-01 -3.18410471e-02
 -2.56791618e-02  3.36834639e-02 -6.34747893e-02  2.87924847e-03
  1.43839745e-03 -3.49541679e-02 -1.58781384e-03 -3.57380398e-02
  1.40529657e-02 -4.06968221e-02  6.44424111e-02  2.00063325e-02
 -3.84772522e-03 -1.77444499e-02 -4.59730886e-02  1.23232921e-32
 -2.85740290e-03  2.73474399e-02 -1.93269532e-02  2.22325437e-02
  3.44494241e-03 -2.05503032e-03 -9.09233019e-02  1.41867250e-02
  1.58705469e-02 -3.46219018e-02 -1.31972209e-01  6.01961911e-02
  2.34719017e-03  3.89708355e-02  7.94547796e-02 -4.40201759e-02
  4.89536263e-02 -1.95990335e-02  1.03701456e-02 -7.28187189e-02
  2.17321720e-02  3.83103639e-02 -3.47740352e-02  6.21016622e-02
  1.71432029e-02  1.11806549e-01  2.59003714e-02 -2.65261922e-02
 -2.09422107e-03  5.11424132e-02  9.19547584e-03 -2.25284393e-03
 -4.91679050e-02 -1.96610168e-02  4.95345518e-02 -3.27041559e-02
 -1.62447337e-03  4.21798825e-02 -2.70550065e-02  7.28372112e-02
 -6.90849349e-02  6.44541681e-02  3.32713462e-02  5.75824752e-02
  2.70889290e-02 -5.68879358e-02  3.79765779e-02  4.54379655e-02
  1.14193514e-01  4.52232659e-02 -9.95323732e-02 -1.34645551e-02
  4.89765294e-02 -2.51472387e-02 -6.92682806e-03  3.47321518e-02
 -9.79627594e-02  1.27264159e-03 -8.16006027e-03  1.85234193e-02
 -2.02407409e-02  5.38504869e-02 -1.95973031e-02 -8.44131559e-02
 -5.18912897e-02  5.94376363e-02 -1.17319234e-01 -2.38322131e-02
  9.05835554e-02  1.25851613e-02 -6.48436397e-02 -2.94967741e-02
  8.36745203e-02  5.31910285e-02  7.82801509e-02  3.28208879e-02
  4.42948304e-02 -5.20675629e-02 -1.09834028e-02 -1.90201402e-02
 -9.25023928e-02  5.53691834e-02  5.49865775e-02 -8.79707336e-02
  2.01763622e-02 -1.42581854e-02 -2.86308862e-03 -2.77569122e-03
  4.97775991e-03 -3.20091806e-02  3.87029648e-02 -6.30230457e-02
 -8.53304006e-03 -1.16291836e-01 -3.50824296e-02 -1.14158942e-32
  6.14306852e-02  5.87017313e-02  3.20450868e-03  8.06897953e-02
 -1.93361007e-02 -1.03414776e-02 -2.64053559e-03 -4.18016613e-02
  4.86813262e-02 -6.90673366e-02  4.93650474e-02  1.56271383e-02
  2.41120998e-02 -5.27783856e-02  6.06126897e-02  3.07217278e-02
 -8.08013696e-03  8.31941590e-02 -3.35423350e-02 -8.11733082e-02
 -5.34659885e-02  1.00015841e-01  2.56427173e-02 -1.95161402e-02
  1.67947505e-02  3.62151079e-02 -5.59674315e-02 -6.62895292e-02
  5.55953644e-02  3.10303178e-02  1.92597173e-02 -1.40718846e-02
 -3.05884164e-02  3.48483026e-02 -5.25828563e-02 -6.27996176e-02
  5.16997837e-02  2.45444588e-02 -6.80761337e-02  5.57697862e-02
  1.44408438e-02 -1.01817795e-03  5.95048852e-02  8.95620417e-03
 -1.01790139e-02 -6.11535795e-02  2.29400676e-02 -4.76032756e-02
  5.96847050e-02  2.27844026e-02  9.21668261e-02 -2.68003475e-02
 -6.92035481e-02  6.48116767e-02  5.90843521e-02  2.87206862e-02
  4.85980837e-03  2.12250128e-02 -1.18122488e-01 -6.00713640e-02
  1.25844376e-02  2.86505502e-02  9.46262330e-02 -8.64120573e-02
  9.93242860e-02 -7.87500106e-03 -2.46178620e-02  2.51604132e-02
  6.40358427e-04 -8.52974039e-03 -3.33002806e-02 -8.64988118e-02
 -1.02242175e-02 -7.39413872e-02  1.14604002e-02 -3.48495357e-02
 -1.78760849e-02 -1.79558173e-02  4.13216986e-02 -2.53701583e-02
 -9.27331746e-02  2.91824192e-02  1.24678193e-02 -4.94904406e-02
 -4.53074314e-02 -1.55045288e-02  2.84256856e-03  8.85298476e-04
  8.05082731e-03  5.35445884e-02 -1.24104377e-02 -2.96999849e-02
  1.19583845e-01  6.25372976e-02  9.61352363e-02 -6.25531911e-08
  1.20539526e-02  1.49055235e-02 -4.51090150e-02  2.92426571e-02
  7.05554038e-02  3.84209976e-02 -2.68630497e-02  4.88918787e-03
 -8.77495389e-03 -2.00241562e-02  1.58755984e-02  7.51217157e-02
 -4.26832102e-02  1.06093064e-02 -8.31837673e-03  6.64066244e-03
  4.13475521e-02  1.70958263e-03 -2.44185328e-02 -4.85899374e-02
  2.16153706e-03 -7.56646553e-03 -1.75944231e-02 -7.04748416e-03
 -7.00354725e-02 -4.06064056e-02 -4.15470824e-02 -4.81192805e-02
  2.23724917e-02  6.33238396e-03 -2.26374473e-02 -3.66891292e-03
  7.20200315e-02 -1.41368434e-01  4.58729975e-02  1.47227081e-03
 -3.92882153e-03  2.13743914e-02 -3.60715948e-02  8.91046301e-02
  5.25006913e-02 -1.38567492e-01 -2.68338025e-02  4.45597582e-02
  7.15485066e-02 -4.78064790e-02 -6.53357357e-02  3.92586142e-02
 -4.72753234e-02 -4.92572710e-02 -3.50966342e-02 -4.79084952e-03
 -4.20336351e-02 -1.21618873e-02 -1.83882453e-02 -3.29891220e-02
 -3.77433114e-02 -7.29402900e-02  2.17856355e-02 -1.98521949e-02
 -3.51988561e-02 -8.75038281e-03  3.11788134e-02 -4.76609170e-02]