[-4.41262908e-02  1.01054564e-01 -9.44229122e-03 -7.29364678e-02
 -9.60662216e-02 -2.79765553e-03  3.21502276e-02  1.08550765e-01
 -5.70423007e-02  1.01258285e-01  9.04720351e-02 -1.56462714e-02
  1.48350596e-02 -9.67533700e-03  5.49337454e-03 -4.50748131e-02
  5.82951158e-02  6.62594363e-02 -6.25553681e-03  9.31504443e-02
  8.54245126e-02 -2.07607332e-03 -6.86045587e-02  8.30279663e-02
 -8.82818699e-02  5.30522577e-02 -4.93897386e-02  2.44949795e-02
 -3.86751965e-02 -6.78797141e-02 -2.89310776e-02  1.31798863e-01
  2.94426102e-02 -7.46613741e-03  7.72097185e-02 -1.01110972e-01
  1.86263677e-02 -3.48559655e-02  4.62093875e-02  2.46237665e-02
 -5.83696999e-02 -2.71344502e-02 -5.36349602e-02 -1.57913230e-02
 -1.04907632e-03  4.81305737e-03  1.40263652e-02  8.16580132e-02
  4.47904132e-02 -1.50287747e-02 -2.08403282e-02 -3.81151177e-02
 -2.52516940e-02  7.14443624e-02  3.26313288e-03 -1.04581593e-02
 -1.44311022e-02 -1.05720051e-02 -1.81815922e-02 -6.52033277e-03
  9.93803702e-03  1.49827069e-02 -6.40260950e-02  8.02793428e-02
 -1.71261447e-04  8.28024093e-03  7.83331040e-03 -1.97716542e-02
 -9.90697816e-02  5.93143366e-02  4.43188287e-02 -8.47476423e-02
  3.17821354e-02  2.45208777e-02 -4.10609096e-02  3.12518775e-02
  3.33750173e-02  4.76034991e-02  4.09199186e-02 -2.10382596e-01
  6.43073441e-03  6.20513558e-02 -1.73997711e-02 -2.30222885e-02
  1.68132503e-02 -3.74231935e-02  2.27022842e-02 -3.52387726e-02
  1.07815921e-01  1.14640901e-02  1.27166482e-02  2.52885092e-02
 -3.02661508e-02 -3.04689407e-02 -4.61922064e-02 -3.14828120e-02
  1.74217634e-02 -5.14548421e-02  4.68036868e-02  1.73065308e-02
  7.02861845e-02  9.92824696e-03 -3.44114713e-02  4.68184352e-02
 -5.03885485e-02 -4.84781116e-02  1.18158001e-03 -4.77586687e-02
  1.90873500e-02  2.75124218e-02 -2.78316978e-02 -4.18263786e-02
 -1.51180224e-02 -5.00374474e-02 -3.07057332e-03  6.73287064e-02
 -2.59869802e-03 -1.01363417e-02  6.34218454e-02 -8.44340250e-02
  5.68601191e-02 -1.68911312e-02 -4.42318842e-02  7.56689953e-03
 -2.22797338e-02 -6.47840202e-02  2.15117522e-02  5.88023306e-33
 -1.10557163e-02 -9.05755088e-02  1.38254017e-02  6.75332844e-02
 -4.75962572e-02  1.43218916e-02 -3.13433595e-02 -2.18635146e-02
 -6.67513907e-03  3.25913690e-02 -6.43002316e-02 -5.70272468e-03
 -3.10769212e-02  7.26733133e-02  1.03850707e-01  5.43929040e-02
 -1.40046068e-02  2.54796799e-02 -3.29313539e-02  5.57515845e-02
 -6.43999688e-03 -1.62025653e-02  7.77292578e-03 -7.37832766e-03
 -1.13888821e-02  7.00851008e-02 -3.99955474e-02 -7.88814873e-02
 -8.39586705e-02  5.13065122e-02  1.00430541e-01  2.15429813e-02
  1.50521854e-02  1.06773823e-02 -2.23138686e-02 -1.23387715e-02
  1.27211334e-02  4.54169586e-02 -8.53855442e-03  2.86137518e-02
 -2.97674537e-02  1.68721303e-02  4.64341193e-02 -1.75308678e-02
  7.84534961e-02 -7.48674497e-02  6.94538876e-02 -1.57016683e-02
  1.02862880e-01 -7.39611639e-03  2.44766232e-02 -1.36638517e-02
 -6.88928738e-02 -9.13247317e-02 -1.99416745e-02  2.92178290e-03
 -9.02293473e-02  5.34334630e-02 -5.75320274e-02 -6.01364002e-02
  4.36921492e-02 -5.74832931e-02 -5.47543280e-02 -1.16886422e-02
 -8.80243629e-02 -2.53023719e-03 -8.01936835e-02  1.33807324e-02
  1.04759008e-01  4.39700671e-02 -7.86650479e-02 -6.52360031e-03
 -6.86129229e-03  6.15331121e-02  3.63682695e-02  4.10082154e-02
  2.61434987e-02  4.28199023e-02 -5.14985248e-02  4.63606004e-04
 -8.32852498e-02 -8.08191951e-03 -3.79351713e-02 -3.24529968e-02
  1.05898492e-01  2.85012405e-02  7.87363425e-02  8.19664076e-02
  9.17506665e-02  3.36218402e-02  4.45644967e-02  4.07000817e-02
 -2.81075332e-02 -2.83877254e-02  6.51146322e-02 -8.30068503e-33
  4.55965474e-02  3.24034803e-02 -5.29000983e-02 -4.67408709e-02
 -7.87766874e-02 -1.49383163e-02 -3.42480317e-02  2.64545041e-03
 -3.39801870e-02 -5.75998202e-02 -3.18666436e-02 -4.72172685e-02
  3.53480391e-02  2.37050653e-03 -1.56208994e-02  3.31254825e-02
 -3.56300063e-02 -4.73523811e-02 -6.27502650e-02 -2.16781162e-02
  1.32673215e-02 -1.15877911e-02  8.34782943e-02 -5.70756830e-02
  4.26939093e-02 -2.98096538e-02 -7.26843178e-02  1.94324311e-02
 -3.10195573e-02  1.41663449e-02  3.11700106e-02  1.65500194e-02
 -4.75840047e-02  3.63021642e-02 -1.71986991e-03 -4.33500782e-02
 -4.69480874e-03 -5.68272918e-02 -6.21891432e-02  6.45610504e-03
 -4.22440395e-02  5.83544299e-02  5.62515631e-02  4.45019417e-02
 -2.62548998e-02 -6.95680454e-02 -7.24074766e-02 -8.69561285e-02
 -1.66178327e-02 -7.26431236e-02  7.62181506e-02  2.49865726e-02
  1.52763342e-02 -1.07202930e-02  3.40299681e-02 -2.70990618e-02
 -2.79893447e-02 -4.68404852e-02 -2.29021534e-03  5.83603382e-02
  1.16936140e-01  5.71433688e-03 -4.59283628e-02 -1.04175143e-01
  2.78646518e-02  6.46038726e-02 -6.25520945e-02 -2.53247190e-02
  8.62472132e-02  3.55463172e-03  6.92750886e-02 -1.30709246e-01
 -1.28695622e-01 -6.21883571e-02 -8.56246427e-02 -1.19816381e-02
  4.73121554e-02  4.40428890e-02 -1.81162190e-02  2.93549038e-02
 -6.13437742e-02 -6.93159401e-02 -7.41450721e-03  3.95967662e-02
 -5.63987717e-02  4.98877978e-03 -4.21737283e-02 -3.11553385e-02
  1.76375769e-02  2.44585071e-02 -5.61042912e-02  1.24039659e-02
  1.87163632e-02 -4.97167185e-02  3.72777060e-02 -4.90944316e-08
 -3.11920382e-02 -7.55653605e-02 -2.99254409e-03  9.39468369e-02
 -2.58947555e-02 -6.40627816e-02 -2.41453648e-02 -3.45801562e-02
  3.15585099e-02 -4.21731547e-03  4.76715788e-02  1.55223142e-02
  4.67345528e-02  3.97097915e-02 -5.20815421e-03  1.60682816e-02
  6.78722560e-02  6.56576380e-02 -6.41253665e-02 -1.69321466e-02
 -4.91332682e-03 -5.54764718e-02 -7.90665671e-02 -2.78837048e-02
 -4.61264178e-02  2.12708768e-02  3.56741324e-02 -1.21924663e-02
  2.06721798e-02 -3.51200737e-02  6.89787138e-03  4.31274660e-02
  3.58451456e-02 -1.01335041e-01 -2.11817846e-02  6.19913414e-02
  2.89403042e-03  4.36684079e-02  1.71293840e-02 -7.80246034e-02
  3.18067335e-02 -6.24073893e-02 -7.07365200e-03  2.28739846e-02
  6.01478666e-02 -8.01711977e-02  6.47414103e-02  5.09008430e-02
 -4.16895300e-02 -8.60016868e-02 -4.71313968e-02  2.74855718e-02
  8.24173540e-02  2.82981079e-02 -3.49292755e-02  3.45526710e-02
  4.43801060e-02  2.75757443e-02 -8.18164870e-02 -1.15829182e-03
  7.65160322e-02  6.56997412e-02 -3.26142763e-03 -6.69973493e-02]