[-3.08112483e-02  1.01472973e-03 -4.93103601e-02 -4.72224616e-02
 -7.84438774e-02 -2.50325799e-02  1.33048985e-02  1.30186707e-01
  5.69833927e-02  9.95795429e-02  8.15038010e-02 -2.17479672e-02
  5.52265011e-02 -1.97684038e-02 -1.18005471e-02 -1.64081361e-02
  3.60192545e-02 -1.54762566e-02 -1.02505414e-02 -2.42948942e-02
  1.74206436e-01  5.27417883e-02 -3.24063227e-02  3.02109811e-02
 -1.00878805e-01 -2.88811978e-02 -4.57068160e-02  1.38561130e-02
 -2.30545644e-02 -9.82674509e-02 -5.48641123e-02  7.75336474e-02
  7.46112764e-02 -2.55093239e-02  6.07240349e-02 -4.34162207e-02
  2.76698428e-03 -5.55927232e-02  3.10179335e-03  7.08141997e-02
 -8.38123113e-02 -6.30475953e-03 -5.26098348e-02 -4.19738442e-02
 -4.02138121e-02 -1.84290279e-02 -4.35240455e-02  6.95712268e-02
  5.29031688e-03 -1.01269260e-02 -1.06006794e-01 -2.89652441e-02
 -4.61693443e-02 -2.03820877e-02  1.90346141e-03 -7.71067962e-02
  2.20016167e-02 -5.54885250e-03  1.14175854e-02  1.72979920e-03
 -9.41069331e-04  5.06580323e-02 -8.77886489e-02  7.88534340e-03
  4.68025021e-02  8.31640735e-02 -5.94117716e-02 -3.04356758e-02
 -4.68374528e-02  4.55114059e-02  8.38344451e-03 -1.03171477e-02
  6.10649288e-02  5.06653823e-02 -4.33290424e-03  1.97670655e-03
  2.89098881e-02  6.32845536e-02  2.05538864e-03 -1.79544598e-01
  8.23237747e-03  9.63618010e-02 -2.05428917e-02 -7.72770569e-02
  6.71594264e-03 -3.53243016e-03 -6.27475232e-03  3.23640332e-02
  7.07597435e-02 -1.59409884e-02  2.05898397e-02 -3.88210267e-02
 -5.62593192e-02 -2.43390538e-03 -4.29947041e-02  2.05609370e-02
 -1.67931058e-02 -6.98383525e-02  5.12339920e-02 -3.84576172e-02
  7.90710822e-02  2.94042714e-02 -2.32195836e-02 -6.80936500e-03
 -7.74942115e-02 -2.06763321e-03  9.92762763e-03 -1.85140576e-02
  9.47281122e-02  7.56893903e-02 -3.68315354e-02 -6.53449818e-02
 -7.14532286e-02 -1.02018580e-01 -4.14841846e-02 -3.13030481e-02
 -3.44666317e-02 -1.82181550e-03  4.18745168e-02 -4.83946055e-02
  1.39083182e-02 -5.22194840e-02  1.07363304e-02 -3.16248182e-03
  2.97855698e-02 -7.71850422e-02 -4.20508198e-02  1.11625443e-32
 -2.75354907e-02 -2.98871994e-02 -3.50869410e-02  3.22577283e-02
  3.34083512e-02  1.78612024e-02 -8.15090165e-02 -2.52452716e-02
  4.88466490e-03  9.97461304e-02 -8.58128816e-02  4.03351970e-02
 -8.12286288e-02  1.48264877e-02  1.48142278e-01 -1.28272111e-02
  6.77215979e-02 -6.25898410e-03 -2.71513499e-02 -2.42501069e-02
 -4.27275747e-02  3.80245037e-02  2.46411972e-02  6.42044982e-03
  5.32161519e-02  5.82885630e-02 -6.75023422e-02 -1.98757257e-02
 -6.01048842e-02  2.67863460e-02  1.50647080e-02  3.67092434e-03
  3.24480459e-02 -2.12674309e-03 -4.52729575e-02 -4.39419299e-02
 -3.77475768e-02 -1.74576622e-02 -1.12593435e-02  9.21070576e-03
 -2.20871661e-02  2.74136721e-04  1.20535893e-02  1.28346430e-02
  5.74699119e-02 -8.97618011e-02  4.63147946e-02  2.15515383e-02
  4.17879410e-02  3.44688408e-02 -3.90980206e-02 -2.55315322e-02
 -7.68657029e-03 -7.09264874e-02  4.96706218e-02  3.91902030e-02
 -9.23888385e-02  5.73871285e-02  4.40867431e-02  1.33498469e-02
 -2.57209036e-02 -1.77190741e-04  5.91420382e-03 -2.37064138e-02
 -5.08698039e-02  3.80161516e-02 -5.23250587e-02 -3.07791457e-02
  1.46376714e-01  7.76425973e-02 -1.02681115e-01  1.08672812e-05
 -3.27006392e-02  6.30969852e-02  6.35495177e-03 -3.74950804e-02
  1.74235087e-02 -2.60628667e-02 -3.18495817e-02  1.73366666e-02
 -3.91953401e-02  3.02501197e-04 -1.00758597e-02 -2.72142813e-02
  3.16090770e-02  2.33797040e-02  3.62181291e-02  1.47587031e-01
 -4.04091552e-02  2.76405923e-02  4.94242273e-03  8.89003873e-02
 -2.01035105e-02 -1.21423006e-02  1.49126332e-02 -1.27548734e-32
  6.87204720e-03  2.52812561e-02 -7.30130225e-02 -5.28353341e-02
 -7.08843097e-02 -6.90003559e-02 -8.86401441e-03 -5.94222993e-02
 -8.24828446e-02 -9.96936262e-02 -8.66426504e-04 -5.42573109e-02
  3.94736603e-02 -6.24741726e-02 -7.12811053e-02  2.98021194e-02
 -2.90958341e-02 -7.21392334e-02 -8.43557715e-02 -1.23558408e-02
 -7.08823502e-02  9.63267386e-02 -2.55246530e-03 -2.33450364e-02
 -3.39874905e-03 -4.24493551e-02 -4.88983728e-02  6.90904558e-02
 -1.72394663e-02  2.06846017e-02 -5.83432848e-03  1.14556691e-02
 -8.26215092e-03  6.99776039e-02 -2.89882571e-02 -4.80681919e-02
  7.97568411e-02 -2.86971051e-02 -1.81826223e-02  5.01382798e-02
  7.38047138e-02  1.15036085e-01  3.63973826e-02 -4.87604514e-02
 -3.47381942e-02 -2.48237271e-02 -1.26096280e-02 -1.35916725e-01
  4.90868976e-03 -4.55899984e-02  7.20040053e-02 -4.04082797e-02
  6.22780342e-03 -4.38092723e-02  5.56078963e-02 -1.54723627e-02
 -3.26247588e-02 -5.03931753e-02  7.14532612e-03 -1.46618159e-03
  4.54353206e-02 -5.14019886e-03  3.12427059e-02 -3.83066572e-02
  9.85386297e-02  2.94142915e-03 -2.81529827e-03  4.29937169e-02
  7.98666105e-02  3.13658267e-02  7.38351643e-02  1.38632143e-02
 -8.77236500e-02 -5.75745814e-02 -2.53611431e-02 -2.59973854e-02
 -4.52578813e-02  6.70270398e-02 -2.07772739e-02  4.73027751e-02
 -2.20198072e-02  4.12389496e-03  2.97428053e-02 -9.32442374e-04
 -3.55505012e-02  4.85517457e-02 -5.53247817e-02  2.88487133e-02
  1.23956157e-02  6.46501333e-02 -8.84993747e-03  7.61552667e-03
  1.12674378e-01  5.33372238e-02  3.14662792e-02 -6.55212773e-08
 -1.73017606e-02 -1.47485789e-02  3.49166542e-02 -1.89139284e-02
  5.24152219e-02 -4.44688052e-02  7.13196071e-03 -6.42142519e-02
 -4.17328964e-04 -4.35522012e-02  1.96885038e-02  7.78926630e-03
 -5.63001409e-02  5.00292182e-02  3.22710350e-02 -8.66951607e-03
  7.51490816e-02  8.16733763e-02 -2.67080627e-02 -1.03545800e-01
  8.28839093e-02 -2.49411371e-02 -1.21870607e-01  2.36947108e-02
  6.51482493e-02 -4.40885350e-02 -7.35171512e-02 -6.45468831e-02
 -1.59168523e-02  2.76155323e-02 -4.28967476e-02 -3.13144848e-02
  2.04677377e-02 -3.20169106e-02  2.82435622e-02 -1.84111595e-02
  1.40749272e-02  3.64892334e-02 -4.82807606e-02  3.45896073e-02
  1.13398470e-01  1.26352953e-02 -3.69594991e-02  1.92290265e-02
  4.75953072e-02 -6.26088446e-03  6.94231689e-02 -8.08615424e-03
 -5.45613281e-02  1.12233479e-02 -3.14195119e-02  4.94884066e-02
  5.25638610e-02  6.80089667e-02  2.88702957e-02 -3.39999422e-02
  2.73717996e-02  4.60990816e-02 -5.43590039e-02  4.61636297e-03
  5.43291643e-02  9.97590721e-02  2.36798376e-02 -5.38296252e-02]