[-3.62867862e-02  4.63676602e-02 -8.30294117e-02 -2.13524047e-02
 -8.24785307e-02 -5.94755774e-03  9.01712477e-03  5.98784015e-02
  5.91840781e-02  2.05357131e-02  6.78215325e-02  5.64323254e-02
  1.17103867e-02 -3.79203707e-02  4.64123115e-02 -5.96726872e-02
  5.96476905e-02  6.45629922e-03  3.03283613e-02  2.96904705e-02
  2.01319441e-01 -4.10667621e-02 -4.15825881e-02  5.17473854e-02
 -7.36091733e-02 -4.02608141e-02 -5.67180328e-02 -1.21441800e-02
 -7.47546926e-02 -8.71080812e-03 -4.99614663e-02  7.06558209e-03
  6.79236874e-02 -4.69272286e-02 -1.86599437e-02  1.05544679e-01
  1.78000778e-02 -2.57048383e-02 -3.18411179e-02  6.14507273e-02
 -1.03774376e-01 -5.11752032e-02 -3.94296348e-02 -5.32853864e-02
  3.64641920e-02 -1.40761342e-02 -3.99496332e-02 -1.60905775e-02
 -4.99022380e-02  2.76415255e-02 -6.38260022e-02 -2.11374648e-02
  1.28952870e-02  1.36049688e-02 -8.29403289e-03 -3.89699675e-02
 -4.40351712e-03  2.06859829e-03 -3.26672606e-02  2.77017783e-02
 -1.26755582e-02  2.55784038e-02 -1.92054249e-02  8.37778859e-03
  5.37114963e-02 -2.09763814e-02 -5.96317649e-02 -2.05942150e-02
 -4.83255871e-02  7.13475468e-03 -1.73104480e-02 -6.85824081e-02
 -1.59392878e-03 -1.03344824e-02 -3.83489281e-02  2.18566246e-02
 -7.62052089e-03  5.04079759e-02 -8.12068582e-04 -1.58839345e-01
  2.21591759e-02 -2.62197088e-02  3.98592325e-04  1.53587926e-02
 -9.93908197e-03 -4.47285138e-02  2.75906757e-03  4.93816994e-02
  9.98547748e-02  2.88894423e-03  4.99312244e-02  2.00221054e-02
 -8.06870461e-02 -2.83021238e-02 -1.98557470e-02 -1.17329210e-02
 -4.51651625e-02  2.61760559e-02  4.75792028e-02 -2.85168048e-02
  7.81995431e-02  1.56274606e-02  9.20987949e-02  1.66986324e-02
 -4.10256274e-02  1.01993019e-02  1.75865251e-03 -1.71006639e-02
 -1.38391824e-02  1.09911375e-01 -1.13113597e-01 -4.38115597e-02
 -1.04208037e-01 -8.09249058e-02 -1.83672979e-02  2.93645803e-02
 -5.12419119e-02 -2.17916779e-02  3.50974873e-02 -5.82521362e-03
  2.76821293e-02 -9.46563855e-03  3.77498083e-02 -6.50815666e-02
  2.59262770e-02 -3.89931016e-02  9.37926546e-02  7.16665110e-33
 -2.72239074e-02 -6.58867657e-02  1.11168753e-02  1.14390329e-02
 -1.63946468e-02  5.63067012e-03 -3.86311188e-02  6.87473714e-02
  8.00941065e-02 -9.69739724e-03 -3.99934873e-02  8.54629576e-02
  2.46566790e-03 -1.06495398e-03  5.39686158e-02 -6.24823757e-02
  6.80346712e-02  5.05776256e-02  5.86937554e-02 -3.40313725e-02
 -9.94988158e-03 -1.26753086e-02  3.16512100e-02 -5.31719923e-02
  1.72962006e-02  1.59585252e-02 -1.07437400e-02 -1.23335421e-02
 -9.00830179e-02  3.10595855e-02  9.84169990e-02 -2.24808156e-02
  4.09848848e-03 -5.56360818e-02 -8.59450996e-02 -1.26244116e-03
 -5.60967289e-02  1.73023072e-04 -1.76016334e-02 -6.26035482e-02
 -4.60230708e-02 -9.50856193e-04  9.11066681e-02  2.61726584e-02
 -2.32225917e-02 -8.36909935e-03  7.27501139e-02  3.54487519e-03
  6.88722134e-02  8.45726877e-02 -2.12369487e-02 -3.97255123e-02
 -8.17611814e-03 -3.33026685e-02  1.12199569e-02  3.19577418e-02
 -1.70835387e-02  1.38237746e-02 -5.26419766e-02 -8.54428411e-02
 -1.82225797e-02 -1.77833661e-02  1.48368406e-03 -4.50793430e-02
 -3.88570949e-02 -3.49332467e-02  6.90579228e-03  3.44075114e-02
  1.12042740e-01  2.06615776e-02 -8.35903287e-02  9.38810408e-04
  7.05704151e-04  5.02453744e-02 -2.76911967e-02  6.01622975e-03
 -1.16079650e-03 -4.38688062e-02 -9.14706588e-02  3.87127958e-02
  6.52130786e-03 -1.98166892e-02 -4.02126312e-02 -1.80169865e-02
  8.74330327e-02  8.14959556e-02  6.74023330e-02 -7.32329162e-03
 -2.35638348e-03  9.70898122e-02 -2.19828598e-02  1.28200352e-01
 -3.81755345e-02  6.52350634e-02  6.77029267e-02 -1.06026490e-32
  9.56468005e-03  2.84875873e-02 -4.13748361e-02  2.09411327e-02
 -3.46064568e-03  5.58232628e-02  2.66092308e-02 -5.64331673e-02
 -6.61720186e-02 -5.77536114e-02 -1.09174669e-01 -1.17995463e-01
  3.12384125e-02 -2.63808039e-03 -1.09646678e-01  1.36148455e-02
 -1.16258457e-01 -4.34382483e-02 -2.55757757e-02 -6.22476218e-03
 -3.15405466e-02  8.70390385e-02  4.66179289e-02 -4.07834304e-03
 -2.25816779e-02 -5.84291965e-02 -5.26451580e-02 -1.57051831e-02
 -8.78703073e-02 -6.42737448e-02  2.85315281e-03 -5.36582060e-02
 -1.44127163e-03  1.04135826e-01 -2.08953768e-02 -3.34874094e-02
  3.87874730e-02  3.71336192e-02 -2.32559331e-02  7.75043517e-02
  1.06597617e-01  4.22660373e-02  1.78686418e-02 -4.05061804e-02
 -5.48761152e-02 -4.65425290e-02 -6.22733089e-04 -1.19341604e-01
  1.57020101e-03 -5.75446859e-02  5.44619411e-02 -8.29842165e-02
 -3.89147326e-02 -1.17163016e-02  3.92352045e-02  3.72414151e-03
 -5.15356436e-02 -7.02993423e-02 -1.07953101e-01 -1.12952637e-02
  3.90348770e-02  2.91349534e-02 -3.65638249e-02 -1.31789120e-02
  1.20600812e-01 -5.88743575e-02  1.48842623e-02  1.45090213e-02
 -4.07889392e-03 -1.50294425e-02 -1.48978177e-02 -6.10313006e-02
 -5.41601377e-03 -8.04810598e-03  1.19734323e-02 -4.35486026e-02
  7.68673746e-03 -8.49187821e-02 -5.91373555e-02  1.80158596e-02
 -3.58339660e-02  1.53481757e-04 -1.84703991e-02 -1.64013766e-02
 -5.49073964e-02  2.97602471e-02 -8.72080494e-03  1.75756048e-02
  6.35010283e-03  4.82406877e-02 -7.52566531e-02  9.84525755e-02
  1.53698621e-03  4.74917591e-02 -6.68738261e-02 -6.01454744e-08
 -4.64478061e-02  1.78553332e-02  1.17617980e-01  1.80464033e-02
  2.00006254e-02 -8.91421437e-02  6.53540865e-02  3.96953225e-02
 -5.18021686e-03  3.35562751e-02  1.72884334e-02 -3.44071724e-02
 -3.72649692e-02  2.84793191e-02  2.55709682e-02 -4.53842171e-02
  9.43497270e-02  4.96791191e-02 -9.04821884e-03 -7.97400996e-02
  8.92851949e-02 -6.92311302e-02 -7.18456358e-02  1.27138896e-03
  6.79098815e-02 -1.78925693e-02 -5.98927587e-02  3.67629081e-02
 -1.58581175e-02  2.93514188e-02 -5.75101795e-03 -3.75661403e-02
  1.00674495e-01 -7.30202198e-02 -1.51671516e-02 -2.93739047e-02
 -1.64293367e-02 -9.03016597e-04 -1.34851886e-02  2.95748208e-02
  9.04323980e-02  3.78679372e-02 -2.03879271e-02  1.49184493e-02
  6.17268868e-02 -1.43112419e-02 -6.29757121e-02  7.30586350e-02
 -4.63117547e-02 -1.12561397e-02 -6.13318384e-02 -5.04615009e-02
  1.24567308e-01  4.68299538e-02  2.80613024e-02 -2.95104403e-02
  3.72871868e-02  9.60024539e-03  3.66271771e-02  4.62967493e-02
  7.04266876e-02  5.58680333e-02 -1.23987067e-02 -2.91324891e-02]