[ 7.42562022e-03  8.52124840e-02 -1.87825840e-02 -4.17290144e-02
 -1.21233966e-02 -3.63153853e-02  1.06923684e-01  4.84408550e-02
  6.40501305e-02  8.94775167e-02  9.16548446e-02 -3.75805721e-02
  8.33594799e-03  3.07034757e-02 -1.36450632e-02 -4.77195252e-03
  6.32861182e-02  5.89444377e-02 -2.15253122e-02  1.16872855e-01
  1.50378093e-01 -4.00505029e-03 -6.16294593e-02  7.60139897e-02
 -1.08274758e-01  7.36249564e-03 -6.27449378e-02 -1.62495617e-02
 -5.89573495e-02 -6.38864040e-02 -3.86707895e-02  3.58443670e-02
  1.15821771e-01 -2.38992274e-02  3.41728292e-02  1.80043448e-02
  6.80643469e-02 -7.90556818e-02 -2.55259722e-02  1.36412429e-02
 -8.03717300e-02 -6.57730624e-02 -7.27522820e-02 -3.34708318e-02
 -4.12324108e-02 -5.56260049e-02  3.53087299e-02  2.89557818e-02
 -4.13110629e-02 -6.46951720e-02 -1.24205174e-02 -1.82246175e-02
 -6.81105852e-02  4.22871150e-02 -2.22874992e-02 -5.03207035e-02
 -2.32033487e-02  3.09986714e-02  4.61730873e-03  3.50516550e-02
 -2.79129446e-02  2.61501167e-02 -1.02281710e-02  3.26832905e-02
 -1.71838352e-03  1.45784765e-03  6.40901271e-03 -2.22615190e-02
 -1.13615558e-01  2.59002578e-03  4.10642177e-02 -5.75303100e-02
 -1.62938908e-02  1.14210956e-02 -6.52943691e-03  5.71400113e-02
  2.72208378e-02  5.53129427e-02  5.82272420e-03 -1.91599295e-01
 -2.32279878e-02  6.98410440e-03 -7.22414106e-02 -8.09572116e-02
 -3.79632716e-03  2.24951655e-03 -4.30316664e-02  1.70392394e-02
  3.40949222e-02  2.88076270e-02 -2.51189191e-02 -6.31615659e-03
 -5.31383306e-02 -6.03655726e-03  4.50458601e-02 -5.36587723e-02
 -8.18910357e-03  2.94778012e-02  3.39016728e-02 -4.29341896e-03
  1.30921394e-01  9.92122740e-02 -4.06588316e-02 -6.71493006e-04
  6.59327675e-03  1.29805198e-02 -2.55281590e-02 -1.16097443e-01
  4.59456146e-02  1.10223874e-01 -5.52985780e-02 -3.70388813e-02
 -4.17706668e-02 -7.78446570e-02 -1.05698928e-01  3.43718603e-02
 -4.42354679e-02 -1.11394320e-02  1.13123525e-02 -9.27568413e-03
 -3.81768420e-02 -5.38119599e-02  4.00371253e-02 -2.21657064e-02
  1.35830115e-03 -6.40674159e-02 -1.84472732e-03  1.27642832e-32
 -6.81845024e-02 -4.56643589e-02  4.61404584e-02  1.14791598e-02
  1.20549854e-02 -2.41729338e-02 -4.29831147e-02 -3.06774396e-02
  2.37785242e-02 -2.89089140e-02 -5.90467341e-02  6.13680594e-02
 -2.98160855e-02  2.78837308e-02  1.29718885e-01  9.29043163e-03
  5.48846126e-02  2.48489473e-02  7.62274265e-02  6.16467232e-03
 -1.26391323e-02 -2.20661853e-02 -1.02697266e-02 -6.93584979e-02
  3.36455293e-02  8.20796937e-02 -1.04311086e-01 -7.80199394e-02
 -6.28187926e-03  7.49827772e-02  2.33031083e-02  2.83722859e-02
  5.42893521e-02 -1.10486220e-03 -5.44153303e-02 -6.59719631e-02
 -2.77925730e-02 -2.79400051e-02 -3.09837349e-02 -5.84130958e-02
 -7.92474076e-02 -2.35215742e-02  2.04574857e-02  4.35421020e-02
 -1.92885555e-03 -4.63041216e-02  5.75715974e-02  4.86248452e-03
  1.01124533e-01  3.99828702e-02 -1.73191931e-02 -8.97438154e-02
 -2.64044236e-02 -8.41672271e-02  7.98995141e-03 -4.39331234e-02
 -9.89339575e-02  2.87117194e-02 -3.13716941e-02 -5.52998297e-02
  2.66602300e-02  2.21378449e-02 -1.78489217e-03  1.55652128e-02
 -2.53175870e-02 -2.43292619e-02 -5.67308180e-02  2.39574406e-02
  1.35918289e-01  2.01844517e-02 -4.14280482e-02  2.42448226e-02
 -5.69714569e-02  3.86038013e-02  3.97324897e-02  1.65447518e-02
  9.04642269e-02  1.21681159e-02 -1.69189014e-02 -1.55197317e-03
  3.54894511e-02 -2.31455024e-02 -1.37690501e-02  9.05266218e-03
  4.63821739e-02  5.72130419e-02  2.03972310e-02  4.76409271e-02
 -2.62593795e-02  7.28514493e-02  5.76504087e-03  7.41216764e-02
 -1.63070541e-02  8.14040564e-03  1.90437436e-02 -1.60637856e-32
  1.26002245e-02  7.06468299e-02 -2.48671956e-02 -7.93047845e-02
 -4.48314212e-02 -9.96976625e-03  6.42217277e-03 -4.78222109e-02
  1.83887724e-02 -1.10525288e-01 -1.15307577e-01 -7.27500096e-02
  6.27808496e-02 -2.87511796e-02 -3.47153954e-02  1.64748244e-02
 -8.64665397e-03 -5.45972884e-02 -6.80536777e-02 -2.37638764e-02
 -1.61352474e-02  5.22483923e-02  2.15257471e-03  3.46188098e-02
  1.23769846e-02 -5.82076460e-02 -4.86578867e-02 -4.08396535e-02
 -4.44846451e-02  5.52217569e-03  1.08159840e-01  4.23758216e-02
 -2.79115252e-02  4.66384217e-02 -2.32744403e-02 -3.36695090e-02
  1.78572051e-02  1.05142053e-02 -2.52252091e-02  4.26062420e-02
  1.12783173e-02  5.83021604e-02  8.94209296e-02 -4.78006303e-02
 -8.48556310e-02 -6.51645809e-02 -3.07556544e-03 -1.55896202e-01
  2.90748309e-02 -1.02480248e-01  6.56810850e-02 -3.82568985e-02
 -3.34734134e-02 -2.21949331e-02  3.97770591e-02  1.02460748e-02
  1.21123614e-02 -3.19095626e-02 -1.54712377e-02 -7.79704377e-02
  3.84934098e-02  5.08239865e-02 -8.76603648e-02 -3.98003347e-02
  3.14951539e-02  9.18025151e-03  2.23015202e-03 -3.39100212e-02
  2.60722749e-02 -2.34623044e-03  5.33348098e-02 -9.00389999e-02
 -1.07325591e-01 -3.96868624e-02  6.57582772e-04 -2.04926562e-02
 -1.86966751e-02 -3.23097291e-03 -4.19972204e-02  1.56756844e-02
 -6.48490191e-02 -1.00875506e-02 -2.54015364e-02 -5.68356067e-02
 -6.33263513e-02 -2.87234485e-02 -2.38748714e-02 -7.54833175e-03
 -4.84143458e-02  7.81544596e-02 -1.18973712e-02  9.56414863e-02
  5.09229116e-02 -1.21305501e-02 -9.58338529e-02 -6.63764368e-08
  5.16978391e-02 -8.07729810e-02  6.66391328e-02  2.37809382e-02
 -1.52619937e-02 -2.98018251e-02  1.54762203e-02  5.64129371e-03
  4.65388549e-03  4.85994183e-02  1.96240656e-02  1.62523892e-02
  5.88354096e-03 -2.48605497e-02  5.23041263e-02 -1.29131870e-02
  9.10742506e-02 -1.34279951e-02 -3.95037904e-02 -5.29172234e-02
  2.78238077e-02 -3.38536017e-02 -9.03201923e-02 -1.95332710e-02
  4.48299497e-02 -4.52903658e-02  1.60533953e-02 -1.92012750e-02
  2.90639754e-02  3.21052559e-02  2.34112479e-02  6.69455947e-03
 -1.35110477e-02 -1.96840912e-02 -3.14811431e-02 -3.38945538e-02
  7.28983730e-02  3.06900870e-02 -5.45994230e-02  2.13069506e-02
  8.01682770e-02 -5.73651567e-02 -4.07264614e-03  1.49600795e-02
  4.29763719e-02  6.04766607e-02 -2.54565384e-02  6.08799979e-02
 -4.02062312e-02  8.09624512e-03 -1.24988211e-02 -1.36745197e-03
  2.74164248e-02  5.64246103e-02  1.24944504e-02 -3.83386239e-02
  4.14380543e-02  1.23440223e-02  8.77902098e-03 -4.85474430e-02
  1.11639015e-01  1.21411905e-01  3.94440219e-02 -4.13412675e-02]