[-3.26989070e-02  1.15225129e-01 -1.86479632e-02 -7.46698081e-02
 -5.79672717e-02  1.54585438e-02  3.39382701e-02  9.61957350e-02
  3.06483135e-02  3.97524908e-02  2.94375438e-02  2.66619716e-02
 -1.97501220e-02  9.22789704e-03  2.11892147e-05 -4.62707318e-02
  5.82351983e-02  1.02755958e-02  1.33714806e-02  1.07609414e-01
  1.83060259e-01 -4.19668071e-02 -7.31290281e-02  1.84292533e-02
 -1.11379586e-01 -1.76900066e-02 -5.80478981e-02 -3.13492608e-03
 -3.12287770e-02  2.23360999e-04 -2.53000110e-02  7.07137808e-02
  2.63172723e-02 -3.60874161e-02  4.78567444e-02 -2.24112403e-02
  4.12301011e-02 -2.85609365e-02 -1.87537335e-02  7.49321431e-02
 -5.89402914e-02 -6.36639372e-02 -1.21153161e-01 -7.43618682e-02
 -1.14821764e-02 -3.08140200e-02  1.51089393e-02  4.57311124e-02
 -2.34988090e-02  1.23477736e-02 -7.38794804e-02 -1.31422086e-02
 -3.87347862e-02  1.54590299e-02 -2.52204966e-02 -1.36385784e-01
 -3.44196782e-02 -1.29822632e-02  7.87398312e-03 -2.67760903e-02
 -1.66571680e-02  6.32046312e-02 -2.29665339e-02  5.74868061e-02
  5.23373522e-02 -1.01940818e-02  9.07077268e-03 -5.41711375e-02
 -3.59998681e-02  4.61108685e-02  3.56118083e-02 -8.26361254e-02
  3.19606774e-02  5.19635603e-02 -3.20790820e-02  6.94391653e-02
 -2.14719549e-02  1.43705010e-02  1.92073602e-02 -1.88624159e-01
  2.15589758e-02  2.68306886e-03 -3.24928239e-02  8.10078811e-03
  7.32003665e-03 -5.57293557e-02  8.97978432e-03  3.45077552e-02
  9.44823101e-02 -2.59164460e-02  6.35941178e-02  5.75145520e-02
 -7.90403411e-02 -4.08349968e-02  3.75882052e-02 -5.78434691e-02
 -4.51535545e-02  2.80736145e-02  6.35991469e-02  2.93750279e-02
  5.26363365e-02  5.58975264e-02 -1.42951785e-02  1.94700249e-02
  4.96209599e-04  7.68501731e-03  3.09109176e-03 -7.40777478e-02
  6.57077357e-02  2.65604351e-02 -4.01817523e-02 -1.85157526e-02
 -4.32410799e-02 -7.00516924e-02 -2.61423979e-02  3.67493592e-02
 -4.56246436e-02 -4.47795866e-03  4.91069555e-02 -2.90323724e-03
  9.42194019e-05 -2.43428387e-02  1.51915383e-02 -3.42194252e-02
  5.33847809e-02 -4.53534275e-02  4.18099612e-02  1.25329577e-32
 -1.63241830e-02 -7.49620721e-02  4.11506137e-03 -5.94134592e-02
  1.70500809e-03  2.67134383e-02 -1.62457004e-02  1.99368410e-02
  1.02741783e-02  7.45048299e-02 -8.66585448e-02  2.38365494e-02
  2.78854091e-02  1.51697090e-02  9.24060345e-02  2.24121772e-02
  4.76986244e-02 -1.65140368e-02 -3.59131694e-02 -1.36928139e-02
 -1.32535668e-02  8.81467294e-03  1.01869926e-02  2.61983965e-02
 -5.96025549e-02  1.37035087e-01 -4.23161760e-02 -3.48842889e-02
 -4.00718041e-02  3.25671770e-02  6.10245168e-02 -3.12579274e-02
  1.74555997e-03 -1.32302856e-02 -4.51544039e-02 -1.07570067e-02
  2.55231597e-02 -7.21786963e-03 -3.62376636e-03 -1.26874410e-02
 -8.16732496e-02  1.89490314e-03  8.86965692e-02 -3.39066284e-03
  8.53001233e-03 -2.49412321e-02  1.34584084e-02 -1.41968084e-02
  1.36364549e-01  8.06251913e-02 -2.83548050e-02  6.99956017e-03
 -2.13305485e-02 -2.57891454e-02  3.00005218e-03 -3.35857528e-03
 -1.08635381e-01  6.44164756e-02 -3.41600329e-02 -6.68237433e-02
 -3.07813212e-02 -1.08392844e-02 -4.22583297e-02 -3.35532194e-03
 -1.20362498e-01 -6.05955794e-02 -2.99341306e-02 -3.34382877e-02
  1.12185009e-01 -5.06771803e-02 -1.07763998e-01  3.09710056e-02
  4.24929000e-02  1.75599884e-02  4.16643359e-02  1.00856414e-02
  9.94695276e-02 -1.85328685e-02 -6.74845204e-02  2.91267261e-02
 -8.35971236e-02  2.48502139e-02 -2.96602882e-02 -3.87721807e-02
  3.17454115e-02  7.17022642e-02  7.33402446e-02  3.99542972e-02
 -8.86524841e-03  8.39744583e-02  3.15092802e-02  3.28993201e-02
 -4.52093519e-02  3.70282792e-02  5.12484014e-02 -1.38472691e-32
 -1.60911418e-02 -2.68761292e-02 -5.10579534e-02 -2.52448041e-02
  2.20128279e-02  1.00905672e-02  4.40574065e-02 -1.20916115e-02
 -5.42681254e-02 -7.63877332e-02 -1.15852449e-02 -9.28883255e-02
  9.19027776e-02 -8.90466571e-03 -7.38683864e-02  2.98623573e-02
 -1.06173970e-01  7.31281796e-03 -3.18606831e-02  8.39096401e-03
  5.42210788e-02  1.60889417e-01  5.20226099e-02 -1.52310857e-03
  4.81870919e-02 -5.78218997e-02  4.76612858e-02  1.75633782e-03
 -3.09108663e-02 -6.93999184e-03  4.65399288e-02  3.25154625e-02
 -6.31518960e-02  1.30155832e-01  6.05658675e-03 -4.05188836e-02
  8.54671225e-02 -6.64307773e-02 -1.74765494e-02  6.18605055e-02
  2.58943960e-02  5.00751212e-02  3.12136896e-02 -1.89363230e-02
 -3.08336597e-02  2.00327268e-04 -1.92442499e-02 -7.82439783e-02
  2.53122747e-02 -6.96608573e-02  5.71615212e-02 -3.17518674e-02
 -2.83226017e-02 -2.84564979e-02  2.06700098e-02 -1.64759215e-02
 -8.05425569e-02 -6.99968711e-02 -9.49921608e-02  8.98669288e-02
  1.14926592e-01  6.41594157e-02 -3.30429412e-02 -3.49355340e-02
  1.08393595e-01  4.07793820e-02 -1.84399504e-02  4.90548126e-02
 -1.86304133e-02  3.11972015e-02  9.60040316e-02 -7.55925328e-02
 -6.68537542e-02 -1.95071343e-02  1.93124227e-02 -2.58291494e-02
  1.32286558e-02 -1.71335265e-02 -5.38394712e-02 -5.26081864e-03
 -1.26651088e-02 -2.66286395e-02 -1.63309239e-02  2.31382754e-02
 -4.66756672e-02  4.18010540e-02 -2.45884638e-02 -1.14377812e-02
 -5.19954748e-02  7.15951174e-02 -7.07135126e-02  4.60844375e-02
  7.96516389e-02  2.35563964e-02 -1.21109486e-02 -5.81472825e-08
  2.60712416e-03 -4.99440394e-02  2.69605611e-02 -2.16231532e-02
 -1.46859074e-02 -6.49208277e-02  6.76480215e-03 -3.40530798e-02
 -4.57917079e-02 -3.49300937e-03  1.06782086e-01 -1.96417402e-02
 -7.73422346e-02 -2.18266565e-02 -3.29639204e-03 -5.09360135e-02
  5.10159917e-02  4.31533232e-02 -4.52358350e-02 -7.38627017e-02
  5.36894388e-02 -5.49634658e-02 -6.83637634e-02 -6.42998070e-02
 -2.02326179e-02  8.92342627e-03  1.02400333e-02 -1.48674035e-02
 -9.90783609e-03 -1.20390160e-02 -4.96543460e-02  7.30214734e-03
  6.61999732e-02 -2.44835392e-02 -3.82646360e-02 -1.74697377e-02
 -1.06261075e-02  6.23038150e-02 -3.90023924e-02  3.32176127e-02
  8.53858292e-02 -9.64095369e-02 -1.60560235e-02 -2.54313815e-02
  1.45580396e-02 -1.28654558e-02  8.42108298e-03  1.03019243e-02
  7.73113593e-03  9.09446273e-03 -4.14595678e-02 -1.84386391e-02
  6.01266474e-02 -4.27298620e-03 -2.53611282e-02 -4.11204137e-02
  4.36469167e-02  2.42279246e-02 -3.57413925e-02  1.22805883e-03
  7.42899701e-02  7.85754174e-02  3.61550525e-02 -8.13362002e-02]