[-4.72325236e-02 -7.35326810e-03 -3.43192108e-02 -2.54256874e-02
 -6.02862313e-02  9.34931077e-03  6.44986853e-02  4.29950245e-02
  2.10915077e-02  4.70048785e-02  1.19637065e-01 -1.65798664e-02
 -2.13558879e-03  4.98147234e-02 -9.71361250e-03 -9.21503976e-02
  4.21767719e-02  1.22456299e-02  1.80961899e-02  1.74097270e-02
  1.89750731e-01 -5.67236133e-02 -2.51212735e-02  4.32347134e-02
 -1.04382999e-01 -4.21722643e-02 -6.81750402e-02 -5.02345562e-02
 -3.60226445e-02  9.98296030e-03 -2.17602700e-02  4.79541756e-02
  2.90554222e-02 -5.99888228e-02 -6.72775283e-02  6.54696226e-02
  8.24958738e-03  8.79000127e-03 -6.96000308e-02  3.06813829e-02
 -8.00029710e-02 -4.32802513e-02 -5.17720170e-02 -8.73608366e-02
  1.04839075e-02 -1.50247319e-02  1.19478414e-02  4.70257923e-03
 -7.66384602e-02 -2.88212188e-02 -5.40214628e-02 -4.73790355e-02
  4.56060395e-02  4.40966710e-02 -2.68900930e-03 -6.33504093e-02
  4.85811718e-02 -5.66055924e-02  5.16646728e-03  6.79508299e-02
 -6.79968530e-03  6.17740825e-02 -2.76711937e-02 -1.73696708e-02
  5.11348322e-02 -3.69184613e-02 -8.22766870e-02 -2.33033728e-02
  5.10605925e-04  7.82897510e-03  3.81113961e-02 -1.25110686e-01
 -4.54775915e-02 -1.41556198e-02 -1.84839480e-02  1.46952411e-02
 -2.10387595e-02  3.37598696e-02  1.52210584e-02 -1.14969671e-01
  4.82831635e-02  1.82993077e-02  2.11938396e-02  9.17835068e-03
 -1.38794016e-02 -7.43893608e-02  8.78154673e-03 -1.50396172e-02
  9.64122266e-02  5.47391810e-02 -1.10226953e-04  5.00569455e-02
 -6.10609017e-02 -8.54744315e-02 -3.94534841e-02 -3.40790004e-02
 -7.03929663e-02  4.01002243e-02  3.11802775e-02 -3.97221893e-02
  3.12602855e-02  2.17801630e-02  1.57217346e-02  2.54787654e-02
 -5.82660809e-02  2.16032900e-02 -2.30148733e-02 -4.47937399e-02
  1.55746946e-02  1.40919015e-01 -1.00997582e-01 -8.21248628e-03
 -1.16976812e-01 -5.77343479e-02 -7.42452312e-03  8.03064927e-02
 -1.53612360e-01  2.67705955e-02  1.46408761e-02  2.55589150e-02
  5.82826883e-02  8.32866784e-03  5.45848943e-02 -5.67095242e-02
  7.81475082e-02 -5.58977984e-02  2.89609581e-02  8.67270916e-33
 -1.72921736e-02 -5.66850696e-03 -1.13237575e-02  6.34557381e-02
  2.13142503e-02  5.93546070e-02  1.41790407e-02  6.13919161e-02
  1.04416870e-01 -2.14465372e-02  6.82490505e-03  1.07029825e-01
  2.89432984e-02 -1.58536900e-02  4.64286357e-02 -3.88190523e-02
  5.57499658e-03  1.28562907e-02  5.72542436e-02  2.75411680e-02
  8.48987978e-03 -1.76972207e-02  1.95152208e-03 -2.78359912e-02
  4.93155234e-02 -5.54790348e-02 -9.10109729e-02  1.06050784e-03
  8.74001719e-03  3.96358259e-02  9.18063223e-02  1.14332270e-02
  3.65101709e-03 -6.05713986e-02 -5.22101820e-02 -2.43747868e-02
  3.37963887e-02 -4.27558497e-02 -1.74393151e-02 -6.89488873e-02
 -4.10345905e-02 -2.96169538e-02  6.59755170e-02 -6.56775013e-03
  2.98106507e-03 -8.49123113e-03  9.83695909e-02 -3.79450396e-02
  4.71357219e-02  9.92661193e-02  4.55429219e-03 -2.24202387e-02
  1.55702867e-02 -7.38791600e-02 -1.11494046e-02  3.55075486e-02
 -2.91833878e-02  3.86042185e-02 -3.94767150e-02 -9.07326192e-02
 -4.12929393e-02 -5.42815914e-03 -8.05457216e-03  1.49152623e-02
  1.80026330e-02 -7.02383220e-02  3.43282931e-02  2.03060242e-03
  1.13572501e-01  3.89788300e-02 -1.04627341e-01  3.92126292e-02
  1.13269407e-02 -2.77136397e-02 -2.88140606e-02 -4.65180073e-03
  4.91026789e-04 -2.19712197e-03 -5.78571521e-02  2.01153047e-02
 -4.27809916e-02 -2.02919077e-02 -1.48106320e-02  6.37895940e-03
  1.29635483e-01  4.69682440e-02  1.73365697e-02  1.39175942e-02
  6.53722733e-02  1.19924657e-01  4.50575352e-02  5.89025281e-02
 -1.97257772e-02  8.57414976e-02  1.34206545e-02 -1.13703952e-32
  3.40089165e-02  2.22343188e-02 -1.09583256e-03  8.59126728e-03
  6.87308311e-02  6.20375294e-03 -1.22984825e-02 -2.01153085e-02
 -8.21968243e-02 -7.76653811e-02 -9.76587087e-02 -9.84408110e-02
  6.44813925e-02  5.60094975e-02 -5.79026565e-02 -2.50556767e-02
 -5.48713878e-02  1.92502346e-02 -5.08001074e-02 -2.02293303e-02
 -1.18865790e-02  7.54418746e-02  4.33399193e-02  3.23900697e-03
 -2.20588613e-02 -3.10812518e-02 -3.29548828e-02 -6.58541539e-05
 -7.33957738e-02 -1.37082199e-02 -2.14844360e-03 -2.20680833e-02
 -1.49299549e-02  9.79711190e-02 -3.60976607e-02 -5.27054211e-03
  8.54746718e-03  1.52278617e-02 -2.77476180e-02  7.56419748e-02
  4.74808998e-02  5.25321402e-02  3.10311411e-02 -1.83579903e-02
 -5.25092483e-02 -9.79628637e-02 -1.93556696e-02 -6.44266158e-02
  3.85186672e-02 -2.76732035e-02  6.14289828e-02 -3.09474953e-02
 -4.99587879e-02 -3.96642424e-02 -1.12222671e-03 -2.88302992e-02
  2.74480153e-02 -1.17077760e-01 -9.19536278e-02 -2.78631430e-02
  1.03091851e-01  3.75010110e-02 -5.49869612e-02  2.12167166e-02
  9.53925699e-02 -6.43405020e-02 -5.68557065e-04  7.09381253e-02
  3.18260305e-02 -6.86747069e-03  3.79053652e-02 -4.85572778e-02
  6.47928892e-03 -3.03309187e-02  6.32543629e-03 -3.65243219e-02
 -1.57282334e-02 -9.34352949e-02 -4.49735783e-02 -1.83447148e-03
 -4.04230617e-02 -3.31229456e-02  3.62744555e-02 -3.34906206e-02
 -8.24563503e-02  4.69419099e-02 -1.54852057e-02  3.48791815e-02
  2.26906873e-02 -3.23099159e-02 -6.42916635e-02  2.71147545e-02
 -7.08405254e-03  3.44992206e-02  9.38057527e-03 -6.15204669e-08
  1.10869622e-02  3.46744023e-02  1.19640462e-01 -4.39185388e-02
  9.21119824e-02 -7.30492175e-02 -2.14610510e-02 -2.91792210e-02
 -1.51557941e-02  3.22702713e-02 -1.85506921e-02 -2.82458924e-02
 -1.99345890e-02 -5.44149661e-03  9.45713222e-02 -7.96588585e-02
  1.16387986e-01  3.05710770e-02 -4.02126424e-02 -7.19050989e-02
  3.91378105e-02 -5.56809604e-02 -9.55343992e-02  1.20164687e-02
 -3.55143659e-02 -3.21334451e-02 -3.09705660e-02  1.24308886e-02
 -3.27595398e-02  6.08051158e-02 -2.78610438e-02 -4.43448089e-02
  1.13777444e-01 -5.12079149e-02 -1.05455732e-02 -4.92292419e-02
 -1.90013461e-02 -5.31926341e-02 -7.84505252e-03 -2.98747551e-02
  4.05180752e-02  5.09535708e-02  1.13270637e-02  4.58049625e-02
 -5.02125500e-03 -6.76300144e-03 -3.45674790e-02  2.70735119e-02
 -2.34245341e-02 -4.27069962e-02 -7.27388784e-02 -4.42350060e-02
  6.18799217e-02  3.47124152e-02  2.01803707e-02  9.57856607e-03
  2.59463415e-02  1.96729414e-02 -6.08892664e-02 -9.78387333e-03
  8.55143443e-02  7.22560808e-02  4.68369154e-03 -2.74325106e-02]