[ 8.41915831e-02  1.09898686e-01 -3.89951468e-02 -1.55535629e-02
 -4.99145463e-02 -2.02085270e-04 -7.31753930e-03  5.54141663e-02
 -2.28289142e-02 -5.57178119e-03  2.93718800e-02 -7.49888420e-02
 -1.83229763e-02 -2.68879667e-04  4.61502979e-03 -8.87677595e-02
 -8.90781432e-02  1.59021020e-02  4.58400883e-02  5.19220047e-02
  8.50856155e-02 -2.55335029e-02 -4.85628918e-02  4.58403639e-02
 -3.35701033e-02  2.53793877e-02 -5.88329062e-02  3.48618217e-02
 -4.30283248e-02 -6.16126731e-02 -5.08081494e-03  4.59620282e-02
  1.26760438e-01 -3.78618995e-03 -8.24052002e-03 -8.49053264e-02
  1.65339503e-02 -3.85954813e-03 -2.45840736e-02  1.11796625e-01
 -1.06161900e-01 -4.05749027e-03 -3.90614495e-02 -6.03564344e-02
  1.87914334e-02 -5.06838337e-02  1.63425095e-02  7.62299150e-02
  8.59342515e-04 -1.29598873e-02 -4.03171405e-02  2.81680338e-02
 -7.64716938e-02  9.85466838e-02 -4.49617319e-02 -6.05022088e-02
  4.83972989e-02 -7.13094398e-02  2.66710408e-02  3.73016410e-02
  6.65613338e-02  9.24693942e-02 -4.39717211e-02 -1.11766867e-02
 -1.75508820e-02 -6.14036210e-02  2.13360507e-02  7.91465957e-03
 -8.54727104e-02  1.30435415e-02  1.18645228e-01 -3.08492053e-02
  2.51580868e-02 -4.20020670e-02 -6.35134056e-02  3.49279381e-02
 -7.17272167e-04  1.30282892e-02 -2.29851454e-02 -1.00341521e-01
 -3.30082178e-02 -3.93866226e-02 -6.01895340e-02 -7.16902986e-02
 -5.89246675e-03  5.80327678e-03 -6.43362626e-02 -3.38570029e-02
  5.50749004e-02  3.59725319e-02 -4.75009680e-02  6.28456846e-02
 -4.86752465e-02  3.22964676e-02  3.12952586e-02  4.49793711e-02
  5.03904223e-02 -8.85242224e-03  5.03037535e-02  8.17087758e-03
  7.06098601e-02 -2.12333575e-02 -8.66475515e-03 -5.29941032e-03
 -1.39641035e-02  8.39165077e-02 -1.38129545e-02 -1.52694779e-02
  1.86189767e-02 -6.79279352e-03 -5.15409075e-02 -9.32133943e-02
 -1.69980656e-02 -6.06896617e-02 -4.51277234e-02  4.08953764e-02
 -2.80440766e-02 -2.35822983e-02  1.39907012e-02 -1.10749826e-02
  5.23664430e-02  2.50850711e-02 -3.09568401e-02  7.64659652e-03
  9.36647058e-02 -1.42719951e-02  5.91400377e-02  7.15181857e-33
  3.94116575e-03 -1.84222236e-02  1.28775313e-02  4.39250357e-02
  4.22845930e-02 -3.92327737e-03 -5.37084565e-02 -2.24214531e-02
 -4.53257151e-02  1.92407630e-02 -4.90232445e-02  4.51387241e-02
 -6.65962398e-02 -5.40377274e-02  6.87782690e-02  4.68714982e-02
 -1.97505597e-02 -9.57640857e-02  2.63226107e-02  1.52029907e-02
 -1.26328338e-02 -5.72347045e-02  1.04002114e-02  7.09648896e-03
  4.65597697e-02  1.57353077e-02 -2.40057241e-02 -7.78911710e-02
 -7.33804796e-03  3.72778289e-02  7.99101442e-02 -4.29050103e-02
 -1.47186462e-02 -6.34511933e-03 -2.93493699e-02 -5.35614975e-02
  3.65781859e-02  3.12644616e-02 -8.33442882e-02 -8.61644745e-03
  6.51728362e-02 -3.40254977e-02  6.71196729e-02  3.87827680e-02
  3.70747782e-02 -4.44751643e-02  3.48589458e-02  5.67441769e-02
  9.64892656e-02  6.55414388e-02 -3.11995149e-02 -4.74338233e-02
 -1.03697903e-01 -8.67326483e-02 -1.93529762e-02  7.59379100e-03
 -9.40508917e-02  7.97592700e-02 -1.93163399e-02  2.21192222e-02
  5.80688305e-02 -4.17775624e-02  3.53014581e-02 -3.84761393e-02
 -4.38552909e-03 -2.00160071e-02  5.56859486e-02  1.14988819e-01
  1.03121795e-01  3.25317718e-02 -1.08519107e-01 -2.61279810e-02
 -2.12701727e-02  5.25214197e-03  3.79434116e-02  9.70268063e-03
  1.27874815e-03 -9.16420948e-03  3.62673518e-03  3.76246534e-02
 -6.78465292e-02  3.42946388e-02 -2.47623287e-02  3.01257316e-02
  6.90992251e-02  5.18266149e-02 -9.34915990e-03  3.42150591e-03
  2.08668727e-02  7.07088113e-02 -3.99966165e-02  8.69602412e-02
  8.12384766e-03 -5.41119576e-02  4.59490605e-02 -9.25435038e-33
 -4.87720817e-02 -2.06813943e-02 -4.76051196e-02  4.52328771e-02
 -6.24102987e-02 -3.64190154e-03 -9.27235931e-02  3.19062956e-02
 -7.85967633e-02 -1.07374765e-01 -9.00133252e-02 -7.40060210e-02
  1.10026360e-01 -7.44584203e-02  1.59192143e-03  2.14467943e-02
  3.44616137e-02 -3.93067487e-02 -9.37088281e-02 -1.47248441e-02
  1.78037062e-02 -1.37608405e-02  3.07218879e-02 -6.53866539e-03
  2.65177283e-02 -7.12178573e-02  2.62745209e-02 -3.70590761e-02
 -3.89090106e-02 -1.46209700e-02  1.01554498e-01 -3.40698473e-02
 -9.33491718e-03  2.31310856e-02 -4.96440157e-02  2.83808280e-02
  7.27650672e-02 -2.58245766e-02  1.89490579e-02  7.77210370e-02
  2.63827387e-02  6.25362694e-02  6.02289401e-02  5.91488481e-02
 -4.09597438e-03  3.16429907e-03 -5.50401285e-02  1.06727863e-02
  6.85828552e-02  1.74267311e-02  7.22403079e-02 -6.60286844e-02
 -1.10777929e-01 -3.56488191e-02  6.62543103e-02 -5.59098460e-02
 -1.46783497e-02  1.18971560e-02 -4.49829772e-02  2.39566788e-02
  5.12502342e-02  3.51003855e-02 -3.76528874e-02 -7.93153420e-02
 -3.70901590e-03 -1.99061818e-02 -6.50777519e-02  4.07742001e-02
  7.94447213e-02  2.37716362e-02  1.66522488e-01 -4.39044014e-02
 -1.16069965e-01 -1.93517050e-03 -1.18437029e-01 -2.40594130e-02
  3.24616432e-02  6.52930439e-02  9.01262555e-03  2.59760283e-02
 -4.99836728e-03  5.09971865e-02 -1.04339216e-02 -2.90116586e-04
 -5.22340126e-02 -2.19266818e-04 -2.29295786e-03  3.77254859e-02
 -1.63737163e-02  3.71531025e-02  2.92897187e-02  6.04684800e-02
  3.21464567e-03 -6.46272525e-02 -6.97454959e-02 -5.16281844e-08
  4.19165678e-02 -2.51057483e-02 -3.90434340e-02  5.58432713e-02
  5.74517213e-02 -1.36508094e-02 -1.33448076e-02 -7.76878884e-03
 -1.30697489e-02  1.81286223e-02  8.96563381e-02 -1.20582394e-02
  1.14954887e-02  2.46091597e-02  1.39952507e-02  1.98753756e-02
  3.06776650e-02  7.92211816e-02 -1.82165299e-02 -6.52929246e-02
  7.66558945e-03 -1.21563338e-02 -1.34307578e-01 -4.28660633e-03
 -1.95896942e-02 -2.17157137e-02 -6.48064315e-02 -7.14121610e-02
  6.22395314e-02  1.23086274e-02  5.50414845e-02  1.76999923e-02
 -1.32439053e-03 -8.44432414e-02 -9.79309552e-04 -5.42127565e-02
 -4.66320999e-02  9.88326687e-03 -6.18610643e-02 -1.23895481e-01
  9.62988064e-02 -3.31417881e-02 -1.23628713e-02 -5.52379005e-02
 -3.01909242e-02 -5.71184047e-02  2.16911156e-02  5.95297627e-02
 -4.68355864e-02  1.79553404e-02 -7.71128908e-02 -2.26067379e-02
  5.83392829e-02  9.87050012e-02  3.47723602e-03 -7.36162241e-04
  6.20274767e-02 -1.44587718e-02  2.23123040e-02 -2.52869204e-02
  6.10202365e-02  3.60653363e-02 -2.61000711e-02  2.13152822e-02]