[-4.57408540e-02  2.15236433e-02 -4.89457287e-02 -5.58836013e-02
 -9.87748355e-02  1.78497359e-02  4.89692651e-02  8.80429372e-02
  5.43058813e-02  7.68037066e-02  1.21353157e-01 -3.59722562e-02
  3.88201289e-02  6.88940939e-03 -1.46396291e-02 -2.25251969e-02
  3.82448360e-02  3.01412977e-02  3.48542002e-03  9.48597863e-02
  1.61754221e-01 -9.32803284e-03 -5.19509949e-02  5.08839116e-02
 -1.25137851e-01 -4.29664180e-03 -9.00217518e-02  9.65058245e-03
 -6.63231835e-02 -6.32759929e-02 -4.93455827e-02  6.24357499e-02
  6.08186200e-02 -2.98861032e-05 -4.55324166e-02 -2.34693084e-02
  1.38698900e-02 -2.69707087e-02 -4.34103720e-02  7.50365332e-02
 -1.29157603e-01 -5.76459151e-03 -7.27305338e-02 -2.92572454e-02
  2.58423798e-02  1.62588693e-02  3.25831212e-02  3.94241586e-02
 -3.97511087e-02 -6.66692033e-02 -4.62066904e-02 -3.42211500e-02
 -2.78398730e-02  2.71646846e-02 -2.63800509e-02 -5.84201217e-02
 -2.36386061e-02 -7.73669174e-03 -3.68002243e-03  2.97310427e-02
  3.20351347e-02  3.57721634e-02 -3.05625168e-03  1.40757831e-02
 -1.17062703e-02 -1.24530764e-02 -3.70802656e-02 -3.92370597e-02
 -5.38669117e-02 -1.48020741e-02  6.66879211e-03 -9.22370031e-02
  2.24655084e-02  1.42014315e-02 -1.10455221e-02  7.13824704e-02
 -2.03437973e-02  4.07500975e-02  2.74652732e-03 -1.79191977e-01
  6.50617182e-02 -5.80467470e-03 -2.66765486e-02 -2.29544882e-02
  2.34613847e-02 -2.56313961e-02  1.36872809e-02  3.21036763e-03
  6.75255284e-02  4.44502644e-02 -1.54872490e-02  9.15151089e-03
 -8.01591948e-02 -8.37255567e-02  6.99455142e-02 -3.68417166e-02
  2.24953219e-02  4.10820022e-02  2.84162518e-02 -4.82586138e-02
  7.31637552e-02 -1.60136446e-02 -1.94764286e-02  5.36128953e-02
 -4.20592241e-02  1.83806944e-04  6.02134690e-03 -7.01474920e-02
  6.46894276e-02  9.60009173e-02 -7.57887512e-02 -6.83524683e-02
 -1.24429010e-01 -7.48613924e-02 -5.96072301e-02  8.29489380e-02
 -6.13851324e-02 -2.70940289e-02  8.33483338e-02 -8.35926831e-03
  5.32826222e-02 -1.81119014e-02  8.01509842e-02 -4.68591936e-02
  6.72862455e-02 -3.43661197e-02  5.75195588e-02  8.93585165e-33
 -6.97913393e-02 -2.02650055e-02 -5.22622466e-02  5.43652847e-02
 -2.08744593e-02  3.27005833e-02 -6.71252310e-02  2.55837534e-02
  7.71467537e-02  1.02251610e-02 -1.08002909e-01  1.40165091e-01
  1.44706173e-02  2.16839481e-02  1.00750133e-01 -1.69921424e-02
  3.15033123e-02 -7.40455836e-03  2.14785687e-03 -4.60825600e-02
 -5.63103892e-03  5.06921075e-02  2.35641878e-02 -4.37423512e-02
  1.11389877e-02 -1.68917160e-02 -1.02301434e-01 -4.09281738e-02
 -6.53416812e-02  5.02861738e-02  4.29961681e-02 -7.25612603e-03
 -3.37363291e-03 -2.67688334e-02 -2.87031885e-02 -1.32944137e-02
  6.21587457e-03 -7.08218338e-03  1.30655868e-02 -4.08734418e-02
 -3.69858928e-02  2.25821566e-02  9.53214802e-03 -2.45270096e-02
  4.90973070e-02 -3.56681570e-02  5.27566522e-02  3.33261453e-02
  5.11467420e-02  6.56784922e-02 -9.01499670e-03 -2.68521477e-02
 -3.20578343e-03 -8.40938464e-02 -3.36279138e-03  4.13922928e-02
 -7.22209811e-02  1.16395980e-01 -8.51667300e-02 -4.51136231e-02
 -2.72691678e-02  2.00378541e-02 -1.91037431e-02 -4.04829010e-02
 -3.80365853e-03 -1.47163272e-02 -1.94048267e-02  2.18910296e-02
  1.38923347e-01  4.47836332e-02 -5.58085963e-02 -1.92690697e-02
 -4.44413982e-02  7.56141217e-03  1.39631089e-02 -7.61057809e-03
  1.54731143e-02  2.27169581e-02 -1.00067154e-01  1.90860946e-02
 -1.68920532e-02 -1.29585136e-02 -5.22435531e-02 -9.46647022e-03
  3.41039076e-02  3.99931930e-02  5.17004617e-02  5.82663827e-02
 -7.23720109e-03  7.63627291e-02  5.48726916e-02  7.94315860e-02
 -8.28128867e-03  4.53683268e-03  7.02725202e-02 -1.24594540e-32
 -1.85480174e-02  3.85523513e-02 -5.75466380e-02 -4.56550270e-02
 -3.72583680e-02  3.25129926e-02 -8.11603665e-03 -2.33374611e-02
 -1.11994974e-01 -1.53749123e-01 -8.06490481e-02 -5.73537089e-02
  5.35896942e-02 -1.18451854e-02 -8.78751427e-02 -3.01884450e-02
 -1.35416746e-01  3.89650650e-03 -2.76585892e-02  3.81607339e-02
  1.79618914e-02  6.65967166e-02  2.28772964e-02  1.28457667e-02
  2.18413249e-02 -2.82974485e-02 -3.74030247e-02  1.41569087e-02
 -3.55965272e-02 -2.09513912e-03  3.11093088e-02 -7.24300463e-03
  2.26200055e-02  8.91238302e-02 -4.76518981e-02 -4.17294819e-03
  4.15989570e-02 -6.84196642e-03 -1.24655263e-02  9.43163186e-02
  4.25934345e-02  6.68066069e-02  4.19284999e-02 -2.79574040e-02
 -3.07030827e-02 -4.05416712e-02 -7.22552091e-02 -5.01324199e-02
 -1.54435830e-02 -7.15593323e-02  8.08025971e-02 -3.97360735e-02
 -2.83991117e-02 -9.13933888e-02  1.52913900e-02 -2.27366257e-02
 -3.42394300e-02 -7.07900301e-02 -7.76762962e-02  2.63613947e-02
  1.17154032e-01  3.77237126e-02 -3.74384820e-02  1.37584079e-02
  7.11868331e-02  1.30051440e-02  6.04609726e-04  4.16934229e-02
  7.99569022e-03 -1.63083598e-02  5.38618639e-02 -4.59621325e-02
 -6.93381280e-02 -8.18688646e-02  1.92900654e-02 -3.09699308e-02
  7.74791464e-04 -3.58333029e-02 -5.44204041e-02  4.10575829e-02
 -8.75429213e-02 -8.05221964e-04  1.73256733e-02 -2.62974650e-02
 -5.40666208e-02  2.05321573e-02 -8.64030942e-02  1.29158376e-02
  1.71427373e-02  3.00219934e-03 -3.44023034e-02  5.45525178e-02
  9.20375157e-03  3.47197317e-02 -2.75472123e-02 -6.32216199e-08
  4.22660336e-02 -1.49000147e-02  1.11112840e-01  1.32175284e-02
  3.48805971e-02 -2.15512589e-02 -7.41069810e-03 -5.94804354e-04
  9.14793555e-03  3.08184307e-02 -1.58976354e-02  2.22948771e-02
 -3.30488086e-02  5.72554134e-02  5.07163368e-02 -4.25585508e-02
  4.57758717e-02  3.43446508e-02 -3.34291272e-02 -4.97041605e-02
  5.11587411e-02 -5.30909859e-02 -1.02506295e-01 -5.76515589e-03
  4.71902713e-02 -5.26188761e-02 -3.94866690e-02 -3.68889794e-02
 -1.06235398e-02  7.46124908e-02  9.60804336e-03 -3.50752883e-02
  7.73630515e-02 -6.13596588e-02 -5.60774244e-02 -1.10416990e-02
 -5.53074479e-03  1.55637236e-02 -5.88501096e-02  1.74908928e-04
  1.00224309e-01  5.68387331e-04 -2.58244574e-02 -8.23504105e-03
  5.64938039e-02  8.60801060e-03  4.44962867e-02  6.37178347e-02
 -3.49423066e-02 -3.86837386e-02 -5.49655594e-02  2.58947387e-02
  2.04738379e-02  7.11935163e-02 -3.29356417e-02 -8.91898666e-03
 -7.02304486e-03  1.26008270e-03 -1.46636367e-02 -4.69727106e-02
  2.96056122e-02  8.00639316e-02  2.60535553e-02 -4.57335152e-02]