[ 9.25924554e-02  9.45470184e-02 -3.66838202e-02 -1.13185987e-01
 -2.41291616e-02  9.14217755e-02  4.34406176e-02  9.39225256e-02
 -2.23707575e-02  7.38705397e-02  6.22926354e-02  5.58223156e-03
 -5.55410981e-02 -3.91659886e-02 -3.01514927e-04 -4.19062525e-02
 -4.79206070e-03  6.93676248e-02 -2.17980407e-02  1.17762806e-02
  8.10580403e-02 -1.65876858e-02 -1.27443671e-02  8.02219585e-02
 -1.16566546e-01  2.43845843e-02 -2.83618197e-02 -4.41373475e-02
 -2.27087066e-02 -5.17938733e-02  6.53331429e-02  1.68644655e-02
  9.23028886e-02 -1.41959637e-02  1.82442591e-02 -2.69695465e-02
 -1.12403343e-02 -2.14283131e-02 -1.96060352e-02  1.76330712e-02
 -7.22676665e-02 -1.90285202e-02 -8.60165358e-02 -5.89743406e-02
  3.72500718e-02 -3.44033428e-02 -5.18466532e-03  5.49633093e-02
 -1.06322411e-02  1.02139879e-02 -5.27199320e-02  3.71758384e-03
 -3.45648415e-02 -7.84620119e-04  3.27832699e-02 -1.37903783e-02
  9.62061808e-03  3.01861838e-02 -4.68926765e-02  4.41993698e-02
 -1.60428416e-02  2.60361210e-02 -7.76521191e-02  3.68338637e-02
  4.45475914e-02  2.08517220e-02  2.39525288e-02 -2.94866730e-02
 -3.80450338e-02 -6.07978227e-03  1.23836966e-02 -8.85351375e-02
  1.26028157e-04 -5.54891229e-02 -1.11939467e-03  2.92171799e-02
 -4.48992066e-02  3.73982638e-02 -1.65788122e-02 -9.41383168e-02
  8.71552750e-02  4.16078307e-02 -4.59915251e-02 -1.24829290e-02
 -6.25354145e-03 -5.82421385e-02 -2.48245113e-02 -4.37002704e-02
  7.12600052e-02 -3.88833210e-02 -1.61661413e-02  5.50353751e-02
 -6.04547746e-02 -2.42528897e-02 -4.51438241e-02  3.83655056e-02
 -6.98886663e-02 -7.06406236e-02  5.50725535e-02  6.85042469e-03
  6.41126409e-02  1.63248070e-02  3.47416941e-03 -5.63363321e-02
 -9.86304786e-03 -2.86175646e-02 -1.39116030e-02 -9.06978920e-02
  3.62528600e-02  1.13604434e-01 -9.03599262e-02 -8.30787327e-03
 -6.77195266e-02 -6.91767409e-02  8.13708175e-03  8.51938054e-02
 -6.44145161e-02 -5.61486883e-03  5.53715713e-02 -7.16574341e-02
  5.26800267e-02 -2.21944097e-02  3.09181847e-02 -1.48541424e-02
 -3.26379226e-03 -8.75829235e-02 -2.54936200e-02  9.62056976e-33
 -4.67253514e-02 -8.30009654e-02  3.89817846e-03  5.70865311e-02
 -1.22645441e-02  2.61566509e-03  3.92069109e-02 -3.55288237e-02
  7.14004263e-02  4.61773947e-02 -1.05235241e-02  6.19994663e-02
 -5.04526943e-02  3.97076830e-02  1.80697843e-01 -2.53073946e-02
 -2.51066107e-02  4.02228385e-02 -4.40864405e-03  4.94040735e-02
 -6.33372739e-03 -4.39860113e-02  6.07231669e-02 -1.22005958e-02
  5.56028076e-02  5.83653152e-02 -8.93354788e-02 -3.50572579e-02
 -4.34876382e-02  4.05163355e-02  7.03019127e-02 -6.11747103e-03
 -9.71459970e-03 -6.62151948e-02 -8.11787471e-02 -5.70140220e-02
 -2.33987719e-02  5.39815761e-02 -2.25976994e-03 -4.06590961e-02
 -4.42845970e-02 -5.45543991e-02  7.40253404e-02  3.65057662e-02
  1.82430148e-02 -5.92558160e-02  5.84311178e-03 -5.34555502e-02
  2.40502805e-02  2.44961418e-02  2.98279561e-02 -1.05373241e-01
  7.67736882e-03 -4.99046557e-02  7.23027391e-03 -4.99995984e-02
 -7.05767423e-02 -1.43473353e-02 -4.76434268e-02 -7.39693791e-02
 -2.43656244e-02 -4.76671122e-02 -1.65537611e-04  9.54100117e-03
 -6.83312267e-02 -1.68008897e-02  2.71512126e-03  7.41174370e-02
  5.92502430e-02  4.53295372e-02 -3.92676368e-02 -1.91451563e-03
 -6.34787679e-02 -7.74643291e-03  2.37186737e-02  4.89200326e-03
 -4.75544594e-02  3.10628507e-02  2.49250908e-03  3.32007632e-02
  5.69459759e-02 -4.98336069e-02 -4.55287434e-02 -5.76893874e-02
  4.34136540e-02  7.94881061e-02  6.98140115e-02  6.90559149e-02
  6.39685616e-02  6.22290410e-02 -1.52935181e-02  1.08551241e-01
  1.33681600e-03  1.01175681e-01  7.23054931e-02 -1.33811371e-32
 -3.94199230e-02  3.03794146e-02 -2.43303813e-02 -4.38671000e-02
 -2.46663000e-02  1.16198203e-02 -2.08288841e-02 -3.92003097e-02
 -4.00680490e-02 -3.26608792e-02 -1.15193717e-01 -1.03473790e-01
  3.20150368e-02  2.97319666e-02 -9.59801674e-02  5.20954542e-02
  2.73301806e-02 -5.10496348e-02 -8.28988105e-02 -1.51426056e-02
  4.35593203e-02  3.73930074e-02 -2.11519878e-02 -2.87759323e-02
 -3.60774472e-02 -3.25678401e-02 -4.94556092e-02 -4.77315299e-02
 -5.21976836e-02  1.44412601e-02  7.98149258e-02  4.82067280e-02
 -2.17922572e-02  4.49271500e-02 -5.54107167e-02 -1.75152775e-02
  4.75212634e-02 -2.53737364e-02 -5.32935113e-02  4.43715714e-02
  3.89862247e-02  8.45929608e-02  4.91018221e-02 -3.85737009e-02
  3.03277001e-03 -4.18263897e-02  5.48042618e-02 -1.34953320e-01
  1.14566972e-02 -1.30457226e-02  7.57991076e-02  1.93462968e-02
 -5.60483849e-03 -5.84725812e-02 -1.75319221e-02  2.66992413e-02
 -2.04514209e-02 -6.75120801e-02 -8.40808079e-02 -3.90147557e-03
  4.58365753e-02  6.82265637e-03 -8.75536278e-02 -2.27451697e-02
  7.60198757e-02 -1.01339184e-02 -1.12604117e-02 -8.09794012e-03
  5.80899231e-02  1.71395987e-02 -2.65190247e-02 -6.35832269e-03
 -8.95873606e-02 -6.23549474e-03 -7.20902681e-02  4.72757816e-02
 -6.76691756e-02 -2.22254377e-02 -1.91923268e-02  4.79923859e-02
 -4.95902039e-02 -4.80525158e-02  1.94297149e-03 -7.16396868e-02
 -8.04459304e-02 -7.34098954e-03 -6.17560670e-02 -5.01818322e-02
  2.26561949e-02 -3.92624363e-02 -2.55931988e-02  2.14224067e-02
 -1.05949109e-02 -5.19047119e-02 -1.79356467e-02 -5.80463784e-08
  1.75176747e-02 -1.06131539e-01  6.02701046e-02 -4.29406576e-03
  1.26935379e-03 -9.15518403e-02  4.68649482e-03  7.50426799e-02
 -2.92518605e-02  3.08927381e-03 -1.04400404e-02  2.20745113e-02
 -4.57989983e-02  4.08941284e-02  4.15491909e-02 -5.27591147e-02
  1.58432558e-01  8.99345428e-02 -4.12085988e-02 -6.97590411e-02
  9.37923789e-02 -3.77700292e-02 -1.23104446e-01 -5.65244677e-03
 -3.67862470e-02 -1.84062645e-02  7.07395598e-02  4.33241092e-02
 -4.66134259e-03  4.27421778e-02  3.97076644e-02  4.73878905e-02
  6.49477076e-03 -5.16476631e-02 -2.28466950e-02 -1.59111489e-02
  1.42377615e-01 -5.32170152e-03 -2.79007442e-02 -3.69527452e-02
  1.96911860e-02  7.55465869e-03 -1.18457545e-02  3.39007191e-02
 -3.94067378e-04 -1.26376050e-02  3.51887755e-02  2.30218098e-02
  5.23999557e-02 -1.65076368e-02 -6.89556636e-03  2.66434196e-02
  4.49585654e-02 -2.71809753e-02 -3.17680165e-02 -3.85903418e-02
  2.42383108e-02  8.93278047e-02 -7.24861547e-02 -8.12034383e-02
  9.18587521e-02  3.38938497e-02  3.43997814e-02 -2.29323860e-02]