[-5.02258949e-02  3.09173558e-02 -4.74921539e-02 -4.84382883e-02
 -1.33970287e-02 -7.72565007e-02  6.70807362e-02  1.08395457e-01
 -6.03887578e-03  9.45550576e-02  1.26134247e-01 -9.73513629e-03
  5.19911526e-03 -3.14602489e-03 -2.90644057e-02 -5.08996472e-02
  5.39062880e-02 -1.54641680e-02 -1.80892367e-02  7.33509893e-03
  1.59879640e-01 -1.15697971e-02 -5.02397027e-03  3.38041261e-02
 -8.00303891e-02 -4.24161181e-02 -5.80170378e-02 -2.99690254e-02
 -8.39652717e-02 -5.82701378e-02 -6.30019531e-02  7.12594539e-02
  1.08524039e-01 -3.72778042e-03 -7.94365555e-02 -3.21372598e-02
  5.03888726e-02  8.97310767e-03 -6.87852353e-02  2.38437932e-02
 -8.70552808e-02 -2.90724095e-02 -9.88179073e-02 -1.77403186e-02
 -2.24729963e-02 -2.80455817e-02 -3.55122499e-02  9.21602536e-04
 -7.08910525e-02  3.30588152e-03 -5.86873963e-02  8.96548759e-03
 -5.55380434e-03  3.86307016e-02 -2.88097318e-02 -4.07512151e-02
 -4.51048426e-02  5.37194952e-04 -3.01214289e-02  3.49521488e-02
 -1.08362047e-03  7.12227542e-03 -4.20495383e-02 -1.23114223e-02
  3.46972868e-02  5.35156280e-02 -3.27095799e-02 -4.40450795e-02
 -5.00487164e-02 -2.43894639e-03 -1.05304513e-02 -7.48803690e-02
  4.42121737e-02  4.05941047e-02 -5.56198470e-02  1.85713563e-02
 -4.33900021e-03 -3.46835866e-03 -3.45279165e-02 -7.13356435e-02
 -9.18672327e-03  8.71564448e-02 -2.75375843e-02 -6.68486580e-02
  3.96454195e-03  1.59171075e-02 -3.51967029e-02  4.95947823e-02
  4.55866866e-02  1.50108030e-02  6.55779466e-02  2.84187794e-02
 -7.69428089e-02 -8.31714049e-02 -1.09589836e-02 -4.54032309e-02
 -5.06239384e-03 -1.67739689e-02 -1.46313449e-02 -4.12702784e-02
  3.97380330e-02 -2.15635393e-02  9.03033011e-04 -1.12903854e-02
 -6.48183003e-02 -1.43275633e-02 -1.74818595e-03 -1.05615579e-01
  8.41249302e-02  8.74267966e-02 -1.27638698e-01 -2.18946282e-02
 -1.23757161e-01 -1.01021968e-01 -7.32215792e-02 -3.54957692e-02
 -2.23741997e-02 -2.78360602e-02  3.55395302e-02 -6.27170503e-03
  1.44467577e-02 -2.68704500e-02  2.81032324e-02 -4.44746651e-02
  5.41019887e-02 -1.32650146e-02  8.36662427e-02  1.21164014e-32
 -4.39633951e-02  5.34705352e-03 -1.57468338e-02  9.46122259e-02
  3.97667475e-03  8.94109756e-02 -6.27183244e-02 -2.67113708e-02
  3.89775261e-02  1.23675736e-02 -4.43366915e-02  9.41562504e-02
  2.32901387e-02 -3.07182036e-02  1.40744716e-01  8.14102590e-03
  3.32321599e-02  2.23077890e-02  8.66910890e-02 -2.32426496e-03
 -1.20812152e-02  2.58188155e-02 -7.43790250e-03 -3.76808867e-02
  9.46942493e-02  5.59446402e-02 -5.47899120e-02 -5.06983176e-02
 -7.47255888e-03  5.23806214e-02  7.35185146e-02 -1.97527241e-02
  2.71883700e-02 -4.74851988e-02 -4.40442748e-02 -1.65383238e-02
  1.56793743e-02  3.06035555e-03 -3.13546248e-02 -7.40133300e-02
 -5.38561959e-03 -3.30570973e-02  5.08311689e-02  7.25774392e-02
  3.22378725e-02 -3.25641707e-02  4.25961167e-02  2.36483831e-02
  1.12094477e-01  4.12784703e-02 -2.04234179e-02  3.73504311e-03
 -1.08100837e-02 -1.06346257e-01  5.97450100e-02  3.48351672e-02
 -1.93598606e-02  8.86950700e-04  6.41297409e-03 -1.39567687e-03
  2.21605152e-02  1.23692816e-02  3.67452693e-03 -4.77907956e-02
  9.73996148e-03 -2.02595852e-02 -3.40372585e-02 -3.83985415e-02
  1.36657059e-01  1.31293340e-02 -6.35529086e-02  1.61551628e-02
 -1.29944589e-02  9.17977691e-02 -3.53345945e-02  6.64882585e-02
  5.31994551e-02  1.84626237e-03 -7.19246268e-02  4.00185911e-03
 -5.07910689e-03 -5.93199842e-02  4.11778130e-02  3.31604108e-02
  7.97579587e-02  7.75887668e-02  2.54289303e-02  7.42746145e-02
 -3.03132795e-02  9.67876017e-02  4.21550833e-02  1.17197067e-01
 -6.12205118e-02  5.69459088e-02  3.18001583e-02 -1.41318445e-32
 -9.94995330e-03 -1.13868364e-03 -7.78087080e-02 -3.95137481e-02
 -2.21146885e-02 -4.91245231e-03 -1.93049274e-02 -3.95636708e-02
 -3.38755287e-02 -8.50476176e-02 -6.23584911e-02 -7.18182325e-02
  6.17241561e-02 -6.12079389e-02 -9.33100469e-03  5.14835045e-02
 -5.68000637e-02 -3.01310122e-02 -4.84671779e-02 -7.17358245e-03
 -3.48046124e-02  8.20425525e-02  5.20692498e-04  1.59098692e-02
 -2.55462639e-02  2.71746553e-02 -5.40879704e-02 -5.72410086e-03
 -3.20469029e-02 -5.38634807e-02  7.95116590e-04 -2.07614861e-02
  4.90488075e-02  9.47902203e-02 -2.95398515e-02 -4.36980352e-02
  2.02687010e-02  3.37164216e-02 -2.69794371e-02  8.24427307e-02
  6.30513057e-02  9.78625566e-02  5.52942324e-03 -6.51366711e-02
 -1.14437640e-01 -7.97508806e-02 -3.32906321e-02 -7.12728947e-02
 -1.04921423e-02 -1.86794065e-03  1.19067617e-01 -2.30847355e-02
 -2.08448619e-02 -5.76599725e-02  4.24660742e-02  3.88928019e-02
 -1.09734917e-02 -8.48327130e-02 -3.11549418e-02 -1.58215053e-02
  9.18634087e-02  3.10661178e-02 -4.75329459e-02 -7.08747597e-04
  9.32453647e-02  4.26885998e-03  1.60866547e-02  5.90871871e-02
  2.40407418e-02  1.18416259e-02  3.94862667e-02 -7.30807632e-02
 -7.08519891e-02 -1.06964625e-01  3.70225348e-02  8.69293697e-03
 -4.29531932e-02  3.80774811e-02 -7.37088993e-02  5.47869615e-02
 -8.50499123e-02  1.64656434e-02  2.36524793e-04 -1.70249082e-02
 -3.80900465e-02 -1.34124290e-02 -1.84692983e-02 -2.77505219e-02
  4.38351110e-02  1.67892668e-02 -6.69701025e-02  2.15282887e-02
 -4.03678976e-02  4.79880087e-02 -1.77481007e-02 -6.92858819e-08
  2.42472161e-02 -7.35241324e-02  8.06258693e-02  8.37298669e-03
  4.01355475e-02 -4.73596714e-02  2.24113055e-02  8.29839520e-03
  4.23744554e-03  3.61035876e-02 -5.14868163e-02  3.34493145e-02
 -6.19359054e-02  3.90186086e-02  1.06329724e-01 -3.72201018e-02
  3.65411378e-02  3.59994895e-03 -3.56274359e-02 -5.40510938e-02
  5.02092540e-02 -6.63231686e-02 -9.73740146e-02  1.06317755e-02
  1.82402954e-02 -2.43051630e-02 -1.12883300e-02  5.67049673e-03
  2.21521147e-02  7.79819116e-02 -1.72039196e-02 -6.66643307e-02
  2.11226549e-02 -9.55841318e-03 -3.66004035e-02 -1.47396401e-02
 -9.72815137e-03 -2.74879131e-02 -7.45945796e-02 -1.49152819e-02
  7.24252239e-02 -7.12744668e-02 -1.39984884e-03  4.76782694e-02
  1.50817037e-02 -1.30334543e-02 -9.19572730e-03 -4.13836865e-03
  1.31978625e-02 -6.89634010e-02 -6.27122521e-02  2.57032104e-02
  3.99222374e-02  4.55850363e-02 -7.02051222e-02 -4.62475382e-02
  1.21251121e-01 -5.10739442e-03 -6.96807727e-03 -4.29553203e-02
  4.20361944e-02  6.82086572e-02 -1.34980753e-02 -2.61783157e-03]