[-8.25202838e-02 -7.56415492e-03 -4.65906635e-02 -3.08969989e-02
 -4.44568172e-02 -7.77737200e-02 -6.12797588e-03  1.39602944e-01
 -3.06319948e-02  5.67043759e-02  4.31002416e-02 -4.38148185e-04
 -1.15196770e-02  1.69264618e-02  5.24901636e-02 -2.33844556e-02
  6.80345148e-02 -1.45280994e-02  3.23189162e-02 -1.29672009e-02
  1.12445846e-01 -8.41576420e-03 -5.88157624e-02 -3.00987363e-02
 -6.25946966e-04 -3.15749608e-02 -1.37331970e-02  8.04273505e-03
  1.66816656e-02 -5.20620719e-02 -1.02141984e-01  5.93430921e-02
  5.17169051e-02  4.82500158e-02 -2.31392751e-03 -3.21162604e-02
  9.52363238e-02 -4.10994329e-02 -3.83146442e-02  4.03248370e-02
 -9.71624404e-02 -1.11378059e-02 -7.51168355e-02 -6.37157038e-02
  1.45164644e-02 -7.64846355e-02  1.29798716e-02 -2.11599879e-02
 -2.59873997e-02  6.53087720e-03 -2.87963226e-02  2.56511252e-02
 -4.15965207e-02  4.10735942e-02  1.71427261e-02 -5.90003245e-02
  4.38907975e-03  1.00604985e-02  3.93122137e-02  4.55118231e-02
 -5.38514555e-03  2.69816304e-03 -6.04396872e-02 -1.58320107e-02
  1.99142713e-02  1.58972945e-02 -4.02002707e-02 -2.16974542e-02
  2.90044528e-02 -5.80500904e-03 -3.99633590e-03 -1.26103625e-01
 -9.55864321e-03  1.52994720e-02 -3.43411006e-02  2.75265668e-02
 -1.31970393e-02  3.85511518e-02  1.84093323e-03 -1.74302593e-01
  3.19617987e-02  3.36364061e-02 -1.65745970e-02 -4.87630107e-02
  1.48429908e-02 -5.51402057e-03 -2.41781143e-03  6.63681477e-02
  8.58180001e-02  4.63501550e-02  7.16806725e-02  3.02080885e-02
 -4.55328114e-02 -4.29618582e-02  6.69009238e-02 -2.97761410e-02
  4.44385260e-02 -3.74736562e-02  1.89609658e-02 -2.22644843e-02
  4.68844473e-02  2.54046898e-02 -4.67563830e-02  7.06038252e-02
 -6.65047243e-02 -2.28833035e-02 -6.14535529e-03 -6.38178587e-02
  1.99854728e-02  6.40080944e-02 -5.82778640e-02 -1.05996560e-02
 -4.93150577e-02 -7.95738026e-02 -9.08821821e-02 -5.97646534e-02
 -8.13931376e-02 -9.20540467e-03  7.47125372e-02 -2.93078758e-02
 -3.93831059e-02 -1.95591785e-02  5.07668070e-02 -3.92810348e-03
  1.08745113e-01 -6.47284463e-02  2.08068322e-02  8.20867836e-33
 -4.60926257e-02  7.89309666e-03 -5.27389050e-02  1.03025092e-02
 -5.84008731e-02  2.03606952e-02 -4.96521518e-02  2.19535697e-02
  4.60905805e-02  3.18993889e-02 -2.51298286e-02  7.93166906e-02
 -2.64133420e-02 -6.74743764e-03  1.74200162e-01 -2.20333282e-02
  5.81185371e-02 -5.08641228e-02 -1.69021462e-03 -1.53776165e-03
  9.06724297e-03 -3.38938348e-02 -2.76139844e-02 -5.95103297e-03
 -2.11780681e-03  7.16073662e-02 -3.34650539e-02  2.67812535e-02
 -3.47651057e-02  4.69745286e-02  1.52777303e-02  3.74473631e-03
  2.76309364e-02  2.11550444e-02 -1.54858893e-02 -2.99196672e-02
  4.12679231e-03 -2.59418786e-02 -2.41722204e-02 -7.20960693e-03
 -2.28365306e-02  1.01751629e-02  2.17526760e-02  9.34399106e-03
  3.59171517e-02 -9.43898484e-02  3.27679142e-02 -1.35255717e-02
  1.63914531e-01  6.77673370e-02 -6.50812835e-02  1.63012575e-02
 -5.19042909e-02 -6.53983876e-02  5.35636917e-02 -1.56404655e-02
 -3.96947898e-02  1.94413308e-02  3.59030813e-02  5.12592457e-02
 -5.87855577e-02 -3.82370092e-02  1.13410037e-02 -3.36453356e-02
 -1.40418373e-02 -3.96913774e-02 -3.79815623e-02 -2.80358493e-02
  6.52820840e-02  3.36105041e-02 -1.00650027e-01 -4.66644391e-02
  2.13774238e-02  1.58370137e-02  3.34970206e-02  2.05695182e-02
  3.37601565e-02  4.41684350e-02 -7.48332813e-02  6.53548725e-03
 -1.14495739e-01  1.90567449e-02  5.68756787e-03 -5.21181989e-03
  6.34179115e-02 -2.26624440e-02  9.67689673e-04  7.91097991e-03
 -4.97821718e-03  4.58986796e-02  2.06037369e-02  6.15427233e-02
 -7.46754333e-02  6.29205108e-02 -7.03232642e-03 -1.10072733e-32
 -3.55501324e-02  2.60567013e-02 -1.19101405e-01  2.34309267e-02
 -5.39712161e-02 -5.79892471e-02  2.07789168e-02  1.15922103e-02
 -3.16665657e-02 -1.02301434e-01  3.77800222e-03 -5.54146469e-02
  8.01021010e-02 -1.96052752e-02 -3.60003784e-02  2.20121723e-02
 -1.00552209e-01 -5.16111702e-02 -3.98896709e-02  1.49505707e-02
  1.18994061e-02  7.64758810e-02  3.91961001e-02 -3.27750146e-02
  5.81082739e-02 -3.80477682e-02 -1.58107467e-02  1.69333257e-02
 -4.56462763e-02 -1.51456567e-03  8.11317489e-02  3.11582182e-02
  2.50700731e-02  1.49056911e-01  1.41192100e-03 -6.17338941e-02
  1.11788571e-01  3.63263977e-03 -3.41161713e-02  6.39258251e-02
  1.29068777e-01  8.01856518e-02 -7.09223077e-02 -7.40872547e-02
 -5.01416177e-02  6.54713064e-03 -2.33871676e-02 -9.49414819e-02
  3.60683724e-02 -1.41164348e-01  1.59155786e-01 -4.91088852e-02
  5.47090657e-02 -3.44868228e-02  2.85043754e-02 -2.85098683e-02
  6.67377710e-02 -6.92777410e-02 -1.62304342e-02  2.32160185e-02
  1.45416170e-01 -3.32575366e-02  8.67890716e-02 -4.98951264e-02
  1.50341783e-02  2.93265525e-02  2.97777578e-02  3.79226618e-02
 -8.09593871e-03 -7.54817715e-03  3.85138020e-02 -8.28341469e-02
 -2.71049347e-02 -4.38419171e-02  1.46006364e-02 -7.81902447e-02
  3.69387749e-03  7.63609912e-03 -4.24919091e-02 -1.33387037e-02
 -1.02187507e-01  3.44684459e-02 -2.75820028e-02 -2.09234282e-02
 -5.07741980e-02  3.66327278e-02 -4.27147895e-02  1.02591245e-02
  2.46327603e-03  4.48454618e-02 -4.69228774e-02  1.45645468e-02
  8.87283403e-03  8.44565555e-02 -2.98122726e-02 -6.10541235e-08
 -3.00325081e-02 -7.96153694e-02  9.95088276e-03  1.53879523e-02
  1.80826094e-02 -4.39769998e-02 -1.22580165e-02 -5.69450818e-02
  1.21964887e-02  5.15807271e-02  9.04620904e-03 -9.18596461e-02
 -8.29345137e-02  1.22375814e-02  8.30506459e-02  3.21973041e-02
  5.05951531e-02  7.01504573e-02 -4.83817272e-02 -3.11612412e-02
  8.77956524e-02 -2.14181077e-02 -5.87313138e-02  6.32272847e-03
  5.96573800e-02  9.06946603e-03 -6.55054078e-02 -1.15780067e-02
  1.17720189e-02  2.45527495e-02 -8.40646029e-03  6.78115524e-03
  8.95188972e-02 -3.97962742e-02 -5.32135628e-02 -2.69792639e-02
  5.11920787e-02  1.46761304e-02 -7.54358387e-03  5.74565083e-02
  5.43774515e-02 -4.37313803e-02 -9.40682590e-02  5.31714316e-03
  1.81690995e-02 -8.48097950e-02 -3.08012255e-02  1.36962514e-02
 -2.27874480e-02 -1.71702206e-02  2.01318339e-02  2.72216834e-02
  2.07449719e-02  3.13979620e-03  5.87300584e-02 -1.95107553e-02
 -1.27455620e-02 -5.85450754e-02 -5.72408624e-02  4.02491831e-04
  6.88304007e-02  3.96157652e-02 -7.86396675e-03 -5.18916547e-02]