[ 3.71666886e-02  7.93128610e-02 -5.50480261e-02 -1.82103310e-02
 -7.01358914e-02  1.80958044e-02  1.80580597e-02  4.54686768e-02
 -4.00908887e-02  9.95575115e-02  8.50474462e-02 -2.87897605e-02
 -6.23025633e-02 -1.19255157e-02  5.52995577e-02 -3.73507803e-03
  6.93217292e-02 -3.48358206e-03 -3.56433392e-02  7.40293190e-02
  1.31551072e-01  4.41784272e-03 -6.86473474e-02  3.15104462e-02
 -5.63939326e-02  1.12171797e-02 -5.54082207e-02  8.12967792e-02
 -4.65826765e-02  9.72980820e-03 -1.62249431e-02  7.86180794e-02
  1.50056183e-01 -8.69651046e-03  7.95323327e-02 -5.85541502e-02
  5.05650118e-02 -1.78906210e-02 -2.77398527e-02  7.83996210e-02
 -4.76345196e-02  2.87848264e-02 -9.82428268e-02 -2.15432644e-02
 -3.33021618e-02 -4.17301618e-02  3.92552353e-02  1.72531139e-02
 -4.24744710e-02 -5.55117019e-02 -4.98349629e-02  5.24091255e-03
 -5.27857989e-02 -3.66493203e-02 -3.62250507e-02 -3.87152061e-02
 -4.22711633e-02 -2.01435089e-02  3.35025676e-02  1.86874643e-02
 -9.82828662e-02 -1.37399873e-02 -5.61864860e-02  7.71644933e-04
  4.30829749e-02 -8.51860642e-02  3.77990156e-02  1.08004762e-02
 -8.16193968e-02  6.60474002e-02 -6.10729046e-02 -8.49741027e-02
 -6.00040832e-04  6.09056605e-03 -6.33437335e-02  3.27557586e-02
  2.41405610e-02  4.22125868e-02  4.18151170e-02 -2.40059242e-01
 -1.04459245e-02 -8.36163666e-03 -1.55745968e-02 -3.34980078e-02
 -2.57226750e-02  7.66730960e-03 -3.67851881e-03  1.93700790e-02
  1.16278410e-01 -3.16467844e-02  4.10300791e-02  9.61734653e-02
 -3.11562903e-02 -5.99120231e-03 -2.50905864e-02 -3.28162313e-02
  3.72772366e-02 -8.81472719e-04  5.93636930e-02  2.09473167e-02
  7.34623298e-02 -5.79930982e-03  3.14050429e-02 -3.20853270e-03
 -3.27210426e-02  1.16019230e-02  3.89559893e-03  3.81982909e-03
  4.42412645e-02  1.14493184e-01 -7.46634454e-02  4.13083211e-02
 -2.93295123e-02 -8.58303532e-02 -3.51865999e-02  3.27571146e-02
 -3.12341899e-02 -1.26558663e-02  6.51322901e-02 -2.54336745e-02
 -5.66412508e-03 -6.83845654e-02  5.49833104e-02 -1.83734260e-02
  4.70448919e-02 -3.29110995e-02  2.55363237e-04  8.97452615e-33
 -2.15956289e-02 -8.91689509e-02  3.91689278e-02 -3.01529672e-02
 -1.34346290e-02  3.46718468e-02  1.91196743e-02  5.16581489e-03
  2.66541950e-02  3.93543839e-02 -5.33806793e-02 -3.79784815e-02
 -1.64631475e-02  1.80806569e-03  1.06331989e-01 -3.24236006e-02
  4.31675510e-03 -1.30590098e-02 -1.91962700e-02  6.51655272e-02
  2.33529857e-03  4.59152348e-02  4.38106293e-03  1.82454623e-02
  8.59641004e-03  5.49161360e-02 -8.85117613e-03 -3.70556004e-02
  2.86618397e-02  5.14409617e-02  6.18143082e-02  5.31686470e-02
  4.43334095e-02 -4.16660234e-02 -6.31120503e-02  1.28505146e-03
 -7.16504380e-02  4.27115671e-02 -9.83393341e-02 -1.86314341e-02
 -3.92961651e-02  3.31802620e-03  6.82253838e-02  1.79946760e-03
 -3.92999267e-03 -6.96733147e-02  7.70023614e-02  3.40659916e-02
  8.25885683e-02  6.83017671e-02 -2.44615320e-03 -2.46516149e-02
 -5.94229735e-02 -4.00985293e-02 -2.93985824e-03  3.65718042e-05
 -1.05432272e-01  2.72847135e-02  1.44885862e-02 -7.73774162e-02
  2.72272562e-04 -2.35887989e-02 -1.87182389e-02 -2.48783398e-02
 -3.44174094e-02  4.97322008e-02 -3.24839987e-02  1.80986337e-02
  7.26373941e-02  4.93371710e-02 -3.93472575e-02  3.29118446e-02
 -6.75834045e-02  4.98303324e-02  5.26263639e-02 -1.14074741e-02
  5.65689318e-02  1.20699331e-02 -3.49088870e-02  2.88938917e-03
 -3.47485095e-02 -1.35747716e-03 -1.89899839e-02 -3.84502746e-02
  5.46346642e-02 -3.32865468e-03  4.43099514e-02  8.40946063e-02
 -2.73381136e-02  6.43084124e-02  4.56731282e-02  1.80343892e-02
  4.33619022e-02  4.92108688e-02  7.84873888e-02 -1.04989087e-32
  1.28351916e-02  2.96094827e-02 -3.81205715e-02  2.50938255e-02
 -1.28870504e-02  1.40859690e-02 -4.72721606e-02 -8.16733688e-02
 -7.25933015e-02 -1.25028014e-01  2.13281182e-03 -4.35383767e-02
  4.85682674e-02  1.07643951e-03 -6.11651801e-02  2.81770732e-02
 -4.00125198e-02 -5.55194728e-02 -5.48596717e-02 -2.67583542e-02
 -1.06898025e-02  5.08030951e-02  3.74888517e-02  2.15058755e-02
  2.96944771e-02 -8.96877125e-02 -3.80350649e-02 -2.39108540e-02
  3.26312473e-03 -2.20271721e-02  5.93253002e-02  4.08554077e-02
 -7.81093910e-02  1.17300764e-01 -4.83585857e-02 -9.24467146e-02
 -1.61484592e-02 -4.85595353e-02  3.82601924e-04  8.62388909e-02
 -1.75443664e-02  1.93017349e-02  6.12720586e-02  7.11871311e-03
 -4.79704738e-02  1.61914602e-02  3.49713638e-02 -1.07712515e-01
 -2.68305577e-02 -1.05931535e-01  9.06482413e-02 -3.14114690e-02
 -5.56465760e-02 -3.77311409e-02  6.76035509e-02 -1.57974772e-02
  4.21684124e-02 -6.15792572e-02 -5.09561002e-02 -1.56984441e-02
  6.48308173e-02  3.22751813e-02 -7.79130384e-02 -1.60697624e-02
  4.65127490e-02  3.15914229e-02  2.48307828e-03  2.55039632e-02
  1.00765780e-01 -3.79965268e-02 -1.17463954e-02 -7.41560608e-02
 -1.21285632e-01 -5.51651269e-02 -2.89655216e-02 -7.27129448e-03
  5.51922899e-03  8.14495608e-03 -9.60553531e-03  1.35345636e-02
 -2.41362117e-02 -2.40835287e-02  1.29506504e-02  4.66238009e-03
 -8.64746794e-02 -1.83141157e-02 -3.28724980e-02 -2.77646743e-02
 -7.96359312e-03  1.24938495e-01 -5.41675277e-02  2.19297726e-02
  9.39828381e-02  5.40676787e-02 -1.94368176e-02 -5.52779120e-08
  1.59088280e-02 -5.84046841e-02  5.01921028e-02  1.12623197e-03
  2.12016460e-02 -3.73858996e-02 -2.82875262e-02  1.11372694e-02
  3.17867994e-02  5.09150214e-02  8.06635171e-02 -9.80475452e-03
 -4.18899991e-02  2.03518961e-02 -7.68212322e-03 -6.46880418e-02
  5.41190095e-02  5.87959364e-02 -3.34015675e-02 -2.79733948e-02
  3.87304239e-02 -4.64460999e-02 -1.11855857e-01  3.33933719e-02
  3.39685082e-02 -6.11974262e-02  2.47429125e-02  8.01104009e-02
  3.89918759e-02 -2.15934850e-02 -1.06019964e-02  2.75032893e-02
 -1.38338637e-02 -2.95108967e-02 -6.77848756e-02 -7.78886229e-02
  6.55555055e-02  1.94137283e-02 -1.09451115e-02  8.67005147e-04
  1.29244819e-01 -1.05017692e-01 -5.01201041e-02 -3.17320153e-02
  3.19523588e-02  4.20366377e-02 -2.72040232e-03 -2.43829265e-02
 -1.74669158e-02 -6.24995381e-02 -3.97238806e-02  7.35046789e-02
  8.62532258e-02  4.32054847e-02 -3.26227373e-03  9.08962637e-03
  3.02107669e-02  1.79611277e-02 -5.27260303e-02 -6.67484701e-02
  4.79384027e-02  5.34148514e-02 -1.12418337e-02 -3.11578289e-02]