[-3.11837066e-02  8.06018263e-02  6.98182872e-03 -9.24608298e-03
  1.80819966e-02 -1.25203161e-02 -3.48807126e-02  7.64568523e-02
  1.33056836e-02  2.20712628e-02  1.31597146e-01 -1.48918265e-02
 -5.56374565e-02 -1.08716227e-02  1.15587590e-02 -1.79439429e-02
  3.83989736e-02  5.30912681e-03 -1.47638097e-02  9.55479071e-02
  1.64942548e-01 -3.55786048e-02 -5.30659268e-03  1.83527134e-02
 -5.22274226e-02  3.80379558e-02 -7.24712610e-02  1.88121796e-02
 -4.63954248e-02 -1.50369629e-02  1.67930368e-02  5.39591350e-02
  1.25120789e-01 -6.40039369e-02 -1.47922048e-02 -5.93523867e-02
  9.04335454e-02 -3.69939096e-02 -6.63684532e-02  1.13195494e-01
 -5.03371321e-02 -6.12096339e-02 -8.78788605e-02 -3.75910103e-02
 -2.91439262e-03 -5.04361093e-02  4.33568470e-02  3.78286764e-02
 -1.17353443e-02  2.10711043e-02  2.50278845e-06 -3.45273316e-03
 -4.28106338e-02  4.26704763e-04 -4.11437685e-03 -4.23858054e-02
 -6.57933280e-02 -1.96462367e-02 -5.86294848e-03  1.11728786e-02
 -5.91711327e-02  3.23264524e-02 -9.21015814e-02  1.31240282e-02
  5.98404109e-02  1.88183750e-03  6.37424318e-03 -4.81355302e-02
 -2.11626701e-02  6.04805462e-02  4.48551774e-02 -4.24998440e-02
  7.64118209e-02  5.10962717e-02 -1.33638103e-02  9.61157754e-02
  8.23546760e-03 -1.07678268e-02 -1.54599538e-02 -1.57559350e-01
 -9.49643087e-03  3.29440944e-02 -3.57297957e-02 -7.51612708e-02
  1.94188152e-02 -1.01281311e-02  2.80023590e-02  5.59594370e-02
  2.09699888e-02  5.86134791e-02  4.12007235e-02  5.77174500e-02
 -7.03302994e-02 -1.78583451e-02 -1.23172926e-04 -1.75344385e-02
  1.35865649e-02  5.34644583e-03 -2.84183468e-03 -1.96082015e-02
  5.11921570e-02  1.39558490e-03 -7.11803930e-03  5.59510216e-02
 -5.60037345e-02 -2.20025834e-02 -1.61623470e-02 -1.34217413e-02
 -5.03081642e-03  1.23040617e-01 -4.68395017e-02 -2.55600158e-02
 -7.81331882e-02 -6.75779507e-02 -6.33824915e-02  3.14487075e-03
 -7.04841390e-02 -3.05167623e-02  4.08129171e-02 -1.90936197e-02
  3.29706222e-02 -6.59345761e-02  4.77841757e-02 -1.33046024e-02
  1.41062867e-02 -4.90893386e-02  8.34218711e-02  1.09080094e-32
  4.47131955e-04 -8.87605846e-02 -7.97102973e-03 -3.15534659e-02
 -5.93112558e-02  4.14706282e-02 -7.98696373e-03 -1.94992858e-03
  8.85707214e-02  2.68867724e-02 -4.56404686e-02  3.18609811e-02
 -1.13370847e-02 -2.89983209e-02  5.48316352e-02 -3.35813798e-02
  1.08233862e-01 -4.01502140e-02  7.98951238e-02  2.27809942e-05
 -1.38412211e-02 -3.27688246e-03 -7.37896888e-03  4.74167662e-03
  2.31959671e-02  4.38537672e-02 -6.92815632e-02 -1.69380326e-02
 -7.08614662e-02  5.35065830e-02  8.39003399e-02 -3.21653136e-03
 -7.25815073e-03 -6.26928806e-02 -9.51213837e-02 -2.31741425e-02
  6.08247556e-02  3.68439220e-02 -3.23756523e-02 -6.41456172e-02
 -6.63448265e-03  2.47001909e-02  6.81153908e-02  7.74862319e-02
  9.47710201e-02 -2.86432970e-02  4.30531166e-02  1.14049539e-02
  4.83897813e-02  4.24015746e-02 -3.22028585e-02  1.23336622e-02
  3.24639725e-03 -2.19609998e-02 -7.34298080e-02 -4.40191804e-03
 -6.89554438e-02 -1.35585545e-02 -6.38082400e-02 -3.37936841e-02
  4.09580767e-02  4.09897370e-03  4.65279371e-02 -2.80811097e-02
 -1.13138236e-01 -3.95509265e-02  9.50432569e-03  2.44699400e-02
  7.14631304e-02  1.02408469e-01 -7.02307969e-02  1.64104421e-02
 -1.64170694e-02  4.96091601e-03  3.16619910e-02 -4.40787571e-03
  1.03373170e-01 -1.73402652e-02 -6.10653125e-02 -2.01808382e-02
  2.06645727e-02  5.66074683e-04 -1.99249983e-02 -2.18904135e-03
  3.57832313e-02  1.15578979e-01  4.67455238e-02  7.44939223e-02
  1.72175691e-02  4.61651497e-02  5.63100129e-02  2.05486100e-02
  1.77875310e-02  1.44055272e-02  1.08973213e-01 -1.13371398e-32
  8.94903615e-02  3.55208814e-02  3.89787629e-02 -1.03707714e-02
 -1.25632584e-02  2.24052533e-03  2.66877543e-02  3.30155082e-02
 -5.03170155e-02 -1.27943814e-01 -4.46983166e-02 -9.04566646e-02
  2.44930163e-02 -8.36554542e-02  4.46516695e-03  5.46982065e-02
 -8.99957567e-02  1.34048183e-02 -1.12236748e-02  4.74181405e-04
  3.94486589e-03  9.74736139e-02 -1.80283971e-02 -2.81685535e-02
  2.05181502e-02 -4.69995998e-02 -3.59055288e-02 -9.17657539e-02
 -5.37767671e-02 -1.38774223e-03  4.93495576e-02  3.31785227e-03
  2.45043617e-02  5.80916926e-02 -5.01696020e-02 -2.24315859e-02
 -2.96643423e-03 -4.87111360e-02 -4.96805310e-02  5.47963567e-02
  3.02750766e-02  2.58499775e-02 -1.50363510e-02 -9.66261420e-03
 -7.20196441e-02 -2.25365255e-02  1.87832955e-02 -9.31894407e-02
  1.42102735e-02 -5.83907077e-03  8.74874219e-02 -6.04020692e-02
 -5.83733097e-02  1.14643266e-02  8.78591463e-02 -1.42770801e-02
 -4.99567715e-03 -1.03388518e-01 -1.15323424e-01 -1.51521142e-03
  5.96800037e-02  2.00961232e-02 -5.35637774e-02 -8.73128846e-02
  8.74990821e-02 -2.96928920e-02  1.32564669e-02  1.70244295e-02
  3.47685441e-02  3.27706710e-02  1.45052560e-02 -5.21090627e-02
 -8.63306522e-02 -4.25369013e-03 -1.38697885e-02 -4.21403535e-02
  2.29432359e-02  7.20580993e-03 -3.59683894e-02  7.76099637e-02
 -1.23568743e-01  7.99903879e-04 -5.59745692e-02  3.43505107e-02
 -1.38482228e-01  5.18480018e-02  3.53228226e-02  2.12003924e-02
 -2.79867481e-02  8.44807923e-02  4.48798202e-03  3.78857367e-02
  4.07888778e-02  6.07138425e-02 -2.71249022e-02 -5.39531726e-08
  1.05772158e-02 -7.08605722e-02  5.96979186e-02  4.41851765e-02
  4.11568992e-02 -6.42492473e-02 -5.22708346e-04  2.37831883e-02
  3.12428810e-02 -3.85801098e-03  8.28448236e-02  3.56616490e-02
 -3.73083021e-04 -5.94055690e-02 -7.90728908e-03 -7.13033080e-02
  6.29339293e-02  5.77343330e-02 -6.33309558e-02 -7.37891048e-02
  3.89453657e-02 -8.50763731e-03 -5.66684417e-02 -4.50435914e-02
 -1.45155564e-02 -2.85759307e-02 -4.87339608e-02  6.13387190e-02
 -2.51320507e-02  2.90359855e-02  6.43270928e-03 -7.25253820e-02
  4.66576107e-02 -4.81495932e-02 -3.57688703e-02 -3.52901407e-02
  2.12866552e-02  5.71148749e-03 -6.33962974e-02 -4.42274362e-02
  1.05581068e-01 -1.39908314e-01 -5.79249533e-03  1.20707825e-02
  9.04389750e-03 -1.27767418e-02 -3.39004621e-02  4.02486846e-02
 -5.55185275e-03  8.51224270e-03 -7.02150464e-02  3.04425471e-02
  3.69357467e-02  4.25732769e-02 -1.82226878e-02 -1.33782011e-02
  1.97736342e-02  7.71870278e-03 -3.05320434e-02 -4.25893329e-02
  9.86876339e-02  1.87342623e-04 -5.54364324e-02 -5.88238649e-02]