[-1.87317189e-02  7.60909766e-02 -1.68954898e-02 -8.19706544e-02
 -9.69928280e-02  2.30219681e-02  8.07025563e-03  1.05585225e-01
  8.24080035e-03  4.74718362e-02  1.36304749e-02  2.02165600e-02
 -1.19353449e-02 -1.99511405e-02 -4.98734899e-02 -3.95701937e-02
  5.11807464e-02 -2.64729373e-02  7.43279830e-02 -2.45199050e-03
  5.46455123e-02 -2.23816410e-02 -7.18461573e-02 -1.23128481e-02
 -7.07481876e-02 -4.11432236e-03 -4.48529348e-02 -1.55219305e-02
  2.63346154e-02 -1.02075171e-02 -3.16920727e-02  7.60482103e-02
 -4.44473512e-02  2.59388778e-02 -1.77303310e-02 -2.49544624e-02
  3.02564818e-02 -6.76219091e-02 -1.83362123e-02  2.98806950e-02
 -2.22529061e-02 -5.65994382e-02 -1.01568282e-01 -7.71148801e-02
  2.51261126e-02 -4.04028222e-02 -1.23845926e-02  4.04267199e-02
 -3.70424502e-02  2.24963739e-03 -1.57755643e-01 -5.91357946e-02
  4.19584848e-02  3.81295197e-02 -5.42807952e-02 -5.02328947e-02
  2.91037261e-02  5.27670272e-02 -1.74800549e-02 -5.50349541e-02
 -1.42868673e-02  6.05611056e-02 -9.01599601e-02  5.41977286e-02
  3.22262309e-02 -1.83846080e-03 -1.08033462e-04  2.83783078e-02
 -4.52788547e-02  3.73451188e-02  9.58580151e-03 -6.48275763e-02
  5.32808043e-02 -5.57451183e-03 -5.80395795e-02  2.80844998e-02
 -7.03109652e-02  2.26366818e-02  7.60860518e-02 -1.16575740e-01
  2.72835698e-02  1.61980707e-02 -4.18070666e-02 -3.18456739e-02
 -3.67772318e-02 -4.48911823e-02  5.51130138e-02  3.76399867e-02
  8.09975713e-02  2.18736287e-02  2.73035821e-02  7.60954060e-03
  5.53090535e-02 -3.93065587e-02 -4.24143411e-02 -3.47304195e-02
 -3.69107723e-02  3.07320971e-02  8.22430998e-02 -3.09092458e-03
  4.21149880e-02  4.36499231e-02 -4.54379953e-02  2.72955280e-03
 -8.17623213e-02  3.17420363e-02 -3.04642059e-02 -6.34120703e-02
  7.06371143e-02 -5.65059809e-03 -6.40011206e-02  1.19842691e-02
 -5.81956916e-02 -1.08339563e-01 -3.81475873e-02  2.88954657e-02
 -5.65976426e-02  2.44018231e-02 -3.19466670e-03  1.38346031e-02
 -1.26016876e-02 -6.20747125e-03 -5.86341694e-02 -1.24996006e-02
  7.09052533e-02 -4.63400818e-02  2.73095835e-02  1.07488107e-32
 -1.44079067e-02 -9.10669714e-02 -5.85805923e-02  3.06193046e-02
  6.47484604e-03  8.12563077e-02 -1.46412933e-02  5.63094718e-03
 -4.45138067e-02  5.48233315e-02 -1.32647410e-01  3.70784253e-02
 -1.34641090e-02  9.79754329e-03  7.51655027e-02  1.24863582e-02
 -2.27697995e-02  4.65132371e-02 -3.53447050e-02  7.50379125e-03
  6.46383166e-02  1.15654236e-02  3.15196216e-02  4.41733971e-02
 -1.63220335e-02  6.67831004e-02 -5.05896434e-02 -5.96111156e-02
 -3.63294631e-02  4.62802313e-02 -1.11297634e-03 -1.10751363e-02
  3.42407785e-02  3.50744948e-02 -3.16533111e-02  3.44382972e-02
 -5.58541380e-02 -5.88357169e-03  3.22407708e-02  9.03136039e-04
 -7.80839473e-02  2.76125409e-02  4.96209525e-02 -1.60015989e-02
  7.24314153e-03 -1.11635616e-02  4.93586324e-02 -7.67213553e-02
  1.47344008e-01  1.02453098e-01 -6.92866519e-02 -1.61774643e-02
 -4.45040092e-02 -1.82322264e-02  4.32628281e-02  1.83926318e-02
 -8.95656273e-02  8.71760920e-02  2.70543005e-02 -3.59239951e-02
  2.63788868e-02  7.54789403e-03 -7.33116269e-02  2.14129016e-02
 -8.70862082e-02 -3.81379612e-02  1.60209574e-02 -4.95218076e-02
  1.03220776e-01  2.41488015e-05 -1.01292074e-01  3.30869257e-02
  4.49890941e-02  4.20724414e-02  2.09141765e-02 -2.68001258e-02
  2.90450305e-02 -3.49701792e-02 -3.05706430e-02 -6.55131740e-03
 -8.31173435e-02 -3.19707929e-03 -8.73504020e-03 -1.65736564e-02
  6.80502281e-02  6.16076402e-02  4.19779047e-02  2.40879580e-02
  2.71255355e-02  9.62157771e-02 -2.30966993e-02  2.49454821e-03
 -5.95323294e-02  3.98581997e-02  6.04671240e-02 -1.27902205e-32
  4.28356649e-03 -3.47565189e-02 -8.94806087e-02  2.01076642e-02
  1.21127414e-02  3.47655676e-02  2.46100053e-02  4.72270735e-02
 -5.83045110e-02 -1.66204795e-02  1.78694092e-02 -7.45623857e-02
  6.92328438e-02  6.39205724e-02 -4.39479910e-02 -2.35934108e-02
 -9.56002995e-03 -7.79432580e-02 -7.66593516e-02 -3.03136390e-02
  5.32206856e-02  3.82928662e-02  3.89708467e-02  3.10735479e-02
  3.93658318e-02 -8.30953494e-02  3.13132852e-02 -6.57060593e-02
 -3.24532501e-02  1.88751761e-02  1.66004058e-02  1.40681406e-02
 -5.78037128e-02  1.22815378e-01  5.24776168e-02 -2.97532640e-02
  1.50633931e-01 -2.15480402e-02 -1.13504883e-02  5.30223809e-02
  6.02369979e-02  5.11388704e-02 -8.74727778e-03  1.18460543e-02
 -5.17427959e-02  1.11946706e-02 -9.05717462e-02 -1.13736480e-01
  1.78235490e-02 -1.23415448e-01  5.95025271e-02 -2.78065056e-02
  3.20594050e-02 -4.72899936e-02  4.31752801e-02 -7.09231943e-02
 -5.46463765e-02 -7.51300007e-02 -1.15970351e-01  2.52404921e-02
  1.33834437e-01  3.83558273e-02  3.15296184e-03  1.72906520e-03
  9.18980017e-02  3.76191214e-02 -6.69356883e-02  7.79713364e-03
 -3.41001377e-02  6.99705482e-02  5.10062426e-02 -7.47696683e-02
 -9.04376581e-02 -2.69825589e-02  1.19939223e-02 -3.18148956e-02
 -7.67717138e-02 -2.52723731e-02 -5.81658594e-02  1.96111072e-02
  4.31462750e-02 -1.95343196e-02  1.86692979e-02  8.51476658e-03
 -1.61493830e-02  7.51365498e-02 -5.89414267e-03  1.11020857e-03
 -1.08372625e-02  6.48462176e-02 -5.79481199e-02 -3.07237823e-02
  3.74710448e-02  1.60760619e-02  1.18887769e-02 -5.93470943e-08
 -2.41758022e-02 -8.40189233e-02  5.59820328e-04  2.66858377e-02
 -5.70131056e-02 -6.29530698e-02 -4.08574678e-02 -8.80977698e-03
 -5.78759462e-02  4.78798822e-02  1.17686205e-01 -8.71288106e-02
 -8.75898749e-02  3.62895690e-02  6.23052604e-02 -4.95474413e-03
  2.74459701e-02  9.03597251e-02 -1.40288183e-02 -4.89806607e-02
  4.60907072e-02 -1.01265851e-02 -3.85990217e-02 -7.52111292e-03
  5.06295413e-02  4.84789684e-02 -1.02095986e-02  1.41020184e-02
  9.41708125e-03 -1.47935078e-02 -1.09717564e-03  2.88265087e-02
 -1.94517262e-02 -5.00024334e-02 -6.08891174e-02  2.82412879e-02
 -6.34959340e-02  1.01661272e-01 -8.62824451e-03 -1.60252340e-02
  2.55570114e-02  2.61106004e-04  6.76906155e-03 -3.00166383e-03
  6.65465593e-02  8.87932722e-03 -4.30748574e-02 -1.07946759e-02
  2.40157619e-02 -8.12080875e-02 -4.97263782e-02 -3.02161928e-03
  4.68977503e-02  3.99851315e-02  5.70575707e-04 -1.55326761e-02
  8.73789489e-02 -3.01557649e-02 -7.21220076e-02 -7.50762075e-02
  7.79359937e-02  6.08882345e-02  5.69369607e-02 -4.48822640e-02]