[-1.67372283e-02  6.89885169e-02 -2.07480583e-02 -7.83378072e-03
 -2.34526116e-03 -1.29832923e-02 -7.94917718e-02  8.27907622e-02
  3.22372280e-02  6.28725737e-02  1.25143722e-01 -1.92595832e-02
 -1.87135972e-02  1.65575258e-02  7.34951301e-03 -3.06475535e-02
 -8.62171501e-03 -3.69252375e-04  2.55239033e-03  6.95316046e-02
  1.17868401e-01 -4.29835208e-02 -6.77312315e-02 -9.10025928e-03
 -4.28662226e-02  1.92971178e-03 -8.13551098e-02  1.95833817e-02
 -1.31828096e-02  2.55918559e-02 -4.67619020e-03  1.24237902e-01
  1.41937926e-01 -3.48777100e-02  1.38382865e-02 -2.56471261e-02
  7.54135847e-02  4.97230375e-03 -5.78359179e-02  1.26461804e-01
 -4.64508869e-02 -2.88780499e-02 -5.83002530e-02 -5.98952286e-02
 -4.61644195e-02 -4.21790108e-02  2.07692571e-02  3.05628907e-02
 -4.44462262e-02 -2.91623883e-02 -3.05628609e-02  5.95427863e-02
 -4.79868986e-02  6.50946656e-03 -2.59969141e-02 -1.32020526e-02
 -5.70059828e-02  4.85054916e-03  5.51020307e-03 -1.08082145e-02
 -4.61664498e-02  6.43823370e-02 -8.51759613e-02  1.81227103e-02
  7.10702762e-02  4.31555882e-02 -1.25468532e-02 -1.26767615e-02
  2.19701440e-03  3.51250060e-02  1.90762393e-02 -1.86437871e-02
  6.55142814e-02  3.73452231e-02  1.08515378e-02  7.96132013e-02
  4.90792282e-02  1.13683622e-02  9.60857514e-03 -1.72368273e-01
  1.15017463e-02  6.53829053e-02 -3.03396545e-02 -9.55821276e-02
  3.65214702e-03 -1.84898805e-02  4.56960201e-02  1.56409796e-02
  2.78305206e-02  3.90508659e-02  4.33116183e-02  2.61922330e-02
 -7.58781210e-02 -2.80137677e-02  1.14618121e-02  1.38827553e-03
 -7.35667907e-03  2.20554462e-03  4.60173711e-02 -5.12941331e-02
  7.42784664e-02 -1.59022901e-02 -2.38595717e-02  6.01366125e-02
 -7.83069879e-02 -3.48928315e-03 -5.47880831e-04 -2.35575773e-02
  7.11229024e-03  1.29699245e-01 -7.90216848e-02 -2.57365741e-02
 -4.04138863e-02 -1.08805217e-01 -3.87646519e-02  1.80903152e-02
 -5.08529134e-02 -5.68133481e-02  5.21827899e-02 -7.00576231e-02
  1.13334898e-02 -3.96764725e-02  6.63779825e-02 -1.09011540e-02
  3.18808295e-02 -3.66758928e-02  8.30024406e-02  1.30653449e-32
 -1.70102529e-02 -7.26420805e-02 -2.87102591e-02 -5.78867421e-02
 -6.62202388e-02  4.17584702e-02 -2.66169533e-02  4.26303362e-03
  3.83631699e-02  4.82843705e-02 -2.20555943e-02  4.50684242e-02
 -2.63472088e-02 -7.96471536e-02  1.95598919e-02 -6.56068744e-03
  7.76167214e-02 -7.92137086e-02 -1.02133099e-02  3.81008387e-02
  2.91017350e-03  2.61836983e-02 -1.10632041e-02 -2.70447170e-04
  2.92532146e-02  5.46304621e-02 -4.39816415e-02 -5.64346500e-02
 -2.91677713e-02  4.15102281e-02  6.65933266e-02 -2.37144250e-02
 -2.52204780e-02 -5.23211062e-02 -9.27712023e-02  3.08377761e-03
  3.39927291e-03  2.13999730e-02 -2.36281510e-02 -3.74977700e-02
 -2.86289304e-02  8.46819207e-03  6.17186017e-02  6.13143593e-02
  1.00249104e-01 -7.99153224e-02  4.20642011e-02  5.32467209e-04
  2.74970732e-03  6.18393309e-02 -3.16939130e-02  8.60449299e-03
 -8.10372271e-03 -6.77889884e-02 -5.61006851e-02  1.15594629e-03
 -9.04544517e-02  2.70232130e-02 -3.61457057e-02 -5.00998050e-02
  3.89974527e-02 -5.75989299e-02 -1.78195853e-02 -5.34037873e-02
 -1.08651616e-01 -3.87002714e-02 -5.60496841e-03  3.50102447e-02
  1.18093185e-01  5.73422238e-02 -6.52172416e-02 -3.38683743e-03
 -6.25608042e-02 -1.65134706e-02  5.67735471e-02 -2.67048124e-02
  1.00484267e-01  1.34844128e-02 -6.46325722e-02 -4.91067860e-03
 -2.46279463e-02  7.62253674e-03 -1.76258367e-02  2.85095274e-02
  4.48873676e-02  7.82188773e-02  4.58290055e-02  8.31437260e-02
 -9.14709363e-03  4.98896800e-02  8.12874660e-02  1.37544665e-02
  2.76735350e-02  3.37303691e-02  1.11330569e-01 -1.35345832e-32
  8.60587880e-02  1.20921368e-02 -3.12343147e-03 -2.78920177e-02
 -1.01424074e-02 -2.64638625e-02  2.52941567e-02  3.51227224e-02
 -4.51858342e-02 -1.62805825e-01 -4.37225699e-02 -1.01309657e-01
  6.31993338e-02 -6.69217259e-02 -1.45339090e-02  5.24607413e-02
 -4.74832393e-02  1.72296576e-02 -2.10846588e-02  4.11653668e-02
 -8.58316384e-03  1.01934612e-01 -3.80940661e-02 -4.66630980e-02
  3.71945202e-02 -1.71140060e-02 -2.01979298e-02 -8.78074989e-02
 -6.25619814e-02  1.33507540e-02  3.40779275e-02  4.59931083e-02
 -8.72973166e-03  6.45478740e-02 -5.60009070e-02 -2.13286038e-02
 -6.67960150e-03 -6.63132668e-02 -7.74350092e-02  1.03368461e-02
  4.27740067e-02  4.97087203e-02 -1.46183036e-02 -3.75372544e-02
 -7.65510127e-02  3.46323140e-02  1.64085273e-02 -7.06063509e-02
  4.75533977e-02  2.67418753e-02  6.61538392e-02 -4.74809073e-02
 -3.45109850e-02 -1.93255227e-02  6.15010448e-02 -3.29277851e-02
  3.21998261e-02 -8.64316076e-02 -8.90170336e-02 -2.35984735e-02
  5.12791425e-02  5.53612364e-03 -3.92599031e-02 -8.54846761e-02
  7.31869712e-02 -1.31578688e-02  3.49268736e-03  3.55549864e-02
  7.62045979e-02 -1.50609016e-02  2.42725760e-02 -2.57298499e-02
 -1.29656732e-01 -3.32747661e-02  1.91342866e-03 -1.75454244e-02
 -4.11817245e-03  3.94081697e-02 -2.03326624e-02  6.86241090e-02
 -1.16475828e-01  3.24280150e-02 -1.52390441e-02  2.57003773e-02
 -1.04844332e-01  6.22702464e-02  7.11502507e-03  3.75891174e-03
 -3.17701548e-02  7.72505850e-02 -1.38354618e-02  2.03278512e-02
  5.44791482e-02  4.49226908e-02 -2.50150617e-02 -5.57301334e-08
  2.02426128e-02 -3.91263738e-02  2.48961411e-02  4.34094928e-02
  4.60551865e-02 -6.97048977e-02  1.65556762e-02  2.73636170e-03
 -1.18978703e-02  3.75519209e-02  4.99908030e-02  3.21258195e-02
 -1.95570337e-03 -5.40477447e-02  2.75200792e-03 -5.21031879e-02
  5.03863059e-02  9.45746084e-04 -7.21590891e-02 -1.02099523e-01
  3.64571288e-02 -4.34925221e-03 -1.08947121e-01  2.58372538e-03
  1.02991117e-02 -5.89809287e-03 -8.27582181e-03 -8.97833426e-03
 -6.48984860e-05 -2.03893166e-02 -2.27299985e-02 -3.04952171e-02
  3.38588208e-02 -7.27406293e-02 -8.11212044e-03 -5.17944049e-04
  2.94430982e-02  3.56975980e-02 -7.91828036e-02 -1.15365475e-01
  1.46123976e-01 -6.10436052e-02 -5.60561242e-03 -1.16837211e-03
  1.11267772e-02 -2.71888659e-03 -1.67278741e-02  3.02973595e-02
  2.82425005e-02 -2.65594702e-02 -5.79747818e-02  2.71288864e-02
  3.01054157e-02  6.44288063e-02 -1.92085025e-03 -3.34578604e-02
  3.78350839e-02  1.58086643e-02  2.26540118e-02 -7.63311014e-02
  8.97900239e-02  3.02053262e-02 -3.99095751e-02 -6.75977468e-02]