[ 3.62048410e-02  5.30395545e-02 -2.96896957e-02 -4.22785208e-02
 -6.09531254e-02  5.59490211e-02 -3.28484587e-02  1.29892766e-01
  5.11466712e-02  9.07804593e-02  8.73495191e-02 -5.03983945e-02
 -3.49083096e-02  9.97466128e-03 -2.56962944e-02 -8.81031435e-03
  2.04154872e-03  2.75960583e-02 -2.56471067e-05 -1.44077092e-02
  9.37951133e-02 -4.76875342e-02 -3.06792296e-02  2.91571803e-02
 -5.77436900e-03  2.82631386e-02 -4.40437198e-02  3.30368849e-03
 -4.18368801e-02  4.58051072e-04 -1.50802583e-02  2.80743986e-02
  1.55605868e-01 -3.03506218e-02 -3.18090655e-02 -1.73136580e-03
  3.42236906e-02 -3.92505303e-02  5.29188401e-05  1.05092332e-01
 -6.61678687e-02 -2.60234475e-02 -5.16331494e-02 -9.80455279e-02
 -7.41261104e-03 -2.59670261e-02  6.02757297e-02  5.03752232e-02
 -5.31639457e-02  7.13118585e-03 -2.45567989e-02 -1.78295728e-02
 -6.05956130e-02 -3.06810681e-02  2.61167902e-02 -3.70396562e-02
 -8.29985291e-02 -5.73659502e-03 -1.30547052e-02  5.19145131e-02
 -3.15583274e-02  2.42092088e-02 -4.21823822e-02  3.60102579e-03
  3.07116918e-02  2.20320616e-02 -1.67783385e-03  2.62370631e-02
 -6.49047792e-02  8.36851299e-02  1.07789993e-01 -5.15678599e-02
 -1.12035749e-02  1.73058268e-02 -5.76885603e-02  1.14164405e-01
  4.85164113e-02  4.75841202e-03  4.84818872e-03 -1.61203310e-01
 -3.82772507e-03  2.72102319e-02 -2.92025432e-02 -5.84010594e-02
  4.15743794e-03  4.21573874e-03  3.47068571e-02 -9.45410505e-03
  2.37260461e-02  4.14051525e-02  2.30658781e-02 -2.26084925e-02
 -2.58483775e-02  2.16505602e-02 -1.19732302e-02  1.37044452e-02
 -1.15334503e-02 -1.48208141e-02  7.92001560e-03 -4.62184623e-02
  9.64338779e-02  2.32405122e-02  3.48608680e-02 -3.20496224e-03
 -7.61217922e-02 -3.60715091e-02  1.60240289e-02 -5.05898930e-02
  4.32940125e-02  1.31119788e-01 -1.01014294e-01 -1.10322064e-04
 -1.16021954e-01 -2.74095107e-02 -7.39044771e-02 -9.82200913e-03
 -6.03877828e-02 -4.79914434e-02  4.47126590e-02 -3.32934260e-02
  1.77990869e-02 -7.49738514e-02  6.38057366e-02 -4.46833633e-02
  5.12926169e-02 -6.87870681e-02 -1.31512275e-02  8.00052549e-33
 -6.44865166e-03 -6.66652918e-02  1.34687452e-02  4.87853587e-02
 -3.37314941e-02  3.83511074e-02 -3.12974080e-02  1.95147656e-02
  8.35838728e-03  5.14496341e-02 -8.15020427e-02  9.25556496e-02
 -2.07406729e-02  3.74485068e-02  1.34930596e-01 -8.15925523e-05
  1.07737770e-02  1.60955675e-02 -4.34764614e-03  3.53842005e-02
 -5.35069071e-02  3.95959541e-02 -1.54615147e-02 -1.10768219e-02
  4.19153646e-02  3.47681865e-02 -3.45845409e-02 -7.71453008e-02
 -9.42341909e-02  4.52812910e-02  5.14014028e-02 -1.14148541e-03
 -1.90187637e-02 -6.48692399e-02 -9.56592858e-02 -4.68650311e-02
  2.70234533e-02  3.19284908e-02 -1.24276150e-02 -1.12316925e-02
  2.64388658e-02 -2.04451773e-02  9.91827622e-02  1.63348969e-02
  6.91044033e-02 -1.67302843e-02  5.72446585e-02 -3.91680002e-02
  4.45856787e-02  9.00363326e-02 -3.77974473e-02 -1.81197803e-02
 -5.54976240e-03 -3.72136794e-02  8.84152204e-03 -1.58415595e-03
 -1.20694749e-01  1.89526025e-02 -3.22920084e-02 -9.38028544e-02
 -3.86062674e-02 -2.98792552e-02 -1.76436808e-02  8.07843730e-03
 -7.17758611e-02  5.32612391e-03 -2.46261992e-03 -8.01160466e-03
  9.03700516e-02  2.29302719e-02 -8.82165283e-02 -3.42921503e-02
 -4.70090210e-02  3.31558324e-02 -8.12369119e-03  3.68116586e-03
  3.13173458e-02  5.41172326e-02 -4.04432863e-02  1.35398721e-02
 -3.93646620e-02  2.86993571e-02  3.36112827e-02 -6.60232902e-02
  5.74472323e-02  3.43090706e-02  4.78943214e-02  3.58236060e-02
  1.48089519e-02  8.46198648e-02 -2.06048787e-02  8.06925371e-02
 -4.81964685e-02  3.73009183e-02  6.26195446e-02 -1.14322703e-32
  1.80245824e-02  1.71685417e-03 -2.03325767e-02 -3.07221450e-02
 -1.28914500e-02 -4.53616455e-02  2.31477665e-03 -9.41635016e-03
 -4.30467762e-02 -1.17613837e-01 -9.05397930e-04 -6.18719347e-02
  4.98747155e-02 -4.94882539e-02 -6.78021759e-02 -1.74435414e-02
 -8.17167982e-02 -5.59448376e-02 -3.08937095e-02 -9.86475870e-02
  1.65717043e-02  6.44967034e-02  4.19996381e-02 -2.01603025e-02
  2.16849465e-02 -2.11077984e-02 -2.46680970e-03 -5.87968305e-02
 -6.37950748e-02 -2.45937635e-03  2.67867055e-02  2.30153576e-02
  6.23361506e-02  1.24127060e-01 -1.44740753e-02 -7.16204643e-02
  1.84106994e-02 -4.92373593e-02 -3.42439637e-02  9.23280045e-02
  7.27293044e-02  1.42034367e-01  3.62917036e-02 -3.05962674e-02
 -7.13563561e-02 -1.45887798e-02  3.92531529e-02 -1.44486487e-01
  6.03844114e-02 -8.69509056e-02  7.50818998e-02 -8.00784528e-02
 -4.90079373e-02 -3.64138484e-02  4.80775423e-02 -3.72137018e-02
  3.81225313e-04 -7.18524680e-02 -7.39499927e-02  4.45884056e-02
  6.49956241e-02  5.56580611e-02 -5.86882941e-02 -5.26450537e-02
  2.01203041e-02  1.20555954e-02 -4.92850319e-02  2.54169740e-02
  1.42981131e-02 -5.68513898e-03  3.23804133e-02 -9.19816494e-02
 -4.46817689e-02 -2.34803315e-02 -4.48188335e-02 -7.30685443e-02
 -3.20524089e-02  3.87038291e-02  2.65891850e-02  3.10295448e-03
 -6.60423636e-02 -1.41708669e-03 -7.70859001e-03 -1.46979336e-02
 -4.64179441e-02  4.11905386e-02 -1.43056577e-02  2.42841914e-02
 -4.04990800e-02  7.33495131e-02 -5.24990745e-02  2.99757496e-02
  2.59621218e-02  2.78620776e-02 -2.09026709e-02 -5.87715157e-08
  2.15614885e-02 -4.92786802e-02  4.12247516e-02  4.01239879e-02
  1.71091314e-02 -6.00882359e-02 -1.32075679e-02 -5.27986558e-05
  2.03250684e-02  4.39336747e-02 -9.59745981e-03 -9.60459188e-03
 -1.24514222e-01  2.88836956e-02  3.69947962e-02 -1.09511092e-01
  2.30036452e-02  5.93942180e-02 -6.17208332e-02 -5.68937920e-02
  7.94145167e-02  2.36666799e-02 -7.73040801e-02 -4.65808623e-03
  2.31181756e-02 -6.49475120e-03 -4.04067412e-02 -2.66064443e-02
 -5.38360663e-02  8.94466490e-02  1.20654386e-02  2.07277033e-02
  6.51998743e-02 -3.85468975e-02 -4.74905707e-02 -5.92436232e-02
  2.91586481e-02  3.05179581e-02 -6.20137863e-02  1.57094412e-02
  5.57282642e-02 -1.09681763e-01 -8.44659097e-03 -5.46394289e-03
 -1.91549340e-03 -4.75294590e-02 -7.86951929e-03  1.05856024e-01
 -3.36802006e-02 -3.70654874e-02 -7.05219135e-02  3.37410420e-02
  1.47833657e-02 -3.91646959e-02 -1.21698296e-03 -3.67820077e-02
  1.68655869e-02  3.03243324e-02 -6.41169026e-02 -4.09814902e-02
  1.00278698e-01 -2.22359970e-02  2.03671469e-03 -3.83959897e-03]