[ 2.12408509e-02 -3.49519178e-02 -1.26584813e-01 -3.93228866e-02
 -4.31216434e-02 -5.07466197e-02 -3.41137801e-03  1.22454181e-01
 -1.87456142e-02  9.58337262e-02  5.27441353e-02 -2.46338882e-02
 -3.01543456e-02  2.50763036e-02 -5.37496321e-02 -1.24063954e-01
  7.78101534e-02 -3.38854976e-02 -2.15817299e-02  6.70462698e-02
  2.07770690e-01 -4.97618951e-02  2.48667244e-02 -4.25755559e-03
 -7.67561793e-02  1.87041163e-02 -8.06959495e-02 -2.78628021e-02
 -4.48956899e-02 -3.10751759e-02 -2.08491944e-02  5.79232797e-02
  1.44847423e-01 -8.42937976e-02  1.72505677e-02 -7.39992335e-02
  1.01840839e-01 -1.06047451e-01 -5.08822724e-02  9.93263945e-02
 -5.74114583e-02  1.96550097e-02 -9.19453427e-02  2.83582266e-02
  5.34158163e-02  3.51478308e-02  6.96099736e-03  9.48932171e-02
 -5.73932789e-02  6.87585771e-02 -3.72565612e-02  1.95893180e-02
  2.88426015e-03  2.14387383e-02  2.66414769e-02  6.06550509e-03
 -2.70642545e-02  1.66127663e-02 -5.03307506e-02 -7.83068780e-03
 -3.81818637e-02 -5.05452463e-03  1.57288387e-02  2.40659006e-02
  5.41383922e-02  2.91909073e-02 -1.77384913e-02 -4.87753972e-02
 -3.35470177e-02 -6.15399331e-03  2.04434562e-02 -7.71134719e-02
  3.15243304e-02 -1.79253928e-02 -5.40854149e-02  3.73202786e-02
  2.39713844e-02  2.90438570e-02  1.06304353e-02 -1.40329048e-01
  1.13801770e-02 -1.56260952e-02 -3.26869860e-02  9.00938455e-03
  3.79847325e-02  5.11661684e-03 -1.14814891e-02  2.80874278e-02
 -1.07711433e-02 -9.85459890e-03  4.93635982e-02  4.40436490e-02
 -4.30093370e-02 -5.88148758e-02  1.06487358e-02  6.33876910e-03
 -1.74663682e-02 -2.63543483e-02  6.05692863e-02 -7.47426152e-02
  6.05403632e-02 -3.06622051e-02  2.13767029e-02 -2.86206324e-02
 -6.65484145e-02 -3.99425551e-02  3.37673910e-02  5.88362478e-03
  7.24535659e-02  9.22599360e-02 -7.28518814e-02  2.49547027e-02
 -1.79974933e-03  8.83759174e-04 -1.99764762e-02  1.96712036e-02
 -1.49721829e-02 -6.80605695e-02  7.78190866e-02 -8.09840020e-03
 -9.72745195e-03 -1.29337527e-03  3.06654871e-02 -3.23971026e-02
  6.62923679e-02 -8.10893625e-03 -2.89691668e-02  7.62418950e-33
 -6.26890659e-02 -2.91127674e-02 -4.66736034e-02  9.28248093e-03
 -6.00480884e-02 -6.75238343e-03  1.31502701e-02 -7.30822608e-03
  8.33012536e-02 -5.22345630e-03 -3.14904340e-02  7.93315917e-02
 -1.67258475e-02  3.19354981e-02  4.80066985e-02  1.90140735e-02
  6.94078207e-02  4.49021906e-02 -5.00677489e-02 -5.82113070e-03
 -4.77522276e-02  2.19796747e-02  1.96503308e-02 -9.25353393e-02
  4.30975035e-02  1.15701117e-01 -8.28403234e-02 -6.48588361e-03
 -4.64145318e-02  1.90671291e-02  6.79818094e-02 -1.70160104e-02
  3.46770585e-02 -6.07497133e-02 -7.65828043e-02 -5.29692397e-02
  1.88572779e-02  5.01892753e-02  5.75388549e-03 -1.15754120e-02
 -1.81097705e-02 -1.84279941e-02  3.79523374e-02  3.33271697e-02
  2.61513535e-02 -3.36547308e-02  8.24614614e-03  1.14555443e-02
  9.43935364e-02  2.47889403e-02 -3.12631056e-02 -3.34735177e-02
  4.78261784e-02 -1.07066572e-01 -5.68705611e-02  2.41357423e-02
 -9.56497043e-02 -4.75902185e-02 -2.43565198e-02 -7.13849515e-02
 -2.00620815e-02 -6.86918665e-03 -1.21626304e-02 -4.00050692e-02
 -9.00975317e-02 -2.27654409e-02 -3.59238647e-02  5.54454252e-02
  8.55085775e-02  8.96706730e-02 -9.10109803e-02 -3.90781648e-03
 -1.22153796e-02  5.23516722e-02  6.50966018e-02  2.65017562e-02
  9.59692448e-02  6.23311140e-02 -1.08985029e-01 -2.15947814e-02
  5.79662761e-03 -4.68464196e-03  1.01481425e-02 -1.49662960e-02
  6.26873299e-02  7.96691626e-02  6.73386306e-02  6.74930364e-02
 -5.18344808e-03  1.28723448e-02  3.96656916e-02 -3.35514210e-02
 -6.44031027e-03  4.87308651e-02  4.06383350e-02 -1.03348721e-32
 -6.09159470e-02  3.35081220e-02 -6.64675757e-02 -1.22935493e-02
 -2.10636258e-02 -1.94365173e-04 -3.34390774e-02 -6.05382174e-02
  2.74012331e-02 -1.47374168e-01 -5.71160428e-02 -5.36995418e-02
 -3.85349840e-02 -5.45582995e-02 -3.03892121e-02  1.11787610e-01
 -8.64219218e-02 -1.11939711e-02 -2.90670991e-02 -3.06020305e-02
  3.10799927e-02 -2.99448688e-02  3.08868121e-02 -2.32689432e-03
 -4.50872630e-02 -1.45254703e-03 -1.89694501e-02 -9.03819129e-02
 -2.90028490e-02 -8.09991360e-03  5.91532746e-03 -4.96448688e-02
 -4.81939763e-02  5.17996512e-02 -7.77793527e-02 -1.18299864e-01
 -3.79449986e-02 -3.89762782e-02 -3.66255753e-02  9.80460048e-02
  6.39820844e-02  7.03265890e-02  5.49013913e-02 -4.68203053e-02
 -3.11052073e-02 -2.00093258e-02  6.72716722e-02 -1.35360375e-01
  1.44075463e-02 -2.29706150e-03  1.14966512e-01 -3.35261635e-02
 -1.27195381e-02  2.55571846e-02  4.88961674e-02  2.73895375e-02
 -2.37575173e-03 -5.35419285e-02 -9.67907310e-02  4.27375771e-02
  2.98167635e-02  6.66290596e-02 -1.06285527e-01 -3.11125666e-02
  4.55520190e-02  2.18325201e-02 -2.96346727e-03 -2.91746631e-02
  2.27500759e-02  5.02496697e-02  3.25482488e-02 -7.18379840e-02
 -3.14376689e-02 -9.08774324e-03 -2.18419731e-02 -9.99425724e-03
 -3.76952961e-02  5.08324131e-02 -4.07153964e-02  3.17949541e-02
 -5.42617738e-02 -2.89692767e-02 -6.08957745e-02 -1.54841738e-02
 -6.08847402e-02  2.19034757e-02 -1.28763523e-02 -1.40421847e-02
 -5.44976955e-03  1.97186545e-02 -7.54142106e-02  6.42657429e-02
 -2.29176842e-02 -3.67095252e-03 -4.54780310e-02 -5.86481796e-08
  3.61169204e-02 -2.12269742e-02  4.99153994e-02  6.68288916e-02
 -3.60805588e-03  1.98378973e-02 -3.03381635e-03  4.17505689e-02
 -6.70954073e-03 -2.88081039e-02  2.56391242e-02 -6.56478107e-03
 -6.55694976e-02 -9.04054642e-02 -1.31691601e-02 -5.80044352e-02
  9.07966285e-04  7.92580023e-02 -9.89142619e-03 -3.34699601e-02
  3.07187121e-02 -2.81335190e-02 -6.25975803e-02  4.83368384e-03
  1.66480581e-03 -1.62733290e-02 -1.23419082e-02  2.76784096e-02
 -2.60377154e-02  4.73758206e-02  2.28177644e-02  1.77917164e-02
  3.34304720e-02 -5.68839721e-02  4.37649060e-03 -5.03645241e-02
  6.17010742e-02  8.11624527e-02 -2.87992172e-02  7.22970515e-02
  4.30044010e-02 -1.88732911e-02  8.60446785e-03  2.58382317e-02
  3.60931084e-02 -3.81052233e-02  1.02567645e-02 -1.23608680e-02
  1.01719849e-01 -2.90314723e-02 -8.43426399e-03  6.78905519e-03
  9.61458078e-04  1.96649544e-02 -8.71813670e-02 -2.85496656e-02
  5.12502939e-02  1.63535122e-02 -6.70370087e-02 -1.05943568e-02
  9.66653824e-02  3.18742841e-02  9.76797659e-03  1.21463817e-02]