[-2.07970999e-02  7.25679621e-02  8.01241770e-03 -7.30601549e-02
 -8.30266625e-02 -2.37805378e-02 -7.21191689e-02  6.00922704e-02
  2.71999128e-02  5.10242395e-02  4.87491675e-02 -9.32645984e-03
 -4.63307276e-02 -1.56170055e-02 -1.69612616e-02 -1.41840912e-02
  1.12095028e-02 -1.04938159e-02  3.29156481e-02  1.91537216e-02
  1.16149396e-01 -7.09671006e-02 -8.22274163e-02  6.76318724e-03
 -6.92072138e-02  4.56338376e-02 -7.22376555e-02  2.75229625e-02
 -4.12341915e-02  1.48588084e-02 -4.43879003e-03  6.68867901e-02
  2.30005402e-02 -2.29647011e-02  2.52644476e-02 -1.27731822e-02
  7.97043890e-02 -2.62074750e-02  1.26902256e-02  8.07906315e-02
 -2.88797468e-02 -1.95736485e-03 -5.31935319e-02 -3.36946696e-02
 -2.05778833e-02 -3.40454690e-02  5.80197666e-03  5.82434908e-02
 -3.31971198e-02 -2.12247763e-03 -7.37598836e-02 -1.52705433e-02
  2.92046624e-03  4.36924733e-02 -8.52131005e-03 -2.65814792e-02
 -2.92526296e-04  5.33967540e-02 -7.02991476e-03 -3.11141293e-02
 -3.53516825e-02  5.40585555e-02 -1.10567987e-01  3.74156162e-02
  3.97612201e-03 -7.31266662e-02  3.25531736e-02  8.81206524e-03
 -4.38491665e-02  5.93248270e-02  4.92295213e-02 -3.96355800e-02
  7.08956569e-02 -1.25806089e-02 -7.76847079e-02  4.21558842e-02
 -2.72945222e-02  4.13665213e-02  2.69778613e-02 -1.69069976e-01
  1.79456975e-02 -5.13139926e-03  2.41538882e-02 -8.10126141e-02
 -1.06023485e-03 -6.71171173e-02  3.18884887e-02 -5.64732880e-04
  6.71753064e-02 -5.88137470e-03  6.45327494e-02  2.38387119e-02
 -2.95509323e-02 -1.45603875e-02  1.22789666e-03 -7.09790562e-04
 -2.46080104e-03  1.10474825e-01  1.10811435e-01  6.96756551e-03
  8.62373635e-02 -7.02488609e-03 -2.27812119e-02  1.82616133e-02
 -3.39152254e-02  4.14036810e-02 -4.00642939e-02 -4.32834066e-02
  1.58217791e-02  4.35617194e-02 -6.33717105e-02  4.66142036e-03
  6.38219900e-03 -5.75155281e-02 -2.52987184e-02  7.12333545e-02
 -3.99204530e-02 -3.92847210e-02 -6.24621660e-03 -8.01215414e-03
  1.10077579e-03 -6.63079089e-03 -1.59739784e-03 -3.12210433e-02
  4.47470881e-02 -2.10677218e-02  3.93157303e-02  9.55098711e-33
  1.52207734e-02 -1.46964103e-01 -2.35952903e-02  3.16157559e-04
  1.38679165e-02  4.67215180e-02 -4.60962839e-02  6.80640638e-02
 -1.35598062e-02  2.76009701e-02 -8.33358988e-02  7.19769672e-03
 -1.00947833e-02 -6.85495883e-02  6.58026040e-02  3.03732581e-03
  2.92439349e-02 -5.27142547e-03 -2.02673040e-02 -2.55651772e-03
  4.12492119e-02 -4.94641662e-02 -2.21933872e-02  5.14565073e-02
 -3.46357957e-03  1.09759666e-01 -2.09365897e-02 -5.86450547e-02
 -3.61080170e-02  7.19139576e-02 -6.17482513e-03 -7.07297996e-02
  3.20332944e-02  8.13288894e-03 -8.78836960e-02  2.44373898e-03
 -2.80158464e-02  2.28829943e-02 -4.39506322e-02 -3.66783068e-02
 -3.93363163e-02 -2.39286497e-02  3.71476710e-02  6.38437793e-02
  2.92497855e-02 -2.26239488e-02  4.22116630e-02 -3.93361636e-02
  1.18309714e-01  1.07013047e-01 -4.50286008e-02 -5.69898337e-02
 -1.48487976e-02 -5.02429791e-02  1.26742452e-04  5.05407155e-02
 -1.25523567e-01  6.27634302e-02  1.14960279e-02 -4.80853915e-02
  4.53855246e-02  4.28123921e-02 -5.02880476e-02  3.22449766e-02
 -2.71605980e-02 -3.96614932e-02  2.45621614e-02  2.00735088e-02
  1.20891288e-01 -8.89319461e-03 -1.25048339e-01  2.06352174e-02
  1.44589515e-02  1.85722597e-02  1.98786370e-02 -2.38180291e-02
  1.29501045e-01 -3.13580036e-02 -5.49541153e-02  3.30808829e-03
 -8.05350691e-02 -1.93489175e-02 -2.55646724e-02  1.84023660e-02
  1.92490388e-02  8.10213462e-02  7.87386149e-02  8.39561038e-03
 -3.82597633e-02  7.33333528e-02  5.91548020e-03  1.02486303e-02
 -3.02669294e-02 -4.32179216e-03  8.23252723e-02 -1.04649244e-32
  1.87078994e-02 -2.81449761e-02 -7.74327293e-02  1.31809190e-02
  1.62984915e-02  1.26971379e-02  1.78021775e-03  2.53519658e-02
 -6.72486350e-02 -1.30278751e-01 -9.26323757e-02 -6.73914403e-02
  8.56225565e-02  2.96743494e-02 -6.24603368e-02  1.73176639e-02
 -4.00341786e-02 -4.14607860e-02 -6.57695234e-02 -3.20644770e-03
  2.65591573e-02  9.92786810e-02  4.00593057e-02 -4.29847240e-02
 -5.96164633e-03 -4.82772887e-02  5.45027554e-02 -9.50589105e-02
 -4.32864800e-02  7.56321028e-02  1.67719312e-02 -3.59965302e-02
 -2.12888736e-02  1.28115669e-01 -8.91211443e-03 -2.02304479e-02
  7.52796307e-02 -7.38307238e-02 -3.80452573e-02  4.85806204e-02
  1.40559319e-02  7.55890310e-02  3.99602056e-02 -2.27895826e-02
 -6.00566380e-02  7.52020776e-02 -4.48039025e-02 -5.96653670e-02
  3.27387964e-03 -7.85138384e-02  5.20379171e-02 -1.81659553e-02
 -6.81104660e-02 -1.16536729e-02  7.06196129e-02 -8.07398334e-02
 -4.86072153e-02 -7.10548088e-02 -1.40449107e-01  3.10731381e-02
  2.37951782e-02  3.44512612e-02 -4.61497344e-02 -4.12768275e-02
  1.19743019e-01  4.55003465e-04 -6.76260367e-02  5.18508032e-02
 -7.46347057e-03  7.11876079e-02  2.07728650e-02 -5.62574863e-02
 -1.33070171e-01 -2.34505385e-02  4.98555675e-02  1.84027385e-03
 -5.67568503e-02 -2.00402015e-03 -6.05957061e-02  1.86463501e-02
 -5.82170822e-02 -2.55719689e-03 -1.06362849e-02  9.62162018e-03
 -1.43959196e-02  3.45923603e-02 -1.39042409e-02 -1.85181480e-03
 -2.79918686e-02  6.49438798e-02  2.91514900e-02  7.77399540e-03
  5.61276451e-02  2.48445403e-02 -3.21683055e-03 -5.68802783e-08
  3.57153937e-02 -2.66458895e-02  1.36963651e-02  5.00728413e-02
  5.09299301e-02 -6.51341304e-02 -1.31887775e-02  4.97098193e-02
 -1.87060367e-02  4.84482422e-02  1.31285116e-01 -2.02481169e-02
 -8.14073458e-02 -2.86220666e-03 -8.94064549e-03 -3.42887491e-02
  1.50353252e-03 -1.22398557e-03 -5.09533770e-02 -8.46506953e-02
  1.65087506e-02 -1.42956497e-02 -6.17103726e-02 -2.53121667e-02
  5.07807918e-02  3.85760255e-02 -4.96754162e-02 -1.13221752e-02
  1.42038967e-02 -1.64640155e-02 -7.09314784e-03 -4.61891963e-04
 -1.72318332e-02 -5.19265383e-02 -1.62099767e-02 -3.06231752e-02
 -6.93404675e-02  6.77150860e-02 -5.22398762e-02 -2.34380290e-02
  1.03632860e-01 -6.18777499e-02 -6.01580087e-03  2.06507389e-02
  4.43663485e-02  2.20699497e-02 -6.07617162e-02  2.69434508e-02
  5.72690852e-02 -3.26245725e-02 -7.85380080e-02  4.29836195e-03
  9.50600207e-02  5.87266125e-02  2.17975378e-02 -2.08662660e-03
  7.83196539e-02 -6.43548649e-03 -2.68062800e-02 -2.38435771e-02
  1.18972510e-01  9.73240212e-02 -2.88730022e-03 -2.10282840e-02]