[ 5.59038930e-02  5.92992455e-02 -8.09602346e-03  5.06542157e-03
 -3.57932411e-02  5.35608316e-03  7.10907876e-02  6.71338215e-02
  1.50046023e-02  5.31060882e-02  1.12448946e-01 -2.05803718e-02
 -7.71380728e-04  1.86607335e-02 -1.55562870e-02 -2.27166582e-02
  3.58821191e-02  1.55575934e-03 -9.15795844e-03  1.27540126e-01
  2.21560583e-01 -3.62697081e-03 -5.17598689e-02  3.14293616e-02
 -4.26380597e-02  4.23791213e-03 -7.25541413e-02  3.82680967e-02
 -3.76957580e-02 -7.55330548e-02  3.81376036e-03  8.25540870e-02
  1.33806899e-01 -5.91035597e-02 -1.87750664e-02 -2.10833885e-02
  3.56816649e-02 -1.25610607e-03 -4.17214483e-02  7.95687363e-02
 -6.53959811e-02 -1.39878634e-02 -6.29376620e-02 -3.36818397e-02
  1.25412662e-02 -4.92599756e-02  4.14677635e-02  1.54120633e-02
  7.50225224e-03 -3.21065299e-02 -5.19917496e-02  3.98375280e-03
  9.07992478e-03  2.65306309e-02  5.06292433e-02 -2.54990645e-02
 -5.03590740e-02 -3.18744704e-02 -3.54134403e-02 -3.70461009e-02
 -4.74247076e-02  2.23493781e-02 -9.84756369e-03 -2.57506911e-02
  9.01596546e-02  1.85757747e-03 -1.08626960e-02 -3.77549417e-02
 -4.80323024e-02  2.52716094e-02  2.65875496e-02 -5.97212650e-02
 -2.00442467e-02  6.16180524e-02 -2.04752944e-02  6.54109493e-02
  9.83704999e-03  5.20752482e-02  4.04576547e-02 -1.45619184e-01
  9.93394107e-03  1.06977774e-02 -2.17805207e-02  2.50599831e-02
  7.09198192e-02 -1.91743989e-02  3.13973837e-02  3.66447605e-02
 -1.26547012e-02  8.94580316e-03 -4.83246287e-03  1.52565083e-02
 -8.11234862e-02 -3.70988660e-02  2.15296783e-02 -1.20720714e-02
 -6.03132322e-02  4.32160087e-02  4.05283719e-02 -1.97046772e-02
  7.61239156e-02 -1.56125389e-02 -7.16555491e-02  3.38228755e-02
 -8.73568133e-02  8.98099784e-03 -2.29203757e-02  2.32821312e-02
  8.04832429e-02  1.14948660e-01 -7.70381019e-02 -3.61704864e-02
 -9.33956504e-02 -4.18596901e-02 -6.52027130e-02  8.56427774e-02
 -6.77527487e-02 -3.13835628e-02  4.50776145e-02 -3.25054526e-02
  4.49896082e-02 -1.18096750e-02  7.05646425e-02 -2.72507612e-02
  2.78747417e-02 -4.55073975e-02  3.12297456e-02  1.24694780e-32
 -5.12544252e-02 -8.49011168e-03 -1.71083435e-02 -3.08213178e-02
 -3.40644270e-02 -2.39532292e-02 -5.32892197e-02  3.38163003e-02
  8.52601156e-02  1.59931853e-02 -4.33101170e-02  5.93433715e-02
 -4.57115658e-03 -4.08149064e-02  3.08900345e-02 -3.07495669e-02
  6.49397969e-02 -2.49989554e-02  1.26938745e-02 -6.97706454e-03
 -4.43394817e-02  6.92824945e-02 -3.38721536e-02 -3.27742957e-02
  2.68778130e-02  4.02645860e-03 -4.51172180e-02 -6.74268454e-02
 -6.96325377e-02  4.51058820e-02  1.21126674e-01 -6.09099912e-03
 -2.93931202e-03 -2.30787341e-02 -5.53790145e-02 -1.08018033e-01
  2.76233256e-02 -1.39653552e-02 -2.17747409e-02 -2.00005826e-02
 -1.81862619e-02  8.62042792e-03  6.74037635e-02  2.55953949e-02
  1.26846749e-02 -5.03433459e-02  3.84265259e-02  6.04912192e-02
  1.39221519e-01  9.83060822e-02 -4.20061089e-02 -8.00351519e-03
  8.62495676e-02 -2.90406123e-02 -4.29323502e-02  4.20467742e-02
 -8.34079683e-02  6.53145686e-02 -2.63747554e-02 -1.55400336e-02
 -5.01468740e-02 -8.50289967e-03 -2.55568307e-02 -1.30779566e-02
 -7.16776699e-02 -8.35007988e-03 -1.63156074e-02  1.81061719e-02
  1.03539169e-01  4.93368357e-02 -5.67722768e-02 -3.90467942e-02
 -2.57519819e-03  5.04359901e-02 -2.45437808e-02  3.27147357e-03
  7.38003328e-02  1.80465709e-02 -7.37436339e-02 -1.05335154e-02
 -4.63256016e-02  5.09357415e-02 -3.96550111e-02 -5.26335835e-02
  1.13741346e-01  2.13545039e-02  5.96880130e-02  1.22127319e-02
 -7.15839416e-02  1.05933271e-01  4.24994119e-02  5.40397987e-02
 -5.09932004e-02  4.45268340e-02  1.15900431e-02 -1.31747453e-32
  1.78498346e-02  4.22910936e-02 -3.43200676e-02 -2.10519172e-02
  1.17968684e-02  3.41783799e-02  2.40683020e-03 -1.06322579e-02
 -7.42986426e-02 -7.64987990e-02 -4.28029103e-03 -9.82124805e-02
  2.45239604e-02 -4.80954573e-02 -5.61079457e-02  5.58011793e-02
 -8.20609480e-02 -2.32742690e-02 -6.41364232e-02 -4.52817744e-03
 -2.49904133e-02  1.32170305e-01  2.68426929e-02 -2.74344664e-02
 -7.06948340e-03  3.26422183e-03 -2.54312046e-02  2.92905141e-02
  6.99704466e-03 -1.10833002e-02  3.12155504e-02  4.40808386e-03
 -8.24430361e-02  5.92779294e-02 -3.34831215e-02 -1.75198857e-02
  4.56858939e-03 -3.42475958e-02 -2.83026639e-02  1.16003111e-01
  4.19383077e-03  2.20921040e-02  4.37601395e-02 -4.77059558e-02
  7.43000768e-04 -5.53941056e-02 -3.33456807e-02 -9.06298906e-02
  1.91576630e-02 -5.10431118e-02  9.74927321e-02 -4.23672087e-02
 -3.77765074e-02  1.76457241e-02  1.80090852e-02 -2.54915450e-02
  5.42592332e-02 -1.03983551e-01 -1.01153553e-01 -2.39731744e-02
  1.15938470e-01  6.03744946e-02 -2.37137880e-02 -2.26062424e-02
  2.54788287e-02 -1.04450136e-02  3.29384282e-02 -1.77268463e-03
 -1.01701273e-02 -7.11278897e-03 -3.93997468e-02 -1.00130737e-01
 -3.63560505e-02 -1.68269444e-02 -5.72975143e-04  8.27387720e-03
 -4.09564376e-02  2.66886409e-03  1.23308618e-02 -5.14958985e-02
 -1.08971424e-01 -2.50972174e-02  1.53994048e-02 -7.35741183e-02
 -7.02943504e-02 -1.04603833e-02 -5.52513450e-02 -2.51806211e-02
  1.07420748e-02  7.69337639e-02 -1.80423930e-02  6.01868778e-02
  2.33314317e-02  1.21860206e-02 -3.56974676e-02 -6.38391597e-08
  1.60284955e-02 -5.11344597e-02  9.61980820e-02  1.59904361e-02
  2.77087167e-02 -8.02189186e-02  2.66083162e-02 -3.55255418e-02
  1.66776869e-03 -3.18668754e-04  2.45932024e-02 -2.37865467e-03
 -2.35497598e-02 -6.16773479e-02  1.85594689e-02 -9.91736874e-02
  4.80649248e-02  9.22194198e-02 -5.05434051e-02 -1.04063518e-01
  3.75508219e-02 -3.06533650e-02 -1.24918222e-01 -5.33971116e-02
  2.58066170e-02 -6.66081160e-02  5.02486667e-03  4.00365563e-03
 -1.61485989e-02  8.52283090e-03 -2.80951150e-02  2.53057405e-02
  4.79020178e-02 -9.03204978e-02 -6.28349856e-02 -2.58456822e-03
  3.31880748e-02  1.03758443e-02 -5.29327281e-02  2.43072677e-02
  6.96721897e-02 -5.13197258e-02 -5.98559575e-03  2.80462652e-02
  6.94711506e-02 -6.96656331e-02 -3.12958211e-02  7.00762048e-02
  3.87629531e-02 -5.98205701e-02  2.02078782e-02  1.32096410e-02
  8.58346093e-03  1.39484620e-02 -5.71536422e-02  5.40968329e-02
  6.24576816e-03  2.03388836e-03 -1.23597411e-02 -3.18468772e-02
  8.00712109e-02  6.56139627e-02  1.55402469e-02 -7.70717785e-02]