[ 1.46476254e-02  1.56465918e-02 -5.50301634e-02 -3.67843248e-02
 -5.62567413e-02 -5.78454870e-04 -4.70764842e-03  1.36574149e-01
 -2.04860270e-02  2.87612118e-02  1.15401439e-01 -2.04287600e-02
  7.20518176e-03  1.04453109e-01 -2.74256263e-02 -3.13148461e-02
  6.45912141e-02  4.19754349e-02 -4.58449684e-02  1.02447726e-01
  1.40507326e-01 -9.41480510e-03 -6.74035996e-02  5.76138534e-02
 -8.54267776e-02 -2.04133876e-02 -6.05433360e-02 -5.76864034e-02
 -2.02181470e-02 -1.84276551e-02 -2.94491500e-02  7.88026378e-02
 -3.19277868e-02 -5.43061197e-02  2.44966196e-03 -1.17919398e-02
  5.40534407e-02 -3.74039337e-02 -4.26382944e-03  6.71125799e-02
 -6.67319000e-02 -3.48386578e-02 -6.91402480e-02 -2.72629671e-02
 -9.35881108e-04 -5.56092747e-02  5.66456132e-02  1.53300101e-02
 -2.30148360e-02 -1.77584440e-02 -4.09997366e-02 -2.20938437e-02
 -5.33356853e-02  5.43553531e-02 -4.59793583e-02 -9.73748490e-02
 -4.29195464e-02 -4.53208946e-03 -1.03085609e-02 -1.12539595e-02
 -2.09529269e-02  4.11975235e-02 -3.08071803e-02  7.74179995e-02
 -9.90430079e-03 -4.76432359e-03  6.91158418e-03  4.07391787e-03
 -2.95866597e-02  4.45433073e-02  6.97311759e-02 -1.02197200e-01
  1.56743657e-02  3.32065742e-03 -3.65166808e-03  4.72813845e-02
  1.73741635e-02  6.47757128e-02  3.47373970e-02 -1.47738770e-01
  1.33859990e-02  6.09187186e-02  1.20916972e-02 -6.67254627e-02
  4.59410511e-02  9.85063985e-03 -9.87672806e-03  7.11411908e-02
  9.47938114e-03  1.90394185e-02  5.43359853e-02  3.55694219e-02
 -3.91020887e-02 -7.49324411e-02 -1.87794175e-02 -4.33841906e-02
  2.84159854e-02  1.52751699e-03  6.43374994e-02 -2.78913341e-02
  6.32767081e-02 -3.15065123e-03 -4.08234894e-02  2.46884376e-02
 -7.77054206e-02  1.28378365e-02 -4.38101124e-03 -5.14957160e-02
  2.47788196e-03  1.15799434e-01 -6.16271086e-02 -5.90158021e-03
 -6.39423802e-02 -8.89328197e-02 -5.42586781e-02  7.65809044e-02
 -5.38292080e-02 -8.41821637e-03  7.99624175e-02 -2.63822060e-02
 -5.50793372e-02 -3.55331972e-02  6.54304773e-02 -5.98749593e-02
  6.16189241e-02 -4.20222580e-02  2.81898286e-02  6.31804189e-33
 -1.02633424e-01 -8.78162608e-02 -5.94727322e-02  2.66229995e-02
 -2.83850450e-02 -1.12328837e-02 -5.22338226e-02  1.51262013e-02
  4.61116061e-02  5.26100583e-03 -7.29302019e-02  3.81092727e-02
  8.45553703e-04  3.46452892e-02  8.40635523e-02 -1.58912353e-02
  4.42392044e-02  2.64789518e-02  9.22091398e-03 -4.63938294e-03
  2.91128736e-02 -6.57272115e-02  2.54760627e-02  1.16601009e-02
 -1.13557549e-02  2.87320018e-02 -4.92734686e-02 -1.08967023e-02
 -1.45879760e-02  4.43099849e-02  5.23475632e-02 -2.98553295e-02
  2.68252939e-02 -1.96904819e-02 -1.13381617e-01  1.67929512e-02
 -3.52148339e-02  1.98434163e-02 -1.06055718e-02 -2.49531213e-02
 -5.44518009e-02 -2.69525778e-03 -1.11982482e-03  4.46417220e-02
  5.60481139e-02 -4.06506844e-02  3.66888791e-02 -1.01719722e-01
  8.70792009e-03  6.80491924e-02 -6.90361187e-02 -5.95572479e-02
  1.72733869e-02 -6.83074743e-02 -3.30231851e-03  2.32659262e-02
 -1.06647052e-01  1.48009008e-03 -6.32166341e-02 -1.13355555e-02
 -2.52745077e-02  2.59975325e-02 -9.58532933e-03  8.13435856e-03
 -1.18933963e-02 -4.34930548e-02 -3.06194164e-02 -2.71010189e-03
  1.26836181e-01 -2.18383302e-05 -8.88810530e-02  4.18546274e-02
 -3.62679188e-04  1.86693408e-02  6.13164902e-02 -3.21477912e-02
  1.49188591e-02 -4.84424122e-02 -6.94677755e-02  1.03360205e-03
 -8.42460915e-02 -1.55367283e-02 -8.67214426e-03  5.62819093e-02
  5.82979433e-02  3.98075059e-02  1.36324586e-02  2.76968051e-02
 -3.87552753e-02  7.18281567e-02  1.03332633e-04  4.23848927e-02
 -4.88916188e-02  8.15604068e-03  1.08181663e-01 -9.93002453e-33
  4.68470715e-02  3.09451185e-02 -2.70655449e-03 -3.70497294e-02
 -1.32653266e-02  4.81545739e-02  9.07180179e-03 -7.85457045e-02
  1.40778534e-02 -1.32449985e-01 -1.18981786e-01 -4.00713980e-02
  6.42244741e-02 -7.37511786e-03 -5.47027476e-02 -2.07529403e-02
 -1.32685035e-01 -4.22198512e-02 -4.12989557e-02  2.77350284e-03
  1.31159164e-02  4.56109866e-02  3.49539681e-03 -2.95008998e-02
  2.02219840e-02 -5.64175472e-02 -8.06699172e-02 -5.01946956e-02
 -1.49453175e-03  3.21261622e-02  3.48730274e-02  1.06113618e-02
 -1.67279653e-02  1.01449423e-01 -4.17002067e-02 -1.09530669e-02
  7.90341571e-02  1.05364360e-02 -6.42128512e-02  4.99806628e-02
  2.19513439e-02  1.01209924e-01  7.67766777e-03 -4.19594646e-02
 -5.70509620e-02  1.62083674e-02  2.79733390e-02 -1.66138142e-01
  7.47164190e-02 -9.01418254e-02  1.33874968e-01  2.15926301e-03
 -5.42299040e-02 -2.15189066e-03  7.88546354e-02 -8.33206624e-03
 -3.87337767e-02 -1.04693078e-01 -9.57849100e-02 -7.21125305e-03
  6.56801239e-02  6.87727407e-02 -2.48756390e-02 -6.88119382e-02
  8.62926096e-02  8.22600257e-03 -5.62788881e-02 -2.34019943e-02
  3.73229124e-02  2.49640904e-02  7.71316215e-02 -4.18502651e-02
 -8.39983001e-02 -1.64699517e-02  6.15395270e-02 -6.15768582e-02
  2.79944371e-02 -1.35105262e-02 -8.13942850e-02  2.82189231e-02
 -1.06287021e-02 -9.70216747e-03 -1.64196044e-02 -7.94053171e-03
  5.05996461e-04  5.80548262e-03 -1.36793796e-02 -1.22333542e-02
  2.18341476e-03  1.12533264e-01 -3.80643532e-02  4.72811982e-02
  2.54434366e-02  2.58739479e-02 -4.15089205e-02 -5.82894444e-08
 -1.19715752e-02 -2.91537587e-02  4.18458553e-03 -6.15439436e-04
 -6.61887899e-02  1.05470689e-02 -4.81892973e-02 -1.17903342e-02
 -3.99538176e-03  7.25433677e-02  4.59643379e-02  3.58706452e-02
 -2.60676462e-02  4.48914096e-02 -1.47835631e-02 -6.04538396e-02
  3.84180844e-02  3.95572223e-02 -5.60168028e-02 -3.19759771e-02
  3.07119396e-02 -2.51302999e-02 -1.08175486e-01 -2.00441759e-02
  8.39437246e-02 -6.58342093e-02 -2.34176926e-02  5.84700285e-03
  8.45964346e-03  2.44492348e-02 -2.41560321e-02  3.17612989e-03
  2.12920420e-02 -7.28910044e-02 -3.08481185e-03  2.62142206e-03
  1.74885523e-03  6.69494271e-02 -2.69573517e-02  4.72723432e-02
  7.44256303e-02 -6.99765533e-02 -1.76398810e-02  1.89777627e-03
  8.66837278e-02 -3.63049582e-02 -4.14075032e-02  6.91866353e-02
 -2.50712899e-03  1.78101528e-02 -4.44026999e-02  1.51983146e-02
  5.31095378e-02  2.74946876e-02  4.92441515e-03  2.65514478e-02
  4.75330949e-02 -2.79401187e-02 -1.07674114e-02 -1.64779332e-02
  8.59393850e-02  7.89456069e-02  6.32518083e-02 -5.93215823e-02]