[-7.81613439e-02  3.76185426e-03 -9.68249068e-02 -8.55417177e-02
 -5.45584001e-02  6.78649778e-03  7.33400583e-02  1.00032255e-01
  9.22005326e-02  4.15089652e-02  1.15583844e-01 -1.33309616e-02
  4.54899706e-02 -5.35585126e-03  1.09112477e-02 -1.03633665e-01
  1.25411730e-02 -2.21678317e-02 -4.78693796e-03  2.79463921e-02
  9.80445221e-02 -5.82560617e-03  6.33054134e-03  2.05588881e-02
  1.48028452e-02 -7.02362284e-02 -5.19982092e-02 -1.01428702e-02
 -4.03489731e-02 -4.35698554e-02 -3.61033082e-02  6.10025488e-02
  9.02141482e-02  8.44705664e-03 -4.14510518e-02 -3.70323360e-02
  3.78456227e-02 -2.33744900e-03 -4.58939858e-02  6.27047420e-02
 -8.02993774e-02 -2.50253994e-02 -6.84705451e-02 -3.02255563e-02
 -4.61511407e-03 -3.40853148e-04 -3.10315052e-04  2.89742518e-02
 -9.86105502e-02  6.39592437e-03 -2.99033020e-02  1.43332884e-03
 -1.68749020e-02  4.98183407e-02  2.24944693e-03 -1.02431066e-01
 -3.89063023e-02  3.70587148e-02 -4.39196341e-02  4.19603474e-02
 -3.80215198e-02  4.44254279e-02 -2.80975606e-02  2.41638049e-02
  8.69510404e-04  6.42516688e-02  1.77056901e-02 -6.98074093e-03
 -4.12686728e-02 -7.55057409e-02 -4.37304564e-02 -6.08762801e-02
 -2.72076093e-02  4.01314087e-02 -6.37316406e-02  6.59721270e-02
 -1.72636043e-02  4.22531962e-02 -2.98947599e-02 -1.41158819e-01
  3.04346662e-02  8.26253444e-02  4.97041875e-03 -2.75155399e-02
  1.48027660e-02 -3.11215147e-02 -1.74330510e-02  2.27955580e-02
 -2.05416102e-02  1.50356200e-02  6.97916374e-02  7.29804160e-03
  1.08858319e-02  7.86284544e-03 -2.61172908e-03 -2.30924804e-02
 -5.59747592e-03 -1.98969878e-02  5.58450408e-02 -4.27466072e-02
  3.58270481e-02  4.47764061e-02 -1.52286217e-02  1.35058463e-02
 -6.13122620e-02 -2.15046834e-02  1.35282632e-02 -3.42203453e-02
  6.56977370e-02  8.51769447e-02 -1.31929278e-01 -3.33717130e-02
 -1.24481484e-01 -1.26255468e-01 -5.54603562e-02  1.06009953e-02
 -9.40032378e-02  1.42149609e-02  6.69964254e-02 -8.33316967e-02
 -8.73108953e-03 -4.05176580e-02  3.21827792e-02 -1.96143612e-02
  5.96639290e-02 -4.70943265e-02  7.81719312e-02  7.84191604e-33
 -5.16835861e-02  6.61570951e-02 -3.69688496e-02  5.58344200e-02
 -2.22273618e-02  8.24777111e-02 -4.57382686e-02  2.11730078e-02
  2.97280606e-02  1.21977078e-02 -9.05446559e-02  5.97409345e-02
 -2.74549499e-02 -2.13013906e-02  1.28058568e-01  3.68087590e-02
 -6.55284617e-03  1.78786926e-02  4.37632315e-02  2.09956281e-02
  2.03845855e-02  8.69413931e-03  3.41439582e-02 -1.07330531e-02
  1.40429586e-01  4.99924906e-02 -4.87103574e-02  3.11477613e-02
 -2.88637262e-02  6.22822018e-03  5.77446483e-02 -1.29900752e-02
  4.42782603e-02 -5.25043346e-02 -1.80428755e-02 -2.37366036e-02
 -2.73734815e-02 -1.82472300e-02  8.32570775e-04 -1.35471821e-02
  2.16792747e-02  6.94491260e-04  1.07031344e-02  9.85976867e-03
  3.79602350e-02 -6.33984164e-04  3.55139971e-02  7.60964397e-03
  1.12420291e-01  3.77493650e-02 -3.15419883e-02  1.12983352e-02
 -3.10160704e-02 -1.20565556e-02  9.11053568e-02  2.67551057e-02
 -4.87350188e-02  1.21915329e-03  1.67683680e-02 -4.99584526e-02
 -3.23136672e-02 -5.59318112e-03 -7.38279289e-03 -3.30666378e-02
 -5.20407185e-02 -9.13581718e-03 -2.99869198e-02 -1.45556517e-02
  1.08799525e-01 -3.08144465e-03 -6.92982897e-02  2.84872018e-03
 -5.78357503e-02  3.55535522e-02 -2.89705787e-02  1.81693975e-02
 -5.17947823e-02  2.44160108e-02 -6.69261962e-02  3.71684767e-02
 -3.13054696e-02  5.86338667e-03  2.87868045e-02 -1.19007016e-02
  5.01465797e-02  8.17635059e-02  3.29900272e-02  4.15451042e-02
  1.68943051e-02  6.77111745e-02  6.59740120e-02  1.01186007e-01
 -8.07895362e-02  8.42843056e-02  5.04937097e-02 -1.06238828e-32
 -1.21066384e-02  2.37612589e-03 -7.06067234e-02 -2.68184450e-02
  1.01161161e-02 -3.04016415e-02 -1.63394448e-04  2.69090626e-02
 -1.86453089e-02 -7.98977241e-02 -2.90171448e-02 -9.54613462e-02
 -4.48310468e-03 -8.49336311e-02 -5.02291834e-03 -2.90518682e-02
 -1.05395131e-01 -8.84514675e-02 -2.51483731e-02  3.12933624e-02
 -3.81916910e-02 -3.71412598e-02 -5.17881773e-02 -8.91279522e-03
  6.65042326e-02 -2.86501739e-02 -7.00548887e-02 -5.80779801e-04
  2.29066778e-02 -7.63336793e-02  9.28060617e-03 -3.55722308e-02
 -2.70822365e-02  1.37805700e-01 -5.72502334e-03 -6.51151165e-02
  8.71674493e-02  1.96744297e-02 -1.58654619e-02  9.07086581e-02
  1.13325261e-01  1.13314271e-01 -4.93141524e-02 -2.88032405e-02
 -3.85692380e-02 -8.49569514e-02 -1.45221408e-02 -9.47692543e-02
 -1.06594700e-03 -7.81989470e-02  1.31367266e-01 -4.37344275e-02
  3.90343927e-02 -1.67869553e-02  4.20156084e-02  5.85066266e-02
  1.26561029e-02 -3.53727601e-02 -3.19506153e-02 -3.93327810e-02
  7.23296031e-02 -1.14682980e-03  1.56566431e-03  2.90292520e-02
  6.71527684e-02 -3.32078226e-02  1.73638500e-02  1.20824315e-01
  2.90038460e-03  1.30698178e-03  4.41180058e-02 -1.14290886e-01
 -3.08150724e-02 -1.27420098e-01  2.57081445e-02 -4.93999310e-02
 -5.73449768e-02  5.61130531e-02 -2.80998852e-02 -2.53370218e-03
 -2.39190776e-02  7.51053020e-02 -1.33368000e-02  2.49764845e-02
 -2.88952496e-02  3.12195197e-02  5.76012470e-02 -1.63193755e-02
 -3.80009823e-02 -7.32798362e-03 -6.82154819e-02  3.53637226e-02
  2.27711862e-03  1.10758141e-01 -1.84434373e-02 -5.93236500e-08
  1.98440850e-02 -4.08500805e-02 -1.14150215e-02 -3.18138897e-02
  6.52286708e-02 -8.41727555e-02 -2.42754519e-02  2.69961152e-02
 -3.75029370e-02  1.43757910e-02  4.04416807e-02 -4.38748188e-02
 -1.07467100e-01  1.05863092e-02  5.86051270e-02 -8.24506283e-02
 -2.19227318e-02  6.55986881e-03 -1.52277285e-02 -3.09732538e-02
  1.04131386e-01 -2.38041952e-02 -8.76667127e-02 -1.91928372e-02
  4.31357548e-02 -2.84262411e-02 -1.91861372e-02 -5.39875729e-03
 -1.07448921e-02  6.23762943e-02 -5.48330359e-02 -5.01991510e-02
  2.96812039e-02 -3.11346035e-02  1.12634739e-02  1.04512037e-04
  4.50962782e-02 -3.00135668e-02 -3.52373123e-02  1.19856019e-02
  9.01856571e-02 -9.35989469e-02 -1.24492664e-02  2.27045896e-03
  6.21236227e-02 -1.79908779e-02  9.46415868e-03  1.35278888e-02
 -8.60889908e-03 -5.02210632e-02 -8.63744542e-02  3.31972055e-02
  2.26844698e-02  2.09038146e-02 -4.09137681e-02 -6.09119534e-02
  2.12998912e-02 -1.13425096e-02 -2.10416177e-03 -2.94482857e-02
  3.82153615e-02  2.50360295e-02  2.42034979e-02  1.30197583e-02]