[ 4.46390966e-03  2.72368621e-02  7.97974411e-03 -1.06087260e-01
 -8.28810483e-02 -6.95915818e-02  5.43920398e-02  1.34027466e-01
  4.58037257e-02  7.39160180e-02  1.30767673e-01 -6.73323274e-02
  3.50263715e-02 -7.41540827e-03 -8.95629358e-03 -3.29980068e-02
  7.91319162e-02 -3.42832170e-02 -9.48766842e-02 -1.22863902e-02
  6.89262971e-02 -4.00979891e-02 -5.64990519e-03  1.08548319e-02
  2.21516956e-02 -2.20505148e-02 -4.45584990e-02  5.43355988e-03
 -5.61361015e-02 -6.53658882e-02 -3.98828946e-02  4.58314344e-02
  8.93656313e-02 -4.91004661e-02 -4.68699709e-02 -2.19771694e-02
  6.67031705e-02 -3.30937803e-02  6.33269898e-04  1.82295982e-02
 -6.12145737e-02 -3.43701057e-02 -5.08592390e-02 -2.22769678e-02
 -7.04357699e-02 -1.93588417e-02 -6.55469820e-02  6.57958612e-02
 -8.32906272e-03 -5.90186007e-02 -6.19474649e-02  4.68450226e-02
 -2.78027225e-02  5.62750921e-03 -2.65256297e-02 -4.03939262e-02
 -7.17385709e-02 -6.50440156e-03  8.27736109e-02 -1.67599376e-02
 -2.53402982e-02  5.40641882e-02 -7.96735063e-02  3.61787006e-02
  8.17201212e-02 -2.92592254e-02  1.81177072e-02 -2.13179104e-02
 -1.33263394e-01  1.01966709e-01 -2.03052182e-02 -2.58865990e-02
  5.20299114e-02  4.09807898e-02 -2.78582424e-02  1.82114858e-02
  4.17677946e-02 -6.73876191e-03  6.31581843e-02 -7.49765411e-02
  6.58724457e-03 -5.00270948e-02 -1.85722020e-02 -4.21814881e-02
  3.27257402e-02 -4.17287908e-02  9.65347141e-02  7.42668584e-02
  5.86040094e-02 -4.08175066e-02  2.53585316e-02  7.64067098e-02
 -4.18439955e-02  1.85667500e-02  1.09765921e-02  1.93373729e-02
 -5.28111905e-02 -4.47104545e-03 -8.74864217e-03  1.66594665e-02
  1.14614023e-02 -4.98047564e-03  7.58686662e-03 -2.58407891e-02
 -1.12480998e-01 -2.80476939e-02 -4.53018863e-03  3.42873186e-02
  4.95456718e-02  3.61184515e-02 -1.00320235e-01 -2.04695798e-02
 -2.23841704e-02 -8.54896307e-02 -3.46742533e-02 -3.03018987e-02
  3.07768900e-02 -2.34534033e-02  6.77578077e-02 -4.86844890e-02
  5.16773351e-02 -8.98026768e-03 -1.17713865e-03  8.85860901e-03
  5.01940101e-02  6.35305792e-03  9.40357968e-02  1.79304134e-32
 -4.18269038e-02 -3.51111554e-02 -4.72378321e-02 -3.89688648e-02
  1.23555423e-03  4.26018760e-02 -1.21800132e-01  5.55300042e-02
 -2.30544736e-03 -9.09167924e-04 -1.37237474e-01 -3.64741236e-02
 -3.08100265e-02  3.43178138e-02  1.14168137e-01  1.98632060e-03
  6.06973693e-02  1.40101854e-02  2.60452786e-03 -5.46416268e-02
 -5.39781414e-02 -9.92505578e-04  2.68936101e-02 -1.87078174e-02
  7.63180032e-02  2.87724659e-02 -1.62438862e-02 -8.39125272e-03
 -5.34294061e-02  5.49486279e-02  3.25119197e-02  4.19030170e-04
 -2.84724794e-02 -8.73174444e-02 -3.72280329e-02  1.97087526e-02
  1.02656305e-01  3.39363981e-03 -3.00131906e-02  1.50948400e-02
 -8.18352401e-02  3.63406390e-02 -1.48134595e-02  1.31172885e-03
  3.58161852e-02 -3.33977230e-02  5.22792153e-02 -2.73075104e-02
  2.92436965e-02  9.20363665e-02 -1.11484647e-01 -1.57993753e-02
  2.26703845e-02 -2.63926834e-02  2.60143578e-02  7.81026706e-02
 -6.52913079e-02  2.28700656e-02  1.95596796e-02 -6.25409186e-03
  1.02322204e-02  7.78481290e-02 -4.05306229e-03 -4.02031392e-02
  2.64306795e-02  3.24134789e-02  2.53183842e-02  9.63747315e-03
  6.55910596e-02  6.75955936e-02 -6.27003312e-02 -3.33384946e-02
  9.51689482e-03  2.96583958e-02 -1.74023267e-02  1.41662853e-02
  1.94784198e-02  3.27230804e-02 -3.29976343e-02  6.82300469e-03
  7.54325092e-03 -1.77394878e-02 -1.57618318e-02 -7.01377168e-02
  7.35779330e-02  8.45413376e-03  7.74816871e-02  1.66882183e-02
 -5.06292805e-02  6.74763620e-02 -2.81927381e-02  3.78569290e-02
 -3.90192447e-03  1.83423366e-02 -2.20454745e-02 -1.81166984e-32
 -4.57448959e-02  3.21250781e-02 -3.53052057e-02  2.15980448e-02
 -6.59045279e-02 -8.24663136e-03  7.13136569e-02  3.35060321e-02
  1.57902427e-02 -4.43872437e-02 -5.52507713e-02 -6.65792599e-02
  5.20559661e-02 -8.01460445e-02 -2.09914967e-02  6.82201795e-03
 -2.23028790e-02 -5.62486611e-02 -1.24649554e-02 -2.69347839e-02
  8.84369686e-02  9.20865238e-02 -6.30494813e-03  7.17510656e-02
  3.81095894e-03 -1.84546653e-02 -4.40302864e-02  1.09294159e-02
 -6.09040819e-02 -9.34031382e-02  7.09734857e-03 -4.67438176e-02
 -1.16960071e-02  7.14324191e-02 -9.69550461e-02 -1.11229494e-02
  4.47308645e-02 -3.35079059e-03  2.91613806e-02  5.94156906e-02
  6.12002648e-02  6.49535432e-02  2.56133508e-02 -8.09637308e-02
 -8.24674964e-02 -8.81816447e-03  4.38037887e-02 -9.94189531e-02
 -2.75880676e-02 -1.39336213e-01  1.23257481e-01  2.42815241e-02
 -1.88068999e-03  4.78501320e-02  4.41997908e-02 -3.97634543e-02
 -3.82850729e-02 -1.23371318e-01 -5.20495512e-02 -6.01823442e-03
  7.87326545e-02 -3.43943350e-02 -1.32678356e-02 -4.29115407e-02
  1.18320525e-01  1.06741078e-02 -5.56516312e-02  4.94238511e-02
  8.69591832e-02  1.87545561e-03  9.76613164e-02 -4.05946188e-02
 -9.75007936e-02 -8.26598257e-02  3.28296050e-03  4.49957885e-03
 -6.45379722e-02  4.29712795e-02  5.64300967e-03  4.93875220e-02
 -1.02687394e-02 -6.88919798e-03 -9.61624645e-03 -4.98602167e-02
 -1.04560286e-01  6.14250079e-04 -1.95119455e-02 -4.28987145e-02
  1.40375746e-02  1.23286089e-02 -5.41231483e-02  2.61923857e-02
  5.57269342e-02  6.37127310e-02 -2.32857652e-02 -6.26344772e-08
  2.04661470e-02 -7.50733241e-02  2.37204265e-02  5.43118222e-03
  7.88614713e-03 -3.03190611e-02 -4.19163816e-02 -4.11387458e-02
 -3.86986546e-02  2.07293686e-02  7.29448423e-02 -6.53652009e-03
 -4.20265347e-02  8.12584832e-02 -1.09744202e-02 -2.82617193e-02
  8.02965648e-03  3.19222994e-02 -1.37250610e-02 -2.88661867e-02
  7.33102188e-02  3.75164561e-02 -4.16111238e-02 -5.49645312e-02
  2.70043723e-02  5.65800294e-02 -8.73305090e-03  1.28659774e-02
 -5.84193133e-02  4.59669449e-04 -7.00833648e-02 -3.72116826e-02
 -2.03275923e-02 -6.00165613e-02 -4.79568616e-02  8.34143162e-03
 -5.97328655e-02  3.76267508e-02 -6.52489886e-02  8.64933245e-03
  8.64571705e-02 -4.22304124e-02 -2.33397279e-02  3.55470181e-02
  5.80325201e-02 -6.17507622e-02  1.47749707e-02  2.96348613e-02
 -8.39467440e-03 -9.03610587e-02  4.16880213e-02 -1.37886312e-02
  1.28851775e-02 -2.57547554e-02 -5.09588234e-02 -1.12475745e-01
  4.36933152e-02 -5.17201552e-04 -4.84962426e-02  3.03856786e-02
  1.17912412e-01  8.21762010e-02 -1.94674991e-02 -4.69618812e-02]