[ 3.55775058e-02  4.60416172e-03 -5.53533323e-02 -1.45744262e-02
  2.56473734e-03 -1.60585791e-02 -1.77472201e-03  9.45748612e-02
  2.66235159e-03  2.07474548e-02  4.25138399e-02 -1.13962293e-01
 -4.84773424e-03  3.38021442e-02 -1.73686054e-02 -3.76582891e-02
 -2.83817574e-02  5.37125543e-02 -4.69318517e-02  4.30448242e-02
  1.80266559e-01 -2.66793910e-02  3.78419161e-02  3.37944068e-02
 -9.50873923e-03  4.93550487e-02 -8.37632269e-02  4.62036990e-02
 -2.96565369e-02 -1.03003457e-01 -5.32076806e-02  1.02436870e-01
  1.65785775e-01 -1.13220714e-01 -1.74144621e-03 -2.90106889e-03
 -3.99937406e-02 -6.41794726e-02 -1.63558926e-02  8.69892016e-02
 -7.32048079e-02 -1.70773044e-02  4.20328341e-02  3.07822996e-03
 -6.21094294e-02 -6.68462515e-02 -5.23842452e-03  1.78289972e-02
  5.38829714e-02 -1.21441372e-02 -1.40250521e-02  2.23607775e-02
 -7.19844922e-02  9.67803672e-02  1.27593083e-02 -4.92457747e-02
 -5.35190888e-02 -2.63657309e-02  1.01919062e-02 -1.43674342e-02
  4.02136296e-02  6.51612505e-02 -8.79370719e-02 -9.99124795e-02
  5.70047870e-02 -3.01789660e-02 -2.82435901e-02 -6.40794560e-02
 -5.82658015e-02  6.56492710e-02  6.48597553e-02  5.24433888e-03
  2.30223387e-02  6.25213906e-02 -4.62313332e-02  5.83975278e-02
  2.00063474e-02  1.31403832e-02  5.22403687e-04 -8.26609656e-02
 -2.93246005e-02  3.62297520e-02  2.22323909e-02 -9.75440368e-02
  3.42553407e-02  2.16302481e-02  4.18551676e-02 -3.84111633e-03
  8.36508162e-03 -3.32068512e-03  7.63107538e-02  8.61193836e-02
 -1.05034284e-01 -7.12902565e-03 -5.85203767e-02  1.37963183e-02
 -5.87048568e-03  9.71926656e-03  6.39268756e-02 -2.18286049e-02
  8.26677456e-02  4.54535745e-02 -4.68427874e-02 -4.24094871e-02
 -7.31489360e-02  5.44172153e-03 -6.64857635e-03  7.41506964e-02
  4.62520793e-02  6.52602911e-02 -8.23734403e-02 -5.38959242e-02
 -9.02165007e-03  2.86680972e-03 -6.97084963e-02  9.98834427e-03
 -6.28654903e-04 -6.29656529e-03 -6.84188455e-02  5.82243176e-03
  3.30292955e-02 -2.48435158e-02  1.13818660e-01 -1.47303250e-02
  4.70409840e-02 -9.14528742e-02 -5.66374622e-02  1.40570978e-32
  2.94064861e-02 -3.14647928e-02 -1.47610418e-02  4.49890345e-02
  2.31797993e-02 -8.54149275e-03 -1.00020304e-01  5.37685566e-02
  2.16392893e-02 -4.16761786e-02 -9.30635780e-02  5.21123558e-02
  5.29287243e-03 -2.10267920e-02  1.17433056e-01 -9.62650254e-02
  7.04848021e-02 -6.53665960e-02  1.09413695e-02  1.27523700e-02
 -9.01140198e-02  5.92003055e-02  4.23736498e-02  1.07581960e-02
  2.85353530e-02  9.60223228e-02  1.16875791e-03 -4.14227657e-02
 -1.07595272e-01  4.26316746e-02  6.35514930e-02  2.80832988e-03
 -9.20338184e-02 -8.91089719e-03 -1.87724568e-02 -5.75788282e-02
  6.29023612e-02  3.24865431e-03 -9.23478827e-02  1.94165949e-02
 -2.10152604e-02  4.29738648e-02  7.98222870e-02  4.17541526e-02
  1.73863564e-02 -1.11115789e-02  4.60769609e-02  8.10606107e-02
  9.27755013e-02  6.36615753e-02 -4.59900126e-02  1.33681074e-02
  2.95508243e-02 -4.06305306e-02 -3.65510322e-02  4.02883142e-02
 -3.82696688e-02  2.76327897e-02 -2.27069971e-03 -1.66858695e-02
  7.42508331e-03  3.70109677e-02  2.62712967e-02  1.59983821e-02
 -4.07061800e-02  2.14037523e-02 -9.34234336e-02  1.64990742e-02
  1.08548328e-01  5.17561920e-02 -5.10469191e-02 -1.27335088e-02
  2.51357183e-02  6.62770495e-02 -1.82148349e-02  2.66870111e-02
  5.19872345e-02 -6.09046221e-02  2.14056857e-02 -3.83250625e-03
 -5.30204736e-02  5.20031452e-02  7.48150051e-03 -6.57392889e-02
  1.04513178e-02  3.30279693e-02  3.29810940e-02  3.04743052e-02
  3.40830506e-04  2.73690242e-02 -2.40437705e-02 -2.26610061e-02
 -5.80583280e-03 -8.85879770e-02 -5.34871081e-03 -1.26214151e-32
  5.87870106e-02  3.24104987e-02 -3.62197943e-02  2.06718612e-02
  3.00458749e-04  1.87286716e-02 -1.93008631e-02 -4.94376943e-02
  9.82874911e-03 -3.92812118e-02  2.30232701e-02 -3.19478400e-02
  5.60533032e-02 -7.87714869e-02 -1.36220790e-02  8.04692060e-02
 -7.68216476e-02 -3.97223659e-04 -6.60762563e-02 -4.88787144e-02
 -7.91455880e-02  1.22207925e-01  1.00726793e-02 -2.25284882e-02
 -3.46108563e-02 -9.62500460e-03 -6.88538626e-02 -3.75448726e-02
  3.44410799e-02 -4.70626075e-03  5.16759083e-02 -4.89171594e-02
 -4.15421091e-02  1.45903146e-02 -5.07569872e-02 -3.77055854e-02
  7.51375332e-02  6.23506447e-03  3.02558690e-02  6.09950535e-02
  1.65373944e-02  3.23714390e-02  4.19198200e-02 -1.67545006e-02
  1.49707608e-02 -1.15641437e-01  4.77924421e-02 -7.14937598e-02
  2.78766658e-02 -1.35825602e-02  7.53747746e-02 -6.32399246e-02
 -7.57212341e-02  1.57535970e-02  2.25309916e-02 -6.08457951e-03
 -3.14620063e-02  7.67021440e-03 -9.51317027e-02 -1.29857454e-02
  1.64221153e-02  5.64415567e-02  3.63299064e-02 -4.15557697e-02
  9.19379666e-02  3.55504416e-02 -7.10112648e-03  5.99041507e-02
  6.89453483e-02  2.76529714e-02  6.18617125e-02 -2.89254207e-02
  2.02519577e-02  8.28074757e-04  3.34936641e-02 -5.69633115e-03
  6.59688748e-03  3.47176604e-02  2.33799592e-02  2.56903712e-02
 -2.24872865e-02  3.67780705e-03 -3.03676557e-02 -4.44724001e-02
 -6.21365979e-02 -4.16988656e-02  2.24963967e-02  2.03596577e-02
 -1.42673813e-02  1.50172608e-02  7.06909318e-03 -1.74892519e-03
  1.04435183e-01  3.82831767e-02  6.51439056e-02 -5.85801594e-08
 -1.81533583e-02 -3.65810283e-02 -4.07028906e-02  2.75541265e-02
  6.58035427e-02 -1.45401778e-02 -3.77854183e-02 -4.77918722e-02
  6.83427183e-03 -2.08189413e-02  6.97776163e-03  6.31962791e-02
 -4.22853604e-02  2.35644467e-02 -3.66825424e-02 -5.70953190e-02
  4.48347181e-02  1.23726010e-01 -5.64607009e-02 -2.37763450e-02
  8.89694318e-03 -2.15942767e-02 -3.80150378e-02 -9.12094768e-03
 -5.00391908e-02 -5.64657860e-02 -6.12989701e-02 -3.45127694e-02
 -1.70550086e-02  2.66681798e-02  1.21761914e-02  1.20274862e-02
  5.58657087e-02 -1.22767814e-01 -7.98779074e-03  2.08232217e-02
 -2.76693469e-03  8.20455421e-03 -5.81598096e-02  8.18818435e-02
  9.86079350e-02 -1.42104775e-01 -4.09279466e-02  3.14345732e-02
  4.02859189e-02 -8.05954486e-02 -8.22908431e-02  4.10794728e-02
 -1.23865781e-02 -4.44170795e-02 -2.34642401e-02  2.99655199e-02
 -1.17032090e-02 -4.29524034e-02 -3.65842432e-02  2.37819143e-02
  5.83912386e-03 -4.66205785e-03  2.48272587e-02 -1.07033532e-02
  6.33137301e-02  2.19646916e-02  1.35536138e-02 -8.89495015e-02]