[-5.09405807e-02  1.05967097e-01 -7.61657581e-02 -9.22520906e-02
 -8.31584707e-02  2.54030675e-02  3.02710161e-02  6.85509741e-02
  2.47516092e-02  9.54621136e-02  6.18203990e-02  6.66841269e-02
 -2.90294867e-02  1.36382394e-02  1.80209447e-02 -5.18093556e-02
  2.00427659e-02  1.17694950e-02  1.65843647e-02  4.11649942e-02
  1.35482222e-01 -2.91126091e-02 -6.29703552e-02  2.10869852e-02
 -4.05882597e-02 -5.92221059e-02 -4.53129672e-02  2.69705174e-03
 -8.40388685e-02 -1.53966649e-02 -2.95686089e-02  2.11006738e-02
  3.02391779e-02 -3.06615215e-02  2.55663041e-02  4.37717550e-02
  8.05088431e-02 -7.41160214e-02 -2.92144567e-02  6.19429126e-02
 -5.63659184e-02 -3.74243446e-02 -6.69332966e-02 -1.21965269e-02
  1.01732872e-02 -4.14238125e-02 -5.51850609e-02 -2.58118622e-02
 -8.15638453e-02 -9.67545714e-03 -1.00634329e-01 -1.17071951e-02
  3.02604232e-02  1.83623545e-02 -2.56701000e-02 -6.25406578e-02
 -2.12646443e-02  3.18248495e-02 -2.14929823e-02 -2.85276156e-02
 -1.60554592e-02  4.60526869e-02 -3.95694152e-02 -1.04028201e-02
  6.66722730e-02 -9.11957491e-03  2.00918633e-02 -6.52536601e-02
 -3.65167926e-03  9.13097523e-03  7.97716808e-03 -5.08657731e-02
  2.97038965e-02  5.24034016e-02 -7.40363523e-02  8.18752795e-02
 -4.00184514e-03  5.83878681e-02  6.12742417e-02 -1.29159480e-01
  2.98887603e-02 -2.60232147e-02 -4.00556112e-03 -7.53093837e-03
 -2.86683571e-02 -7.57913338e-03 -2.83847246e-02  3.02498993e-02
  1.13052696e-01  2.16420516e-02  1.34734839e-01  4.99363244e-02
  3.05568427e-02 -3.82833593e-02 -1.55389886e-02 -5.94639126e-03
  2.84916963e-02  2.65949816e-02  5.27123325e-02  3.13580297e-02
  9.15774852e-02  4.20569703e-02  2.30805837e-02 -4.95308265e-03
  4.01573675e-03  6.53071851e-02 -7.80641614e-03 -4.29052971e-02
  2.62817144e-02 -9.37196705e-03 -1.00356355e-01  8.33548047e-03
 -7.28304908e-02 -6.74729571e-02 -8.07497278e-02  4.82882597e-02
 -1.52453752e-02  4.62571625e-03  5.96091300e-02 -7.40189431e-03
  1.95544269e-02 -4.48911218e-03 -4.32624929e-02 -1.07530318e-01
  3.82570773e-02 -1.08072618e-02  1.38665587e-02  1.31116242e-32
 -5.96573390e-02 -2.62903348e-02 -1.03992166e-03  7.87731074e-03
 -1.01591669e-01  6.51317742e-03 -2.95051858e-02  1.52361859e-02
 -4.00544293e-02 -7.98799936e-03 -7.91794062e-02  3.91641073e-02
  6.23969547e-03 -1.17637990e-02  3.26569825e-02 -3.82600166e-02
 -2.17157658e-02 -3.25445347e-02  1.97655819e-02 -1.60218384e-02
  5.00401901e-03 -3.53119522e-02  3.19290385e-02 -3.35551724e-02
  3.90247042e-05  6.28045127e-02 -4.90166806e-02 -4.92229164e-02
 -3.90010104e-02  5.87926097e-02  5.65435924e-02 -5.45639126e-03
  4.61501069e-02 -5.20656146e-02 -1.90010611e-02  5.26017547e-02
  3.65381725e-02 -7.06527615e-03 -3.18693928e-02 -5.42229749e-02
 -6.58541322e-02  2.76734941e-02  6.03112541e-02  7.04347715e-02
  1.06568504e-02 -2.49894708e-02 -2.48690625e-03 -2.65480764e-02
  1.28618360e-01  8.66824985e-02 -6.66030869e-02 -4.10291404e-02
 -4.01911288e-02 -4.66181450e-02 -1.22669199e-02  3.47864591e-02
 -4.13302965e-02  5.56029901e-02 -4.55913730e-02 -7.35318512e-02
  1.09538632e-02 -2.67468970e-02 -4.55203019e-02  5.12878597e-02
 -5.51972678e-03 -4.33647595e-02  9.58055072e-03 -4.72067818e-02
  1.43179968e-01 -9.38120037e-02 -8.17479342e-02  3.08886338e-02
  4.07274887e-02  3.90482210e-02 -7.47694671e-02  1.09566813e-02
  2.82991678e-02  2.37978399e-02 -2.92124804e-02  5.82475739e-04
 -8.96313041e-03 -1.40545238e-02 -5.11035509e-03  2.67969985e-02
  9.51019078e-02  3.23899947e-02  1.89542379e-02  3.80057213e-03
  1.06096854e-02  7.19564632e-02  4.14994434e-02  4.80462089e-02
 -1.51649676e-03  3.51060964e-02  2.75712647e-02 -1.41293128e-32
  1.96927637e-02 -3.38852145e-02 -6.44838661e-02  2.98568085e-02
 -1.52929826e-03  1.35856792e-02  1.40191782e-02 -1.13817854e-02
 -4.92076240e-02 -5.63182123e-02 -3.46963070e-02 -1.15955554e-01
  9.93033648e-02 -8.21105612e-04 -7.81360641e-02 -1.21487612e-02
 -1.20110117e-01 -5.57626858e-02  2.75124088e-02  3.62506285e-02
  6.18446469e-02  6.63453639e-02  3.06289308e-02  4.73485813e-02
  1.97441783e-02 -6.17781468e-02 -1.87891033e-02 -6.85865507e-02
 -8.77770409e-02 -2.72285677e-02  3.64389047e-02 -3.86183895e-02
 -1.67658459e-02  1.29822940e-01 -4.34471704e-02 -7.85831362e-02
  1.29330114e-01 -2.69386731e-03  2.54592393e-02  7.08965510e-02
  6.08402118e-02  9.04715508e-02 -1.15934871e-02 -6.53927922e-02
 -5.52286059e-02  1.26525220e-02 -1.51123945e-03 -8.24522227e-02
  4.76792753e-02 -8.42110068e-02  1.02246003e-02 -1.28476135e-02
  1.55421556e-03 -6.15386777e-02  1.01241007e-01 -3.25214826e-02
 -6.47269338e-02 -1.22777566e-01 -1.35760799e-01  7.16572180e-02
  8.39157328e-02  4.15553488e-02 -5.68306521e-02  2.93142628e-02
  1.54003680e-01 -3.04303411e-02 -8.41358826e-02  5.56539819e-02
 -5.48185920e-03 -3.35570201e-02  4.61830944e-02 -9.22909006e-02
 -5.35108559e-02 -3.27934511e-02  3.69697139e-02 -5.92520311e-02
 -3.06065679e-02 -7.30427128e-05 -5.88581488e-02  2.01435667e-02
  8.25241022e-03 -3.51439677e-02 -4.08108644e-02  3.90702523e-02
  1.49398986e-02 -1.57944169e-02  1.22470958e-02 -1.95906162e-02
 -2.02320646e-02  5.53511791e-02 -5.15196808e-02  2.60692053e-02
  7.06553236e-02  5.65095879e-02 -3.76402587e-02 -6.66183695e-08
  2.67552417e-02  1.39462892e-02  1.00738527e-02  1.63601115e-02
 -3.17224599e-02 -3.61480117e-02 -7.57877016e-03 -2.54810210e-02
 -5.27228974e-02  3.11773550e-02  4.19456884e-02 -6.24330807e-03
 -5.08414470e-02 -3.22038941e-02 -1.35601126e-03 -4.77238484e-02
  4.07964103e-02  4.01737802e-02 -3.36842313e-02  1.20412279e-02
  4.91073877e-02 -3.28542888e-02 -4.10805866e-02 -3.17115821e-02
  3.38599794e-02  2.55518630e-02 -3.52631509e-02  8.51519927e-02
 -1.58903131e-03  3.38091776e-02 -9.68150124e-02 -6.21734827e-04
  2.71115024e-02 -8.21531489e-02 -4.90176678e-02  1.11583788e-02
 -2.94678863e-02  4.14755791e-02  2.99884807e-02  1.57280769e-02
  2.82832421e-02  1.20331533e-02 -4.04034778e-02  1.78892782e-03
  7.28477240e-02  5.95415710e-03 -8.51249322e-02  7.43163154e-02
  3.28463293e-03 -8.18361267e-02 -3.95058356e-02 -5.60638383e-02
  4.95642722e-02 -4.90768533e-03  3.12338918e-02  2.24549137e-03
  8.65413249e-02  8.30495730e-02 -2.56092772e-02 -2.41038948e-02
  1.02440566e-01  5.47445938e-02  2.13114657e-02 -2.52377652e-02]