[-5.86378686e-02  2.43065041e-03 -4.77063917e-02 -4.11345735e-02
 -7.11027980e-02 -1.06580975e-02  3.81916389e-02  1.28865987e-01
  5.36143743e-02  7.79367462e-02  8.87355953e-02  6.59294054e-03
  5.71677387e-02 -4.16799961e-03  1.10040288e-02 -3.61606255e-02
  2.43726578e-02  2.08800472e-03 -1.38134975e-02 -5.06090783e-02
  1.42699301e-01  5.12753800e-02 -3.91885787e-02  4.51385267e-02
 -1.02859661e-01 -3.07923742e-02 -5.54872602e-02 -4.85043228e-02
 -2.69197021e-02 -6.53533712e-02 -5.97670414e-02  2.91888323e-02
  6.27401173e-02 -3.69034871e-03 -3.58095020e-02 -3.06634586e-02
  4.03132439e-02 -3.37518454e-02 -8.38164799e-03  7.61264563e-02
 -1.01756684e-01 -7.26168836e-03 -1.05882660e-01 -6.23223707e-02
 -4.68798093e-02 -1.60338283e-02 -2.16587130e-02  6.83650598e-02
 -4.00580913e-02  3.80890490e-03 -9.63182673e-02  2.74369610e-03
 -2.05106419e-02 -3.59486789e-02  4.83295545e-02 -9.24793035e-02
 -2.29437859e-03  3.91787365e-02  1.06522143e-02 -6.40490849e-04
  6.18077698e-04  3.51632386e-02 -6.34374991e-02 -7.05714279e-04
  5.79421222e-02  9.24258381e-02 -5.84292673e-02 -1.70586095e-03
 -5.95132681e-03 -1.65228720e-03 -3.94288823e-03 -3.80065404e-02
  2.07840987e-02  5.76368980e-02 -3.60303633e-02  2.58770194e-02
  2.74801459e-02  7.06731156e-02 -4.12972756e-02 -1.30929515e-01
  4.54483405e-02  9.00035501e-02 -1.40974103e-02 -5.30477203e-02
  1.41367214e-02 -1.90070868e-02  9.32197180e-03  4.50765938e-02
  7.33512864e-02  1.86246503e-02  4.63792570e-02 -2.29144916e-02
 -6.21991232e-02 -1.08870622e-02 -2.28893906e-02  1.07726762e-02
 -4.35990170e-02 -8.70747566e-02  3.95960286e-02 -2.97262669e-02
  7.02353269e-02  2.49083433e-02 -4.05945145e-02  1.12248387e-03
 -6.50467426e-02 -3.14291455e-02  1.32758226e-02 -5.44665568e-02
  9.43883732e-02  1.00124076e-01 -5.12325577e-02 -5.13057671e-02
 -6.87121823e-02 -1.00164846e-01 -4.60842736e-02 -2.52353139e-02
 -4.70911600e-02  5.99490805e-03  5.63030690e-02 -7.30013102e-02
  5.09359525e-04 -3.56779546e-02  3.31930555e-02  1.51223794e-03
  6.89140707e-02 -7.18696341e-02 -2.55320407e-02  1.28089197e-32
 -2.70138681e-02 -2.97457669e-02 -4.99462336e-02  6.80962875e-02
  2.31231581e-02  5.18642031e-02 -5.96796386e-02 -4.32447605e-02
  3.61156948e-02  8.22836906e-02 -6.52479529e-02  6.03517331e-02
 -8.87029767e-02 -1.71539723e-03  1.42520949e-01 -1.24565531e-02
  4.11973372e-02  2.58966815e-03 -1.54438699e-02 -1.02410400e-02
 -2.88958345e-02  3.55065651e-02  3.41512859e-02  2.77460311e-02
  7.83806816e-02  3.51044647e-02 -6.88407198e-02  1.47202041e-03
 -3.62825170e-02  2.94818189e-02  3.28216925e-02 -3.15231830e-02
  3.03603020e-02 -1.96543727e-02 -6.32319450e-02 -3.90138403e-02
 -3.11825909e-02 -2.10994110e-02  8.58033262e-03 -2.47455481e-02
 -1.33259799e-02 -2.89912429e-03  1.46908788e-02  4.01843078e-02
  2.17468683e-02 -7.29935616e-02  2.87362207e-02 -8.86892434e-03
  4.71362881e-02  3.65670323e-02 -5.73951378e-02 -9.75508895e-03
 -1.30591625e-02 -8.02276209e-02  6.08512983e-02  3.88132297e-02
 -7.86676779e-02  5.39685413e-02  3.68523858e-02  7.26247905e-03
 -8.76108930e-03 -2.53874753e-02  4.20341454e-03 -4.25348170e-02
 -3.27635370e-02 -2.16897600e-03 -7.31030926e-02 -2.71694772e-02
  1.59920722e-01  4.79586199e-02 -9.53145772e-02  6.01204298e-03
 -3.37900035e-02  5.35995401e-02  2.75548697e-02 -3.94690298e-02
  5.82415657e-03  5.17949509e-03  8.39526125e-04 -1.13606930e-03
 -2.13283226e-02 -3.37887257e-02  1.12280333e-02  5.79453865e-03
  4.50372919e-02  5.33683458e-03  2.01872718e-02  1.50306091e-01
 -4.40593325e-02  5.74076325e-02  1.60203781e-02  1.19161539e-01
 -3.42768542e-02  2.02212948e-02  4.15221900e-02 -1.48222535e-32
  1.76408347e-02  6.25245273e-02 -8.61715153e-02 -3.90981138e-02
 -7.11709261e-02 -4.50389124e-02 -1.13669988e-02 -4.26916294e-02
 -8.75570476e-02 -1.09109543e-01 -2.27028094e-02 -8.27791467e-02
  3.95424403e-02 -4.03118134e-02 -7.78001696e-02  2.74500977e-02
 -2.17379089e-02 -7.37211853e-02 -9.25671607e-02 -2.73181871e-02
 -5.77544682e-02  5.79279289e-02 -1.67700611e-02 -2.36073583e-02
  3.42468522e-03 -3.85412723e-02 -3.09584718e-02  5.81064075e-02
 -4.74250019e-02 -1.14217345e-02  4.60007740e-03  1.50316134e-02
  7.53514096e-03  7.87562877e-02 -4.42718714e-02 -5.08294776e-02
  1.14858247e-01 -2.46701445e-02 -3.88518050e-02  7.17070624e-02
  1.10190146e-01  1.24336995e-01  1.72774047e-02 -7.03015849e-02
 -3.83372307e-02 -1.74212176e-02 -4.22082189e-03 -1.16557837e-01
 -1.92812423e-03 -5.75492121e-02  1.03877157e-01 -4.73949984e-02
  4.84397188e-02 -3.89471650e-02  4.05140705e-02 -2.19766311e-02
 -1.42855365e-02 -3.84655930e-02 -2.20569763e-02  1.79714113e-02
  5.55194132e-02 -9.71775781e-03  3.95536562e-03 -2.02890225e-02
  5.45193925e-02 -3.48866284e-02  7.21397903e-03  3.79319116e-02
  7.61016905e-02  3.38355638e-02  5.19898571e-02 -3.56791466e-02
 -5.67278154e-02 -8.11319500e-02 -1.28445085e-02 -3.38500664e-02
 -4.21680100e-02  3.67537290e-02 -2.34823693e-02  3.53876650e-02
 -4.80732247e-02  2.23721974e-02  3.39983664e-02 -3.41843255e-02
 -1.75135806e-02  8.69060606e-02 -4.35967632e-02  4.49030548e-02
  1.39941154e-02  6.96590468e-02 -4.62417118e-02  1.31924069e-02
  6.35005161e-02  5.48093133e-02  3.95836532e-02 -6.85840291e-08
  4.52999491e-03 -5.01733683e-02  1.62326312e-03 -1.14702741e-02
  3.29622589e-02 -4.66972366e-02 -4.57782764e-03 -4.16028090e-02
 -3.30765881e-02 -3.56441326e-02 -1.14040459e-02  1.13674104e-02
 -7.45991841e-02  3.55215371e-02  6.30491376e-02 -3.11073251e-02
  7.24007264e-02  4.00550701e-02 -2.13588644e-02 -7.18164966e-02
  8.87218714e-02 -4.62707058e-02 -1.44551799e-01  3.31504382e-02
  5.76508492e-02 -2.89593078e-02 -5.27552664e-02 -2.58878078e-02
 -2.50336831e-03  4.37813327e-02 -3.38450819e-02 -4.11494449e-02
 -8.49855039e-03 -3.83241624e-02 -8.63093138e-03 -3.33038308e-02
 -3.74723854e-03  8.76190420e-03 -3.90482470e-02  4.74692285e-02
  1.12322599e-01 -7.79937673e-03 -3.40582840e-02  2.86280625e-02
  3.83869037e-02  9.86991823e-03  6.06457926e-02  2.70182844e-02
 -5.44501431e-02 -1.56337377e-02 -3.49075645e-02  6.61251768e-02
  5.04387841e-02  5.59932925e-02 -6.06055092e-03 -2.66030636e-02
  2.55792309e-02  4.46981117e-02 -6.87762797e-02 -1.87578909e-02
  3.92317884e-02  1.06242925e-01  3.52747296e-03 -6.68823197e-02]