[ 2.19602999e-03  7.93915614e-02 -3.39700095e-02 -6.38367012e-02
 -1.03634723e-01  1.96551476e-02 -6.40474558e-02  1.00870050e-01
 -5.50417230e-03  3.36801670e-02  1.24644622e-01  4.36629243e-02
 -5.02185524e-02  1.42316110e-02 -5.54005662e-03 -5.44093996e-02
  4.06200625e-02  2.82141604e-02  5.16927168e-02  4.09270115e-02
  1.01521179e-01 -4.73429151e-02 -7.25280270e-02  3.55517529e-02
 -1.13854274e-01  1.44553976e-02 -5.32878414e-02  1.94792580e-02
 -4.62817140e-02  1.17033105e-02 -7.53454817e-03  6.32267222e-02
  6.65642023e-02 -1.60244331e-02 -1.84851978e-02 -1.72801614e-02
  9.77328792e-03  4.21917532e-03 -3.46802399e-02  9.60651487e-02
 -9.35997367e-02 -5.49130030e-02 -7.10172206e-02 -6.16007745e-02
  2.38726716e-02 -2.63796933e-02  4.64868210e-02  5.56575917e-02
 -5.42670526e-02 -4.61983634e-03  1.15658492e-02 -4.31842096e-02
  1.97404977e-02  5.25655262e-02 -2.50850767e-02 -9.73504633e-02
 -2.49106213e-02 -5.68958186e-02 -6.30866438e-02  4.25576828e-02
 -7.59744048e-02  5.29368632e-02 -4.87109907e-02  8.73473380e-03
  5.76904451e-04  8.95780511e-04  2.52924934e-02 -5.71150146e-02
  3.82824354e-02  6.77119121e-02 -6.78724563e-03 -9.70187709e-02
  2.97318716e-02  1.00451186e-02 -8.25653523e-02  5.93507402e-02
  3.04893907e-02  3.97348218e-02  2.25017369e-02 -2.30947539e-01
  2.64902525e-02  5.49455732e-02  1.87715702e-02 -3.14125121e-02
  3.04394471e-03 -1.46248541e-03  1.11990469e-02  2.86567267e-02
  7.72403851e-02 -2.92975456e-02  5.85983507e-02  3.88869829e-02
 -8.41238573e-02 -4.88130897e-02 -8.33853986e-03  1.00467261e-02
 -6.23805970e-02 -4.22886871e-02  6.66357204e-02 -3.64128277e-02
  4.28820476e-02 -2.23835241e-02 -2.50960235e-02  2.54057907e-02
 -3.67620811e-02 -2.38202028e-02  2.38249209e-02 -3.99981365e-02
  2.51039164e-03  1.08092785e-01 -8.10606852e-02  5.11482824e-03
 -8.90659075e-03 -2.17976458e-02 -1.88397821e-02  2.19450574e-02
 -4.42798547e-02  3.73962075e-02  8.06998238e-02 -1.66470762e-02
  1.37944780e-02  9.67975706e-03  5.36759868e-02 -6.92802370e-02
  2.49471888e-02 -7.09084198e-02 -7.63047393e-03  6.49471429e-33
 -1.49988942e-02 -7.63419718e-02  1.40640475e-02  2.39280034e-02
 -1.82281490e-02  4.60986607e-02 -1.58225428e-02 -1.08946254e-03
  8.06969181e-02  6.76577911e-02 -5.04930429e-02  6.55765980e-02
 -6.87124627e-03 -2.36730613e-02  9.14489701e-02  1.21335527e-02
  5.72809801e-02  3.30726132e-02  1.19762765e-02  5.49559854e-03
  1.21514862e-02 -2.68641990e-02  2.75035650e-02 -8.12824350e-03
  6.15632860e-03  6.42278492e-02 -8.35078433e-02 -1.91095751e-02
 -8.71083289e-02  3.89286652e-02  4.29477319e-02 -2.67508011e-02
  4.52687405e-02 -7.73957744e-02 -7.96491578e-02 -1.82099305e-02
  7.59016164e-03  6.43242756e-03 -4.47819978e-02 -3.25987414e-02
 -2.56519634e-02 -5.44822030e-03  6.07190356e-02  2.20781434e-02
  3.00205536e-02 -3.66577916e-02  3.92312147e-02 -1.57804135e-02
  8.43529105e-02  5.20800427e-02  1.65474787e-03 -4.69127484e-02
 -5.86761832e-02 -8.78257155e-02 -4.08717394e-02  4.22954299e-02
 -9.13977921e-02 -1.31665176e-04 -4.43030484e-02 -2.93507222e-02
 -1.12993922e-02 -9.28271562e-03 -5.05999848e-02 -4.66327928e-02
 -5.09716794e-02 -1.03895813e-01  4.63294163e-02  1.29461698e-02
  8.32711458e-02  2.98591126e-02 -1.25806257e-01  2.94175372e-03
 -5.10856956e-02 -2.30932161e-02  3.79592106e-02 -1.44304298e-02
  5.67956828e-02 -1.22722536e-02 -3.93789783e-02  4.16486226e-02
 -8.65239557e-03 -1.26094290e-03 -1.11847706e-02 -6.44779801e-02
  1.28497809e-01  3.48452926e-02  4.87944484e-02  6.18606247e-02
 -3.65046784e-02  3.72654982e-02 -6.34923950e-03  8.18396285e-02
 -1.24582266e-02  8.37212801e-02  1.12867370e-01 -1.09889179e-32
 -9.91639122e-03  3.04675680e-02 -4.68284227e-02 -1.96598712e-02
  5.81611414e-03  2.72564888e-02  4.11339179e-02 -4.64394093e-02
 -7.40179643e-02 -1.07625291e-01 -7.98784122e-02 -9.04332101e-02
  6.77624866e-02 -1.11058028e-02 -8.75673145e-02  3.84444073e-02
 -1.08889826e-01 -4.92274500e-02 -4.16615494e-02 -5.56536368e-04
 -6.40405156e-03  7.19382241e-02  2.87146159e-02 -2.53958572e-02
 -1.53016560e-02 -4.37575094e-02 -7.63579505e-03 -4.12122067e-03
 -1.00781441e-01 -7.67552119e-04  5.00083230e-02  2.98457071e-02
  9.37274843e-03  1.07639953e-01  6.23704726e-03 -5.75522147e-02
  2.37453599e-02 -3.26312743e-02 -9.92667023e-03  6.01282939e-02
  6.44284338e-02  8.22441429e-02  3.19794230e-02 -6.36331290e-02
 -6.85904250e-02 -2.31924932e-02  3.51351909e-02 -8.75454694e-02
  8.32968354e-02 -3.91588472e-02  9.80514437e-02 -3.92497554e-02
 -5.89029379e-02 -1.93573684e-02  4.57939394e-02 -6.63608164e-02
 -4.92877848e-02 -9.57421958e-02 -1.02384008e-01  7.30805174e-02
  8.57546329e-02  2.85153054e-02 -5.14900275e-02  8.53042025e-03
  6.86383545e-02 -4.14037928e-02  9.06297844e-03  5.59448600e-02
  3.31892967e-02  2.54894001e-03  5.54439379e-03 -3.36232036e-02
 -9.44484696e-02 -5.64466454e-02  1.45811504e-02 -5.75984344e-02
 -5.82210999e-03 -7.62630701e-02 -7.36687109e-02  1.53068947e-02
 -2.77057774e-02 -3.61912102e-02 -1.40300402e-02  2.67555676e-02
 -7.47534111e-02  1.42591409e-02 -4.29894961e-02 -2.93619791e-03
  1.77200828e-02  7.55931213e-02 -9.65021364e-03  3.27408500e-02
  3.39779742e-02 -1.77178811e-02 -1.43147605e-02 -5.63873215e-08
 -1.65890902e-02 -2.93711619e-03  7.82365128e-02  1.35239763e-02
  2.54645031e-02 -7.71547258e-02 -2.31187753e-02  6.37825876e-02
  2.37047393e-02  4.84097190e-03 -2.33035143e-02  3.49277221e-02
 -2.22556274e-02  4.01545465e-02  4.02688347e-02 -5.83506674e-02
  6.63962439e-02  5.13769947e-02 -2.34983582e-02 -4.92155217e-02
  2.88626757e-02 -4.91244346e-02 -9.76693556e-02 -5.08289225e-02
  2.12563183e-02 -8.86346959e-03 -5.95695339e-03 -2.41531413e-02
 -3.17865573e-02  4.84302156e-02  4.61520851e-02 -2.01719757e-02
  6.74289986e-02 -6.59175962e-02 -4.60970998e-02 -4.50466424e-02
  2.84727123e-02  1.17494836e-02 -3.17455940e-02  2.84763258e-02
  8.52607936e-02 -4.39757705e-02  9.02815256e-03 -6.74606627e-03
 -1.64297707e-02 -2.34730244e-02 -2.69080270e-02  6.93248212e-02
 -3.29024270e-02 -1.72486976e-02 -3.80199477e-02  3.15632261e-02
  7.17176422e-02  3.08672097e-02 -1.13201560e-02 -4.87766750e-02
  5.10107800e-02  1.36631569e-02 -1.89002063e-02 -3.44629958e-02
  7.44325742e-02  1.53298574e-02  3.51340212e-02 -5.06487153e-02]