[ 1.11520430e-02 -1.64704602e-02 -3.30592394e-02 -5.19239120e-02
 -4.45726775e-02 -1.65469404e-02 -1.01389416e-01  1.22945547e-01
  1.16491176e-01  1.02545761e-01  5.64442165e-02  1.68034825e-02
 -6.23867661e-02 -9.99676529e-03 -2.84008998e-02 -1.30030483e-01
 -7.88061321e-02 -2.70871520e-02  2.92446557e-02  5.24552055e-02
  9.45132151e-02 -1.15634408e-02 -3.12897861e-02 -6.20960481e-02
  2.26073191e-02  3.58510241e-02 -3.44254933e-02  3.11284363e-02
 -3.99320163e-02 -8.01878124e-02 -2.01286133e-02  1.28267959e-01
  1.39421625e-02 -4.49021421e-02 -4.54534143e-02 -4.61249165e-02
  3.35892886e-02 -5.83431982e-02  7.61853019e-03  3.28439549e-02
 -3.17519419e-02 -4.88834642e-02 -3.18161324e-02 -3.12066823e-03
 -2.85768993e-02  4.50947806e-02 -6.82176203e-02  2.06043720e-02
 -1.21131510e-01 -3.36604007e-02 -9.40852314e-02 -4.35988884e-04
  2.85794609e-03  6.32497594e-02 -3.80435921e-02 -5.88204190e-02
 -8.37089494e-02 -1.56875625e-02  3.54320556e-03  4.04923968e-02
 -3.38984355e-02  6.18446209e-02 -1.18629538e-01  1.80316791e-02
  1.28752273e-03  2.25940682e-02  5.93176112e-02 -1.12554496e-02
 -2.27521118e-02  2.77533997e-02  5.11093251e-03 -3.63635980e-02
  1.40686370e-02  5.50095662e-02 -6.35274798e-02  3.82250361e-02
  3.50273475e-02  8.04102514e-03  2.48609297e-02 -1.49797052e-01
  6.63918331e-02  1.59225054e-02 -3.50918509e-02 -1.87906362e-02
  3.73399295e-02 -1.12933069e-02  2.79987734e-02  3.89230363e-02
 -1.76219130e-03  2.66340524e-02  5.63070737e-02  9.06462893e-02
  1.32570611e-02  4.43779007e-02  5.62316701e-02  1.48845986e-02
  4.23285402e-02  4.23826128e-02  8.17641765e-02  2.58304775e-02
  4.49220948e-02  2.61774510e-02 -5.94263598e-02 -1.93919018e-02
 -1.04927599e-01 -5.04892394e-02  2.29019839e-02  5.24021201e-02
  5.87940514e-02  1.03226667e-02 -1.17767848e-01  1.87882055e-02
 -4.77243476e-02 -1.16814733e-01 -2.30018590e-02 -5.69477081e-02
 -9.30708740e-03  3.50821353e-02  5.20104393e-02  1.04032949e-01
 -4.07565245e-03  1.66044161e-02 -7.51858428e-02  4.45557758e-02
  4.22623977e-02 -1.25455204e-02 -4.00765315e-02  1.11119393e-32
  1.29987942e-02 -5.79151437e-02 -4.28098738e-02  1.62258297e-02
 -5.70226181e-03  9.97915640e-02 -7.04480484e-02 -4.04559597e-02
 -5.79168415e-03  1.62283722e-02 -1.28829092e-01  1.39917051e-02
 -7.54672289e-02 -9.31366384e-02  9.01427492e-02  4.13511805e-02
 -7.83266407e-03  1.92590971e-02 -9.19108558e-03  4.85640904e-03
  1.28438929e-02 -1.18361637e-02  6.57344908e-02 -7.89573137e-03
  1.11062676e-01  9.14111510e-02 -5.85159324e-02 -1.92669369e-02
 -9.27295387e-02  2.82765031e-02  3.74219455e-02 -2.19277833e-02
 -4.12717387e-02 -3.78167592e-02 -2.92512868e-02 -5.70129305e-02
  5.45101799e-02  8.61171074e-03 -4.88995835e-02  3.39582679e-03
  5.57825551e-04  1.34081685e-03 -2.03757299e-05  1.32602472e-02
  3.50701623e-02 -3.35495360e-02  6.84473151e-03 -3.32936123e-02
  5.80109395e-02  1.55590056e-02 -3.70622240e-02 -6.95587788e-03
 -4.33694236e-02 -2.62599867e-02  8.99663381e-03  7.01455921e-02
 -6.65040985e-02  4.16101946e-04 -3.02040856e-02 -4.49358113e-03
  7.92029798e-02  4.58136909e-02  1.48761841e-02 -3.11380159e-02
 -2.78767291e-02  1.33198695e-02 -5.35900518e-03 -2.64986549e-02
  6.39111027e-02  1.81649197e-02 -8.19645971e-02  6.56947144e-04
  6.48060963e-02  2.06784382e-02 -1.48709435e-02  1.56392269e-02
 -6.21531671e-03 -5.10116061e-03  1.49656264e-02  5.88506535e-02
 -2.63086148e-02  3.76390084e-03  5.59726683e-03 -2.86994148e-02
  6.53752163e-02  6.01761006e-02  5.17194234e-02  2.32431516e-02
 -3.61262262e-02  5.12412116e-02 -4.87592211e-03  5.57799777e-03
 -9.66304354e-03 -2.01186780e-02  1.89970396e-02 -1.23598456e-32
 -5.52338734e-02  4.86311056e-02 -8.62813517e-02  2.52351966e-02
 -4.18106560e-03 -7.01889163e-03 -2.83765644e-02  6.87863901e-02
  5.57598434e-02 -2.67503429e-02  8.41136724e-02 -8.82297605e-02
  4.20218594e-02 -5.93504794e-02 -5.20069860e-02 -5.15564531e-02
 -4.18287478e-02 -1.12298131e-02 -3.75826061e-02 -3.06201410e-02
  3.25453505e-02  7.06521124e-02 -6.72713444e-02 -2.36646608e-02
  7.28059858e-02  5.27647324e-03  7.22841453e-03 -6.43695192e-03
 -1.21981516e-01  2.33644377e-02  2.65187758e-04 -3.70183699e-02
 -8.16135481e-03  3.87413055e-02 -1.90602951e-02 -1.64192449e-02
 -4.17546146e-02  2.11863802e-03 -1.04299486e-02  4.33881395e-02
  5.15676057e-03  1.07279703e-01  3.77781875e-02 -4.19197418e-02
 -4.79264259e-02  2.04935186e-02  6.43953830e-02 -5.16574159e-02
  3.75261046e-02 -3.13656516e-02  9.31566954e-02  2.53174677e-02
 -6.48940057e-02 -2.50632269e-03  8.66678134e-02 -3.87927331e-02
 -1.80824213e-02 -6.47281632e-02 -1.34624660e-01  2.17983890e-02
  7.99409971e-02  5.17838709e-02 -4.49660756e-02 -1.27515560e-02
  1.04735956e-01  2.67697200e-02 -1.00009609e-02  2.10987292e-02
  5.88335693e-02  6.30952837e-03  3.45243439e-02 -5.77504449e-02
 -7.17541948e-02 -1.62839014e-02 -9.48604429e-04 -1.56754684e-02
 -1.28455192e-01  5.26561290e-02 -4.60212976e-02  5.30083664e-02
 -1.09638847e-01 -5.22373319e-02 -5.68402559e-02  1.75048746e-02
 -2.53594555e-02  5.65032195e-03  2.70767119e-02 -6.71193227e-02
 -1.73455104e-02 -3.92149808e-03  2.01989915e-02  2.07006428e-02
  1.15404744e-02  5.71819358e-02  2.24341936e-02 -7.39695381e-08
  5.17327152e-02 -7.30217844e-02 -4.94645759e-02 -3.29289138e-02
  1.34348780e-01 -6.99640512e-02 -5.62299155e-02 -1.64073035e-02
  1.27812941e-02  5.20820282e-02  7.32787699e-02 -4.15695161e-02
 -3.52777243e-02 -6.54878393e-02  4.68979888e-02  2.82297446e-03
  9.16417968e-03  7.77956918e-02 -5.31527288e-02 -6.36966303e-02
  6.89374730e-02 -1.31986048e-02 -3.65219638e-02 -5.49352355e-02
  1.33050857e-02 -2.55575273e-02 -6.74617365e-02  4.47385460e-02
 -2.63828635e-02  1.50570869e-02 -1.83068719e-02 -3.08075454e-03
  3.83044668e-02 -6.88216686e-02 -7.14412481e-02  8.30869228e-02
 -4.41764155e-03  2.62869913e-02 -6.22438006e-02  4.11095433e-02
  6.43259287e-02 -9.00582895e-02 -6.87806727e-03  8.11795220e-02
  1.98752489e-02 -4.26867492e-02  4.02077101e-02  5.16218171e-02
  3.02361175e-02 -9.82167050e-02  3.67202936e-03  6.96641803e-02
  6.75842259e-03  2.35293172e-02  1.08860135e-02  4.49681766e-02
  4.03476954e-02  5.02511822e-02 -8.21532160e-02 -2.63970420e-02
  5.07952310e-02 -2.66938526e-02 -2.74177771e-02 -2.92734820e-02]