[-3.43316011e-02  1.29609499e-02 -9.07983929e-02 -8.94502178e-02
 -1.13873690e-01  6.91027492e-02 -1.58860032e-02  1.09334722e-01
  4.77673262e-02  5.96687496e-02  8.61424804e-02 -6.53289212e-03
 -1.01760114e-02 -3.39538306e-02  1.42386800e-03 -1.24807902e-01
  5.15284110e-03  1.78548526e-02 -3.76201011e-02  2.89341416e-02
  1.05086677e-01 -7.02278465e-02  1.63937744e-04  1.71429347e-02
 -5.34684071e-03 -2.40411349e-02 -3.76234006e-04 -3.87145877e-02
  4.03367765e-02 -7.37471655e-02 -1.34519115e-02  6.69694021e-02
  1.06942363e-01 -7.29533061e-02  1.37107130e-02  3.85243967e-02
  1.72016732e-02 -7.23060519e-02 -8.02749395e-02  5.73828518e-02
 -1.09763205e-01  8.77308007e-03 -8.42030719e-02 -5.28898798e-02
  2.27062367e-02 -3.55725847e-02 -6.89827045e-03  5.35426959e-02
 -8.56165364e-02  1.21042132e-02 -4.89066020e-02 -1.17959240e-02
 -1.60944629e-02  7.54715577e-02  5.14445640e-02 -7.17076212e-02
 -7.12058321e-02 -1.03038009e-02 -2.73318402e-03  5.96798118e-03
 -4.71281260e-02  2.05634104e-04 -6.74449699e-03  1.47111081e-02
 -3.47183123e-02  7.19854087e-02  9.01820231e-03 -3.05974782e-02
 -3.24387699e-02  1.34721538e-02  2.03041919e-02 -6.00098036e-02
 -4.93937470e-02  3.82323586e-03 -5.44661209e-02  2.93167681e-02
  3.81022282e-02  4.08593863e-02 -2.76735728e-03 -1.35564312e-01
  5.83351254e-02  9.38436314e-02 -3.14658359e-02 -4.02032621e-02
 -4.83669713e-03 -1.20518189e-02 -1.96511149e-02  4.21501175e-02
  5.83791994e-02 -5.31271808e-02  4.15228028e-03  4.48592976e-02
 -9.26898867e-02 -2.62758434e-02 -1.56774744e-02 -2.28709653e-02
 -4.47359830e-02 -3.15231420e-02  6.27203584e-02 -4.08311523e-02
  1.04759686e-01  5.50027890e-03  4.02401574e-02 -1.65846068e-02
 -7.77284503e-02 -5.52501343e-02 -3.46902525e-03  5.40663628e-03
  1.82743128e-02  8.25849771e-02 -7.37127140e-02 -4.24467549e-02
 -4.48247790e-02 -2.31889337e-02  1.46187283e-02  1.46874264e-02
 -3.08554396e-02 -4.58018258e-02  9.68450606e-02  6.22930843e-03
  6.02116734e-02 -2.84842812e-02  1.57571118e-03 -4.82711047e-02
 -4.92500188e-03 -1.12589039e-01  1.71235092e-02  8.90283716e-33
 -2.15693265e-02 -5.93539178e-02 -6.95280507e-02  5.68101518e-02
 -6.82788610e-04  8.41428619e-03 -4.70906049e-02  1.36345746e-02
  5.05472012e-02 -5.43560386e-02 -1.10505689e-02  6.71879575e-02
 -4.03412282e-02  5.96982203e-02  7.01444671e-02 -1.88606679e-02
  5.06040789e-02  3.70195098e-02 -5.35404449e-03 -3.05034481e-02
 -1.06463125e-02  3.07262838e-02  4.38336236e-03 -3.82624120e-02
  2.18860302e-02  1.18445143e-01 -5.39510064e-02 -1.54634155e-02
 -1.00035511e-01  9.90139320e-03  6.36038184e-02 -3.99028063e-02
 -4.86888457e-03 -6.28732964e-02 -3.96456234e-02 -3.60334031e-02
  2.68974919e-02 -3.64565291e-03  3.03009320e-02 -2.32554972e-02
 -6.66605607e-02  1.59016661e-02  5.45326136e-02 -4.98772552e-03
  3.94132473e-02 -5.69883324e-02  1.30029498e-02 -7.16388645e-03
  8.08831826e-02  2.50237640e-02 -6.06986368e-03 -1.93363952e-03
  3.17608938e-03 -6.33372068e-02 -5.06327674e-03  3.39788608e-02
 -1.29917979e-01  6.31719315e-03 -2.67965272e-02 -7.17402576e-03
 -2.62562856e-02  5.03120609e-02 -4.40919958e-02  2.53257845e-02
 -1.19529247e-01 -2.97491066e-02 -3.29025276e-02  3.76367010e-04
  1.03037789e-01  5.13703711e-02 -1.14789180e-01  3.30872461e-03
 -3.02142892e-02  4.18991372e-02  4.54562083e-02 -3.37865539e-02
  5.76213896e-02  2.89470889e-02 -5.03647700e-02  6.23633079e-02
 -5.42284409e-03 -3.68831237e-03 -6.23771979e-04 -3.64339985e-02
  6.12325221e-02  3.66254076e-02  5.38244508e-02  6.93553407e-03
  1.97505374e-02  2.87276190e-02  3.61943804e-02  7.37467557e-02
 -2.13750061e-02  5.54734133e-02  1.44605422e-02 -1.17370900e-32
 -9.16422065e-03  1.02788592e-02 -3.68182100e-02 -8.98601487e-03
 -3.39104235e-02  5.61751388e-02  2.25188546e-02 -6.51640818e-02
  5.83415292e-03 -1.72311336e-01 -4.70529124e-02 -8.94393399e-02
  4.62075248e-02 -4.58967648e-02 -8.02894458e-02  3.86731513e-02
 -4.98857014e-02 -3.64273228e-02 -3.79704572e-02 -2.70932019e-02
 -4.63860035e-02  8.01140442e-03 -1.65994428e-02  2.83604115e-02
 -1.18269157e-02 -4.07139137e-02 -3.13904583e-02 -3.06035131e-02
 -4.14301455e-02  2.19785403e-02  4.32252623e-02 -6.59885257e-02
 -4.69359867e-02  7.61720762e-02 -7.40629807e-02 -9.39155817e-02
  3.77166346e-02  4.08048630e-02 -3.62682566e-02  4.29732502e-02
  1.38927445e-01  6.24869093e-02  8.33870396e-02 -4.71868888e-02
 -9.15913805e-02  2.70413160e-02  3.05625843e-03 -1.16229631e-01
  1.08180698e-02  1.70452707e-03  1.30009323e-01  1.63673963e-02
 -2.80640763e-03 -3.90599063e-03  5.14634214e-02 -2.09403131e-02
 -3.07324212e-02 -1.14965625e-01 -9.09151435e-02  4.06220444e-02
  1.52991805e-02  2.95949113e-02  1.81433056e-02 -4.65022400e-02
  1.10281229e-01  1.07559869e-02 -8.24286491e-02  8.44742581e-02
  3.14241350e-02 -1.07324384e-02  6.28418624e-02 -4.80471626e-02
 -5.97955063e-02 -5.73835671e-02 -2.68466379e-02 -6.16856962e-02
 -7.11665452e-02 -2.06640847e-02 -2.59692501e-02  5.50125279e-02
 -7.30430335e-02  1.41206931e-03 -8.02692324e-02 -8.98829009e-03
 -7.09664747e-02  4.43678163e-02 -2.05435511e-02  2.07320526e-02
  2.82744523e-02  1.13798548e-02 -3.57394069e-02  8.28889385e-02
  1.06504047e-02  8.21032822e-02 -1.64202284e-02 -6.13553937e-08
 -9.27911792e-03 -4.27407101e-02  9.75331515e-02  1.74830167e-03
  5.40506653e-02 -2.07238495e-02  3.63422260e-02  1.36139570e-02
 -1.94330569e-02  1.12579856e-02  3.17400768e-02 -1.40286740e-02
 -4.13624607e-02 -7.40238205e-02 -4.75031324e-02  6.90454058e-03
  9.99710187e-02  5.25736399e-02 -3.39868339e-03 -3.29473168e-02
  9.66371670e-02 -9.40344203e-03 -7.88325742e-02 -3.55433002e-02
  5.82137145e-04  4.38892236e-03  2.01205281e-03  3.72692384e-02
 -4.19584215e-02  4.08938825e-02 -3.32637951e-02 -4.40374436e-03
  6.08838014e-02 -6.19564056e-02 -1.42861726e-02 -3.78913172e-02
  6.78073838e-02  4.90413792e-02 -8.31326097e-03  1.45156439e-02
  7.82355964e-02  4.68513258e-02  3.90449725e-02  1.74657740e-02
 -2.01762710e-02 -5.08949012e-02 -3.64946574e-02  3.82102318e-02
  4.00710590e-02  1.95383001e-03 -4.46962155e-02  6.08470179e-02
  3.79652567e-02  3.94928902e-02 -8.47298373e-03 -7.66399875e-03
  4.08105329e-02 -7.46870239e-04 -3.41382660e-02  2.15636822e-03
  8.44549611e-02  2.31716521e-02  5.66057824e-02  3.13302167e-02]