[ 2.16303319e-02 -8.63417331e-03 -1.42789511e-02 -1.12837087e-02
 -6.97764754e-02  1.10308342e-02  3.98186557e-02  8.25271979e-02
  3.14043313e-02  3.98019738e-02  1.17107958e-01 -6.67357072e-02
  1.60496384e-02  3.83826233e-02 -3.91995767e-03 -9.37269181e-02
  6.95311129e-02  2.56273095e-02 -1.26082480e-01  2.97925528e-02
  1.35437012e-01 -2.23125368e-02 -1.31531209e-02  5.34849614e-02
 -1.22316331e-01 -2.34129000e-02 -8.21588337e-02 -3.11909337e-02
 -3.56147438e-02 -7.04402775e-02 -1.65801998e-02  9.77158025e-02
  1.15400054e-01 -9.18527916e-02 -8.31041038e-02  8.71439278e-03
 -3.91028337e-02 -5.31270988e-02 -5.26916534e-02  4.25107963e-02
 -8.29016864e-02 -9.56196040e-02 -1.94322523e-02 -1.02721760e-02
  2.86370851e-02  1.39950709e-02 -3.76018248e-02  5.39931878e-02
 -1.51508406e-03  2.85718609e-02 -1.12688892e-01 -7.39971083e-03
 -4.56873141e-02  7.17035756e-02  3.74774449e-02 -5.39226681e-02
 -3.83222215e-02 -2.17447262e-02 -9.89636872e-03  6.15188619e-03
 -6.70621218e-03  5.63553162e-02 -3.30123678e-02  3.53887565e-02
  5.85622527e-02 -8.77774227e-03 -3.26405019e-02 -4.10405919e-02
 -1.42019419e-02  2.73050405e-02  9.78167579e-02 -4.18870412e-02
  4.38548923e-02  5.85183781e-03 -2.01158877e-02  3.37147079e-02
  2.05396935e-02  7.10262731e-02 -6.75382791e-03 -8.01278129e-02
  1.77091118e-02 -1.40015141e-03 -1.46097196e-02  1.52707789e-02
  2.19711140e-02 -5.04782200e-02  4.28998284e-02  9.72396461e-04
  4.09317240e-02  6.86492212e-03  3.16030122e-02  7.61180744e-02
 -5.71568869e-02 -9.67151597e-02  3.97321722e-03  1.55371241e-02
 -9.62278694e-02 -6.45487988e-03  5.09329550e-02 -5.22667877e-02
  3.29731824e-03  4.50803945e-03 -2.06846166e-02  3.78854922e-04
 -7.33101964e-02 -5.28986640e-02 -4.28960659e-02  5.99833578e-03
  2.76337396e-02  1.11178994e-01 -4.85995710e-02 -3.73181477e-02
 -1.06891342e-01 -1.58162136e-02 -6.48287609e-02  1.50948176e-02
 -4.23736051e-02 -5.96922636e-02  2.42833644e-02 -5.18017299e-02
  1.56400017e-02 -3.00529469e-02  6.24373257e-02 -1.17852829e-01
  1.01293707e-02 -9.56966206e-02  4.56909165e-02  8.20691805e-33
 -8.55643824e-02 -5.87644950e-02 -4.96595651e-02  6.91782609e-02
  4.62977029e-02 -6.05650134e-02 -3.97699066e-02 -6.86309300e-03
  1.11007206e-01  2.42187604e-02 -1.86608303e-02  1.23561002e-01
 -3.32575254e-02 -9.18977614e-03  5.20094782e-02 -1.16756847e-02
  2.02186164e-02  5.30974120e-02 -2.50664074e-03 -4.24948931e-02
 -2.24636756e-02  1.70205161e-02  3.55703123e-02 -9.54155698e-02
  2.78528761e-02  5.86728677e-02 -3.22415121e-02 -3.09088025e-02
 -7.62530714e-02  2.22979113e-02  1.20310068e-01 -4.51489538e-02
  5.60088316e-03 -4.53015789e-02 -6.77556992e-02 -1.71884056e-02
  7.44791050e-03 -1.53124817e-02 -1.20816510e-02  3.97921503e-02
 -5.32381199e-02 -6.43970165e-03  1.87555328e-02  1.29714899e-03
 -2.13290900e-02 -3.62705998e-02 -8.80345143e-03  1.82240997e-02
  1.12501003e-01  8.86268094e-02  5.02378959e-03 -3.76181453e-02
  5.56113124e-02 -5.52804805e-02 -4.74847853e-02  8.77975002e-02
 -4.09547351e-02  6.40584752e-02 -9.87125263e-02 -2.55346019e-02
 -1.73562590e-03  5.59301488e-03  1.21269771e-03  7.64385238e-03
 -4.82282275e-03 -7.85166770e-02  2.02345159e-02  4.31362726e-02
  8.86441469e-02  2.29343474e-02 -4.80494574e-02 -4.30146940e-02
 -1.84281683e-03  5.32842986e-03  3.19439657e-02 -4.30882946e-02
  1.14167809e-01 -1.01098353e-02 -2.40961351e-02 -1.30338883e-02
  4.15589986e-03 -4.16137651e-02 -5.33988439e-02  2.27687676e-02
  1.96747649e-02  8.39504749e-02  5.03059812e-02  9.69484225e-02
 -1.81327984e-02  5.95370606e-02  1.12064583e-02  9.33710709e-02
 -3.17567922e-02  1.86676718e-02  5.40920347e-02 -1.17975978e-32
 -3.81611325e-02  7.19792172e-02 -1.73498299e-02  5.69435656e-02
  3.16730887e-02  3.01340632e-02  4.91807051e-02 -8.22099000e-02
  2.63276119e-02 -6.52124807e-02 -7.46270642e-02 -3.49514708e-02
 -2.50516236e-02 -3.69218104e-02 -1.05314545e-01  8.60443860e-02
 -6.64250776e-02  1.21272877e-02 -1.07366644e-01  2.10212395e-02
 -4.95592020e-02  1.16379537e-01  4.55423556e-02 -1.51642812e-02
 -4.02557589e-02 -3.03809680e-02 -2.87597813e-03  4.66064736e-03
 -6.48562759e-02 -2.38051778e-03  1.88475661e-02 -5.12867682e-02
 -3.50369066e-02  2.73222849e-02 -5.52075170e-02 -4.73046824e-02
  2.49974485e-02 -2.62352247e-02 -3.22254486e-02  8.99998695e-02
  3.09828278e-02  3.10243499e-02  2.59199739e-02 -6.98673651e-02
 -4.46536988e-02 -1.08607613e-01  1.31986719e-02 -1.09777503e-01
  5.51492311e-02  3.96746816e-03  1.08492866e-01 -4.44963016e-02
 -3.64584215e-02  1.45593239e-02  2.62534395e-02  4.56487350e-02
  2.27584690e-03 -1.07947104e-01 -1.12162046e-01  1.77542623e-02
  6.66858926e-02  3.32182199e-02 -3.34291384e-02 -8.27852413e-02
  4.30558063e-02  2.06957310e-02 -1.54321762e-02 -2.79479846e-02
 -1.29849720e-03 -1.23308897e-02  2.84949504e-02 -1.23340152e-02
  1.72623117e-02 -1.91401616e-02 -2.07256395e-02 -3.49551663e-02
 -5.47576658e-02 -1.89471953e-02 -4.32707258e-02 -2.56508822e-03
 -2.96627190e-02 -1.39597990e-02 -3.33845019e-02 -1.10198751e-01
 -1.15605056e-01 -5.00421599e-03 -5.11157326e-03  1.83224697e-02
  2.18420848e-03  1.00956636e-03 -6.22792020e-02  3.70165780e-02
  4.16208506e-02  4.73546647e-02 -3.71690653e-02 -6.21073895e-08
  6.70147408e-03 -2.43537799e-02  3.86004932e-02  5.34684323e-02
  2.89416797e-02  1.64476689e-02 -4.40285280e-02 -9.23378021e-03
 -2.08923295e-02 -4.11245450e-02  2.29624123e-03  6.88758269e-02
 -5.73371314e-02  5.46229221e-02 -1.16929952e-02 -8.67381170e-02
  3.49604003e-02  4.91292812e-02 -5.62548377e-02 -7.61852786e-02
  3.21592987e-02 -3.16878967e-02 -2.28458848e-02 -1.28467781e-02
  6.38254778e-03 -4.93021123e-03 -4.27398160e-02  1.95659287e-02
 -5.73151838e-03  1.73935201e-02  2.02292278e-02 -2.46357154e-02
  4.26882803e-02 -4.05375287e-02 -2.24947697e-03  1.27767147e-02
 -2.17819568e-02  8.12514871e-03 -6.04624450e-02  8.07917267e-02
  2.32629888e-02 -1.21143239e-03 -1.31093049e-02  5.25691919e-02
 -5.77085186e-03 -1.78594328e-02 -6.21650107e-02  7.53116384e-02
 -3.47948633e-02  6.63020462e-03  1.08659053e-02 -5.02353832e-02
 -2.44289599e-02  5.35690226e-02 -1.82089396e-02  3.34913097e-02
  4.01579775e-02  5.16564585e-02 -1.06302230e-02  3.28263454e-02
  5.23489565e-02  1.11738123e-01  5.73493261e-03 -7.17701539e-02]