[ 1.85550842e-02  4.68745641e-02 -2.89736316e-02 -2.07122806e-02
 -6.62700832e-02  1.96570102e-02  6.05046935e-02  1.01874918e-01
  2.02970412e-02  7.23510310e-02  6.32869080e-03 -5.71890809e-02
 -3.98792028e-02  6.13227002e-02 -7.28235173e-04 -5.27713038e-02
  1.19264901e-01 -3.48864272e-02 -6.16094051e-03  4.32703421e-02
  1.19444273e-01 -6.09083995e-02 -5.77980652e-02  2.01799069e-02
 -1.08385943e-01 -3.76751199e-02 -6.52184784e-02 -2.46287808e-02
 -2.09427774e-02  8.35720543e-03 -7.82310218e-02  6.24333359e-02
  3.36342156e-02 -4.35195714e-02 -1.15618370e-02 -8.20311997e-03
  4.48772460e-02 -8.57571512e-02 -3.56528051e-02  8.79133865e-02
 -3.81053537e-02 -6.27559721e-02 -9.06601176e-02 -7.23085254e-02
  6.96323346e-03 -4.38795425e-02  1.93177313e-02  2.41555441e-02
 -1.55913569e-02  4.50603329e-02 -7.07114264e-02 -1.96653828e-02
 -3.43830255e-03  1.95162762e-02 -9.16481670e-03 -1.21159136e-01
  5.75122759e-02  4.32559615e-03  1.87307894e-02 -1.27817700e-02
 -4.21580561e-02  3.47521342e-02 -4.84759063e-02  3.21684666e-02
  9.13285911e-02 -2.94042099e-02 -5.57633638e-02 -1.41745817e-03
 -4.63573225e-02  3.36251408e-02  5.27967066e-02 -7.24318251e-02
  6.31945953e-02 -1.25576500e-02 -2.58846860e-02  4.36580144e-02
 -1.21758962e-02  7.16672763e-02  3.40828747e-02 -1.66381970e-01
  2.90689990e-02 -3.73575389e-02 -6.01457842e-02 -1.35131320e-02
 -1.07878419e-02 -3.41359042e-02  8.17755517e-03  4.69199084e-02
  8.14364329e-02  2.68373378e-02  7.81896859e-02  7.27640465e-02
  3.96468490e-03 -4.44482975e-02  3.64171714e-02  5.95639786e-03
 -5.81117608e-02 -3.25034633e-02  7.85236955e-02 -1.11814411e-02
  4.36997786e-02  6.21339194e-02 -3.15425359e-02  5.32289781e-02
 -3.89000662e-02 -1.12633100e-02 -3.70522924e-02 -6.62805885e-02
  4.74581644e-02  1.00794517e-01 -7.28878304e-02 -2.76543330e-02
 -1.06192864e-01 -8.78281966e-02 -5.74828237e-02 -4.42604050e-02
 -3.52854878e-02 -2.89392751e-02  2.24725180e-03  1.73509922e-02
 -1.43210068e-02 -2.43868884e-02 -2.48125643e-02 -1.89920552e-02
  5.40397018e-02  2.87819337e-02  6.24449737e-02  9.53807871e-33
 -2.58274712e-02 -9.02827755e-02  2.10544304e-03 -7.41500454e-03
 -4.09401506e-02  2.31885482e-02 -1.78318145e-03  6.81985244e-02
  4.20093313e-02 -4.76381462e-03 -1.11741945e-01  8.86808261e-02
  2.76487414e-03  2.91617662e-02  1.38839841e-01 -1.37594631e-02
  1.10372957e-02  1.15702907e-02 -3.27068358e-03 -2.56428439e-02
 -2.63834689e-02  3.81831778e-03  3.43880756e-03  2.95178443e-02
 -1.92794912e-02  5.30219637e-02 -6.29376993e-02 -3.09074111e-02
 -2.67925505e-02  3.12245749e-02  4.73677702e-02 -2.40678806e-02
  4.24129218e-02 -9.04198643e-03 -4.42773476e-02 -9.39187128e-03
  1.46065587e-02  5.21415807e-02  1.90343009e-03 -4.11351137e-02
 -6.66326806e-02 -2.99439556e-03  9.93764102e-02  7.27225468e-02
 -2.56391559e-02 -9.01135430e-03  3.69224586e-02 -7.54767135e-02
  1.10714220e-01  8.47297758e-02 -5.83693385e-02 -1.18588842e-02
 -1.97337791e-02 -2.43706442e-02 -2.71129198e-02  1.30566275e-02
 -8.62479210e-02  2.10424270e-02 -1.28029892e-02 -7.75997713e-02
 -4.76180576e-02 -1.69634335e-02  3.74592878e-02 -7.56339729e-03
 -1.64341498e-02 -3.82818980e-03  3.16234231e-02 -4.06669267e-02
  4.80759218e-02 -6.92105526e-03 -9.80776101e-02  2.60772835e-03
  2.38366183e-02  6.42914772e-02 -8.56861763e-04 -2.20078486e-03
  7.98101649e-02 -3.91392671e-02 -5.56656159e-02  2.17085704e-02
 -6.30092397e-02 -3.15251499e-02 -4.89854661e-04 -5.58342449e-02
  5.54431081e-02  8.77788216e-02  5.63132763e-02 -1.80113013e-03
  4.04012427e-02  6.13999180e-02  2.98924046e-03  3.42253260e-02
 -7.02152103e-02  6.83427379e-02  6.24628626e-02 -1.20623243e-32
 -3.91988754e-02  4.77754660e-02 -5.40362149e-02  4.46337052e-02
  2.02711578e-02  6.47377549e-03 -1.45599255e-02 -4.92511988e-02
 -2.13271789e-02  1.07432557e-02 -6.00357801e-02 -4.70716543e-02
  8.73034447e-02  5.08982986e-02 -1.52992442e-01  1.61155947e-02
 -9.04733613e-02 -4.49262233e-03 -2.53481343e-02 -2.95823850e-02
  1.07184928e-02  8.30086693e-02  6.31549507e-02  2.42941882e-02
 -1.18583534e-02 -1.23513909e-02 -3.00917663e-02 -9.29207280e-02
 -5.92824779e-02 -3.99857424e-02  2.00851522e-02 -2.28288816e-03
 -4.06476110e-02  9.17133763e-02 -1.00864824e-02 -1.33100841e-02
  8.75859931e-02  1.70724820e-02 -5.13416342e-02  5.59543557e-02
  4.01930287e-02  7.59464204e-02  4.40536849e-02 -2.70758234e-02
 -5.23931831e-02  5.86006441e-04  9.18755017e-04 -1.29269242e-01
  3.49232368e-02 -8.42777044e-02  1.19185038e-01 -1.00632189e-02
 -5.00738733e-02  4.48376164e-02  2.55140029e-02 -4.12593633e-02
 -3.20735127e-02 -8.85802582e-02 -1.21694535e-01  1.40594188e-02
  1.22163646e-01  8.82755220e-02 -6.34578094e-02 -2.22519711e-02
  1.22618228e-01  1.42185073e-02  7.61584891e-03 -9.97324940e-03
 -3.09901144e-02 -3.78994364e-03 -7.94920197e-05 -7.00527877e-02
 -1.57636532e-04 -5.64411581e-02  6.97979936e-04 -2.29926594e-02
 -1.43017629e-02 -1.71632506e-02 -1.46723120e-02  1.94707084e-02
  1.39157427e-02  2.22535674e-02 -3.13690305e-02 -4.62884568e-02
 -7.41484165e-02  6.23849556e-02  8.64194985e-03  1.50296036e-02
 -4.02233861e-02  1.07038170e-01 -1.01767242e-01  1.27543751e-02
  4.01973389e-02 -3.89466458e-03  8.79822299e-03 -6.29680699e-08
  2.69152932e-02 -2.88686268e-02  3.75189930e-02  4.21265513e-02
 -1.69056635e-02 -8.09491500e-02 -2.61038374e-02  2.90078837e-02
  2.37060199e-03  3.67897302e-02  6.43299744e-02 -3.78254950e-02
 -9.76082385e-02  3.33520472e-02 -2.11342480e-02 -5.42129911e-02
  5.96412225e-03  5.19872345e-02 -3.85513790e-02 -5.28410412e-02
  5.14438711e-02  8.15236196e-03 -6.80591241e-02 -5.57847694e-02
  7.09289983e-02  1.09727550e-02 -3.04422472e-02  7.86779728e-03
  1.02413353e-02  3.10367364e-02 -3.78786847e-02 -4.66752499e-02
 -2.18370967e-02 -6.19031824e-02 -5.53317741e-02 -1.87628611e-04
 -8.13590959e-02  2.87083033e-02 -1.95204765e-02  3.60078551e-02
  4.74721566e-02 -3.70689556e-02 -2.27036905e-02  4.50722873e-03
  2.78845280e-02 -1.73004828e-02 -1.04634836e-01  6.37934729e-02
  8.04232061e-03 -1.38669601e-02 -4.56824750e-02 -5.56129962e-02
  5.46027496e-02  2.80333236e-02  1.55968256e-02 -5.03319949e-02
  6.91194162e-02  5.90114435e-03 -4.66716178e-02 -1.93463527e-02
  7.28984773e-02  1.64459329e-02 -1.63344815e-02 -1.20254513e-02]