[-1.74584817e-02  8.85172337e-02 -2.94192359e-02 -5.49096502e-02
 -7.76875764e-03  3.79853696e-02  1.86242145e-02  7.49551430e-02
  4.91187796e-02  5.84433153e-02  8.18431228e-02 -2.67424230e-02
  2.20237835e-03 -6.26839930e-03  1.16461758e-02 -3.68199497e-02
  3.82197611e-02  2.38378812e-02  1.72698796e-02  6.98240176e-02
  1.83178648e-01 -6.60150051e-02 -2.59490367e-02  8.14346895e-02
 -5.92572838e-02 -2.59877797e-02 -3.04164067e-02 -2.23141443e-02
 -3.55072618e-02  1.62927713e-02 -6.97402582e-02  8.21223557e-02
  7.48437047e-02  1.04746064e-02  5.31049492e-03  1.05069401e-02
  4.46026549e-02 -2.83764750e-02 -3.34614217e-02  5.81735633e-02
 -9.63867083e-02 -3.21957492e-03 -9.12616029e-02 -7.71984681e-02
 -2.19147988e-02 -5.35533801e-02  4.24844883e-02  9.61956754e-02
 -1.06437646e-01  3.17796059e-02 -3.78037356e-02  8.23615771e-03
 -7.50652626e-02 -1.58743113e-02  1.09428018e-02 -1.04185313e-01
 -5.18683195e-02 -2.84931697e-02 -2.52239313e-03  2.35831197e-02
  7.53690302e-02  1.81056596e-02 -2.72155758e-02  3.74719612e-02
 -1.46387899e-02  2.21043965e-03 -3.92854735e-02 -2.81940456e-02
 -2.47650146e-02  9.73029155e-03  4.50855903e-02 -7.78225511e-02
  3.46513093e-02  7.95231014e-03 -3.56927812e-02  3.74714322e-02
  1.63801282e-03  6.25615492e-02 -3.38100120e-02 -1.59337148e-01
  5.61187305e-02  1.76461991e-02 -5.30713312e-02 -4.20195572e-02
 -1.12136304e-02 -5.80648854e-02 -3.85111496e-02 -1.43793896e-02
  8.40394869e-02 -1.98875498e-02  2.78110579e-02  3.48883197e-02
 -6.27007037e-02 -4.88953628e-02  1.14539064e-01 -5.44907004e-02
  1.64361130e-02 -6.17706031e-03  7.88040608e-02  2.47130785e-02
  7.02712014e-02  6.04251958e-02 -3.74195981e-03 -2.68942844e-02
 -4.99834903e-02 -2.02688146e-02 -3.71027514e-02 -7.26369619e-02
  5.37402295e-02  1.04827061e-01 -4.94792387e-02 -4.49603051e-02
 -8.55326056e-02 -6.18750937e-02 -3.39952707e-02  1.93360762e-03
 -4.95866612e-02 -3.79420305e-03  1.67051964e-02 -9.66309221e-04
  2.86689121e-02 -3.46782207e-02  4.44790274e-02 -1.40660247e-02
  4.81116734e-02 -6.30723312e-02  9.31895454e-04  1.31331313e-32
  3.58942673e-02 -5.31572476e-02 -6.44692779e-02  4.37320732e-02
  4.94661042e-03  5.97086474e-02 -1.68847274e-02 -2.38990393e-02
  4.67727855e-02  2.95992866e-02 -7.72086158e-02  7.54114389e-02
  2.35910881e-02  3.95987146e-02  8.67111012e-02  2.09791083e-02
  2.19927337e-02 -7.44601944e-03  1.52709410e-02 -6.04341403e-02
  4.32054885e-03  1.85501911e-02  5.33153117e-03 -4.18261848e-02
 -2.97421385e-02  6.46486208e-02 -9.60287675e-02 -7.05450997e-02
 -5.75241074e-02  5.93567006e-02  8.52649286e-02 -3.21524292e-02
  5.59096374e-02 -1.33872507e-02 -1.18321348e-02 -2.85620112e-02
  7.33044590e-06 -2.24408768e-02  1.12830475e-02 -5.67126088e-02
 -9.21671912e-02 -4.37009474e-03  4.37783375e-02  8.45683645e-03
  6.82768673e-02 -2.91138701e-02  4.72257063e-02  2.89122872e-02
  1.15944758e-01  4.95041460e-02 -6.90731732e-03 -2.28433162e-02
  8.15848634e-03 -6.40143380e-02  1.38837639e-02  8.70320760e-03
 -9.26982686e-02  3.64146940e-02 -4.31241617e-02 -5.40681928e-02
 -4.78689112e-02  3.42574827e-02  1.37019474e-02 -2.46244166e-02
 -7.78746009e-02  4.47190832e-03 -5.77656627e-02 -1.24921754e-03
  9.63209793e-02  1.60204377e-02 -5.25542647e-02  3.19878682e-02
 -7.77817965e-02  1.02218445e-02 -5.71988802e-03 -2.79178433e-02
  1.14363641e-01  7.85854273e-03 -6.10827804e-02  5.85771799e-02
 -2.63007600e-02 -2.87513137e-02  2.61412691e-02 -1.95409227e-02
 -3.51473354e-02  8.33199248e-02  2.63031237e-02 -1.97347347e-03
  2.83926446e-02  9.53243300e-02  4.19957414e-02  8.85669887e-02
 -5.57928607e-02  6.23414777e-02  7.29971752e-02 -1.65011371e-32
 -2.59792693e-02  1.28653059e-02 -5.69503568e-02 -1.80253200e-02
  2.13786121e-03 -6.73308037e-03 -2.00785976e-02 -6.39951751e-02
 -3.58085260e-02 -1.08696550e-01 -7.74315447e-02 -8.98049101e-02
  2.10998468e-02 -3.63398604e-02 -7.01441318e-02  2.61144782e-03
 -2.10201461e-02  4.63972054e-02 -3.27166803e-02 -3.00526083e-03
  2.26345658e-02  3.89675833e-02 -9.69103351e-03 -9.76792127e-02
  9.61592719e-02 -7.21397400e-02  1.45771326e-02 -3.42315882e-02
 -6.08073026e-02 -2.08775718e-02  7.84257054e-02  3.44966948e-02
 -2.42744479e-02  8.65606740e-02 -1.33227510e-03 -2.22129258e-03
  5.90535738e-02 -7.69182108e-03 -4.59529087e-02  5.04437275e-02
  9.93709639e-02  6.38755411e-02  2.48297602e-02 -5.85460477e-02
 -6.59207776e-02 -1.82823651e-02 -2.00805571e-02 -9.02911797e-02
  4.15714979e-02 -7.34808147e-02  1.00611322e-01 -6.78273737e-02
  1.04156537e-02 -4.85374033e-02  3.66950184e-02  3.98167484e-02
 -4.52738889e-02 -3.29317190e-02 -4.93665375e-02  5.24226166e-02
  9.24502835e-02  3.66597213e-02 -8.26036260e-02 -1.79062951e-02
  8.36522877e-02 -7.22642289e-03 -3.92912067e-02  9.09390599e-02
  2.36304384e-02  9.68751404e-03  7.39834234e-02 -1.05376005e-01
 -1.30437583e-01 -4.16373722e-02  3.90083040e-03 -3.08751687e-02
 -5.47552817e-02 -1.87836103e-02 -7.63236061e-02  4.14053574e-02
 -5.22776693e-02  2.32117884e-02  6.73634745e-03 -2.85917446e-02
 -2.73095854e-02  3.27951945e-02 -4.14540106e-03  1.64290741e-02
 -6.05932102e-02  7.49505088e-02 -4.68128100e-02  3.62410620e-02
  4.13135923e-02 -7.14684417e-03 -2.30658818e-02 -7.66451649e-08
  3.02281212e-02 -2.55355537e-02  5.94220683e-02 -2.86826938e-02
  3.18719335e-02 -2.33499445e-02  3.99769619e-02 -2.76740249e-02
 -2.50580944e-02  1.80038214e-02  1.06987692e-02 -4.87861671e-02
 -5.64828366e-02 -3.90680507e-02  2.43054554e-02 -7.68101811e-02
  2.63246801e-02 -1.91136934e-02 -7.55945668e-02 -5.45175709e-02
  8.17841813e-02 -6.05551079e-02 -1.10320337e-01 -5.50249144e-02
 -4.15179208e-02 -2.88879983e-02 -2.07297802e-02  1.88330226e-02
 -1.01794936e-02  3.54269482e-02 -1.02453887e-01 -8.58101714e-03
  2.94516589e-02 -8.56144279e-02 -4.20101695e-02  8.09089188e-03
  1.08542824e-02  2.54774553e-04 -7.16117695e-02 -2.25481335e-02
  3.85357663e-02 -2.55757160e-02  1.72596406e-02  1.27267158e-02
  3.33912447e-02 -1.57343950e-02  2.52416637e-02  2.52254959e-02
 -6.11328427e-03  1.33686131e-02 -2.82243658e-02  1.90216973e-02
  3.74563523e-02  5.61921783e-02 -3.67626511e-02 -5.07819802e-02
  3.01301945e-02  2.12305803e-02 -4.15036716e-02 -6.00829720e-02
  7.46815130e-02  7.40019083e-02  4.19431515e-02 -4.43453453e-02]