[-4.32114676e-03  1.60544943e-02 -7.43232444e-02 -3.96065675e-02
 -4.51201424e-02 -1.59045570e-02  4.48094755e-02  1.28560081e-01
  2.94764489e-02  2.60756519e-02  6.43528476e-02 -1.23425178e-01
 -3.35065685e-02  3.37148309e-02 -3.22884396e-02 -2.78776027e-02
  1.26920131e-04  3.85937206e-02 -5.43617830e-02  7.71408761e-03
  1.28825754e-01 -2.92473030e-03 -2.01143380e-02  4.47479598e-02
 -2.29660375e-03  3.62683535e-02 -9.68441814e-02  4.98779267e-02
 -5.15441447e-02 -6.06554039e-02 -7.93937519e-02  8.93682465e-02
  1.36442065e-01 -9.91385579e-02  1.88937632e-03 -1.02662696e-02
 -1.73837095e-02 -5.63763715e-02 -1.99699476e-02  9.11972448e-02
 -4.45986129e-02 -1.27635617e-03  4.85159494e-02  4.67093475e-03
 -3.68489884e-02 -4.32951637e-02 -5.21976613e-02  5.72016910e-02
  3.25542651e-02  3.39175500e-02 -1.61255375e-02  6.84574395e-02
 -5.38152866e-02  7.49151409e-02  3.80565338e-02 -5.59634157e-02
 -7.74834007e-02 -5.70563227e-02  8.32814910e-03  1.18039185e-02
  5.91494963e-02  5.51349409e-02 -4.67022248e-02 -5.33028655e-02
  2.69770753e-02 -2.48219501e-02 -6.93047419e-02 -4.86482941e-02
 -8.88896585e-02  4.49490882e-02  6.62996620e-02 -5.27534820e-03
  5.04604029e-03  4.47696969e-02 -5.32351546e-02  6.54733852e-02
  4.62323502e-02 -3.99712613e-03  2.32456308e-02 -8.00521448e-02
  2.34391876e-02  8.47263187e-02  1.45037342e-02 -4.20146659e-02
  5.55529632e-02  1.57030001e-02  1.64725240e-02  2.18437463e-02
 -1.18863024e-02  1.85240488e-02  9.48120132e-02  7.47744069e-02
 -6.76859617e-02 -1.99135877e-02 -4.16275002e-02 -1.46365748e-03
  7.69554218e-03  3.00791617e-02  2.31940262e-02 -2.26810798e-02
  8.07802603e-02 -5.26634860e-04 -5.20434119e-02 -5.73147759e-02
 -1.04251809e-01 -4.99891303e-03  4.44481410e-02  3.91672030e-02
  7.39125460e-02  8.08220953e-02 -1.28499329e-01 -3.86765832e-03
 -4.75129150e-02 -2.50108656e-03 -8.45790133e-02  1.39441877e-03
 -1.03087109e-02 -1.50993783e-02 -7.88885914e-03 -4.69417684e-03
  1.77298523e-02 -3.05733606e-02  6.06725067e-02 -1.65933520e-02
  3.01627479e-02 -3.36891524e-02  2.28153775e-03  2.05062301e-32
  4.58618347e-03 -1.15956254e-02 -2.54413988e-02  6.18637092e-02
 -5.96310571e-03  2.17714477e-02 -9.91089642e-02 -8.54737498e-03
  2.95724813e-02 -5.70823997e-02 -1.18141778e-01  7.74710700e-02
 -1.42755648e-02  3.08645591e-02  8.19569230e-02  1.30942930e-02
  3.63318697e-02 -5.64240068e-02 -8.01283028e-03 -3.85073647e-02
 -4.49178331e-02  2.33485103e-02 -2.33923911e-05 -8.81060213e-03
  7.79980281e-03  1.21874608e-01 -3.42789441e-02 -7.19804689e-03
 -9.78262499e-02  6.69162050e-02  5.24602421e-02  8.59645102e-03
 -4.33244854e-02 -4.01463509e-02 -2.37187874e-02 -1.21941566e-02
  7.48686343e-02 -1.33046007e-04 -6.50336668e-02  4.20780443e-02
 -1.99250504e-02  6.14391156e-02  6.28788471e-02  2.46109460e-02
  5.90593107e-02 -5.05091213e-02  3.77287194e-02  4.89565954e-02
  1.21841274e-01  6.46394938e-02 -1.03267260e-01 -7.02898856e-03
  4.98391986e-02 -3.96869928e-02 -4.40811999e-02  3.00564133e-02
 -6.19832352e-02  6.67592213e-02 -4.50772606e-02 -2.71882191e-02
 -5.47400974e-02  5.92929088e-02  3.63481976e-02 -1.99732278e-02
 -1.03337159e-02  4.99491617e-02 -9.50421095e-02  1.29019907e-02
  8.59866962e-02  3.62164527e-03 -4.29680236e-02 -1.72533318e-02
 -4.13636590e-05  2.44249590e-02 -1.54297594e-02  5.52183599e-04
  7.51550794e-02 -9.95456707e-03  8.59949179e-03 -2.39722896e-03
 -3.97917666e-02  2.89780628e-02  7.96611595e-04 -3.81797440e-02
  5.40112751e-03  4.24712375e-02  2.68991794e-02  3.14748287e-02
 -1.33267196e-03  5.51974960e-02  1.09639401e-02  1.44965583e-02
 -1.94041580e-02 -5.08419424e-02 -5.92339337e-02 -1.94307482e-32
 -6.91459281e-03  7.81487599e-02 -2.70979926e-02  3.44981886e-02
  1.67057179e-02 -1.93596780e-02  3.72046195e-02 -1.88609548e-02
  9.56228748e-03 -1.01149566e-01  5.89062041e-03 -5.23496307e-02
  2.45813634e-02 -6.20964840e-02 -9.58624855e-03  4.89105023e-02
 -8.31568465e-02  4.25091945e-02 -7.68302232e-02 -7.78376907e-02
 -3.30781303e-02  9.17535201e-02  4.41466160e-02 -1.41324410e-02
 -9.61727742e-03  4.30387072e-03 -7.98564404e-02 -1.13112427e-01
  2.11051609e-02 -3.80447134e-02  4.69186977e-02  1.78963877e-02
 -4.65900600e-02  4.00109030e-02 -2.70666368e-02 -6.80116192e-02
  3.65431570e-02 -2.68600453e-02  3.80203016e-02  9.67694893e-02
  3.99435647e-02  2.87850946e-02 -1.22863194e-02 -2.19143797e-02
  1.36433719e-02 -4.66207787e-02  6.16417117e-02 -1.10282049e-01
  4.51068692e-02 -1.04115102e-02  1.05596632e-01 -6.04361594e-02
 -9.18514356e-02  6.35135174e-02  5.60928658e-02 -1.71043947e-02
 -7.53311208e-03 -2.46138871e-02 -1.25270933e-01  3.82524286e-03
  2.78175045e-02  6.15372173e-02  1.90152379e-03 -4.52062786e-02
  1.20884039e-01  2.37531085e-02 -1.20591698e-02  6.42550737e-02
  7.00107515e-02 -1.41234957e-02  7.90565684e-02 -4.85676266e-02
  9.56987962e-03 -7.22619668e-02  9.89344902e-03 -6.92519546e-02
 -4.86883223e-02  2.14219447e-02  2.52832323e-02  5.43496944e-02
 -1.00805387e-01  1.37759205e-02  6.34341035e-03  2.19655242e-02
 -5.71943112e-02 -4.65728529e-02 -3.10175959e-02  2.01561023e-02
 -4.45613600e-02  7.70479813e-02 -4.20751385e-02  4.15751198e-03
  5.91512918e-02  5.28700240e-02  5.72512113e-02 -7.77599851e-08
  2.82624755e-02 -2.95104887e-02 -5.89317828e-02  5.84344901e-02
  1.23208901e-02  4.48193168e-03 -7.33734071e-02 -4.13741022e-02
  8.27990565e-03  5.86087033e-02  2.12351345e-02  4.90834936e-02
 -7.99363181e-02  1.54736992e-02 -3.69937681e-02 -5.27186245e-02
  4.31644693e-02  7.18552172e-02 -3.54223289e-02 -5.53714437e-03
  5.71587086e-02 -1.87638402e-02 -3.84542607e-02 -4.37878184e-02
 -6.13363311e-02 -6.38031736e-02 -6.62454367e-02 -4.81411023e-03
 -1.06256735e-02  3.39067611e-03 -2.71685850e-02 -1.05539653e-02
 -8.78188293e-03 -8.06765482e-02 -9.30892362e-04  1.26352897e-02
 -2.73238905e-02  4.04569730e-02 -2.78325733e-02  3.25998999e-02
  6.76051229e-02 -1.15283549e-01 -5.85881807e-02  5.49285300e-02
  5.71253113e-02 -5.12206741e-02 -6.47499487e-02  9.15398374e-02
 -3.91622595e-02 -8.33522230e-02 -2.32903007e-02 -2.02042554e-02
  6.10450748e-03 -3.75754982e-02 -6.59862682e-02 -1.33230891e-02
  1.04772775e-02  3.23647372e-02  2.46094596e-02 -2.16618199e-02
  3.18124443e-02 -9.02472716e-03 -6.11100718e-02 -8.87530223e-02]