[-8.97178128e-02  5.56599386e-02 -4.80872989e-02 -9.21246260e-02
 -4.50208560e-02 -2.06573121e-02 -3.52014601e-02  1.71964973e-01
  2.77231564e-03  4.79908139e-02  1.01778142e-01 -1.36483395e-02
  7.89786875e-03  3.68001126e-02  3.19050848e-02 -6.64319471e-02
 -8.26996006e-03  5.79583161e-02  1.90749522e-02  5.35743237e-02
  1.33861512e-01  5.80353523e-03 -4.18308750e-02  5.68703301e-02
 -8.16784725e-02 -3.89673427e-04  1.41658681e-02  6.69278502e-02
 -5.57457246e-02 -5.90269044e-02 -4.41809334e-02  1.00240387e-01
  1.29730385e-02 -6.64190724e-02 -3.76239754e-02 -5.75283766e-02
  7.85904601e-02 -4.97741923e-02 -2.51387358e-02  6.82058334e-02
 -6.02050796e-02 -3.84890698e-02 -6.51901811e-02 -6.16870597e-02
  2.60728952e-02 -4.31525484e-02  9.52684879e-03  1.08980455e-01
  2.41866987e-02  6.53748820e-03 -3.32114473e-03  9.90459579e-04
 -7.84429833e-02  9.46823321e-03  5.64919934e-02 -7.33244717e-02
 -2.35374328e-02  2.88197678e-02  3.25761549e-02 -8.61582533e-03
  3.92839685e-02  4.33486560e-03 -6.50453568e-02  1.99720711e-02
 -9.26027354e-03 -2.58471519e-02 -7.62662012e-03 -6.99944943e-02
 -2.11642198e-02  3.43892947e-02  1.02666821e-02 -1.10971712e-01
  4.46705297e-02 -4.75339852e-02 -3.67317125e-02  1.01091519e-01
  3.44520509e-02  1.57937538e-02 -4.09722030e-02 -1.78679913e-01
 -2.10388266e-02  1.09109888e-02 -7.80282822e-03 -6.18947558e-02
  4.52751145e-02  9.40858480e-03  1.42375873e-02  2.98583005e-02
  8.96718353e-02  3.27331126e-02  1.61914565e-02  7.55858272e-02
 -6.60914332e-02 -7.37143978e-02  2.14056671e-02 -3.06719728e-03
 -1.33701405e-02  1.82182062e-03  4.21041390e-03  6.11400930e-03
  7.88854435e-02 -1.17466832e-03 -7.85809681e-02  6.13273568e-02
 -2.97045596e-02  9.91749112e-04  6.08843239e-03 -1.69526134e-02
  6.66222498e-02  4.91846986e-02 -1.45610282e-02 -1.18897781e-02
 -3.82124409e-02 -4.94050346e-02 -1.29867122e-01  4.05933224e-02
 -6.66369870e-02 -3.11171357e-02  5.79253361e-02 -1.75836701e-02
  7.87004456e-03 -4.50370461e-02  2.01823581e-02 -8.54789019e-02
  1.60854086e-02 -5.50309755e-02  6.71009570e-02  1.04136780e-32
 -4.23480608e-02  8.78257491e-03  3.11704935e-03 -1.63929779e-02
 -1.83637105e-02  2.50474811e-02 -7.77821392e-02  5.51360697e-02
  1.37602361e-02 -4.05560769e-02 -1.00743845e-01  4.13211137e-02
 -1.54542178e-02  3.48545760e-02  1.17496066e-01 -4.10858169e-03
  6.24359474e-02 -3.63541692e-02 -1.88706294e-02 -2.12567654e-02
 -3.21796574e-02 -2.94095073e-02  3.12882550e-02 -2.74878985e-04
  4.21557873e-02  6.82739913e-02 -2.58483365e-02  9.21904482e-03
 -8.38884413e-02  4.00049016e-02  4.27416787e-02 -2.92144995e-02
  2.19900347e-02  9.37625393e-03 -4.63213492e-03 -7.95996413e-02
  1.18628684e-02 -1.02434354e-02 -6.84721023e-02  1.61504783e-02
 -4.01920229e-02  1.78804714e-02  2.40557436e-02  6.06932584e-03
  3.58911082e-02 -9.68376026e-02  5.75909652e-02  2.80160215e-02
  9.25270915e-02  4.93358187e-02 -6.28989786e-02  1.71975438e-02
 -2.01471783e-02 -4.05056961e-02 -3.93304005e-02 -5.01492918e-02
 -1.63936839e-01  4.28463034e-02 -5.37988767e-02  4.90666600e-03
  1.58787444e-02  2.64515337e-02  3.80255468e-02  3.30501399e-03
 -1.46241402e-02  3.27398442e-02 -5.25592268e-02 -3.58229503e-02
  6.28327876e-02  2.09724084e-02 -3.48902233e-02 -2.38719583e-02
 -7.91154336e-03  5.07422164e-02  3.33151519e-02  2.79034022e-02
  1.12819791e-01  3.31789330e-02 -1.48409782e-02 -4.18300740e-03
 -1.06744215e-01  3.94316390e-02 -3.69609296e-02 -1.19855637e-02
  3.00630350e-02 -2.41264589e-02  4.63472791e-02  3.60342450e-02
  2.48101093e-02  3.21918651e-02  1.60246622e-02  5.53542301e-02
 -1.42005254e-02 -3.21033224e-02  4.86886203e-02 -1.16109447e-32
 -1.07377721e-02  4.91708256e-02  1.11849634e-02 -5.77685684e-02
 -5.28133065e-02 -2.04119571e-02  5.96741550e-02 -5.86599745e-02
 -1.14608528e-02 -1.28478169e-01 -5.59364036e-02 -3.38614471e-02
  1.10891804e-01 -2.19826158e-02 -3.03358398e-02  3.23773660e-02
 -1.22092344e-01 -1.35128684e-02 -3.24627832e-02 -9.17787571e-03
  7.07940832e-02  9.80228707e-02  5.68373390e-02  2.12951042e-02
  1.92410666e-02 -3.92770730e-02 -4.38914932e-02 -2.60538161e-02
 -5.71584739e-02  1.99471470e-02  7.26638064e-02  3.36400010e-02
 -3.69095169e-02  1.52944252e-01 -4.18910086e-02  4.40657213e-02
  7.09828883e-02  3.33956555e-02 -4.41102963e-03  1.09760493e-01
  4.55830507e-02  5.11607155e-02  1.67527981e-02 -3.55902724e-02
 -1.95413493e-02 -8.44816417e-02 -4.78505110e-03 -7.44146556e-02
 -8.33957084e-03 -1.00547507e-01  9.41511989e-02  1.43526793e-02
  7.99485389e-03 -3.70053425e-02  2.20706537e-02 -3.64082679e-02
 -2.18367558e-02 -2.39589009e-02 -3.38543281e-02  1.00464318e-02
  1.21275641e-01  2.73960941e-02 -1.87292341e-02 -4.09087874e-02
  5.63963428e-02 -8.42673518e-03  4.19575023e-03  3.35811488e-02
  7.63496980e-02 -2.46768929e-02  6.87611774e-02 -5.73776849e-02
 -4.37035821e-02 -3.90528888e-02 -4.72597405e-02 -9.12534371e-02
 -1.59974471e-02 -3.34375212e-03 -3.33334245e-02  4.96748686e-02
 -4.22482416e-02 -4.73182276e-02 -6.42964477e-03  5.81744984e-02
 -4.47766334e-02  2.14239340e-02 -3.62479091e-02  1.11689428e-02
  2.89082695e-02  2.45685615e-02 -4.98577654e-02  4.24803160e-02
 -3.69238248e-03  8.95668492e-02  5.77457435e-03 -5.88178359e-08
  8.21028501e-02 -8.23583752e-02  3.93594578e-02  3.81496362e-02
  1.07092662e-02 -2.04354245e-02 -2.52663195e-02 -5.17654344e-02
  5.73576102e-03  4.19822671e-02  1.64755490e-02 -2.79514454e-02
 -1.04161073e-02  5.24547556e-03 -1.58845745e-02  3.34775657e-03
  6.72940090e-02  8.97561163e-02 -5.95557764e-02 -1.96375307e-02
  4.78352495e-02 -4.83238846e-02 -7.59654120e-02  6.20829128e-03
  4.84409556e-02 -7.24356100e-02 -2.46488992e-02  1.40680978e-02
 -2.79871374e-02  1.03968419e-02  9.83246136e-03 -2.10195184e-02
  7.10972697e-02 -2.61515360e-02 -1.25100911e-02 -4.43869606e-02
 -2.00942103e-02  1.04046106e-01  1.98438670e-03  4.86529879e-02
  3.07628158e-02 -2.69166827e-02 -6.22001104e-02  2.45482549e-02
  2.43740212e-02 -5.96672818e-02  1.02646009e-03  5.77005967e-02
 -4.90921140e-02 -5.58782555e-02 -2.28513405e-02  3.72681618e-02
  4.33415622e-02 -4.74465359e-03 -1.25431409e-03 -1.41517678e-02
 -2.91562732e-02  1.11567257e-02 -3.32655013e-02 -2.91333701e-02
  4.18116264e-02  5.62649220e-02  1.33013101e-02 -1.31282136e-01]