[-1.95557903e-02 -7.00487047e-02 -8.90314281e-02 -7.98351765e-02
 -6.57614544e-02 -1.62835587e-02 -2.06139288e-03  1.21569104e-01
  2.97979778e-03  5.87519445e-02  1.23229593e-01 -3.62141896e-03
 -4.70472537e-02 -3.89501452e-02  8.83813016e-03 -3.95978689e-02
  3.90384980e-02 -5.35499789e-02 -1.12061650e-02  5.93556874e-02
  8.17603394e-02 -4.73602526e-02 -4.47554421e-03  3.04811560e-02
 -2.48836149e-02 -6.16328232e-03 -7.88053721e-02  2.22997321e-03
  1.28776450e-02 -7.19052032e-02  4.37092781e-02  1.95940793e-01
  8.59738812e-02 -7.38403276e-02 -2.16569658e-02 -1.89561695e-02
  5.21601215e-02 -6.13628365e-02 -6.68416694e-02  7.89225549e-02
 -5.66331148e-02 -3.52231041e-02 -1.52604282e-02 -8.18059519e-02
  3.14875483e-03 -4.32461016e-02 -3.41147855e-02  8.06352273e-02
  3.71306986e-02  2.14374289e-02 -5.56048267e-02  3.43172736e-02
  6.12536352e-03  2.42758691e-02 -2.05909237e-02 -6.79320320e-02
 -5.36060371e-02  2.87217852e-02 -2.31557880e-02  2.47367993e-02
  3.18686441e-02  6.36483654e-02 -6.42051920e-02  4.44994494e-02
  9.43353772e-03  1.34826023e-02 -5.49427532e-02 -4.16299291e-02
 -7.24180490e-02  3.10140289e-02  1.16371829e-02 -4.63885479e-02
 -3.86725068e-02  7.40420073e-02 -5.88083565e-02  2.11089309e-02
  2.89961100e-02 -1.30683742e-02  9.37115587e-03 -1.29876822e-01
  9.13407071e-04  5.02431691e-02  7.86440521e-02 -6.75371885e-02
 -1.08190663e-02  4.41202410e-02  5.91743644e-03  4.95523773e-02
  2.28609256e-02 -2.02493817e-02  7.38253146e-02  9.21968892e-02
  4.11972310e-03 -2.93365344e-02 -5.84943853e-02 -3.59448120e-02
 -3.12165078e-03  8.82044248e-03 -4.88811806e-02  2.51987036e-02
  7.40269348e-02 -1.40569573e-02 -8.73653814e-02 -5.22388183e-02
 -5.73178083e-02 -7.28103742e-02  1.15989856e-02  3.76863312e-03
  8.01443234e-02  1.10647589e-01 -1.36838138e-01 -8.90515186e-03
 -4.41287234e-02 -2.95217708e-02 -4.34729978e-02 -3.38641815e-02
  5.03176823e-02 -4.69453149e-02  1.02976181e-01 -3.68912928e-02
 -1.77080035e-02 -4.40620109e-02  1.67753510e-02 -4.43500318e-02
  4.23787124e-02 -3.87488529e-02  3.70199308e-02  1.70070581e-32
 -1.10298032e-02  5.19338548e-02  5.21021371e-04 -2.04912666e-02
 -1.68990926e-03  1.97508745e-02 -9.25213918e-02 -1.57888345e-02
 -4.17844504e-02 -3.28802392e-02 -7.02911839e-02  2.26590224e-02
  2.87133176e-02  7.65421838e-02  1.06963411e-01 -3.60733345e-02
 -8.24422017e-03 -2.70444266e-02  2.70845275e-02 -1.00787431e-02
 -4.49852496e-02 -1.79664101e-02  1.43314525e-02 -4.75034118e-03
  4.26128022e-02  6.60409257e-02 -2.34766034e-04  1.26151295e-04
 -7.32781291e-02  4.80718799e-02  3.87713276e-02 -3.82006913e-02
 -6.92088995e-03 -5.26570454e-02 -1.07857138e-02 -3.50959599e-02
  2.16438975e-02 -6.48163855e-02 -8.59966278e-02  8.85081943e-03
 -4.49800938e-02  1.86527390e-02  5.86920492e-02  6.64752498e-02
  9.69243646e-02 -3.38971876e-02  5.96956983e-02 -2.50772620e-03
  1.18808486e-01 -4.03735638e-02 -7.30925277e-02  4.83991206e-03
  1.09889666e-02 -1.80885252e-02 -1.25893261e-02  1.47484744e-03
 -1.27227679e-01  1.07786357e-02 -8.40028375e-03 -7.78271258e-02
 -2.96891332e-02  1.23664374e-02 -1.71260051e-02 -5.93328662e-02
 -7.13672712e-02 -1.90070958e-03 -6.70449808e-02 -4.71196733e-02
  9.67316180e-02  6.26750756e-03 -1.76689085e-02 -7.53571689e-02
 -1.83962081e-02  3.14966887e-02  5.80980889e-02 -5.83701767e-03
  6.17928877e-02  2.20701396e-02  5.35025448e-02  2.81855687e-02
 -4.64944951e-02 -1.09640183e-02  2.63127647e-02  9.77000501e-03
  4.28111851e-02  5.04700616e-02  3.60223576e-02  3.97223495e-02
  1.88170578e-02  7.41822347e-02 -1.53794438e-02  3.73955369e-02
 -2.00705486e-03 -7.26728048e-03  3.09179444e-03 -1.75271130e-32
 -6.93372115e-02  4.65992056e-02 -6.69103190e-02  6.28099814e-02
  1.00288691e-03  1.00584526e-03 -2.86053605e-02 -8.64182785e-02
  1.37159824e-01 -1.53594151e-01  9.81939374e-04 -4.04560901e-02
  1.51602095e-02 -5.50110713e-02  1.89659302e-04  3.21687460e-02
 -2.64828131e-02 -2.30804365e-02 -2.84300614e-02 -8.98133665e-02
  6.60349755e-03 -5.43983234e-03 -4.75049019e-03  7.48334602e-02
  2.03773472e-02  1.14992226e-03 -8.72262870e-04 -5.02447113e-02
 -1.11749154e-02 -3.21907066e-02  2.60488708e-02 -2.31837109e-02
 -9.67950746e-02  6.61752596e-02 -5.54259820e-03 -8.92899279e-03
  1.98513847e-02  7.92352185e-02 -5.44521771e-02  7.47153535e-02
  3.11784279e-02  4.79620211e-02  6.67000338e-02 -3.51410918e-02
 -4.88969572e-02 -4.94247898e-02 -4.51148376e-02 -8.92210454e-02
 -1.96876768e-02  2.11882181e-02  5.68020865e-02  4.97043990e-02
 -6.55582407e-03  7.70896971e-02  1.56282540e-02 -2.67787483e-02
 -2.90027149e-02 -4.05058563e-02 -1.66790739e-01 -6.10222947e-03
  9.76641383e-03  6.52220622e-02 -2.76430952e-03 -1.75389349e-02
  1.55507639e-01 -1.89083237e-02 -1.40599543e-02  5.70612252e-02
  1.54586527e-02 -1.70471836e-02  5.80428317e-02 -8.16343278e-02
 -8.27250779e-02 -2.96370815e-02 -2.43966449e-02 -3.31856683e-02
 -4.63404655e-02  2.90598199e-02 -9.17111337e-03  8.25898200e-02
 -6.04588315e-02 -1.09040691e-02 -2.31400859e-02 -3.40890586e-02
 -5.18664308e-02 -2.72828266e-02 -3.37293819e-02 -2.78734472e-02
  2.01452356e-02  5.86177805e-04  7.99987465e-03  2.94328611e-02
 -8.29844736e-03  4.25306484e-02  2.72512604e-02 -7.51292291e-08
  5.52445948e-02 -6.34491369e-02  2.09436901e-02  5.35890982e-02
  4.88619953e-02 -1.39388358e-02 -9.88717936e-03 -4.74016666e-02
 -3.46864238e-02 -1.58561878e-02 -3.56480060e-03  6.39292076e-02
 -7.39480704e-02 -3.66815962e-02  7.24758729e-02 -3.28964703e-02
  7.01280683e-02  9.95444972e-03 -5.80032654e-02 -1.35568380e-02
  7.33487308e-02 -2.28230078e-02 -1.05887860e-01 -8.06850567e-02
 -6.42921254e-02  2.73742806e-02  3.82617638e-02  1.21376812e-02
 -8.94630142e-03  5.51626645e-02 -4.69588935e-02 -1.29550276e-02
 -5.43697849e-02 -7.10460767e-02  1.54613436e-03 -2.79234815e-03
  5.91233931e-03 -3.06424056e-03  1.23510268e-02  8.70549760e-04
  1.11394152e-01  5.05761802e-02  9.54683498e-03  4.05559316e-02
  6.08256124e-02 -4.67171855e-02 -1.88181326e-02  2.89659463e-02
  6.35651276e-02 -4.49981838e-02 -4.78813164e-02  4.15488482e-02
  4.67998050e-02  3.05411965e-02 -4.30423208e-02 -4.44147401e-02
  6.29875809e-03 -1.66853778e-02  1.41312778e-02  7.16536539e-03
  5.73123135e-02 -4.34167264e-03  4.12817001e-02  2.64542885e-02]