[ 2.22987086e-02  1.68009214e-02 -4.12993468e-02 -4.33979630e-02
 -8.59124139e-02  3.73228919e-03  1.73620693e-02  8.35393220e-02
  3.10042500e-02  4.83726002e-02  1.08981133e-01 -1.04426220e-01
 -5.20550497e-02  1.23063698e-02 -2.28417441e-02 -1.08069023e-02
  3.20129283e-03  7.28815123e-02 -8.70901644e-02 -2.05925442e-02
  1.55557454e-01 -4.47443947e-02  2.39600018e-02  3.40745412e-02
  2.11059414e-02  5.28258309e-02 -7.42978081e-02  6.78193420e-02
 -6.13233261e-03 -6.42567575e-02 -6.88081561e-03  1.47490993e-01
  1.22363552e-01 -1.05833709e-01 -4.53556562e-03  3.64596141e-03
 -3.24511901e-02  1.14548067e-03  4.13441770e-02  9.13128331e-02
 -2.52180919e-02  2.02033184e-02  3.97063792e-02 -2.14582309e-02
 -2.84251571e-02 -7.51957968e-02 -1.96114946e-02  3.16625908e-02
  7.24757612e-02  3.20468955e-02 -1.46361487e-03  1.92463584e-02
 -2.51617786e-02  6.28928319e-02  3.63428285e-03 -8.53110328e-02
 -7.18589723e-02  4.45139082e-03  8.95742700e-03  6.25708029e-02
  5.09691946e-02  5.57880178e-02 -9.03007537e-02 -3.58402468e-02
  3.02347727e-02  1.38099305e-02 -6.99951779e-03 -6.65030107e-02
 -7.82383904e-02  2.81207543e-02  3.11102383e-02  3.36264167e-03
  3.19320336e-02  4.53889333e-02 -6.90921992e-02  3.46316434e-02
  4.10497524e-02  1.53010432e-02 -8.66084732e-03 -7.82921016e-02
  1.62563529e-02  7.01416433e-02  2.27621272e-02 -8.34420100e-02
  2.98589431e-02 -6.96198177e-03  3.33981924e-02  4.74306680e-02
  6.34295749e-04 -5.86894224e-04  7.54123852e-02  5.81360348e-02
 -6.17842600e-02 -7.26159364e-02 -6.95797475e-03  1.81978699e-02
 -1.53005766e-02 -1.44502996e-02  6.00130260e-02 -1.86997987e-02
  4.88095023e-02 -3.06073832e-03 -7.00045656e-03 -3.48047875e-02
 -8.87353867e-02  2.44731903e-02  3.26810963e-03  7.69566149e-02
  4.22127843e-02  6.54722676e-02 -1.05946474e-01 -6.82839612e-03
 -4.53887060e-02  2.59334762e-02 -4.31920551e-02  1.11781852e-02
 -2.21251771e-02 -1.85577311e-02  9.83820483e-03  1.82141736e-02
  9.11211688e-03 -9.56391077e-03  1.12363622e-01 -4.00967523e-02
  3.79359461e-02 -9.51348245e-02  1.67793557e-02  1.42396638e-32
 -1.56637304e-03  1.46656362e-02  4.49054933e-04  4.05862257e-02
  2.56564338e-02  5.75341359e-02 -7.21824467e-02  4.73100506e-02
 -6.11187331e-03 -3.62637900e-02 -7.44554251e-02  4.40594330e-02
  4.35841689e-03  1.68750063e-02  9.05099064e-02  2.05947869e-02
  1.01647098e-02 -8.40120204e-03  4.78878804e-03  1.41295567e-02
 -1.65416729e-02  2.98106298e-02 -1.64310087e-03  3.59541252e-02
 -1.04983663e-02  5.77628016e-02  1.97599176e-02  9.05838795e-03
 -8.16774219e-02  4.25576977e-02  3.75429280e-02  2.93129925e-02
 -5.72317168e-02 -9.76293162e-02 -5.41203655e-02 -3.06596197e-02
  6.65926263e-02  1.19457878e-02 -4.57878038e-02  4.16512303e-02
 -7.62532353e-02  3.31496298e-02  8.14077109e-02  4.08952422e-02
  2.07508821e-02 -7.12236017e-02  4.37308922e-02  2.55274139e-02
  1.11637332e-01  9.98404771e-02 -6.69703260e-02 -1.28403574e-03
  7.88283721e-02 -5.55641800e-02 -4.43561487e-02  2.50125080e-02
 -9.51010436e-02  6.53204247e-02 -5.21600209e-02 -4.92599197e-02
  1.20727606e-02 -3.26270377e-03 -1.89272426e-02 -2.96511129e-02
 -5.95217571e-02 -2.65866704e-03 -6.63775578e-02 -2.74644624e-02
  1.15117386e-01  2.95294970e-02 -6.16409071e-02 -4.90619205e-02
  7.71446867e-05  3.21462750e-02 -1.10072521e-02  2.17683464e-02
  8.16372782e-02 -4.53126878e-02 -4.04576696e-02  2.50566751e-02
 -6.29267842e-02  1.09736316e-01 -2.54702065e-02 -1.76309627e-02
  8.28002617e-02  3.40917669e-02  6.78940117e-02 -1.54551910e-02
  2.78361496e-02  5.12981527e-02  2.04333831e-02 -1.51203880e-02
 -4.72904593e-02 -1.78279206e-02  1.38091035e-02 -1.33552321e-32
  4.00847197e-02  8.36009085e-02  9.48526897e-03  4.78612073e-02
  5.39891515e-03  1.18413465e-02  3.68962735e-02 -6.62230561e-03
  1.29975891e-02 -9.87309664e-02  2.49185171e-02 -6.35698140e-02
  4.42044325e-02 -4.54581641e-02 -2.56487783e-02  4.53301519e-02
 -8.85419920e-02  1.14891334e-02 -4.19343226e-02 -3.21446247e-02
 -2.39028037e-03  1.20661177e-01  2.40019578e-02 -8.57381430e-03
  3.44261229e-02 -2.13124100e-02 -5.98446392e-02 -4.97366637e-02
  3.70039828e-02 -1.97551902e-02  2.51509175e-02 -2.24535670e-02
 -4.04064171e-02  6.48410842e-02 -6.14055395e-02 -2.87170820e-02
  3.93883139e-02 -1.52502418e-03 -8.66208784e-03  8.86239782e-02
  1.44781815e-02  3.09639834e-02 -8.01892206e-03 -2.37526391e-02
 -2.31798813e-02 -1.14976063e-01  6.21853247e-02 -1.08170286e-01
  3.58514301e-02 -2.56832317e-02  1.17273666e-01 -2.12285239e-02
 -1.30984515e-01  5.62176965e-02  8.08013305e-02 -1.96664799e-02
  4.84424597e-03 -3.09020132e-02 -1.53292954e-01 -1.12502845e-02
 -1.70821026e-02  3.58548686e-02  2.13134456e-02 -5.60019761e-02
  8.98125470e-02  6.32327108e-04 -1.81573275e-02  6.30334318e-02
  3.10736950e-02 -8.91204085e-03 -1.80895366e-02 -7.53370896e-02
 -1.16940504e-02 -6.96477219e-02  4.28399444e-02 -2.67321691e-02
 -7.24105686e-02 -4.27581035e-02 -9.56925657e-03  1.72452978e-03
 -9.28124636e-02 -3.14596556e-02 -9.53571405e-03 -4.24599200e-02
 -7.63636678e-02 -2.40658354e-02 -6.28306181e-04  4.45288643e-02
  1.58525631e-02  6.21597208e-02 -2.04185862e-02  8.50372203e-03
  7.15597272e-02  4.47505377e-02  3.72474864e-02 -5.79856270e-08
  3.12818363e-02  1.80908274e-02  3.86617845e-03  2.64156386e-02
  1.84217524e-02  1.62738434e-03 -2.85530593e-02 -3.07797734e-02
 -2.92418916e-02 -1.93774998e-02  2.79887929e-03  4.08989154e-02
 -8.17781091e-02  1.70473680e-02 -3.39031070e-02 -2.12298818e-02
  6.00557402e-02  6.26052469e-02 -3.46434675e-02 -4.58380505e-02
  1.40047353e-02 -3.31186764e-02 -5.61463982e-02  7.72578223e-03
 -6.37786984e-02 -1.75109245e-02 -3.53106894e-02  1.76359825e-02
 -4.38821279e-02  2.04087142e-02  4.04796610e-03 -8.28009751e-03
  2.26276163e-02 -1.29782975e-01 -4.59871292e-02 -4.84167784e-02
 -1.45707121e-02  2.71743350e-02 -3.67500894e-02  6.30870908e-02
  8.30898583e-02 -1.47018328e-01 -7.88852274e-02  3.40717584e-02
  3.90390120e-02 -6.10748678e-02 -6.03334419e-02  5.81723452e-02
 -2.81048864e-02 -6.94843531e-02 -2.77964361e-02 -3.09432633e-02
 -4.73036170e-02 -2.39435080e-02 -4.22406569e-02  1.87580250e-02
  3.73877995e-02  7.26413447e-03  3.83527251e-03 -1.06349010e-02
  4.64541316e-02  2.33549122e-02 -2.00390257e-02 -1.19987383e-01]