[ 6.68759039e-03 -2.54664477e-02 -2.67742132e-03 -1.37123674e-01
 -5.01006562e-03 -1.26556642e-02  6.43207133e-02 -2.84392536e-02
  2.01442726e-02  1.24703394e-02  8.24727342e-02 -2.77742185e-02
  2.70205382e-02  8.42782669e-03  3.67210358e-02 -9.51356534e-03
 -5.10571860e-02 -2.07922459e-02 -2.16700435e-02  5.96803986e-02
  1.17384784e-01 -8.34596828e-02 -9.82354209e-02  2.54116114e-02
 -5.27688526e-02  9.68043023e-05  1.59847122e-02 -4.06989492e-02
 -2.91725295e-03 -5.92452064e-02 -6.19617701e-02  5.87074980e-02
 -1.45309968e-02  4.92810048e-02 -3.95502783e-02  1.36071369e-02
  4.07691039e-02  3.46711725e-02 -1.78541429e-02  5.86953573e-03
 -2.61487495e-02 -6.61386689e-03  2.03174129e-02 -4.69522625e-02
  3.22001092e-02  4.66149393e-03  7.31145823e-03  7.50663280e-02
 -1.03546381e-02 -6.38830364e-02  4.53110263e-02 -7.14335311e-03
 -7.38074332e-02  7.50281960e-02  3.89067307e-02 -1.66686065e-02
 -5.39318025e-02  6.76243603e-02 -2.26552729e-02  6.96198717e-02
  1.02471765e-02 -1.55428741e-02 -6.33996800e-02  2.98364852e-02
  4.28196564e-02 -4.61871512e-02  2.76955869e-02 -1.34741003e-02
 -8.89872089e-02  8.04422572e-02  8.01637396e-03 -6.55882806e-03
 -1.87049862e-02 -9.79613047e-04 -3.60520892e-02  6.77400082e-02
 -1.07367439e-02  5.87128066e-02 -1.00925332e-02 -1.76925719e-01
 -1.75961554e-02  2.93278936e-02  1.26718143e-02 -1.03912205e-01
  5.19127920e-02  3.04109100e-02 -5.77549152e-02 -4.11059223e-02
  7.09370896e-02 -2.71193180e-02  2.59580724e-02 -6.17013499e-03
  2.08129678e-02 -3.10796183e-02 -4.83508222e-02  5.38077280e-02
 -6.59067556e-02 -2.47265808e-02 -3.19551234e-03  1.21653695e-02
  2.16578357e-02 -2.30244063e-02  5.87189011e-03 -1.94515325e-02
 -6.19022250e-02  4.86752689e-02  2.86404788e-02 -8.88441410e-03
  4.31531072e-02  7.29017630e-02 -6.57263920e-02 -2.14427523e-02
  3.93980294e-02  1.35902092e-02 -1.80481989e-02  3.58856429e-04
  3.31671610e-02 -7.11511448e-02  6.34726584e-02 -1.06851667e-01
 -2.82767266e-02  5.23760542e-03  2.01609340e-02 -3.03966478e-02
 -3.87522802e-02 -3.04014068e-02  9.40707400e-02  1.07635286e-32
  9.89941973e-03 -7.98803195e-02 -4.84111942e-02 -2.16195127e-03
  7.79091753e-03  3.18503045e-02 -5.86487129e-02 -6.50813663e-03
 -4.57850769e-02  2.12229695e-02 -8.34944844e-03  5.44307306e-02
 -3.08268461e-02  3.17283086e-02  1.15176253e-01  8.47226605e-02
  9.07314122e-02  3.55243459e-02  7.82348290e-02 -1.82364878e-04
 -1.41020538e-02  1.06124900e-01 -2.70943996e-02  1.78414993e-02
 -1.53461900e-02 -9.81954932e-02 -8.02703649e-02 -2.66707968e-02
 -6.74757063e-02  1.82481576e-02  6.47417009e-02 -5.99564761e-02
 -1.93748195e-02  8.77292976e-02 -8.24868456e-02  5.09666204e-02
  1.17663965e-02  1.45655824e-02 -4.74103056e-02 -6.21370971e-02
 -5.16543835e-02  6.84346538e-03  1.45048369e-03  2.70536412e-02
  2.66375653e-02 -2.17034891e-02 -2.06563156e-02 -4.02103085e-03
 -2.17403956e-02  4.32005823e-02  1.18680410e-02  1.65420789e-02
 -3.75606678e-03 -1.10259622e-01  4.08144854e-02 -1.74842924e-02
 -6.22853450e-02  8.12492892e-02  5.86025901e-02  4.94167255e-03
  1.60456239e-03 -4.85352948e-02 -4.70828824e-02 -8.29261839e-02
 -8.56246203e-02 -1.41833974e-02 -2.95420159e-02  4.23255898e-02
  5.31135798e-02  1.84486080e-02 -6.31394312e-02  5.48707694e-02
 -5.01326285e-02  4.77460958e-02  5.13669215e-02 -6.30442007e-03
  3.18838172e-02 -1.19034097e-01 -8.80368240e-03  7.04900846e-02
 -4.41785567e-02  3.37424092e-02 -8.29092488e-02  3.93180549e-02
 -8.23380575e-02  5.03706150e-02  5.40884472e-02 -4.43382710e-02
  1.78538281e-02  3.81947756e-02 -4.28740270e-02  2.77993251e-02
 -4.67363792e-03 -2.69693825e-02  7.90555179e-02 -1.17837012e-32
 -2.57933997e-02  2.27157306e-03 -2.84090657e-02 -6.65838569e-02
 -1.68380644e-02  4.91230525e-02  6.21618284e-03 -7.07800388e-02
 -6.61583990e-02 -1.57265395e-01 -2.98610106e-02 -8.83041099e-02
 -7.20462902e-03 -4.48437892e-02 -7.36972019e-02 -4.83901575e-02
 -5.27708642e-02 -4.66218255e-02 -1.79200228e-02 -1.56329311e-02
  1.80835444e-02  3.47637683e-02  1.95830800e-02  2.18776111e-02
 -2.43553203e-02 -2.56009698e-02 -8.61937925e-02  6.90058991e-02
  4.42786366e-02  5.07555790e-02  4.76044007e-02 -2.32447102e-03
  2.81498488e-02  1.33810833e-01 -3.76094878e-02  6.31331950e-02
  3.04937586e-02  6.64574355e-02  5.78225963e-03  6.21160120e-03
  3.51352543e-02  8.73658881e-02  4.45065983e-02  5.63405044e-02
  7.03837350e-03  4.36986908e-02 -8.41102675e-02 -5.06937094e-02
 -5.31228334e-02  1.59099940e-02  6.90383613e-02  5.08223511e-02
 -6.48289919e-02 -2.58382577e-02  5.96844330e-02 -3.41682360e-02
  5.06083742e-02 -2.04145797e-02 -1.13389306e-01 -8.89437925e-03
 -6.98342919e-02 -2.26037316e-02 -6.49598688e-02 -3.09163984e-02
  2.88644116e-02  1.42716467e-02 -6.57261312e-02  1.42989933e-01
  2.83188955e-03  1.21234301e-02 -3.68401147e-02 -5.20809218e-02
 -6.92593157e-02 -4.31608269e-03 -2.38603950e-02 -7.24144429e-02
  6.11904748e-02 -4.94348444e-03 -2.80467682e-02  5.83373867e-02
 -7.24180788e-02  4.10800762e-02 -2.60338932e-02  3.71224619e-02
 -4.61026989e-02  2.58935392e-02 -1.50263915e-02 -2.46023610e-05
  1.30169496e-01  4.78595309e-02  3.64128649e-02  8.69878829e-02
  2.65017040e-02 -3.70378885e-03  4.22861092e-02 -4.43751809e-08
 -1.42878871e-02 -5.71437627e-02  1.15567185e-01  2.42490806e-02
 -2.67609730e-02  4.42607142e-02  2.18685381e-02  1.33205513e-02
  2.68133469e-02 -4.21192357e-03  5.43469144e-03  4.96336520e-02
 -7.69294575e-02 -1.13954046e-03  2.78074909e-02  4.77269478e-02
 -3.91842537e-02  4.17523943e-02  1.80869326e-02 -3.12716588e-02
 -6.58599138e-02 -2.27892380e-02 -1.16409957e-01  8.32776260e-03
 -4.60905805e-02 -9.55690723e-03 -7.84547403e-02 -6.06644265e-02
 -5.18921129e-02  1.06701985e-01  1.91455502e-02  3.35371047e-02
  1.38753522e-02 -1.12331910e-02 -1.13657501e-03 -7.20136017e-02
 -5.64178266e-02  3.79027613e-02 -6.87201396e-02  3.08015663e-02
  1.00157641e-01  5.01338430e-02 -2.26677209e-02 -1.21554947e-02
  6.88533410e-02 -8.35449696e-02  8.11896380e-03  3.61485481e-02
  7.24814534e-02  1.59376729e-02 -4.58078049e-02 -1.79876515e-03
  7.17072934e-02 -1.18626468e-03 -6.69379458e-02 -3.67429517e-02
 -3.56359147e-02  1.56606659e-02  3.55482325e-02 -2.27789651e-03
  7.26588964e-02  7.81051889e-02  5.02696894e-02 -1.48138888e-02]