[-2.0006699e-02  6.4499125e-02 -9.7294755e-02 -2.2938035e-02
 -3.6959145e-02  2.4972316e-02  7.0161514e-02  4.8689187e-02
  2.9522670e-02  8.1266902e-02  7.0337683e-02 -1.4035427e-02
 -2.4588540e-02 -1.8879273e-03  2.3558203e-02 -8.1687786e-02
  4.4761833e-02 -1.3951288e-02 -3.4808956e-02  1.1271789e-02
  1.7914814e-01 -2.0205151e-02 -3.4267630e-02  8.7431960e-02
 -1.0393558e-01 -3.8669188e-02 -4.6901315e-02 -3.7126962e-02
 -7.9137050e-02 -2.0480128e-02  9.2177335e-03  5.5810496e-02
  9.8683052e-02 -1.4653904e-02 -2.7839489e-02 -2.7257696e-02
  5.7405535e-02 -3.2392349e-02 -2.1886719e-02  4.6715930e-02
 -8.5948236e-02 -8.9179270e-02 -7.4478559e-02 -5.4513559e-02
 -2.2663595e-03  6.2536057e-03  3.7772700e-02  6.9394700e-02
 -8.6094424e-02  2.8659362e-02 -4.5488011e-03 -4.1220985e-02
 -8.4531307e-03  4.5688916e-02  2.4277294e-02 -1.0211287e-01
  1.5477972e-02  3.3201903e-04 -2.7654586e-02  3.2129534e-02
 -4.4694252e-02  9.9275969e-03 -6.6923000e-02  4.2731203e-02
  1.0293160e-02 -4.8655989e-03 -4.7110163e-02 -8.7011950e-03
  2.0681834e-03 -3.4259721e-03  4.2291287e-02 -1.0070792e-01
  4.9253315e-02 -2.1347687e-02  7.6958439e-03  9.9846730e-03
 -2.0809464e-02  9.1881834e-02  3.6848191e-02 -2.3405424e-01
  4.3641116e-02  1.6622450e-02 -3.1377975e-02 -3.6914770e-03
  8.9760292e-03 -4.5136973e-02 -4.4234986e-03  3.0445479e-02
  9.1979884e-02  3.5364747e-02  1.9495569e-02  3.2493786e-03
  7.5684977e-03 -3.7195418e-02 -2.9996252e-02 -3.9005489e-03
 -6.0217762e-03 -1.8870329e-02  4.5184404e-02 -2.3680034e-03
  5.1335473e-02  2.6166413e-02 -2.5985776e-02  2.4802182e-02
 -3.5746206e-02 -3.8245983e-02 -8.4246518e-03 -2.8015532e-02
  2.2208419e-02  9.4739251e-02 -6.4274654e-02 -2.5034931e-02
 -7.3754460e-02 -9.8047182e-02 -5.0938103e-02  4.4088890e-03
 -8.7251171e-02 -2.8736265e-02  1.9169055e-02 -2.5665449e-02
 -1.1908541e-02 -1.4245490e-02  4.3847784e-02 -7.9387471e-02
  8.3872087e-02 -3.5582252e-02  1.4615483e-02  3.2658631e-33
 -4.6112359e-02  8.1769079e-03 -1.9553481e-02  3.5651989e-02
  2.2511445e-02  1.0657978e-02 -3.4167390e-02  1.5989777e-02
  9.8960653e-02  3.8126010e-02  3.2321155e-02  4.6859212e-02
 -2.8322034e-03 -7.9415403e-03  1.1614030e-01 -2.3879716e-02
  1.4199390e-02  8.5757717e-02  3.4373429e-02  2.6245166e-02
 -3.1958083e-03 -3.3872012e-02  2.8710516e-02 -6.0620371e-02
  7.4343048e-02  5.9053868e-02 -8.4469676e-02  1.1435417e-02
  1.2637281e-03  4.9004387e-02  1.2846120e-01 -6.6026677e-03
  8.6133666e-02 -2.3084499e-02 -4.6423286e-02 -6.8134539e-02
 -2.9913343e-02 -1.1139761e-02 -1.4397528e-02 -1.2600749e-04
 -1.8685909e-02 -4.7124654e-02  3.9133385e-02  2.0112002e-02
  3.1369034e-02  6.1869263e-03  3.7862044e-03 -1.5831256e-02
  1.3856027e-01  6.3404419e-02  1.3899862e-02 -4.8200183e-02
 -5.9790560e-03 -9.2501856e-02  2.7435841e-02  8.8401968e-03
 -6.0889188e-02 -1.8845383e-02 -3.5607021e-02 -9.7589366e-02
 -5.1817060e-02 -2.3038004e-02 -3.5964984e-02 -3.8861088e-02
 -6.5042347e-02 -5.5330571e-02  1.3111428e-02  5.6003192e-03
  1.2700509e-01 -1.6144544e-02 -6.3866407e-02  1.1661172e-02
 -3.5032164e-02  7.4449703e-02 -3.2818879e-03  2.6885547e-02
  4.6084739e-02  3.7923098e-02 -5.4175530e-02 -1.8582181e-03
 -4.5274235e-02 -5.8328699e-02 -5.8513721e-03 -1.6520686e-02
  6.7208059e-02  5.9106335e-02  1.5613889e-02  9.3161583e-02
  2.4821220e-02  5.4380696e-02 -1.0249109e-02  6.8009213e-02
 -7.8872055e-02  9.6355543e-02  6.9045611e-02 -8.6531813e-33
 -2.6442796e-02  6.0453258e-02 -9.7907044e-02 -4.3551844e-02
 -1.0096192e-02  4.7415972e-02 -2.7661460e-02 -9.2310071e-02
 -1.9262344e-02 -7.7205636e-02 -8.7589182e-02 -9.4845645e-02
  3.0458767e-02 -6.0981009e-03 -9.0897150e-02 -8.3280243e-03
 -5.9194408e-02 -5.9086785e-02 -6.6350341e-02  1.6492862e-02
 -3.5262246e-02 -1.4822023e-03  2.2543341e-02 -9.1113495e-03
  2.1835912e-03 -5.5507634e-02 -6.4913206e-02  2.3246583e-02
 -7.5005917e-03 -5.7120240e-05 -5.1214597e-03 -3.8804952e-02
 -2.1604657e-02  8.9182489e-02 -5.2097972e-02 -9.9354416e-02
  4.1541204e-02  1.8256191e-02 -3.9566137e-02  1.0720059e-01
  6.7320898e-02  7.5159162e-02 -1.3580789e-03 -3.1367779e-02
 -5.9577782e-02 -6.5019503e-02 -2.9722286e-02 -1.2676068e-01
  4.7060098e-02 -7.5920999e-02  1.1306388e-01 -5.4865245e-02
 -1.8733112e-02 -2.8501630e-02 -8.9815799e-03  4.6798907e-02
  7.1520382e-03 -2.9138198e-02 -2.3475574e-02  2.3076309e-02
  5.3462416e-02  1.5179587e-02 -1.0658384e-02 -5.7402340e-04
  3.6403570e-02 -5.1744197e-02 -1.8306157e-02  3.6409747e-02
  7.0507720e-02 -1.0934626e-02  4.9629729e-02 -1.0815334e-01
 -8.8027894e-02 -3.6499999e-02 -8.7312125e-03 -4.7925290e-02
 -1.4907128e-02 -3.7005413e-02 -7.9383470e-02  4.8778586e-02
 -4.9104478e-02 -8.3317785e-03 -8.6973272e-03 -5.8406983e-03
 -5.7024512e-02  5.5389521e-03 -1.1718898e-04 -2.5624301e-02
  1.5265726e-02  2.5442289e-02 -8.1304453e-02  7.3987409e-02
  2.4721101e-03  2.4529781e-02 -5.5232711e-02 -6.3561444e-08
 -2.3694956e-03 -4.0072873e-02  7.9301909e-02  1.3714335e-02
  7.7525914e-02 -6.5705247e-02 -2.0476118e-02 -3.9583713e-02
  1.0871672e-02  5.3349917e-04 -1.1420781e-03  9.2032123e-03
 -3.8748272e-02 -1.1721543e-02  4.3616042e-02 -8.9601934e-02
  3.5352577e-02  2.5281506e-02 -6.3052118e-02 -5.0485320e-02
  4.0167950e-02 -4.6561848e-02 -1.0108828e-01 -1.2342531e-02
  5.1635277e-02 -6.1633497e-02 -1.0993827e-02  7.9406183e-03
  1.8262098e-02  7.6472461e-02 -9.0915812e-03  3.0966207e-02
  4.1135393e-02 -7.1275361e-02 -4.7783948e-02  3.4004410e-03
  5.0804786e-02  3.2559276e-04  2.4108586e-03  4.8269380e-02
  4.7200359e-02 -2.1312397e-02 -2.0672958e-02  2.7876683e-02
  3.6966555e-02 -3.3940006e-02 -1.7420150e-02  3.4973908e-02
 -1.6935451e-02 -4.3165732e-02 -2.7757367e-02  2.5073183e-03
  7.4119821e-02  3.2861847e-02  8.5372967e-04 -5.2705683e-02
  1.2846237e-02  1.8519437e-02 -4.9787965e-02 -2.9811049e-02
  8.2625650e-02  5.9587289e-02  5.0952550e-02 -1.1241850e-02]