[ 6.37593633e-03  5.63934743e-02 -6.29370958e-02 -4.10971195e-02
 -8.51972774e-02  3.35138403e-02 -9.10217583e-04  6.82818964e-02
  4.61573759e-03 -2.32962351e-02  7.29963034e-02  2.59835878e-03
 -5.52740967e-05  3.84473577e-02  1.54118529e-02 -5.17866835e-02
  3.28587778e-02  3.05933617e-02  3.03338766e-02  4.41167913e-02
  1.19465292e-01 -2.68033352e-02 -3.82128432e-02  3.59561965e-02
  5.06277680e-02 -1.53183499e-02 -3.66286486e-02  2.18370538e-02
 -6.83846325e-03 -4.65495624e-02 -2.97101215e-02  1.27608448e-01
  6.09918758e-02 -7.86117986e-02  2.90640034e-02  7.77012808e-03
 -2.28808541e-02  2.60213651e-02 -2.22674292e-02  8.47028643e-02
 -9.09708813e-02 -7.21904561e-02 -5.64356185e-02 -5.23409024e-02
 -4.62790914e-02 -6.59703612e-02  5.44684045e-02  7.57143348e-02
  2.74996217e-02  7.70991994e-03 -1.30504947e-02  1.30588468e-02
 -3.47277224e-02  1.43317450e-02 -2.54261661e-02 -6.89985529e-02
 -1.64551586e-02  2.87203994e-02  4.18372191e-02  2.45511327e-02
 -3.03954468e-03  3.99691984e-02 -2.41410714e-02  3.92620591e-03
  4.19486612e-02  2.60259467e-03 -4.71977144e-02  3.31005105e-03
 -9.43979472e-02 -3.84449307e-03  3.20969746e-02 -6.40480369e-02
 -3.65941762e-03 -3.56926434e-02 -7.41474703e-02  6.54026344e-02
  2.23005619e-02  4.37008068e-02  3.66280302e-02 -1.66168630e-01
  1.25041399e-02  4.93545160e-02 -4.61458191e-02 -1.13999397e-01
 -1.84023008e-02  2.30898913e-02 -1.07762718e-03  7.70107657e-03
  9.30933282e-02  4.33342308e-02  7.71799171e-03  5.61160073e-02
 -8.93880799e-02 -6.44555390e-02 -3.17708328e-02 -2.41618007e-02
 -3.20422510e-03 -1.71422102e-02  4.79819104e-02  9.66078881e-03
  1.47040799e-01  3.57206985e-02 -5.83752878e-02 -7.90232420e-03
 -4.54817750e-02  5.39721139e-02  1.80222634e-02  2.07703151e-02
  6.49497434e-02  6.38466626e-02 -6.81741089e-02  1.17983595e-02
 -2.70538125e-02 -1.17584869e-01 -8.94784704e-02  4.27238569e-02
 -5.33788614e-02 -1.78164616e-02 -8.00375303e-04 -6.62452877e-02
  5.22581860e-02 -2.48407647e-02  2.09143572e-02 -6.54962957e-02
  3.38861602e-03 -1.20341428e-01  6.67832047e-02  1.42295266e-32
 -1.22591406e-02 -5.56993159e-03 -2.40180623e-02  4.75403555e-02
 -4.48148735e-02  1.63941272e-02 -5.86417057e-02  1.50084756e-02
 -4.70127240e-02  2.17060354e-02 -6.32696003e-02  6.24476187e-02
 -2.49531064e-02  2.81436685e-02  3.40803154e-02 -4.84242290e-03
  5.33938818e-02 -2.62571052e-02  6.73304275e-02 -2.33630165e-02
  1.21300705e-02  1.60707794e-02  2.65824813e-02 -6.87951630e-04
  1.98347941e-02  3.93375866e-02 -6.21666685e-02 -2.34942511e-02
 -8.15555453e-02  5.58450595e-02  5.73281236e-02 -4.62433286e-02
  4.14917469e-02 -3.85851301e-02 -6.89538196e-02  1.44482749e-02
 -2.64626499e-02 -2.76334230e-02 -1.41367456e-02 -4.96010520e-02
 -4.92939390e-02  6.82963952e-02  3.19116972e-02  4.55003865e-02
  1.65567659e-02 -1.28276609e-02  2.60907933e-02  1.65053122e-02
  5.71719520e-02  4.93384376e-02 -7.00898394e-02 -7.11615980e-02
 -7.52783343e-02 -1.07103419e-02 -5.10498583e-02  3.44230980e-02
 -9.48685184e-02 -1.22865615e-02 -4.84405793e-02 -5.54710291e-02
  5.10380901e-02  2.59119663e-02 -7.64743015e-02 -3.71959731e-02
 -1.18211016e-01 -3.47098336e-02 -1.41351325e-02  2.74299569e-02
  1.43738419e-01  7.25197569e-02 -5.93936965e-02  5.59500568e-02
 -3.81847285e-02  1.98998395e-02  5.74666522e-02 -3.89580280e-02
  6.02847151e-02  2.49135098e-03 -4.28766534e-02  3.01152524e-02
 -4.41544279e-02 -3.04369852e-02  2.38337903e-03  3.09875570e-02
  1.01675265e-01  7.87204057e-02  7.07699433e-02 -1.64685845e-02
 -2.43490780e-04  5.91350161e-02  1.83199299e-03  7.09285438e-02
  7.40623008e-03 -2.17641275e-02  7.87177384e-02 -1.50614636e-32
  4.28889245e-02  2.15242263e-02  1.21419122e-02 -1.19255092e-02
 -2.15527136e-02  1.93104707e-02  3.23815048e-02 -7.32700005e-02
 -6.88121319e-02 -9.23927724e-02 -1.10861614e-01 -6.43143654e-02
  4.89125215e-02 -3.78023125e-02 -6.29402697e-02  4.97744698e-03
 -9.64637473e-03 -4.26092111e-02 -2.76134536e-02 -2.89345849e-02
 -4.06613536e-02  1.80503763e-02  2.72871908e-02  5.42357042e-02
  4.52785827e-02 -9.92048681e-02 -3.22505720e-02 -7.00138360e-02
 -6.55522794e-02  7.74082541e-02  6.35656565e-02  2.58252583e-02
 -3.01594548e-02  1.13952294e-01 -4.49669957e-02 -2.83681620e-02
  6.27107248e-02  8.73784907e-03 -4.82375547e-03  7.77111351e-02
  9.38324183e-02  4.74029966e-02 -1.41814183e-02 -4.76135090e-02
 -1.15400754e-01 -1.41541995e-02 -3.51221152e-02 -5.37605993e-02
  5.41227460e-02 -4.33698930e-02  1.05775967e-01 -4.72473307e-03
 -7.84270614e-02 -1.03663327e-02  2.76291464e-02 -9.02450364e-03
  1.49656329e-02 -6.97644502e-02 -6.11795075e-02  3.02259009e-02
  6.53916895e-02  7.52632841e-02  1.13374311e-02 -3.40182483e-02
  4.38672341e-02 -2.54518148e-02 -1.56166786e-02  8.34889039e-02
  3.78555134e-02 -1.80177744e-02  8.93065408e-02 -9.25109312e-02
 -5.83443120e-02 -1.90123338e-02 -3.15973163e-02 -4.09108698e-02
 -2.17771735e-02 -6.27597747e-03 -3.07877157e-02  3.14645469e-02
 -5.89399645e-03  1.60810668e-02 -1.76403522e-02  9.79820359e-03
 -5.94814569e-02  4.28380370e-02 -2.65725255e-02  1.23270312e-02
 -2.70587560e-02  4.25086133e-02 -5.23856506e-02  9.19520482e-02
  5.34386598e-02 -4.20412011e-02 -3.94115373e-02 -6.15793212e-08
 -2.99098585e-02 -6.24187924e-02  5.15129715e-02  1.81721654e-02
 -4.26262058e-03 -3.78297903e-02  1.96367316e-02 -4.62894747e-03
  4.27215211e-02  1.17541784e-02  2.51792613e-02 -1.68789539e-03
 -5.55011332e-02 -5.20680025e-02 -3.28792892e-02  2.25379840e-02
  6.91329166e-02  6.41110390e-02 -2.38727015e-02 -2.43019927e-02
  2.81974487e-02  4.11310326e-03 -1.34674743e-01 -4.85064611e-02
  2.06492692e-02 -4.80187796e-02 -1.19327633e-02  3.47511843e-02
  4.55184504e-02  1.67804509e-02  7.31986156e-03  3.37705836e-02
  2.64007822e-02 -1.42287254e-01 -2.41625551e-02  2.95518041e-02
  2.92196069e-02  5.73436618e-02 -4.85185720e-02 -1.04197282e-02
  4.52618636e-02 -5.14503717e-02  2.15142537e-02 -4.81931455e-02
 -3.23501080e-02  3.27033130e-03 -1.54959559e-02  9.30334181e-02
  2.53392290e-02 -8.78198445e-02 -3.50988768e-02  1.58622041e-02
  7.91993439e-02  4.66599874e-02 -2.08979324e-02 -4.35389504e-02
 -2.82152579e-03 -2.93962713e-02  4.02362905e-02 -1.01206176e-01
  7.92433098e-02  2.59198733e-02  6.71847090e-02 -6.61652312e-02]