[-6.64589852e-02  5.71134093e-04 -2.67433859e-02 -3.62120196e-02
 -7.56696314e-02 -1.92375537e-02  1.16476737e-01  5.04032820e-02
  6.94123730e-02  5.50909452e-02  5.93157858e-02 -5.57424035e-03
  1.89137422e-02  1.48168709e-02  2.58202795e-02 -7.08911940e-02
  2.71284748e-02 -2.19385587e-02 -1.16761709e-02 -1.65745579e-02
  1.39886826e-01  1.76634528e-02 -3.49477232e-02  3.80113609e-02
 -1.66637339e-02 -7.63006881e-02 -6.57625049e-02 -5.45734763e-02
 -3.61886658e-02  9.09165107e-03 -4.69293445e-02  6.22223578e-02
  8.32703188e-02  5.46958447e-02 -9.59511921e-02  6.10230723e-03
  2.24708654e-02  1.21391658e-02 -5.71070099e-03  3.65697928e-02
 -9.13896263e-02 -1.90620404e-02 -7.73733333e-02 -4.18705270e-02
 -5.18222526e-02 -1.50158862e-02  4.21337958e-04  5.97263463e-02
 -7.26874024e-02 -2.05751173e-02 -1.00578517e-01  1.26410201e-02
 -3.56775150e-02  3.42817567e-02  3.85337360e-02 -4.42846864e-02
 -5.15053123e-02  4.14397456e-02 -6.36504889e-02  5.00218980e-02
 -1.50580443e-02  4.40441445e-02 -2.19747890e-02  2.06735469e-02
  7.44560808e-02  1.01817012e-01 -6.36191815e-02  1.23529378e-02
  3.26698571e-02 -3.65448482e-02  2.65831314e-02 -7.44947270e-02
 -1.93266571e-02  5.08468449e-02 -6.91029131e-02  3.13468426e-02
 -2.11912077e-02  2.56307572e-02 -4.08252664e-02 -7.17169940e-02
  1.58754122e-02  9.28500518e-02  3.32719348e-02 -2.27731559e-02
 -3.00074313e-02 -7.49796703e-02  1.81707889e-02  2.43470687e-02
  6.35836571e-02  6.00730181e-02 -1.29607134e-02 -2.22240295e-02
 -4.81420346e-02 -2.65148003e-02  9.97500680e-03 -4.67693582e-02
 -6.55907765e-02 -7.34836748e-03 -5.56108356e-03 -7.51020154e-03
  3.48004773e-02  6.75786287e-02 -2.28798818e-02 -1.11876251e-02
 -4.84482273e-02 -7.10261567e-03 -2.41267551e-02 -1.18841976e-01
  5.53667434e-02  1.22482397e-01 -1.09444648e-01 -3.12797911e-02
 -6.78616762e-02 -7.80941471e-02 -5.52162603e-02  9.64872073e-03
 -6.34094179e-02  1.13256546e-02  7.05267414e-02  5.36600547e-03
  3.89874578e-02 -1.64048485e-02  3.22157964e-02  6.53469283e-03
  8.66741017e-02 -4.86701168e-02  2.94238911e-03  7.72666763e-33
 -4.37509753e-02  1.86230578e-02  2.07096408e-03  1.20289631e-01
 -2.18809284e-02  9.83394906e-02 -2.87924055e-02 -6.26350641e-02
  5.53349555e-02  6.02708496e-02 -8.88518840e-02  7.67428502e-02
 -3.13441223e-03 -6.63788617e-02  9.91393253e-02  8.39685462e-03
  1.94022339e-03  3.43657844e-02  1.59546342e-02 -2.42076330e-02
  3.68064009e-02  2.84926947e-02  4.85069491e-02 -5.83545901e-02
  7.85869807e-02 -2.21763067e-02 -6.46212921e-02 -3.28162722e-02
  1.67333819e-02  4.03553583e-02  5.04650362e-02 -2.79653221e-02
  3.36532257e-02 -1.75313968e-02 -2.69862209e-02 -7.29735643e-02
 -1.01804305e-02 -5.60843423e-02 -2.30818303e-04 -2.69719306e-02
 -5.21849021e-02 -2.18683369e-02  7.47163733e-03  3.62983085e-02
 -2.59447173e-04 -1.52908610e-02  1.09295808e-02 -4.72535007e-02
  8.65361243e-02  9.60942060e-02 -2.05029491e-02 -4.94787795e-03
  1.41246640e-03 -7.82239139e-02  3.42673659e-02  4.88874540e-02
  1.17925729e-03  3.31519619e-02  1.04066338e-02 -4.22033668e-02
 -7.51895411e-03 -7.00512081e-02  6.37429813e-03 -6.45339713e-02
  8.24879389e-03 -7.77126104e-02 -8.16142857e-02 -3.97247002e-02
  1.36872530e-01  2.09890548e-02 -7.07542598e-02  4.88395756e-03
  1.65797549e-03  3.24156061e-02  2.95800641e-02  8.23058467e-03
  3.07836123e-02 -1.27200382e-02 -2.02808459e-03 -5.23954118e-03
 -3.38556357e-02 -2.70051714e-02 -7.46831857e-03  2.56309006e-02
  6.11855723e-02  2.57153101e-02  2.81744879e-02  3.68869752e-02
 -2.52346937e-02  8.79791453e-02 -2.14109551e-02  1.19922154e-01
 -5.11060171e-02  5.00240289e-02 -7.44319148e-03 -1.03746193e-32
 -4.23809178e-02  5.64041473e-02 -1.02423236e-01  8.36109743e-03
 -4.89667915e-02 -1.87337846e-02  1.96717102e-02 -1.24172624e-02
 -4.44396548e-02 -2.36901697e-02 -1.83979217e-02 -1.34715348e-01
  5.59924655e-02  4.58728010e-03 -2.50878911e-02  8.13930854e-03
  3.72159667e-03 -1.86836682e-02 -7.84095377e-02  1.62978694e-02
 -2.02586148e-02  2.63052620e-02 -7.73749724e-02 -1.96878109e-02
  4.41778712e-02 -3.56160626e-02  3.27904820e-02 -1.62667446e-02
 -4.91745993e-02 -1.58157516e-02  2.39573177e-02  5.91991022e-02
  4.88623558e-03  7.18398616e-02 -2.83904504e-02 -1.31672258e-02
  1.20760508e-01  2.47112196e-02 -6.65038824e-02  5.51394634e-02
  9.05779228e-02  6.06078207e-02 -1.51446536e-02 -1.00269169e-01
 -1.12897716e-01 -7.22338930e-02 -3.57797258e-02 -1.01736978e-01
  1.82789043e-02 -5.46894185e-02  1.40525386e-01 -7.85074532e-02
  3.66686136e-02 -2.58110501e-02  9.25237406e-03 -1.32917464e-02
 -3.48155275e-02 -4.93317768e-02 -1.13565966e-01 -1.57494359e-02
  9.50926840e-02 -9.57466848e-03 -5.17001003e-03 -2.03457428e-03
  6.19674660e-02 -5.23966476e-02 -3.45747843e-02  6.93524629e-02
  3.79416421e-02  1.54399350e-02 -1.04948590e-02 -1.09411061e-01
 -5.26438504e-02 -4.68574725e-02  2.33867783e-02 -8.46077129e-02
 -4.83756475e-02 -2.95032524e-02 -2.26133633e-02  2.69703288e-02
 -5.45751676e-02  1.51569191e-02 -1.63304601e-02 -4.28628214e-02
  1.65958945e-02  4.40610386e-02  3.15178409e-02  1.06951676e-01
  1.23252645e-02  3.30247656e-02 -5.30590639e-02  4.32142504e-02
  1.97537453e-03  3.78141999e-02 -2.72836108e-02 -6.32983372e-08
  1.94411930e-02 -6.64649829e-02  4.86816987e-02 -6.92206621e-03
  4.99759875e-02 -5.66492639e-02 -2.44177086e-03 -2.47268397e-02
 -2.37200577e-02  1.77308880e-02 -3.06035895e-02 -3.98677699e-02
 -7.04214871e-02 -2.01622713e-02  9.80869457e-02 -5.57051450e-02
  3.21983807e-02  9.96443094e-04 -1.70332994e-02 -5.84757924e-02
  8.98449272e-02 -3.85675058e-02 -1.67436510e-01  2.04594582e-02
  3.35046686e-02 -2.23222952e-02 -5.09607382e-02  4.04049233e-02
 -1.89418904e-02  6.94583952e-02 -2.97462065e-02 -3.59237082e-02
  1.77816935e-02 -6.62441403e-02 -5.03264889e-02  2.25266977e-03
  8.87816213e-03 -1.79212205e-02  9.94564407e-03  1.89062804e-02
  5.09957373e-02  2.43127402e-02  4.02175961e-03  3.53638642e-02
  1.74100716e-02  8.60305037e-03  7.15819746e-03  5.68277575e-02
 -2.83724852e-02 -4.90885638e-02 -4.13058419e-03  6.89952672e-02
  1.49169564e-02  5.36113456e-02  3.98062356e-02 -3.22036035e-02
  5.03243394e-02  2.68780254e-02 -5.61418347e-02 -2.19869148e-02
  6.74714446e-02  9.50205103e-02 -3.54374722e-02 -7.08363652e-02]