[-9.66205969e-02  1.14528299e-03 -3.27687599e-02 -7.17096403e-02
 -2.00067945e-02  9.42084845e-03  3.51442769e-02  5.03342338e-02
 -5.04376292e-02  5.73215261e-02  1.30130947e-01  5.87986372e-02
 -4.97748591e-02 -1.83593051e-03  9.66044143e-03  1.57561116e-02
  1.89216156e-02 -1.53245889e-02 -4.95197885e-02  8.15084875e-02
  2.27092206e-02 -2.80314740e-02 -4.28023003e-02  2.74324007e-02
 -5.31603247e-02  4.46421793e-03 -6.60295971e-03 -2.84920260e-02
 -6.43224642e-02 -9.32998732e-02 -3.62985320e-02  1.03488760e-02
  6.81516901e-03 -3.28991190e-02  2.53692158e-02 -2.14516949e-02
 -2.06786413e-02  8.67828354e-03  1.28274197e-02  2.23188903e-02
  2.13062186e-02 -1.14404988e-02 -1.13300748e-01 -6.63695559e-02
  1.98846944e-02 -7.14922845e-02  2.06462890e-02 -2.54973900e-02
  2.48559285e-02 -1.53822955e-02 -1.01065181e-01 -2.66849417e-02
 -1.51911359e-02 -1.97543334e-02 -2.46836152e-02 -2.01013815e-02
 -3.17011364e-02  1.08156092e-02  5.40491454e-02  1.61891095e-02
 -4.31717373e-04  1.29283965e-02 -8.48952904e-02 -9.53855866e-04
  2.16408726e-02 -3.53909731e-02  5.57441525e-02 -1.57732144e-02
 -1.12501182e-01  2.65409686e-02  1.98371429e-02 -5.28400764e-02
  2.83887312e-02  2.77858581e-02 -7.52494186e-02  5.96643426e-02
  5.00481129e-02 -6.05776273e-02 -3.96533720e-02 -3.83981504e-02
  4.93851900e-02 -1.48667125e-02 -1.64852906e-02 -6.30769357e-02
  5.04392870e-02 -1.49764242e-02  2.85560861e-02 -4.91943322e-02
  5.22212796e-02 -1.18498923e-02  4.79507521e-02  1.37659475e-01
 -7.79896528e-02  4.05257605e-02  7.23170713e-02  5.72559163e-02
  3.14898752e-02  5.74743189e-02  4.00286168e-02  7.65511245e-02
  8.01090971e-02  3.95220779e-02 -1.04593366e-01 -3.46523784e-02
 -1.15237825e-01 -8.00997466e-02  2.91002654e-02 -3.57575603e-02
  3.07795759e-02  6.67383522e-02 -5.26254289e-02 -3.06656510e-02
 -9.14318562e-02 -8.57601911e-02 -9.83281955e-02 -8.58309120e-03
 -3.66615206e-02  7.11725205e-02  6.03703894e-02 -3.20769325e-02
  2.91179959e-02  3.80590223e-02  2.35664360e-02  2.06476077e-02
  6.63489029e-02 -3.29808742e-02 -3.09706833e-02  6.66770004e-33
 -1.93456803e-02 -6.70955107e-02 -4.50524837e-02  6.27713576e-02
  2.07097083e-02  3.65081616e-02 -7.20636696e-02 -4.87818159e-02
 -1.76813155e-02 -6.08825013e-02 -4.92336750e-02  3.64099629e-02
 -8.97191316e-02 -5.57305403e-02  2.57074032e-02  1.72656309e-02
 -3.19945738e-02 -7.86705464e-02 -1.47205787e-02 -1.69526525e-02
  1.72694996e-02  4.57205884e-02  5.12403995e-02  5.45057356e-02
  2.94309016e-02  5.65925799e-02  3.71423326e-02  1.57925766e-02
 -8.31163228e-02  4.43850271e-02 -2.23198086e-02 -3.99115868e-02
 -3.48665118e-02 -2.28171982e-03  2.49305442e-02  8.39527231e-03
 -2.68700384e-02 -4.15935889e-02 -6.29622787e-02  1.36941979e-02
 -4.21207845e-02  6.67878613e-02  5.99814951e-03  4.44309227e-02
 -4.79829982e-02 -6.35844376e-03  3.88125964e-02  2.53680777e-02
  9.96300727e-02  1.13209691e-02 -5.33360951e-02 -5.11875711e-02
 -4.83148918e-02 -7.37638623e-02 -2.69027818e-02 -5.03177708e-03
 -8.09832439e-02  3.52131203e-02  8.77053365e-02 -5.02685690e-03
  4.01119851e-02 -3.56325656e-02 -2.73198839e-02  9.18203685e-03
 -6.29446805e-02  5.50714284e-02 -5.57932220e-02  5.60654365e-02
  7.90193304e-02 -1.58584230e-02 -3.02392244e-03 -5.99291213e-02
  9.60023236e-03 -3.27401832e-02  6.20720349e-03  2.07574200e-02
 -5.21981798e-04  4.05073836e-02 -8.41733515e-02  3.59594636e-02
 -6.33584782e-02  9.53234080e-03  4.33675349e-02  6.35346472e-02
  2.63178162e-02  4.78398576e-02  2.53326483e-02  2.62724888e-02
  6.66654855e-02  7.43795931e-02  3.46971937e-02  1.23854920e-01
 -3.26902606e-02 -5.28201833e-02  1.08569264e-02 -7.50771197e-33
  1.81317311e-02  5.12114987e-02 -5.08920588e-02  8.05598870e-02
 -2.21880712e-03 -5.55540211e-02 -4.24310416e-02  1.87220634e-03
  5.11540845e-02 -7.67393932e-02 -8.08787625e-03 -4.66840379e-02
  9.09784940e-05 -2.98191188e-03 -8.69152993e-02  4.04863022e-02
  3.58737521e-02 -1.31714437e-02 -6.91538528e-02 -3.96535397e-02
  2.08442360e-02  1.17267393e-01 -4.86004800e-02  8.24145880e-03
 -2.64320727e-02 -2.04924215e-02 -9.78196599e-03  3.18232849e-02
 -8.63250345e-02 -1.52977463e-02  1.32546201e-02 -1.79815404e-02
 -1.40902353e-02  9.14032608e-02 -1.45003647e-02  9.00863409e-02
  5.42331487e-02 -4.25728224e-02 -3.95759717e-02  1.48405805e-01
  5.37674800e-02  6.33665174e-02  1.41572561e-02 -8.25092383e-03
 -1.45385591e-02 -3.08464319e-02 -1.71083324e-02 -8.23653787e-02
  2.44829413e-02  3.00103519e-03  1.22566119e-01  5.56968758e-03
 -1.77872814e-02 -7.02253953e-02  1.37485350e-02 -6.48782849e-02
 -2.18050126e-02 -4.67999987e-02 -5.92013523e-02  2.37511583e-02
  1.07033633e-01  4.34594490e-02 -3.08639836e-02 -2.13871896e-02
  9.57172178e-03  8.18240345e-02  4.13445160e-02 -2.78263912e-02
  2.99898684e-02  1.85085107e-02  7.27539510e-02 -6.01876229e-02
 -1.43334955e-01 -3.14457864e-02 -1.38661817e-01  2.32697614e-02
 -3.28721255e-02  1.05532281e-01  3.89200635e-02  4.47353423e-02
  1.17895063e-02 -6.52498975e-02 -3.76881137e-02 -2.57926248e-02
  4.40751612e-02  7.65939131e-02 -5.07133193e-02 -4.82598618e-02
 -4.35760431e-02  1.22894067e-02  5.13670556e-02 -1.93116702e-02
 -4.12600394e-03  7.73572996e-02 -3.86591069e-02 -6.14345268e-08
  1.40593911e-03 -2.60602608e-02 -5.03744595e-02  5.01451716e-02
  5.52775227e-02 -2.69541983e-02  6.09674715e-02 -3.09283715e-02
  7.77590498e-02  1.09416075e-01  8.18170235e-02 -3.71413529e-02
 -2.63117421e-02  2.85951868e-02  2.78720800e-02  2.38171946e-02
 -3.49057391e-02  1.09324507e-01 -4.96809669e-02 -1.39180711e-02
  3.76824401e-02  5.19454964e-02 -3.55354659e-02 -5.22510037e-02
 -6.93395734e-03 -1.43075930e-02 -4.09209020e-02  4.38660756e-02
  3.23794000e-02 -9.70559847e-03 -4.61238213e-02  1.89217944e-02
  4.13806513e-02 -1.48743019e-01 -3.48250754e-02 -9.75542353e-04
  2.75673289e-02  8.28885660e-03 -5.37536945e-03  6.45605624e-02
  3.29570360e-02 -1.18626896e-02  1.66524306e-03  4.23420891e-02
  2.00041034e-03 -5.33736125e-02 -3.79919307e-03  7.38863414e-03
 -1.70102511e-02  5.28006591e-02  6.97569996e-02  4.39083949e-02
  8.16959441e-02  3.60420123e-02 -1.60452332e-02 -7.01450836e-03
  8.33778270e-03  3.43663171e-02 -1.08691871e-01 -5.00982739e-02
  1.12052545e-01 -3.16985026e-02 -2.59814113e-02  3.67827713e-03]