[-5.40954769e-02  8.45940970e-03 -5.29991500e-02 -1.53116314e-02
 -5.56693487e-02  1.63606871e-02 -1.25970151e-02  5.64178303e-02
 -2.07793023e-02  6.53682873e-02  3.24781202e-02  2.01909542e-02
 -5.73049039e-02  1.39911128e-02 -4.25308645e-02 -2.15050373e-02
 -7.54467910e-03  2.32556518e-02  2.21825745e-02  1.01058692e-01
  1.78568438e-02 -3.38185094e-02 -9.57469922e-03  6.64442629e-02
 -1.02244921e-01  2.74864230e-02 -2.85112895e-02 -6.64199982e-03
 -7.00613409e-02 -6.10913616e-03 -4.20831516e-02  5.63199408e-02
  7.37447664e-02 -1.81272440e-02 -6.96229041e-02 -1.47286030e-02
  1.63676459e-02 -3.08220051e-02 -1.77781060e-02  7.23593384e-02
 -5.85814007e-02  1.66521035e-02 -2.12643612e-02  1.70920603e-02
  7.68566057e-02  1.02664698e-02 -1.60855968e-02 -3.75300981e-02
  4.57660221e-02 -3.83346118e-02 -1.03866860e-01  5.54399006e-02
 -4.60925773e-02 -3.62066403e-02 -3.10011581e-02 -2.40552071e-02
 -2.87189707e-02 -2.41441410e-02 -1.93484761e-02 -5.34981452e-02
 -2.08610166e-02  1.69544574e-02 -7.81567767e-02  3.18201222e-02
  1.98372966e-03 -1.71418451e-02 -4.07256633e-02 -3.30672972e-02
 -3.01212203e-02 -1.18202660e-02  1.61953960e-02 -7.01867938e-02
 -1.95476064e-03 -1.07949954e-02 -3.03957425e-02  1.97855067e-02
  2.36562919e-02 -2.62521449e-02 -7.28097707e-02 -8.80294964e-02
 -5.10193966e-02 -1.75579004e-02 -2.27410048e-02 -4.84904535e-02
  6.98980018e-02  8.67408514e-03  2.21051816e-02  1.42286802e-02
 -5.06035611e-03  5.46431765e-02  6.42624125e-02  9.50718299e-02
 -1.97435170e-02 -2.21447626e-04  6.34509549e-02  4.35097814e-02
  2.93570235e-02  2.64924951e-02  2.73087379e-02  3.28397341e-02
  6.93836287e-02 -1.92470457e-02 -1.11095890e-01  5.30804954e-02
 -7.92144388e-02 -4.53654006e-02  7.03551695e-02 -1.12800568e-01
 -8.30726232e-03  2.55224705e-02  1.42058556e-03  1.36256386e-02
 -3.23827267e-02  1.46846659e-02 -1.69192404e-02  7.59336054e-02
 -8.43474567e-02  1.10896647e-01  8.38124529e-02  6.43093064e-02
 -7.20798001e-02 -7.04433545e-02 -6.74864426e-02  5.36971241e-02
  5.02565838e-02 -7.18600973e-02  5.10117970e-03  4.84304444e-33
 -6.68761134e-02 -9.49249864e-02  3.71867754e-02  5.32762296e-02
  2.26342920e-02  1.74566172e-02 -7.15625510e-02 -1.22806102e-01
  3.37454602e-02 -1.26809180e-02 -4.47328165e-02  8.21956471e-02
 -5.87729365e-02 -2.69755144e-02  5.07037789e-02 -4.66437675e-02
 -9.06832218e-02 -3.88232246e-02 -5.80118671e-02 -3.83697152e-02
  4.68617491e-02  2.64703040e-03 -3.32617052e-02 -3.56527753e-02
  5.91920912e-02  7.27651566e-02 -4.39554155e-02 -3.97299863e-02
 -8.75505581e-02  6.83101788e-02 -1.19568586e-01 -5.79656055e-03
 -1.05424345e-01  1.16175814e-02 -1.68313086e-02 -4.21588682e-02
 -1.81335572e-03 -6.42035902e-02 -7.85708055e-02  4.30331677e-02
 -9.63307694e-02 -3.36636901e-02 -2.40284335e-02  8.56865756e-03
 -4.61203381e-02  1.24541782e-02  2.21419763e-02  8.34120214e-02
  3.77200060e-02  5.31254113e-02 -7.95002729e-02 -1.55955032e-02
  2.53949724e-02 -7.55820498e-02 -2.12340336e-02 -1.01028718e-02
 -1.56111736e-02  3.32007674e-03 -2.23341379e-02 -1.81543920e-02
  4.93234582e-02  3.65409367e-02  2.54169349e-02 -4.57471572e-02
 -2.61138417e-02  3.69975418e-02 -9.05467272e-02 -1.77507848e-02
  1.35835573e-01  2.75372826e-02 -5.04928790e-02  9.48038138e-03
 -1.66355027e-03  2.65120342e-02  4.53719087e-02 -1.42542319e-02
  4.49472107e-02  8.84042606e-02 -1.17293820e-01  7.72829168e-04
 -7.77792186e-02 -8.45126715e-03 -5.61150722e-02  3.08589078e-03
  3.03190667e-02  7.10806549e-02  1.08678766e-01 -3.37755419e-02
  1.07397474e-02  2.14005299e-02  1.86733454e-02  3.61430719e-02
 -2.69636307e-02 -2.53171586e-02 -2.15274673e-02 -6.42202245e-33
  2.62368377e-02 -1.11728292e-02 -5.00287823e-02  2.11868677e-02
  4.42608679e-03  1.37590170e-02 -1.18535012e-03 -6.14746585e-02
  4.36919294e-02 -1.03390783e-01 -6.14858307e-02 -3.72089371e-02
  5.21403551e-02 -3.15616056e-02 -2.52809897e-02  8.44484195e-03
  3.60259647e-03  1.60944238e-02 -6.88916519e-02 -1.38384299e-02
  1.45871295e-02  3.30785364e-02  2.35849023e-02 -4.90094647e-02
  1.48215583e-02 -5.60405143e-02  6.24278821e-02  4.56246957e-02
 -9.36695635e-02 -2.49859914e-02  5.77981807e-02  2.00219434e-02
 -3.13136317e-02  1.86965987e-02 -6.67831954e-03  1.00312263e-01
  8.50027725e-02 -2.33306251e-02 -1.04210638e-01  8.03408176e-02
  4.84404005e-02  2.35898271e-02  7.46575221e-02 -3.97039950e-03
 -3.01107951e-02 -2.26153079e-02  2.25159712e-02  3.51764858e-02
 -5.66725172e-02  3.01244557e-02  1.29303336e-01 -6.53480412e-03
  2.76397262e-02 -1.55098252e-02  6.41568452e-02 -4.33533378e-02
  3.84815373e-02 -1.05251104e-01 -4.51506339e-02  4.27742712e-02
  6.82448894e-02  3.80783938e-02 -1.02921195e-01  2.82107908e-02
  6.52119666e-02 -2.24450957e-02 -3.99099104e-02  2.36979332e-02
  7.41445273e-02  4.45721410e-02 -1.50565058e-03 -6.05141073e-02
  1.87645499e-02  6.03536516e-02 -4.84928302e-02  1.91138983e-02
 -6.47100969e-04  2.94490326e-02  2.72717364e-02  3.56729589e-02
 -1.50268953e-02 -5.59136309e-02  3.52315009e-02  1.27759546e-01
 -3.55216004e-02  4.41247337e-02 -6.75390884e-02 -4.54354621e-02
 -1.68513749e-02  2.88570877e-02  7.53037110e-02  8.35732445e-02
  6.90252706e-02  7.99805224e-02 -5.47648370e-02 -5.51032677e-08
 -7.36323744e-03 -4.64779697e-02  1.96106452e-02  7.79934004e-02
 -2.46221777e-02 -8.29449296e-03  6.31492361e-02 -8.51188451e-02
 -1.13763973e-01  3.39278243e-02  7.10467100e-02 -1.75333358e-02
  9.27454233e-02  2.40827538e-02  4.19052318e-02  2.41581723e-02
  2.84816306e-02  1.21662147e-01 -4.76264022e-02  4.37619798e-02
  5.74393757e-02 -3.41155268e-02 -6.14430159e-02 -5.93604594e-02
 -1.08401878e-02  4.31973040e-02 -2.97257397e-02  2.37069856e-02
  6.04583928e-03 -1.07160525e-03  1.70816574e-02  4.88226349e-03
  6.88393116e-02 -1.67777371e-02 -2.46198960e-02 -1.15187345e-02
  1.27102050e-03  7.05753341e-02  2.11027432e-02  2.33952105e-02
 -6.16498776e-02 -6.12149807e-03 -1.20244445e-02  5.10226116e-02
  2.59064650e-03 -1.51339369e-02 -3.90517078e-02 -1.79926232e-02
 -7.62023125e-03  5.63169178e-03  6.94392920e-02  6.32879585e-02
  1.10599764e-01  8.42944011e-02  3.17921489e-02  7.69101158e-02
 -2.67896079e-03 -8.36778991e-03 -3.37371714e-02 -1.19223855e-02
 -1.61682386e-02  1.25369862e-01 -4.24961299e-02  1.48379551e-02]