[-3.69594730e-02 -1.73800606e-02 -1.60562322e-01 -7.53701180e-02
 -2.31263731e-02 -1.82215087e-02  4.15711626e-02  8.77188668e-02
  5.40016852e-02  2.88063399e-02  6.26410246e-02 -2.22049579e-02
 -8.37634318e-03 -7.91102462e-03  6.14032410e-02 -9.03952122e-02
  4.41390509e-03 -5.82792237e-03  5.35562960e-03 -6.56433497e-03
  1.32788956e-01 -2.08580904e-02 -3.57964188e-02  4.52219211e-02
 -3.30483094e-02 -8.73012990e-02 -1.21810697e-02 -1.14579592e-02
 -5.72939180e-02 -7.53869936e-02 -9.93836112e-03  6.59740344e-02
  1.46389797e-01 -1.88564770e-02  1.26442937e-02 -3.95970978e-02
  3.76365110e-02 -1.39872413e-02 -8.70342329e-02  4.96035963e-02
 -6.34866953e-02 -2.77426708e-02 -7.39453956e-02 -4.16023508e-02
 -1.22153368e-02 -2.84372666e-03 -2.43241582e-02  6.39612228e-02
 -4.39538695e-02  2.54947916e-02 -5.69289774e-02 -2.53614578e-02
 -1.59592275e-02  6.70978427e-02 -6.56732321e-02 -8.97783563e-02
 -1.85620897e-02 -4.98312945e-03 -5.57565168e-02  3.67030762e-02
 -3.86309661e-02  4.23132032e-02 -1.46455988e-02  1.49730546e-02
  4.59031314e-02  2.01665256e-02 -1.46098500e-02 -2.86642704e-02
  2.67878026e-02 -5.38746826e-02 -2.86351945e-02 -4.57008481e-02
  1.53326802e-02  1.33606410e-02 -6.23414554e-02  4.37074266e-02
  2.06548106e-02  8.27037916e-02 -4.82627191e-03 -1.95583224e-01
  4.57438938e-02  5.91589808e-02 -1.67659093e-02 -3.44694732e-03
 -2.41187960e-02 -4.01562937e-02 -1.64572988e-02  9.42924526e-03
  2.20041052e-02 -4.24846821e-03  8.77474844e-02  2.63808332e-02
 -5.27625754e-02 -3.08626890e-03 -8.35742895e-03  8.10015481e-03
 -1.69333685e-02 -5.93013316e-03  5.57104126e-02 -2.76994221e-02
  2.69781500e-02  1.36799514e-02  1.19622089e-02 -2.35718135e-02
 -3.55266817e-02  9.75653622e-03 -1.47831831e-02 -9.55113955e-03
  6.69433177e-02  1.07853480e-01 -1.12759635e-01 -6.86536059e-02
 -1.25412673e-01 -9.31410640e-02 -7.67483935e-02  1.97236016e-02
 -7.52153546e-02 -6.86299941e-03  6.35839030e-02 -6.52831420e-02
  1.62435602e-02  2.90420186e-02  1.92095935e-02 -6.58220053e-02
  5.05162552e-02 -1.30572729e-02  3.23726423e-02  8.93164265e-33
 -6.23553693e-02  3.61522883e-02 -5.53481318e-02  2.07696576e-02
 -1.51756164e-02  3.73107158e-02 -6.86874241e-03  1.27645470e-02
 -4.23993096e-02  2.85449699e-02 -8.88729617e-02  9.65661630e-02
 -2.31673867e-02 -4.51203100e-02  1.37617558e-01 -3.68829514e-03
  1.15254465e-02  7.80404583e-02  9.52862427e-02 -2.08407314e-03
  8.00995342e-03  3.93467769e-02  2.71192994e-02 -3.45319211e-02
  1.09344512e-01  7.98414499e-02 -2.83791013e-02  2.56318925e-03
  1.95382386e-02  1.81294885e-02  1.17044047e-01 -6.59124106e-02
  5.17822951e-02 -4.64388402e-03  1.82122458e-02 -2.69133430e-02
 -5.16312616e-03 -2.04785615e-02 -2.49734789e-04  1.89775564e-02
  4.31517214e-02  5.75711392e-03  5.76749705e-02  2.90072374e-02
  2.18228679e-02  2.58438545e-03  3.17896679e-02  1.65274050e-02
  1.77947745e-01  4.25191633e-02 -2.98951864e-02 -4.13380265e-02
 -3.58139984e-02 -2.18647011e-02  8.32539499e-02 -3.08097024e-02
 -4.54218201e-02  6.74888305e-03  4.15603518e-02 -5.99666461e-02
 -8.05251002e-02  7.93695264e-03 -1.42798051e-02 -1.11823892e-02
 -6.29370213e-02 -8.25892687e-02  3.88154318e-03  3.45087871e-02
  9.42123905e-02  1.19259069e-02 -9.80910957e-02 -2.12647952e-02
 -1.67980213e-02  5.77470288e-02 -6.59901872e-02  1.85735116e-03
 -3.99316289e-03 -3.13157029e-02 -6.26403466e-02  4.35716920e-02
 -4.87099364e-02 -1.08396020e-02  1.58642279e-03  5.81163950e-02
  7.67075643e-03  1.02127396e-01  1.16472784e-02  7.28862137e-02
  3.14580440e-03  3.48904952e-02  5.62833436e-02  1.29901364e-01
 -6.99398965e-02  1.06365480e-01  8.21458548e-02 -1.11480990e-32
 -4.75662425e-02 -4.82452475e-03 -2.64675673e-02  1.05773136e-02
 -9.15449113e-03  1.53939081e-02 -1.64119434e-02 -1.59790460e-02
 -1.50561044e-02 -9.56098214e-02 -6.06962070e-02 -8.18710998e-02
  4.22348827e-02 -7.97084570e-02 -5.58854900e-02 -5.60664618e-03
 -6.37932047e-02 -6.75157234e-02 -3.49869616e-02  3.88377234e-02
 -6.51095957e-02  6.50641769e-02 -6.89580068e-02 -1.99494269e-02
  3.10736466e-02 -5.03297336e-02 -1.30003467e-02 -1.86722912e-02
  2.95144785e-03 -2.45619956e-02  2.41107456e-02 -5.44352643e-02
 -7.03165755e-02  7.59102255e-02 -4.96515743e-02 -1.05817027e-01
  8.66278633e-02  3.66822071e-02 -1.94983669e-02  7.12566152e-02
  3.66153196e-02  9.38890874e-02 -1.51949544e-02 -6.60575032e-02
 -4.20808569e-02 -4.54233475e-02 -2.00844351e-02 -7.87629187e-02
  3.81338894e-02  7.57053494e-03  8.03891495e-02 -1.02763884e-01
  3.07628280e-03 -5.11936247e-02  2.41611688e-03  1.94860413e-03
 -2.41572764e-02 -4.89180500e-04 -7.70792812e-02  1.33768190e-02
  1.23903953e-01  5.59930094e-02 -9.24925692e-03  1.33180954e-02
  6.63846061e-02  4.11228389e-02  6.02693530e-03  7.35246465e-02
 -2.57917829e-02 -2.18185615e-02  6.02120869e-02 -1.24600425e-01
 -4.80620004e-02 -7.42392540e-02 -5.88348787e-03 -1.60245877e-02
 -5.27308322e-02  3.10901254e-02 -2.52957549e-02  3.62703614e-02
 -3.68366577e-03  4.93962541e-02  6.26179762e-03 -1.46901468e-02
 -3.10920775e-02 -1.80304833e-02  3.11712492e-02  2.51897494e-03
 -2.22271383e-02 -2.75412928e-02 -5.29090054e-02  1.23884594e-02
  9.06194095e-03  7.93273151e-02 -3.81397866e-02 -6.40819735e-08
 -2.11154576e-03 -6.47728816e-02  1.34554608e-02 -3.39296050e-02
  8.09114799e-02 -5.09941354e-02  1.41502544e-02  5.78891560e-02
 -4.22130513e-04  4.02798988e-02  2.20230576e-02 -6.37014285e-02
 -8.16028044e-02  1.97456591e-02  5.36229610e-02 -5.44286855e-02
  1.84996966e-02  4.74101156e-02 -8.21219105e-03 -6.34381250e-02
  5.01790382e-02 -2.98338924e-02 -7.06427470e-02 -4.15503606e-02
  4.41010818e-02 -3.07087973e-02 -3.35146859e-02  1.23758847e-02
  2.16505658e-02  5.06009273e-02 -4.34782095e-02 -3.94028723e-02
  8.43271390e-02 -5.48729999e-03  4.56736200e-02  2.09470596e-02
 -1.58259142e-02  8.95824470e-03 -2.42673289e-02  2.66831019e-03
  7.63385445e-02 -2.04373822e-02  1.76347308e-02 -1.69546120e-02
  1.18059320e-02 -3.07207201e-02  9.82998684e-03  2.59337295e-02
 -5.96486731e-04 -1.67660024e-02 -7.00312108e-02 -2.53268257e-02
  4.06034738e-02  3.47538814e-02 -1.64876471e-03 -5.20276371e-03
 -1.57766975e-02 -1.01554208e-02  7.02492334e-03  1.20479940e-02
  4.05227840e-02 -2.54623797e-02  2.42956411e-02  2.17655748e-02]