[-3.68943922e-02 -6.33108169e-02 -1.02877423e-01 -6.67041689e-02
 -1.72538087e-02 -7.87437893e-03  6.04580306e-02  1.39074862e-01
 -2.85901949e-02  3.89205627e-02  1.53169697e-02 -4.93298061e-02
  2.31486131e-02  8.76086764e-03 -6.37051836e-03 -4.91201282e-02
  2.48193517e-02  5.39802201e-02 -8.89137313e-02 -5.36584072e-02
  1.59463122e-01 -4.15664241e-02 -1.45777185e-02  9.79106501e-03
  2.54050512e-02  8.77609402e-02 -3.75791825e-02  2.84290630e-02
  4.24738741e-03 -2.57702135e-02 -1.72764715e-02  6.75234646e-02
  9.28671062e-02 -9.85532403e-02  1.51633620e-02 -2.29176760e-04
 -4.31310683e-02 -9.13568437e-02 -4.15006233e-03  4.06540968e-02
 -5.42149395e-02  1.62405781e-02  1.47196790e-02 -3.10891084e-02
 -5.19204140e-02 -8.33387151e-02 -5.96592650e-02  2.32895166e-02
  4.82780226e-02 -4.23780531e-02 -3.18663716e-02  1.01583317e-01
  1.63271036e-02  4.08783071e-02 -2.22933795e-02 -9.23997164e-02
 -6.24501258e-02 -6.89195748e-03 -1.37515664e-02  5.10521745e-03
  1.38820475e-02  1.66242700e-02 -3.56857292e-02 -3.58335003e-02
  5.77523373e-02  5.12765534e-02 -3.34042087e-02 -1.34422392e-01
 -1.91979464e-02  5.95695302e-02 -1.48487035e-02  5.70715778e-02
 -1.05308574e-02  3.22483331e-02 -6.18204474e-02  6.51034489e-02
  7.22926632e-02 -2.33328398e-02 -3.43302116e-02 -8.93302858e-02
  3.83743308e-02  4.26068902e-02  3.90655436e-02 -6.11151149e-03
  8.71000625e-03  9.45888925e-03 -3.32766026e-02  8.17423463e-02
  8.35250411e-03  1.84954088e-02  9.52194929e-02  9.60343853e-02
 -6.67028278e-02 -1.81910824e-02 -4.91938256e-02  2.45321598e-02
  4.53640800e-03  1.93827953e-02  4.48365472e-02  1.65666249e-02
  5.78180365e-02  2.70704087e-02 -2.21617259e-02 -3.71740870e-02
 -9.40896943e-02 -2.69737020e-02  1.60305593e-02  7.26351440e-02
 -9.37260408e-03  6.24500699e-02 -8.91938880e-02 -6.96790265e-03
 -2.39853058e-02  7.37858657e-03 -9.85183567e-02  8.12081806e-03
 -1.69368610e-02 -4.92711030e-02 -1.31971817e-02  1.45144155e-03
  7.13749649e-03 -2.99901571e-02  1.16673574e-01  1.46791926e-02
  6.77302331e-02 -7.86245316e-02 -4.81132790e-02  1.43716865e-32
  1.57129823e-03  4.54635248e-02 -6.07165694e-03 -4.01399732e-02
 -8.91215540e-03  3.07900235e-02 -7.13664517e-02  6.18302114e-02
  7.22610252e-03  2.90592369e-02 -8.16152617e-02  8.87102410e-02
  1.35228727e-02 -2.88162404e-03  9.95432436e-02 -4.49859500e-02
 -2.63624080e-02 -5.46204112e-02 -4.28025890e-03 -4.28580940e-02
 -1.49515653e-02  1.53948162e-02  4.10258695e-02  5.68457991e-02
  9.56438296e-03  8.87261853e-02  1.55914193e-02  8.73840414e-03
 -7.02697337e-02  7.30768219e-02  4.38451171e-02  8.51278566e-03
 -1.30118415e-01 -2.81711314e-02 -1.98105965e-02 -4.72180136e-02
  4.35120128e-02 -4.34682146e-02 -4.48133312e-02  6.64660782e-02
  4.06680629e-03  5.28133549e-02  8.96620601e-02  1.42582199e-02
  1.38620650e-02 -4.61759828e-02  4.45663370e-02  8.58061612e-02
  8.96604061e-02  7.72466138e-02 -5.97808398e-02 -2.03105086e-03
  9.53296944e-02 -5.19584864e-02 -2.97688297e-03  4.77456255e-03
 -6.02402873e-02  8.23636875e-02  3.93868936e-03  2.14509815e-02
 -8.73336419e-02  1.93189248e-03 -3.47650871e-02 -8.46970733e-03
 -7.22128078e-02  6.00285195e-02 -8.53176638e-02 -6.14606664e-02
  1.11719348e-01  1.03348307e-02 -4.93739694e-02 -1.44449724e-02
 -1.17735863e-02  3.68738137e-02  3.98902455e-03 -7.90255237e-03
  7.15985894e-02 -1.60564389e-02 -2.08840463e-02 -1.35751069e-03
 -6.75233379e-02  4.44277264e-02 -2.03711563e-03 -1.46492403e-02
  2.02980749e-02 -6.37787953e-03  2.13915408e-02  3.38529758e-02
 -3.54878902e-02 -1.21619515e-02  3.80570143e-02 -1.48523171e-02
  4.30349633e-03 -2.02362519e-02 -4.51359265e-02 -1.40223119e-32
  9.58883949e-03  7.27762878e-02 -2.21169647e-02  5.72031066e-02
  5.79315014e-02  9.72402841e-03  3.08107063e-02 -9.94435791e-03
  5.52023202e-02 -1.08558238e-01  7.05254748e-02 -1.60319004e-02
  4.40701805e-02 -2.15870887e-02 -3.53964185e-03  8.94286111e-03
 -7.41602555e-02  3.71709876e-02 -3.52545232e-02 -2.63956692e-02
  1.12772482e-02  9.84102264e-02  3.32980081e-02  2.76105921e-03
 -9.94550250e-03 -1.17134815e-02 -8.16002935e-02 -9.43448674e-03
  1.02299973e-02  4.30930108e-02  9.13286358e-02  4.84686010e-02
 -3.31756920e-02  4.70256731e-02 -2.70423833e-02 -3.66270691e-02
  6.92163184e-02 -8.45132023e-03 -1.62251629e-02  1.15819722e-01
  3.46312150e-02  5.31914420e-02  2.50534490e-02 -3.06135919e-02
 -1.71951682e-03 -2.93795113e-02  3.11381202e-02 -1.14970766e-01
  2.19888333e-02 -2.81385109e-02  7.91820660e-02 -5.75794652e-02
 -6.04142062e-02  5.31429574e-02  9.84631181e-02 -1.16859591e-02
 -3.55391130e-02 -3.18670906e-02 -1.18158676e-01 -1.25192041e-02
  2.09893659e-03  7.09581226e-02  4.05649245e-02 -4.79681604e-02
  9.72900540e-02 -3.52037922e-02  2.50275861e-02  3.41667165e-03
  4.99559753e-02  3.85101233e-03  3.96268331e-02 -6.92424402e-02
  9.16201063e-03 -3.93970236e-02  3.10332216e-02 -2.36924961e-02
 -5.84613718e-02  5.79700619e-02  2.02465672e-02  2.28616805e-03
 -3.06809172e-02  2.52339989e-02 -1.28224194e-02 -3.87871787e-02
 -3.06280628e-02  2.80289934e-03  4.22229932e-04  2.13549193e-02
 -2.75935349e-03 -1.10958563e-02 -3.57688516e-02  4.22443897e-02
  1.05247684e-01  3.91583517e-02  3.20105739e-02 -5.79289186e-08
  3.04560140e-02  3.05470964e-03 -3.39436904e-02  5.98900616e-02
  4.86798398e-03  2.56258100e-02 -5.47158048e-02 -5.62790670e-02
 -1.29698906e-02 -5.62288286e-03  9.26868990e-02 -1.76405942e-03
 -6.53218254e-02  9.32986848e-03 -7.61991739e-03 -8.11524168e-02
  3.91113944e-02  1.07915424e-01 -4.26702872e-02  1.62445824e-04
  2.99710631e-02 -1.03417169e-02 -2.70937197e-03 -7.01264217e-02
  5.15065528e-03 -4.82163876e-02 -8.65398571e-02 -1.05265610e-01
 -3.18709132e-03  5.91784269e-02 -6.21119291e-02 -2.42768601e-02
  2.49880832e-02 -1.00536771e-01 -6.38991892e-02 -8.48123152e-03
 -1.95188262e-02  4.35864218e-02 -3.08119990e-02  5.10576814e-02
  7.43772537e-02 -6.08020984e-02 -1.31806776e-01 -1.97478058e-03
  6.44655749e-02 -4.67799082e-02 -5.54018021e-02  2.50293687e-02
 -3.67038175e-02 -9.21945423e-02 -6.65684566e-02 -7.72802718e-03
 -6.68886825e-02 -4.87780720e-02  9.25919332e-04 -1.27059482e-02
 -4.99173291e-02  3.07041612e-02 -1.01751769e-02 -4.35978882e-02
  3.96786258e-03  6.17863517e-03 -5.25836349e-02 -9.65808257e-02]