[ 5.91822946e-03  3.38241942e-02 -3.65837254e-02  2.72970013e-02
 -2.64379028e-02 -2.96216384e-02  4.93139513e-02  5.11589311e-02
 -1.15321316e-02  6.54201731e-02  4.69770692e-02 -2.94966344e-02
  4.86757513e-03  3.39673716e-03  1.63702555e-02 -4.69597196e-03
 -7.17682298e-03 -3.73976901e-02 -1.53261377e-02  3.55638154e-02
  1.25903845e-01 -2.15624459e-02 -1.77459214e-02  8.31418857e-03
 -1.20182112e-01  1.30490726e-02  9.62611381e-03 -8.18688273e-02
  1.77158769e-02 -2.80038156e-02 -2.22102534e-02  2.92728078e-02
  1.08538218e-01  3.35843340e-02 -4.46536392e-02  3.00448574e-02
  2.65246853e-02  1.86433289e-02 -2.28608772e-02  2.07584854e-02
 -1.08365074e-01 -4.78314310e-02 -5.33726737e-02 -5.26048280e-02
 -3.29131596e-02 -6.76483214e-02  4.73152585e-02 -1.60079449e-02
 -5.67575693e-02 -3.42815705e-02 -6.31031692e-02 -2.08780579e-02
  6.34360651e-04  2.41281069e-03 -3.08983345e-02 -6.21946231e-02
  6.59345686e-02 -4.23808731e-02 -1.31342057e-02  2.07115039e-02
  1.55487680e-03  6.10663630e-02 -5.43572456e-02  7.35179009e-03
  8.24612007e-02  2.19328958e-03 -4.98654135e-02 -6.38060644e-03
  6.06370217e-04  2.29285322e-02  2.67206915e-02 -1.28974527e-01
 -3.15126590e-02 -2.69745570e-02  1.34027414e-02 -1.10142827e-02
 -1.03762567e-01 -2.95307860e-03  1.59526467e-02 -8.99235532e-02
  7.42150247e-02 -1.81777554e-03 -5.88502884e-02  2.48022322e-02
 -1.30986078e-02 -2.27290895e-02 -1.81902889e-02  9.40164551e-03
  9.30395126e-02 -2.09650062e-02  8.63409718e-04  2.57837783e-05
 -4.52527180e-02 -5.76235279e-02 -1.82887411e-03 -4.85625081e-02
 -8.20886903e-03 -4.71426658e-02 -2.17821598e-02 -9.94072761e-03
 -6.32002810e-03  6.75644586e-03 -2.96964459e-02  2.95840800e-02
 -5.32051660e-02  2.34415708e-03 -2.39149425e-02 -3.38450000e-02
  2.99438671e-03  1.01908244e-01 -1.65151116e-02 -3.80898416e-02
 -1.03076585e-01 -1.06670978e-02  3.79345194e-02  3.63490395e-02
 -8.41271207e-02 -4.61497856e-03  3.33052166e-02 -1.09865898e-02
  3.23694050e-02 -3.25668305e-02  3.50756608e-02 -4.25062887e-02
  2.43643429e-02 -1.08128704e-01  5.16566820e-02  1.16627091e-32
 -1.46279335e-02 -1.76168680e-02 -7.61625171e-02  6.50143325e-02
  4.72885519e-02  3.90980057e-02  1.31151825e-03 -1.77136883e-02
  9.68116522e-02  5.25613017e-02  2.77965274e-02  9.44361538e-02
 -3.79819237e-02  8.02989826e-02  8.52179378e-02  1.74326245e-02
  5.37053496e-02  4.28648703e-02  4.82085273e-02  2.29688492e-02
  3.08724120e-02  1.00757862e-02  1.72526147e-02 -4.97700050e-02
  2.83133164e-02  7.02346163e-03 -4.07360382e-02 -1.57140605e-02
 -2.22520810e-02  2.77122315e-02  6.58470839e-02 -4.24281359e-02
  2.17924900e-02 -1.10852905e-02 -3.17465179e-02  9.50053241e-03
 -4.32071798e-02 -3.45305912e-02  4.52702790e-02 -5.73827550e-02
 -3.62357460e-02 -2.28244178e-02  1.09754063e-01  4.27068770e-03
  2.11849269e-02  6.09429032e-02  1.10306792e-01 -3.58306840e-02
  2.92436928e-02  9.16581526e-02 -2.25159768e-02 -3.23848315e-02
 -2.54805177e-03 -4.79110256e-02  4.18503322e-02  1.05644413e-03
 -3.29966918e-02 -4.40034643e-03 -1.35634998e-02 -4.95848954e-02
 -4.11193743e-02  3.48330811e-02 -6.97450265e-02  1.03502991e-02
 -1.87109802e-02 -9.00410861e-02 -2.76056584e-02  3.30117792e-02
  9.18009728e-02  5.55754453e-02 -1.21050030e-01 -3.33417370e-03
 -5.77651523e-02  7.44263381e-02 -5.62618598e-02 -6.98410394e-03
 -8.63272790e-03 -2.06487607e-02 -6.47076741e-02  5.80852069e-02
 -1.93604268e-02  2.49884073e-02  4.21512239e-02  3.96192148e-02
  9.57063809e-02  3.39572094e-02  6.35845354e-03  4.26042750e-02
  1.23658814e-02  1.12846360e-01  2.10488718e-02  5.06910495e-02
 -3.18781920e-02  5.39886355e-02 -4.20118459e-02 -1.41235602e-32
 -1.75305549e-02 -1.85379628e-02 -7.59619400e-02  4.68594730e-02
  3.93673368e-02 -1.07643567e-02 -5.29636852e-02 -9.94390622e-02
 -4.08567041e-02 -4.66030091e-02 -8.57448056e-02 -9.35865194e-02
  2.04675868e-02 -1.56252435e-03 -4.11734544e-02  9.02257487e-03
 -2.31321864e-02 -6.58615008e-02 -8.50197151e-02 -4.56116237e-02
 -1.22992543e-03  4.31509167e-02  4.10197601e-02 -5.24446853e-02
 -2.01444002e-03 -6.34182468e-02 -2.96536833e-02 -1.32928547e-02
 -9.59744304e-02  3.90450060e-02 -6.90900255e-03  3.14681269e-02
 -8.04701075e-03  2.62436904e-02 -4.99772951e-02 -2.26241648e-02
  7.52864033e-02  5.11455238e-02 -3.25652063e-02  9.01239365e-02
  3.00889835e-02  8.02284181e-02 -1.75968173e-03 -2.38151979e-02
 -3.31401862e-02 -1.32178701e-02 -8.97726119e-02 -1.55991539e-01
  1.83653217e-02 -8.28073993e-02  1.20343626e-01 -4.93418388e-02
 -7.21384725e-03 -8.14320967e-02  2.31809262e-02 -1.00917649e-02
  5.10411002e-02 -5.11274002e-02  4.12140414e-03  2.54224241e-03
  1.21059567e-01  1.36512807e-02 -2.42632926e-02  3.22606340e-02
  4.26169299e-02  6.06691316e-02  1.44518968e-02  5.09304851e-02
 -4.26555760e-02  2.95071993e-02  1.15580276e-01 -5.58839291e-02
 -7.27469027e-02 -4.37329011e-03 -9.11298339e-05 -9.65786458e-05
 -8.43230188e-02 -1.70587897e-02 -6.08939901e-02  3.93971093e-02
  1.12359943e-02 -5.30879311e-02 -2.64159869e-02 -8.57489705e-02
 -5.03639840e-02 -9.36908368e-03 -1.83535367e-02 -1.42725008e-02
 -2.00746376e-02  2.09817681e-02 -8.77823681e-02  1.52031018e-03
 -6.81849718e-02 -2.48591714e-02 -3.91624384e-02 -6.10712689e-08
 -1.94494277e-02 -2.14474350e-02  7.59817883e-02 -8.24618191e-02
 -9.12553538e-03 -6.44295812e-02  4.05270644e-02 -5.43623865e-02
  2.09874958e-02  2.70677712e-02  4.75421734e-02 -1.15892284e-01
  2.79235374e-03  4.53163795e-02  1.27159566e-01 -3.15045118e-02
  8.62169862e-02  5.86520694e-02 -8.46690536e-02 -5.68645671e-02
  1.13980778e-01 -2.60539930e-02 -1.43153578e-01  3.20887342e-02
  5.96082844e-02 -5.01404051e-03 -6.05789851e-03  3.93465757e-02
  7.16619240e-03  8.77780840e-02 -7.66936829e-03  2.60567497e-02
  6.42414913e-02 -3.97340246e-02 -3.82207148e-02 -2.71500107e-02
  7.10561126e-03 -5.50428331e-02 -3.78847346e-02  2.99881715e-02
 -3.99858551e-03  3.83580625e-02 -1.18808374e-02  2.02188659e-02
  2.19214265e-03 -5.79665340e-02  8.53535905e-03  6.83283731e-02
 -3.06443647e-02 -5.53129381e-03 -9.61855426e-03 -3.76659632e-03
  5.03703691e-02  8.08379278e-02  2.85205729e-02 -3.83645818e-02
  5.81401475e-02  4.66668829e-02 -1.28475621e-01 -4.67777736e-02
  8.69869068e-02  1.13103665e-01  5.82299232e-02 -6.94365725e-02]