[-5.93853444e-02  1.23708518e-02 -5.43303192e-02 -8.62995163e-02
 -4.48641181e-02 -6.21004729e-03 -6.38046395e-03  1.33759126e-01
  6.53899647e-03  8.54295045e-02  4.27633598e-02  1.52804069e-02
 -5.45794470e-03  1.91815011e-02 -1.30114623e-03 -9.99993905e-02
 -2.50476599e-02  2.65125791e-03  1.84720084e-02  4.26149890e-02
  1.61592498e-01  2.91751530e-02 -8.54145065e-02  3.65525745e-02
 -4.18312773e-02 -3.55726965e-02 -2.98701134e-02  2.11151782e-02
 -4.37433608e-02  1.56715978e-02 -4.62234132e-02  7.64835328e-02
  8.55593979e-02 -3.54089886e-02 -2.60301046e-02  2.73655541e-02
  7.97195509e-02 -3.78743419e-03 -8.06747377e-02  7.85651430e-02
 -8.59526023e-02 -2.68794186e-02 -3.96873392e-02 -4.53445837e-02
  1.24044791e-02 -3.89457531e-02  8.96422542e-04 -2.94585358e-02
 -7.09041813e-03 -3.35130990e-02 -9.03098807e-02 -1.63650382e-02
 -2.28532180e-02 -4.28518467e-03 -2.55357404e-03 -9.21133831e-02
 -5.93116768e-02 -3.83880734e-02 -3.88430096e-02  1.60229970e-02
 -7.14411214e-02  2.85216980e-02  3.23562487e-03  1.41094998e-02
  9.84018669e-02  8.83098785e-03  8.32910743e-03 -3.36263329e-02
  1.27879353e-02  2.90221237e-02 -5.57566062e-02 -6.12358302e-02
  3.56703959e-02  1.70660093e-02 -8.57280493e-02  8.50386843e-02
  1.71210654e-02  3.81710045e-02 -3.33821471e-03 -1.63393021e-01
  4.14013416e-02  2.14471444e-02  1.21751009e-02 -1.48904091e-02
 -1.55536737e-03 -6.67726295e-03 -1.28291184e-02 -1.74163878e-02
  9.97519493e-02  5.23812175e-02  9.72259194e-02 -2.24952959e-02
 -4.60087359e-02  4.38514486e-04 -4.28210013e-02  8.21736734e-03
 -1.63342189e-02 -4.04009782e-03  9.78493840e-02  9.74283833e-03
  6.10521436e-02 -4.50061522e-02  1.23020941e-02  2.27873232e-02
 -9.28929634e-03  1.06422836e-02 -2.69922949e-02 -4.20143232e-02
  1.02034174e-02  1.00827567e-01 -1.05506115e-01 -2.25573834e-02
 -1.01982154e-01 -1.05402097e-01 -5.88060729e-02  3.79587449e-02
 -5.02908714e-02 -7.22379163e-02  4.20643166e-02 -2.92355586e-02
  2.35124715e-02 -1.86284743e-02  5.37699312e-02 -5.79930134e-02
  1.21320896e-01 -4.77133691e-03  4.66710813e-02  9.98771632e-33
 -6.32173419e-02 -5.93570666e-03 -6.68443134e-03  2.03458797e-02
 -8.63303468e-02  1.65979099e-02 -3.11204363e-02  3.89930792e-02
  6.01777993e-02 -2.72606919e-03 -5.55289946e-02  1.28516734e-01
 -1.08948480e-02 -1.40393972e-02  7.04509988e-02 -2.24982724e-02
  5.34891384e-04  5.93841076e-03 -1.13878585e-02  1.18226232e-02
 -1.50468191e-02 -5.32783456e-02  2.81505659e-02 -2.09758170e-02
  3.82063538e-02  6.45871386e-02 -2.85809878e-02  2.47395015e-03
 -3.49202603e-02  2.64605824e-02  1.25903323e-01  2.17463961e-03
  2.16998383e-02 -2.40639616e-02 -5.56941964e-02 -6.61580451e-03
 -4.64178771e-02  7.72459479e-03 -7.39244074e-02 -4.48931707e-03
  3.29232402e-02  1.31034330e-02  4.08714712e-02  6.64713159e-02
  3.86358760e-02 -8.35483000e-02 -3.18378732e-02  1.15606468e-02
  1.00608021e-01  5.65930177e-03 -5.25111891e-02 -5.88645507e-03
 -2.38161776e-02 -6.04933314e-02  2.48602740e-02  4.86114956e-02
 -1.76861715e-02  3.10416762e-02 -7.15608895e-03 -3.80745083e-02
 -1.00781955e-01 -4.73529398e-02  1.33043388e-03 -1.87673308e-02
  8.92180204e-03 -3.84599268e-02  1.40406117e-02  2.07834016e-03
  7.80722499e-02  7.64358230e-03 -1.13461204e-01 -1.19007360e-02
 -1.62470359e-02  4.92237322e-02 -2.22640652e-02  2.28958689e-02
  1.20151769e-02  2.78496109e-02 -8.67558569e-02 -9.03410371e-03
 -7.34454691e-02  5.08567132e-03 -9.28072073e-03  2.32373700e-02
  4.72807400e-02  4.24341001e-02  3.53874937e-02  3.48644182e-02
  3.67844999e-02  2.58177742e-02  1.67575739e-02  9.00668651e-02
 -5.06863073e-02  4.78407368e-02  4.38412614e-02 -1.20602326e-32
  3.15097980e-02  1.17855575e-02 -3.09546012e-02  6.10875450e-02
 -2.84998044e-02  1.11903176e-02  5.88423349e-02 -1.29001839e-02
 -2.92412397e-02 -9.75850895e-02 -3.70674729e-02 -6.94116056e-02
  5.79970106e-02 -4.33868580e-02 -6.13755733e-02  1.81982871e-02
 -1.13971919e-01 -5.63765354e-02  1.19261058e-04  1.60930317e-03
 -3.10015976e-02  8.70833695e-02 -3.99685837e-02 -4.67938334e-02
 -3.42786647e-02 -3.30553800e-02 -8.55446886e-03 -2.65892893e-02
 -7.31998235e-02 -3.66904847e-02  1.36393150e-02 -1.63008831e-02
  1.67784262e-02  1.23767659e-01 -4.42309752e-02 -5.92235364e-02
  8.66563395e-02 -3.88633609e-02 -2.81852409e-02  1.01539038e-01
  1.14075817e-01  1.29749462e-01  1.91184401e-03 -7.48580471e-02
 -7.65001848e-02 -2.44864039e-02  2.28119805e-03 -5.40192910e-02
  4.92506102e-02 -3.45644876e-02  8.55712816e-02 -6.22562394e-02
 -2.34589931e-02 -3.69831920e-02  6.51185736e-02 -2.31593214e-02
 -1.98888057e-03 -1.16040260e-01 -1.21787906e-01  6.45127222e-02
  1.06807068e-01  5.68942912e-02 -4.64783125e-02 -4.62640710e-02
  6.33895397e-02 -1.84128787e-02 -1.18571678e-02  6.35887682e-02
  6.21749386e-02 -2.06524432e-02  1.00435806e-03 -6.15178309e-02
 -2.21393984e-02 -9.76894125e-02  3.79990153e-02 -6.25311509e-02
 -4.36877757e-02  2.54855044e-02 -1.99340098e-02  1.77867226e-02
 -5.28899059e-02  1.71206470e-04 -2.66250148e-02  5.26148118e-02
 -2.93299798e-02  1.23584289e-02  2.96264160e-02 -2.21386552e-03
  1.43238371e-02 -9.96044651e-03 -6.63986057e-02  6.76013231e-02
  1.78404320e-02  6.39164150e-02 -3.56173962e-02 -6.39072368e-08
  2.04320513e-02 -2.95817349e-02  4.06245776e-02  2.80340482e-02
  5.33017963e-02 -4.32022363e-02 -1.79526228e-02  2.77088434e-02
 -2.69337315e-02  4.80645262e-02  1.13963289e-03 -5.00479713e-02
 -6.03438728e-02 -3.21734324e-02  4.75168265e-02 -9.34930593e-02
 -1.05863425e-03  7.79440627e-02 -1.07323341e-01 -7.06149489e-02
  8.23530182e-02 -1.63197685e-02 -6.75250664e-02 -8.10002815e-03
  9.33836251e-02 -1.06917862e-02 -4.36994769e-02  1.33322775e-02
 -4.24041003e-02  2.21143067e-02 -7.75084049e-02  6.66895742e-03
  4.15004827e-02 -7.57646784e-02  2.86047235e-02  2.78527159e-02
  3.69460918e-02  3.02589661e-03  5.04857395e-03  5.54519594e-02
  8.10077339e-02 -3.32803987e-02 -4.73186336e-02 -6.27883663e-03
  3.54312062e-02  1.45326527e-02 -5.72449081e-02  3.85494716e-02
 -1.50985988e-02 -3.66915911e-02 -5.52260205e-02  1.25034954e-02
  5.37630655e-02  2.74508782e-02  2.61190459e-02 -6.16366509e-04
  1.76442098e-02 -2.14695968e-02 -1.18626403e-02 -1.22925490e-02
  7.42187947e-02  9.90880001e-03  2.84017920e-02 -2.23516766e-02]