[ 1.39972214e-02  5.79663366e-02  2.82311463e-03 -9.49143693e-02
 -8.50478709e-02 -1.76279992e-02  4.30013090e-02  1.06707476e-01
  4.26716208e-02  6.32341951e-02  7.33031109e-02 -9.42329168e-02
  2.80683208e-03 -8.80152825e-03 -1.70703381e-02 -5.78852333e-02
  1.02790676e-01 -2.92093717e-02 -6.12235032e-02  5.32623827e-02
  1.18199080e-01 -2.57832091e-02 -4.72501516e-02  3.53405625e-02
 -7.28587806e-02 -1.83720049e-02 -5.68706281e-02  1.12311579e-02
 -2.94386651e-02 -4.48365994e-02 -4.41444516e-02  7.79835060e-02
  1.73279848e-02 -3.05340532e-02 -3.46512563e-04  1.74196083e-02
  4.49933112e-02 -2.67571621e-02 -5.35751367e-03  4.54011783e-02
 -1.01134703e-01 -4.03547361e-02 -5.61864674e-02 -3.18809897e-02
  1.89899502e-03 -1.80081315e-02 -3.25233750e-02  6.30684420e-02
  9.51521564e-03 -4.31463234e-02 -1.25559717e-01  6.41636970e-03
 -2.54419409e-02  5.70077673e-02  6.45555090e-03 -2.23064385e-02
 -5.48057966e-02 -5.08049224e-03  2.44234540e-02 -6.60868958e-02
 -7.09734634e-02  2.45718155e-02 -5.73640727e-02  6.41474426e-02
  5.71361072e-02 -3.23442323e-03  1.52489496e-02  6.65391702e-03
 -8.87856185e-02  9.96005759e-02  2.83393431e-02 -1.93525255e-02
  6.69503585e-02  5.43366605e-03 -3.63831110e-02  9.39228460e-02
 -2.54843328e-02  5.43630719e-02  6.94540367e-02 -1.32214665e-01
  3.72329466e-02  1.47468224e-02 -2.87395567e-02 -3.04524731e-02
 -7.41474656e-03 -8.09539855e-02  5.59889451e-02  4.72065173e-02
  7.42384195e-02 -3.91436443e-02  6.00414239e-02  8.09192285e-02
 -2.55062412e-02 -3.75289358e-02  1.79595836e-02  8.73349793e-03
 -5.91055341e-02  8.71642865e-03  9.86153781e-02  4.22831206e-03
  4.87609394e-02 -6.36160234e-03  1.58601049e-02  9.99163091e-03
 -1.36680499e-01  2.21154559e-02 -5.56358285e-02 -1.38986222e-02
  6.12977110e-02  5.59399910e-02 -6.30680323e-02 -3.28225978e-02
 -7.06842616e-02 -8.09185207e-02 -3.56660672e-02  1.80501826e-02
  5.34913596e-03 -6.03718460e-02  2.77825054e-02 -4.16747369e-02
  5.21635786e-02 -1.46234417e-02 -1.57310739e-02 -2.98247468e-02
  6.78730011e-02  6.21260004e-03  3.75627168e-02  1.27996920e-32
 -1.67784877e-02 -6.11716695e-02 -4.49741818e-02 -1.20183418e-03
 -2.09235074e-03  6.89040776e-03 -4.08309847e-02  4.34991010e-02
  1.09049091e-02  6.26110658e-02 -1.29964173e-01  5.12685478e-02
 -2.06126198e-02 -4.16870154e-02  7.99218118e-02  1.30876470e-02
  3.22740525e-02  2.70988587e-02 -3.24839950e-02 -8.74875300e-03
  1.06656868e-02  6.59247860e-03  2.25211363e-02 -1.13588814e-02
  9.60814208e-03  9.61380154e-02 -5.02420356e-03 -3.90774421e-02
 -5.87049648e-02  4.27936688e-02  7.50024244e-02 -5.85849732e-02
  4.92401794e-03 -3.74170542e-02 -3.60641778e-02 -2.85105109e-02
  4.93569160e-03  3.14923958e-03 -2.02691108e-02  6.90941326e-03
 -9.56786573e-02  2.01537665e-02  1.61450226e-02  2.80387457e-02
  9.65787098e-03 -6.42818660e-02  2.23829672e-02 -2.85718571e-02
  1.03854455e-01  7.93924481e-02 -4.94088195e-02 -4.08817567e-02
 -5.73341222e-03 -3.64555195e-02 -1.13902632e-02  6.26755580e-02
 -1.02672450e-01  5.75813800e-02 -3.19863930e-02 -4.90889065e-02
  1.94358360e-02  2.66112592e-02 -3.65107544e-02  1.21894106e-02
 -5.13208006e-03 -6.76816851e-02 -1.87771115e-02  4.20639776e-02
  1.25700489e-01  1.20965275e-03 -9.85209569e-02 -1.02180056e-02
  2.07750201e-02  3.20217833e-02 -6.34327671e-03 -1.60773247e-02
  6.02082498e-02 -3.78670208e-02 -3.38969342e-02 -2.94402335e-03
 -1.28747458e-02  1.13057019e-02 -6.39203712e-02 -1.15297707e-02
  4.49626558e-02  3.86323668e-02  7.89026320e-02  1.51541447e-02
 -3.63466404e-02  7.64260218e-02 -2.72655016e-04  2.16369182e-02
 -2.99436133e-02  1.67225506e-02  2.02240050e-02 -1.47777449e-32
 -4.44729766e-03  3.27775665e-02 -2.27458198e-02  2.12898571e-02
  6.00713259e-03  3.15530114e-02  6.85493350e-02 -2.48909015e-02
 -1.90698523e-02 -6.78784177e-02 -6.11220971e-02 -3.93052325e-02
  6.59558922e-02 -1.02536585e-02 -8.57814997e-02  4.22555730e-02
 -7.29846582e-02 -6.43001720e-02 -5.80386706e-02 -1.75514985e-02
  4.18709815e-02  1.22897379e-01  3.82281207e-02 -1.73535924e-02
 -9.06514283e-03 -5.27491979e-02 -2.95305927e-03 -1.19239837e-02
 -1.67751629e-02 -6.63404074e-03  2.29268614e-02 -1.99736170e-02
 -5.79903312e-02  7.10988268e-02 -2.95276428e-03 -2.46796082e-03
  9.89911854e-02 -6.39287606e-02 -7.41784973e-03  7.63296261e-02
  5.39855510e-02  6.52556345e-02  1.84000321e-02 -4.99642827e-02
 -6.18415512e-02 -1.40534211e-02 -1.13665769e-02 -1.38462842e-01
  3.13771851e-02 -1.23834379e-01  8.98026004e-02  8.19513761e-03
 -2.92890742e-02  9.42581613e-03  5.56498989e-02 -4.80477177e-02
 -3.56096476e-02 -1.27304077e-01 -9.25196335e-02  4.68724314e-03
  5.77676818e-02 -3.59733701e-02 -3.46300788e-02 -7.77374581e-02
  1.26944155e-01  2.16168370e-02 -5.25480360e-02 -9.43773892e-03
  1.35426829e-02  4.09348197e-02  4.51399684e-02 -5.59412129e-02
 -7.35760927e-02 -6.98888972e-02  4.41228449e-02  2.97278184e-02
 -7.47866035e-02 -3.35513540e-02 -2.50015501e-02  3.49724963e-02
  2.71005207e-03 -1.76838059e-02  1.33450441e-02 -7.22385272e-02
 -7.77178928e-02  3.04245334e-02 -9.13659204e-03  4.26211543e-02
 -2.81136595e-02  3.42264436e-02 -6.40751868e-02 -6.79017743e-04
  1.01778552e-01  3.42774838e-02 -3.18949632e-02 -6.16666966e-08
  1.01406379e-02 -7.28943795e-02  1.24775749e-02  2.86645535e-02
 -2.64857262e-02 -3.23126204e-02 -7.16889203e-02 -4.35803905e-02
 -2.59154011e-02  1.78519485e-03  9.31968018e-02 -1.29544782e-02
 -7.87973478e-02  3.52516137e-02  6.01956667e-03 -7.01943599e-03
 -2.22514533e-02  3.71643379e-02 -4.64332737e-02 -9.00078565e-02
  6.08285591e-02 -9.32910666e-03 -6.89683557e-02 -2.07267702e-02
  3.68929692e-02  1.85844135e-02 -4.21496145e-02 -1.25061041e-02
 -1.02079557e-02  1.95021871e-02 -2.57384647e-02 -1.88970957e-02
 -1.86694954e-02 -6.77005276e-02 -2.10170299e-02  3.03076906e-03
 -6.46695793e-02  6.64625242e-02  1.22478800e-02  3.77945527e-02
  9.99154299e-02 -2.74114888e-02 -2.21846458e-02  2.73433700e-02
  5.28920405e-02 -2.99783684e-02 -4.22392897e-02  3.94233689e-02
 -2.25867685e-02 -5.00534251e-02 -3.18404362e-02 -6.55588806e-02
  1.19369281e-02  3.54938731e-02 -1.50371846e-02 -4.02872972e-02
  1.00370020e-01  2.52545923e-02 -2.13588811e-02  1.06814746e-02
  1.05553426e-01  1.50347009e-01 -4.15496230e-02 -7.04446211e-02]