[-4.69801873e-02  6.95883706e-02 -8.88719857e-02 -1.82046108e-02
 -5.30637354e-02 -1.67205390e-02  1.12012969e-02  1.28879309e-01
  1.44972112e-02  3.83584201e-02  5.47871701e-02 -1.11565448e-01
 -1.51515044e-02  4.81303371e-02 -4.05412726e-03  1.12770991e-02
  2.20678262e-02 -1.35198440e-02  3.42354700e-02  9.05988142e-02
  8.48301426e-02 -3.44155096e-02 -4.02631387e-02  9.64473486e-02
 -1.33602679e-01  3.55617553e-02 -6.54287934e-02  3.32057886e-02
 -8.98577869e-02 -5.78543395e-02 -5.45569062e-02  7.19025508e-02
  9.30805132e-02 -4.34786044e-02 -5.14966063e-02 -7.10634664e-02
  1.39136696e-02 -5.67547306e-02  1.90814845e-02  4.62797092e-04
 -9.37993824e-02 -1.19534452e-02 -8.65313262e-02 -1.75358786e-03
  1.40857138e-02 -6.00973815e-02  8.66367295e-02  7.91833922e-02
  3.65116298e-02 -6.18341900e-02 -1.16098747e-01  4.29894254e-02
 -3.73349083e-03 -5.79972938e-02 -2.57869661e-02 -2.12602653e-02
  3.44596691e-02 -6.02983544e-03  9.46658552e-02  1.90261900e-02
  3.32777165e-02  2.38725021e-02  1.91468874e-03  7.28259757e-02
 -3.61090489e-02  1.60210896e-02 -4.10123467e-02 -4.79773395e-02
 -4.90181707e-02  4.72382754e-02  7.03818351e-02 -1.20002531e-01
 -1.33538793e-04 -6.82318211e-02 -5.06154411e-02  1.11311831e-01
  1.03045022e-02  4.33336198e-02 -1.11099547e-02 -2.85102595e-02
  5.54883247e-03 -9.47404653e-02  5.72732097e-05 -8.19055587e-02
  6.37556314e-02  4.15412802e-03  2.85513848e-02 -5.09629697e-02
  2.91647743e-02  3.78871872e-03 -3.69561510e-03  8.05622041e-02
  2.43991218e-03 -8.07965100e-02  5.43802157e-02 -3.44160460e-02
 -2.02924758e-02 -3.74479443e-02  4.89592627e-02  2.26318855e-02
  5.71952499e-02  2.12552082e-02 -8.51376876e-02  4.98912595e-02
 -3.22928987e-02  6.34951219e-02  3.93581428e-02 -4.60913777e-02
 -1.52663165e-03  3.63163650e-02 -6.16191849e-02 -1.10310153e-03
 -6.50071725e-02 -2.28116252e-02 -2.92678736e-02  5.00424653e-02
 -1.79472566e-02  2.48604715e-02  7.79165775e-02  5.48838973e-02
 -2.09011007e-02 -1.31233141e-01 -2.02590805e-02 -1.62417199e-02
  5.29675856e-02 -6.13601925e-03  6.14739731e-02  1.34789970e-32
 -1.92632712e-03 -5.75501956e-02  3.11786495e-02 -2.99424157e-02
  3.11188884e-02  5.21276146e-02 -4.53530103e-02 -5.58076380e-03
 -1.79993815e-03  2.87308600e-02 -4.28217091e-02  2.57022046e-02
 -3.33815403e-02 -2.43254807e-02  1.17443159e-01 -1.00569502e-02
 -8.49097595e-03 -1.28439441e-01 -5.69370501e-02 -4.91166078e-02
 -1.43981213e-02 -1.21895587e-02  4.91451062e-02  3.10919378e-02
  4.42531854e-02  1.23774305e-01 -2.97064427e-02 -2.71368772e-02
 -4.76491004e-02  3.67285796e-02 -1.19869169e-02 -2.71836389e-02
 -7.49561563e-02  8.74136516e-04 -4.02301401e-02 -2.31061466e-02
 -2.24759020e-02  1.03893895e-02 -3.98546569e-02  5.15301488e-02
 -2.66211070e-02 -6.17959956e-03 -1.53219970e-02 -6.91492558e-02
 -3.97788472e-02 -4.59978059e-02 -3.71398404e-03  4.20318022e-02
  7.66646862e-02  4.50187065e-02 -7.47999400e-02 -7.89112970e-02
 -2.33115368e-02 -6.53589293e-02  6.49096072e-02  4.92647998e-02
 -7.19266236e-02  6.13449030e-02 -4.53865305e-02  1.05469832e-02
 -2.81036049e-02 -6.10105209e-02  1.46330670e-02  1.12318043e-02
 -6.15840815e-02  8.09213519e-02 -3.00721899e-02  7.25279422e-03
  3.57312523e-02  1.98582765e-02 -4.81029525e-02 -3.65528613e-02
 -3.58625166e-02 -4.98566031e-02  1.37264309e-02  3.66155580e-02
 -1.19484225e-02 -5.03126346e-03 -1.22210562e-01  1.25959050e-03
  1.71677247e-02  3.49551719e-03  1.09622842e-02 -2.41930615e-02
  9.30584669e-02  4.00053039e-02 -1.79074332e-03  4.27362397e-02
  9.43432096e-03  9.36503261e-02 -2.95312032e-02  4.46329862e-02
  4.35325764e-02  4.50815307e-03  4.78746444e-02 -1.39830710e-32
 -2.59853574e-03 -3.96072455e-02  8.00471827e-02  1.82721131e-02
 -1.56432367e-03  6.96316222e-03 -2.07074117e-02 -7.21206218e-02
 -2.58948039e-02 -5.00156209e-02 -7.64567479e-02 -1.45835597e-02
  5.19184060e-02 -7.31520876e-02 -5.50475828e-02  3.63543220e-02
  2.24319031e-03 -8.99147764e-02 -7.69296438e-02 -3.92653309e-02
  1.22589460e-02  2.25406792e-02  8.80984515e-02 -4.81268764e-02
 -1.16396910e-02 -1.27739087e-02 -2.28182878e-02  5.81446011e-03
  2.87838629e-03 -4.43985239e-02 -2.85061076e-02  7.00391605e-02
  2.53400542e-02  1.47393316e-01 -2.34883931e-02  5.30116931e-02
  7.61811808e-02  2.82502770e-02  1.86911989e-02  8.71641338e-02
 -4.56001051e-02  8.10301825e-02  3.99185680e-02 -4.11591828e-02
 -3.93710732e-02  1.21378610e-02 -5.30165695e-02 -4.88647521e-02
  1.37722390e-02  3.69999334e-02  4.77367304e-02 -2.82163862e-02
 -4.37246040e-02  2.85801534e-02 -4.18342873e-02 -6.10374361e-02
  4.77960557e-02 -2.82435156e-02 -6.68555647e-02  8.60183686e-03
  1.16655096e-01 -1.34613889e-04 -4.88526858e-02 -8.27726051e-02
  4.04109098e-02 -5.14087789e-02 -2.34642457e-02  5.03047965e-02
  5.45777492e-02  4.95920181e-02  4.53608967e-02 -2.78671756e-02
 -5.60509525e-02  2.23668031e-02 -2.78643537e-02  3.80923823e-02
 -8.67500380e-02 -1.67563260e-02 -7.84573518e-03 -1.89986005e-02
  9.90974810e-03 -1.53770419e-02  1.00120306e-02  1.48626126e-03
 -3.05951610e-02  7.02021345e-02  3.68215796e-03 -5.49189560e-02
  5.77667169e-02 -8.40935484e-03  1.31554380e-02  6.03522584e-02
  3.64873782e-02 -2.10968647e-02 -6.48634955e-02 -6.19215399e-08
  5.99650443e-02 -7.70480260e-02  4.08402644e-02  6.22871965e-02
  4.93951887e-02 -4.67892997e-02 -2.00853776e-02 -6.90075979e-02
  1.16208224e-02  3.71740274e-02  4.93281931e-02 -1.19066555e-02
  6.07805327e-02 -4.77111619e-03 -9.90108214e-03  2.49414314e-02
  3.95075120e-02  7.05564162e-03  1.53671941e-02  3.83998379e-02
  6.65576831e-02 -5.32902516e-02 -8.89679343e-02  1.15210824e-02
  8.55906084e-02 -8.92346948e-02 -5.70613183e-02 -2.00178958e-02
 -1.82668325e-02  2.41346192e-02 -3.40050869e-02 -4.96998876e-02
  6.74491227e-02 -6.83552995e-02 -5.68059199e-02 -3.46886255e-02
  4.16832380e-02 -3.07975635e-02 -8.31626579e-02 -5.34048378e-02
  1.38026789e-01 -3.69991222e-03 -4.93674576e-02 -4.52445894e-02
 -4.95108664e-02 -1.03015946e-02  1.16069112e-02 -4.23573330e-02
 -1.99430212e-02  6.82837218e-02 -5.35480939e-02  2.49942038e-02
  4.73744869e-02  8.64042491e-02 -8.22746661e-03 -7.54433824e-03
  4.20183539e-02  2.61425395e-02  2.61601098e-02 -1.83094479e-02
  1.52650634e-02  4.63020280e-02  6.64703269e-03 -9.60663110e-02]