[-2.30597574e-02  5.77669851e-02 -5.21987155e-02 -1.15062647e-01
 -3.10269073e-02 -5.29633500e-02  5.61892614e-02  6.53009415e-02
  1.26365479e-02  7.44511038e-02  8.03489760e-02 -6.50186837e-03
  3.52288373e-02  5.08889966e-02  3.99581119e-02 -7.29921386e-02
  6.85999542e-03  4.62012226e-03 -1.89076234e-02  5.45022897e-02
  1.83609113e-01 -1.01546012e-02 -6.98159263e-02  5.73789738e-02
 -9.82333496e-02 -3.01970933e-02 -2.58550141e-02 -1.22612771e-02
 -5.32012768e-02 -7.84138739e-02 -3.94144617e-02  4.53275703e-02
  6.11252934e-02 -1.99169591e-02 -3.38180512e-02 -5.42422244e-03
  4.30586822e-02 -2.18670093e-03 -4.82311137e-02  8.24637637e-02
 -1.03470564e-01 -4.10271958e-02 -5.95441349e-02 -2.31257956e-02
  1.31398924e-02  2.94179283e-02  2.15923041e-02 -1.43008688e-02
 -1.97356995e-02 -1.17486566e-02 -7.34981745e-02 -1.52792893e-02
 -4.76694219e-02  3.79586108e-02  3.77538092e-02 -1.35598600e-01
 -3.69558744e-02 -5.30509688e-02 -3.66894752e-02  3.23450565e-02
  8.88940692e-03  2.34181192e-02 -1.63933318e-02  3.74484784e-03
  7.86082298e-02  4.65049827e-03 -1.23173529e-02 -8.44589770e-02
 -1.67863909e-02  6.60336856e-03  5.09598106e-02 -5.57328127e-02
  2.24396028e-02 -1.78370196e-02 -4.04633954e-02  1.06985696e-01
  1.08825380e-03  9.70396549e-02 -7.43002864e-04 -1.59052357e-01
  4.46576737e-02  2.26272978e-02 -3.55038680e-02  1.16626150e-03
  2.96748448e-02 -2.25403495e-02 -7.21328110e-02 -3.57886706e-03
  8.95570815e-02 -4.09284122e-02  2.04208679e-02 -4.20458935e-04
 -9.22253877e-02  2.14420427e-02  1.18212430e-02 -1.99924428e-02
 -4.01261076e-02 -1.03074228e-02  2.10914155e-03  6.43612351e-03
  4.69159000e-02  3.16145904e-02 -2.27386411e-02  4.74989489e-02
 -6.50719833e-03  4.71653091e-03 -1.83098782e-02 -7.04594329e-02
  2.14697025e-03  1.29036784e-01 -6.59622997e-02 -4.81950529e-02
 -7.54014179e-02 -2.85936370e-02 -1.13005459e-01  8.24565906e-03
 -3.53712812e-02 -3.06805149e-02 -6.42175437e-04 -9.68568772e-03
  3.33563499e-02 -1.73268542e-02  3.36564779e-02 -1.38064222e-02
  6.65385798e-02  6.12640940e-03  7.86566585e-02  8.49380112e-33
 -7.02020004e-02  7.40410434e-03 -1.51525205e-02  7.03257993e-02
 -3.45992148e-02 -1.65416151e-02 -6.60471246e-02 -3.70209897e-03
  9.84253883e-02  1.53392050e-02 -5.25820144e-02  1.00882076e-01
  2.23230198e-02 -4.73966561e-02  1.10763170e-01 -8.19818024e-03
  5.16568460e-02 -2.39934176e-02 -8.25465936e-03 -4.36545303e-03
 -1.61843468e-02 -1.15464069e-03  9.10306233e-04 -5.16764708e-02
  3.98315266e-02  7.84394294e-02 -7.56468773e-02 -2.46217735e-02
 -3.54920030e-02  4.73345146e-02  1.06638849e-01 -6.82582185e-02
  3.16844359e-02  3.76073681e-02 -4.25769389e-02 -3.04805581e-02
  5.67429513e-03  5.75940241e-04 -8.66550356e-02 -3.11479215e-02
 -7.05162808e-02 -2.71182582e-02  1.79358497e-02  4.94475998e-02
  3.96626070e-03 -9.07407850e-02 -2.11393684e-02  1.31131401e-02
  9.95562226e-02  5.85849620e-02 -1.92922596e-02 -3.23208049e-02
 -4.97079976e-02 -7.72432461e-02  3.30349207e-02  6.49490133e-02
 -3.57667692e-02  9.00480314e-04 -2.77712420e-02 -3.43806073e-02
 -7.23318979e-02 -5.33509851e-02  1.12829346e-03 -3.60254571e-02
  3.38866450e-02 -6.61731511e-02  9.93526261e-03 -1.46584501e-02
  1.47309646e-01  2.60693729e-02 -7.43664429e-02 -3.10463980e-02
 -1.04487687e-02  6.61115125e-02 -5.61794192e-02 -9.96878278e-03
  5.24422862e-02  1.22980475e-02 -1.73309762e-02  1.82587709e-02
 -3.59532610e-02  3.26965675e-02 -8.43064338e-02  4.40501980e-02
  6.57283142e-02  2.83283927e-02  2.96162236e-02  2.23511700e-02
 -2.95030717e-02  4.11665030e-02  1.85265634e-02  1.55063152e-01
 -4.66318168e-02 -2.32935101e-02  6.95273504e-02 -1.13201164e-32
 -1.54265882e-02  3.09165660e-02 -5.65483384e-02  2.63122059e-02
 -2.58554853e-02 -2.86482973e-03  4.58148606e-02 -9.57334265e-02
 -7.27176368e-02 -2.88484115e-02 -8.74632522e-02 -8.77532437e-02
  6.33419305e-02  4.92913974e-03 -5.57859056e-02  3.50393616e-02
 -8.82547051e-02  1.12538058e-02 -1.14884861e-02  5.10458946e-02
 -3.40510602e-03  1.15017593e-01 -5.68151474e-04 -1.09395765e-01
 -2.74211122e-03 -1.64457019e-02 -7.78812990e-02 -1.18430946e-02
 -7.41061643e-02 -1.57058258e-02 -3.46177220e-02 -5.08555025e-03
 -9.66655742e-03  7.14633912e-02 -1.23348124e-02 -1.34479394e-02
  6.20709360e-02 -1.81030277e-02 -1.72176082e-02  1.63061991e-02
  3.38086970e-02  8.28689784e-02  4.50008325e-02 -8.71444941e-02
 -5.19756936e-02 -4.85351905e-02 -1.73796841e-03 -6.03624023e-02
  3.69774923e-02 -3.92415673e-02  1.17088981e-01 -4.15607989e-02
 -1.03540691e-02  2.86417976e-02  3.17256376e-02  1.38362516e-02
 -2.56418530e-02 -8.69816467e-02 -6.10388480e-02  4.26566862e-02
  1.20767951e-01  1.92972254e-02 -6.79057837e-02 -2.53237281e-02
  4.40456308e-02 -9.22791008e-03 -3.50663029e-02  6.36598766e-02
  2.99918856e-02 -1.39199663e-02 -1.10548567e-02 -7.14737549e-02
  2.53083296e-02 -4.40062843e-02 -1.13562681e-02 -4.70460765e-02
 -4.48617563e-02 -4.23465576e-03 -6.47136271e-02  7.10831210e-03
 -5.66658862e-02  4.69172709e-02 -4.63497154e-02  2.49818247e-02
 -4.07354534e-02  2.20353343e-02  2.55092047e-02  1.46488380e-02
  1.22193573e-02 -1.56253818e-02 -4.09447551e-02  9.36365053e-02
  8.53132270e-03  7.15323091e-02 -5.86181656e-02 -6.67486901e-08
 -3.52441110e-02 -1.36466185e-02  3.73996720e-02 -2.34579965e-02
  6.30962104e-02 -1.84017643e-02 -4.72491421e-02 -1.65877752e-02
 -1.40715726e-02  2.65212897e-02  4.44256552e-02  9.93377529e-03
 -9.34912190e-02  1.74860060e-02  2.61569843e-02 -3.82847115e-02
  6.22706264e-02  2.26966869e-02 -5.62956668e-02 -4.42850739e-02
  6.32802248e-02 -6.86237123e-03 -9.97262970e-02 -6.75776461e-03
  3.97983789e-02 -6.61893841e-03 -6.53230175e-02 -3.53772864e-02
 -1.74528938e-02  4.91470359e-02 -3.11885383e-02 -8.59311596e-03
  7.04562813e-02 -4.90451716e-02 -5.04297763e-02  1.44539615e-02
  1.03142532e-02  4.70131338e-02 -1.56894755e-02  1.35338986e-02
  6.01913370e-02  2.29098145e-02 -7.36157373e-02  2.21308023e-02
  1.94863230e-02  2.60434058e-02 -8.83921888e-03  2.01090779e-02
 -6.89973831e-02  2.15625782e-02 -6.44580349e-02 -2.93479674e-02
  8.72789323e-02  3.46380621e-02  2.38717850e-02 -6.27858657e-03
  4.85990942e-02 -4.04056646e-02 -2.11106474e-03  2.09953655e-02
  8.63933936e-02  1.14221297e-01 -3.37481382e-03 -2.12829877e-02]