[ 1.75865311e-02  9.99422222e-02 -3.85894105e-02 -6.58473670e-02
 -6.80435970e-02  6.28769398e-02 -2.19834764e-02  7.30292723e-02
 -2.38701086e-02  8.13988373e-02  7.67335743e-02 -4.53658076e-03
 -3.21786962e-02 -3.60568911e-02  3.59673910e-02 -5.05604818e-02
 -6.29727244e-02 -5.77452518e-02  1.23844352e-02  3.30114551e-02
  9.64176059e-02 -4.76557799e-02 -3.45236100e-02  5.03078140e-02
 -3.47050913e-02 -1.03458641e-02 -9.27062184e-02  3.80017981e-02
 -1.00628555e-01 -4.88295518e-02  1.42137883e-02  5.46502545e-02
  1.06648132e-01 -2.02798024e-02 -2.51136273e-02 -1.04912501e-02
  6.73314780e-02 -1.32995531e-01  3.04448679e-02  8.25075731e-02
 -5.89037091e-02 -6.50783107e-02 -5.94433211e-02 -2.32950542e-02
 -3.71190459e-02 -2.38862559e-02  2.77810041e-02 -4.49747257e-02
 -2.91726813e-02  1.47610763e-02  1.88614279e-02  3.23539115e-02
 -2.57338006e-02  4.56922539e-02 -3.03790309e-02 -7.36194625e-02
 -9.67541933e-02 -2.67372783e-02  6.41948208e-02  3.69269773e-02
  6.16014339e-02  7.36632496e-02 -1.36758909e-01  2.80367043e-02
  1.75394714e-02 -1.01140693e-01  4.58268002e-02 -3.45652066e-02
 -3.86322513e-02  1.40885292e-02  6.45197928e-02 -1.58437863e-02
 -1.07524525e-02  1.86686125e-02 -3.43848467e-02  7.57924914e-02
 -7.84170232e-04  2.23813262e-02  1.79829039e-02 -1.35667548e-01
 -3.45792715e-03 -5.99241741e-02 -4.90541663e-03 -3.35554034e-02
 -8.98671616e-03 -2.26373319e-02  8.13635159e-03  8.09503645e-02
  6.29883856e-02  2.23879479e-02  6.46809582e-03  9.66261253e-02
 -5.10319024e-02  3.89424711e-02 -2.50277966e-02  2.38739345e-02
  1.79160293e-02  5.76182678e-02 -2.39393208e-02  6.73532486e-02
  6.68651834e-02  7.66456053e-02  6.10389980e-03  3.94627713e-02
 -2.14034338e-02  5.29565513e-02  4.27377336e-02  1.05224056e-02
 -4.31359075e-02  2.58424487e-02 -1.04834929e-01 -1.42707676e-02
  1.05635205e-03 -1.15539648e-01 -6.17136061e-02  8.62321854e-02
 -1.99988973e-03 -9.11706127e-03  5.46290502e-02 -6.24556206e-02
  5.59952967e-02 -3.75391841e-02  5.85956275e-02 -1.90193430e-02
  1.02993837e-02 -2.80600432e-02  5.74252568e-02  1.30028924e-32
  1.26583474e-02 -8.06064010e-02  1.42941670e-02  4.97867577e-02
 -1.28597319e-02  1.42891956e-02 -2.22374108e-02  3.09656374e-03
  4.13558213e-03  1.15870126e-02 -1.11517020e-01 -7.32665882e-03
  2.58644000e-02 -6.22370988e-02  7.13500232e-02 -4.18576831e-03
  7.16093034e-02 -2.06723996e-02  3.06591578e-02  5.66998776e-03
 -2.03722008e-02 -3.85951139e-02  4.45736758e-02 -2.62776809e-03
  3.53380740e-02  4.15467210e-02 -2.82070208e-02 -4.41809595e-02
 -6.84562698e-02  7.23989382e-02  1.39317177e-02  2.06607282e-02
  5.55426106e-02 -3.64609994e-02 -3.43253724e-02  2.08002906e-02
  5.04023954e-02 -1.88483577e-02 -7.04617500e-02 -4.45504151e-02
  2.61902455e-02  1.94756482e-02  3.25227939e-02  1.85111016e-02
  2.81751063e-02  2.18584817e-02  7.15993643e-02  6.67766202e-03
  1.06744044e-01  7.99658597e-02 -8.85846540e-02 -8.90640542e-03
 -1.13683373e-01 -2.03624871e-02  4.76511382e-03  6.65634647e-02
 -8.42277855e-02 -7.12624518e-03 -2.77025662e-02  1.54670542e-02
  5.99424690e-02  2.66802814e-02  7.29510887e-03  3.34591754e-02
  6.41039992e-03 -2.74398178e-02  3.77102084e-02  1.00976210e-02
  7.51731917e-02  5.24487607e-02 -8.01377445e-02 -4.99773026e-02
 -1.66078154e-02 -2.45885607e-02  6.55226558e-02  1.26847941e-02
  6.94585517e-02 -7.99434781e-02  3.77099589e-02  1.02497786e-02
  2.99314503e-02 -2.99199726e-02 -2.43075155e-02 -3.73556614e-02
  4.17723618e-02  3.94160226e-02  3.06910239e-02  2.99867019e-02
 -5.12808328e-03  9.09612775e-02 -4.41026129e-02  2.06293520e-02
  1.18134050e-02 -3.79488580e-02  7.76456818e-02 -1.38025665e-32
  1.81524828e-02  3.93647626e-02 -8.15983862e-02 -1.95633210e-02
 -1.14325220e-02  3.98742147e-02  4.36563715e-02  4.82742563e-02
 -1.33282347e-02 -2.97809429e-02  9.43957083e-03 -1.27930164e-01
  1.14001237e-01 -5.78446314e-02 -1.52992997e-02 -1.94745616e-03
 -6.36056736e-02 -8.18462074e-02  2.76430156e-02  2.79485527e-02
  2.93212608e-02  8.82936716e-02 -2.54378319e-02  5.06483205e-03
  5.97488433e-02 -3.64372171e-02  7.89836748e-04 -3.26925553e-02
 -1.00410089e-01 -1.38865793e-02  4.73554619e-02 -6.68653026e-02
 -1.31325535e-02  1.32290885e-01 -8.85715038e-02  1.17366584e-02
  7.95317739e-02  2.93756053e-02  8.66465569e-02  3.42096575e-02
  1.19122015e-02  3.54976468e-02  6.16953857e-02 -5.00207543e-02
 -1.74942091e-02 -6.21573487e-03 -3.70458886e-02 -2.59086937e-02
  3.10280230e-02 -5.65050617e-02  3.26337144e-02 -3.88448127e-02
 -1.54452637e-01 -8.97616893e-02  9.39209610e-02 -1.16510227e-01
 -8.38890672e-02 -7.78214186e-02 -1.18655398e-01  2.24107709e-02
  1.13011539e-01  4.09393236e-02 -5.07562049e-02 -3.28458920e-02
  4.06899415e-02 -6.45157024e-02 -6.88938126e-02 -1.73800654e-04
  1.67074949e-02  3.00224442e-02  5.29011674e-02 -7.38239363e-02
 -1.28271475e-01 -1.80997495e-02 -1.97798926e-02 -8.54886249e-02
 -2.13019829e-02  2.47027278e-02  1.12461904e-02  2.62747388e-02
 -2.89038699e-02  1.25013059e-02 -5.48484698e-02 -2.35921424e-02
 -1.01519981e-02  3.64345498e-03  1.70313977e-02  5.53600192e-02
  6.74950099e-03  3.42616029e-02 -2.49471935e-03  2.89147235e-02
  4.50373366e-02  1.80690661e-02 -2.75379457e-02 -6.42729390e-08
  3.54414992e-02  2.28563379e-02 -5.89610599e-02  1.32644288e-02
 -2.79015601e-02 -3.25152054e-02 -4.26811446e-03 -3.71495038e-02
  3.73917073e-02 -1.63056317e-03  5.22783808e-02  3.32964025e-03
  7.06686312e-03 -1.14636654e-02 -7.62660205e-02 -5.29985614e-02
  5.89973480e-03  3.86355892e-02 -6.31209984e-02 -8.58193934e-02
  8.70369002e-02 -3.06712482e-02 -5.21875583e-02 -3.13217007e-02
 -2.84202583e-02  3.65421399e-02  4.29127133e-03  5.46075329e-02
 -3.26011591e-02  1.14907855e-02 -5.26012667e-03 -4.84168716e-02
  8.70000385e-03 -1.03212468e-01 -1.98471826e-02 -3.42386006e-03
  3.12131364e-03  3.21139991e-02 -3.47077623e-02  9.50860046e-03
  6.49575442e-02 -7.56085142e-02 -6.54193386e-02 -5.92806609e-04
  1.73588935e-02  1.82684548e-02 -4.24095169e-02  4.29689102e-02
 -4.89935465e-02  1.11577623e-02 -4.37169671e-02 -3.54484585e-03
  5.58223799e-02  1.24297515e-02  3.56753059e-02 -4.47743107e-03
  6.91358978e-03  3.29927802e-02 -4.95187182e-04 -2.17910372e-02
  6.28797933e-02 -1.17764249e-02 -5.57642765e-02 -1.65144708e-02]