[-3.17487791e-02  9.04294103e-02 -6.71916455e-02 -4.04622480e-02
 -1.87227577e-02  2.16535013e-02  6.36380687e-02  1.62507653e-01
 -4.16757762e-02  5.52544035e-02  6.01138435e-02 -3.93939111e-03
 -3.26559469e-02  2.92621832e-02 -8.45229402e-02  2.84801852e-02
 -1.45059230e-03  8.04501865e-03 -8.83019641e-02  1.17230685e-02
  7.28214234e-02  8.61599948e-03  2.74915118e-02  1.99804362e-02
  7.90182650e-02  6.78083375e-02 -5.99890500e-02  7.54111558e-02
  4.75814566e-02 -9.14716348e-02 -3.39537160e-03  8.66596848e-02
  1.74469128e-01 -5.79661578e-02  1.61635000e-02 -4.83555347e-02
 -1.68949030e-02 -7.63484389e-02  3.74681689e-02  3.59056816e-02
 -4.24166732e-02 -5.97957671e-02  1.05244536e-02 -2.65978929e-02
 -1.71859525e-02 -4.94314060e-02 -6.38081580e-02  4.68491912e-02
  5.31160757e-02  1.44827496e-02 -2.29625739e-02  9.73877683e-02
 -3.16211469e-02  2.56191529e-02 -5.69239492e-03 -6.58661351e-02
 -7.03069940e-02 -3.67415510e-02  1.52556291e-02 -2.50692926e-02
  3.48410383e-02  1.53283346e-02 -8.83700326e-02  3.33900820e-03
  7.34527642e-03  2.68833619e-02 -2.45050695e-02 -5.67520112e-02
 -9.09887850e-02  2.08355356e-02  8.87002125e-02 -1.00400057e-02
  5.70562780e-02  5.45891076e-02  3.35155777e-03  1.83863696e-02
  9.47115794e-02 -5.04940841e-03  2.43717432e-02 -9.92503166e-02
  3.95942889e-02  1.75366439e-02  1.85361803e-02 -8.83147269e-02
  1.19592296e-02  1.09884432e-02  1.09689753e-03  4.10659239e-03
  9.44694802e-02  2.02848651e-02  4.36164485e-03  7.35595152e-02
 -7.41340443e-02 -3.96704525e-02 -5.83532341e-02  5.92924282e-02
 -1.51100112e-02 -4.09434177e-02 -1.61541048e-02  8.18600431e-02
  1.04061700e-01 -7.29870005e-03 -6.51697814e-02  8.55890848e-03
 -9.52743590e-02 -3.24481688e-02  7.98590854e-02  1.11504330e-03
  1.04317693e-02  3.38819921e-02 -6.38321191e-02 -4.73610647e-02
 -6.03100620e-02 -7.72475675e-02 -3.79006565e-02 -7.01268986e-02
 -3.53806280e-03  4.86417450e-02 -4.03675251e-02 -4.05565724e-02
  4.36578458e-03 -2.13001370e-02  8.29927847e-02  1.51512995e-02
 -3.39289643e-02 -7.62262493e-02  9.40790400e-03  1.85068787e-32
 -1.60026122e-02 -2.04132479e-02 -4.37488556e-02  2.80960300e-03
 -2.69908141e-02  3.80596705e-03 -6.70317709e-02  3.65168713e-02
 -1.92486290e-02  7.38746021e-03 -1.13339543e-01  4.55056280e-02
 -6.44555986e-02 -1.01749469e-02  1.07501619e-01 -5.57079166e-02
  7.21936375e-02 -3.17804143e-02  4.70090806e-02 -7.11320937e-02
 -3.46137695e-02 -1.94901153e-02  2.64341440e-02  2.10356992e-02
  6.53150231e-02  8.24161768e-02  1.49649354e-02 -7.98489526e-02
 -7.43769184e-02  8.94286856e-02 -2.55062468e-02  9.61643830e-02
 -2.33204216e-02 -1.00315206e-01 -6.98719397e-02  1.48186861e-02
 -4.90695387e-02  5.86985378e-03 -3.52974162e-02 -1.16391378e-02
  2.51026973e-02  3.72937731e-02 -3.69149931e-02  1.08941020e-02
  2.18075253e-02 -4.36511822e-02  1.51667482e-04  1.20620675e-01
  9.01496187e-02  1.19768403e-01 -9.44753587e-02 -2.76308274e-03
 -3.51384617e-02 -3.35634616e-03 -2.05167998e-02  1.21593587e-02
 -8.63906518e-02  4.42045704e-02  3.98637578e-02 -6.85749650e-02
  2.02221796e-02  6.83988631e-02 -1.65958107e-02 -3.56292841e-03
 -6.17203638e-02 -2.43773516e-02  1.79338399e-02 -4.01472877e-04
  3.85655463e-02  2.72279046e-02 -2.74426583e-02 -5.31256236e-02
 -3.80714573e-02  4.16849926e-02 -2.03788131e-02  1.16276192e-02
  4.28548455e-02 -2.48948839e-02  8.15370493e-03 -3.68486694e-03
 -7.02753365e-02  6.38161749e-02  7.48939207e-03 -7.71106929e-02
  7.01024234e-02  2.16860101e-02  4.03556414e-02 -9.57817771e-04
  3.67300510e-02 -1.58508550e-02  7.30661750e-02  1.27729764e-02
 -5.02565037e-03 -4.55115400e-02  3.68766836e-03 -1.72046602e-32
  4.41769361e-02  4.61679474e-02 -5.96799292e-02  1.84203926e-02
 -9.45630204e-03 -3.76593694e-02 -2.85348874e-02 -1.05389003e-02
  3.72184440e-02  2.81330831e-02  4.25672941e-02 -7.18531162e-02
  1.57609135e-02 -1.00247189e-01  2.05511004e-02  1.05940634e-02
 -5.66107444e-02 -1.12148132e-02  1.38719492e-02 -9.54301562e-03
 -2.36753803e-02  8.21780637e-02 -1.30775198e-02  2.78539415e-02
 -2.60100737e-02 -4.61844774e-03 -4.37238887e-02 -3.41057256e-02
 -3.08218412e-02 -2.23132055e-02  5.69664314e-02  2.29024496e-02
  2.68093664e-02  8.17016289e-02 -1.30624115e-03 -4.80236597e-02
  1.28013194e-01 -3.32112461e-02  2.00489461e-02  2.23914869e-02
  5.31949587e-02  9.48580205e-02  2.42381338e-02 -4.57377791e-05
 -4.79510352e-02 -1.17943436e-01  4.79143485e-02 -5.97525202e-02
  7.45996237e-02 -7.40718096e-02  9.01524276e-02 -1.38373710e-02
 -9.20360442e-03 -4.06148611e-03  5.70608908e-03 -4.04214859e-03
 -6.08434267e-02 -3.37824821e-02 -9.78154764e-02  1.48977656e-02
  4.53478657e-02  1.04154358e-02  3.15999314e-02  2.22686864e-03
  1.10296175e-01 -3.15435193e-02 -2.33935062e-02  8.07434991e-02
  1.85318459e-02 -5.00090010e-02  8.50376710e-02 -8.21962357e-02
  4.31844266e-03 -5.09973653e-02 -1.42235309e-02 -4.99541834e-02
  1.17947056e-03  3.48765180e-02  3.42888795e-02 -1.19379275e-02
  4.03404795e-03  3.13632539e-03 -3.66570577e-02 -3.85744423e-02
 -1.26382425e-01 -5.71158193e-02  3.94957550e-02 -6.86275214e-03
 -1.37556028e-02  6.10925443e-02 -2.80067362e-02  5.86251281e-02
  8.46469924e-02  2.95377877e-02 -1.37007982e-02 -7.19148261e-08
 -1.61447597e-03 -5.65577485e-02 -4.10555154e-02  7.56865814e-02
  4.85782661e-02  2.81090103e-02 -6.39030337e-02 -6.97753355e-02
 -8.33137054e-03 -1.54778296e-02  2.12794654e-02  7.00803893e-03
 -1.12234682e-01 -9.53464583e-03 -3.29030640e-02 -6.15064763e-02
  1.12704537e-03  1.24708109e-01 -4.47519608e-02 -5.40770311e-03
  6.34009689e-02  2.43269149e-02  6.89119147e-03 -8.84951651e-02
 -3.04653570e-02  1.35780042e-02 -7.76151270e-02 -2.32520029e-02
  2.20274366e-02  2.87386160e-02 -1.53973754e-02  3.97850722e-02
  4.85921614e-02 -7.02711269e-02 -2.01727170e-02  2.27187201e-02
  3.31672728e-02  2.78906114e-02 -5.56912944e-02  3.46321682e-03
  6.19624928e-02 -5.57557419e-02 -7.09677264e-02 -8.81473720e-03
 -3.16103511e-02 -4.93688807e-02 -5.77970743e-02 -1.56279728e-02
 -2.08471417e-02 -8.94765034e-02 -4.47166488e-02  1.46635966e-02
 -2.70157494e-03  1.58935469e-02 -3.82360816e-02 -5.54596120e-03
  1.42724710e-02  5.26709780e-02  1.53858904e-02 -6.70243278e-02
  4.22138162e-02 -2.82528694e-03  4.48996946e-03 -1.53335240e-02]