[-6.09401911e-02  2.85151582e-02 -7.04041421e-02 -8.93689469e-02
 -4.52138968e-02 -2.50432175e-04  4.99718450e-02  1.16970658e-01
  2.73402743e-02  4.09862250e-02  5.46484552e-02 -5.47817051e-02
 -3.11196931e-02  3.83016393e-02  1.80780552e-02 -6.65259361e-02
  4.09082621e-02  1.95425507e-02  4.90444675e-02  5.05536534e-02
  1.36230409e-01 -4.82021570e-02 -4.55191508e-02  5.46199381e-02
 -5.48773371e-02 -3.53757665e-02 -4.81385998e-02  5.08706272e-03
 -5.37728257e-02 -8.74946639e-02 -4.49221246e-02  1.30031919e-02
  2.73887999e-02  1.76680740e-02  5.66485226e-02 -2.91147046e-02
  5.48855662e-02 -3.33013907e-02 -6.31234795e-02  6.27579764e-02
 -9.47842300e-02  1.89461596e-02 -9.37361568e-02 -8.73157829e-02
 -5.46207987e-02 -6.57792166e-02  3.16703878e-02  2.68723983e-02
 -4.43056412e-02 -1.27896266e-02 -3.01558543e-02 -3.59546877e-02
 -3.07047758e-02 -9.53077897e-03  4.31160023e-03 -5.29114045e-02
 -1.86547972e-02 -1.38631463e-02  3.18627059e-02 -1.02404775e-02
 -3.49492244e-02  3.26096900e-02 -2.86139827e-02  3.11415698e-02
  1.48898745e-02  1.84459612e-02  1.50016053e-02  1.75442304e-02
 -7.30445012e-02 -5.43049397e-03  8.43376108e-03 -8.98402184e-02
  3.39629897e-03  5.40159978e-02 -6.93847612e-02  8.27609673e-02
  6.20772690e-03  2.96818707e-02 -2.23364886e-02 -1.62714764e-01
  8.80885944e-02  6.20768443e-02 -1.00225210e-02 -5.65199405e-02
  6.53725443e-03 -8.13901797e-03  1.77480467e-02  3.43655273e-02
  1.00041531e-01  1.54197374e-02 -6.67137734e-04  6.33024871e-02
 -3.10922936e-02 -5.42038344e-02  5.84289655e-02 -7.20595533e-04
  1.81124955e-02 -7.90067762e-03  5.04772700e-02  7.43487803e-03
  6.95424601e-02  3.46249491e-02 -1.63949449e-02  1.36655150e-02
 -6.79384395e-02 -1.81541387e-02 -1.23754516e-03 -2.76338216e-02
  1.78655796e-02  3.84250730e-02 -5.51307052e-02 -8.03673267e-02
 -1.04808167e-01 -1.11815654e-01 -5.77482581e-02 -2.45232489e-02
 -8.60689506e-02 -5.77449985e-03  1.66640244e-02 -7.80587969e-03
  3.08895912e-02 -7.06801098e-03  2.15919968e-03 -1.20575102e-02
  7.87205845e-02  9.32101440e-03  8.81508738e-03  1.24992724e-32
 -2.08654217e-02 -7.11318776e-02 -4.35066447e-02  7.22078532e-02
 -2.56335537e-04  4.46259454e-02 -5.17283753e-02  6.52251095e-02
 -2.81040948e-02  6.09820746e-02 -8.69094506e-02  1.88768189e-02
 -2.16699229e-03  4.13491167e-02  1.14014745e-01 -2.58463901e-02
  2.80540809e-02 -1.75098665e-02  6.49066828e-03 -5.88157075e-03
 -1.18090184e-02  2.85441112e-02  1.91058107e-02  6.85200421e-03
  3.77951632e-03  6.72355071e-02 -8.50581527e-02 -5.90515416e-03
 -7.43703023e-02  3.61686833e-02  2.23630909e-02  2.16258224e-03
  5.28384335e-02 -1.23643139e-02  6.82527125e-02 -4.00765426e-02
  2.67102122e-02 -1.72889121e-02  6.72296667e-03 -2.49148663e-02
 -6.66935816e-02  2.56433003e-02  4.29467782e-02  7.25646503e-03
  5.49877547e-02 -2.89659668e-02  2.81735454e-02 -1.72114726e-02
  1.31153017e-01  5.04312199e-03  1.02872765e-02  1.13786878e-02
 -5.45219854e-02 -8.80649164e-02  3.43575142e-02  9.82261822e-03
 -1.06776379e-01  4.24811915e-02  1.10147474e-02 -4.26530428e-02
 -1.40267368e-02  3.76360747e-03 -5.72633818e-02  5.32778539e-03
 -7.55316094e-02 -1.52043039e-02 -4.34549190e-02 -1.24483043e-02
  1.42286867e-01 -7.97527190e-03 -7.44332448e-02 -1.53295416e-02
  2.66851652e-02  3.57905403e-02  3.84608144e-03  6.34331256e-02
  4.36897874e-02  2.39874218e-02 -6.33153543e-02  5.24226911e-02
 -3.69221270e-02 -1.68655422e-02  1.98214650e-02  2.97406260e-02
  7.82936737e-02  2.47658957e-02  5.29819652e-02  2.73073930e-02
  5.47894351e-02  1.11045443e-01  1.23100234e-02  5.96187264e-02
 -4.08255085e-02  1.22703044e-02  4.82169613e-02 -1.43206509e-32
  2.21272837e-02  3.70890535e-02 -7.11599290e-02 -8.14697444e-02
 -7.27131451e-03  2.90833525e-02  1.07512651e-02 -5.70706129e-02
 -5.37454197e-03 -8.25649574e-02 -3.22816707e-02 -9.45664421e-02
  3.69640291e-02 -9.36914533e-02 -8.14553946e-02 -1.32969981e-02
 -6.03783242e-02 -3.92830670e-02 -3.71638946e-02  2.49694148e-03
  2.48995051e-03  2.59451065e-02  4.99670096e-02 -4.99379709e-02
  7.72293806e-02 -6.28318489e-02 -2.49363724e-02  5.29852835e-03
 -2.70654727e-02  9.78988316e-03  2.90324464e-02 -2.07371935e-02
 -3.65553168e-03  1.11957811e-01 -2.24275365e-02 -3.14303599e-02
  8.63869935e-02 -2.71141920e-02  5.47093898e-03  3.82578708e-02
  6.53411895e-02  1.00646213e-01  8.72747507e-03 -2.90712733e-02
 -2.37853881e-02  1.42443355e-03 -5.81006631e-02 -1.09790668e-01
  4.43395460e-03 -1.12278230e-01  9.50701311e-02 -2.36795582e-02
 -1.01456679e-02 -6.90920353e-02  9.67608616e-02 -6.19690530e-02
 -6.66140988e-02 -6.26868010e-02 -5.06151542e-02  2.70343926e-02
  1.21383250e-01  5.93043901e-02 -1.64245628e-02  1.67856424e-03
  1.09754853e-01  3.90452426e-03 -3.40286084e-02  4.84285504e-02
 -2.05195285e-02 -5.84659586e-03  1.24048881e-01 -1.39076784e-01
 -1.06776752e-01 -7.98591226e-02 -2.80357059e-02 -4.64193560e-02
 -1.65376291e-02  1.13279475e-02 -3.43860313e-02  6.31026253e-02
 -6.03271909e-02 -3.83612141e-02 -4.32478264e-02 -1.99323539e-02
 -6.70314115e-03  1.18277684e-01  1.50285587e-02  4.27362286e-02
  9.00577102e-03  7.33253583e-02 -3.01114805e-02  3.87380794e-02
  7.21664801e-02  6.61225766e-02  2.97094546e-02 -6.43566338e-08
  4.14234120e-03 -5.95268495e-02  8.76184180e-03  1.82774719e-02
  7.24326493e-03 -7.30488449e-02  2.65194941e-02 -4.62491997e-02
  1.12939226e-02  6.25901446e-02  4.45091911e-02 -2.88816504e-02
 -7.25813359e-02 -1.29206087e-02  1.72309717e-03 -6.81282161e-03
  5.26683889e-02  6.19276725e-02 -3.32893543e-02 -9.48569272e-03
  3.19408253e-02 -2.48711240e-02 -8.93776417e-02 -5.90040460e-02
 -4.27691750e-02 -2.32876185e-02 -5.43045066e-02 -3.52537632e-03
  3.29643860e-02  5.27705774e-02 -2.84116250e-02 -3.13934274e-02
  8.01598467e-03 -1.33198887e-01 -2.93219145e-02 -4.04845476e-02
 -3.80567163e-02  4.73134331e-02 -4.09306400e-03  2.67633609e-02
  7.24291056e-02 -4.10225196e-03  2.70607024e-02  1.47501752e-03
 -3.00370972e-04 -3.13212338e-04 -4.09866981e-02  5.27943559e-02
 -7.56505877e-03 -1.60040986e-02 -5.15627265e-02  1.04013821e-02
 -2.10926737e-04  1.39222257e-02  1.69186685e-02 -6.41646907e-02
  6.63859546e-02  2.28167996e-02 -7.04560652e-02 -3.48441936e-02
  6.82544261e-02  3.72243263e-02  2.52193920e-02 -2.05915496e-02]