[ 9.59656760e-03  1.65055022e-02 -2.48876344e-02 -2.84550432e-02
 -3.17454450e-02  1.56176416e-02  6.35375828e-03  4.77871522e-02
  1.85787026e-02  9.66076329e-02  2.07231008e-03 -7.07264617e-02
 -2.83239428e-02 -1.03263687e-02 -8.79254639e-02 -2.61243768e-02
 -1.04211327e-02  3.28232870e-02 -4.72379988e-03  5.41363880e-02
  1.01734214e-01 -4.06761467e-02 -8.33992213e-02  1.11160256e-01
 -6.30672723e-02  5.80466129e-02 -1.95788639e-03  1.27692014e-01
 -8.17519575e-02 -6.78042322e-02 -1.37246028e-02  5.15199490e-02
  9.20480415e-02  2.60670520e-02 -8.00210088e-02  4.70900200e-02
  2.48869769e-02 -9.46930647e-02  3.34555544e-02  5.52091636e-02
 -4.97162938e-02  2.06225505e-03 -1.86182372e-02 -2.55972184e-02
  4.78768051e-02 -7.57534206e-02  4.33176234e-02  4.47090752e-02
  8.56751502e-02 -7.92140290e-02 -6.00503664e-03  4.01894189e-02
 -7.66196400e-02 -4.80984263e-02 -6.68790042e-02 -3.50673348e-02
  5.25939427e-02  1.75864727e-03  8.94581079e-02  2.96671391e-02
 -6.35165423e-02  9.42049082e-03  5.59002794e-02  8.83105025e-02
  1.02779493e-02  1.33854719e-02 -7.26628825e-02  9.74036567e-03
 -7.88928568e-02 -1.28324341e-03  1.96106844e-02 -3.69193964e-02
 -1.70517396e-02 -3.65450867e-02 -2.86886785e-02  1.28282890e-01
 -2.33450476e-02  9.76443198e-03 -7.98321068e-02 -5.29831983e-02
  3.79913747e-02  2.44570952e-02  6.14398951e-03 -5.76268584e-02
 -2.50963755e-02  2.12738533e-02  1.50065664e-02 -1.27012515e-02
  3.85818779e-02 -2.51002703e-02  6.82821721e-02  9.19680223e-02
 -8.54573622e-02  2.60560960e-02  4.44979966e-02  1.25041800e-02
 -5.88746788e-03 -6.05856478e-02  1.73401386e-02 -5.12051173e-02
  9.93992612e-02  5.62555715e-02 -3.14800963e-02  9.87952854e-03
  2.87898388e-02  3.04243546e-02  5.55759110e-02 -1.31235663e-02
  3.50429825e-02  8.16439241e-02 -9.83202755e-02 -5.15254512e-02
 -1.10254958e-01 -4.07637767e-02 -7.53514767e-02 -2.13419534e-02
  2.89089531e-02 -5.44829555e-02 -4.78284061e-02 -1.90124232e-02
  1.99435074e-02 -1.26751021e-01 -6.45892753e-04 -8.29646960e-02
  5.34741767e-02 -7.87202939e-02  2.98476219e-02  1.31349739e-32
  5.11493161e-03 -1.78333726e-02  1.78565569e-02  9.90821142e-03
  5.18182516e-02  4.46951352e-02 -7.29315653e-02 -3.95646878e-03
  1.57396181e-03  1.48508577e-02 -1.20209597e-01  8.21077377e-02
 -1.02694845e-02 -3.73537913e-02  8.17593262e-02  2.42146943e-02
  4.64009568e-02 -7.91436285e-02 -2.71267109e-02 -5.03110960e-02
 -7.48620331e-02  7.65092485e-03 -2.60550920e-02  1.10297920e-02
  3.13353650e-02  1.32318035e-01 -1.66241396e-02 -7.04208016e-02
 -3.13758329e-02  1.69227254e-02 -7.45621184e-03 -1.69174969e-02
  3.76973138e-03 -1.47790124e-03 -5.22603095e-02 -5.20212762e-02
 -3.76011506e-02 -4.63137999e-02  1.69182308e-02  1.48728509e-02
  1.95825901e-02  4.15876042e-03  9.17133242e-02  8.12586546e-02
  4.57244180e-02 -6.62378520e-02 -3.41642555e-03 -1.99936004e-03
  5.31874858e-02  5.90665154e-02  2.73907697e-03 -6.56358525e-02
 -4.16835584e-02 -2.32817475e-02  5.09684049e-02  2.80561484e-02
 -1.44626528e-01  5.04625887e-02  6.33112341e-02  4.48530391e-02
  3.86845917e-02  1.18018277e-02 -2.02588532e-02  4.81223688e-02
 -1.55557431e-02 -1.39215421e-02 -8.76628011e-02  3.60885039e-02
  8.04844052e-02  2.17002481e-02 -3.85262072e-02 -2.82628108e-02
 -6.96849450e-02  3.54264257e-03 -1.87993720e-02  3.13811004e-02
  8.30129907e-02 -6.91292882e-02 -5.53115979e-02  3.08291521e-02
 -8.16967711e-02 -2.20727939e-02  4.96658236e-02 -2.05737669e-02
  4.37277891e-02  5.54281585e-02 -2.28419099e-02  5.22458367e-02
 -2.01545972e-02 -3.25419009e-03  3.77153940e-02  4.01497446e-02
  1.84011012e-02 -1.01739131e-01  1.81604400e-02 -1.26508656e-32
  2.20155697e-02  1.09035373e-02  1.88518744e-02  3.07533015e-02
  2.63477676e-02 -5.83310202e-02 -1.17199667e-01 -7.89684355e-02
 -3.08825467e-02 -8.11406747e-02 -7.94531927e-02 -8.05576816e-02
  1.01207502e-01 -7.31608868e-02 -5.66081665e-02  2.82203127e-02
 -1.71853695e-02 -2.69378722e-02 -9.77771282e-02  2.33828835e-02
 -2.18698289e-02  5.51095270e-02  2.55062375e-02 -8.13407972e-02
 -4.57188860e-03 -4.61488552e-02  4.67992097e-04 -3.20185646e-02
 -4.59670164e-02  5.17354757e-02  5.96901551e-02  3.54339220e-02
 -3.34288217e-02  1.21498562e-01 -1.09849765e-03  2.43527666e-02
  1.15165621e-01 -5.59789054e-02 -1.04409819e-02  7.40819424e-02
  6.10861182e-03  4.54148278e-02 -1.90013312e-02 -1.36470869e-01
 -3.83273736e-02  6.85856119e-02 -8.45719501e-03 -3.15771177e-02
  7.41514415e-02  3.06603853e-02  3.60450037e-02 -4.21463847e-02
 -5.83535023e-02  2.65855491e-02  1.88939199e-02 -6.33818880e-02
  4.62123193e-02 -3.01198773e-02 -2.53439602e-02 -3.75253260e-02
  9.39803049e-02  1.62604842e-02 -3.63997254e-03 -4.57311943e-02
  2.77515147e-02  7.20698759e-03  3.59385908e-02  9.02636126e-02
  1.71501376e-02  4.26278710e-02  6.19846620e-02 -2.67882808e-03
 -1.07775345e-01  2.38799546e-02 -3.24897431e-02  4.03261371e-02
 -7.55141973e-02 -9.95650608e-03 -4.19904813e-02  2.66640186e-02
  7.64246611e-03 -2.68744640e-02 -6.09570043e-03  8.75593629e-03
 -9.99997556e-03 -2.90061273e-02 -4.49590869e-02 -2.00478025e-02
 -5.43984622e-02  4.33493592e-02  5.82326960e-04 -2.31431406e-02
  2.61796806e-02  2.58351769e-02 -3.27601023e-02 -5.38947518e-08
  1.68006867e-02  2.39317734e-02  2.10944619e-02  1.56815141e-03
  2.49193981e-02 -4.73235355e-04 -1.85565613e-02 -6.91682771e-02
 -2.01659370e-02 -3.30206379e-03  3.28067206e-02 -5.25246114e-02
 -1.65637452e-02  7.05434359e-04  1.58003736e-02  7.13242665e-02
  7.55474716e-02  6.34730756e-02  2.16543730e-02 -4.80089942e-03
  6.99589998e-02 -1.91518683e-02 -1.02232054e-01 -4.40205708e-02
  1.30468123e-02 -1.82631388e-02 -1.82683561e-02  3.21244970e-02
 -1.54650176e-03 -3.21598910e-02 -1.37996990e-02 -7.47187808e-03
  5.34297228e-02 -3.47127765e-02 -2.38179900e-02 -4.37945947e-02
  3.05495337e-02  4.52608690e-02 -8.61012265e-02 -8.06665141e-03
  1.33780524e-01 -1.69772953e-02 -4.12848592e-02 -6.08604290e-02
 -4.50534709e-02  3.63643095e-02  7.21152276e-02  3.55999134e-02
  7.27594830e-03  5.24107255e-02  1.89322792e-02  2.71717515e-02
  6.77200034e-02  6.25408739e-02  2.11157817e-02 -9.32562863e-04
  4.75453176e-02  4.30050958e-03  2.15368532e-02 -4.50039841e-02
  6.46693865e-03  6.87243715e-02  5.24512213e-03 -3.37997004e-02]