[ 2.40904614e-02  4.43454459e-02 -4.42862995e-02 -6.34640828e-02
 -9.20701101e-02 -1.60940420e-02  2.98814103e-02  6.79962933e-02
  3.64735536e-02  8.10941495e-03  9.40720215e-02  1.51626673e-02
 -1.17831044e-02  4.21396233e-02  5.44571206e-02 -4.03064154e-02
  7.54519776e-02  3.15946043e-02 -1.72688253e-02  2.63992902e-02
  1.59371287e-01 -9.47760940e-02 -1.04748391e-01  6.28136843e-02
 -1.52281761e-01 -3.25925648e-02 -2.15074308e-02 -9.22248885e-03
 -6.01025410e-02 -4.88352478e-02 -5.82310325e-03  1.62195992e-02
  1.05229184e-01 -5.58682755e-02 -2.70389579e-03 -6.73745526e-03
  7.63562694e-02 -2.29573995e-02 -5.69761470e-02  1.07403740e-01
 -8.02066326e-02 -4.24701795e-02 -8.33316594e-02 -6.15072995e-02
  2.76012439e-02  1.62684824e-03  2.61926595e-02  1.09709390e-02
  5.02356775e-02 -6.80856779e-02 -2.72796433e-02 -1.61317959e-02
 -2.58937236e-02  4.42351028e-02  1.13520527e-03 -6.23470768e-02
 -2.95965243e-02 -7.24413292e-03  9.80552984e-04  1.14061618e-02
 -2.51933164e-03  1.63361486e-02  9.02568549e-03  2.05195956e-02
  9.07091498e-02 -1.62208434e-02 -3.75794061e-02 -5.27688488e-02
 -6.87761828e-02  3.61453667e-02  5.05850203e-02 -7.40651339e-02
  6.98025106e-03  2.51585525e-02 -4.09993194e-02  9.01205540e-02
  7.11440817e-02  5.17588183e-02  2.23012888e-04 -1.53175205e-01
  5.12724146e-02  4.58535440e-02 -3.47253121e-02  7.87027879e-04
 -2.30906978e-02 -4.60143089e-02 -3.42238434e-02 -1.53558385e-02
  4.79304865e-02  4.70534852e-03  1.61865093e-02  1.53023610e-02
 -1.40296549e-01 -2.52112113e-02  5.25677726e-02 -3.02937217e-02
 -7.48077855e-02 -1.29911760e-02 -8.05686694e-03 -2.30372865e-02
  5.29080704e-02  2.93493886e-02  5.74945100e-02  6.72701932e-03
  3.86656553e-04  3.83551307e-02 -3.11487559e-02 -6.49556667e-02
  2.86793727e-02  1.38243228e-01 -6.26512468e-02 -7.39006475e-02
 -1.07141070e-01 -2.06365194e-02 -8.71059671e-02  1.35121457e-02
 -1.03465607e-02 -5.01356311e-02 -3.15719023e-02  6.98498450e-03
  2.32808460e-02 -1.11472551e-02  6.74617961e-02 -5.32589257e-02
  5.15280627e-02  2.24164855e-02  8.00170973e-02  1.23440219e-32
 -6.43178001e-02 -9.19670165e-02 -8.41357466e-03  2.05016090e-03
  3.32285576e-02  1.64055619e-02 -3.20610069e-02  1.34155713e-02
  5.86408004e-02  4.87502441e-02 -6.59403056e-02  2.89966241e-02
  4.00875397e-02  5.38683869e-03  1.10271327e-01 -2.72840317e-02
  5.64452223e-02  9.69409011e-03 -3.33262496e-02  1.76381189e-02
 -4.46389578e-02  1.58953164e-02 -8.35831091e-03 -4.72607575e-02
  2.02173870e-02  5.96212000e-02  1.16040763e-02 -2.94108130e-02
  1.38922734e-02  1.72777958e-02  1.05666257e-01 -5.29042594e-02
  3.14413593e-03  3.15800047e-04 -3.65044177e-02 -7.29171839e-03
  3.64764854e-02  2.45496025e-03 -4.92164353e-03 -7.08042905e-02
 -7.25081116e-02  5.40514290e-03  8.00394565e-02  7.95941204e-02
  2.20945720e-02 -3.59173603e-02  9.66961402e-03 -1.18453158e-02
  6.43005073e-02  7.12325471e-03 -2.79673059e-02 -3.39643173e-02
 -1.40125873e-02 -5.47514372e-02  2.94315000e-03  2.28628591e-02
 -8.99066329e-02  4.23676148e-02 -2.05314253e-02 -5.75388446e-02
 -3.48092243e-02 -4.80642430e-02  3.02070230e-02 -1.08818272e-02
  3.11397295e-03 -5.34970760e-02 -1.77154429e-02 -2.34549493e-02
  8.65636542e-02  1.35634001e-02 -7.64797255e-02  6.97499141e-04
  4.70190011e-02  7.64483288e-02 -2.65448936e-03  2.18587997e-03
  9.57378000e-02  1.56543441e-02 -9.21903029e-02 -3.17623187e-03
 -3.50393425e-03 -4.48073680e-03  8.02185386e-03  1.50040854e-02
  4.46787998e-02  5.26319705e-02  7.69448513e-03  4.05533351e-02
 -3.72178592e-02  8.62846151e-02 -2.76044272e-02  1.35468736e-01
 -4.67115864e-02  6.75723553e-02  8.83556008e-02 -1.48437430e-32
 -2.06240602e-02  7.38405585e-02 -6.91996422e-03 -3.00631952e-02
  1.89284924e-02  2.99188625e-02  3.89954187e-02 -3.62336375e-02
 -8.49446058e-02 -2.85582114e-02 -7.19700605e-02 -5.63569888e-02
  5.43069616e-02 -2.75983568e-02 -9.53831002e-02  9.27713886e-02
 -1.05790980e-01 -1.75022680e-04 -1.34626012e-02 -1.40345208e-02
 -4.39705476e-02  1.56237662e-01  3.57263610e-02 -1.26678757e-02
  1.24008190e-02 -3.55221853e-02 -5.51354066e-02 -2.62085032e-02
 -1.00877032e-01 -5.12987785e-02  5.16352244e-02 -1.34474710e-02
 -4.08413410e-02  6.50298819e-02 -3.05188522e-02 -1.65964058e-03
  8.59966502e-03 -6.33795708e-02 -1.96572971e-02  6.59992471e-02
  6.34036511e-02  5.56874759e-02  5.49123362e-02 -7.12362230e-02
 -2.14148816e-02 -9.46246088e-03 -2.04791352e-02 -1.32006973e-01
  5.08734547e-02 -1.95798595e-02  4.32023928e-02 -4.94093448e-02
 -5.25463410e-02  5.53172268e-02  8.80107433e-02 -2.62546074e-02
 -4.71770614e-02 -8.84298831e-02 -1.27666295e-01  6.12023240e-03
  6.94124326e-02  6.01536885e-04 -1.66602116e-02 -4.46476899e-02
  7.28069618e-02 -3.15821916e-02 -1.72134191e-02  3.06999236e-02
  3.49846436e-03 -5.06419549e-03  4.57043089e-02 -3.05561461e-02
 -1.18205324e-02  1.39686503e-02 -4.33626249e-02 -2.30587795e-02
 -2.18578428e-02 -3.15987132e-02 -5.35608642e-02  1.71855912e-02
 -4.96725738e-02 -3.90152484e-02  1.41585087e-02  3.88735323e-03
 -8.50727484e-02  2.40513720e-02  5.77891320e-02  5.19827753e-02
 -3.16875875e-02  1.69854388e-02 -6.70037791e-02  4.11449969e-02
  2.94646360e-02  1.25215389e-02 -7.44562075e-02 -6.08928090e-08
  2.57376283e-02 -6.03722073e-02  8.49106088e-02  5.63105941e-03
 -2.30053160e-02 -6.63435087e-02 -4.54228371e-02  2.89984234e-02
  1.24000898e-03  3.17408741e-02 -4.50800210e-02  1.87293589e-02
 -9.46841910e-02  2.61460114e-02  1.69875864e-02 -6.05182573e-02
  7.91773647e-02  3.44473124e-02 -2.23146882e-02 -6.80375025e-02
  4.50683124e-02 -1.45488242e-02 -1.09582298e-01 -4.18192474e-03
  5.59326634e-02 -2.96290293e-02 -1.31094651e-02 -6.40392629e-03
 -1.04786474e-02  3.15557420e-02 -1.38304324e-03 -3.92155200e-02
  5.15232086e-02 -3.03920005e-02 -5.32273911e-02 -4.05129455e-02
 -3.65681462e-02  6.16857372e-02 -1.33961886e-02 -2.07654890e-02
  7.77148455e-02 -3.52478884e-02  9.67123453e-03 -1.44124003e-02
 -7.54923793e-03 -5.22501068e-03 -4.29383181e-02  4.00875770e-02
 -2.87391897e-02  1.46897295e-02 -4.22364213e-02 -2.07764879e-02
  8.52749795e-02  2.81378496e-02  3.25024724e-02 -6.86297938e-02
  1.10832723e-02 -2.04580668e-02  1.19510973e-02  2.99052130e-02
  1.68976206e-02  7.17585683e-02 -6.26680627e-02  6.27003424e-03]