[-2.80034617e-02  9.45940837e-02 -3.06876469e-02 -8.43147486e-02
 -1.16085306e-01  6.59821928e-02 -3.19470353e-02  5.45267612e-02
  9.30313487e-04  5.17630354e-02  1.94977242e-02 -2.13046484e-02
 -5.09299710e-02 -3.77620459e-02 -6.84767663e-02 -5.54799885e-02
  5.19260988e-02 -4.13786359e-02  5.74142821e-02  1.13966409e-02
  5.42595536e-02 -3.68562341e-02 -6.56709075e-02 -1.00060012e-02
 -1.05936997e-01 -1.61053240e-02 -5.45620173e-02 -1.81221508e-03
  4.04083021e-02 -3.29642370e-02 -1.08081382e-02  6.04412705e-02
 -6.30930141e-02  3.77191440e-03  4.97635417e-02 -4.45712619e-02
  4.07133065e-02 -2.11516526e-02  1.46905417e-02  1.16805248e-02
 -9.06275213e-03 -7.62921199e-02 -5.42554222e-02 -6.52110502e-02
  2.94506177e-02 -1.71596296e-02 -2.22221166e-02  4.67824116e-02
 -8.52280762e-03 -3.18413740e-03 -1.02103084e-01 -6.26914948e-02
  3.99441309e-02  6.80302754e-02 -3.82216498e-02 -4.56563458e-02
  1.12530673e-02  1.98788457e-02 -3.18315402e-02 -4.95315529e-02
 -2.39642560e-02  4.78852391e-02 -1.03539504e-01  2.56498214e-02
 -1.54320768e-03 -7.32360557e-02  4.88028899e-02  2.62478925e-02
 -3.65835987e-02  6.14195727e-02  4.09028754e-02 -2.50881165e-02
  6.27390295e-02  5.59738977e-03 -3.93937863e-02  4.81455028e-02
 -8.06211159e-02  1.79893915e-02  7.23488033e-02 -1.17743202e-01
 -1.46769565e-02  6.24149619e-03 -2.96290703e-02 -2.80235987e-02
 -6.59165764e-03 -4.43013385e-02 -6.89612981e-03  3.85744870e-02
  8.05056542e-02 -2.60952804e-02  6.94287717e-02  4.00820049e-03
  1.63580701e-02 -5.25517343e-03 -6.07458763e-02 -1.25945155e-02
 -1.63255986e-02  5.73379770e-02  9.25806463e-02  1.91721953e-02
  7.04992488e-02  1.34160984e-02 -3.20869088e-02  2.64814626e-02
 -5.30161783e-02  6.56397566e-02 -5.99037036e-02 -1.73234697e-02
  5.34760244e-02 -1.77426785e-02 -5.99008240e-02  1.61533784e-02
 -3.07011604e-02 -6.94273263e-02 -1.16079412e-02  5.72904125e-02
 -5.62483221e-02 -7.62462150e-03 -3.50383809e-03  8.37552827e-03
 -6.62765652e-03  2.31847819e-02 -9.62376595e-02 -2.83244662e-02
  1.82049628e-02 -1.79431792e-02  5.39575778e-02  1.13754425e-32
  8.78606550e-03 -1.00187682e-01  1.73173763e-03 -6.40425645e-03
  1.81722604e-02  2.17247214e-02 -3.43884937e-02  1.65572576e-02
 -4.07952107e-02  4.61773872e-02 -1.24337263e-01 -2.60400964e-04
 -1.00991474e-02 -1.15555711e-02  1.73598249e-02 -2.09666719e-03
 -1.46047845e-02  3.72625478e-02 -2.30746362e-02 -1.62908174e-02
  4.54880260e-02 -3.73020805e-02  4.23272420e-03  7.13998601e-02
 -1.43544134e-02  1.15138277e-01 -3.66263948e-02 -5.07758483e-02
 -5.21789007e-02  5.44805154e-02  3.95692289e-02 -9.32930969e-03
  4.05724980e-02  1.21228015e-02 -4.40162756e-02  4.41317409e-02
 -4.42957692e-02  6.24962663e-03 -6.39978470e-03 -1.52674438e-02
 -3.60582955e-02  2.77382266e-02  4.80095670e-02  4.89323167e-03
 -2.95510981e-03 -3.89164649e-02  2.97803525e-02 -2.92395409e-02
  1.54464483e-01  8.49857926e-02 -4.46629077e-02 -4.56175804e-02
 -7.20822439e-02 -5.90480724e-03  3.41630802e-02  2.17657797e-02
 -1.10427953e-01  9.39793214e-02  1.89530011e-03 -5.41803613e-02
  2.76701599e-02  1.73466168e-02 -1.13960125e-01  5.29840589e-02
 -7.87108988e-02 -6.59135431e-02  2.84642950e-02 -3.96970995e-02
  9.73547995e-02 -7.11476579e-02 -1.18325226e-01  3.00416835e-02
  5.95594980e-02  5.15907556e-02  1.61490068e-02 -2.98445355e-02
  3.82818207e-02 -3.85722071e-02 -3.10999472e-02  2.90861670e-02
 -8.77070799e-02  4.43917997e-02 -6.41531125e-02  9.04402696e-03
  9.06756297e-02  6.68253601e-02  8.15248638e-02  1.41575178e-02
  2.43911687e-02  5.71577661e-02 -6.02116482e-03 -1.34158153e-02
 -1.36798685e-02  2.51621287e-02  3.83838937e-02 -1.29727483e-32
  4.93981643e-04 -6.50921762e-02 -6.63963854e-02  2.78204270e-02
  5.57927601e-02  6.54864684e-02  1.07887499e-02  2.41493173e-02
 -4.49632592e-02 -4.30999957e-02 -2.05876604e-02 -3.79685424e-02
  9.92853716e-02  6.16786554e-02 -6.82486594e-02 -1.04756560e-02
 -4.43547219e-02 -3.24111320e-02 -5.94811775e-02  6.39405055e-03
  4.78685908e-02  2.93678716e-02  4.62404564e-02  9.39906482e-03
  1.06185386e-02 -8.15150514e-02  3.47612165e-02 -6.66437820e-02
 -1.00894980e-02  4.87476699e-02  1.19775876e-04 -4.96925749e-02
 -8.21452364e-02  1.26547739e-01  8.46500881e-03 -8.06553885e-02
  1.28792450e-01 -3.48511040e-02  3.71591933e-03  6.59512952e-02
  2.28550769e-02  8.26096460e-02  3.03362850e-02  3.43532898e-02
 -4.56541814e-02  4.39142473e-02 -8.16856474e-02 -9.69604850e-02
 -6.87200110e-03 -9.95346159e-02  7.41693154e-02  2.70471778e-02
 -1.01883532e-02 -1.51729630e-02  8.68702903e-02 -5.40903248e-02
 -9.26566496e-02 -7.12144598e-02 -1.04760721e-01  4.25183810e-02
  6.45597503e-02  4.34999466e-02 -5.69640435e-02  2.85487510e-02
  1.27909586e-01  3.96725647e-02 -9.02905241e-02  4.63252142e-02
 -2.23783106e-02  2.52731815e-02  6.57713115e-02 -9.72884223e-02
 -9.29679871e-02 -2.04304922e-02  4.62462865e-02 -5.06202802e-02
 -5.92560954e-02  9.95174889e-03 -4.91954461e-02  1.98523197e-02
  2.34982986e-02 -3.83048579e-02 -3.40993889e-03  1.40864812e-02
  1.51167354e-02  3.08678076e-02 -6.19405461e-03 -1.23624234e-02
  4.55943542e-03  7.54527524e-02 -2.41212938e-02 -2.19407678e-02
  7.02429637e-02 -1.90714598e-02  2.26132255e-02 -5.27738813e-08
 -2.26834673e-03 -3.75782214e-02  4.43083607e-03  1.22893807e-02
 -3.94577123e-02 -4.39994633e-02 -2.37437487e-02  1.45448027e-02
 -7.12688714e-02  5.22829890e-02  1.57476664e-01 -3.91518734e-02
 -4.25345860e-02  8.65731575e-03  3.06229223e-03 -1.03969406e-02
  3.52187864e-02  5.38010709e-02 -8.46579112e-03 -4.51538935e-02
 -4.00414737e-03 -1.47698205e-02 -3.53084840e-02 -5.52396849e-02
  2.45337598e-02  5.05557843e-02  2.53959442e-03  5.84184891e-03
 -1.54838273e-02  3.42184375e-03 -1.77861042e-02  3.77346165e-02
 -3.20526335e-04 -7.52559751e-02 -3.22469324e-02  5.43316044e-02
 -7.87514523e-02  6.64823651e-02 -4.93679009e-03 -1.24902986e-02
  4.21218500e-02  7.84543715e-03  4.50135302e-03 -1.97208952e-02
  8.08130503e-02 -1.01278489e-02 -5.75009920e-02  2.32146773e-03
  3.61903687e-03 -6.27877414e-02 -7.50381127e-02 -5.08126058e-02
  8.46696720e-02  9.47237667e-03 -2.08207930e-04  7.70187797e-03
  8.55542570e-02 -1.50225926e-02 -5.36040626e-02 -3.48097049e-02
  1.31852463e-01  7.12030753e-02  3.47819775e-02 -2.78278440e-02]