[-2.01722905e-02  2.50021070e-02 -3.08677200e-02 -8.58231559e-02
 -8.27757716e-02 -6.13632239e-02  5.84745370e-02  1.30726263e-01
  6.05686046e-02  3.44947278e-02  1.28536522e-01 -8.54738429e-02
  9.18642152e-03  3.02634910e-02  1.99006554e-02 -6.84922859e-02
  8.26546103e-02 -5.47453575e-03 -9.36756730e-02  9.58313141e-03
  1.35850936e-01  5.97455213e-03 -1.07608316e-02  7.39879981e-02
 -5.68228140e-02 -2.85543054e-02 -4.71692197e-02  1.50221959e-02
 -5.26939370e-02 -4.81240451e-02 -2.98940893e-02  7.99001902e-02
  1.07798457e-01 -5.24890460e-02 -9.74785611e-02  1.01127811e-02
  1.56233087e-03 -2.41831299e-02 -3.71078029e-02  3.89889292e-02
 -9.74332839e-02 -5.66005073e-02 -5.73587529e-02 -2.25304682e-02
  6.04225555e-03 -1.40440613e-02 -4.92546931e-02  7.55836070e-02
 -3.87256369e-02 -1.98926851e-02 -9.84375626e-02  5.76622002e-02
 -5.16318642e-02  5.28385602e-02 -8.06946214e-03 -4.00743037e-02
 -9.01226923e-02 -6.49844389e-03  1.31770987e-02  1.53283272e-02
 -2.07488779e-02  3.40064503e-02 -5.63124530e-02  6.94298446e-02
  4.51318882e-02  2.20599398e-02 -3.13767195e-02 -1.39040314e-02
 -5.43174446e-02  5.10752499e-02 -1.56765128e-03 -3.88825387e-02
  6.57903850e-02  1.70145184e-02 -2.74158996e-02  8.46203789e-02
  4.32716422e-02  1.79312918e-02  1.46616027e-02 -1.17690645e-01
  3.49158421e-02 -1.35099096e-02 -2.60547493e-02 -3.37882228e-02
  2.28549913e-02 -5.10116257e-02  9.69666019e-02  6.40891418e-02
  3.89145426e-02 -1.36493808e-02  4.01498973e-02  9.99853685e-02
 -5.13937175e-02 -4.87219207e-02  2.74080522e-02  2.28968002e-02
 -9.41715315e-02 -2.61728205e-02  2.84523312e-02 -2.86974851e-02
  2.40986273e-02 -2.27241591e-02 -1.11406222e-02 -1.82095636e-02
 -1.29073873e-01 -1.98152903e-02 -8.79281759e-03  1.62173135e-04
  6.48619160e-02  1.22134417e-01 -8.00518319e-02 -2.15224773e-02
 -7.70010650e-02 -9.14779305e-02 -3.30188014e-02 -2.91877077e-03
 -2.88664550e-03 -5.13912998e-02  8.65590721e-02 -1.40936170e-02
  1.82147883e-02 -3.69170122e-02  1.23373214e-02 -6.22604825e-02
  6.82048425e-02 -2.70481165e-02  5.87604977e-02  1.21378659e-32
 -9.44209322e-02  4.55766032e-03 -5.37990704e-02  3.04494854e-02
  4.03308794e-02  2.41520163e-02 -6.39258921e-02  2.35074945e-02
  8.01653117e-02  2.12471969e-02 -1.11240864e-01  6.77667558e-02
 -2.98743825e-02 -2.51221806e-02  7.90577233e-02 -3.58141540e-03
  5.06078973e-02  4.55653928e-02  3.32346768e-03 -5.31603210e-02
 -2.98030227e-02  1.39506236e-02  3.15753743e-02 -4.46403697e-02
  6.06626160e-02  6.26724139e-02 -3.85202728e-02 -2.60909833e-02
 -6.34077936e-02  3.15093100e-02  1.16216630e-01 -2.90559269e-02
 -3.38466614e-02 -8.68356451e-02 -4.02762592e-02 -1.28716426e-02
  4.13852446e-02  2.05987855e-03 -6.85109152e-03  3.80951352e-02
 -7.99363106e-02  4.52741003e-03  3.89083638e-03  3.56166810e-02
  2.38689948e-02 -3.87740768e-02 -1.94281302e-02  2.95765009e-02
  7.43069053e-02  5.98583929e-02 -6.73458278e-02 -4.02273126e-02
  1.23851132e-02 -5.22238649e-02  9.29044653e-03  9.62692946e-02
 -5.44502214e-02  4.23463918e-02 -4.08936888e-02 -1.34288343e-02
  5.36418636e-04  3.78257409e-02 -1.88408270e-02 -1.30085573e-02
 -1.97866391e-02 -3.95581387e-02 -2.47328484e-04  2.44847797e-02
  9.42894146e-02  5.10607697e-02 -5.77902533e-02 -8.18207767e-03
 -2.58284826e-02 -1.90827586e-06 -5.51165431e-04 -9.30101890e-03
  6.39530495e-02 -1.65680237e-02 -3.19626294e-02  1.47601115e-02
  4.42723520e-02 -1.85223799e-02 -3.86394523e-02 -1.64568238e-02
  6.83100671e-02  2.91196536e-02  4.49074544e-02  6.21645115e-02
 -4.05424275e-02  7.57502913e-02  5.96690644e-03  6.86559826e-02
 -3.19662541e-02  1.37065575e-02  1.84056759e-02 -1.44503183e-32
 -4.77814898e-02  5.79799525e-02  1.01023102e-02  5.15465587e-02
 -2.73688370e-03  4.18007746e-03  4.46077362e-02 -2.60076895e-02
  1.59673579e-02 -5.20388111e-02 -5.55147827e-02 -6.33550957e-02
  3.21961148e-03 -6.39996678e-02 -5.65795861e-02  5.75488135e-02
 -1.30888270e-02 -6.38513565e-02 -8.06582421e-02 -6.68279035e-03
  2.87463181e-02  1.05539747e-01 -3.22630405e-02  4.61225118e-03
 -2.37384755e-02 -3.61933149e-02 -3.25002708e-02  1.53976772e-02
 -2.85307989e-02 -6.74091950e-02 -1.06876800e-02 -5.58845475e-02
 -1.57764107e-02  5.40161729e-02 -5.15583269e-02 -2.06031762e-02
  5.56169972e-02 -2.71786209e-02  1.06320251e-03  6.65827692e-02
  8.50547254e-02  3.90625484e-02  3.91356042e-03 -1.10878803e-01
 -8.68711770e-02 -8.06367621e-02  3.21962684e-02 -1.35281608e-01
  1.00404071e-02 -3.91938612e-02  1.42417669e-01 -1.98514760e-02
 -2.91033480e-02  1.95119027e-02  2.35877968e-02  7.69685861e-03
 -4.49559502e-02 -1.26695693e-01 -9.51379240e-02  7.08817597e-03
  8.88096318e-02 -5.02506644e-02 -4.41714227e-02 -5.19787557e-02
  6.24896474e-02 -3.57901980e-03 -1.03487493e-02  2.61727180e-02
  5.28562628e-02 -1.93105210e-02  6.61762506e-02 -1.92438010e-02
 -4.88314070e-02 -7.93421194e-02 -1.92929097e-02 -1.52978590e-02
 -5.97102493e-02 -6.85203355e-03 -4.60933782e-02  1.92278083e-02
 -2.05853935e-02 -4.82708029e-03 -7.69688049e-03 -7.43987411e-02
 -1.01846278e-01  2.68290192e-02  9.64893028e-03  4.59933188e-03
 -7.58473482e-03 -1.36277517e-02 -4.60719913e-02  6.28857017e-02
  4.62245755e-02  6.54666945e-02 -3.35252993e-02 -6.62915483e-08
  1.61412265e-02 -8.93592313e-02  7.15602189e-02  3.81868258e-02
  3.93391177e-02 -7.15751015e-03 -5.30282483e-02 -4.75177430e-02
 -2.21890304e-02 -1.36822695e-02  4.88541685e-02  4.33233939e-02
 -5.72350658e-02  5.81992045e-02  2.63020918e-02 -4.43185754e-02
  1.33582950e-02  2.66144034e-02 -1.78902037e-02 -7.45035186e-02
  5.06796427e-02  2.14623418e-02 -6.13549948e-02 -5.12261838e-02
  2.85938829e-02  1.68116670e-02 -4.69275378e-02  3.82969435e-03
  7.26068811e-03  3.08636930e-02 -4.12309766e-02 -5.29529415e-02
 -2.14456040e-02 -6.37078807e-02 -4.76414785e-02 -9.81166586e-03
 -2.52493210e-02  1.15669565e-02 -5.97205721e-02  3.48121412e-02
  8.88730809e-02 -3.92505825e-02 -1.18100857e-02  5.78088947e-02
  2.24417634e-02 -4.82699350e-02 -3.50880176e-02  3.20930295e-02
 -1.79551039e-02 -5.31217270e-02  6.24381285e-03  8.01859598e-04
  1.90844480e-03  1.18315546e-02 -3.37635130e-02 -6.03706911e-02
  6.27951473e-02 -3.86573933e-03 -5.79485819e-02  2.42659990e-02
  5.85223287e-02  1.15173645e-01 -3.46338637e-02 -7.57957846e-02]