[-1.05192950e-02 -2.88780425e-02 -9.79743376e-02 -1.25976011e-01
 -3.52858156e-02 -1.23548154e-02  6.61014244e-02  5.94320297e-02
  3.59163024e-02  2.07784288e-02  6.24136664e-02 -1.83830429e-02
  4.57869992e-02  5.07230163e-02  1.73217602e-04 -1.47959948e-01
  2.68246345e-02 -1.95485633e-02  6.75891107e-03  3.54169384e-02
  1.73150733e-01 -2.61909086e-02 -3.39405723e-02  2.55063064e-02
 -1.04599990e-01 -3.38078141e-02 -2.96048131e-02 -1.26267234e-02
 -8.78944844e-02 -3.95418927e-02 -3.35974656e-02  4.21614014e-02
  1.06799826e-01  2.81702746e-02 -6.48616850e-02 -4.29038797e-03
  1.90038048e-02 -9.42516550e-02 -7.68070891e-02  3.76971364e-02
 -1.07631780e-01 -3.21017690e-02 -5.46524525e-02 -4.34931852e-02
 -2.52093673e-02 -3.31935920e-02 -3.30102965e-02 -3.91715840e-02
 -5.58772050e-02 -1.77843105e-02 -6.08236454e-02 -1.32248839e-02
 -5.41424267e-02  7.18404800e-02 -7.12464228e-02 -5.66795506e-02
  4.32790397e-03  3.33232135e-02  1.93034057e-02  1.01028882e-01
  6.27327338e-02  3.47650200e-02  2.30685398e-02  5.50816059e-02
  2.61689685e-02 -3.26800756e-02 -2.32988298e-02  2.22653784e-02
  2.21111514e-02 -3.54117267e-02 -5.18885590e-02 -1.17838355e-02
  4.01140712e-02  6.77381754e-02 -3.61035839e-02  3.66036817e-02
  3.37514132e-02  1.09193921e-02 -5.84961846e-03 -8.37951750e-02
  6.67727441e-02 -1.63014978e-02  3.08472756e-02 -7.83618819e-03
  1.25937932e-03  1.61417518e-02 -4.32123952e-02 -3.98237593e-02
  2.42768228e-02  2.01776922e-02 -5.11069745e-02  4.01928090e-02
 -1.96400471e-02 -6.57670945e-02  2.09371503e-02 -2.41691321e-02
 -1.00905262e-02 -5.05378917e-02  5.24527319e-02 -4.49955501e-02
 -6.16382575e-03 -7.72129232e-03  8.73584822e-02  8.19786079e-03
 -1.08918212e-02 -1.22662317e-02 -5.44550307e-02 -5.44698276e-02
  4.21107076e-02  7.21611381e-02 -8.61131102e-02 -1.37689011e-02
 -1.20289981e-01 -3.98557521e-02 -5.10355644e-02  8.43026415e-02
 -8.72628018e-02 -3.03332806e-02  7.76394531e-02 -2.41935868e-02
  4.88395654e-02 -4.00722437e-02  5.68503365e-02 -1.17539078e-01
  7.27074519e-02 -1.94161031e-02  7.90810809e-02  7.03725636e-33
 -8.02876130e-02  6.17314782e-03 -2.52815709e-02  1.03436403e-01
  3.98904011e-02  1.86071619e-02 -2.57831439e-03  3.45285945e-02
  4.01363783e-02  4.35331836e-02 -6.98407218e-02  1.12024136e-01
  3.04136630e-02  1.31744491e-02  8.21990147e-02 -2.12246496e-02
 -4.42170948e-02  2.27834228e-02  6.64905319e-03  8.96130037e-03
 -2.21588127e-02  6.90086186e-03  7.27746189e-02 -1.26169780e-02
  1.08112499e-01  9.52979550e-04 -1.03507623e-01 -7.48684928e-02
  7.51976296e-02  1.43735325e-02  4.78836708e-02  1.11946724e-02
  7.98137113e-02 -6.28601909e-02  4.42404002e-02 -4.87964787e-03
 -5.66963432e-03 -2.72422358e-02 -1.98302977e-02 -2.95417905e-02
  3.30337435e-02 -3.68481390e-02 -1.18051665e-02  6.67932397e-03
  1.69963408e-02 -7.71049690e-03  1.17363222e-02  1.17725413e-02
  7.05912411e-02  2.97596026e-02 -1.72743555e-02  5.00871055e-03
 -3.96747328e-02 -9.23208371e-02 -9.86118102e-04  6.29572421e-02
  2.03949064e-02 -5.57571510e-03 -4.16886099e-02 -7.98903927e-02
 -5.51417060e-02 -4.15967554e-02  6.54504895e-02  5.17603755e-03
  2.98772771e-02 -1.14486955e-01  4.35124859e-02 -3.39836031e-02
  1.07097536e-01  7.83778876e-02 -9.08592269e-02 -8.96454230e-03
 -1.66017730e-02 -3.26212384e-02 -2.10780613e-02  4.70935255e-02
  1.27619617e-02  1.61232240e-02 -6.01570196e-02  2.30096821e-02
 -8.95159468e-02 -3.34223993e-02  2.91507952e-02  3.91033525e-03
  5.46096824e-02  4.80764508e-02 -1.13518545e-02  9.12478659e-04
  1.17822597e-03  8.72733220e-02 -3.68464030e-02  1.44406065e-01
 -5.68840168e-02  2.61256695e-02  6.87206835e-02 -1.13447511e-32
 -1.52260782e-02  4.77425866e-02 -1.82647705e-02  4.34021233e-03
  1.44135235e-02  6.71784347e-03  2.21527219e-02 -3.07472590e-02
 -7.69903883e-02 -3.38552482e-02 -3.11572682e-02 -1.01401612e-01
  3.61689143e-02 -4.30495739e-02 -7.12747201e-02 -5.84617490e-03
 -7.20200911e-02 -2.36050654e-02 -5.09530380e-02  3.84010337e-02
 -3.45752239e-02  5.18341288e-02  3.67627889e-02 -3.45205963e-02
 -3.49703274e-04 -4.37020212e-02 -4.75317389e-02 -1.99853331e-02
 -3.62278298e-02 -2.34598406e-02  4.73106420e-03 -5.83711304e-02
 -1.69337355e-02  1.01525903e-01 -5.41751739e-04  1.87774450e-02
  1.20910980e-01  1.75471697e-03  1.35595612e-02  4.11443459e-03
  4.53203209e-02  7.15602636e-02 -4.09474485e-02 -7.36054331e-02
 -6.87204674e-02 -4.56861481e-02 -2.21100058e-02 -4.56331261e-02
  5.97339496e-03 -6.99120713e-03  1.17267571e-01 -8.32709149e-02
 -4.36777584e-02 -7.98575655e-02 -2.73018633e-03  1.45805795e-02
 -6.46833852e-02 -7.56209791e-02 -9.67192650e-02  1.70847401e-02
  1.39276624e-01  9.84199438e-03 -8.87916982e-02 -2.72106491e-02
  1.66378282e-02 -1.55779393e-02  2.85759270e-02  1.30556062e-01
 -6.00582249e-02 -1.17131658e-02  4.01197076e-02 -4.86354940e-02
 -4.67770807e-02 -3.42394896e-02 -3.10978107e-02 -7.90799409e-02
 -8.93776491e-02 -7.17026293e-02 -5.98233268e-02  1.18535981e-02
 -1.91077162e-02 -2.42044218e-02 -1.89437270e-02 -1.62953585e-02
  6.50314474e-03  4.98208366e-02  6.44291267e-02  1.22811496e-02
 -1.38182240e-02 -2.38387845e-02 -9.35511813e-02  7.29079917e-02
 -3.62805873e-02  1.97195131e-02  8.55647400e-03 -5.69749794e-08
  3.57858092e-03  2.29548160e-02  7.33701140e-03 -3.82493436e-02
  2.27107499e-02 -3.27576287e-02 -4.55587544e-02  9.56731569e-03
  3.25282738e-02 -6.22541923e-03 -6.09786883e-02 -2.77371723e-02
 -4.44267020e-02  6.57330155e-02  7.34987855e-02 -4.91070673e-02
 -2.24793181e-02  5.35809472e-02 -3.31771597e-02 -6.07183203e-02
  5.80460355e-02 -2.99417824e-02 -3.13002728e-02  7.97451008e-04
  2.00119931e-02 -1.15469117e-02 -1.08231325e-02 -2.13573873e-02
  2.54103281e-02  3.49894501e-02 -3.93170118e-02 -5.30227944e-02
  5.65405264e-02 -5.80184348e-02  1.28560923e-02 -1.80962856e-03
  9.71046835e-03 -3.61422151e-02 -2.72295158e-02  2.05109715e-02
  7.17602521e-02  3.71911302e-02 -8.65680352e-03  4.77042831e-02
 -3.62863056e-02  2.05083769e-02 -1.31979380e-02  4.49326634e-02
 -3.34923039e-04  4.69040638e-03 -8.14005658e-02 -1.41787343e-02
  2.15895387e-04  2.07979567e-02  3.56748700e-02 -2.42666844e-02
  7.07657933e-02  7.57405907e-02  1.29090231e-02  5.20701446e-02
 -2.54224334e-02  6.07613213e-02  4.19112928e-02 -4.88970987e-02]