[-2.59633586e-02  3.57967205e-02 -1.37197990e-02 -9.47147310e-02
 -3.85102108e-02 -5.44197857e-03  4.04280871e-02  1.34606913e-01
 -5.91344610e-02  5.81626594e-02  1.33455440e-01 -1.53186768e-02
  7.28642344e-02  1.52004999e-03  5.68285622e-02 -2.51786634e-02
  8.99511389e-03 -6.29573539e-02 -1.61188506e-02 -5.52758714e-03
  8.99582505e-02 -5.77087179e-02 -6.35435134e-02  3.90106849e-02
 -4.97635640e-02 -3.25542763e-02 -5.52618988e-02  9.58043784e-02
 -4.05711122e-02 -7.08473548e-02 -6.87568411e-02  7.15047717e-02
  1.55615900e-02  3.20462845e-02 -1.50268022e-02  3.72373015e-02
 -3.03006428e-03 -7.52216801e-02 -9.38680694e-02 -6.52374001e-03
 -9.05290991e-02 -2.89571751e-02 -6.41538352e-02 -8.46349746e-02
 -2.53963564e-02 -1.34609351e-02 -1.78929083e-02 -5.45464382e-02
 -3.00675817e-02 -2.11111996e-02 -1.84194427e-02 -1.01711247e-02
 -9.60664917e-03 -2.04785634e-03 -2.69587412e-02 -2.46762559e-02
 -2.31377445e-02 -1.04375277e-03  6.45796657e-02  4.31224145e-02
  6.85696080e-02  4.61597554e-02 -6.06105067e-02  3.86678390e-02
 -9.14751086e-03 -4.20080610e-02  6.19978458e-03 -8.76333043e-02
 -4.80895862e-03 -4.80818860e-02  2.15567704e-02 -1.14366755e-01
 -1.79334451e-02  3.20269652e-02 -6.73614666e-02  1.11227483e-02
  4.46165390e-02  2.28670724e-02  2.89892927e-02 -9.31447819e-02
 -3.37928757e-02 -1.25912260e-02 -1.40701113e-02 -1.94634404e-02
 -2.45197564e-02  2.25273203e-02  9.30585805e-03  1.51244672e-02
  5.16387261e-02  1.19119193e-02 -1.43346982e-02  7.30123520e-02
 -4.51883823e-02 -8.06590542e-03 -5.45098111e-02 -2.34292485e-02
  1.38831474e-02  4.32580188e-02 -2.41658483e-02 -1.23894587e-02
  6.38357252e-02 -5.21093421e-03  3.42405029e-02  5.85434921e-02
 -9.03816968e-02 -5.63562009e-03  3.85853276e-02 -2.91259065e-02
 -6.00960851e-02  3.63325514e-02 -8.47871304e-02  7.74914958e-03
 -5.63971289e-02 -8.77549276e-02 -8.20202008e-02  1.21034972e-01
 -1.52069777e-01 -4.89995908e-03  5.21045215e-02  1.14220493e-02
  6.38284460e-02 -5.10021634e-02  9.30380523e-02 -5.15964665e-02
  2.73653995e-02 -1.99355520e-02  8.52358192e-02  1.25508340e-32
 -3.98305953e-02 -2.52179559e-02 -4.02800888e-02  6.54477626e-02
  5.13935927e-03  4.03388627e-02  7.68982433e-03  9.98241007e-02
  1.98500138e-02 -8.93062074e-03 -5.26587777e-02  2.88437512e-02
 -5.65553317e-03 -5.10771722e-02  1.21441193e-01 -8.44905898e-02
  4.18580733e-02 -1.08866571e-02  3.32838632e-02 -1.39919687e-02
 -3.69553529e-02 -4.98408414e-02  1.41208842e-02 -2.54405495e-02
  1.07043222e-01  3.49586681e-02 -3.56279053e-02  2.16171015e-02
 -2.84614926e-03  4.84857596e-02  2.50479355e-02  3.04431468e-02
 -4.01353184e-03 -6.81240335e-02 -1.48085635e-02 -2.99295895e-02
 -9.07705911e-03 -3.82489115e-02 -6.91104829e-02 -5.19767776e-03
 -5.75720100e-03  4.77379235e-03  4.89480561e-03 -3.44901718e-02
  5.78835569e-02 -4.58103605e-02  7.02167228e-02  4.11014492e-03
  7.73918554e-02  5.46065792e-02 -1.13327704e-01  1.13733383e-02
 -6.81070564e-03 -3.15461308e-02 -2.40065977e-02  3.18641588e-02
  1.39846629e-03  3.91426496e-03 -4.98877019e-02  2.21121460e-02
 -5.06815389e-02  1.60218850e-02  1.14388298e-02  3.23116891e-02
  1.09846242e-01 -2.77141985e-02  4.96699065e-02 -1.43393939e-02
  7.61887580e-02  3.58798578e-02 -1.03967421e-01 -9.33979377e-02
  8.70193690e-02  1.15612028e-02  2.11412702e-02  1.04271306e-03
 -2.10046489e-02  2.78008021e-02 -6.79155737e-02 -4.80781542e-03
 -7.79426843e-02  3.01456321e-02 -6.72926707e-03  6.61087036e-03
  7.27042332e-02 -1.94514059e-02  4.07979414e-02  1.20641785e-02
  4.86007892e-02  1.05172209e-01 -4.41461876e-02 -6.95950934e-04
 -5.00287525e-02  3.89815234e-02  1.83848236e-02 -1.50865076e-32
 -2.64618872e-03  6.07213844e-03  1.12791359e-02 -8.59704241e-03
  2.35668980e-02  3.02640945e-02  7.22177923e-02 -3.14369164e-02
 -6.97630867e-02 -2.87818704e-02 -2.70866361e-02 -2.19072066e-02
  9.23232436e-02 -1.93988055e-03  2.00072285e-02  4.53032665e-02
 -9.31328014e-02 -2.58463994e-02  2.53880732e-02  6.96967840e-02
  6.72579482e-02  5.95952421e-02  5.02569899e-02 -6.47926098e-03
  2.73265671e-02 -6.66486053e-03 -6.28217608e-02 -1.85494851e-02
 -7.05418438e-02  8.70932173e-03  5.09024858e-02 -4.41657268e-02
 -3.06842234e-02  2.06128672e-01 -5.10596968e-02 -6.18478619e-02
  3.25199999e-02  1.64362099e-02  4.48629409e-02  9.92483739e-03
  8.92582312e-02 -1.93324424e-02  8.41473714e-02 -2.78988089e-02
 -5.31125739e-02 -1.25766635e-01 -2.16199309e-02 -1.26167849e-01
  3.58343148e-03 -7.27457553e-02  3.46086472e-02 -1.05596501e-02
 -7.71351978e-02 -6.49209395e-02 -1.34999473e-02 -6.77674413e-02
 -4.94799763e-03 -6.57154694e-02 -9.97914076e-02 -6.38352633e-02
  1.87988922e-01 -4.81718173e-03 -1.98648833e-02  1.20464843e-02
  5.68930209e-02 -2.96040569e-02  5.07601127e-02  7.59047642e-02
 -2.52117612e-03 -5.85170686e-02 -3.07426759e-04 -3.82935703e-02
 -2.03702338e-02 -5.67231439e-02 -3.12107094e-02 -6.29880875e-02
 -3.17642279e-02  7.61931436e-03 -2.05032211e-02 -4.67422940e-02
 -3.43723223e-02 -1.67156253e-02 -4.34075072e-02 -4.89275567e-02
 -5.49079105e-02  4.03438248e-02 -2.29869634e-02  5.80259450e-02
  5.44732846e-02 -6.29160926e-02 -9.15916935e-02  1.28554832e-02
  2.46715564e-02  5.57243340e-02 -1.69622973e-02 -6.37802415e-08
  2.00483054e-02  4.53914925e-02  1.03179282e-02  4.87634316e-02
  2.84420066e-02 -6.16887473e-02 -4.03536446e-02 -2.95945667e-02
  1.36397183e-02  3.37401219e-02 -3.50471437e-02 -3.45460023e-04
 -3.12961265e-02  9.58273560e-02  8.88728909e-03 -7.35594854e-02
 -2.63420977e-02  7.65622705e-02 -1.95370987e-02 -4.97083589e-02
  8.40477496e-02 -5.36747016e-02 -2.02588923e-02  2.94521116e-02
 -2.88612694e-02 -2.44735129e-04 -6.51909336e-02 -3.56323784e-03
  2.27576792e-02  8.20727944e-02 -1.72594637e-02 -3.11569758e-02
  4.61396985e-02 -6.34876564e-02  2.25034170e-02 -8.12819999e-05
 -2.65744776e-02  1.93460081e-02 -4.42951694e-02  2.65238751e-02
  6.39500096e-02 -2.08286177e-02 -6.66269660e-02  4.22692858e-02
  9.91428737e-03 -9.67206992e-03 -9.20744091e-02 -1.49449836e-02
 -1.89171042e-02 -3.02722435e-02 -4.32948992e-02 -3.90355252e-02
  2.23399457e-02 -1.44797768e-02  1.98302362e-02  2.24511400e-02
 -4.57355985e-03  8.42572539e-04 -4.67871055e-02 -1.42087741e-02
  1.40844854e-02 -1.58437323e-02  5.39464829e-03 -5.33632450e-02]