[-3.52715328e-02  4.35632616e-02 -2.48999801e-02 -3.13178226e-02
  2.94975359e-02 -1.41843334e-02 -4.49276268e-02 -8.59975163e-03
  5.14193662e-02  4.83004488e-02  6.05242550e-02  3.62815671e-02
 -4.82490771e-02 -2.50611696e-02 -5.59726991e-02 -7.57010356e-02
 -1.16691165e-01  1.43810315e-02  2.54661106e-02 -1.01325572e-01
  5.41184992e-02  3.15184742e-02 -1.12679321e-02 -3.90062630e-02
  4.55231918e-03  5.64511940e-02 -4.08661403e-02  1.73598994e-02
 -6.56931549e-02 -6.31555915e-02 -6.14033192e-02  4.03917544e-02
 -2.64156442e-02  5.69886155e-02 -2.56082206e-03 -1.82832908e-02
  1.54597042e-02  4.97087836e-03  7.15912357e-02  3.95327136e-02
  5.15277265e-03 -5.76303899e-02  1.07636265e-02 -1.71776712e-02
  2.23667603e-02 -3.72851081e-02 -1.08617611e-01 -5.93227055e-03
  4.13317345e-02  2.16469876e-02 -1.11597665e-01  4.89242785e-02
  1.87770668e-02 -9.17692482e-03 -6.60230871e-03 -7.58546293e-02
 -2.82826908e-02 -8.53520408e-02  6.29243702e-02 -5.70656918e-03
 -3.38309295e-02  8.06191713e-02 -5.73695218e-03 -7.64505342e-02
 -2.36355457e-02 -8.28903764e-02 -1.13672037e-02  6.58992231e-02
 -2.78732982e-02  8.83010402e-02  2.74929348e-02  7.06024887e-03
 -5.92130376e-03  7.03934506e-02 -6.57405928e-02  2.07002442e-02
 -2.89748702e-02 -4.97319102e-02 -1.19482987e-02 -4.41736691e-02
  5.15481411e-03 -4.21065241e-02 -2.75058951e-02 -1.82132386e-02
 -5.18459752e-02 -3.75257842e-02  7.21647814e-02  6.54452145e-02
  3.89853232e-02 -1.29007576e-02  5.58740534e-02  8.17795992e-02
 -1.28796848e-03  3.37875560e-02  1.59778632e-02  7.53213186e-03
  5.61753251e-02  5.38959466e-02 -5.11363037e-02  6.76510781e-02
  6.77906768e-03  4.20058472e-03 -3.64175141e-02 -2.29487214e-02
 -7.53968880e-02 -4.48905071e-03  5.97335724e-03  1.15246093e-02
  3.30891162e-02 -5.78817502e-02 -7.36538246e-02 -4.18420807e-02
  1.51721211e-02 -7.44968429e-02 -1.26581201e-02 -4.41279970e-02
 -5.37356324e-02 -4.60683405e-02 -1.27401492e-02  1.28373846e-01
  8.68851393e-02  5.21706864e-02 -4.99230400e-02  1.05343439e-01
 -6.89040497e-03  5.83514050e-02  8.69574472e-02  1.79381261e-32
  7.05795735e-03  5.17220562e-03  5.38471825e-02 -1.69314332e-02
 -1.00269019e-04 -2.95617105e-03 -1.00611843e-01 -1.53834596e-02
 -5.20421527e-02  4.85708714e-02 -1.32825911e-01 -3.54815386e-02
 -7.89504126e-02 -3.09523921e-02 -7.22950324e-03 -2.58750059e-02
  7.96188507e-03 -3.67248841e-02 -2.60079782e-02 -3.56497914e-02
 -8.95651150e-03 -8.23798627e-02  2.09204108e-02  1.74247641e-02
  5.81140630e-04  5.67894764e-02  5.40752243e-03 -5.63090034e-02
 -3.45355161e-02  5.20676747e-02 -1.29680033e-03  7.72064552e-02
 -7.74485841e-02 -3.99311446e-02 -3.87175456e-02 -1.14193503e-02
  4.59710807e-02 -2.27839947e-02 -3.47454250e-02  9.48102400e-03
 -4.36861254e-02  3.15198153e-02 -1.06339194e-02  6.12426503e-03
  3.65237799e-03 -4.17680629e-02  8.25317502e-02  1.30585525e-02
  7.70102143e-02  2.94062402e-02 -1.38077781e-01 -4.15034518e-02
  9.14288405e-03 -1.21711986e-02  2.07213666e-02  5.38669936e-02
 -2.15700753e-02 -6.02282723e-03  7.32983404e-04  2.73170639e-02
  1.16497874e-01 -1.90176349e-02  6.71594171e-03 -2.54005566e-02
  6.96489494e-03  3.72034684e-02  5.40873855e-02  3.54666561e-02
  6.54658675e-02  9.90541577e-02 -4.97833081e-03  7.62123056e-03
  1.49619207e-01 -1.23478472e-02  6.25857385e-03  2.14339755e-02
  4.85091805e-02  7.87833184e-02 -2.07090434e-02 -3.06189945e-03
  2.62157768e-02 -2.32130587e-02  3.58015634e-02 -1.05288699e-01
  6.35832995e-02  1.71866547e-02  5.35243601e-02  1.95136666e-02
 -2.51365136e-02 -9.84652154e-03 -8.27881619e-02  1.48880975e-02
  1.58199109e-02 -6.70438409e-02 -8.73911902e-02 -1.74453515e-32
 -7.70700304e-03  4.75276262e-02  2.43637972e-02 -1.05357624e-03
  3.20462659e-02 -1.65813603e-02 -1.11125372e-02  6.67405352e-02
  9.57111362e-03  8.06512833e-02  7.55543709e-02 -9.49355885e-02
  1.19989417e-01 -5.25671914e-02  5.31994319e-03  3.50781367e-03
 -6.25382597e-03 -2.34488416e-02 -8.96915346e-02 -4.42546085e-02
 -9.00924727e-02  5.08837551e-02 -4.57053483e-02  6.35373220e-02
  2.23282930e-02  3.06896083e-02  3.83848660e-02 -5.68741597e-02
 -8.24786276e-02 -7.42945587e-03 -2.84122583e-02 -8.40800032e-02
 -7.69203827e-02  4.43120040e-02 -6.02902547e-02  4.98580821e-02
  6.97673410e-02  4.81114239e-02 -1.88435782e-02  8.36226493e-02
  2.45542005e-02  1.12769222e-02  1.24170713e-03 -3.42158079e-02
  1.33109232e-02  2.38079969e-02  4.14436460e-02  4.55999896e-02
 -5.52023156e-03 -9.28004384e-02  7.07810894e-02  6.25213608e-02
 -7.18052760e-02  1.58833675e-02  6.40564337e-02 -3.89542021e-02
 -3.38509940e-02 -5.14492020e-02 -1.15894705e-01 -6.31101206e-02
 -1.55936331e-02  6.15260154e-02 -1.77005325e-02 -9.40685719e-03
  5.40278703e-02 -1.36845469e-01 -7.55320117e-02 -3.67041938e-02
  8.77873227e-03  2.68345121e-02  6.22939579e-02 -4.47411351e-02
 -9.39175636e-02 -1.32710980e-02  2.82587465e-02  1.68460589e-02
 -4.21262085e-02  5.53734601e-02 -1.76536683e-02  6.50397688e-03
 -7.00825155e-02  1.96503475e-02  3.17217363e-03  3.65642365e-03
 -2.52809040e-02  9.66902915e-03 -2.90318690e-02 -9.97596513e-03
 -4.92878892e-02  2.67582387e-02 -3.15710977e-02 -2.56038886e-02
  1.33781675e-02  1.66417044e-02  3.20096081e-03 -6.44658158e-08
  1.24766929e-02  4.51130532e-02 -2.96780728e-02  1.04938066e-02
  6.31745905e-02 -4.38088700e-02  3.03847017e-03  1.91785451e-02
 -2.67680525e-03  3.85926068e-02  1.09760925e-01 -2.91448012e-02
  2.59074173e-03 -3.74262258e-02 -2.50008255e-02  4.74453904e-02
 -2.02691909e-02  7.96355605e-02 -3.75990896e-03 -6.41401187e-02
  2.25576423e-02  1.64393634e-02  3.20049711e-02 -4.80787493e-02
 -3.78429629e-02  6.65475056e-03 -1.17266417e-01  7.28081241e-02
 -3.04924194e-02 -2.35288795e-02 -4.70088907e-02 -8.22403133e-02
  1.54824285e-02 -1.34747311e-01 -4.60969210e-02  2.93315910e-02
 -1.06564194e-01  2.13676486e-02 -3.77474464e-02  4.97080497e-02
  2.39699334e-02  2.88559701e-02 -3.16951387e-02  6.15426004e-02
  2.69553792e-02 -3.95372361e-02  4.82377112e-02  3.27766761e-02
  4.77423668e-02 -9.07380730e-02 -3.18639129e-02 -7.94078782e-02
  9.76391658e-02 -6.60203993e-02  9.17492136e-02 -2.48806179e-02
 -4.57959529e-03  7.14436993e-02 -2.44885497e-03  2.28973236e-02
  1.46533698e-01 -2.59392951e-02 -5.71258739e-02 -4.23920434e-03]