[ 1.49596715e-02  6.62281439e-02 -2.30919737e-02 -7.08131939e-02
 -1.23882294e-01  5.86838238e-02 -1.11613302e-02  7.06385747e-02
 -3.17180827e-02  7.09748864e-02  1.85091048e-02 -2.72210352e-02
 -2.16604006e-02  2.69349490e-04 -7.01804906e-02 -5.24084866e-02
  8.29368383e-02 -2.65147518e-02  2.44055670e-02  4.78883041e-03
  5.53535931e-02 -4.08789106e-02 -3.55567485e-02  5.09833219e-03
 -5.75643927e-02 -1.91503875e-02 -4.12984453e-02 -1.24097960e-02
  3.81070152e-02 -5.52299730e-02 -3.00165415e-02  5.96039854e-02
 -4.74686995e-02 -2.87219579e-03  4.68418002e-02 -1.14636496e-02
  2.83567272e-02 -4.37860452e-02  2.37971824e-03  4.23417874e-02
 -3.25793959e-02 -6.64914995e-02 -8.23163316e-02 -6.66325986e-02
  1.08982688e-02 -1.66614130e-02 -1.34001328e-02  4.63702157e-02
  6.20005280e-03  7.70260487e-03 -1.10592350e-01 -6.70740232e-02
  4.61086743e-02  4.51768897e-02 -3.91278304e-02 -2.24862825e-02
  1.80553664e-02  3.33290943e-03 -1.00538852e-02 -6.10654578e-02
 -7.25603802e-03  4.33895960e-02 -8.09753165e-02  1.93734020e-02
  1.11739524e-02 -9.75426361e-02  4.01964337e-02  4.72028553e-02
 -6.71446919e-02  3.82366814e-02  7.60866478e-02 -3.36862542e-02
  6.79574683e-02 -1.66056752e-02 -2.70555727e-02  2.43701115e-02
 -6.25686571e-02  4.49735709e-02  9.45695564e-02 -1.09421976e-01
  3.17623317e-02 -1.01508442e-02 -2.80329473e-02 -2.49665733e-02
 -2.02337038e-02 -4.10054065e-02  6.63147541e-03  4.11915518e-02
  1.00070246e-01 -4.32791039e-02  6.35803789e-02  5.01764342e-02
 -4.53379471e-03 -3.07948962e-02 -6.05718717e-02  5.10305678e-03
 -3.53749134e-02  1.74085014e-02  1.12973936e-01  2.69224215e-02
  5.26665635e-02  1.66697875e-02  1.90265011e-02  1.90982018e-02
 -7.77851120e-02  4.32094298e-02 -5.49301207e-02  1.00255487e-02
  4.33624648e-02 -2.57283580e-02 -3.27928811e-02  3.61194671e-03
 -5.51339164e-02 -5.00788465e-02 -1.97815951e-02  4.07265574e-02
 -3.42488959e-02 -2.25755107e-02 -3.63740302e-03 -1.55694848e-02
  8.72988999e-03  2.42688730e-02 -5.81802651e-02 -5.07136211e-02
  4.73823398e-02 -2.58968864e-02  3.23369876e-02  1.32987070e-32
  1.23540163e-02 -9.17238444e-02 -3.11823655e-02 -9.38204955e-03
  3.95300798e-03 -8.47257397e-05 -2.28690729e-02  5.35718501e-02
 -3.00593954e-02  3.41949500e-02 -1.22238405e-01  4.05342542e-02
 -1.17535554e-02 -1.67688343e-03  2.90687438e-02  8.23239982e-03
 -3.62990908e-02  3.95978764e-02 -2.72157229e-02 -1.01763420e-02
  2.04009227e-02  5.99697651e-03  1.53749809e-03  6.49749935e-02
 -4.21390869e-03  7.61669427e-02 -3.44056897e-02 -6.55940175e-02
 -3.48425098e-02  4.42529842e-02  4.76259030e-02  5.41154901e-03
  2.46869605e-02  9.30966344e-03 -6.21845797e-02  3.64576876e-02
 -6.29537329e-02 -2.41820887e-03 -2.83723767e-03  7.23082805e-03
 -8.45282227e-02  2.62439847e-02  4.26658206e-02 -3.44562270e-02
 -8.57814681e-03 -1.30961146e-02  5.69663234e-02 -5.90471961e-02
  1.57041818e-01  9.30160210e-02 -3.90859470e-02 -2.58322936e-02
 -5.47028594e-02 -2.85792314e-02  1.30448006e-02  1.13983797e-02
 -1.15144283e-01  8.17504451e-02  5.86416991e-03 -6.62050843e-02
  1.57540683e-02 -4.55338275e-03 -7.61621967e-02  2.98503470e-02
 -5.55843897e-02 -7.58416504e-02  3.77733149e-02 -2.26047803e-02
  9.84483287e-02 -4.42945361e-02 -1.23628959e-01 -3.58144590e-03
  5.14155999e-02  5.57022281e-02  1.22430036e-02 -3.11986748e-02
  2.47404333e-02 -2.58572698e-02 -2.62503996e-02  2.10813787e-02
 -8.30474794e-02  1.97716597e-02 -7.25357533e-02  4.67229448e-03
  1.00017987e-01  7.33050406e-02  7.46179819e-02 -1.08098034e-02
  2.44415142e-02  8.92826691e-02  1.14402063e-02 -1.81013974e-03
 -1.54271722e-02  5.48716448e-02  3.39596942e-02 -1.46885351e-32
  5.85671701e-03 -3.03920023e-02 -5.97695932e-02  5.39210252e-02
  7.07333088e-02  6.60917461e-02  1.78282410e-02  6.57382281e-03
 -5.52074388e-02 -3.30095962e-02 -3.28505933e-02 -4.27945107e-02
  1.00164957e-01  7.59094357e-02 -8.12508091e-02 -3.84277734e-03
 -6.67322874e-02 -2.28149090e-02 -7.33595937e-02 -1.60165341e-03
  4.22236733e-02  5.30205816e-02  5.08391634e-02  1.17234199e-03
  2.76955944e-02 -9.13008749e-02 -1.21158315e-02 -7.86593929e-02
 -1.38964076e-02  5.60910441e-02 -6.34555053e-03 -3.85099724e-02
 -8.62330645e-02  1.14776365e-01 -7.44930515e-03 -5.51852696e-02
  1.24406584e-01 -3.79198864e-02  1.89623795e-02  5.39829507e-02
  3.75770926e-02  7.17582181e-02  1.34506179e-02  2.06516106e-02
 -3.34255733e-02  2.06258763e-02 -4.76812311e-02 -1.35812432e-01
  5.12836780e-03 -1.27986491e-01  6.80759475e-02  3.23545039e-02
 -2.06367485e-03 -4.80460525e-02  8.30488950e-02 -5.02614416e-02
 -7.46501088e-02 -9.16379839e-02 -1.06839232e-01  5.43526076e-02
  8.65188763e-02  2.02719513e-02 -5.54951467e-02  1.79425161e-02
  1.35993093e-01  2.52718087e-02 -7.69717991e-02  1.81760045e-03
 -2.52555422e-02  3.97319272e-02  5.97874112e-02 -8.65518302e-02
 -7.94878602e-02 -1.13588348e-02  5.54582626e-02 -1.19506270e-02
 -3.56723368e-02 -2.83864308e-02 -4.98176105e-02  2.56813113e-02
  6.47449791e-02 -2.05688253e-02 -1.65177025e-02 -3.83827314e-02
 -1.58772711e-02  2.39909999e-02 -4.29759081e-03 -5.04982518e-03
  3.25255212e-03  6.02555685e-02 -7.01430067e-02 -3.42447311e-02
  6.82255775e-02 -1.01630697e-02  1.14763780e-02 -5.87857478e-08
 -3.61105194e-03 -3.50970216e-02 -7.90899061e-03  6.45490084e-03
 -3.24461348e-02 -2.67102960e-02 -3.52316946e-02  3.95965055e-02
 -7.94787332e-02  6.63633943e-02  1.25363320e-01 -3.29129472e-02
 -6.23087920e-02  4.29383703e-02 -1.63955335e-02 -2.48135179e-02
  1.02893654e-02  8.57266039e-02 -2.40865201e-02 -6.03382401e-02
  4.35116813e-02 -3.84798064e-03 -3.99865508e-02 -3.73259187e-02
  2.33024433e-02  5.66470660e-02  3.67849763e-03  3.47707830e-02
 -3.24871838e-02 -3.60999145e-02 -2.17355173e-02  3.00229155e-02
  7.89830089e-03 -6.61854893e-02 -3.65871824e-02  3.50344181e-02
 -7.94607550e-02  9.11141634e-02 -5.12271246e-04 -3.64969559e-02
  2.81576160e-02  2.05726121e-02  6.41230587e-03 -1.34283286e-02
  5.41583933e-02 -2.35179421e-02 -6.76921755e-02  1.61107294e-02
  3.82165774e-03 -6.46284521e-02 -4.87667471e-02 -7.62299448e-02
  7.42455795e-02  1.08037507e-02  1.55200474e-02  5.89656364e-03
  9.31189656e-02  6.88667549e-03 -5.49756736e-02 -4.66610044e-02
  1.29090115e-01  7.22970888e-02  3.93143930e-02 -6.65374845e-02]