[ 1.4202131e-02  1.0334777e-02 -5.3681105e-02 -3.6317825e-02
 -9.0158291e-02  1.7133700e-02  1.6847152e-02  8.2124636e-02
  3.0772012e-02  4.8122391e-02  1.2020108e-01 -8.5251153e-02
 -4.6909381e-02  1.0077364e-02 -3.0374613e-02 -2.8118474e-02
  3.2382910e-03  6.3635595e-02 -9.4240293e-02 -6.3630901e-03
  1.6135129e-01 -5.4388940e-02  2.7247328e-02  3.9970040e-02
  3.2130748e-02  5.0415672e-02 -8.5211933e-02  5.5011731e-02
 -1.4151636e-02 -4.8359837e-02 -8.9819665e-04  1.4582135e-01
  1.1815911e-01 -1.0093102e-01 -1.4566242e-03  1.5826611e-02
 -3.0384663e-02  3.7602975e-03  3.7771598e-02  7.8090407e-02
 -3.3334944e-02 -5.3944148e-04  3.0267769e-02 -2.4531316e-02
 -2.2112278e-02 -6.1762165e-02 -3.7564322e-02  4.3317065e-02
  6.5150619e-02  3.3513471e-02 -1.1544109e-02 -4.9238140e-03
 -1.0692498e-02  6.6555232e-02 -1.1483521e-02 -7.0302546e-02
 -6.6694617e-02  1.4104579e-03  2.8224021e-02  7.9187669e-02
  5.4409213e-02  6.2103454e-02 -9.2519023e-02 -3.8407870e-02
  4.3734804e-02  1.9076023e-02 -1.4566969e-02 -7.1262166e-02
 -7.2152816e-02  2.6002288e-02  3.7414376e-02  2.9237145e-03
  5.0183099e-02  5.4830786e-02 -6.3764654e-02  2.8954962e-02
  4.2283516e-02 -6.2620528e-03 -1.4417896e-03 -7.7160947e-02
  2.1506663e-02  5.0360121e-02  2.1315187e-02 -7.9219788e-02
  1.1523035e-02 -9.4210040e-03  3.6938656e-02  4.1904476e-02
  9.2071043e-03  7.4268028e-04  6.4734571e-02  4.2250339e-02
 -6.7488797e-02 -8.5828066e-02 -6.8533556e-03  3.3121925e-02
 -1.5232107e-02 -1.1047496e-02  6.2394880e-02 -3.7149772e-02
  4.9835544e-02 -1.6855163e-02 -3.4131974e-03 -3.9772604e-02
 -7.8733273e-02  2.6013909e-02  3.8928099e-03  7.1423136e-02
  3.2816663e-02  5.6846499e-02 -1.0712061e-01 -1.9348918e-02
 -5.0718155e-02  1.2671597e-02 -4.6407051e-02  8.6178854e-03
 -2.7323836e-02 -2.5967743e-02 -9.3823177e-04  6.5471251e-03
  2.5253525e-02  8.7382197e-03  1.0473672e-01 -4.1850410e-02
  4.8709873e-02 -8.7513730e-02  2.6322320e-02  1.5504618e-32
  8.1737656e-03  9.1159251e-03  2.1583061e-03  3.9361872e-02
  3.2948058e-02  5.8722258e-02 -7.6456226e-02  4.4122368e-02
  4.7941715e-04 -2.7098766e-02 -7.3672190e-02  4.4960395e-02
  1.5166244e-02  1.3166198e-02  9.5727861e-02  2.0948494e-02
  2.0038744e-03 -1.3786812e-02  3.1348791e-02  2.0676574e-02
  4.3450482e-03  3.4669224e-02 -2.1738082e-03  3.8627718e-02
 -1.3787976e-02  6.3118167e-02  3.5775090e-03  2.1924483e-02
 -7.7910200e-02  4.6772681e-02  3.2483771e-02  2.2644144e-02
 -8.0391407e-02 -9.1597281e-02 -5.1833134e-02 -2.3852862e-02
  6.7573734e-02  4.8890007e-03 -5.3964507e-02  5.3592682e-02
 -8.7156996e-02  3.9256595e-02  5.8407862e-02  3.8097333e-02
  1.9844553e-02 -5.5758551e-02  3.6945906e-02  2.3345510e-02
  1.0957884e-01  7.9003856e-02 -6.6251777e-02 -1.3911176e-02
  6.1530814e-02 -5.8078971e-02 -3.2804735e-02  3.8690396e-02
 -9.0460569e-02  5.8510602e-02 -4.7768809e-02 -6.2649131e-02
  2.4223439e-02 -1.3421878e-02 -2.4448927e-02 -2.2233168e-02
 -5.3332973e-02 -1.5448565e-02 -5.2466560e-02 -3.4945898e-03
  1.2296639e-01  2.8116537e-02 -7.5119682e-02 -4.9213625e-02
  9.6040340e-03  1.8479424e-02  7.0597592e-04  2.8075643e-02
  6.6199489e-02 -4.3481249e-02 -4.4888802e-02  2.8164404e-02
 -6.5776534e-02  1.1828782e-01 -4.8645912e-03 -1.8242799e-02
  1.0316614e-01  3.5794206e-02  3.9177604e-02 -2.1625936e-02
  3.1357624e-02  4.2032298e-02  9.6071502e-03 -2.2822751e-02
 -2.8175682e-02 -2.2796586e-02 -9.3751354e-04 -1.4854455e-32
  3.4616053e-02  7.4822515e-02  1.1217217e-02  5.2778669e-02
  5.4606809e-03  2.1268493e-02  3.2701831e-02 -1.0785338e-02
  5.2231960e-03 -1.0636516e-01  3.5548121e-02 -8.0645338e-02
  4.8465312e-02 -5.6383189e-02 -2.8093459e-02  4.8041511e-02
 -8.8507280e-02  2.3333792e-02 -4.2410221e-02 -2.3736104e-02
  3.7189287e-03  1.1528289e-01  8.5516190e-03  4.7592406e-05
  5.0876938e-02 -3.3363298e-02 -5.3651370e-02 -3.6124308e-02
  5.2922763e-02 -3.5760209e-03  1.8944204e-02 -2.8633405e-02
 -3.9718550e-02  6.7034796e-02 -6.5656528e-02 -1.7921994e-02
  2.5790138e-02  9.5870253e-04 -6.1761551e-03  1.0001539e-01
  2.9600549e-02  2.1544302e-02 -1.0023632e-02 -1.1347800e-04
 -2.5681201e-02 -1.0052489e-01  5.6212030e-02 -1.0154568e-01
  4.4281311e-02 -3.4643687e-02  1.2181898e-01 -3.7451956e-02
 -1.4746198e-01  6.9598354e-02  8.0204159e-02 -2.5552897e-02
  1.5057535e-02 -2.1990186e-02 -1.5080343e-01 -9.0783844e-03
  1.3298127e-02  2.0895518e-02  2.4747435e-02 -4.8061542e-02
  9.8944575e-02 -1.6344166e-03 -2.9459437e-02  6.4157039e-02
  2.3110686e-02 -9.5731616e-03  1.0195848e-03 -8.7086752e-02
 -1.5740803e-02 -6.1254233e-02  3.5578109e-02 -3.4438483e-02
 -7.8339614e-02 -4.8681110e-02 -2.1499140e-02  2.3188826e-05
 -8.1143208e-02 -2.7676387e-02 -1.2829188e-02 -3.8899191e-02
 -5.8470521e-02 -2.0577010e-02 -9.2931632e-03  4.9404036e-02
  1.1653852e-02  5.0151810e-02 -2.7126051e-02  1.3570881e-02
  6.8544872e-02  3.7079073e-02  3.0735705e-02 -6.0202595e-08
  2.8927552e-02  3.3741079e-02 -1.2414098e-03  4.7861515e-03
  2.4040332e-02 -3.4598776e-03 -2.2062909e-02 -2.5683248e-02
 -2.2852430e-02 -2.5872733e-02 -9.7348820e-04  4.5443792e-02
 -7.0645571e-02  2.3871804e-02 -1.7435199e-02 -2.8796770e-02
  5.3577494e-02  6.4819612e-02 -3.0956192e-02 -5.5111192e-02
  8.3100749e-03 -4.2176172e-02 -5.9273589e-02  1.7516314e-04
 -8.1126347e-02 -1.4185874e-02 -3.2156009e-02  1.8932382e-02
 -2.8632535e-02  1.2891980e-02 -1.4502240e-03 -1.6232796e-02
  2.0867061e-02 -1.4692345e-01 -3.9477583e-02 -3.1107318e-02
 -1.7077202e-02  2.3731206e-02 -2.6405985e-02  6.8052076e-02
  8.0473967e-02 -1.4916876e-01 -8.7348677e-02  3.9691810e-02
  3.6895894e-02 -6.1998218e-02 -4.2472195e-02  6.2965952e-02
 -3.9738845e-02 -5.6882851e-02 -5.4487895e-02 -3.4319669e-02
 -4.3813832e-02 -2.3041846e-02 -3.5534643e-02  2.1784931e-02
  5.0369743e-02  1.7005508e-03 -3.1170415e-04 -3.7278680e-03
  5.9193797e-02  2.1172388e-02 -1.3576900e-02 -1.1895424e-01]