[-6.02008887e-02  4.91119064e-02 -6.21600496e-03 -9.67297778e-02
 -1.09088421e-01  2.02258620e-02  3.05201504e-02  1.16523318e-01
  1.53414141e-02  6.82684779e-02  2.42923032e-02  2.17431728e-02
 -4.43260968e-02  1.32593503e-02 -2.39528567e-02 -8.47489312e-02
  6.74274340e-02 -8.00640956e-02 -1.83258136e-03  2.10190136e-02
  1.34962156e-01  7.43791461e-04 -3.12156547e-02 -1.29233142e-02
 -6.48262575e-02 -1.72299612e-02 -6.21816590e-02 -3.42533663e-02
  2.06361599e-02  2.86080763e-02 -3.30244191e-02  7.60419220e-02
 -4.90710810e-02  1.24978945e-02 -8.70930310e-03 -3.33667174e-02
  5.38090542e-02  3.59672983e-03  1.25102764e-02  3.57595496e-02
 -3.38605382e-02 -6.57652318e-02 -1.11576021e-01 -6.89776540e-02
 -3.44506651e-03 -3.88479233e-02 -2.98247766e-03  4.20983210e-02
 -6.65217489e-02 -2.41694078e-02 -1.31799206e-01 -3.67378630e-02
  1.82736944e-02  3.23540010e-02 -1.38270743e-02 -7.27858916e-02
 -5.03557436e-02  3.10191941e-02 -2.43673921e-02 -1.95210408e-02
 -3.09365876e-02  5.72212301e-02 -6.53377920e-02  3.01646236e-02
  8.36160332e-02  3.90439108e-02 -1.66298673e-02 -3.10946852e-02
  2.22798772e-02  1.11235930e-02  1.86164118e-02 -9.55845043e-02
  8.46825819e-03  2.52560619e-02 -6.27445206e-02  5.94477765e-02
 -2.15858277e-02  3.84020545e-02  1.50824673e-02 -1.41558170e-01
  4.94153425e-02  6.94051236e-02  5.91768185e-03 -7.65298959e-03
 -2.90820133e-02 -7.77000859e-02 -1.14327287e-02  6.85194135e-02
  5.56141511e-02  1.05654532e-02  4.86165993e-02  1.00871976e-02
 -3.08101624e-02 -3.52730118e-02  3.24797183e-02 -4.77755405e-02
 -4.61821035e-02  2.75338860e-03  7.61716291e-02  7.86941033e-03
  5.52206188e-02  1.64435953e-02 -7.27253929e-02  3.78056578e-02
 -1.04949161e-01  5.08927666e-02 -1.24426642e-02 -8.56389329e-02
  5.52890040e-02  6.13183044e-02 -9.10134539e-02  2.07374636e-02
 -8.71424451e-02 -9.12562534e-02 -7.18405545e-02  2.81165373e-02
 -7.40263164e-02  2.44422182e-02  6.62904605e-02  2.31613815e-02
  6.56944280e-03 -1.97371673e-02 -1.65655464e-02 -5.02287690e-03
  8.51740241e-02  1.21676680e-02 -7.05611054e-03  1.28827275e-32
 -2.51326170e-02 -7.18095079e-02 -1.47151686e-02  3.93091841e-03
 -3.85701023e-02  8.84866044e-02 -7.10140448e-03 -1.68434940e-02
  3.36601995e-02  5.00896424e-02 -1.36680692e-01  6.76630624e-03
 -3.10809556e-02 -5.23976684e-02  9.85116214e-02  2.37962846e-02
  1.27397450e-02  4.73076813e-02 -3.89200225e-02 -3.42878103e-02
  5.59161864e-02 -3.42675624e-03  3.28762643e-02  2.47174520e-02
  3.60984877e-02  3.14942598e-02 -5.57007380e-02 -7.49234168e-04
 -2.08965912e-02  5.03775440e-02  3.51751596e-02 -4.20267135e-02
  3.49578112e-02  7.08205532e-03 -2.86393762e-02 -1.78259686e-02
 -2.52100155e-02 -3.98188904e-02 -3.40429367e-03 -5.61403111e-02
 -7.16463253e-02 -6.54193573e-03  6.25233278e-02  2.80175749e-02
 -1.22125559e-02 -4.21987064e-02 -1.93251902e-03 -6.25843480e-02
  9.71104130e-02  1.00616343e-01 -5.17868921e-02 -1.40642868e-02
 -1.68904383e-02 -6.55047148e-02  5.06432690e-02  5.46333045e-02
 -3.89147960e-02  6.34459257e-02  5.66913094e-03 -1.98314656e-02
 -1.27339335e-02 -2.69872788e-02 -3.56637686e-02 -2.17514634e-02
 -2.36688810e-03 -5.92208728e-02 -3.30054462e-02 -1.09714679e-02
  1.02279440e-01 -1.95737015e-02 -1.29322827e-01  3.47045213e-02
  5.85378632e-02  6.51038066e-02  5.86217158e-02 -2.29955371e-02
  2.23840531e-02 -4.94157975e-05 -2.39314400e-02 -4.69187927e-03
 -6.53157383e-02  2.11328622e-02 -2.37481836e-02 -2.29509026e-02
  7.08217993e-02  2.40719151e-02  2.41916925e-02 -4.10786225e-03
  3.78355780e-03  6.43645003e-02 -2.25838553e-02  2.87860725e-02
 -6.80620819e-02  6.72295317e-02  6.23122416e-03 -1.54832398e-32
 -6.75099855e-03  1.55946249e-02 -8.12519491e-02  1.09496736e-03
 -9.88081284e-03  1.13079417e-02  2.73564402e-02  1.98996142e-02
 -3.26630324e-02 -5.71551695e-02  1.65052060e-02 -7.12474659e-02
  9.57539305e-02  1.69872784e-03 -4.27910574e-02  3.14051993e-02
 -5.22671379e-02 -6.08652309e-02 -4.85163368e-02  1.86482146e-02
  7.66628310e-02  5.27143776e-02 -2.23118272e-02  6.88491203e-03
  1.53260985e-02 -6.81025535e-02  5.16158864e-02 -2.41392944e-02
 -4.18606251e-02  5.19163441e-03  2.55288389e-02  2.61686388e-02
 -3.91048267e-02  9.72194746e-02  8.81206524e-03 -1.44321295e-02
  1.29414022e-01 -6.02985471e-02 -5.20837978e-02  4.51326594e-02
  5.81722893e-02  9.27973315e-02  5.33916242e-02 -3.29359286e-02
 -6.76016212e-02 -1.10373469e-02 -2.41589211e-02 -1.32306844e-01
 -7.14929821e-03 -9.31414515e-02  8.34457800e-02 -2.61400733e-02
  4.82208021e-02  3.94594437e-03  5.55518381e-02 -5.60817160e-02
 -3.99880558e-02 -6.62358329e-02 -1.21878810e-01  2.40083132e-02
  1.57720983e-01  1.17901387e-02 -3.34435739e-02 -2.86780554e-03
  1.18623525e-01 -8.73052329e-03 -6.02849759e-02  1.91743448e-02
  3.80844846e-02  4.45725396e-02  2.47407798e-02 -9.49931890e-02
 -6.41804636e-02 -6.53219670e-02  3.64362150e-02 -5.10826670e-02
 -1.31945973e-02 -3.18770222e-02 -6.58803508e-02  5.65275783e-03
 -1.93651393e-02  2.30840929e-02 -2.58019995e-02 -2.44416501e-02
  2.37568431e-02  6.22974969e-02  1.60122756e-02  3.06463409e-02
 -7.99095165e-03  6.41692728e-02 -6.40792474e-02 -1.17777707e-03
  3.75544168e-02  3.08488552e-02  1.44683458e-02 -7.07156502e-08
  3.29391547e-02 -5.16298264e-02 -1.95430610e-02  3.15297805e-02
 -1.98512804e-02 -1.09518334e-01 -3.89798135e-02 -2.61618309e-02
 -4.61783931e-02  4.93293218e-02  1.01748347e-01 -5.25041223e-02
 -7.43440390e-02 -3.36929448e-02  3.51738706e-02 -4.81558256e-02
 -1.42085627e-02  8.35132375e-02 -3.99854630e-02 -5.46918698e-02
  7.81524181e-02 -4.26898375e-02 -1.00978993e-01  2.39693578e-02
  7.62180015e-02  2.06828583e-02 -3.00602559e-02 -1.21009741e-02
  2.27081636e-03  6.46390915e-02 -3.36191468e-02  8.78708437e-03
  1.56252794e-02 -6.55337945e-02 -1.03230566e-01  8.34507216e-03
 -3.41704898e-02  5.12408130e-02  1.63233988e-02  1.20782163e-02
  4.84557748e-02 -1.75007002e-03 -2.72816271e-02  7.38922553e-03
  6.94435313e-02 -5.66923339e-03 -2.79206112e-02  5.42572476e-02
 -2.51388121e-02 -6.12845160e-02 -3.90085243e-02  1.55324498e-02
  4.19466756e-02  3.10534351e-02  1.06250606e-02  4.97726840e-04
  6.11764193e-02  2.01559160e-02 -5.78350574e-02 -4.52001207e-02
  6.63156360e-02  7.13564977e-02 -5.17983548e-03 -5.35566546e-02]