[ 1.60998292e-02  3.67900096e-02 -3.74750979e-02 -7.33181387e-02
 -5.91895767e-02  3.76281440e-02  6.51461184e-02  9.26386192e-02
 -2.17679217e-02  2.28561629e-02  9.52801034e-02 -7.58712217e-02
 -2.56287437e-02  2.69955583e-02 -1.29848961e-02 -6.64936006e-03
  6.05621412e-02  4.15907940e-03 -8.08496997e-02  8.66148919e-02
  1.34726986e-01  7.67007889e-03 -7.57998452e-02  1.09937200e-02
 -4.33906727e-02 -1.26077794e-02 -5.24269417e-02  1.54112317e-02
  6.26390148e-03 -3.39485258e-02 -6.23295875e-03  4.52097096e-02
  8.98221806e-02 -5.48309982e-02  2.12882017e-03 -6.35409430e-02
  4.60493751e-02 -8.43029618e-02  2.49477066e-02  6.14812523e-02
 -1.61287431e-02  3.18106562e-02 -1.05184123e-01  4.20437604e-02
  7.23855523e-03 -4.64714095e-02 -6.94629038e-03  3.58382724e-02
  4.17774171e-03  1.77782476e-02  1.21598616e-02  3.65737341e-02
 -3.80639173e-02  7.82271996e-02  5.21960575e-03 -3.26173268e-02
 -7.89484233e-02 -5.34440316e-02  2.89248899e-02 -3.04641780e-02
 -4.54009809e-02  2.53642369e-02 -4.16835807e-02 -1.03187300e-02
  5.00060618e-03  2.05842368e-02 -4.82271425e-02 -6.46482408e-02
  1.65008213e-02  4.90006544e-02  6.45606639e-03 -4.05594483e-02
 -2.39983760e-02  1.87340658e-02 -5.38567379e-02  7.24060088e-02
  2.41723135e-02  5.00318408e-02 -1.58076044e-02 -2.38467336e-01
 -9.12360381e-03  5.67427091e-02 -2.65719891e-02 -4.75514233e-02
  7.66589642e-02 -2.29212940e-02 -4.31204140e-02  9.21294186e-03
  9.53915529e-03  3.43058296e-02  8.12977925e-02  3.51377763e-02
 -6.43038899e-02 -3.77991758e-02 -2.82234559e-03 -7.52262622e-02
 -7.96753317e-02  2.93163266e-02  1.03124017e-02  8.20811372e-03
  8.86456296e-02  3.07549760e-02 -7.32579827e-02 -7.19379447e-03
 -8.61749426e-02 -1.34435408e-02  4.79838811e-02  3.13177332e-02
  5.24065159e-02  1.36545539e-01 -7.29656070e-02  3.60200778e-02
  1.07912533e-02 -4.21754941e-02 -1.06395617e-01  6.76088482e-02
 -5.30128600e-03 -1.67486724e-02  9.39573646e-02 -7.26221353e-02
  6.66373689e-03 -4.34329137e-02  6.55138716e-02 -6.11797012e-02
  2.68549602e-02 -9.09676850e-02 -1.20164305e-02  1.08837575e-32
 -8.84733945e-02 -5.78644164e-02  2.67399251e-02  4.91590193e-03
  1.86632685e-02  3.25981826e-02 -9.41355154e-02  2.63368804e-03
  4.72121760e-02 -5.43763414e-02 -7.68150836e-02  2.75831893e-02
 -7.24485070e-02 -3.06752231e-02  6.81722984e-02  1.47372428e-02
  6.25069439e-02  1.08525055e-02  9.36805664e-05 -1.18845655e-02
 -3.51157933e-02 -4.00225520e-02 -5.94471470e-02  1.91295538e-02
  3.48541606e-03 -4.40049870e-03 -3.35270539e-02 -1.11497957e-02
  2.57109525e-03  5.81479184e-02  6.74658716e-02 -1.50865456e-03
  2.52962615e-02 -2.52738595e-02 -8.11295658e-02 -3.86552699e-02
  5.97742163e-02 -4.06757416e-03 -1.99688110e-03 -4.96533467e-03
 -6.88939393e-02 -1.39795439e-02  7.40586221e-02  5.22280820e-02
  4.02181409e-02 -9.29712355e-02  4.07920443e-02  4.04570103e-02
  5.93733303e-02  5.61705381e-02 -8.10134932e-02 -7.80437216e-02
  2.09033750e-02 -5.20139001e-02 -1.49956476e-02 -3.63842510e-02
 -1.17001429e-01  5.63518442e-02 -1.35138985e-02 -3.61253740e-04
 -3.70573364e-02  4.92446721e-02  6.66772248e-03 -2.42203358e-03
 -2.76018158e-02  1.10324996e-03 -5.20693697e-02  7.53245596e-03
  9.41777676e-02 -7.54053332e-03 -7.23801106e-02 -1.59981083e-02
  1.22735547e-02  7.41586983e-02  9.79052763e-03  8.80483072e-03
  2.12380867e-02  4.82739136e-02  3.45809609e-02 -2.36802362e-02
 -2.20986437e-02  4.74402048e-02 -1.00689419e-02  5.89023298e-03
  6.81105331e-02  1.82771534e-02  2.89930999e-02  3.94007042e-02
 -4.07469720e-02  2.67775562e-02  7.12221563e-02  5.07128015e-02
 -2.39213705e-02  2.44568475e-02  8.16161707e-02 -1.25336130e-32
  3.80036756e-02  9.32988748e-02 -4.31654714e-02 -2.61942018e-02
  8.05627322e-04  1.70376189e-02  1.86055675e-02 -7.63847008e-02
 -8.00772663e-03 -1.28792554e-01 -5.86546632e-03 -3.94046716e-02
  1.35479480e-01 -3.48904021e-02 -3.68376300e-02 -5.35861729e-03
 -7.48159736e-02  1.34646725e-02 -5.79260252e-02 -9.64039657e-03
  1.87172852e-02  1.44530600e-02  3.71647738e-02 -4.94578760e-03
 -2.53137085e-03  8.38198140e-03 -8.51280764e-02  5.51881604e-02
  1.05155236e-03  1.56164020e-02  1.29326051e-02  1.46351848e-02
 -5.11122867e-02  7.90388212e-02  4.83025424e-03 -8.24729577e-02
  7.66430749e-03  2.70579979e-02 -3.78097892e-02  1.07548088e-01
  1.48286056e-02  1.42568974e-02  7.16465637e-02 -3.67817357e-02
 -2.43241973e-02  2.94683967e-03  1.10887036e-01 -1.78300336e-01
  4.58544977e-02 -5.04913256e-02  7.85459355e-02  6.33968366e-03
 -1.87084004e-02  4.32984307e-02  4.80178557e-02  2.63791159e-02
  2.13650037e-02 -8.78734663e-02 -4.05915789e-02 -1.88537259e-02
  5.85064404e-02  1.18686244e-01 -8.72862991e-03 -5.00302278e-02
  2.70283408e-02 -4.97030616e-02 -7.85371475e-03  4.02165540e-02
  5.12361154e-02 -5.44422381e-02 -5.17722331e-02 -9.30998623e-02
  9.06894042e-04 -8.94197226e-02 -1.83124300e-02  1.22203846e-02
  5.88524230e-02 -2.19845548e-02  1.84686277e-02 -7.59976264e-03
 -9.69239324e-02 -1.52497971e-02 -1.91203412e-03  1.44469356e-02
 -9.47396308e-02  4.22426347e-05 -5.62578216e-02 -2.66474262e-02
 -1.16531989e-02  9.03704464e-02 -5.01432829e-02  3.65987159e-02
  7.51538649e-02  2.06331280e-03 -3.83093245e-02 -6.06466415e-08
  6.45017019e-03 -1.67706218e-02  2.94152219e-02  1.79495139e-03
  3.68684903e-02  7.60601740e-03 -9.66195315e-02 -5.09291328e-02
 -5.63906357e-02  2.62639951e-02  1.19458335e-02  1.59139708e-02
 -9.99160409e-02 -2.59145740e-02 -5.13707176e-02 -7.32031912e-02
  5.85264489e-02  3.89472209e-02 -2.22412683e-02 -4.00173711e-03
 -2.59348238e-03 -2.59082783e-02 -4.24977876e-02 -1.78382657e-02
  2.97639575e-02 -2.51627136e-02  2.93612853e-02 -1.42136198e-02
  2.40996182e-02  3.99216488e-02  8.11951607e-03  1.10798087e-02
  7.77506095e-04 -1.93492379e-02 -2.11270526e-02 -6.46711811e-02
 -3.55100259e-02  6.87563345e-02 -1.68913137e-03  1.14552351e-02
  1.01046383e-01 -1.02981500e-01 -3.47976238e-02  3.74785326e-02
  6.54700771e-02 -3.92973749e-03  5.33421524e-03  8.30690339e-02
 -7.74990842e-02 -2.10450916e-03  1.27909854e-02 -1.54511705e-02
  6.66659549e-02 -4.00405750e-02 -3.76016088e-02 -1.87660791e-02
 -2.55642068e-02  1.01382429e-04 -3.12915817e-02  7.11815711e-03
  1.13150934e-02  4.30643447e-02 -2.78903972e-02 -2.74532568e-02]