[-3.80460843e-02  4.53723520e-02 -8.35556313e-02 -8.36349353e-02
 -9.47752893e-02  5.95330633e-02 -2.90282480e-02  1.01746313e-01
 -2.25559622e-02  9.93662477e-02  1.13273673e-01 -6.60211444e-02
 -2.93248929e-02  3.05056870e-02 -1.00762874e-03 -4.95998189e-02
  3.57947461e-02  1.10852532e-02  9.84703843e-03  5.90718016e-02
  1.22065686e-01 -2.97140554e-02 -8.94100964e-02  5.15672825e-02
 -8.56639147e-02  2.47332696e-02 -2.91935503e-02 -1.89324245e-02
 -1.45208407e-02 -2.14783624e-02 -3.19913663e-02  2.43734531e-02
  1.26618087e-01 -4.46599536e-02 -2.48931977e-03 -4.14056182e-02
  3.78636271e-02 -6.29137903e-02 -1.36152597e-03  4.93604206e-02
 -3.28429714e-02 -1.52949812e-02 -1.01701505e-01 -1.31890429e-02
  1.17385958e-03  1.39187537e-02  6.84728995e-02  1.03092737e-01
 -5.98006183e-03 -2.15642955e-02  1.43619766e-02  2.70354953e-02
 -3.71105112e-02 -4.09829244e-02 -4.75684879e-03 -8.96510780e-02
 -5.73254824e-02 -6.32985458e-02  8.11264571e-03  2.83812359e-02
  8.79570097e-03  2.96490788e-02 -1.40128285e-02  1.53005701e-02
 -1.70964235e-03 -1.73910381e-03 -3.68769690e-02 -3.01501732e-02
 -3.74236144e-02  1.06401350e-02  2.14820802e-02 -1.45972282e-01
  2.49478817e-02  3.29732224e-02 -5.51320538e-02  9.74212065e-02
 -1.43039888e-02  7.16538727e-02  5.00671985e-03 -2.06894800e-01
  1.52552249e-02  1.15481587e-02 -1.78005341e-02 -2.97840312e-02
  5.65714613e-02 -7.76442289e-02  1.59264170e-02  5.00449818e-03
  9.87435579e-02  2.09444948e-02  4.19075638e-02  5.80269098e-02
 -5.98325208e-02 -6.16841577e-02  5.24283126e-02 -1.93201322e-02
 -3.58872078e-02 -1.08900685e-02  2.54682116e-02  1.89541336e-02
  6.05268180e-02 -1.12916883e-02 -4.36514467e-02 -5.09703439e-03
 -2.85249054e-02 -2.64452416e-02 -4.44947073e-04 -9.21547599e-03
  2.63380799e-02  1.26085982e-01 -7.10375980e-02 -3.28516252e-02
 -3.39671485e-02 -4.93805371e-02 -2.30911989e-02  1.05375797e-02
 -5.33821806e-02 -1.21600023e-02  2.78494321e-02 -5.85379563e-02
  9.43063002e-04 -5.63685894e-02  4.80089663e-03 -3.41421776e-02
  5.49944974e-02  1.93115845e-02 -3.41688655e-03  1.04394588e-32
 -5.42064384e-02 -7.16589391e-02 -2.93790810e-02  4.83484194e-02
 -5.92897460e-02  2.28038747e-02 -3.04317679e-02  9.27431230e-03
  4.73245569e-02  4.90231328e-02 -2.99226511e-02 -1.38038853e-02
 -8.99048522e-03  7.28235915e-02  9.43022445e-02  1.90676395e-02
  6.01682700e-02 -5.05032130e-02 -8.08140039e-02  3.38041969e-02
  1.17683373e-02  2.28519551e-02  6.98368391e-03  1.85993183e-02
 -5.64213842e-02  6.93030804e-02 -1.02488771e-01 -1.07634768e-01
 -9.98966470e-02  4.78812009e-02  6.49964288e-02 -2.39813570e-02
  2.17439961e-02 -5.77326231e-02 -6.83929026e-02 -2.72501204e-02
  1.84877403e-02 -2.07725335e-02 -4.55049016e-02 -2.35331021e-02
 -4.73233610e-02  2.19868533e-02  3.62961851e-02 -4.21006652e-03
  6.20949939e-02 -2.57789604e-02  6.71379268e-02 -2.51439959e-03
  1.01513132e-01  4.24928926e-02 -3.13242190e-02 -1.75271444e-02
 -1.46970963e-02 -5.48488833e-02 -3.10672950e-02  4.88734655e-02
 -1.21578209e-01  8.98463801e-02 -2.58189365e-02 -6.70390278e-02
 -4.04736958e-02  2.85169184e-02 -2.72963494e-02 -1.83472410e-02
 -6.82461113e-02  1.37879401e-02 -5.68268634e-02  2.30353530e-02
  8.23679417e-02  2.67922562e-02 -6.86636940e-02  4.51151393e-02
 -7.65605271e-02  1.03828888e-02 -7.02692522e-03  7.67347589e-03
  7.60444105e-02  5.68088591e-02 -9.86688212e-03 -2.95956321e-02
 -6.47829920e-02  5.96361682e-02  2.63599679e-02 -4.11565304e-02
  1.02594286e-01  4.11759913e-02  1.08980738e-01  5.23515977e-02
  2.34926678e-02  9.35753733e-02  5.53007377e-03  3.56537588e-02
 -3.10091730e-02  4.40678820e-02  9.48588178e-02 -1.31080668e-32
  2.35251933e-02  1.84050612e-02 -3.05256583e-02 -1.17550017e-02
  5.55132516e-03  3.27462964e-02 -5.43509014e-02 -4.61040661e-02
 -7.40583837e-02 -1.30953595e-01 -3.91792180e-03 -5.30264415e-02
  1.14180878e-01  1.52914412e-02 -7.91724678e-03 -2.53651422e-02
 -5.73910810e-02 -5.64501528e-03 -4.88283746e-02 -4.33254838e-02
  3.15465368e-02  2.25369092e-02  6.93167001e-02 -6.21587113e-02
  1.60824799e-03 -5.34940474e-02 -1.97991766e-02  1.05794063e-02
 -4.41121720e-02 -1.90457404e-02  9.38320998e-03  9.08680111e-02
 -2.15540119e-02  9.83707607e-02  4.26490605e-03 -1.00591585e-01
  5.01453690e-02  1.53476819e-02 -6.52108565e-02  1.05900511e-01
  3.22896317e-02  6.97727799e-02  3.44509669e-02 -2.45036203e-02
 -7.27641881e-02 -1.17973424e-02  7.11634522e-03 -9.57338214e-02
  2.04548915e-03 -8.98971409e-02  1.18075438e-01 -2.33890060e-02
  5.53538743e-03  2.39281799e-04 -1.97228231e-03 -2.66663097e-02
 -2.75722984e-03 -6.30546585e-02 -4.64007817e-02  3.86069901e-02
  5.88737018e-02  6.80747554e-02 -5.49949557e-02 -4.48299982e-02
  1.04983486e-01 -3.81591320e-02 -8.55874196e-02 -1.69487447e-02
 -1.06489410e-04  2.63652895e-02  1.97822340e-02 -1.00054570e-01
 -5.75300232e-02 -1.92879215e-02  1.53093291e-02 -2.88524218e-02
 -3.28629203e-02 -2.00456567e-02 -3.24917724e-03 -1.71257800e-03
 -7.17497244e-02 -1.93870869e-02 -4.20425553e-03 -1.85641851e-02
 -4.32336666e-02  5.47529832e-02 -1.15289232e-02 -1.92751549e-02
 -5.02569973e-03  7.96180367e-02 -7.71903396e-02  2.78905332e-02
  1.31915109e-02 -2.14454085e-02 -1.59035046e-02 -7.00976486e-08
 -4.44089510e-02  1.58938710e-02  3.62019688e-02  5.62435687e-02
  3.03345150e-03 -2.86779902e-03 -3.57806757e-02 -5.82127310e-02
  1.98117308e-02  2.20959038e-02  6.97915927e-02 -2.65284553e-02
 -3.45779881e-02 -2.01586238e-03 -1.24822212e-02 -5.01492321e-02
  1.32900551e-02  6.34282082e-02 -5.24204411e-02  4.26262151e-03
  1.13162706e-02 -3.78478281e-02 -6.44995198e-02 -3.24498788e-02
  1.74474623e-02 -3.22574005e-02  1.14860246e-02  1.36506734e-02
  1.41552603e-02  4.50121239e-02  1.75713096e-02 -9.50944610e-03
  3.44599336e-02 -7.09174573e-02 -6.82804212e-02 -4.08190899e-02
  4.64068772e-03  2.71165669e-02 -1.24067497e-02  1.29605178e-02
  1.07026339e-01 -5.28043285e-02 -3.83228362e-02 -2.77074520e-02
  4.00659479e-02  1.61396582e-02 -1.44210448e-02  9.63033810e-02
 -3.19695547e-02 -1.03243543e-02 -5.39668277e-02  2.95886807e-02
  6.89612851e-02  2.96479408e-02 -7.54580135e-04 -7.50709027e-02
  6.18374944e-02  1.09924783e-03 -2.73484793e-02 -2.31033582e-02
  6.96269497e-02 -2.50063348e-03 -2.22328119e-02 -3.67733277e-02]