[ 1.44415302e-02  4.20563519e-02 -7.66299069e-02 -4.70336387e-03
 -1.10910535e-02  1.10399082e-01  9.24134906e-03  6.92334473e-02
  9.28581983e-04  8.96776393e-02 -6.26716809e-03 -1.15168355e-02
  2.15292256e-02  4.47174674e-03 -6.50401637e-02 -5.21962903e-02
 -6.33761426e-03  2.77929865e-02 -7.14816200e-03  3.69576830e-03
  7.68771395e-02  3.21412310e-02 -1.10275885e-02 -4.09086142e-03
  3.38961631e-02  3.82228494e-02 -3.88342328e-02 -5.70578352e-02
 -4.47286991e-03 -2.30874624e-02  6.45804545e-03 -1.45844882e-02
  1.04505271e-01 -3.03462916e-03  4.34431285e-02 -1.51247568e-02
 -3.53899077e-02 -3.63930129e-02  1.89080406e-02  8.73064324e-02
 -3.40825990e-02  2.42226687e-03  1.86306275e-02 -4.26378995e-02
  7.10799650e-05 -2.19526682e-02 -2.47987304e-02  6.64206874e-03
 -1.63206477e-02  3.02700456e-02 -5.01588434e-02  5.65292872e-02
 -5.19167334e-02  2.74924934e-02  1.22568615e-01 -4.35547605e-02
 -6.31874651e-02 -1.00044906e-01 -8.82026553e-02 -6.22576214e-02
  4.58680354e-02 -1.94764063e-02 -2.59171110e-02  3.22474390e-02
 -1.82743073e-02 -6.29016533e-02 -1.67079698e-02  1.54135916e-02
 -2.30448600e-02  6.86616525e-02  3.79221514e-02  4.63289060e-02
 -6.57223687e-02 -5.05179614e-02 -7.44055910e-03  5.60121164e-02
  8.12679082e-02 -3.37817855e-02  5.36764711e-02 -1.25144675e-01
  7.45980581e-03 -2.15059868e-03 -2.25414690e-02 -4.60077189e-02
  4.55230214e-02  5.54970205e-02  8.26152042e-02 -2.88853738e-02
  1.79623142e-02  4.01627831e-03  2.49558669e-02  4.12654169e-02
 -4.06951308e-02 -1.22332172e-02 -5.73636219e-02 -9.12265331e-02
 -8.61155912e-02 -3.60291190e-02 -1.15954820e-02 -3.60910315e-03
  3.67599204e-02  3.33527140e-02 -1.00845322e-02 -3.00189108e-02
 -1.36994645e-01 -1.90826673e-02 -1.92069020e-02 -2.65518967e-02
  6.65177926e-02  5.68031967e-02 -8.54136571e-02 -2.39952831e-04
 -8.48037302e-02  3.56928222e-02 -4.37322743e-02  1.82453729e-02
 -1.51450699e-02 -4.28874083e-02  3.67569812e-02 -5.58695644e-02
  1.99037734e-02 -2.59192213e-02 -1.02952067e-02 -4.17684205e-02
  1.89066131e-03 -6.12540543e-03  5.77880479e-02  1.02117384e-32
 -3.61958891e-02 -4.47343811e-02  4.21501771e-02 -7.62298256e-02
  1.62678268e-02  6.40820041e-02 -7.33169019e-02 -3.02945767e-02
  8.17689225e-02 -4.45753559e-02 -8.46515521e-02  6.52559921e-02
 -9.87026766e-02  6.91858539e-03  4.19811569e-02  7.57710310e-03
  5.02318516e-02  1.28592938e-01 -3.67891341e-02  3.11213508e-02
 -2.08146721e-02  3.59356552e-02  3.65748652e-03  3.34519967e-02
  2.25736969e-03  3.60890105e-02  5.58684487e-03 -3.41713987e-02
 -2.98933615e-03  5.23304790e-02  6.81718886e-02  5.25994860e-02
  3.51711772e-02  1.84752850e-03 -5.73395975e-02 -8.47171396e-02
  1.87791958e-02 -1.88165661e-02  2.16404703e-02  3.64978388e-02
  1.06788147e-02  2.86238994e-02  5.54169752e-02  7.15302420e-04
 -5.09607680e-02 -8.73819664e-02  5.54459840e-02  4.39490527e-02
  8.91396701e-02  8.19898918e-02 -6.76435530e-02  2.50241030e-02
  3.76571752e-02 -3.08733564e-02  8.30723643e-02 -1.48879485e-02
 -1.51159033e-01  1.56702861e-01 -5.67970658e-03 -7.43232518e-02
 -4.95499484e-02  1.07222935e-02  3.60465124e-02 -1.00067267e-02
  2.21392773e-02  5.19677252e-02  1.08880168e-02 -7.47868717e-02
  7.93470293e-02  5.48771173e-02 -1.86899155e-02 -3.26628089e-02
 -7.79230148e-02  8.85468498e-02  1.10946242e-02 -6.37803599e-03
  2.33291797e-02  2.13319417e-02  7.56267384e-02 -4.60233353e-02
 -1.01574712e-01  5.20984642e-02  1.40614528e-02 -7.18475580e-02
  7.16678426e-02  4.21553664e-02  2.86946017e-02  8.49428028e-03
  6.67099953e-02  4.32234481e-02  1.30055360e-02 -8.42840783e-03
 -2.11456772e-02  3.15415636e-02  1.89728301e-03 -1.12126226e-32
 -1.92238912e-02  6.40022308e-02 -3.51562500e-02  7.09503964e-02
 -3.09885833e-02 -3.20816822e-02 -5.85854948e-02 -1.50838736e-02
  4.34858091e-02 -6.08708560e-02  3.17085870e-02 -6.45143315e-02
  3.61690763e-03  3.53011005e-02 -4.42500152e-02 -2.07864866e-02
  1.02774993e-01 -6.54886961e-02 -9.28724036e-02 -1.84604246e-02
 -3.19534577e-02 -2.90662106e-02  1.00225180e-01  3.17638405e-02
 -2.84691099e-02 -1.83079354e-02  3.43741253e-02 -2.78369170e-02
 -4.74465266e-02 -1.14584610e-01  1.00801565e-01 -9.72859841e-03
 -7.56018385e-02  5.99941909e-02 -8.63823742e-02 -3.27288322e-02
  9.17340815e-02 -1.38170002e-02 -4.82278727e-02  1.09242395e-01
  8.35077539e-02  7.07467198e-02  7.87155628e-02 -3.71628962e-02
 -3.15042548e-02 -1.08063854e-01 -2.00988352e-03 -4.94661070e-02
  4.27491553e-02 -1.16406232e-01  3.41684073e-02 -8.06001015e-03
  2.75570285e-02  2.26838980e-03 -2.97303009e-03 -2.79568369e-03
 -3.16656642e-02 -8.25821832e-02 -7.09268004e-02 -4.10629064e-03
 -7.09944591e-03 -1.41937872e-02 -1.07865341e-01  2.31849495e-02
 -1.59647800e-02 -1.32648190e-02 -1.14123849e-02  1.28042139e-02
  1.83302853e-02  4.50096047e-03  2.71295160e-02 -2.41099428e-02
  9.21409810e-04  2.37478558e-02 -5.25773726e-02 -2.21033189e-02
 -3.59511003e-02 -5.93745001e-02  1.03596151e-01 -7.30048260e-03
 -1.82136241e-02 -4.05845344e-02  3.54132950e-02 -5.79200871e-02
 -2.78815515e-02 -3.46827023e-02 -5.50101046e-03  3.11280554e-03
 -1.78568959e-02  6.97208047e-02 -7.39554614e-02  2.21003741e-02
 -7.11512789e-02 -2.11251117e-02  6.57550991e-02 -5.57974964e-08
  3.10901385e-02 -8.58239681e-02  5.24485372e-02 -4.77926210e-02
  3.93549204e-02  2.80173197e-02 -2.72164959e-03 -8.00176635e-02
 -5.35439029e-02 -8.76806676e-03  3.29390951e-02 -3.15166153e-02
 -1.18366582e-02 -3.46762985e-02 -1.95695367e-02  2.34043114e-02
  5.74315563e-02  1.14301950e-01  6.40760781e-03 -7.93437287e-03
 -7.68526737e-03  3.49750766e-03 -3.84704284e-02 -1.09589651e-01
  1.54257594e-02  5.94992377e-02  1.11187547e-02  1.13069573e-02
 -7.03194067e-02  6.88342825e-02  1.58414338e-02  1.31039610e-02
  7.70415887e-02  4.02722741e-03 -1.58088692e-02 -5.05567566e-02
  1.29864335e-01  6.88602552e-02 -1.78182330e-02 -3.68119963e-02
  9.13565978e-02  5.30717410e-02 -5.16771823e-02  1.38609810e-02
 -7.00666988e-03 -3.02746743e-02 -4.97311540e-02  6.10769093e-02
 -5.51427640e-02 -4.30143215e-02  1.75289754e-02 -2.53687799e-02
  2.07700441e-03 -4.50232588e-02  2.72714011e-02 -6.86782375e-02
 -1.68140121e-02 -2.73874514e-02 -9.41683725e-02 -3.09691522e-02
  3.65691707e-02  1.34996958e-02  2.02924013e-02 -2.01025326e-03]