[ 2.56865844e-02  4.43823927e-04 -1.24682738e-02 -2.51818672e-02
 -7.14106336e-02  4.89506610e-02 -1.84962098e-02  1.27033234e-01
 -1.93177257e-02  2.19304673e-02  6.88672960e-02 -1.72891259e-01
 -4.69443575e-02  3.20551428e-03 -6.67800233e-02 -4.70754392e-02
 -3.84976305e-02  1.41303567e-02  1.62461717e-02 -2.96954345e-02
 -5.98555543e-02  2.46328823e-02 -1.18803019e-02 -4.79448633e-03
  7.07503920e-03  1.88636612e-02 -6.36528013e-03  1.22493245e-02
 -8.69867280e-02 -1.22031212e-01 -6.72970340e-02  3.05261035e-02
  7.70183280e-02 -2.91492604e-02 -4.60204184e-02 -2.27187946e-02
  1.55720313e-03 -1.09166736e-02 -1.89353302e-02  8.49467292e-02
 -9.29973926e-03 -2.67375931e-02 -3.35806385e-02  1.00710904e-02
 -2.49391980e-02 -7.97036514e-02 -9.78344455e-02  7.70066381e-02
 -1.08432686e-02  2.05506738e-02 -9.87239629e-02  1.24435425e-02
  6.80223247e-03  9.27486792e-02 -1.02682393e-02 -2.03675199e-02
 -7.05319177e-03 -5.97695075e-02  1.83354821e-02  3.28757577e-02
  1.17554339e-02  1.06690921e-01 -4.79250252e-02 -3.51281017e-02
 -6.24165870e-02 -8.74316543e-02  4.82117850e-03  3.18954848e-02
  1.13054374e-02  2.74874102e-02  4.35296930e-02 -3.27007174e-02
  2.36664936e-02  5.56510463e-02 -8.50861073e-02  4.64359634e-02
 -2.22087838e-02  2.40724906e-03 -1.41193680e-02 -7.44651482e-02
  6.04538806e-03 -4.13690321e-02  2.96455864e-02 -4.40925881e-02
  2.04701480e-02  8.66302475e-03  4.01140703e-03  1.29465582e-02
 -1.10469554e-02  3.23928110e-02  2.15210374e-02  8.72186124e-02
 -5.40987626e-02 -2.52706581e-03  2.13778429e-02  3.32655199e-02
  8.76230225e-02  6.51799217e-02 -1.81092620e-02  4.53105606e-02
 -2.74475124e-02 -1.09037338e-02 -5.48959039e-02  1.90817453e-02
 -1.05076328e-01 -2.99736969e-02  3.39248925e-02 -5.45727229e-03
  2.88889874e-02 -7.62974918e-02 -6.31859004e-02 -7.67832622e-03
 -1.68510918e-02 -7.89603591e-03  5.16939024e-03  2.22168323e-02
 -3.67457680e-02  3.34194750e-02 -2.69773323e-02  8.36848170e-02
  6.43765107e-02 -1.66631527e-02 -2.75479127e-02  3.40179913e-02
 -1.40278498e-02  1.24713837e-03  3.61297540e-02  9.53406587e-33
  7.97820389e-02 -1.49414828e-02 -4.40097228e-02  6.20854907e-02
  1.22008184e-02  1.20927086e-02 -1.13258496e-01 -2.58746613e-02
 -1.11828037e-01 -9.53078493e-02 -4.19510491e-02 -4.76333126e-02
 -4.50425334e-02  1.17281722e-02  5.43812215e-02  3.58954817e-02
 -1.08518545e-02 -4.66688424e-02 -3.52048054e-02 -1.53945526e-02
  2.56901849e-02  4.98242639e-02  3.81980534e-03 -1.40343597e-02
  7.23541202e-03  1.36611283e-01 -2.93050744e-02 -4.54350486e-02
 -6.27585873e-02  4.60259281e-02 -6.84316456e-02 -2.94730384e-02
 -5.95905818e-02 -3.79676782e-02 -8.48245025e-02 -1.06914621e-02
 -9.38819069e-03 -4.45106141e-02 -7.25254267e-02  3.77161726e-02
  3.76892015e-02  9.81450360e-03 -1.30545041e-02  1.74766325e-03
 -6.56712875e-02 -4.46402356e-02  2.45196298e-02  3.58729769e-04
  9.12530720e-02  8.71468429e-03 -5.32937273e-02 -7.48145208e-02
  2.10339967e-02 -1.99684389e-02  3.21767852e-02 -6.80088438e-03
 -1.04210839e-01  1.11597041e-02 -2.16640104e-02  6.32160306e-02
  1.21071100e-01 -6.57198811e-03 -1.51730990e-02  4.95552868e-02
 -4.19688933e-02 -2.67705917e-02 -7.64934439e-03 -3.50508615e-02
  6.85594231e-02 -6.81435131e-03 -1.08638301e-01 -1.92585518e-03
  8.47511142e-02 -1.88054722e-02 -1.71218254e-02 -9.17563681e-03
  5.50783090e-02  7.27170780e-02 -2.96164490e-02  2.37782076e-02
 -2.47252248e-02  6.55034110e-02 -2.41443366e-02 -4.50642295e-02
  9.56124589e-02  1.45272752e-02  1.12542756e-01  8.75415746e-03
 -1.06008783e-01  7.48653784e-02  8.20307410e-04  8.84274952e-03
  4.33624126e-02 -3.89999114e-02 -5.92635907e-02 -1.00119631e-32
  7.44201709e-03  1.20940534e-02  5.58836535e-02  2.16072220e-02
  1.46624343e-02  3.95893864e-02  2.30483320e-02  1.32151634e-01
  2.80998237e-02 -8.26665759e-03  1.05012003e-02 -4.48086411e-02
  6.84438199e-02 -9.08801705e-02 -9.91345011e-03  7.59913912e-03
  6.84011681e-03 -1.80759828e-03 -7.05270544e-02 -4.14173193e-02
  3.42651494e-02  5.95586859e-02 -4.25559990e-02  1.48941558e-02
 -1.27011370e-02  5.62477186e-02  5.50689250e-02 -3.05236299e-02
 -1.66478083e-01  1.69367027e-02  2.13505812e-02 -7.58066401e-02
 -6.33880571e-02  4.13486687e-03 -9.56467837e-02  4.91472259e-02
 -6.49515633e-03  3.58409509e-02  7.36466842e-03  1.23494811e-01
  4.33066897e-02  2.47770641e-02 -3.28744203e-02  5.91097847e-02
 -2.41068229e-02  4.18622792e-03  8.43305793e-03  1.54257976e-02
  3.43132345e-03 -1.27875642e-03  8.36681575e-02  7.37439888e-03
 -1.14343688e-01  4.90196720e-02  2.83331648e-02 -9.51781794e-02
 -2.17772238e-02 -6.97742850e-02 -1.14870988e-01  1.41805047e-02
  8.29081796e-03  4.66301776e-02 -7.15415645e-03 -7.78385531e-03
  8.06196705e-02 -3.89930122e-02 -3.28884996e-03  2.13049054e-02
  8.55184998e-03 -1.17498636e-02  1.05191007e-01 -4.38621193e-02
 -6.66523799e-02  3.53134684e-02  4.05115448e-02 -1.90206189e-02
 -1.12366997e-01  4.35031094e-02  4.40939656e-03  5.99455312e-02
 -5.86906672e-02 -5.25651537e-02 -1.69399623e-02  5.51576428e-02
  2.63975132e-02  3.41121815e-02 -2.31756130e-03  2.24547200e-02
  8.96131545e-02  3.37257609e-02  5.62355369e-02  4.06378917e-02
  3.83362100e-02 -1.38884513e-02  6.80045038e-02 -6.55320562e-08
  2.77561788e-02 -4.73343506e-02 -1.63775627e-02  5.30197471e-02
  5.25522791e-02  1.84594579e-02 -4.31074202e-02  7.09528197e-03
 -1.20967999e-02  8.69731307e-02  5.72044738e-02  5.38214371e-02
 -3.04480083e-02 -3.23469155e-02  7.27595612e-02 -4.41395268e-02
  2.67658699e-02  1.54387414e-01 -3.15618329e-02 -4.14777314e-03
 -1.36484904e-02  1.49246547e-02  2.65317820e-02 -6.46299124e-02
 -1.23305051e-02 -2.31475215e-02 -8.11128169e-02 -3.78384963e-02
 -3.18352208e-02 -2.04145871e-02  3.19297090e-02 -4.62928377e-02
  7.06018284e-02 -4.52938415e-02 -6.17725849e-02  2.06909105e-02
 -1.74422637e-02 -1.85341090e-02 -7.03657269e-02  2.64772922e-02
  7.48874620e-02 -6.01713099e-02 -5.85980900e-02  5.50577156e-02
  1.63783841e-02 -2.92129871e-02 -1.31948413e-02  2.70033050e-02
  1.96097158e-02 -1.05529770e-01 -1.43687446e-02 -3.28450799e-02
  7.23329186e-02  3.37649672e-03 -3.71249057e-02  1.03050508e-02
 -6.30922709e-03  9.14189667e-02  2.80043799e-02  6.12806343e-03
  8.26595277e-02 -6.46690726e-02 -6.63053244e-02 -9.04370286e-03]