[-7.46423006e-02 -1.47467889e-02 -4.42506261e-02  1.06796715e-02
  2.77697947e-02  2.46561319e-02 -4.97277267e-02  1.69387579e-01
  6.23630546e-03  5.80588691e-02  1.09082043e-01 -1.06769567e-02
 -4.48892750e-02  6.61827102e-02 -5.51567264e-02 -4.13934840e-03
 -4.26001847e-02  3.97192240e-02  2.80423984e-02  9.27693248e-02
  2.29825806e-02 -8.32269434e-04 -5.19402660e-02  5.51092960e-02
 -7.87570104e-02  2.30389889e-02  1.88286277e-03  8.72885529e-03
 -6.32850528e-02  2.33796518e-03 -7.83572197e-02  7.59795383e-02
  1.94022544e-02 -6.22879043e-02 -6.44091843e-03 -9.01646614e-02
  3.63479853e-02 -5.40361926e-02  1.46627231e-02  9.92752686e-02
 -5.04381470e-02  2.36133114e-02 -1.05864340e-02  4.70445789e-02
  3.45376991e-02 -8.93537626e-02 -3.01865600e-02  7.68768862e-02
  2.60556657e-02 -1.49785411e-02 -8.92474130e-02  2.76374128e-02
 -2.85061933e-02  2.34756917e-02  4.41422453e-03 -7.67780766e-02
 -7.26071671e-02 -7.05713332e-02 -1.41846295e-02 -5.77390976e-02
  4.41035721e-03  5.24984635e-02 -3.80002409e-02  6.49876660e-03
 -2.84294058e-02 -1.11536942e-02  7.42183207e-03 -3.99938859e-02
 -2.10596509e-02  3.22312564e-02 -6.07560873e-02 -3.66237797e-02
  6.60766214e-02 -2.95364745e-02 -5.45658767e-02  6.24809898e-02
  3.83730233e-02  1.43019697e-02 -2.40650028e-02 -7.58516788e-02
  5.05884364e-03  1.97566207e-02  6.20514192e-02 -7.13814497e-02
  5.90686612e-02 -1.28231784e-02  3.76066789e-02  7.11360155e-03
  3.44180129e-02  5.64818792e-02  7.78073967e-02  9.35223773e-02
 -1.20328300e-01  2.02845279e-02 -1.99992303e-02 -1.75384078e-02
  4.03079903e-03  4.80434895e-02  1.78087701e-03 -3.01095191e-03
  5.23256883e-02 -2.79356353e-02 -3.82438116e-02 -3.46029811e-02
 -1.03281409e-01  2.58258451e-03  3.20639536e-02 -6.28411770e-02
  4.54360060e-02  3.16228159e-02 -1.10396452e-01  4.13068607e-02
 -2.89588813e-02 -2.03734660e-03 -6.64376244e-02  5.42070270e-02
 -3.63013372e-02 -5.25505096e-02  5.70890121e-02  4.99343909e-02
  5.06614409e-02 -4.39620540e-02 -1.67162362e-02  1.64817795e-02
  1.09482259e-02 -5.68897426e-02  3.32791246e-02  1.05845596e-32
 -7.43733570e-02 -1.68503802e-02 -1.44478548e-02  3.97179201e-02
  1.14817739e-01 -3.26030739e-02 -8.12915862e-02 -6.20424934e-02
 -4.20885310e-02 -6.16151169e-02 -7.19048232e-02  4.19725627e-02
 -3.66920643e-02 -1.57955084e-02 -2.40507498e-02  1.96652580e-02
 -4.05033417e-02 -4.38305289e-02  2.54924549e-03 -4.71664146e-02
  2.59642154e-02  5.61666936e-02  1.91150035e-03  7.05316616e-03
  1.66314077e-02  1.61116213e-01 -9.33418199e-02 -3.64916921e-02
 -4.69449051e-02  4.44534793e-02 -1.03984820e-02 -7.39786588e-03
 -5.46388999e-02 -5.09065278e-02 -2.23875623e-02 -2.33942773e-02
  9.43177007e-03 -6.25117645e-02 -4.54979464e-02  7.37672150e-02
  6.03492418e-03  7.15725347e-02  3.46226580e-02  3.08741946e-02
  3.84723768e-02 -9.62137356e-02 -4.97499518e-02  1.03267543e-01
  8.84621814e-02  2.63389610e-02 -5.50149530e-02 -5.89971691e-02
 -1.45570794e-03 -7.64556900e-02  1.44225154e-02  2.15422288e-02
 -1.29976943e-01  3.54200900e-02 -1.55621078e-02 -3.52865420e-02
  6.13913350e-02  5.02570486e-03 -1.65160038e-02 -6.42580865e-03
 -3.95899191e-02  1.98428007e-03 -9.01978612e-02 -7.67067820e-03
  9.81266797e-02  6.34819716e-02 -7.25652426e-02  4.02204320e-03
 -2.54461560e-02  2.62980210e-03 -1.96820814e-02 -4.36286144e-02
  7.41405189e-02  3.45360562e-02 -6.51246980e-02  1.73825156e-02
 -5.09547628e-02  1.18308282e-02  3.00788339e-02  4.14368771e-02
 -6.41256804e-03  3.00744176e-02  1.08125843e-02  6.28281757e-02
 -2.25312058e-02  6.12509102e-02  5.22176437e-02  3.29280980e-02
  1.47536015e-02 -1.36258984e-02  4.36118878e-02 -1.15328934e-32
  2.65463628e-02 -3.36751901e-02  5.17090932e-02 -1.36396475e-02
 -2.79789548e-02  7.22668022e-02 -6.12737834e-02 -4.80798893e-02
  1.20012604e-01 -1.48302183e-01 -1.84407067e-02 -3.85081396e-02
  2.70676538e-02 -4.67229187e-02 -2.88653784e-02  2.65922062e-02
 -3.29151377e-02  4.05877642e-02 -6.19049072e-02 -2.24385355e-02
 -5.92195503e-02  7.66966939e-02 -1.90872736e-02 -3.13209370e-02
 -5.00173867e-02  1.00303604e-03  6.00060336e-02  6.05426878e-02
 -8.73776600e-02 -2.15031835e-03  3.60608548e-02  3.97471450e-02
 -2.91703008e-02  4.92263846e-02 -7.13935047e-02  1.06058553e-01
  5.55267148e-02  1.66572295e-02 -5.08366153e-02  1.32929146e-01
  4.91807908e-02  4.95943911e-02 -6.14470895e-03 -8.35304037e-02
 -1.19262245e-02  4.57729734e-02  4.50965986e-02 -5.57738021e-02
  4.82148491e-02 -1.46806538e-02  1.33892223e-01 -1.59502216e-02
 -8.87491629e-02 -6.92069298e-03  1.49609745e-02 -5.49132749e-02
 -1.71084367e-02 -1.16819702e-01 -2.66661607e-02 -7.33665656e-03
  1.39925256e-02  5.45843951e-02 -1.04382694e-01 -3.47139426e-02
  5.86000718e-02 -2.86566596e-02 -1.86340213e-02  5.54580316e-02
  1.25445873e-01  2.64888145e-02  5.31360321e-02 -1.26873450e-02
 -1.94094572e-02  2.82839909e-02  2.54720282e-02  2.05663256e-02
 -8.20180029e-02  1.18894000e-02 -6.49686111e-03  2.28369981e-02
 -1.21957175e-02 -7.73452669e-02 -2.87514795e-02  4.20360118e-02
 -1.14664584e-02 -5.07490709e-03 -1.75268985e-02 -2.72065382e-02
 -3.21446694e-02  3.02468427e-03  2.14551892e-02  8.17639474e-03
  5.50750531e-02  2.67433822e-02 -2.28282884e-02 -6.61340209e-08
  1.01730675e-01 -1.64463017e-02  7.02967774e-03  3.27564813e-02
  1.05618173e-03  4.43621986e-02 -2.12845467e-02 -2.77180821e-02
 -2.54211742e-02  8.26762617e-02  1.92103989e-03  1.24957196e-01
  7.65025020e-02  5.79216518e-04 -3.39763761e-02  2.09372714e-02
 -1.55984517e-02  5.68251200e-02 -3.17177735e-02  5.77328680e-03
 -7.46692577e-03 -3.20683816e-03 -2.14939788e-02 -8.44423249e-02
  2.40571685e-02 -9.25470609e-03 -2.36170162e-02  3.51931900e-02
 -3.02123930e-02 -2.73471531e-02 -5.73370121e-02 -3.96931311e-04
  1.97102111e-02 -8.43647346e-02 -2.30744276e-02 -2.28013545e-02
  9.71464142e-02  1.26007171e-02 -2.77431756e-02 -1.88508090e-02
  1.29090622e-01 -1.08394921e-02 -6.49515837e-02 -2.59548463e-02
  4.02651401e-03 -3.14239562e-02  1.00542242e-02  1.49815027e-02
  1.44362627e-02 -2.17655580e-02  5.04588857e-02  4.55053933e-02
  3.06767002e-02  8.44591111e-03 -5.85782044e-02 -2.30615772e-02
  1.44987339e-02  3.43682282e-02  1.79007475e-03 -1.08423047e-01
  2.77814753e-02  2.34850068e-02 -3.39264749e-03 -1.39783360e-02]