[-6.96563795e-02  6.25562593e-02 -5.61918728e-02 -3.46913002e-02
 -4.92168628e-02  3.99177074e-02 -3.69200706e-02  2.54954118e-02
 -1.12536428e-02  5.00960499e-02  1.10711634e-01 -4.82675210e-02
 -6.80325329e-02 -6.00318797e-02 -5.29949628e-02  4.80864942e-02
 -4.33806181e-02  1.01466961e-02 -4.15434875e-02  7.21193030e-02
  7.12923110e-02  1.39152037e-03 -4.42318544e-02  6.70260414e-02
 -2.13503242e-02  1.42828869e-02 -5.76562062e-02  3.37420069e-02
 -8.47808365e-03 -5.81086166e-02 -6.76881522e-02  1.46253988e-01
  7.66052678e-02 -2.81930901e-02 -8.40661861e-03 -3.30463611e-02
 -3.48884873e-02 -2.47820858e-02 -1.87416058e-02  3.67167108e-02
 -8.61393847e-03  1.13251787e-02 -9.49428305e-02 -1.38494642e-02
 -2.05168091e-02  5.67218987e-03 -3.72926965e-02  1.91173051e-02
 -3.20663825e-02  4.96114902e-02 -2.76836008e-02 -7.82018341e-03
  4.01177742e-02 -3.73505093e-02 -3.12036965e-02 -5.71755506e-02
 -7.39530176e-02  4.53995951e-02  1.33815095e-01  8.54369160e-03
  3.03452592e-02  6.57775626e-02 -1.12622820e-01  5.04415436e-03
 -2.81022619e-02 -1.59876328e-02 -8.41718912e-03  3.56937456e-03
 -7.49723911e-02  2.32373527e-03  5.04155234e-02 -8.22106749e-02
  3.39460634e-02 -4.03371453e-02 -6.68458315e-03  4.93094325e-02
 -7.77777750e-03 -2.58774087e-02 -7.15086386e-02 -8.76602158e-02
  2.73091085e-02 -1.02602812e-02  2.32255291e-02 -1.23360373e-01
  1.82866883e-02 -1.16175972e-02  4.01185974e-02 -4.55436632e-02
  7.78330723e-03 -8.49405453e-02  8.49867333e-03  4.75577824e-02
 -5.33917807e-02  7.86742382e-03  1.12361930e-01  3.13277803e-02
  7.75950551e-02  7.36915320e-03  4.57234271e-02  4.95906882e-02
  7.30788335e-02  8.18387643e-02 -2.79999990e-02  9.97082666e-02
 -1.15090065e-01 -3.95333655e-02  1.54443569e-02 -2.47966330e-02
 -9.45686735e-03 -3.16093527e-02 -8.68632048e-02  3.88827408e-04
  2.49342155e-03 -6.31679222e-02  2.91701909e-02  2.57410724e-02
 -5.65031022e-02  2.65130848e-02  5.72465360e-03  3.00740805e-02
  3.96458693e-02 -9.32810307e-02 -8.07985216e-02  4.86101992e-02
  1.32101849e-02  1.15831848e-02  5.57527915e-02  1.75557510e-32
  2.40352079e-02 -3.26560531e-03 -2.15918757e-03  1.46851381e-02
  8.38558227e-02 -6.70724884e-02 -1.29561037e-01 -9.24088433e-02
 -2.57566161e-02 -4.72644065e-03 -1.34565145e-01 -1.28977597e-02
 -1.37016783e-02 -1.00352891e-01  6.45449683e-02  4.71166186e-02
 -4.18588631e-02 -3.88175547e-02  1.09257363e-02  7.02431053e-02
  3.12114917e-02  1.74517352e-02  4.39164834e-03 -2.32194047e-02
  1.76941287e-02  1.25951052e-01  1.03125431e-01 -7.06522539e-02
 -3.06573678e-02  4.31565009e-02 -1.10047394e-02 -1.46045545e-02
 -8.01296532e-02 -6.03501908e-02 -8.70653912e-02  3.89068276e-02
 -5.80346212e-02 -2.36246344e-02 -1.11006461e-01 -4.28072959e-02
  4.34339046e-02  2.00679321e-02 -1.64406281e-02  7.65269157e-03
  1.67219527e-02 -5.67448512e-02  8.98088142e-03  2.76389197e-02
  1.25027001e-01  4.96555604e-02 -7.07651749e-02  2.65453923e-02
 -7.73766562e-02 -8.21820498e-02  3.39247845e-02  7.28059188e-02
 -7.24107213e-03 -1.31326392e-02 -9.71485395e-03 -1.94156449e-02
  5.88186383e-02 -1.17413811e-02  6.85549527e-02 -3.29916999e-02
 -2.76817977e-02  1.17582111e-02 -4.28841375e-02 -5.87385800e-03
  8.08313638e-02 -4.13710251e-02 -7.69225433e-02 -4.00804505e-02
  1.17641203e-02 -4.22063842e-03  1.49555048e-02  4.58770245e-02
  4.13387455e-02  7.41542224e-03 -8.80957916e-02  3.10101174e-02
 -5.07806242e-02  4.82163094e-02  5.00094192e-03 -2.27891398e-03
  3.02734077e-02 -1.38453990e-02  1.40353339e-02  6.05355017e-04
  2.14550481e-03  7.85125867e-02  1.56782623e-02  7.71272182e-02
 -2.77495440e-02  3.08488086e-02 -3.88819017e-02 -1.56122445e-32
  1.17850974e-01  3.64099443e-02  2.31807455e-02  2.09064446e-02
  8.93905107e-03  2.48189177e-02 -3.06437351e-02  7.96705261e-02
  7.49936178e-02 -5.14512174e-02  2.87503581e-02 -4.86230617e-03
  4.05417196e-02 -5.04926629e-02 -2.11108774e-02  3.66900302e-02
 -6.29123580e-03  3.48675586e-02 -4.38041016e-02 -2.45138295e-02
  1.96212344e-02  7.11452812e-02 -3.12255118e-02 -6.01231642e-02
 -1.43607305e-02 -6.33281376e-03  7.56587014e-02  2.77124196e-02
 -7.71140009e-02 -4.67140004e-02  5.27989790e-02 -6.08401299e-02
 -4.35896367e-02  5.80669567e-02 -2.53518242e-02  2.66745090e-02
  1.20962948e-01  4.10402901e-02 -1.05733313e-01  5.80374599e-02
 -1.91829298e-02  1.37260705e-01  2.02375315e-02 -2.08391342e-02
 -8.44018348e-03 -2.73372848e-02  4.53020781e-02  5.30348904e-03
  1.62652843e-02 -6.82328939e-02  1.46887749e-01  1.57144200e-02
 -1.17643652e-02 -2.52471846e-02  9.40314755e-02 -3.11415065e-02
  2.84013432e-02 -3.15745920e-02 -6.05086535e-02  4.37641963e-02
  6.88994527e-02  4.23154235e-02 -1.29315583e-02 -7.16895387e-02
  3.53892855e-02  1.83526613e-02 -7.52941053e-03  7.77843669e-02
  2.33907644e-02  8.01700279e-02  6.11493513e-02 -2.82147285e-02
 -2.78222729e-02  9.32253823e-02  2.03818865e-02  2.61629447e-02
 -6.01869002e-02  1.49140470e-02 -1.84382172e-03 -1.07847452e-02
 -1.77435596e-02 -9.18739289e-02 -4.21360657e-02  7.72288516e-02
  1.19601944e-02 -2.78732330e-02  9.81559628e-04 -4.15112861e-02
  1.72915068e-02 -3.44366767e-02  3.47541608e-02 -1.76973804e-03
  4.44780570e-03  2.74618398e-02  1.92914773e-02 -8.52987867e-08
  2.99483743e-02 -5.22964634e-03 -5.95182031e-02 -3.84855419e-02
  3.71850170e-02 -6.75998479e-02  3.90607677e-02 -1.14975721e-02
 -3.10550462e-02 -2.05724742e-02  1.70438066e-02 -7.98202120e-03
 -2.24603955e-02 -1.19694183e-02  1.01137972e-02  6.52581640e-03
  3.57976160e-03  9.40773487e-02 -4.52538654e-02 -1.58347748e-02
  1.14647433e-01 -2.00383812e-02  1.64176207e-02 -1.17358774e-01
 -1.79705620e-02 -5.20177521e-02 -1.37745570e-02  1.75303183e-02
 -1.86334609e-03 -5.08487783e-02 -4.21822555e-02  5.22319376e-02
  4.45736833e-02 -1.05135038e-01 -2.48831902e-02  3.46520208e-02
 -6.01700246e-02  5.80575243e-02 -3.37643065e-02  1.55878318e-02
  5.56786731e-02 -6.37780223e-03  5.61198161e-04  1.47243384e-02
 -1.87362451e-02 -1.33756790e-02  7.72789195e-02 -1.57760717e-02
  8.77685566e-03  6.66938350e-03 -2.27533355e-02  1.86113175e-02
  8.65143761e-02  3.00715566e-02 -4.88512032e-02  2.34722551e-02
 -9.59367584e-03 -2.14017034e-02  1.97665319e-02 -4.00389023e-02
  4.79521304e-02 -9.94308945e-03 -1.01759769e-01  3.69106643e-02]