[-3.39846201e-02  8.11613649e-02 -1.42910779e-02 -4.47326824e-02
 -8.74715894e-02  1.97005924e-02 -5.93128502e-02  1.02102421e-01
 -2.78064571e-02  7.23068193e-02  6.23181723e-02  6.59160465e-02
 -5.53442650e-02 -2.52203532e-02  1.37781678e-02 -1.36308819e-02
 -6.74815625e-02 -2.31988057e-02 -6.85961246e-02  2.23625847e-03
  1.01284400e-01 -1.57700200e-02 -5.25318868e-02  8.22713599e-02
 -6.19305149e-02  2.32385565e-02  4.92444867e-03  8.17824155e-03
 -3.18332983e-04 -7.47238472e-02 -2.72183884e-02  6.58404306e-02
  1.13187425e-01 -1.87153015e-02 -8.74125585e-02 -4.04870808e-02
  7.63630196e-02 -7.60860145e-02 -3.80212604e-03  2.28119884e-02
 -4.17804196e-02 -3.93302850e-02 -7.06739724e-02 -2.93119531e-02
  2.25156150e-03  3.40976613e-03 -6.10277839e-02  3.80183905e-02
 -1.68964453e-02  6.21221261e-04 -2.86264326e-02  3.90726849e-02
  6.82742195e-03 -8.85735080e-02 -5.31055704e-02 -6.40755445e-02
 -4.51596342e-02 -2.26152875e-02  9.51573998e-02 -2.50073113e-02
 -7.77725037e-03  4.74819392e-02 -2.36355122e-02  4.27607596e-02
  9.55544040e-03 -5.74983284e-02  2.29950715e-03 -8.46673995e-02
 -2.16614101e-02  6.05661348e-02 -6.50767908e-02 -7.91886151e-02
  3.98418903e-02  5.05046621e-02 -7.13113621e-02 -1.06513249e-02
 -4.05420363e-02 -2.08640378e-02  9.93165560e-03 -1.53473079e-01
 -1.15381479e-02 -7.84355253e-02 -3.48345451e-02 -4.22759466e-02
 -8.12316593e-03  3.56755704e-02 -1.31244920e-02  1.07838325e-01
  8.14896598e-02 -2.12420691e-02  7.72841200e-02  2.13095397e-02
 -7.60836899e-02 -2.07239036e-02 -8.38546678e-02 -7.06344098e-03
  4.69171023e-03 -7.86813162e-03  3.10387406e-02 -1.54903997e-02
  8.49067569e-02  5.75716347e-02 -1.74632091e-02  8.07376206e-02
  1.22547448e-02 -2.07140464e-02  8.34449604e-02 -3.32565084e-02
  1.24060009e-02  1.04505800e-01 -6.27006125e-03 -5.52104302e-02
 -2.97889821e-02 -1.21323816e-01 -2.44725104e-02 -5.52083505e-03
 -4.81200814e-02 -2.20529251e-02  3.54376547e-02 -5.31823188e-02
 -9.23808784e-06 -5.00982814e-02  6.35662079e-02 -3.56333959e-03
 -3.68559547e-02 -5.36718629e-02  1.73727088e-02  1.72277690e-32
 -6.62870631e-02 -7.12389797e-02 -4.51314300e-02 -5.41709363e-02
  2.34318320e-02 -1.70371961e-02 -3.61494571e-02 -1.90008078e-02
 -3.88556789e-03  6.15883805e-02  4.63470258e-03 -2.60485429e-02
 -4.71039116e-03 -2.29339991e-02  6.47584349e-02  4.63425741e-03
  5.42552546e-02 -6.96457399e-04 -1.26116499e-02  1.39543284e-02
  1.62407681e-02 -7.38599375e-02 -9.18100961e-03  1.17406305e-02
 -4.03853972e-03  3.95264030e-02  1.79397129e-02 -1.38593530e-02
  5.49127162e-03  3.48820984e-02  9.45483427e-03 -5.47864437e-02
 -1.16662448e-02  1.99182145e-02 -1.45186400e-02  5.84024936e-03
 -2.04355009e-02  5.97162358e-02  7.20154960e-03 -1.07578784e-02
  8.79024938e-02  2.91055045e-03  5.53484671e-02  4.85203005e-02
  8.64640921e-02  3.71119566e-02  4.96837497e-02  7.90698305e-02
  2.73058228e-02  5.86293228e-02 -3.49574052e-02 -1.12673966e-03
 -1.04028672e-01 -2.09421366e-02  4.42935415e-02  6.06718846e-02
 -6.87132999e-02  2.80188415e-02  8.92909151e-03  3.69573720e-02
 -1.24020921e-02  6.55541867e-02 -1.47764692e-02  1.70161910e-02
 -3.48772518e-02  2.36396249e-02  3.36651281e-02 -2.25442518e-02
  1.03217483e-01  4.04873788e-02 -5.13223410e-02 -2.12264825e-02
 -5.27314655e-02  8.22691023e-02 -7.24225938e-02 -1.71132423e-02
  1.08492434e-01  2.94924937e-02 -4.87930030e-02  5.01970723e-02
 -4.60185967e-02 -1.07093910e-02  4.85657491e-02 -1.40089476e-02
  5.64366803e-02  2.67383754e-02  2.47538351e-02  6.94896504e-02
 -4.40797508e-02 -1.17831407e-02  1.45144701e-01  5.34008024e-04
  4.31559980e-02 -3.51956375e-02  6.11871257e-02 -1.65478660e-32
  5.06326333e-02  1.16002085e-02  1.82548277e-02  1.73287615e-02
  1.37337968e-02  1.36203822e-02 -9.02128220e-02  2.17103474e-02
 -3.40302289e-02 -6.51289672e-02  3.34932581e-02 -2.84232888e-02
  9.99518335e-02 -4.77209501e-02 -1.27785662e-02 -1.27702951e-02
  3.72252837e-02 -4.68298681e-02 -4.57227044e-02 -4.82081715e-03
 -3.74869779e-02  4.05184291e-02 -2.16597803e-02  2.76102568e-03
  1.30075039e-02 -2.09330805e-02  3.60874576e-03  5.40873855e-02
 -4.06488627e-02 -5.32785021e-02  6.04704907e-03 -1.59836467e-02
  1.27715273e-02  1.25408601e-02  2.62917932e-02 -1.19040206e-01
  1.01513408e-01  2.45183264e-03  1.17809158e-02  6.52319863e-02
 -2.48872098e-02  7.85974711e-02  4.07473259e-02 -1.81426853e-02
 -3.94500755e-02  4.70283218e-02 -1.41278086e-02 -6.14767633e-02
 -2.97067855e-02 -2.68446188e-02  8.74252319e-02 -9.91201773e-02
  1.21884216e-02 -4.01542634e-02  9.36020836e-02 -4.79990877e-02
  9.04433131e-02 -5.26201278e-02 -6.26178458e-02  8.49442091e-03
  8.73496234e-02  3.77019495e-02  5.19706123e-02  6.15612604e-03
  3.10176928e-02  1.18797449e-02 -4.16261852e-02  2.23438889e-02
  2.15275772e-03  4.01657075e-02  1.44332554e-02 -8.33686292e-02
 -1.48574803e-02 -2.23935731e-02 -6.95795566e-02 -1.09714024e-01
 -2.92195147e-03  5.84224723e-02  9.49679967e-03  1.03450697e-02
 -1.08629987e-01  3.34391892e-02 -2.03318913e-02  6.20140042e-03
 -7.48830587e-02 -8.91303048e-02  1.34587185e-02  1.17157791e-02
  4.50386200e-03  5.50133735e-02 -4.04421166e-02  5.99733889e-02
 -8.06904286e-02  1.82697419e-02 -5.33966050e-02 -6.77439331e-08
  7.83533137e-03 -1.02325544e-01 -4.10653315e-02  4.16626735e-03
  9.14717764e-02  4.51381765e-02 -2.28905082e-02 -6.99104294e-02
  6.59576943e-03  2.62192842e-02  7.08786994e-02 -7.07227662e-02
 -2.32208613e-02 -7.42137479e-03 -3.17187756e-02 -8.70350450e-02
  7.62399957e-02  2.84948498e-02 -6.93888441e-02 -6.31993487e-02
  5.38954623e-02 -9.86836851e-03 -3.06035653e-02 -9.95790362e-02
  8.63223448e-02  1.33417491e-02 -4.98450212e-02  2.45145969e-02
 -3.30872908e-02 -3.93772647e-02 -4.53821868e-02  6.11546822e-02
  3.22688706e-02  4.65562148e-03 -2.77069327e-03 -3.09531633e-02
  3.65773328e-02  3.77396271e-02 -8.02069679e-02  9.94389951e-02
  1.00339182e-01 -7.29030743e-02 -6.92623332e-02 -1.11581041e-02
 -4.16805409e-02 -3.61168534e-02  1.34010920e-02 -4.62759733e-02
 -4.47660722e-02  7.26319058e-03 -6.64960146e-02  9.97459665e-02
  1.00992844e-01 -4.21076827e-02 -5.42806287e-04  7.11958855e-02
 -9.41365678e-03  3.28725204e-03 -9.44848210e-02  3.48502799e-04
  6.88454360e-02  5.68620823e-02  1.15458369e-02  4.22317237e-02]