[ 4.82320599e-03  5.84629662e-02 -6.42555282e-02  1.93782970e-02
 -4.78026457e-02  3.54201309e-02  3.22413556e-02  1.00392245e-01
  1.15327053e-02  7.26054385e-02  1.09180339e-01  3.56527185e-03
 -4.93785255e-02  4.46275398e-02  5.00974432e-02  3.07085998e-02
  6.63239583e-02  4.81287092e-02 -5.07224239e-02  1.09365501e-01
  1.33534834e-01 -2.91502327e-02 -1.40135009e-02  4.19553928e-02
 -1.09372996e-01 -1.35280960e-03  4.51179640e-03 -4.22762148e-02
 -4.06858027e-02 -2.20826771e-02  2.55408585e-02  9.12840515e-02
  1.00465514e-01 -8.18177611e-02 -1.62798073e-03  3.76382247e-02
  2.01639812e-02 -4.57161106e-02  4.74848412e-02  6.30773678e-02
 -9.32561904e-02 -6.91282377e-02 -1.01854645e-01 -1.69769749e-02
  3.24182049e-03  1.03285257e-02  4.45248038e-02  3.02907992e-02
 -7.99996965e-03 -5.46037853e-02  2.38519944e-02 -5.23073189e-02
 -5.96780516e-02  7.86411837e-02  5.52706933e-03 -6.93795532e-02
 -8.45198184e-02  1.02901375e-02  2.71422472e-02 -4.38369252e-03
 -7.78989941e-02  1.00973919e-01  6.64558681e-03 -4.81902156e-03
  1.84082948e-02  1.71807725e-02 -9.58013628e-03 -3.44476365e-02
  1.02593601e-02  1.17992885e-01  1.03380412e-01 -2.86228545e-02
  3.38657126e-02  4.41057347e-02 -4.94487174e-02  6.33190274e-02
  2.66835578e-02  3.82694677e-02  7.14425184e-03 -1.67401507e-01
  1.79654770e-02  2.22519785e-02 -1.43216504e-02 -5.07888868e-02
  1.42068779e-02 -3.17009389e-02  4.68197949e-02  1.20190121e-02
  4.11928399e-03  1.61438920e-02 -1.67166870e-02  4.69657779e-02
  1.78331207e-03 -4.26567346e-02  5.36608547e-02 -1.36738000e-02
 -5.82029708e-02 -1.05959661e-01  4.89951447e-02 -1.44290477e-02
  4.68959920e-02  6.60241693e-02 -8.75717681e-03  2.02967357e-02
 -1.72453634e-02 -6.54927716e-02 -1.07452208e-02 -4.99164276e-02
  1.35309203e-02  1.70703933e-01 -4.60024364e-02 -7.83089772e-02
 -5.60125150e-02 -6.37679771e-02 -3.97433005e-02  1.88844278e-02
 -7.52722844e-03 -3.20848189e-02  3.17420065e-02 -3.38350274e-02
 -7.49340886e-03 -9.93818417e-02  1.15074769e-01 -3.35845910e-02
  5.93498424e-02 -1.11468710e-01 -1.78274754e-02  1.20003169e-32
 -3.07697318e-02 -8.41545388e-02 -2.46946532e-02  3.01305242e-02
 -2.18426362e-02  1.76970027e-02  1.75360404e-02 -2.34541073e-02
  6.62223548e-02  7.15429038e-02 -6.00495189e-02  3.94539088e-02
  2.30364036e-02  5.05917855e-02  6.44630641e-02 -4.14092746e-03
  3.23255500e-03 -4.02955972e-02 -2.07772199e-02  6.27111495e-02
 -3.00644804e-03  1.30734192e-02  4.08011023e-03 -2.19410174e-02
 -4.54208367e-02  3.47721726e-02 -5.53276315e-02 -6.19817991e-03
 -4.12717909e-02  2.48695482e-02  5.49553260e-02 -2.04366688e-02
  1.56955831e-02 -3.92585844e-02 -5.16045503e-02  1.14399213e-02
  4.57184389e-03  3.17102894e-02 -3.86253782e-02 -9.12231859e-03
 -4.14789394e-02 -3.03396564e-02  7.51304626e-02  2.24074535e-02
  8.87034461e-02 -8.02178755e-02  2.01593339e-02 -6.10160194e-02
 -2.24692211e-03  6.30453378e-02 -3.46368551e-02 -2.06700582e-02
 -5.71004599e-02 -4.98021767e-02 -5.65828159e-02  2.76551377e-02
 -1.20340586e-01  5.29760495e-02 -7.31804594e-02 -6.68970942e-02
  1.71616469e-02 -1.19695850e-02 -3.21237259e-02 -6.53022854e-03
 -5.32453097e-02 -6.53431863e-02 -4.38082293e-02 -4.18776944e-02
  7.12167546e-02  1.93909388e-02 -7.74934664e-02 -3.14975567e-02
 -6.14237189e-02  3.92571725e-02 -9.03275143e-03  9.38213617e-03
  4.74130102e-02  1.78785417e-02 -5.49909472e-02 -3.49530950e-02
  2.17877235e-02 -4.12183702e-02  1.81527231e-02 -2.77219489e-02
  6.50818720e-02  1.68509819e-02  4.21610195e-03  5.83487153e-02
 -3.11903600e-02  5.44855408e-02  4.24201414e-02  6.32486418e-02
  4.75421026e-02 -1.30575364e-02  7.57498518e-02 -1.33589085e-32
  6.21577017e-02  3.31295431e-02 -7.93714598e-02 -4.20476608e-02
  5.45920059e-02 -2.01484058e-02  2.49087811e-02 -1.12752825e-01
 -8.01160559e-02 -8.43289271e-02 -5.90435080e-02 -8.55064169e-02
  9.56315920e-02  8.14343989e-03 -8.80175158e-02 -7.55532598e-03
 -6.64136484e-02 -4.10126634e-02 -2.92829890e-02 -1.57032888e-02
 -5.28249145e-02  1.12703294e-01  4.34504040e-02 -3.59503925e-02
  3.65314214e-03 -3.72895002e-02 -3.95114422e-02  4.19106036e-02
 -5.52967377e-02  2.06121281e-02  1.15222437e-02  3.11964005e-02
  2.18510604e-03  7.57385418e-02  2.01692432e-02 -6.25718012e-02
  3.76735516e-02 -9.33689810e-03 -1.71059538e-02  5.57730254e-03
  5.34081552e-03  6.20719641e-02 -2.87313014e-02 -7.89438710e-02
 -2.62288544e-02  1.09956944e-02  9.40900762e-03 -9.70590487e-02
  5.20114601e-02 -3.76229919e-02  6.66020513e-02 -5.12236021e-02
 -3.97845618e-02 -4.85958997e-03  4.40434851e-02 -5.50383143e-02
 -1.75390225e-02 -6.96572885e-02 -4.93903495e-02  8.17449242e-02
  5.20784147e-02  2.77989209e-02  1.51284598e-02 -1.01821786e-02
  7.08346292e-02 -3.02623082e-02 -2.73924582e-02  6.73057213e-02
  2.78638080e-02  1.33225014e-02  9.00265872e-02 -4.17788774e-02
 -8.54617730e-02 -3.54961939e-02 -2.07775757e-02 -5.15631959e-02
  8.54407717e-03  2.45231576e-03  5.86477527e-03 -2.87928223e-03
  1.52207073e-02 -7.99249634e-02 -2.97426302e-02  2.77647655e-02
 -7.39526451e-02 -2.23974908e-07 -5.86128831e-02 -2.40763407e-02
 -1.00096473e-02  1.90256611e-02 -6.46610335e-02  1.84842283e-04
  5.27425669e-02 -9.95487440e-03 -6.51293173e-02 -5.85931765e-08
 -3.27527151e-03 -2.76171733e-02  3.06138978e-03 -7.55295949e-03
  3.61189693e-02 -4.67579439e-02 -4.85786162e-02 -1.14896558e-02
  5.50484890e-03  2.33212928e-03 -3.27177793e-02  3.87760326e-02
 -2.48087514e-02 -9.39033460e-03  3.93109992e-02 -3.58142406e-02
  7.30953962e-02  7.40328729e-02 -5.19913286e-02 -6.10604025e-02
  6.56538233e-02 -4.57938872e-02 -9.56675559e-02 -1.66162048e-02
  5.48143610e-02  3.73060210e-03  6.11409321e-02 -3.15251946e-02
 -4.50707860e-02  4.25466932e-02 -2.58692149e-02  1.47864241e-02
  3.97311710e-02 -3.70226763e-02 -4.77560647e-02 -2.84999907e-02
  6.99837953e-02  6.62809461e-02 -4.57421727e-02  2.90028956e-02
  1.09691702e-01 -5.81870414e-02 -1.31961163e-02 -5.46687171e-02
  1.43318772e-02 -3.14759538e-02  1.46424258e-02  5.22450991e-02
 -4.38128933e-02  8.80785510e-02 -4.41714302e-02  6.40853271e-02
  5.62370606e-02  3.17697297e-03  1.27258459e-02 -3.75252105e-02
  7.78184598e-03  1.13774054e-02 -3.12918648e-02 -1.07424771e-02
  8.35546553e-02  1.05417520e-01  7.47502074e-02 -5.92304990e-02]