[-2.67370306e-02 -4.38640155e-02 -2.78457887e-02 -5.46862110e-02
 -5.60886264e-02 -2.95926891e-02  2.13556900e-03  1.06898926e-01
  3.57837118e-02  7.78931826e-02  6.82648346e-02 -3.27183716e-02
 -2.10353397e-02  5.93227940e-03 -5.72948754e-02 -3.50576043e-02
 -5.81883043e-02  1.96904875e-02 -1.29594002e-02  6.11353219e-02
  6.21404760e-02 -7.08287954e-03 -6.89812936e-03 -5.37192775e-03
 -2.42549889e-02 -6.97690668e-03 -1.53554911e-02 -1.15162274e-02
  1.88389253e-02 -2.21327767e-02 -4.04327884e-02  1.27563521e-01
  2.56827977e-02  1.15243327e-02  1.72589719e-02 -1.87531486e-02
  8.32761899e-02 -9.42085013e-02 -3.20853777e-02  3.93737257e-02
 -1.30155589e-02 -6.59545660e-02 -6.03550579e-03 -4.97328416e-02
 -3.06889694e-02  3.66682298e-02 -4.06531058e-02 -3.71876359e-02
 -6.21243641e-02 -6.71970248e-02 -6.49230108e-02 -2.41387393e-02
 -3.21020186e-02  6.01747595e-02 -2.17256527e-02  2.89497850e-03
 -5.44435233e-02 -7.64256436e-03  1.20264972e-02  5.54097518e-02
  1.26961584e-03  4.19734977e-02 -7.75567591e-02  3.66833508e-02
  1.29633099e-01  1.90831758e-02 -2.40443666e-02  1.34126786e-02
 -6.89839572e-02 -9.48396325e-03  1.35110840e-02 -9.37948227e-02
 -1.45694502e-02  2.93540303e-02 -3.31118479e-02  5.78838252e-02
 -4.72489595e-02 -1.85753666e-02  4.71466780e-02 -1.41892269e-01
 -1.48696266e-02 -1.09941578e-02 -1.86482947e-02 -2.98958644e-02
  6.36355877e-02  5.05033694e-02 -7.17185289e-02 -1.39391227e-02
  1.51920216e-02  5.94907403e-02  7.00127929e-02  4.14528325e-02
 -4.61995509e-03  1.91890951e-02 -3.71749215e-02  7.67040579e-03
  2.78245471e-02  2.86073387e-02  7.40081295e-02  6.54397672e-03
  6.90193847e-02  4.82065603e-02 -6.76249713e-02  7.32592642e-02
 -9.49724764e-02 -6.87300488e-02  1.60147250e-02 -1.54731302e-02
  6.37506545e-02  3.16060643e-04 -1.31098673e-01 -8.93664267e-03
 -7.76751041e-02 -1.18163399e-01 -1.00814924e-01 -2.04086583e-02
  2.45937258e-02  5.91643760e-03  1.20340243e-01 -1.48840593e-02
 -7.59804323e-02 -1.14018805e-01 -3.97214368e-02 -8.30652192e-04
  6.97671548e-02 -5.23929968e-02  3.77160348e-02  1.92254085e-32
 -2.34546419e-02  1.13882143e-02 -2.22938824e-02  8.55933130e-03
 -8.37180112e-03  4.17932272e-02 -6.32244349e-02 -4.64594066e-02
 -1.17026521e-02 -2.67497264e-02 -1.13226198e-01  8.07369649e-02
 -6.85907528e-02  4.80255520e-04  1.08407654e-01 -1.54121183e-02
  1.41485240e-02  8.52434803e-03  5.30465282e-02  1.30793862e-02
 -8.13183666e-04 -2.44399067e-02  3.63723449e-02  2.80067907e-03
  6.27706274e-02  6.44849241e-02 -5.74070662e-02 -2.11759955e-02
 -4.12902571e-02  7.10212439e-02  3.26160267e-02  6.57887338e-03
 -3.12977098e-02 -4.25184406e-02 -3.59765925e-02  1.47944940e-02
  1.74470227e-02  2.27766410e-02 -6.97292760e-02 -2.91968603e-02
 -1.61912087e-02 -8.88501760e-03  3.76426056e-02 -2.35886257e-02
  3.15637216e-02  5.02009597e-03  8.11369903e-03 -1.77704506e-02
  8.91364142e-02  3.47895920e-02 -2.39921249e-02 -1.90704390e-02
  1.28905131e-02 -5.07980511e-02  8.74985009e-02  1.02449227e-02
 -7.08703995e-02  7.92079791e-03 -1.99320260e-02  8.79086833e-03
 -2.45826263e-02  4.16967086e-02  1.59519119e-03 -1.30965821e-02
  1.64848883e-02  2.09246501e-02 -3.01517304e-02 -3.52299809e-02
  1.22023493e-01 -5.14765605e-02 -6.12973310e-02  5.23565213e-05
 -2.31961850e-02  5.24630807e-02 -3.44100557e-02  2.10048016e-02
 -3.46882828e-02  1.05793364e-02  5.12324332e-04 -1.30043812e-02
 -6.99789152e-02  2.95911562e-02  4.78727184e-02  1.25861233e-02
  9.22403187e-02  8.91917385e-03  2.87678149e-02  1.34916948e-02
 -1.89041272e-02  7.19402060e-02  3.92368659e-02  6.82256222e-02
 -4.00515087e-02  4.06675190e-02 -2.94655878e-02 -1.97259163e-32
 -4.31444943e-02  4.69887555e-02 -1.43767744e-01 -1.62693113e-02
 -5.39149791e-02 -4.85864617e-02 -6.65432513e-02 -1.76092368e-02
  6.60658702e-02 -7.49302953e-02  2.23123003e-02 -9.80689898e-02
  5.94366454e-02 -5.53732812e-02 -7.23759979e-02 -2.38240212e-02
 -8.63293335e-02 -3.62637602e-02 -4.80346242e-03 -6.09694049e-03
  1.37817618e-02  7.73225725e-03 -4.67030741e-02 -1.80066600e-02
 -5.84339490e-03 -1.49219371e-02 -5.54846898e-02 -2.98091024e-02
 -7.08918869e-02 -2.48423591e-02  7.74390763e-03 -1.78254843e-02
  1.31121175e-02  1.05505213e-01  6.23903982e-03  1.40430511e-03
  5.04685938e-02  1.74279194e-02 -9.95349605e-03  4.03250903e-02
  4.74743433e-02  1.30253017e-01  1.82083379e-02 -2.17515808e-02
 -1.70907788e-02  4.36009467e-03  2.30506193e-02 -4.99378853e-02
 -2.77244039e-02 -5.53535223e-02  1.36677653e-01 -4.37923633e-02
  2.57830340e-02 -6.58302605e-02  9.94223729e-02 -6.28551096e-03
  4.52953838e-02 -6.62258193e-02 -1.09355047e-01 -3.69572006e-02
  1.55116513e-01  2.72374284e-02 -6.11361600e-02  4.13850881e-02
  1.30506724e-01  7.75877386e-02 -3.42456847e-02  7.95303751e-03
  2.17728484e-02  5.91812329e-03  3.36407572e-02 -7.13380799e-02
 -6.91367090e-02 -9.48881265e-03 -2.74846051e-02 -8.45756009e-02
 -1.10646136e-01  3.50510739e-02 -2.67515089e-02  4.49183360e-02
 -9.41513404e-02  1.08638937e-02 -1.18054738e-02 -2.21357327e-02
 -4.19154465e-02 -3.83934118e-02  9.17576775e-02  1.44647462e-02
 -2.70428713e-02  5.93726933e-02 -1.77626349e-02  3.38907614e-02
 -3.58077101e-02  9.73309875e-02 -5.81145808e-02 -8.50718251e-08
  1.24004297e-02 -8.36813748e-02 -7.62367472e-02 -2.04156130e-03
  1.65038500e-02 -8.21040422e-02  8.82727373e-03 -7.59593491e-03
  1.85896968e-03  5.20202518e-02  2.36117933e-02  1.85261352e-03
 -2.93579679e-02  3.61655988e-02  1.17260501e-01 -1.75475776e-02
 -1.44109468e-03  2.66833398e-02 -1.02671385e-01 -3.39735523e-02
  1.33712947e-01 -3.17755453e-02 -2.49136556e-02 -2.08359342e-02
  5.53926155e-02  1.70182576e-03 -4.17116769e-02  8.99866670e-02
 -1.20148389e-02  1.55615164e-02 -2.65634675e-02  2.27830149e-02
 -1.11499080e-03 -3.18240263e-02 -5.59390187e-02  3.95743772e-02
  2.08484642e-02  3.54675553e-03 -2.66746897e-02  2.58012451e-02
 -2.49127741e-03 -8.75137746e-02 -7.20713511e-02  4.11175527e-02
  9.73685309e-02 -1.67731705e-04 -1.21988300e-02  5.87121770e-02
 -1.79109871e-02 -1.04293469e-02 -5.61657026e-02 -8.02140869e-03
  8.07791203e-03  8.14937707e-03  1.40756066e-03 -1.28079541e-02
  3.87004018e-02  4.81051467e-02 -2.07752129e-03 -6.89077005e-02
  3.70987877e-02  7.49989375e-02 -2.09789388e-02 -2.13417392e-02]