[-2.77030468e-02  1.81556866e-02 -6.01638667e-02 -2.65053809e-02
 -1.25008419e-01 -1.86366830e-02  5.51391877e-02  1.13392882e-02
 -1.46766417e-02  3.24914753e-02  7.46780783e-02 -2.02838294e-02
 -2.37869807e-02  7.27183446e-02  3.59075218e-02 -9.86938477e-02
  9.78652611e-02 -3.73748727e-02 -2.43672505e-02  3.84680182e-02
  1.10238403e-01 -2.93609501e-05 -9.51183662e-02 -5.81966853e-03
 -9.09893885e-02 -6.66657314e-02 -5.46838641e-02  2.88907322e-03
 -5.53156845e-02 -2.68250201e-02 -3.88447344e-02  4.20249961e-02
  3.03641595e-02 -6.42444193e-03  1.69915501e-02  3.54420543e-02
  7.66813084e-02 -8.02810937e-02  6.15803199e-03  8.21263716e-02
 -7.14524537e-02 -7.04771280e-02 -1.04186498e-01 -5.68909235e-02
  2.00655069e-02  6.57306612e-03 -1.88449919e-02 -4.48645540e-02
 -3.01136659e-03 -2.42580157e-02 -4.43817675e-02  1.51131125e-02
 -4.07131352e-02  3.74996127e-03  7.03414902e-03 -5.14376014e-02
 -3.13243493e-02  2.51523498e-03 -2.07930710e-02  7.19562871e-03
 -7.40289761e-05  2.85971873e-02  2.42033023e-02  1.28973750e-02
  1.05988875e-01  3.49945418e-04 -1.21263720e-01 -4.72609773e-02
 -1.06651941e-02 -7.15600252e-02 -7.54628982e-03 -6.72721416e-02
 -1.01769650e-02  6.67922348e-02 -6.23373054e-02  8.54383782e-02
  1.78521127e-02  3.83846462e-02  1.91600807e-02 -1.22788630e-01
  3.53614949e-02 -2.09163129e-02 -1.54542336e-02  3.35924812e-02
 -5.63587004e-04  5.59299719e-03 -3.04098502e-02  6.40779268e-03
  1.10956259e-01  1.97854601e-02  1.02735452e-01  7.85724074e-02
 -4.10952121e-02 -7.08628371e-02  5.12231700e-02 -2.78130472e-02
 -4.75048125e-02 -1.59643777e-02 -1.07070515e-02 -8.36701971e-03
  5.12561984e-02 -4.27805912e-03 -1.08848661e-02  5.65548055e-02
 -1.69278067e-02 -2.98781181e-03 -1.07120872e-02 -6.03355169e-02
  3.20818610e-02  9.01586637e-02 -8.25931802e-02 -1.87185244e-03
 -1.02662727e-01 -3.82742472e-02 -1.09408751e-01  3.72876935e-02
 -5.62528670e-02 -6.92241266e-02  4.22043130e-02 -3.38043682e-02
  9.04818345e-03 -1.72896832e-02  6.95077935e-03 -8.92864913e-02
  2.93703545e-02 -2.81700380e-02  9.49199274e-02  9.16692813e-33
 -9.26863700e-02 -3.03372554e-02  3.84537317e-02  8.23898241e-03
 -1.39119625e-02 -4.61178971e-03 -3.32499892e-02 -4.73431079e-03
  8.76834616e-02 -4.88980720e-03 -8.81282687e-02  6.19124919e-02
  3.12036928e-02 -3.01710013e-02  3.66314836e-02 -3.84407416e-02
  2.87226271e-02 -1.72438193e-02 -2.38051880e-02  6.89180801e-03
  3.83966416e-03 -3.24109732e-03  3.53387259e-02 -4.68836799e-02
  1.01187509e-02  1.14948815e-02 -7.67264068e-02 -3.36042941e-02
 -2.00340636e-02  4.86983433e-02  7.40473643e-02 -3.26745547e-02
  3.54048423e-02 -2.75089163e-02 -2.44132113e-02  1.45407785e-02
  1.73964575e-02  4.80757048e-03 -3.29056270e-02 -5.32772839e-02
 -8.07444528e-02  4.18910719e-02  5.04575670e-02  1.43834651e-01
 -1.93729978e-02 -2.76299212e-02  3.45161115e-03  9.43567231e-03
  8.41883570e-02  6.92727789e-02 -2.21812148e-02 -3.23077329e-02
 -6.63815662e-02 -5.96902035e-02  2.63421163e-02  4.49900217e-02
 -1.15483440e-02  3.27630416e-02 -8.59920606e-02 -3.46095115e-02
  4.34743566e-03 -6.39406592e-02 -3.61999013e-02 -1.03716236e-02
  4.53012288e-02 -6.09328337e-02 -2.84743905e-02  3.61655094e-03
  1.18357792e-01 -3.38774472e-02 -3.01624704e-02 -1.38469301e-02
  5.57445548e-02  4.12556194e-02  8.63265479e-04 -1.45626171e-02
  9.52476710e-02  1.83667671e-02 -3.08559500e-02 -1.02185886e-02
 -3.75337303e-02  8.17390438e-03 -3.01791560e-02 -1.44883515e-02
  9.65138599e-02  2.43008230e-02  9.43720341e-03 -1.00226253e-02
 -2.27111205e-03  8.68158638e-02  2.78601830e-04  1.27383828e-01
 -4.06065211e-02 -5.90903219e-04  3.02240495e-02 -1.11220551e-32
  1.50407394e-02  4.38464470e-02 -7.21680447e-02  1.56474616e-02
  1.30633656e-02 -3.20691131e-02  1.13245426e-02 -4.13345098e-02
 -2.50622965e-02  1.08888652e-02 -4.36366349e-02 -9.80979726e-02
  9.31079164e-02 -9.83867422e-03 -7.86246881e-02  8.31339229e-03
 -5.92042133e-02  2.51176693e-02 -2.53457408e-02  6.75515905e-02
 -3.28834467e-02  7.55519420e-02  4.55808416e-02 -5.26798777e-02
 -1.97119154e-02  2.50199381e-02 -5.80982342e-02 -4.70380597e-02
 -8.21822733e-02 -7.62728006e-02 -3.42112762e-04 -5.37107280e-03
  1.13750976e-02  1.22810818e-01 -1.75212957e-02 -1.00626964e-02
  1.05419986e-01 -2.71833707e-02 -6.53992966e-03  4.43192013e-02
  6.34954572e-02  1.47168534e-02 -9.16838273e-03 -4.59506027e-02
 -8.79265517e-02 -5.27151069e-03 -2.03073286e-02 -1.18026875e-01
  1.60869099e-02 -5.60972393e-02  1.03632323e-01 -5.87741472e-02
 -1.88296046e-02  3.28723677e-02  5.00152968e-02  5.49278222e-03
 -4.61196946e-03 -8.98235589e-02 -1.77592933e-01  3.35586071e-02
  1.64619878e-01  6.19025603e-02 -3.19922976e-02  1.48155093e-02
  1.09263554e-01 -1.21602323e-02 -5.20728389e-03  4.83207963e-03
  1.59727614e-02 -3.09917554e-02  2.62378389e-03 -1.01731308e-01
 -5.68237528e-02 -5.04941568e-02 -3.68513986e-02 -4.19194102e-02
 -4.03937371e-03 -9.39226244e-03 -2.01487932e-02 -1.17225787e-02
 -9.46893170e-02  2.24436726e-02 -4.93980274e-02 -4.78390306e-02
 -2.59620603e-02  6.54398371e-03  2.36153714e-02 -1.77991092e-02
  1.78236421e-02  9.88734215e-02 -7.06824884e-02  3.58580127e-02
  5.08439243e-02  6.47982210e-02 -3.29060853e-02 -5.76691512e-08
  2.19799522e-02 -2.59322114e-02  1.07304389e-02  4.49049734e-02
 -2.29323898e-02 -4.32106480e-02 -1.58293508e-02 -1.91570148e-02
  1.05351638e-02  6.10969178e-02 -5.01683156e-04  9.68743825e-06
 -3.23280618e-02 -3.26598831e-03  3.26507688e-02 -5.82991987e-02
  7.29153752e-02  3.26833129e-02 -4.13667560e-02 -3.33137810e-02
  1.72442161e-02 -1.33456951e-02 -6.46907687e-02 -4.23907004e-02
  2.81794416e-03  3.18356566e-02 -5.74418269e-02  5.74759878e-02
  1.95024051e-02  4.12660502e-02 -1.46103799e-02 -2.62595154e-02
  4.08003032e-02 -9.30414498e-02 -5.50716668e-02 -4.33059819e-02
 -3.82892452e-02  2.62018293e-02 -1.56043284e-02  4.89909612e-02
  2.98669953e-02  6.35757893e-02 -6.03171028e-02  3.51148993e-02
  7.46203512e-02  8.98696855e-03 -6.36407062e-02  1.06784947e-01
  1.02335243e-02  1.88425742e-02 -2.19286550e-02 -6.33218139e-02
  7.54311532e-02 -3.67372446e-02 -6.10871846e-03  9.18103103e-03
  6.13565482e-02  3.27760689e-02 -1.11626452e-02  4.56909053e-02
  2.40580831e-02  7.16990381e-02  7.36912480e-03 -1.83605328e-02]