[-2.52038557e-02  6.27311245e-02 -7.08521679e-02 -9.26504508e-02
 -8.27141032e-02 -1.98842660e-02 -1.09609058e-02  1.29497394e-01
  2.99721267e-02  7.20158964e-02  9.08560753e-02  5.52183762e-02
  1.07372273e-02 -3.28382775e-02  5.97452046e-03 -6.27087653e-02
  3.74859869e-02  1.41249958e-03  7.68923387e-03  5.42248711e-02
  1.59899145e-01 -3.92495561e-03 -3.76317054e-02  2.03560349e-02
 -4.83690463e-02 -4.08934690e-02 -3.56684029e-02  4.48824698e-03
 -3.30943950e-02 -4.61161360e-02 -4.49142382e-02  4.09654640e-02
  1.20384350e-01 -2.32849997e-02  2.26829015e-02  2.61828490e-02
  1.07603289e-01 -6.31105825e-02 -1.05163395e-01  4.12557051e-02
 -8.96702111e-02 -4.41270173e-02 -1.23725887e-02 -5.27863996e-03
  4.24362496e-02  2.75284122e-03 -4.13535126e-02 -5.24956472e-02
 -4.02581766e-02 -2.52982434e-02 -6.47856966e-02  1.00272577e-02
  3.93961333e-02 -1.23669244e-02 -4.31887843e-02 -5.51407114e-02
 -2.47924738e-02  3.98250259e-02 -1.69475321e-02  6.57745078e-02
 -2.78392597e-03 -2.51519550e-02 -2.50209048e-02  1.36718415e-02
  4.79811877e-02  1.23649826e-02  5.11362515e-02 -1.10967256e-01
 -2.23944243e-02 -3.62053886e-02  8.67781788e-03 -9.09519121e-02
  3.45963687e-02  3.41505408e-02 -2.31826641e-02  5.26760742e-02
  5.31131821e-03 -1.28956782e-02  4.35363650e-02 -1.77956745e-01
 -1.11580146e-02 -4.40361910e-03 -5.58327995e-02 -2.75915451e-02
  2.29579397e-02 -2.70217117e-02 -3.38592455e-02  5.75656667e-02
  6.11716062e-02 -3.26419212e-02  4.26294655e-02  6.76959306e-02
 -8.54803771e-02 -1.74174514e-02  5.38831241e-02 -3.47106904e-02
  3.93984057e-02 -5.39608374e-02 -2.61171162e-03 -1.54976109e-02
  4.51312214e-02 -1.01112033e-04  7.82057643e-02  7.06303492e-02
 -5.70742693e-03 -1.24248248e-02 -2.18457766e-02 -4.68384847e-02
 -6.90023135e-03  3.46289575e-02 -4.56765108e-02 -2.12178510e-02
 -1.21490687e-01 -6.75238371e-02 -2.54599899e-02  1.33586535e-02
 -4.89436910e-02 -8.90463963e-03  9.88006666e-02 -2.45220289e-02
 -4.04890515e-02 -7.86445960e-02  2.86409389e-02 -7.09204674e-02
  3.55039276e-02 -2.95173377e-02  9.64973047e-02  1.16230523e-32
 -7.46026710e-02  1.89741049e-02 -4.39026020e-02 -7.05517782e-03
 -6.18408285e-02  8.02657660e-03 -1.77623779e-02  4.02998365e-02
  9.21361819e-02  1.36425374e-02 -3.37214097e-02  8.63699317e-02
  1.55234961e-02  7.47581664e-03  1.83632642e-01 -6.40081838e-02
  3.16362269e-02  1.56909376e-02  1.49773024e-02  2.69680116e-02
  1.53750973e-03 -2.67790370e-02  6.47554249e-02 -6.84864372e-02
  5.45175560e-02  9.76061746e-02 -1.60614052e-03 -6.10396639e-03
 -5.54007292e-02  3.65394987e-02  4.81961481e-02  8.98652896e-03
  1.42089315e-02 -1.00209571e-01 -8.77506565e-03 -1.69038568e-02
 -1.31804524e-02  7.38511141e-03 -4.36562439e-03 -4.28875759e-02
 -7.04356993e-04  4.45567258e-02  3.09436973e-02 -4.19107825e-02
  4.43916321e-02 -6.55195192e-02  6.58729821e-02  3.42254415e-02
  1.02849238e-01  8.24119803e-03 -9.35796052e-02  6.51420886e-03
 -2.97410320e-02 -6.58484399e-02  4.50649112e-02  2.42933780e-02
 -2.65398668e-03  6.35480508e-02 -7.06096133e-03  2.85953898e-02
 -8.69063959e-02 -2.10664701e-02  3.21835466e-02  7.86294509e-03
 -4.17008139e-02 -3.31097618e-02  1.69099011e-02 -1.42523851e-02
  6.97209239e-02 -8.15590844e-03 -6.64191321e-02 -4.89145592e-02
 -2.52990276e-02  1.02819642e-02 -5.62531538e-02  4.18323465e-02
  2.42792442e-02  2.35554222e-02 -9.99351814e-02 -3.36737931e-02
 -3.24812420e-02  2.70146094e-02  1.33267036e-02  4.09301072e-02
  4.27792035e-02  8.46255347e-02  2.29893643e-02  2.81660631e-02
 -1.75833758e-02  6.93096891e-02  3.03040538e-02  8.51903632e-02
 -3.40561792e-02  5.57100587e-02  5.02221137e-02 -1.32036316e-32
 -3.80771682e-02  3.34312357e-02 -6.40855543e-03  9.15157422e-03
 -1.79314502e-02 -3.42398742e-03  5.65417521e-02  5.35692424e-02
 -3.52520570e-02 -6.53884187e-02  7.13358168e-03 -8.60858038e-02
  6.66872831e-03 -8.44297111e-02 -5.75287081e-02  5.40494062e-02
 -1.36476964e-01 -5.59137277e-02  5.96441925e-02  7.23381415e-02
  7.49010369e-02  4.34437580e-02 -4.71270718e-02  2.18794048e-02
  4.01798822e-02 -1.59309804e-02 -6.43613636e-02 -2.96177175e-02
 -8.79406258e-02 -7.94704780e-02  2.52613407e-02 -3.18931714e-02
  1.30193979e-02  1.50803089e-01 -2.26724315e-02 -5.11569493e-02
  4.40471135e-02  1.33439330e-02 -3.96553101e-03  1.20625556e-01
  1.02335617e-01  9.92263258e-02  2.01869719e-02 -5.28346263e-02
 -8.52180365e-03 -7.64872208e-02 -1.57091562e-02 -1.13300160e-01
 -4.52686148e-03 -5.16040437e-02  6.31369501e-02 -6.29041642e-02
  5.15589602e-02 -5.73696792e-02  2.33734883e-02 -7.84062892e-02
 -1.41875847e-04 -5.12488410e-02 -9.99484360e-02  3.72511125e-03
  8.47043172e-02 -3.88148725e-02 -1.24645773e-02  1.00485934e-02
  6.10371456e-02 -7.71465292e-03  4.78096567e-02  4.73490059e-02
 -2.76188236e-02 -1.43274823e-02  4.10907008e-02 -1.74719263e-02
  1.19406497e-02 -6.98458329e-02 -3.94681320e-02 -1.97303314e-02
 -5.11378758e-02 -2.18382906e-02 -3.40405479e-02 -1.72592420e-02
 -5.36921769e-02  2.87910346e-02 -4.44390550e-02  1.74852759e-02
 -3.65446694e-02  5.16782107e-04  4.18955497e-02 -2.76307445e-02
 -3.27100381e-02 -1.27166770e-02 -7.99759924e-02  9.95167866e-02
 -2.35047657e-02  2.41747145e-02 -8.62378106e-02 -6.97911275e-08
  7.41690770e-03 -4.28753048e-02  4.58353348e-02 -2.06693150e-02
  2.67911442e-02 -5.11623099e-02 -1.55489165e-02 -1.25050489e-02
  7.31698889e-03 -8.83346330e-03  3.23030837e-02 -5.65069504e-02
 -3.71599640e-03 -1.26286764e-02  4.76258956e-02 -9.08073876e-03
  6.19693995e-02  3.64734270e-02 -3.45871747e-02 -5.83484434e-02
  5.70400693e-02 -4.21538614e-02 -1.36856269e-02 -4.76185754e-02
  2.53298916e-02  1.06667252e-02 -8.03827271e-02  5.97973838e-02
 -1.10604642e-02  4.77078706e-02 -3.22197638e-02 -3.95478010e-02
  9.12910476e-02 -2.12769601e-02  2.36139521e-02 -8.94647185e-03
  4.84162793e-02  4.56395410e-02 -2.69162767e-02  4.56517562e-02
  7.13179484e-02 -4.55704927e-02 -9.67554599e-02 -3.94404819e-03
  3.30843180e-02 -2.10729092e-02 -7.00388476e-02 -6.99005090e-03
 -2.36205906e-02  3.67993228e-02 -2.90210247e-02  8.63321777e-03
  2.03387043e-03 -2.88155396e-02 -6.90530473e-03 -1.23204337e-02
  8.97411723e-03 -1.90169159e-02 -5.10511361e-02  2.58339737e-02
  4.72370610e-02  3.55016552e-02 -4.47981954e-02  1.37240179e-02]