[-8.96091014e-02  2.75897677e-03 -7.77211860e-02 -8.61285478e-02
 -5.05243577e-02 -3.59637253e-02  9.55366902e-03  1.07613690e-01
  1.98294595e-02 -5.19459927e-03  4.86926772e-02 -2.27924213e-02
 -1.14924135e-02  2.77650990e-02 -2.90958025e-02 -1.24972120e-01
 -5.15218191e-02 -7.68624293e-03  2.08648108e-02  3.22805196e-02
  1.21518508e-01 -5.99261969e-02 -3.08790337e-02  8.29058141e-02
  1.93647749e-03  2.49892250e-02 -3.25623490e-02  7.24706873e-02
 -1.41937006e-02 -4.92998250e-02 -7.13763386e-02  2.53682081e-02
  1.23207919e-01 -4.98452596e-02  1.06963934e-03 -6.73905574e-03
  7.62257874e-02 -2.79717278e-02 -5.70790619e-02  1.80127714e-02
 -5.15053421e-02 -1.69911273e-02 -3.04148458e-02  2.14849180e-03
  1.36863627e-02  3.05837230e-03  5.96180595e-02  2.51628272e-02
 -1.11394979e-01  5.33289090e-02 -6.65151775e-02 -7.33781978e-02
 -2.05365494e-02  3.37548507e-03 -8.46989900e-02 -4.52500433e-02
  2.45230850e-02  8.50366801e-03  2.32599210e-02  7.21951351e-02
 -2.65683364e-02  2.82174852e-02 -6.81257024e-02  7.30383471e-02
 -2.74455119e-02  2.21150089e-02 -2.00798009e-02 -5.00641018e-02
 -5.03586233e-03 -3.97852808e-02 -1.11577017e-02 -7.91174993e-02
  1.19173797e-02 -3.72687727e-02 -8.31945986e-02  1.20956646e-02
 -5.30896708e-02  4.07032110e-02 -3.42931226e-02 -1.21442653e-01
  4.72244732e-02 -4.15768698e-02 -7.37963943e-03 -3.06133963e-02
  2.01444165e-03 -2.18510348e-03 -1.37118893e-02  6.10449873e-02
  4.87155132e-02 -3.27617978e-03  3.23635787e-02  6.56300411e-02
 -2.30495650e-02 -2.45672725e-02  5.65935671e-02  3.17598246e-02
  6.64033345e-04  1.71548743e-02  8.35868642e-02  1.38994316e-02
  5.89709952e-02  3.23506743e-02  1.91247836e-02  4.82524037e-02
  1.84203405e-02 -1.93398353e-02 -9.14827827e-03  1.32095525e-02
  4.35108915e-02 -3.65465842e-02 -8.93953368e-02  1.67562310e-02
 -5.78568503e-02 -1.30331010e-01 -8.69257376e-02 -7.82345794e-03
 -1.12131730e-01 -2.00067200e-02  5.15408255e-02 -2.87838969e-02
  1.90960988e-02 -6.30270243e-02  1.06813796e-02 -1.01906113e-01
  1.26879156e-01  1.09533556e-02  8.63861442e-02  6.38326052e-33
 -4.58399691e-02 -2.28885505e-02 -6.99961185e-02  2.20344551e-02
  3.32600363e-02  4.97535579e-02 -9.62371528e-02 -1.50477616e-02
  9.03382599e-02 -8.72692931e-03 -2.44273897e-02  6.49596155e-02
 -3.38939279e-02 -1.06949948e-01  1.47997066e-01  3.26499902e-02
  6.87761307e-02  1.77802835e-02 -2.75698230e-02 -2.08005235e-02
 -1.18779913e-02 -2.99332757e-02 -1.38275521e-02 -6.46244884e-02
  4.90130037e-02  1.43697187e-01 -8.81183818e-02  3.23066600e-02
 -2.93251295e-02  1.50940996e-02  8.75395015e-02 -8.86136442e-02
  1.51440790e-02 -1.75183285e-02  3.80332768e-02 -5.62724173e-02
  6.36802847e-03 -4.20996957e-02  8.23590253e-03  1.91073604e-02
 -5.51967919e-02 -4.90776412e-02  7.34153960e-04  2.78477129e-02
  3.88893932e-02 -4.05732542e-02 -8.71051382e-03 -2.28565047e-03
  1.09996825e-01  8.25265571e-02  3.22845951e-02 -1.46801965e-02
 -6.10143393e-02 -1.69378277e-02 -2.86137834e-02  4.50792201e-02
 -7.33288750e-02  3.28560993e-02 -1.02930563e-02 -8.27630516e-03
  5.66318573e-04  4.59466837e-02  3.96387978e-03 -5.03121205e-02
 -3.60832661e-02 -4.52291258e-02  3.41887847e-02 -1.88426916e-02
  9.34709460e-02 -1.67600680e-02 -8.24674293e-02 -3.21059525e-02
 -4.19969186e-02  5.14383018e-02 -2.29676422e-02  3.17389704e-03
  4.79081050e-02  2.65416037e-02 -2.29435391e-03  9.39840276e-04
  1.42097578e-03 -3.78105864e-02  2.69318148e-02 -1.37237366e-03
  4.04906869e-02  6.54126406e-02 -2.16600653e-02  5.83563372e-02
  2.25185044e-02  8.90907794e-02  1.21385725e-02  6.58765584e-02
 -4.64599468e-02  8.30931365e-02  8.61767903e-02 -9.07348000e-33
 -3.07685025e-02 -5.76892495e-02 -4.61405963e-02  1.82502735e-02
 -5.46908192e-02  3.76497731e-02  8.68651737e-03 -1.43593540e-02
 -5.57349883e-02 -1.49689689e-01 -5.33503257e-02  1.73106994e-02
  1.75369997e-02  1.48810260e-02 -4.20578159e-02  4.95680496e-02
 -5.14651164e-02  1.64674763e-02 -3.15702893e-02  4.68098149e-02
  1.17069073e-02  4.57370505e-02 -8.44971314e-02  2.00009048e-02
  3.37858014e-02 -3.17217447e-02 -2.80877035e-02 -4.75368835e-02
  1.80246774e-02  2.24009901e-02  1.33571485e-02 -2.46304143e-02
 -1.05344923e-02  8.19039941e-02  1.67436805e-02 -2.19694171e-02
  9.28036124e-02  1.77790336e-02 -5.35537042e-02  6.11989163e-02
  6.03237152e-02  8.13700482e-02  1.72022488e-02 -5.46097234e-02
 -1.61639471e-02  3.58710662e-02 -1.05123855e-02 -9.68277454e-02
  1.35831498e-02  2.66790465e-02  4.66446914e-02 -3.81164961e-02
  4.93844450e-02 -9.92777199e-02  2.31807344e-02 -4.23909687e-02
 -7.50284418e-02 -4.44479249e-02 -8.63619670e-02  3.35659657e-04
  9.80213061e-02 -4.96082800e-03 -8.14263076e-02 -2.20451783e-02
  1.11220330e-01  4.24325503e-02 -5.21280840e-02  8.43002647e-02
 -2.35585105e-02 -5.43422997e-02  4.01407778e-02 -1.22400708e-01
 -9.91064906e-02 -4.02200483e-02 -1.35421520e-02 -3.57580483e-02
 -5.66760674e-02 -7.33838649e-03 -1.15225546e-01  3.39780897e-02
 -3.32405493e-02  9.21325237e-02 -5.96973933e-02 -1.79783162e-02
 -1.70257315e-02  1.91611741e-02  2.26908848e-02 -2.72160694e-02
 -2.39165854e-02 -8.72062817e-02  1.65473502e-02  4.94343489e-02
 -3.91050018e-02  6.80035949e-02 -2.78404728e-02 -6.62113706e-08
 -2.46657860e-02 -2.75403745e-02  7.95757249e-02 -3.98738384e-02
  1.13436870e-01 -3.98880951e-02  1.59507222e-03  2.80702114e-02
 -2.01051980e-02 -2.05334593e-02  1.55748250e-02 -6.25022277e-02
 -4.54648137e-02  4.44569299e-03  4.46620733e-02 -4.57677105e-03
 -2.25612875e-02  2.43671536e-02 -2.56416481e-02  6.11577369e-03
  9.37232822e-02 -3.71454172e-02 -5.59967244e-03  1.02627603e-02
 -8.91558174e-03 -4.71243523e-02  3.69595662e-02  1.03175670e-01
  1.26438467e-02 -5.06015122e-03  1.43507980e-02  4.36628656e-03
  4.66224328e-02 -1.60027649e-02 -1.63391475e-02  2.66814162e-03
  3.68913561e-02  7.72497877e-02  2.89173108e-02  2.62992978e-02
  5.70485042e-03 -6.70164898e-02 -8.06068536e-03  2.66853813e-02
  1.03892237e-02  5.18321656e-02 -3.45418639e-02 -2.41245236e-02
  1.36444680e-02 -4.83648740e-02 -4.39736880e-02 -1.18714664e-03
  2.44497303e-02  5.35081513e-02  4.19256985e-02 -1.56207737e-02
  7.11377859e-02  5.18066473e-02  7.63982534e-03  1.39234783e-02
  2.82392427e-02  5.60341589e-02 -1.55168409e-02 -2.39535179e-02]