[-9.87350345e-02  1.21473486e-03 -9.22710970e-02 -7.81192407e-02
 -9.31353122e-02  3.00403871e-03  3.02135758e-02  1.47195324e-01
  4.18405905e-02  2.58570891e-02  5.43790534e-02 -4.26285155e-02
  3.42632979e-02  9.45312553e-04  2.19298732e-02 -8.82656649e-02
  4.36644908e-03 -5.59464470e-02  1.24027822e-02 -5.94336651e-02
  1.28665388e-01 -1.97274275e-02 -4.14931215e-02 -5.19838789e-03
  2.01843455e-02 -9.30512398e-02  1.93712953e-03  2.71696579e-02
 -3.42735760e-02 -2.41866186e-02 -1.38092674e-02  8.49832669e-02
  6.87725991e-02  5.01845405e-03 -3.03423982e-02  1.76385082e-02
 -1.14726191e-02 -7.77060026e-03 -6.39902130e-02  6.38018623e-02
 -8.02234113e-02 -5.42042442e-02 -1.05562195e-01 -5.60949668e-02
 -8.09306093e-03 -6.75355643e-02  2.58532763e-02  8.71448778e-03
 -9.56827924e-02 -1.76565110e-04 -4.91825454e-02  2.70880926e-02
 -2.63714641e-02  2.84544267e-02 -2.96122134e-02 -4.57904786e-02
 -6.94342749e-03  3.45198847e-02  1.38178351e-03  5.92526868e-02
 -3.96633102e-03  4.60138842e-02 -4.30703210e-03  1.23557141e-02
  4.23189700e-02  1.18327923e-02 -4.03618487e-03  1.91216078e-02
 -4.19424759e-04 -6.28250316e-02 -3.89672890e-02 -6.71512559e-02
 -2.68618111e-02  4.16152067e-02 -3.62445079e-02  7.02596381e-02
  1.40201729e-02  2.56804507e-02  3.81028354e-02 -1.20907463e-01
  2.00633928e-02  3.94315235e-02 -5.47655411e-02 -1.51525140e-02
 -6.16654567e-03 -2.85970513e-02  7.14503345e-04  2.56577320e-02
  4.82158214e-02 -7.50220334e-03  2.36448161e-02  6.65900484e-02
 -5.17619215e-02  1.32547077e-02 -1.14772636e-02 -4.68640141e-02
 -1.87212806e-02 -5.35488352e-02  4.66070957e-02 -2.31357664e-02
  1.46340458e-02 -2.28717290e-02 -5.84493019e-03 -6.95993018e-04
 -8.02462921e-02 -4.34606289e-03  5.01832999e-02 -4.55973521e-02
  9.91773605e-02  6.16050400e-02 -1.19222172e-01 -1.27852513e-02
 -1.02282308e-01 -1.56450212e-01 -5.58143966e-02  8.01527947e-02
 -9.43311453e-02  3.65656279e-02  7.79181346e-02 -2.07037735e-03
 -2.16049440e-02 -3.12190764e-02 -2.87391469e-02 -5.25957383e-02
  1.05015166e-01 -1.63573530e-02  6.50454015e-02  1.11629499e-32
 -2.09440421e-02  6.39686733e-02 -1.05231196e-01  6.49442300e-02
 -7.30069680e-03  1.14625186e-01  1.46974716e-02  3.72604840e-02
 -5.86543418e-03  1.64331254e-02 -8.92390534e-02  7.70986676e-02
 -3.67686674e-02 -5.56733832e-02  6.27063364e-02 -3.20731252e-02
 -4.06102324e-03  1.10768285e-02  1.23024015e-02  1.92921935e-03
  5.28051751e-03  1.74705908e-02  4.20217924e-02 -1.84959266e-02
  1.11750886e-01  2.59578694e-02 -3.25852782e-02  1.74334235e-02
 -3.11921835e-02  1.33759447e-03  9.15604383e-02 -1.28980465e-02
  3.59281227e-02 -2.91729625e-02  3.20759788e-02 -2.71626990e-02
 -2.33858470e-02 -3.07856053e-02  2.35795286e-02  3.52662429e-02
 -1.27974506e-02 -2.33910698e-02  2.16544103e-02 -1.02507537e-02
  6.22483455e-02 -2.87949853e-02  1.15911546e-03  8.80138297e-03
  9.09983218e-02  5.63838854e-02 -1.23100644e-02  1.11094043e-02
 -5.81156835e-02 -1.82399154e-02  8.00960436e-02  3.71071771e-02
 -3.74836586e-02  1.12194999e-03  4.33945768e-02 -3.80384512e-02
 -6.71721548e-02 -2.20554899e-02 -5.85011393e-02 -1.40156476e-02
 -8.41245707e-03 -4.72082980e-02  1.15468567e-02 -3.62497978e-02
  1.19042888e-01  8.81889835e-03 -7.24311844e-02  2.65630800e-02
  3.68784624e-03  2.65200268e-02 -3.18767019e-02  1.68848019e-02
 -2.49399077e-02  6.08539097e-02 -2.52080075e-02  4.24344577e-02
 -5.68586960e-02  1.77215170e-02  1.08665349e-02 -1.27148638e-02
  9.19682905e-02  6.54517636e-02  3.00406292e-02  1.56987812e-02
 -7.78512377e-03  6.62368536e-02  5.37192859e-02  1.08703032e-01
 -5.42467274e-02  9.50101167e-02  6.64333627e-02 -1.23283026e-32
 -5.77051193e-02  1.42678600e-02 -3.39266695e-02 -7.70288752e-03
  1.34319896e-02 -1.58278756e-02  2.78071879e-04 -9.93690733e-03
 -6.65428489e-02 -5.92780635e-02 -2.40825769e-02 -1.14529282e-01
  5.39837219e-02 -9.50121731e-02 -2.13971864e-02 -2.43895198e-03
 -8.34293514e-02 -5.33397347e-02 -3.33535857e-02  4.43617627e-02
  1.32442359e-02  3.44364494e-02 -6.41704947e-02  1.40874675e-02
  3.42644416e-02 -8.06858614e-02 -6.00558184e-02  8.25456716e-03
 -6.06018677e-03 -5.56385331e-03  1.29605066e-02 -3.00302953e-02
 -8.06718320e-02  1.51396960e-01 -1.35021713e-02 -6.61424547e-02
  1.05528139e-01  1.05081340e-02  3.42341438e-02  8.29583630e-02
  1.02157064e-01  3.90060134e-02 -4.87233119e-05 -6.88757896e-02
 -8.25402513e-02 -3.05774454e-02  6.56786747e-03 -9.80159864e-02
 -3.21170911e-02 -4.19617333e-02  9.13129821e-02 -2.79656705e-02
  3.00456416e-02 -2.78307181e-02  3.29732895e-02  2.15257350e-02
 -5.92925074e-03 -5.99889532e-02 -5.54338694e-02  2.22570132e-02
  1.23546854e-01  6.04071468e-03  6.96494430e-02  3.25435773e-02
  5.93188591e-02  2.95626819e-02  1.68730151e-02  9.24514905e-02
  2.10203994e-02 -7.73638254e-03  2.65035592e-02 -8.42258707e-02
 -3.18393409e-02 -9.19611827e-02  1.49694961e-02 -7.00712949e-02
 -1.19099639e-01  6.95554316e-02 -4.60627154e-02  1.88000984e-02
 -1.29726417e-02  6.52361438e-02  7.11309782e-04 -4.70641404e-02
 -2.16227025e-02  7.71495476e-02  5.55163883e-02 -1.08169112e-02
  2.68955845e-02 -3.70636173e-02 -9.60886553e-02  5.45517877e-02
  2.10373718e-02  8.49642977e-02 -5.05033741e-03 -6.13823303e-08
  3.43622966e-03 -5.17176092e-02  1.82860494e-02 -5.08580878e-02
  9.28113982e-02 -6.88887909e-02 -4.73303869e-02 -1.30415652e-02
 -4.87339776e-03  1.92027353e-02 -6.24116074e-05 -7.00551793e-02
 -8.43546465e-02  3.76991369e-02  6.98648766e-02 -7.02529550e-02
  4.51449491e-02  3.09965201e-02  2.14213273e-03  6.81489147e-03
  7.63563961e-02 -1.99436136e-02 -6.38359264e-02  9.83754173e-03
  2.80998051e-02 -1.15362834e-02 -3.24383304e-02  2.85684038e-02
  1.75601075e-04  5.30478545e-02 -3.96243297e-02 -2.77469051e-03
  4.06497903e-02 -6.00589700e-02 -4.06754799e-02  2.57987399e-02
  4.26151082e-02  8.45824741e-03 -4.91512641e-02  7.27937650e-03
  8.26453641e-02  1.37359407e-02  4.71291714e-04  9.15223733e-03
  4.13845628e-02 -6.99236766e-02 -1.39584290e-02 -4.92835231e-02
  3.70767638e-02 -8.62349868e-02 -5.38107865e-02  1.51381856e-02
 -2.79816221e-02 -4.65019140e-03 -1.45330308e-02 -5.75401969e-02
  7.04783993e-03  3.94514529e-03 -4.15982753e-02 -1.61678214e-02
 -1.24798939e-02  7.34312367e-03  1.40954116e-02 -3.15094478e-02]