[-2.42085382e-02  2.43281256e-02 -5.59159368e-02 -3.34434099e-02
 -5.80786355e-02  5.17576351e-04  5.18995486e-02  8.65896344e-02
  9.35998261e-02  5.50518557e-02  6.87303543e-02  4.87284213e-02
 -1.96024757e-02  3.92557587e-03  3.89177389e-02 -6.18686788e-02
  6.00901283e-02 -2.00960487e-02  1.12593248e-02  2.18760446e-02
  1.46857128e-01  1.57463141e-02 -4.71736453e-02  7.72174969e-02
 -7.83350244e-02 -3.84052023e-02 -4.57991175e-02 -3.61745879e-02
 -7.94915110e-02 -6.58230931e-02 -1.66043371e-03  3.24105546e-02
  1.26137093e-01  6.02232805e-03 -7.17700273e-02 -4.31492412e-03
  2.60520186e-02 -3.13430801e-02  2.47035827e-02  9.40039977e-02
 -1.02325708e-01 -7.30382428e-02 -9.30705667e-02 -4.40126434e-02
 -4.07808386e-02 -1.67813320e-02 -1.07105132e-02  4.57357801e-02
 -6.24751262e-02  4.59035560e-02 -6.51330277e-02 -4.73319888e-02
 -1.29961614e-02  2.61453390e-02  1.03965830e-02 -9.53631923e-02
 -3.24434228e-02  2.45790416e-03 -3.65719795e-02  6.48280280e-03
 -3.34021710e-02  3.00144814e-02 -3.60868834e-02  2.81023793e-02
  6.24592640e-02  6.60296753e-02 -2.37039011e-02 -2.17565876e-02
  1.72904804e-02 -5.16184531e-02  4.12400626e-02 -4.83589508e-02
  5.68721965e-02  3.41437720e-02 -3.36994380e-02  6.70175180e-02
  3.00454982e-02  6.02808893e-02 -2.83444393e-02 -1.64348692e-01
  4.25830223e-02  8.61762315e-02 -2.72269137e-02  3.08980066e-02
 -2.57161595e-02 -2.68729068e-02 -7.25140236e-03  2.25183275e-02
  9.45605934e-02  1.54128131e-02  2.59599965e-02 -5.77681325e-02
 -1.16324788e-02 -2.04166528e-02  1.81518029e-02  3.58722266e-03
 -6.56661689e-02 -9.17959064e-02  4.28622551e-02 -6.01926558e-02
  5.86485527e-02  4.18600217e-02  1.14140438e-03  1.09255128e-02
 -5.55937402e-02 -4.23590578e-02 -8.41293577e-03 -5.83668202e-02
  5.48293740e-02  1.59215808e-01 -7.46152773e-02 -2.55129989e-02
 -1.08301692e-01 -5.59703521e-02 -6.86545074e-02 -3.40870358e-02
 -1.03275359e-01 -1.16591610e-03  6.66589737e-02 -6.87935725e-02
  1.33113461e-02 -1.20020555e-02  4.59843017e-02 -8.22899863e-02
  7.90001079e-02  7.58868293e-04  1.92377362e-02  6.12428112e-33
 -4.87022400e-02  1.65073518e-02  1.04594883e-02  8.18695500e-02
  6.89340150e-03  3.62996273e-02 -4.76908274e-02 -4.51855781e-03
  3.32825705e-02  8.24804977e-02 -8.25218484e-02  1.15154371e-01
  8.67568888e-03 -1.31389191e-02  5.94085082e-02 -1.85973924e-02
  2.58267540e-02  4.57916148e-02  4.01015803e-02 -2.87335832e-02
 -2.42646784e-02  5.85206114e-02  4.02646698e-02 -4.54534739e-02
  6.81355670e-02 -5.91819594e-03 -7.74198472e-02  5.85856324e-04
 -1.15814870e-02  3.02708596e-02  5.09509221e-02 -3.61693315e-02
  4.81366552e-02 -1.05116591e-02 -4.67888601e-02 -2.04993784e-02
 -2.51899790e-02 -6.18561096e-02 -1.19036082e-02  4.30271123e-03
 -3.10924910e-02 -3.56613696e-02 -1.00831212e-02  2.91816350e-02
  2.79416721e-02 -5.76518215e-02 -3.96806970e-02 -1.41931353e-02
  4.88201715e-02  3.57150733e-02 -5.07394038e-02 -3.15145403e-02
 -4.44060676e-02 -7.52931312e-02  1.78410280e-02  3.42357047e-02
 -3.12676243e-02  1.73423290e-02 -5.83796110e-03 -6.45331815e-02
 -1.19774258e-02 -2.70943586e-02  8.98818672e-03 -3.71359214e-02
 -2.92697195e-02 -5.22542298e-02  2.50355657e-02 -1.43971611e-02
  1.37028009e-01  2.67568659e-02 -9.21945944e-02 -2.85552051e-02
 -2.48370711e-02  5.11129163e-02  1.62852798e-02 -7.72522762e-03
  3.76544669e-02  4.60500680e-02 -4.25176648e-03  4.22157310e-02
 -1.46921920e-02 -5.16820960e-02  4.18537995e-03  6.77655414e-02
  5.65686226e-02  6.95398748e-02  2.59063691e-02  8.42984840e-02
 -4.08145599e-02  1.07218370e-01 -1.09575987e-02  1.18409313e-01
 -5.83920404e-02  4.64778133e-02  5.12057729e-02 -1.01778944e-32
 -4.87614572e-02  9.57444962e-03 -8.33011642e-02 -5.64533751e-03
 -4.91077714e-02 -3.24999169e-02 -7.51699833e-03 -4.89800610e-02
 -7.27338493e-02 -6.43806234e-02 -3.08481343e-02 -9.23487693e-02
  3.11397966e-02 -7.12742209e-02 -8.32980350e-02  5.94275407e-02
 -6.95900843e-02 -4.94998507e-02 -7.62000382e-02  9.84798744e-03
 -6.02218807e-02  4.25595827e-02  2.46480890e-02 -2.02313662e-02
  2.64732242e-02 -3.84175107e-02  1.62848476e-02  3.08822617e-02
 -6.96246251e-02 -3.23160291e-02 -1.34791769e-02 -6.88256696e-03
  6.51008822e-03  6.99260235e-02 -3.42729501e-02 -3.22427377e-02
  8.46961811e-02 -4.49816994e-02 -1.28282746e-02  8.12281072e-02
  6.36398420e-02  7.65721276e-02  2.02355962e-02 -8.65588412e-02
 -9.03467014e-02 -7.22631887e-02 -1.25711914e-02 -1.04393505e-01
  5.76698110e-02 -2.34787050e-03  9.05903280e-02 -6.22124746e-02
 -8.43801070e-03 -2.07330789e-02  1.45715661e-02 -1.81089267e-02
 -4.68115583e-02 -5.24269938e-02 -4.36074585e-02  2.65547596e-02
  8.87260139e-02  3.36906537e-02 -1.14246104e-02  3.03204730e-02
  6.62994906e-02 -4.63976115e-02  2.61022267e-03  3.66001129e-02
  2.38541942e-02  3.16502620e-03  4.07814868e-02 -7.85722882e-02
 -7.53336027e-02 -4.52953726e-02  7.67423026e-03 -5.02856746e-02
 -6.76824376e-02 -2.10510045e-02 -7.56625608e-02  1.68246329e-02
 -1.44496644e-02 -1.47691080e-02  7.42203603e-03  9.72837303e-03
 -1.46937547e-02  5.20156249e-02 -5.15943673e-03  3.53809595e-02
  4.31840122e-03  5.02945818e-02 -4.66510057e-02 -3.78231937e-03
  2.94997543e-03  6.19300790e-02 -7.26109603e-03 -5.88288778e-08
  1.92496902e-03 -2.76917145e-02  8.34584013e-02 -7.78753310e-03
  5.09563573e-02 -6.89411014e-02 -5.83119283e-04  3.01020266e-03
 -2.82066166e-02  2.05818694e-02 -3.10141072e-02  6.52807252e-03
 -9.95175913e-02  6.78248564e-03  7.87156075e-02 -7.37846270e-02
  4.61017266e-02  1.64688751e-02 -3.45723480e-02 -7.76242688e-02
  7.08845183e-02 -2.55806539e-02 -1.04722843e-01 -4.94549721e-02
  9.41272154e-02 -2.23518908e-02 -4.04753760e-02 -2.14581080e-02
 -1.03312382e-03  6.19529746e-02 -2.13669222e-02 -3.61451581e-02
  1.93033479e-02 -7.51152262e-02 -3.75655927e-02 -1.60168651e-02
  4.77243252e-02 -4.99253385e-02 -1.88601427e-02  2.53865980e-02
  4.57729921e-02 -1.41711617e-02 -2.77948193e-02  4.63763922e-02
 -3.64375487e-02  1.00212544e-02 -4.09693597e-03  7.39067942e-02
 -6.01273775e-02 -5.59935234e-02 -2.60032825e-02  2.21304093e-02
  8.92752185e-02  6.63907006e-02 -6.89407391e-03 -1.05373869e-02
  3.30673642e-02  1.73104946e-02 -3.93009931e-02 -1.14788562e-02
  8.17702711e-02  7.54862428e-02  2.27963086e-02 -6.24792054e-02]