[ 2.05680970e-02  3.49215679e-02 -4.43497300e-02 -6.52463585e-02
 -6.07357211e-02  3.59362550e-02  6.58829138e-02  9.67308655e-02
 -1.54197467e-02  8.68244004e-03  9.48933661e-02 -7.45131671e-02
 -2.81382464e-02  3.15656960e-02 -1.03359055e-02 -1.54073257e-02
  5.65664507e-02  4.89537045e-03 -7.69798532e-02  7.67161772e-02
  1.37248382e-01  1.49907945e-02 -8.13112259e-02  6.42650342e-03
 -4.05846648e-02 -1.06331408e-02 -5.70827611e-02  1.51868025e-02
  1.03379814e-02 -4.13036309e-02 -4.89712879e-03  5.47849610e-02
  8.92950222e-02 -6.51673451e-02  6.48710411e-03 -6.31339923e-02
  4.36014161e-02 -7.92906880e-02  2.03321632e-02  5.07931821e-02
 -1.20245265e-02  3.01152226e-02 -9.91882309e-02  3.60809341e-02
  7.40940869e-03 -4.47118655e-02 -8.88182316e-03  3.17184590e-02
  6.91576069e-03  2.67334003e-02  1.32423155e-02  2.93584410e-02
 -3.81309912e-02  8.87613893e-02  8.66312254e-03 -3.74442078e-02
 -7.28912950e-02 -5.27297594e-02  2.17892434e-02 -2.25303769e-02
 -4.39911000e-02  2.36148108e-02 -4.09503467e-02 -1.03473915e-02
 -2.61543971e-03  1.81448851e-02 -5.93347996e-02 -6.08057417e-02
  1.80646051e-02  5.87138273e-02  7.27394782e-03 -3.49745750e-02
 -2.01954823e-02  2.19457541e-02 -5.91719002e-02  7.17981085e-02
  2.14762799e-02  5.32357804e-02 -1.10263731e-02 -2.28224948e-01
 -1.81556940e-02  5.63815795e-02 -2.37557814e-02 -5.06382771e-02
  8.12653005e-02 -1.86642595e-02 -3.93889658e-02  1.90776642e-02
  9.11567418e-04  3.50174643e-02  8.84198472e-02  3.63772884e-02
 -5.28740585e-02 -3.61710005e-02 -4.70104534e-03 -7.91966096e-02
 -7.96566978e-02  2.22996026e-02  1.93888806e-02  8.08936264e-03
  9.33531374e-02  2.79687792e-02 -8.11705664e-02  1.85424148e-03
 -8.95653293e-02 -9.10620578e-03  4.78073619e-02  3.56088802e-02
  5.76443337e-02  1.32451192e-01 -7.49007389e-02  2.94309892e-02
  1.32463370e-02 -4.28990424e-02 -1.12669431e-01  7.13335872e-02
  2.88346084e-04 -2.64609046e-02  1.01119287e-01 -6.82997033e-02
  4.11679782e-03 -4.12825756e-02  6.29820824e-02 -7.26265609e-02
  3.02406289e-02 -9.28084031e-02 -7.11923745e-03  1.07918580e-32
 -9.69174281e-02 -5.45004904e-02  2.95006633e-02  5.51296957e-03
  2.99130753e-02  3.25840116e-02 -9.08358768e-02  4.20885440e-03
  4.96437512e-02 -4.83317338e-02 -8.04693624e-02  3.33543196e-02
 -7.20678493e-02 -2.92501077e-02  6.52795136e-02  2.26196330e-02
  6.72308505e-02  1.45937763e-02  8.36619735e-03 -1.64871104e-02
 -3.07450723e-02 -5.07566482e-02 -6.10981956e-02  3.07625029e-02
  1.82147662e-03  5.85820153e-03 -2.78440416e-02 -8.54913518e-03
  4.63347277e-03  5.48001230e-02  7.07514137e-02  1.85291818e-03
  2.46758480e-02 -2.91666426e-02 -8.21235850e-02 -3.86458747e-02
  5.84575236e-02 -3.23978718e-03 -7.16643501e-03 -2.91400170e-03
 -6.18149303e-02 -1.91685297e-02  6.55677617e-02  5.80880307e-02
  4.58308421e-02 -9.57565531e-02  3.14519815e-02  3.53807583e-02
  6.84751645e-02  6.16784468e-02 -8.63892958e-02 -7.22841993e-02
  1.58540029e-02 -5.20980917e-02 -2.05679163e-02 -3.43254730e-02
 -1.15337081e-01  5.66746294e-02 -1.87667292e-02 -8.79341643e-03
 -3.33336070e-02  4.77698445e-02  1.25691546e-02 -7.75937596e-03
 -3.36218663e-02  1.44718715e-03 -5.09686098e-02 -1.55295525e-03
  8.35944489e-02 -9.89210606e-03 -7.39291161e-02 -1.49230985e-02
  1.45258391e-02  7.96876401e-02  1.65678672e-02  4.09915065e-03
  1.88624859e-02  4.74966727e-02  4.38356884e-02 -3.05062067e-02
 -2.18537021e-02  4.08746414e-02 -9.10757016e-03  1.01845972e-02
  5.68880960e-02  2.08674967e-02  2.52547767e-02  4.61720638e-02
 -4.21358012e-02  2.83385385e-02  7.46169016e-02  4.87353094e-02
 -2.37515606e-02  2.92076319e-02  7.45837837e-02 -1.25626536e-32
  4.39645611e-02  9.72657055e-02 -4.41278666e-02 -3.66806649e-02
 -2.02490599e-03  1.75681226e-02  2.58572064e-02 -7.33158439e-02
  4.75506438e-03 -1.23813972e-01 -1.58512499e-02 -3.16557772e-02
  1.37273267e-01 -3.87045145e-02 -4.19333838e-02 -2.97871744e-03
 -7.27198720e-02  1.23365503e-02 -5.25426976e-02 -5.08672139e-03
  1.21880453e-02  1.47622256e-02  3.49252038e-02 -7.47711211e-03
 -7.39851547e-03  1.44564556e-02 -8.01195204e-02  3.98327745e-02
 -1.02554436e-03  1.61835346e-02  1.12206377e-02  5.34386898e-04
 -4.91744466e-02  7.81402588e-02  1.09041063e-03 -8.11636150e-02
  1.33571541e-02  1.67410634e-02 -3.77880745e-02  1.08988069e-01
  1.48241203e-02  1.10417018e-02  7.78006911e-02 -3.89672630e-02
 -2.26429738e-02 -6.12164149e-03  1.03302851e-01 -1.78796679e-01
  4.17651013e-02 -5.70492931e-02  8.19985196e-02  1.57106761e-02
 -2.57523749e-02  4.80402224e-02  5.04480377e-02  3.31625938e-02
  2.38751434e-02 -8.58657882e-02 -4.80589978e-02 -1.27514908e-02
  5.34868352e-02  1.12958066e-01 -1.12225953e-02 -5.22193685e-02
  2.47877315e-02 -4.78839502e-02 -1.55020673e-02  3.99438776e-02
  6.00453690e-02 -6.00483306e-02 -4.79554050e-02 -8.49835128e-02
  5.46655944e-03 -8.88716802e-02 -2.13192590e-02  4.18803748e-03
  6.42208457e-02 -2.47042328e-02  1.99275687e-02 -1.45784738e-02
 -9.77731422e-02 -1.48571618e-02 -4.61820484e-04  1.88087150e-02
 -9.78995785e-02 -4.56993422e-03 -5.42283542e-02 -2.33972725e-02
 -1.61277049e-03  8.70311856e-02 -5.26895449e-02  4.46396358e-02
  7.12150931e-02  6.64481940e-03 -3.01932115e-02 -6.12022433e-08
  1.26784435e-02 -3.09869871e-02  2.29245387e-02  2.96571652e-05
  3.56390327e-02  1.40681746e-04 -9.79516655e-02 -4.03646007e-02
 -5.78652658e-02  2.18367781e-02  7.99981877e-03  1.06007466e-02
 -1.00521594e-01 -3.77703942e-02 -5.43845706e-02 -6.53429776e-02
  6.57896623e-02  3.93809266e-02 -2.05592494e-02  1.99293951e-04
 -1.20533928e-02 -2.92173605e-02 -4.27393392e-02 -9.76052508e-03
  2.53351908e-02 -2.40674429e-02  2.85675284e-02 -1.25935506e-02
  2.27568075e-02  3.34477574e-02  3.35236499e-03  1.63805801e-02
  3.07130371e-03 -1.35703906e-02 -1.74378622e-02 -5.48322350e-02
 -3.28081325e-02  7.01469928e-02 -2.95185787e-03  1.12454323e-02
  9.06650200e-02 -1.12985201e-01 -4.06869724e-02  3.89914289e-02
  6.69372827e-02 -2.87913415e-03 -3.03121121e-03  7.49380365e-02
 -7.75649622e-02 -6.64413394e-03  7.27007492e-03 -1.88510865e-02
  5.78335673e-02 -3.66953313e-02 -4.09564674e-02 -1.55598344e-02
 -2.79750619e-02 -6.61984412e-03 -3.38820182e-02  1.66153274e-02
  1.13634383e-02  4.02947329e-02 -2.38231234e-02 -3.80564779e-02]