[-8.43300000e-02 -1.27542140e-02 -2.84138434e-02 -4.93349805e-02
 -4.47918549e-02 -4.25837934e-02  2.05392037e-02  9.92901772e-02
 -2.45398581e-02  8.24366435e-02  6.97000185e-03 -6.84566097e-03
  2.02716868e-02  3.07333954e-02 -1.01384055e-02 -4.33552228e-02
  5.28905250e-04 -7.46107176e-02 -4.50058058e-02  3.85663249e-02
  1.07880905e-01 -1.24717932e-02 -1.49855271e-01  9.83612798e-03
 -4.47368473e-02 -7.76191056e-02  1.34243844e-02  7.82193709e-03
 -1.30042778e-02  5.86189516e-03 -6.87782243e-02  5.01168892e-02
  1.40645532e-02  3.19282711e-02  2.38732882e-02  3.65210995e-02
  8.48138481e-02 -1.27572408e-02 -1.32842615e-01 -8.08310211e-02
 -5.37272580e-02 -1.47012630e-02 -4.08147797e-02 -3.50805819e-02
  2.49225590e-02 -4.06623445e-02  4.38727178e-02 -4.57581021e-02
 -4.58355062e-02 -4.18566838e-02 -1.02303535e-01 -6.10523261e-02
 -2.98385043e-03  3.44445533e-03 -2.22941190e-02 -6.31960258e-02
  6.51562363e-02 -1.72589906e-02  5.51178912e-03  4.85474132e-02
  8.98528192e-03 -6.34568036e-02 -3.32340673e-02  2.33325902e-02
  6.42855987e-02  7.29247630e-02  5.68579137e-02 -5.65393046e-02
  3.49778980e-02 -2.08545588e-02 -6.53890446e-02 -6.08983636e-02
  2.43676677e-02  1.72298844e-03 -3.89335938e-02  7.81434029e-02
 -4.50127851e-03  5.75069850e-03  5.72571605e-02 -1.46026447e-01
  4.74521331e-02  3.33680175e-02 -6.28897473e-02 -1.53516717e-02
  2.26665549e-02 -7.58115575e-03 -7.51402900e-02 -4.50675003e-03
  7.99859166e-02  7.96652213e-03  3.08580883e-02 -1.23844501e-02
 -3.48064303e-02  3.90783651e-03  2.36279313e-02 -2.32335329e-02
  4.50447910e-02 -6.88939914e-02  6.87098652e-02  2.10465142e-03
  4.45363000e-02 -4.00050581e-02  3.17378379e-02  2.55936235e-02
 -2.18094382e-02  9.06141195e-03 -2.29691193e-02  1.89074241e-02
 -1.64886545e-02  2.57060472e-02 -7.61631802e-02 -4.20046877e-03
 -5.39457239e-02 -1.14903137e-01 -1.38247404e-02  5.55614755e-02
 -4.57866304e-02  1.38717527e-02  2.09805612e-02 -7.23928586e-02
 -3.11085279e-03 -2.03769039e-02  1.19928988e-02 -1.50110826e-01
  1.17229059e-01  1.35946060e-02  1.21865654e-02  8.95148719e-33
 -9.61805508e-03 -3.74983880e-03 -5.35426028e-02  2.57611386e-02
  1.85441356e-02  2.85417922e-02  4.56245653e-02  4.72551212e-02
  7.52325505e-02 -2.01732889e-02 -7.37151084e-03  4.83985133e-02
 -2.21335273e-02 -8.00744519e-02  9.63725746e-02  1.08466335e-02
  1.62048358e-02  3.80544774e-02 -5.05031534e-02  4.01361398e-02
 -9.11222026e-03 -7.55070820e-02  1.73087325e-02 -5.73358499e-02
  2.36544739e-02  4.59298231e-02 -3.80043872e-02  3.55167761e-02
  9.01331101e-03  7.35560711e-03  6.35503903e-02 -4.35731895e-02
 -2.18068548e-02  1.66391376e-02  1.75731704e-02 -3.91263049e-03
 -8.03056061e-02 -1.59002133e-02  4.04205695e-02  1.32108554e-02
 -2.62411833e-02 -1.31755071e-02  1.81492846e-02 -3.10108699e-02
  7.39740133e-02 -9.85721052e-02 -4.48142141e-02 -1.63982715e-02
  5.89586645e-02 -6.25377428e-03 -1.53324110e-02  3.76341194e-02
 -4.10024496e-03 -3.88102680e-02  1.05799604e-02  4.34867404e-02
  5.95914796e-02  2.44896952e-02  9.71414056e-03  2.55832896e-02
 -7.20926747e-02 -8.28889683e-02 -2.37311348e-02 -1.16285775e-02
 -7.83989020e-03 -6.67131022e-02  6.31917268e-02  2.23402325e-02
 -3.11015956e-02  4.61205915e-02 -5.98893203e-02 -5.39117306e-02
  5.64449793e-03  3.03452387e-02 -3.27123813e-02 -2.19095796e-02
 -8.00322462e-03  1.71934832e-02 -9.45380703e-02 -2.64201555e-02
 -8.01747292e-02  5.73718175e-02 -1.10438652e-02  5.21223471e-02
 -2.09397599e-02  3.12826261e-02 -2.44458169e-02  3.43514569e-02
  3.07413246e-02  3.95896696e-02  1.75634807e-03  9.57720727e-02
 -4.27715145e-02  1.04959503e-01  3.05933207e-02 -1.08325199e-32
 -5.51337471e-05 -5.46913221e-03  2.23026033e-02  2.03213133e-02
 -4.51625288e-02 -5.14787668e-03  1.10568702e-02 -3.16364877e-02
 -1.51735102e-03 -1.04013085e-01 -4.04789373e-02 -2.19933446e-02
  4.76470329e-02 -2.84428112e-02 -2.28673927e-02  5.53413741e-02
 -8.16709101e-02 -8.02720115e-02  6.15049563e-02  3.75254974e-02
  4.26707044e-02  4.76144999e-02 -7.36221895e-02 -3.31133902e-02
 -5.45388721e-02 -4.61426303e-02 -5.06748147e-02  1.67279691e-02
 -4.17080196e-03  2.42175013e-02  7.93703943e-02  1.84695562e-03
  6.83105178e-03  1.19235240e-01  4.66618203e-02 -1.14710955e-03
  1.12346277e-01 -9.47768986e-02 -2.04295386e-02  7.72272423e-02
  1.15580440e-01  7.83997029e-02 -1.17457742e-02  1.42940748e-02
 -6.01686258e-03 -2.73232963e-02  2.72471420e-02 -1.52342126e-01
  1.91999506e-02 -4.83773090e-03  9.65953097e-02 -4.45669293e-02
 -3.58345103e-03 -7.58350547e-03 -5.51025709e-03 -1.54439583e-02
  3.14770490e-02 -7.43103549e-02 -7.03058690e-02  1.82412611e-03
  1.18742675e-01  1.45892682e-03 -3.68630812e-02 -4.85254824e-02
  2.01677065e-02  1.26403794e-01  6.73186630e-02  5.91363125e-02
  3.08843367e-02 -4.69869226e-02  2.36291829e-02 -2.30535027e-02
 -8.73337090e-02 -9.81250182e-02  1.86893679e-02 -3.72507349e-02
 -6.40164092e-02  1.01482533e-02 -7.78258592e-02  4.34258729e-02
 -3.71351764e-02  3.10028680e-02 -4.90960926e-02  3.16480696e-02
 -3.32569033e-02  2.71987598e-02  6.61980361e-02  3.47789377e-02
 -1.78053584e-02 -8.64566341e-02 -7.89310634e-02  3.78434844e-02
 -2.13802494e-02  5.09816036e-02 -1.14675323e-02 -6.23377048e-08
 -2.99083386e-02 -2.70702187e-02  2.86326301e-03 -5.77987842e-02
  2.63957344e-02 -3.02525088e-02 -3.17092724e-02  1.30431568e-02
 -4.74858172e-02  5.21308221e-02  6.47083065e-03 -1.45043179e-01
 -5.27162254e-02  4.75290813e-04  5.38486205e-02 -8.23092908e-02
 -5.49938269e-02  6.50300607e-02 -9.94229615e-02 -4.18127254e-02
  1.30608097e-01  1.00920917e-02 -1.86239034e-02 -2.51540635e-03
  4.92140502e-02 -3.50895151e-02  5.08495718e-02  3.05812689e-03
 -2.29181815e-02  4.93773557e-02 -9.78305861e-02  3.43468972e-02
  7.17445761e-02 -3.40250395e-02  1.49338832e-02  5.89733906e-02
  9.32694301e-02  5.07176742e-02  6.90093338e-02  2.22950131e-02
  3.25320698e-02  3.56670134e-02 -7.75110722e-02  2.53222995e-02
  3.87702435e-02 -1.44709758e-02 -1.03994898e-01 -1.16180573e-02
 -7.27864215e-03 -2.53710728e-02 -4.94372621e-02 -5.79313200e-04
  4.87162285e-02  7.91564807e-02 -2.04966571e-02 -1.42791998e-02
 -1.43566830e-02 -8.89975578e-03  2.12519690e-02  5.06896749e-02
  7.27357119e-02  2.07762122e-02  1.46289198e-02 -3.57674547e-02]