[-2.02003643e-02  6.45310804e-02 -1.74400024e-02 -6.13359101e-02
 -8.04084586e-04 -4.89196442e-02  2.04834528e-02  5.41139282e-02
  1.97326820e-02  5.78077845e-02  9.58724394e-02 -4.53087352e-02
 -5.67799211e-02  2.72868434e-03  6.30571023e-02 -1.56705435e-02
 -2.14365907e-02  4.63571809e-02 -3.17477882e-02  6.84677958e-02
  1.91644862e-01 -3.51073854e-02 -7.19248876e-02  4.78004776e-02
 -4.46250439e-02  7.06314221e-02 -2.11423952e-02  4.53217700e-03
 -6.64114058e-02 -6.08284958e-02 -4.30181064e-02  4.80317771e-02
  1.09372512e-01 -7.91646615e-02  2.09596604e-02 -6.36081323e-02
  1.05270088e-01 -4.54886965e-02 -3.64035219e-02  8.21389407e-02
 -9.26301554e-02 -1.60205103e-02 -2.38211267e-02 -6.06362261e-02
 -5.61696440e-02 -4.99857590e-02  5.22909500e-02  1.52918827e-02
 -5.12307626e-04 -1.81291122e-02  1.49167664e-02  5.97358197e-02
 -3.54202054e-02  6.06333688e-02  3.28426249e-02 -4.77211215e-02
 -4.34342250e-02  3.05679180e-02 -9.59069747e-03  5.74487150e-02
 -6.21729009e-02  6.94210129e-03 -5.74719906e-02 -1.85991637e-02
  5.53328991e-02 -3.90656926e-02 -1.25354696e-02 -2.35243682e-02
 -1.27706885e-01  1.89317558e-02  2.49427650e-02 -5.96949905e-02
 -1.42596727e-02 -4.64495569e-02  9.43407416e-03  6.38358518e-02
  8.81206524e-03  4.38943766e-02  6.26230054e-03 -1.67162344e-01
 -1.42741315e-02  5.06545231e-03 -1.74064655e-02 -8.85628536e-02
 -1.33251157e-02 -5.14563546e-02 -1.58268120e-02  3.06048151e-02
 -4.89873737e-02  4.71982546e-02  3.75889204e-02  7.10281581e-02
 -2.49428805e-02  3.32970335e-03 -2.27208640e-02  3.15909982e-02
  4.13811132e-02 -1.46468775e-02  6.19956963e-02 -1.08168013e-02
  1.02020293e-01  1.05494037e-01 -1.13034938e-02  3.86281498e-02
 -2.24230103e-02  2.30450369e-02 -2.60380767e-02 -1.20950872e-02
  4.77532893e-02  7.97683448e-02 -8.81788656e-02 -3.00482977e-02
 -8.81448463e-02 -8.89262035e-02 -6.66494370e-02 -2.42214222e-02
 -7.73731545e-02 -4.40325625e-02  6.10057488e-02 -3.82272638e-02
 -6.73803408e-03 -7.16176704e-02  4.44763638e-02  4.02581925e-03
  9.61176120e-03 -2.30205860e-02  7.57154748e-02  1.07977598e-32
 -4.60646413e-02 -2.58132238e-02 -2.56419778e-02 -2.77673360e-02
 -3.27384360e-02  3.52650462e-03 -5.56674562e-02  4.19455506e-02
  4.33202237e-02 -1.36161242e-02 -4.96740006e-02  3.72897051e-02
 -1.26060583e-02 -1.20476205e-02  1.06686018e-01 -2.96906549e-02
  1.31285461e-02 -2.60738377e-02  5.57797290e-02  3.73440385e-02
  2.27017477e-02  3.84733081e-02  2.39204373e-02 -1.89736940e-03
  6.08640611e-02  7.70842880e-02 -5.83289377e-02 -1.23462165e-02
  7.51971034e-03  4.98630293e-02  1.05866455e-01  9.53971967e-03
  1.51464371e-02 -2.44122837e-02 -9.84600261e-02 -3.97475474e-02
  3.38356681e-02  2.64555272e-02 -8.06270987e-02 -4.22516465e-02
 -8.59341398e-03 -2.72966474e-02  5.89712225e-02  6.70999587e-02
  5.79677224e-02 -1.84899196e-02  6.52716160e-02 -1.25775309e-02
  4.26562913e-02  6.11845292e-02 -2.88297720e-02 -6.39672671e-03
  3.72779369e-03 -6.49625659e-02 -2.22277851e-03 -6.52825087e-02
 -9.93292481e-02 -3.65976244e-02 -2.93630287e-02 -7.31849298e-02
  3.97689641e-03  2.38394476e-02  6.68844357e-02 -2.72006746e-02
 -8.71004909e-02  1.10285345e-03  5.98103227e-03  2.43762303e-02
  1.08676627e-01  6.92226291e-02 -6.40434027e-02  2.34411377e-02
 -5.79227656e-02  5.31949066e-02  3.56477685e-02  1.00764427e-02
  6.07560463e-02 -1.64738577e-02 -3.42760831e-02  3.94052342e-02
  1.11331986e-02 -1.82952378e-02  3.48413065e-02  2.59295236e-02
  2.50280090e-02  3.68798897e-02  3.47111002e-02  1.40410429e-02
  3.08727473e-02  8.06863233e-02 -1.14460858e-02  6.59899488e-02
  2.99578859e-03 -1.85795210e-03  9.60803702e-02 -1.23795028e-32
  6.13520965e-02  5.63964583e-02  2.93414835e-02 -3.50424871e-02
 -7.63319433e-02 -1.85215902e-02  3.07034273e-02 -4.69010789e-03
 -1.28045632e-02 -1.15178354e-01 -8.54366571e-02 -6.40195832e-02
  4.91735302e-02 -6.92349300e-02 -2.56616492e-02  1.51661504e-02
 -7.51797929e-02 -5.69285117e-02 -1.74628049e-02 -2.57935785e-02
 -1.59943495e-02  8.51856619e-02 -2.69328505e-02  6.94129209e-04
  6.24677027e-03 -4.80693504e-02 -7.52574801e-02 -1.02432474e-01
 -9.02578700e-03 -2.18368974e-02  8.15098807e-02 -6.15783827e-03
  3.56520079e-02  7.99043253e-02 -4.36504073e-02 -3.32398526e-02
  1.22522600e-02 -1.51845366e-02 -5.34679890e-02  7.20416009e-02
  1.86668504e-02  1.02198109e-01  2.52623321e-03  1.45999633e-03
 -3.01937573e-02 -5.07981963e-02  4.83474648e-03 -1.06940120e-01
  8.11963435e-03 -2.11685225e-02  1.18241958e-01 -3.77367362e-02
 -1.12169176e-01 -3.63601670e-02  8.13146532e-02 -3.08228824e-02
  3.63397598e-02 -1.44032734e-02 -8.81344080e-02 -3.51696573e-02
  1.37791531e-02  1.41206533e-02 -8.75215512e-03 -3.81586738e-02
  6.39056414e-02 -2.82966234e-02  2.28723735e-02 -3.84279229e-02
  5.32769449e-02 -4.47941059e-03  4.29335572e-02 -8.42949450e-02
 -5.83982505e-02 -2.80283508e-04  2.18462870e-02  4.43688175e-03
 -2.51926132e-03  3.99607830e-02 -4.18852121e-02  4.37159538e-02
 -9.97997001e-02 -1.85399652e-02  7.62743410e-03 -2.74079051e-02
 -8.73941779e-02 -2.17368151e-03  3.34684253e-02  1.68502443e-02
 -4.41873595e-02  5.13431616e-02 -5.03632836e-02  3.12690325e-02
  1.50412126e-02  6.00481592e-02 -5.50744422e-02 -5.45318635e-08
  3.86509895e-02 -8.02758262e-02  3.83972377e-02  2.99370755e-02
  1.18026817e-02 -2.50211526e-02  1.02672940e-02  6.47759363e-02
  1.85821801e-02  5.06114103e-02  7.84522593e-02  5.31339506e-03
 -8.70809779e-02 -1.63688120e-02  3.35380286e-02 -6.21478558e-02
  8.97798911e-02  2.74585318e-02 -3.18679400e-02 -6.53671771e-02
 -8.56461062e-04  1.04825925e-02 -8.76214057e-02 -7.73726916e-03
  4.30366062e-02 -5.45498170e-02 -4.19784710e-02  1.71174370e-02
  2.38309223e-02  8.29683966e-04  1.22082150e-02 -6.30601076e-03
  4.19084020e-02 -9.11189541e-02 -7.84552190e-03 -4.85215634e-02
  7.06291050e-02  1.71687901e-02 -3.40670161e-02 -2.58517414e-02
  1.17284089e-01 -1.11102901e-01 -6.83348626e-02 -1.63905770e-02
  4.35932428e-02 -3.18278447e-02 -3.25179882e-02  2.25648750e-02
 -2.04336960e-02  1.41468178e-02 -6.12491034e-02  9.99440718e-03
  4.57555987e-02 -1.87052949e-03  2.97357538e-03 -3.96544263e-02
 -2.11418234e-02  8.76126252e-03 -2.06785873e-02 -4.87485193e-02
  1.06372632e-01  5.81117235e-02 -3.66165154e-02 -4.87430878e-02]