[-4.17655930e-02  1.76430680e-02 -8.72988701e-02 -6.51959553e-02
  7.22238235e-03  1.06863631e-02  2.57914644e-02  9.48608741e-02
 -1.79416537e-02  1.20858580e-01  5.19045256e-02  1.06698964e-02
 -1.99037679e-02 -2.11529061e-02  4.01638299e-02 -1.38706965e-02
  3.13755870e-02  1.12271300e-02  1.43102827e-02  4.57551628e-02
  1.86665580e-01 -2.74374299e-02 -8.19026381e-02  6.73806071e-02
 -2.48121247e-02  1.87687110e-02 -2.72664391e-02 -6.85328320e-02
 -3.02200392e-02 -9.65234917e-03 -4.57716398e-02  9.00940150e-02
  3.53838131e-02 -1.77811328e-02  4.29184586e-02 -2.41630338e-02
  2.66114566e-02  1.25190672e-02 -2.38110162e-02  6.91485256e-02
 -8.78353566e-02 -4.04212950e-03 -7.19312206e-02 -5.46478741e-02
 -1.30353943e-02 -2.49072933e-03  7.89344907e-02  3.87469158e-02
 -7.02248067e-02  7.70606659e-03 -2.10871510e-02  7.59933051e-03
 -6.53746948e-02  4.22263443e-02  2.54724622e-02 -1.38153836e-01
  2.57325489e-02  1.12062106e-02 -5.50040454e-02  4.25879247e-02
 -3.89792547e-02  9.50457249e-03 -4.57268953e-02 -4.75031659e-02
  6.36136308e-02  4.39731404e-02 -2.93116365e-02 -5.48335761e-02
 -1.40675744e-02 -2.73602922e-02  5.25604673e-02 -5.91212772e-02
  7.24807382e-02 -8.43898878e-02 -6.64026365e-02  1.39571903e-02
  3.60254124e-02  1.12472929e-01  6.04595011e-03 -1.59691632e-01
  4.45292555e-02  3.33797559e-02 -5.77282347e-02 -6.81569204e-02
  5.71225071e-03 -1.03161559e-02 -4.14818041e-02 -4.20587929e-03
  9.27629471e-02  4.50504497e-02  4.68401983e-02  5.03294803e-02
  1.18564526e-02 -6.25679269e-02 -1.58870243e-03 -2.13107951e-02
  1.19745629e-02 -5.94773442e-02  8.52970630e-02 -6.65909192e-03
  4.40896824e-02  6.63703457e-02 -4.15569320e-02  3.71936057e-03
 -3.09494761e-04 -2.74174493e-02 -1.13921268e-02 -6.61639646e-02
  4.83180583e-02  9.08791125e-02 -7.33452141e-02 -2.78806780e-02
 -8.81976858e-02 -7.33923092e-02 -7.36764297e-02 -1.78017560e-02
 -3.54524665e-02 -3.80001180e-02  2.25705095e-02 -3.96975763e-02
  2.21703351e-02 -3.04285046e-02  2.34198733e-03 -6.59798086e-02
  8.35899636e-02 -3.08660045e-02 -3.02016214e-02  9.12432233e-33
 -1.07806679e-02 -2.01241318e-02 -2.31695957e-02  5.38948216e-02
 -6.58258498e-02  3.54817286e-02 -3.26545350e-02  3.33717302e-03
  8.76264796e-02  2.60951761e-02  1.01180859e-02  8.92356690e-03
 -2.89029386e-02  4.47986834e-03  1.43103957e-01 -8.89952853e-02
 -4.05981578e-03  2.95992475e-02  1.31380446e-02  1.34709971e-02
 -1.03474138e-02  8.80541338e-04  8.82899761e-03 -5.60502671e-02
  5.02606295e-02  4.96971570e-02 -7.93411806e-02  4.28277475e-04
 -1.98589377e-02  4.99143079e-02  1.12295084e-01  6.71316031e-03
  5.71298823e-02  1.02481255e-02 -4.03014906e-02 -8.19760039e-02
 -2.99494546e-02 -5.65947266e-03 -3.44300605e-02 -2.13397089e-02
 -5.35715707e-02 -5.48799448e-02  8.28772858e-02  3.60178202e-02
  2.65353229e-02 -7.04623982e-02  1.46430591e-02  5.25358552e-03
  9.58215594e-02 -4.65994189e-03  1.01910252e-02  8.86899885e-03
 -2.39583068e-02 -7.35243484e-02  4.73387772e-03 -5.13493530e-02
 -5.96216880e-02 -2.42568869e-02 -3.61438356e-02 -7.50873089e-02
 -2.82003004e-02 -6.89598098e-02 -4.02258523e-02 -2.94949710e-02
 -6.14815727e-02 -8.78785644e-03 -6.67228410e-03  3.49212885e-02
  1.48867026e-01  1.51438536e-02 -4.31026556e-02 -2.39710156e-02
 -1.80143192e-02  5.58558442e-02  2.59893313e-02  9.21794306e-03
  8.28364417e-02  7.67170861e-02 -5.87673001e-02 -9.00065247e-03
 -4.38943505e-02 -3.42506990e-02 -1.76888425e-03 -6.03596400e-03
  5.46670482e-02  5.28408475e-02  1.34764388e-02  7.69501403e-02
  3.14110518e-02  8.18190351e-03  1.98795870e-02  6.74431548e-02
 -4.77307402e-02  4.49002981e-02  7.55023658e-02 -1.20658052e-32
 -1.47765707e-02  1.46476822e-02 -5.48503138e-02 -5.81798702e-02
 -5.50751388e-02 -1.44241657e-02 -2.70390380e-02 -1.14878654e-01
 -3.36226709e-02 -1.26697019e-01 -1.14343792e-01 -8.40913132e-02
  6.36358857e-02  1.45519944e-02 -8.57863277e-02  2.58901622e-02
 -2.42667086e-02 -2.47570891e-02 -2.52192356e-02  1.91297643e-02
  2.35016104e-02  4.70422171e-02  3.34832110e-02 -4.15674187e-02
  3.87634756e-03 -6.82458356e-02 -7.23140016e-02 -1.34805366e-02
 -2.17112200e-03 -9.41718929e-03  1.75877437e-02 -8.86755344e-03
 -7.35956710e-03  7.58496523e-02 -4.83884178e-02 -4.65758853e-02
  5.62504455e-02 -5.63085489e-02 -2.39181872e-02  6.96729571e-02
  6.59578219e-02  8.96201357e-02  2.51774210e-02 -4.81954217e-02
 -6.13942258e-02 -2.35615876e-02 -1.71121140e-03 -6.52826279e-02
  7.00770020e-02 -1.03420198e-01  1.41858920e-01 -2.39904616e-02
  9.35089216e-03 -6.82042167e-03  5.00457659e-02  1.90407708e-02
  1.98175907e-02 -6.60143867e-02  2.09699497e-02  4.69659828e-02
  4.57328893e-02  3.33136283e-02 -2.64141001e-02 -4.36860509e-02
  5.00218868e-02  1.66316982e-02  1.25034200e-02  6.94715127e-04
  1.10465385e-01 -3.01556084e-02  3.27877775e-02 -6.42154068e-02
 -1.01989679e-01  1.46232583e-02 -3.02700028e-02 -8.17511696e-03
 -2.37817559e-02  2.02281512e-02 -3.39782871e-02  4.52250428e-02
 -1.01186568e-02  1.39559004e-02 -8.51298310e-03 -3.66611555e-02
 -2.12104470e-02  3.80648067e-03  2.12846100e-02 -3.58337685e-02
  1.60584506e-02 -8.59222549e-04 -8.79349485e-02  3.49860154e-02
  2.33321767e-02  4.74087447e-02  1.14928158e-02 -6.29711181e-08
  9.10551939e-03 -6.00145534e-02  2.50770152e-02  2.94975806e-02
  6.01592511e-02 -7.51986206e-02 -7.43239932e-03 -2.13293880e-02
 -1.03777070e-02 -8.72604735e-03  2.24490240e-02 -2.63123419e-02
 -5.09928092e-02 -1.90163385e-02  4.64512482e-02 -8.80267918e-02
  3.87514234e-02  4.57174033e-02 -5.99162355e-02 -2.73448098e-02
  3.69725823e-02 -6.83345571e-02 -1.15947925e-01 -2.21676603e-02
  3.52270678e-02 -1.53562110e-02  1.81617551e-02  2.11589057e-02
  5.43802008e-02  7.35129640e-02 -2.25606374e-02  3.09227128e-02
 -1.50030470e-02 -8.87778997e-02 -8.47895667e-02  5.63141238e-03
  5.99572398e-02  4.33140062e-03 -1.23082031e-03  2.46440396e-02
  6.84985667e-02 -1.58924125e-02 -8.78665522e-02  4.41542529e-02
  2.16981769e-02 -3.79577726e-02 -2.53109280e-02 -2.80361194e-02
 -3.89683321e-02 -6.72757626e-02 -2.12948211e-03  3.07104439e-02
  7.49635175e-02  5.31399511e-02  6.40464481e-03 -6.10764995e-02
  2.00606715e-02  1.16577605e-02 -6.69471920e-02 -4.38622423e-02
  9.43931118e-02  6.13329411e-02  5.32624535e-02 -2.65882052e-02]