[-3.74871083e-02  5.91638237e-02 -4.82978113e-02 -5.81548065e-02
 -3.47475782e-02  1.40094096e-02  2.86149774e-02  9.97651517e-02
 -9.90507100e-03  7.43834674e-02  7.81159699e-02 -2.70345975e-02
 -3.62658985e-02  1.94710605e-02 -3.33195254e-02 -4.89148498e-02
  7.39766359e-02 -9.18336026e-03 -1.30954823e-02  8.62360001e-02
  1.29503697e-01 -2.30889991e-02 -7.85215124e-02 -2.15642788e-02
 -9.95899364e-02  1.54135451e-02 -5.62377758e-02 -4.37971763e-03
  1.41943723e-03 -1.53478596e-03  3.42169702e-02  8.19757432e-02
 -1.28480447e-02 -4.21323292e-02  4.90660220e-02 -1.91451889e-02
 -6.84260344e-03 -3.33819501e-02  7.30492547e-03  8.53787065e-02
  9.02564917e-03 -7.12689161e-02 -1.12687252e-01 -5.52370027e-02
  3.24371550e-03 -2.65808590e-02  2.22753901e-02  7.73743987e-02
 -5.69039807e-02  1.91498362e-02 -5.30258231e-02 -3.32277343e-02
 -8.85617081e-03  7.54802302e-02 -4.47111279e-02 -6.07366711e-02
  3.07751205e-02 -4.35568951e-03 -3.64685170e-02  7.81842042e-03
 -2.84610875e-02  7.08999187e-02 -7.09274262e-02 -2.24219952e-02
  3.43872532e-02 -3.20929475e-02  1.63654611e-02 -7.51837483e-03
  1.57553423e-02  7.31408149e-02  4.92696390e-02 -6.12044968e-02
  2.03074105e-02 -3.99763929e-03 -4.70516086e-03  1.48019055e-02
 -3.16529199e-02  1.34173147e-02  2.67993100e-02 -1.64430067e-01
  2.48542652e-02  7.87430257e-03 -7.85582047e-03 -3.40527333e-02
  4.92962915e-03 -5.92846200e-02  1.26703084e-02  7.21237287e-02
  7.97879323e-02  1.39753707e-03  7.61602521e-02  5.66056371e-02
 -5.10639176e-02 -1.04255959e-01 -2.04497688e-02 -1.55424532e-02
 -3.80283333e-02  4.22668681e-02  9.07189697e-02 -2.72728559e-02
  5.52071184e-02  1.85044147e-02  1.59030606e-03  2.11214051e-02
 -5.86242080e-02  1.95593182e-02 -6.02472294e-03 -3.21321748e-02
  1.68884508e-02  9.10553187e-02 -7.26537034e-02  2.04796363e-02
 -5.40158153e-02 -5.63901439e-02 -3.61647904e-02  7.02213496e-02
 -1.17885739e-01 -1.45969936e-03  5.14377491e-04 -9.26351920e-03
  8.44699051e-03  9.04004183e-03  3.51071842e-02 -3.54973860e-02
  2.56580813e-03  1.55196711e-02  7.45732859e-02  1.12834270e-32
 -2.66811009e-02 -3.20379473e-02 -2.28184983e-02 -2.46865284e-02
 -1.79230552e-02  6.97468594e-02  1.67176668e-02  8.79207924e-02
  8.47591609e-02  1.58784334e-02 -7.71155134e-02  6.76234737e-02
 -2.31787246e-02 -5.61057637e-03  3.43071669e-02 -1.23780612e-02
  1.31630842e-02  1.95024814e-02  2.32566311e-03  2.60353088e-02
  3.82688977e-02 -3.02157961e-02 -1.51118485e-03  3.94504629e-02
 -4.16126996e-02  4.51867208e-02 -7.94911757e-02 -1.54364435e-02
  1.87193695e-02  4.07260135e-02  5.64911962e-02 -6.96313195e-03
  3.85262929e-02 -1.90528613e-02 -5.77988923e-02  1.26244538e-02
 -4.74876575e-02  4.21519740e-04 -9.35793947e-03 -5.24129830e-02
 -8.16212669e-02 -7.03131314e-03  5.34038022e-02  4.56274226e-02
  1.19516179e-02 -1.10651907e-02  3.79608683e-02 -6.75334334e-02
  8.64138603e-02  7.31832385e-02 -2.62633357e-02 -2.09309161e-02
 -3.81177366e-02 -7.42944703e-02 -2.32171733e-02  1.72012169e-02
 -7.63962269e-02  5.00914194e-02 -1.82670224e-02 -8.39137957e-02
 -6.81360578e-03  2.59422120e-02 -2.67748274e-02  3.26778665e-02
 -7.51260668e-02 -8.86404216e-02 -1.38584692e-02 -3.81186679e-02
  9.90052074e-02 -3.28129865e-02 -1.41102523e-01  5.15227430e-02
  3.47346440e-02  6.10076403e-03  2.16114130e-02 -1.89890973e-02
  6.87617064e-02 -9.99763981e-03 -6.75311685e-02 -3.58467326e-02
 -4.82987091e-02  5.81487967e-03 -1.72092170e-02 -1.89742167e-02
  4.38896008e-02  9.86584574e-02  2.72822101e-02  4.24629711e-02
 -4.19678874e-02  8.09508115e-02  3.56459729e-02  8.56634136e-03
 -5.02732806e-02  2.97803320e-02  1.13433316e-01 -1.27299470e-32
  6.83274940e-02 -3.09117287e-02 -1.53634083e-02 -2.55598524e-03
  5.64248301e-02  3.74188945e-02  1.96557250e-02 -1.20808743e-02
 -5.97362667e-02 -1.03339307e-01 -4.38175015e-02 -6.23694137e-02
  4.83577177e-02  1.95436887e-02 -1.31327242e-01 -7.62540521e-03
 -1.02494642e-01 -7.65047502e-03 -4.59623300e-02 -1.28044235e-02
  2.94141024e-02  8.91706645e-02  4.68269214e-02  1.40089705e-03
 -1.98526867e-02 -2.98337974e-02 -2.62056254e-02 -4.49376255e-02
 -7.65369274e-03  4.21757698e-02  1.74748991e-02  6.10725069e-03
 -2.21806299e-02  1.11740835e-01 -1.41538568e-02 -3.96346860e-02
  8.11224729e-02 -2.67724507e-02 -3.89759503e-02  8.42153654e-02
  2.60387920e-02  7.03829378e-02  6.43409640e-02  6.42223094e-05
 -3.24788541e-02 -1.59477238e-02 -3.75417657e-02 -1.78178921e-01
  3.99700366e-02 -4.87430580e-02  1.35832772e-01 -2.04557013e-02
 -5.71875572e-02 -2.32133009e-02  4.33236770e-02 -1.99489878e-03
 -2.19960175e-02 -1.33066058e-01 -1.08314745e-01  1.55396517e-02
  7.42105991e-02  6.62381202e-02 -4.84008826e-02 -5.05693778e-02
  1.12121277e-01 -2.24787295e-02  1.35712614e-02  3.87484841e-02
  4.63879220e-02  2.62254812e-02 -1.07066408e-02 -4.70001772e-02
 -5.04667535e-02 -5.54642119e-02  1.06179453e-01 -1.42063936e-02
 -2.84733847e-02 -6.67098612e-02 -6.14637136e-02  3.12089524e-03
 -5.25396764e-02 -1.04907444e-02  2.52659549e-03  2.57230140e-02
 -2.78970245e-02 -4.12336178e-03 -3.60869318e-02 -2.50494126e-02
 -4.53557121e-04  9.48672518e-02 -8.52483064e-02  2.31093653e-02
  7.27413967e-02 -3.61248548e-03 -2.15068534e-02 -6.05579658e-08
 -1.76834222e-02 -5.05693555e-02  5.30006364e-02  5.14730625e-03
  9.41373222e-03 -8.51042643e-02 -2.25929450e-02  1.21577596e-02
 -1.16232224e-02 -1.48472665e-02  5.76625802e-02 -2.39528716e-02
 -7.30840787e-02  1.73394941e-02 -2.59978045e-02 -7.53711984e-02
  4.36948165e-02  3.59951146e-02 -5.56706525e-02 -9.73627418e-02
  3.38709429e-02 -1.63959600e-02 -8.81138369e-02 -1.15462486e-02
  3.32566798e-02 -1.37681402e-02 -8.40182137e-03  2.47353222e-02
 -2.39590928e-02  1.60393529e-02 -2.19075773e-02 -3.13066803e-02
  6.23925738e-02 -1.24929110e-02 -1.93064064e-02 -2.51665190e-02
  7.31219864e-03  3.62701677e-02 -3.45202200e-02 -1.94747951e-02
  1.11509085e-01 -7.20580760e-03 -5.47846816e-02  1.40496599e-03
  5.92373833e-02 -3.47236432e-02 -7.08439723e-02 -5.53622283e-03
 -1.00563103e-02  9.17499606e-03 -6.77355826e-02 -5.62608102e-03
  8.89227092e-02  7.75153264e-02 -3.87318879e-02 -2.70307083e-02
  5.03617153e-02 -8.73848330e-03 -2.73575764e-02 -5.42655140e-02
  9.89183113e-02  8.43654051e-02  4.52514142e-02 -1.73458289e-02]