[-3.58637050e-02 -3.75772864e-02 -9.94001403e-02 -4.38038632e-02
 -4.94894348e-02 -3.41941752e-02  4.59703133e-02  1.07928038e-01
 -5.03313448e-03  3.74353793e-03  6.41727075e-02 -8.17506611e-02
 -6.35181088e-03 -2.01651324e-02 -6.90586045e-02 -4.97019887e-02
  9.44442302e-03  8.64182562e-02 -6.98748752e-02 -6.42803358e-03
  1.02306239e-01 -3.93586457e-02  4.77634976e-03  4.24518250e-02
  6.12189695e-02  1.01628371e-01 -1.09863505e-01  5.24826609e-02
  3.72754522e-02 -1.68120667e-01  3.86630138e-03  1.13966316e-01
  6.89202547e-02 -6.19283170e-02  3.36862318e-02 -5.71144884e-03
 -5.76745197e-02  2.70849466e-03  3.11158001e-02  2.52249949e-02
  3.15176207e-03  2.65406612e-02  3.27145122e-02  4.80490141e-02
 -4.10221964e-02 -6.30273595e-02 -4.50365916e-02  4.58525494e-02
 -1.36268407e-03 -2.61711335e-04  1.95170625e-03  6.39512911e-02
 -3.49088050e-02  6.80537447e-02 -5.15879178e-03 -3.54785174e-02
 -6.61109984e-02 -4.08379063e-02  2.64410563e-02  4.42216471e-02
  5.50527088e-02  3.14775594e-02 -2.61527151e-02 -3.52016017e-02
 -3.49242464e-02  5.88583201e-02 -2.54256763e-02 -1.17057681e-01
 -9.60804746e-02  5.24261259e-02  1.95714291e-02  1.72203258e-02
  4.71846238e-02  4.78845946e-02 -3.00602261e-02  5.00765070e-02
  8.00046697e-02 -3.40855233e-02 -4.58991453e-02 -4.40692939e-02
 -2.02521086e-02  1.05386510e-01  3.67941931e-02 -7.41686672e-02
  1.00474304e-03  1.68411639e-02  1.67207010e-02  2.29801517e-02
  4.69998829e-02 -1.07165389e-02  1.17845878e-01  3.92827690e-02
 -4.15154658e-02 -5.90858422e-02 -4.98977341e-02  4.95964065e-02
  3.08370907e-02  3.05746477e-02  6.47457391e-02 -3.24393325e-02
  7.10051358e-02  2.34092176e-02 -7.15267062e-02 -6.03890568e-02
 -8.97475481e-02  6.57781446e-03  5.10076694e-02  1.73153672e-02
  3.00024934e-02  3.74925546e-02 -1.03230581e-01 -4.10679393e-02
 -2.63441429e-02  2.57255789e-02 -6.12547733e-02 -1.84192159e-03
  6.17348263e-03 -3.56625840e-02 -9.14820191e-03 -3.27947922e-02
  7.90186133e-03 -3.87589782e-02  6.46829084e-02  1.69713814e-02
  4.54706931e-03 -1.99946035e-02 -5.23695201e-02  1.22678925e-32
  4.43426485e-04  2.95985527e-02 -2.30167750e-02  2.33305506e-02
  1.20446077e-02 -3.96762742e-03 -8.86421874e-02  1.19563732e-02
  1.59885567e-02 -3.96439470e-02 -1.30210936e-01  5.60362339e-02
 -4.95188171e-04  3.75156216e-02  8.18659216e-02 -3.55743133e-02
  4.70195860e-02 -1.96987949e-02  1.58834103e-02 -8.02316442e-02
  1.72469933e-02  3.40225026e-02 -3.90414223e-02  6.52018636e-02
  2.04965640e-02  1.13677084e-01  2.85477974e-02 -3.37008052e-02
 -1.67141692e-03  5.02739251e-02  5.62730292e-03 -6.08537055e-04
 -5.16974628e-02 -1.05363755e-02  5.40901944e-02 -3.91610973e-02
 -7.46323308e-03  4.19059657e-02 -2.52727792e-02  7.02834278e-02
 -6.23934567e-02  6.23656213e-02  3.19009870e-02  5.79065308e-02
  2.77575888e-02 -6.23437501e-02  3.65007780e-02  5.20659871e-02
  1.21221043e-01  4.52737622e-02 -9.37471092e-02 -1.01959668e-02
  5.79037480e-02 -2.00542416e-02 -1.10534029e-02  3.86839844e-02
 -9.59381908e-02  4.91803046e-03 -2.56060739e-03  1.49339717e-02
 -2.24791523e-02  5.42593896e-02 -1.68732591e-02 -8.27734694e-02
 -5.20982109e-02  6.03280887e-02 -1.13163777e-01 -2.40448415e-02
  9.17901844e-02  1.77803338e-02 -6.89038038e-02 -3.44118066e-02
  7.79864416e-02  5.79652041e-02  7.63198584e-02  3.27683985e-02
  4.86063696e-02 -5.52162081e-02 -7.73270801e-03 -1.73360817e-02
 -8.82062390e-02  5.33499159e-02  5.27578443e-02 -8.00068155e-02
  1.45408334e-02 -1.75159574e-02 -1.40220718e-03 -3.62720661e-04
  9.09372978e-03 -3.61636952e-02  5.01043946e-02 -6.46958947e-02
 -1.10395029e-02 -1.13620773e-01 -3.75705175e-02 -1.13271774e-32
  6.72024935e-02  5.93352020e-02  1.44078454e-03  7.57874846e-02
 -2.19642166e-02 -1.73627287e-02 -3.26218760e-05 -4.74759415e-02
  5.23210652e-02 -6.94584101e-02  5.12246825e-02  1.12881092e-02
  3.05333752e-02 -5.18253446e-02  6.31049648e-02  2.13506259e-02
 -6.98701991e-03  7.57477507e-02 -2.81337723e-02 -8.16187710e-02
 -5.35964034e-02  9.08033773e-02  2.37720348e-02 -2.93061025e-02
  1.36636561e-02  3.19787897e-02 -6.49429262e-02 -6.78830221e-02
  5.70198447e-02  2.39993855e-02  1.85372271e-02 -8.96496885e-03
 -2.84923576e-02  3.11958957e-02 -5.49626648e-02 -6.13759048e-02
  4.83472124e-02  2.43847277e-02 -6.71812370e-02  5.47603667e-02
  2.46705525e-02 -2.75290199e-03  5.87770566e-02  1.10461265e-02
 -3.17202858e-03 -6.64268285e-02  2.27998048e-02 -4.25838269e-02
  5.99006675e-02  1.87108740e-02  9.03521329e-02 -2.41553746e-02
 -6.74033985e-02  6.92741647e-02  6.59517720e-02  2.79703345e-02
  1.91892160e-03  2.33274717e-02 -1.15602523e-01 -5.91042042e-02
  1.16444016e-02  2.14403961e-02  9.10111815e-02 -8.88331011e-02
  1.00716867e-01 -8.08302127e-03 -2.59244367e-02  2.43688971e-02
 -1.98094640e-03 -9.09548346e-03 -3.20842676e-02 -8.58050808e-02
 -2.28997460e-03 -7.04258755e-02  1.31739210e-02 -3.97841893e-02
 -2.60026790e-02 -1.40402438e-02  4.27532680e-02 -2.99807619e-02
 -8.82370993e-02  3.25805396e-02  1.41303819e-02 -4.86120693e-02
 -3.78411859e-02 -1.18952002e-02  2.94594443e-03  1.03597855e-03
  9.21204686e-03  5.05823530e-02 -1.02278171e-02 -2.85942778e-02
  1.22408442e-01  7.30420351e-02  9.60182250e-02 -6.22982554e-08
  1.56010995e-02  2.11771633e-02 -4.34387811e-02  2.16488298e-02
  7.13622496e-02  4.36988994e-02 -3.15241553e-02  5.79902017e-03
 -1.04381014e-02 -2.74454467e-02  1.37869585e-02  7.64043406e-02
 -3.71261910e-02  8.27202108e-03 -3.83485993e-03  5.76969283e-03
  3.57202105e-02 -9.78096854e-03 -2.17865556e-02 -5.27123660e-02
 -2.22825422e-03 -1.38695743e-02 -1.81109197e-02 -5.34369284e-03
 -7.26714060e-02 -3.75377238e-02 -3.71434130e-02 -4.95799743e-02
  2.00048164e-02  2.68404465e-03 -2.97788307e-02 -4.89624403e-03
  7.06758350e-02 -1.44975871e-01  4.95804101e-02  2.81689945e-03
 -4.32025269e-03  2.12146193e-02 -3.54371816e-02  7.73269162e-02
  5.43623604e-02 -1.31419480e-01 -3.19140479e-02  4.33260873e-02
  6.71940967e-02 -4.10665236e-02 -6.38679415e-02  4.08751070e-02
 -4.47416343e-02 -5.20951338e-02 -4.22486700e-02 -3.96099593e-03
 -4.22366299e-02 -1.35657685e-02 -2.15513911e-02 -3.69991511e-02
 -3.87913734e-02 -7.19017982e-02  2.54571754e-02 -2.08057407e-02
 -3.65179032e-02 -3.68366623e-03  2.91090086e-02 -4.58193719e-02]