[-5.11268787e-02  6.55395985e-02 -4.73640785e-02 -5.76571934e-02
 -5.95703013e-02  3.57333086e-02 -3.02418489e-02  6.23061396e-02
  4.07864749e-02  7.33149871e-02  5.83272241e-02  1.89925451e-02
 -4.84229960e-02 -8.67441390e-03 -4.53057978e-03 -8.59948713e-03
 -2.11599059e-02  2.66384962e-03 -1.44550307e-02  9.35265124e-02
  1.69447735e-01 -1.96934342e-02 -4.84091230e-02  3.76133919e-02
 -4.74854857e-02 -1.99767947e-02 -4.38445657e-02 -6.29660022e-03
 -4.71131317e-02  1.55006396e-03 -3.85285728e-03  1.03487715e-01
  3.04258764e-02 -5.37042655e-02  9.87907052e-02  5.07264622e-02
  9.26862434e-02  7.48775294e-03 -8.71668046e-04  5.66453002e-02
 -7.42970482e-02 -4.73244302e-02 -8.03994164e-02 -4.55698669e-02
 -1.85205471e-02 -5.58932535e-02  8.17318410e-02 -1.17858900e-02
 -7.49978796e-02  4.86171134e-02 -5.04869595e-02 -1.37539711e-02
 -3.60065177e-02  2.92162802e-02  1.59640349e-02 -8.62161666e-02
 -3.65626700e-02 -1.36621585e-02 -1.39858173e-02 -3.61271873e-02
 -3.52825560e-02  5.10716662e-02 -3.15997340e-02  3.94997932e-02
  2.00622100e-02  2.76253186e-02 -9.10549052e-03 -4.56171297e-02
 -6.62727654e-02 -8.33990984e-03  1.24830855e-02 -7.17097893e-02
 -7.20705662e-04  1.10583715e-02 -4.62512523e-02  5.21670990e-02
  1.55165959e-02  4.45675328e-02  4.34126072e-02 -2.20937997e-01
  1.51071986e-02 -9.47731268e-03 -2.07159054e-02 -2.88307690e-03
 -4.71507106e-03  6.30105846e-04 -3.78890000e-02  4.27279435e-02
  9.90010798e-02  3.96289974e-02  7.25099966e-02  5.88154793e-02
 -3.02096065e-02 -1.25984894e-02  2.16143634e-02 -5.62472418e-02
  1.74188409e-02 -2.06096843e-02  1.20001979e-01  4.92140800e-02
  6.68772236e-02  1.07785584e-02 -3.28437658e-03 -6.05117343e-03
 -6.04399107e-02  1.82072486e-04 -3.80746904e-03 -6.25074133e-02
  4.04806025e-02  5.21014631e-02 -7.65376464e-02 -3.40718590e-02
 -8.88893083e-02 -6.62373081e-02 -3.64973135e-02 -8.91140383e-03
 -4.41387855e-02 -8.37187935e-03 -3.74432397e-03 -3.48196477e-02
 -2.84940545e-02 -2.00260971e-02  3.74310166e-02 -5.05868718e-02
  8.50885082e-03 -2.80932225e-02  3.24109755e-02  1.08183015e-32
  5.98737085e-03  1.37740141e-02 -3.37327905e-02  6.37459476e-03
 -1.85443163e-02  2.17462964e-02 -3.03783175e-02  2.75064148e-02
 -2.43896991e-03  1.59487762e-02 -5.18123135e-02  4.73743938e-02
 -7.36829266e-03  1.36107691e-02  9.77160707e-02  2.98064873e-02
 -1.90005600e-02 -3.61366360e-03  1.49556054e-02 -9.82630625e-03
  6.97120500e-04 -3.06927245e-02 -1.11314433e-03 -2.94156168e-02
  1.13539081e-02  1.14415385e-01 -7.64888898e-03 -1.06608095e-02
 -4.18472774e-02  5.44707216e-02  7.57437348e-02 -5.43787256e-02
  9.33424532e-02 -3.14603187e-02 -4.31733429e-02  1.16330236e-02
 -1.82670653e-02 -2.88547780e-02 -3.18528190e-02 -4.07572985e-02
 -2.16549844e-04  8.44766945e-03  7.91971013e-02  2.72339806e-02
  4.95459102e-02 -3.43449265e-02  4.58701104e-02 -1.04163485e-02
  8.30648318e-02  6.60450384e-02 -2.19291239e-03 -3.00255138e-02
 -4.55626706e-03 -4.96680103e-02  7.93937314e-03 -3.13686319e-02
 -9.68933553e-02  2.96381749e-02 -4.22415603e-03 -1.04838923e-01
  2.34315637e-02 -7.19997846e-03 -7.22642690e-02 -2.06019636e-02
 -4.80747372e-02  3.33484225e-02 -3.82332802e-02  3.01924553e-02
  9.97589678e-02 -2.65860055e-02 -5.70589527e-02 -3.18761468e-02
 -3.01588904e-02  1.89076588e-02  1.25801936e-02 -3.49234417e-03
  1.75951216e-02  1.57306949e-03 -3.37516889e-02  4.70072255e-02
 -5.63843213e-02 -2.13059746e-02 -1.20574059e-02 -2.37361956e-02
  5.16864173e-02  8.46863985e-02  2.51144599e-02  3.76858115e-02
  2.70453654e-02  4.42052037e-02  7.68318772e-02  2.12932378e-02
 -1.55298160e-02  6.25538602e-02  6.62970096e-02 -1.30250328e-32
 -4.61524539e-02  9.36630834e-03 -8.12420323e-02  3.23761404e-02
  3.56757939e-02 -1.25123728e-02 -4.13081646e-02 -1.95920952e-02
 -1.23341493e-02 -1.59738496e-01 -6.49890825e-02 -1.01852395e-01
  5.33079207e-02  1.15217250e-02 -7.34685361e-02 -1.26873199e-02
 -1.15269899e-01 -2.19735131e-02  1.18979868e-02  1.52708879e-02
  3.30953188e-02  6.36375099e-02  3.99668217e-02  3.05355154e-02
  5.62088042e-02 -5.33546172e-02 -2.01567747e-02 -3.30500230e-02
 -2.98145358e-02 -1.06609743e-02  4.07605395e-02 -3.51523980e-02
 -6.44147918e-02  1.36535004e-01 -1.83556285e-02 -6.96043149e-02
  9.40725952e-02  2.30237916e-02 -3.84109803e-02  1.01844020e-01
  7.16084987e-02  7.17860162e-02 -1.42260008e-02 -4.98358868e-02
 -8.69703293e-02  2.71971095e-02 -2.96566058e-02 -7.55751878e-02
  4.87159714e-02 -5.77200204e-02  6.31654933e-02 -1.34773981e-02
 -3.27828936e-02 -2.85395626e-02  4.02815901e-02  5.25963195e-02
 -3.44630145e-03 -2.95037329e-02 -6.90580234e-02  1.63113177e-02
  2.70208530e-02  7.38323107e-02  2.58424925e-03  4.71561961e-03
  1.15727894e-01  1.65211800e-02 -2.25573704e-02  5.00888862e-02
 -4.13426617e-03 -4.54074331e-02  3.05164456e-02 -1.03208259e-01
 -1.08396731e-01 -2.50882935e-02  1.60176437e-02 -6.05084226e-02
 -4.44933632e-03 -4.09797132e-02  5.38909156e-03  5.36469780e-02
 -3.68657708e-02  7.28124566e-03  1.13810152e-02 -4.09846846e-03
 -6.11469187e-02  2.56940369e-02 -4.69692312e-02 -2.48744357e-02
 -3.58599797e-02  3.71701382e-02  1.65849866e-03  5.27334288e-02
  8.89780447e-02  2.38228180e-02 -4.92766909e-02 -6.67604709e-08
  2.86364295e-02 -3.50578688e-02  1.60010476e-02 -6.77487850e-02
  3.96242552e-02 -5.94720133e-02  2.30304915e-02 -1.53523227e-02
 -5.91506157e-03  4.02648933e-03  1.17825404e-01 -3.06309387e-02
 -1.24035902e-01 -3.77447642e-02 -1.57185979e-02 -9.30389389e-02
  2.68793367e-02  1.61092579e-02 -8.09784234e-02 -4.52159010e-02
  7.62270093e-02 -2.26866044e-02 -7.22623542e-02 -3.34999822e-02
  8.27490352e-03 -2.99867075e-02 -4.10314351e-02  8.90266092e-04
 -1.24753742e-02  2.86014304e-02 -9.25393924e-02  6.14454783e-02
  5.03172807e-04 -9.17932615e-02 -8.26260969e-02  6.16289489e-03
  7.02349693e-02  1.95324086e-02 -1.89346485e-02  5.04981652e-02
  1.44370779e-01 -2.71883309e-02 -4.52777781e-02 -2.88322996e-02
  9.56781060e-02 -3.39826494e-02 -1.36320980e-03 -2.15362161e-02
 -1.85040552e-02  1.07349013e-03 -2.62260307e-02 -3.18057323e-03
  8.15146267e-02  1.87915061e-02 -7.32688457e-02 -5.63218407e-02
 -1.86753590e-02  1.82805788e-02 -9.30222310e-03 -5.34212478e-02
  1.25554323e-01  2.87511963e-02  8.99254009e-02 -4.89212684e-02]