[-8.60919431e-02  1.13846645e-01 -8.45201965e-03 -1.34769930e-02
 -3.94627340e-02  1.73618980e-02 -2.14118883e-02  2.78154556e-02
 -4.31114715e-03  6.20927326e-02  8.52688774e-02  7.75757656e-02
 -2.40790658e-02 -6.59695044e-02 -5.92674799e-02 -4.72424403e-02
 -1.07834063e-01  9.52605233e-02  4.82725948e-02  5.77373318e-02
  1.00990810e-01  4.09649946e-02 -4.14833054e-02  2.59132441e-02
 -8.94791782e-02  1.59493312e-02 -9.26456822e-04 -7.68730603e-03
 -1.85840596e-02 -3.41501795e-02  2.13080570e-02  5.24874702e-02
  5.03680259e-02 -7.24323392e-02  9.20337588e-02 -8.11257772e-03
  4.15127724e-02 -4.91009690e-02 -4.99105528e-02  4.52749729e-02
 -4.90766503e-02 -5.60458936e-02 -8.16729292e-02 -7.05472846e-03
 -2.43314868e-03 -3.99467908e-02 -9.20160562e-02  5.93996793e-02
 -2.52670292e-02 -1.78022888e-02 -5.98923191e-02 -3.82564291e-02
  4.05404426e-04  3.44911329e-02 -1.34932008e-02 -3.98059376e-02
  3.12614106e-02  2.90501211e-02 -5.83667774e-03 -3.67339924e-02
  6.41837865e-02  6.41711205e-02 -8.93994793e-02  1.52188567e-02
  1.98800135e-02  1.12656042e-01 -1.16899284e-02 -1.03234321e-01
  2.25332323e-02 -1.73747949e-02  3.64515856e-02 -1.29287997e-02
  2.58081071e-02 -9.41936043e-04 -4.64297310e-02  1.74228009e-02
 -6.09600283e-02 -5.52135222e-02  1.92189217e-02 -1.05490416e-01
  3.95847969e-02 -7.14899674e-02  2.13700142e-02 -3.98690477e-02
  1.08324802e-02 -9.64364875e-03  1.15687149e-02  1.71601772e-02
  8.78009871e-02  5.25736660e-02  2.95256246e-02  4.57779579e-02
  3.83210108e-02 -2.08924338e-02 -2.65398324e-02 -2.24301033e-02
  4.33225930e-02  1.03216822e-04  9.32386220e-02  3.61244380e-02
  2.39275135e-02  1.26249716e-01  1.52808325e-02  3.35106738e-02
  3.34668085e-02  1.42479390e-02  3.68873253e-02 -1.39239505e-01
 -5.65846786e-02 -1.51239624e-02 -8.90847966e-02 -2.79061366e-02
 -3.95127647e-02 -2.78487373e-02 -4.66024876e-02  4.68611531e-02
 -2.74062827e-02 -2.77843047e-02 -3.29555944e-02 -6.68331236e-02
  6.49875104e-02 -2.52728872e-02 -3.91730992e-03 -1.12606660e-01
  2.31647845e-02 -2.94903480e-02  9.15516540e-02  8.51721403e-33
 -2.49983650e-02 -8.42636898e-02 -1.04400821e-01  1.82290357e-02
  6.19116463e-02 -9.18444619e-03 -6.14159964e-02 -4.19191383e-02
  8.08513537e-03  2.44808979e-02 -4.49206755e-02  6.55736215e-03
 -4.53168666e-03  3.69102098e-02  6.75824136e-02 -2.76215171e-04
  3.57748345e-02  4.18799259e-02  1.77891310e-02 -2.51666065e-02
  1.88525971e-02 -8.01750645e-02  4.94501442e-02 -1.72185693e-02
 -3.11696483e-03  1.17051847e-01 -4.75272276e-02 -4.57292385e-02
  1.43898390e-02  5.96562736e-02  1.10163363e-02 -5.82693052e-03
  2.44324002e-03 -6.96038455e-02 -3.09498142e-02  2.65234616e-02
  2.82316729e-02  9.25566419e-04 -5.44227697e-02  3.79700325e-02
 -2.55752131e-02  4.89446241e-03  1.22380406e-02  3.96182425e-02
  4.32918780e-03 -9.03677791e-02  1.70218740e-02 -2.15862971e-02
  8.31217617e-02  8.17632377e-02 -2.31046490e-02  4.17356193e-03
 -6.22406751e-02 -5.58676906e-02 -8.38751160e-03 -2.13462859e-02
 -4.24415357e-02  4.98564504e-02 -1.25815701e-02 -3.77858169e-02
  1.28024802e-01  3.19905952e-02  2.83669718e-02 -2.24746559e-02
 -1.22930463e-02 -3.60112488e-02  1.29780024e-02 -1.00010736e-02
  2.07256544e-02 -3.15097496e-02  6.61664829e-03 -6.34540394e-02
 -3.80215533e-02  1.88432001e-02 -7.16302022e-02 -2.73629259e-02
  1.67394653e-02  1.17939115e-02 -6.29798174e-02 -4.38414291e-02
  2.83580758e-02 -9.31042582e-02 -2.46445229e-03 -3.90064530e-02
  2.50022020e-02  5.89367114e-02  2.90838387e-02  9.55646187e-02
 -2.50049047e-02  3.94596905e-02 -3.37757729e-03  7.93686360e-02
  2.00477168e-02  1.56943686e-02  6.88239634e-02 -1.02489743e-32
 -6.31039664e-02 -2.00071856e-02 -1.07654765e-01 -2.44160853e-02
 -5.45401350e-02 -4.93521919e-04 -5.79575859e-02  8.79562572e-02
 -3.74427922e-02 -7.03058913e-02 -9.38638076e-02 -8.94986391e-02
  4.91888374e-02 -1.31980982e-02 -5.07801585e-03  5.89580610e-02
  5.52299013e-03 -3.22724096e-02 -9.57609564e-02  2.99411509e-02
  3.01833842e-02  2.34583002e-02  2.07175575e-02 -3.24435420e-02
  7.43203163e-02 -1.55005688e-02 -6.41458780e-02  1.73673667e-02
 -1.02533206e-01  1.98444668e-02  9.44032986e-03 -3.74699049e-02
  3.27431150e-02  8.68277624e-02  4.64184815e-03 -1.89366229e-02
  1.46782979e-01  1.01868920e-02 -1.87448673e-02  1.56231215e-02
  1.67101752e-02  1.27826154e-01  1.05076218e-02  8.71249754e-03
 -9.54752136e-03  6.75625131e-02 -5.31049147e-02 -4.32154350e-02
 -2.18674759e-04 -3.96528319e-02  3.81751247e-02 -9.36543162e-04
  6.09351695e-02 -6.57711700e-02  6.01949655e-02  4.95225564e-02
 -2.88347043e-02 -3.58810052e-02 -1.08451217e-01  6.14229627e-02
  4.47116308e-02 -1.49116209e-02 -5.55318631e-02 -6.80920249e-03
  1.58820406e-01  1.52241429e-02 -4.79770415e-02 -3.02854497e-02
 -9.10817087e-03 -1.41582009e-03  6.45058379e-02  1.43948654e-02
 -9.79873762e-02  5.50357588e-02  1.35926083e-02 -5.42019866e-02
 -5.49701452e-02  3.58206443e-02 -1.61465723e-02 -4.98141767e-03
  3.71828973e-02  1.93862617e-02  2.06886441e-03 -3.23507115e-02
 -6.38872609e-02 -5.84080331e-02 -2.43125446e-02 -3.89552377e-02
 -3.12920213e-02 -1.74658988e-02 -3.14182229e-03  8.88653100e-03
 -5.86360022e-02  2.58184038e-02 -3.06245754e-03 -5.14966203e-08
  1.13078328e-02 -8.22765678e-02  2.94986572e-02 -1.97526086e-02
  7.90337920e-02 -7.31837451e-02 -1.23024813e-03 -2.99607329e-02
 -3.41928415e-02 -8.96638632e-02  3.70259471e-02 -2.42249668e-03
  7.13251438e-03  3.37296501e-02 -9.40381642e-03 -5.67277484e-02
  7.87297338e-02  2.49029119e-02 -9.17663723e-02 -5.42752678e-03
  9.59843844e-02 -1.50698135e-02 -2.24083755e-02 -5.99615574e-02
 -5.02758194e-03  4.04136032e-02  1.63597241e-02  1.47427237e-02
 -3.43138389e-02 -7.16556162e-02 -3.61472480e-02  2.93627363e-02
  1.68123245e-02 -2.57969070e-02  1.79575831e-02  8.22319388e-02
  6.10140972e-02  1.73690710e-02 -4.27332893e-02 -4.64018211e-02
  5.42122908e-02 -2.46418305e-02 -2.80375555e-02 -1.12310005e-02
  9.76900980e-02 -4.98082899e-02 -2.93897931e-02 -3.37951705e-02
  5.15037961e-02  2.91026151e-03 -5.26787974e-02 -7.52233714e-02
  9.82946754e-02  4.06166352e-02 -4.59130928e-02 -3.35861109e-02
  6.36241585e-02  7.10559487e-02 -3.64646912e-02 -4.94713709e-02
  1.05707057e-01  9.50707346e-02 -4.68933117e-03 -2.74000261e-02]