[-2.43061092e-02  1.40218940e-02 -6.07738681e-02 -5.97908497e-02
  1.95127670e-02  2.82339286e-02 -2.93301195e-02  1.21548809e-01
 -3.33768316e-02  4.71015312e-02  7.95439556e-02 -2.02662889e-02
  5.59411012e-02 -2.04546433e-02 -2.35148184e-02 -9.78481919e-02
  2.00907029e-02 -7.06312433e-02  1.85999218e-02  6.59761392e-03
  8.51796940e-02 -2.10881084e-02 -7.64108002e-02  1.88579038e-02
 -5.20912148e-02 -4.24118564e-02 -4.36744541e-02  3.45623791e-02
 -7.12873936e-02 -4.11237068e-02 -4.31707921e-03  4.58212234e-02
  9.01674181e-02 -3.08216293e-03  4.48006913e-02  6.07797652e-02
  7.42705017e-02 -4.08171229e-02 -4.12845425e-02  4.83201072e-03
 -6.60881102e-02 -6.67653978e-02 -5.65925241e-02 -2.99614444e-02
  4.79535684e-02  2.41365321e-02 -4.85413074e-02 -1.10832326e-01
 -5.61205149e-02  8.42767954e-03 -1.71730369e-02  2.12770607e-02
  7.21206293e-02  1.18971616e-02 -7.22382665e-02 -3.44324373e-02
  1.75817292e-02  2.03214269e-02 -1.03220847e-02  1.07346419e-02
  2.15741228e-02 -2.02508345e-02 -4.68624867e-02  1.04838135e-02
  9.24786478e-02 -2.67827194e-02 -2.88192537e-02 -1.00899741e-01
 -4.46948856e-02 -6.44390211e-02 -2.43611578e-02 -9.02270302e-02
 -8.63502361e-03  9.03752670e-02 -5.94877359e-03  4.24160138e-02
 -3.56575176e-02  2.59969011e-02  9.07020494e-02 -1.53641030e-01
 -1.83468256e-02  5.58548383e-02  2.51584221e-03  2.92648189e-02
 -3.15168612e-02 -1.22989865e-03 -8.11722130e-03  2.19924785e-02
  1.48997102e-02 -1.25313411e-02  1.41533613e-01  7.58399963e-02
 -5.20257987e-02  3.98289934e-02  1.97525788e-02 -6.27162308e-02
  1.74995791e-02 -1.91936400e-02  2.93249125e-03 -1.73988398e-02
  3.39944102e-02  2.48612929e-02  2.76942253e-02 -8.18402413e-03
 -9.47267283e-03  1.00854328e-02 -1.37029989e-02 -1.71579141e-02
  2.27806456e-02  4.27273288e-02 -2.70750728e-02 -4.37876768e-02
 -1.26820341e-01 -7.48481825e-02 -6.48988187e-02  4.52543497e-02
 -5.65810278e-02 -4.53191698e-02  1.02216452e-02 -4.39822525e-02
  3.00177746e-02 -6.12925105e-02 -8.54491349e-03 -1.05841845e-01
 -1.28392288e-02 -9.55453739e-02  7.83580616e-02  1.12708316e-32
 -6.34795353e-02  9.82334558e-03 -6.03253134e-02  2.48047709e-02
  1.03016375e-02 -5.99232363e-03  5.26033379e-02  1.00343868e-01
  8.85234103e-02 -5.51091321e-03 -8.17732587e-02  6.32182509e-02
  8.56978167e-03 -7.44480118e-02  7.39821419e-02 -5.02899438e-02
  5.38107902e-02  2.72605103e-02 -6.81445003e-02  2.65856050e-02
 -9.68148559e-03 -3.57891731e-02  6.24488667e-02 -7.38190189e-02
  9.33491215e-02  3.69632356e-02 -1.19756553e-02 -1.70067903e-02
  8.11011530e-03  4.36494611e-02  7.61364028e-02 -5.16695231e-02
  7.94950873e-03 -4.25173678e-02  3.25767286e-02 -1.75064988e-02
  3.52347381e-02 -1.51566351e-02 -2.38875523e-02 -4.11233976e-02
 -3.26220617e-02  5.35570756e-02  9.75131392e-02  4.60930355e-03
  9.26961470e-03  1.75071377e-02  1.28296480e-01 -1.81023907e-02
  7.54230097e-02  4.03906256e-02 -9.68440324e-02 -3.48631144e-02
 -4.62516816e-03 -3.08242422e-02  8.15681219e-02  4.84979860e-02
  7.19345361e-03  1.09798731e-02 -4.67343815e-03 -2.91217547e-02
 -2.01060195e-02 -6.84591336e-03 -4.31777313e-02  3.39690708e-02
  6.00385154e-03 -7.22035915e-02  2.68067662e-02 -6.16206825e-02
  1.18792050e-01 -7.17648864e-02 -2.82364748e-02 -3.94227281e-02
  4.74629588e-02  7.55221546e-02 -7.19214305e-02 -3.07693034e-02
  8.21692083e-05  7.91286528e-02 -1.04124598e-01 -4.93236594e-02
 -1.35737518e-02  2.80226078e-02 -3.54748890e-02 -2.33780220e-02
  8.49813893e-02  7.32212365e-02  5.68687581e-02  4.63485494e-02
 -4.17000689e-02  6.13550991e-02 -1.35824904e-02  5.13501391e-02
  1.68508105e-02  8.01551789e-02  2.76807342e-02 -1.10230851e-32
 -3.22233187e-03 -1.68200713e-02 -3.22828665e-02  7.05316663e-03
  4.95570153e-03  4.17172536e-02  4.73465621e-02  4.78577949e-02
  8.73177545e-04  1.31476941e-02  5.09789959e-02 -6.12228625e-02
  4.04844731e-02 -5.06203249e-02 -3.01265288e-02  5.40154092e-02
 -1.08857803e-01 -4.80678231e-02 -1.45471320e-02  7.87025988e-02
  5.50896153e-02  7.43990541e-02 -4.65344489e-02  2.85254288e-02
  1.99189149e-02  6.82017067e-03 -5.52513860e-02 -1.95748881e-02
 -5.15716560e-02  1.49100451e-02 -1.15001788e-02 -7.49676600e-02
 -4.33199555e-02  1.68815210e-01 -5.59364967e-02 -8.43474567e-02
  6.06270619e-02 -7.42969336e-03 -3.36643010e-02  1.21820368e-01
  4.64767218e-02  6.79941773e-02  3.23738642e-02 -3.82567160e-02
 -2.21352614e-02 -5.39837927e-02  1.46092195e-02 -6.91712946e-02
 -1.70723237e-02 -7.91679695e-02  5.04553169e-02 -6.94177076e-02
  6.74986616e-02  3.63268936e-03  5.72879910e-02 -1.44103998e-02
  1.80471595e-02 -4.16052015e-03 -1.38550103e-01 -3.90722305e-02
  1.65228784e-01  4.09336537e-02 -1.36590553e-02  7.03060534e-03
  1.03757724e-01  1.75980795e-02 -1.47358421e-02  4.45729755e-02
 -3.87604758e-02 -2.55416185e-02  2.01209076e-03 -9.61060897e-02
  3.16408835e-02 -6.85616285e-02 -2.14757081e-02 -2.07353402e-02
 -5.07471859e-02 -4.90954658e-03 -3.81751433e-02 -4.80561424e-03
 -3.58106866e-02 -7.62616331e-03 -4.43528667e-02  2.66453121e-02
 -7.13047164e-04 -1.81348640e-02  3.93365696e-02 -4.13070284e-02
 -1.90008190e-02 -2.55459342e-02 -6.19542561e-02  5.69291227e-02
  1.42195467e-02  5.19621894e-02 -3.64816599e-02 -6.44619789e-08
  6.43712375e-03 -3.41445319e-02 -3.59344669e-03 -7.17938021e-02
  8.99293553e-03 -9.74003449e-02  8.57266225e-03  4.33387887e-03
  7.56426901e-03  3.41627039e-02  2.70291753e-02 -6.27560169e-02
 -7.60208741e-02 -3.13115120e-02  2.44190376e-02 -3.66273224e-02
 -3.35603417e-03  9.25121382e-02 -3.87043804e-02  8.99923220e-03
  8.44863728e-02 -5.23954220e-02 -2.09729485e-02 -5.60058653e-02
  4.99084145e-02  2.50382461e-02 -1.82367302e-02  2.20445953e-02
 -2.04308424e-02 -4.94611310e-03 -4.39812951e-02 -2.41285302e-02
  6.40496090e-02 -1.53481988e-02  3.34313884e-02  3.48067470e-02
  1.98229793e-02  5.85010573e-02  1.11535052e-02  6.95972443e-02
  7.59873763e-02 -2.38524117e-02 -2.94061154e-02  7.11044436e-03
  2.86112875e-02  1.19850477e-02 -3.96977998e-02  3.31954695e-02
  1.46784317e-02 -4.41757403e-02 -5.55814542e-02 -2.71675941e-02
  2.31803209e-02 -4.17410545e-02 -2.69629396e-02 -2.45743487e-02
  2.49954183e-02  1.28657892e-02 -3.48219611e-02  4.74790148e-02
  5.55660240e-02  5.16768992e-02 -2.90473476e-02  2.32399926e-02]