[-3.42124701e-02  3.10503542e-02 -6.80943727e-02 -3.37941721e-02
 -6.95263073e-02 -1.50413979e-02  1.66471750e-02  5.04648313e-02
 -3.73506024e-02  5.90869859e-02  5.68670146e-02 -3.73869576e-02
 -1.21451691e-02  1.83242112e-02  3.61991562e-02  5.28669311e-03
  9.87927690e-02 -3.76955606e-02  5.44874743e-02  3.75040360e-02
  1.23573728e-01 -2.58349371e-03 -8.08811784e-02  8.92694592e-02
 -9.22196805e-02 -8.65587220e-03 -5.04552349e-02 -3.58801819e-02
 -6.14587627e-02 -6.25558337e-03 -2.14407109e-02  7.37162530e-02
  8.25610012e-02 -3.66711244e-02  2.30395887e-03  4.80453707e-02
  4.32724394e-02 -4.99534719e-02  6.49430836e-03  8.13046172e-02
 -7.56208971e-02 -2.17434671e-02 -4.75209616e-02 -6.33301064e-02
  1.31354891e-02 -2.77356263e-02  7.45053142e-02  2.68785432e-02
 -3.81962992e-02 -1.99372675e-02 -6.70442283e-02 -4.21972387e-02
 -2.91406196e-02  4.28328477e-02 -5.30490354e-02 -5.22196181e-02
  2.69935164e-03 -4.26594131e-02  8.45215190e-03 -1.10153919e-02
 -4.13373895e-02  2.58558411e-02 -3.69589701e-02  3.89961265e-02
  6.70363978e-02 -6.47630990e-02 -1.52900144e-02  2.39372067e-02
 -4.46627215e-02  4.10860591e-02  7.78761059e-02 -3.74776758e-02
  5.40034994e-02  2.75044180e-02 -1.68246329e-02  8.84537995e-02
  1.30115114e-02  6.76711276e-02  4.04849090e-03 -1.99535757e-01
  3.72454152e-02  6.96297586e-02  2.23200321e-02 -6.06348589e-02
 -1.15917260e-02  1.01038115e-02 -1.23663675e-02  4.78875153e-02
  3.31061333e-02 -7.00132572e-04  6.84754774e-02  4.70256694e-02
 -5.44612594e-02 -6.82924762e-02 -8.80150273e-02 -2.09094994e-02
 -1.46294199e-02 -8.32323637e-03  6.17095344e-02  9.78967547e-03
  7.16038048e-02  2.69854404e-02 -1.05459252e-02  2.37534139e-02
 -3.01755611e-02  1.83977373e-02 -4.73838951e-03 -2.53289994e-02
  2.46376097e-02  1.33009806e-01 -2.68730633e-02 -3.26425880e-02
 -6.40908554e-02 -1.02066658e-01 -7.16520473e-02  2.14468390e-02
 -2.32829191e-02  6.73412997e-03  5.29055074e-02 -4.14114594e-02
 -1.60225034e-02  3.32004577e-02  5.97615466e-02 -5.31677790e-02
  3.10849734e-02 -1.01658665e-01  2.37752427e-03  7.56747557e-33
  3.40786669e-03 -6.54225945e-02  2.68639829e-02  2.40896475e-02
  1.41444085e-02 -1.63414106e-02 -3.07012536e-02  3.15434076e-02
  5.15610613e-02  7.77688399e-02 -2.28905734e-02  3.38902026e-02
 -1.10008093e-02  1.56818505e-03  7.49772638e-02 -3.64546292e-02
  3.39813121e-02  2.56592035e-03  9.58823692e-03 -3.52702243e-03
  5.79767814e-03 -3.61487381e-02 -2.40234416e-02  5.67587316e-02
  2.92160679e-02  9.47428644e-02 -4.97671254e-02 -2.68702302e-02
 -5.03729917e-02  5.51233478e-02  7.30846524e-02 -6.12194790e-03
  6.42264932e-02 -1.65306088e-02 -7.84509704e-02 -1.08369337e-02
 -1.06087819e-01 -2.94393227e-02 -6.09508604e-02 -3.89487036e-02
 -3.60189825e-02 -2.38781795e-03  3.98670025e-02  3.91864814e-02
 -1.61337871e-02 -3.70422192e-02  2.95003410e-02 -3.88579145e-02
  8.90920460e-02  8.57612044e-02  1.66097805e-02 -5.64591549e-02
 -3.01757511e-02 -6.70969039e-02 -1.49148889e-02  2.85302699e-02
 -5.27298711e-02  2.35947128e-02  3.96371298e-02 -4.95883115e-02
 -8.37010425e-03 -5.83786145e-02 -6.61003068e-02 -2.25326116e-03
 -8.29623118e-02 -8.03366154e-02  3.18147279e-02  5.63912326e-03
  1.66481450e-01 -4.56998423e-02 -9.38860103e-02  2.36378238e-02
 -5.08565530e-02  6.25613779e-02 -2.30146255e-02  1.35379257e-02
  2.56399624e-02 -5.97343408e-02 -7.28162751e-02  1.34410802e-02
 -7.64803812e-02 -2.95493118e-02 -3.50689739e-02  9.07666329e-03
  4.31558564e-02  1.01395756e-01  7.45602697e-02  2.42263395e-02
 -9.83003993e-03  7.04731867e-02  5.03797433e-04  1.01532958e-01
 -4.17404342e-03  7.93535076e-03  8.89354944e-02 -1.09808540e-32
  3.05900797e-02 -1.52585246e-02 -7.37750977e-02 -4.86337803e-02
 -1.42363005e-03  3.29337791e-02  1.77220087e-02 -7.25210235e-02
 -5.36891893e-02 -1.05337642e-01 -1.06062680e-01 -6.21007085e-02
  2.77780890e-02 -2.08622892e-03 -5.31228110e-02  1.88361201e-02
 -1.16218083e-01 -3.30110528e-02 -2.35347226e-02 -1.79762710e-02
 -2.44744439e-02  9.74809304e-02  6.11426421e-02 -1.69099960e-02
  1.66150592e-02 -8.77207667e-02 -4.71638776e-02 -2.37286650e-02
  1.25651341e-02  4.15850170e-02  1.80843081e-02 -3.47594433e-02
  8.98032356e-03  1.15205221e-01 -4.33005430e-02 -4.95770723e-02
  5.81692345e-02 -9.18531045e-03  1.05069699e-02  7.42019117e-02
  6.17527142e-02  6.72256052e-02 -1.29766604e-02 -5.07189296e-02
 -8.59645158e-02 -1.36120012e-02 -3.73928901e-03 -1.55891046e-01
  4.87533435e-02 -6.14644624e-02  4.94340025e-02 -4.34046388e-02
 -1.39085259e-02 -6.52922317e-02  6.50577545e-02 -2.99497787e-02
 -4.61737104e-02 -8.83598402e-02 -1.72190145e-02 -2.50076987e-02
  5.12910746e-02  5.06218635e-02 -1.42809898e-02 -1.38440821e-03
  1.36314854e-01 -2.30015367e-02  4.31004039e-04  5.35491528e-03
  2.52425158e-03 -5.04251271e-02  6.99537154e-03 -3.93679813e-02
 -9.35997069e-02 -1.61533430e-02  3.08685862e-02 -4.82893512e-02
  2.87242830e-02 -2.08006836e-02 -6.57464936e-02  3.20920646e-02
 -4.90611158e-02 -1.52019225e-02 -1.85385849e-02  1.20539302e-02
 -2.46880352e-02 -1.31084205e-04  2.55492721e-02  5.42475097e-03
 -3.81160947e-03  1.07163869e-01 -6.40645102e-02  6.48420975e-02
  7.10834488e-02  2.34167953e-03 -4.85954434e-02 -6.04193318e-08
 -1.25610884e-02 -2.68472042e-02  1.48298386e-02  1.08258063e-02
  1.80510040e-02 -3.00753564e-02 -1.98631622e-02  2.33464837e-02
 -7.38256704e-03  2.83549316e-02  2.12691277e-02 -1.64740197e-02
 -4.09755893e-02  2.94042360e-02  6.28790352e-03 -7.15858638e-02
  2.49041710e-02 -1.84723809e-02 -5.97841181e-02 -4.07857187e-02
  5.63926287e-02 -3.21406834e-02 -1.14058457e-01 -3.09764463e-02
  4.80402745e-02 -6.65304158e-03 -4.90093529e-02  1.95965413e-02
 -2.21400429e-02  1.72878392e-02 -1.15388231e-02  1.31418547e-02
  6.70053139e-02 -7.39389285e-02 -1.04720797e-02 -8.79461691e-03
  2.65167020e-02  2.77345628e-03 -9.20066237e-03  1.72027089e-02
  8.01506490e-02 -4.35777642e-02 -1.66427325e-02 -2.72890441e-02
  3.64042409e-02  3.85095812e-02 -5.93400262e-02  7.35284388e-02
 -2.60159895e-02 -1.02355785e-03 -8.53538513e-02  2.18518339e-02
  6.43328577e-02  4.74825688e-02  3.09834648e-02 -3.42035927e-02
  7.18545243e-02 -6.54195668e-03  3.18538696e-02 -4.64508720e-02
  1.16694659e-01  7.06319958e-02  3.84303331e-02 -5.81241585e-02]