[-2.21448974e-03  9.24742073e-02 -2.84923613e-02 -3.56588364e-02
 -2.39375792e-02 -1.61381215e-02  4.41470854e-02  1.05172276e-01
  7.34569952e-02  2.70205997e-02  6.41003028e-02  3.69230025e-02
 -2.10091807e-02 -3.98812033e-02 -8.89480934e-02 -6.11575656e-02
 -2.68848948e-02  2.30687354e-02 -4.28671762e-02  9.98935997e-02
  6.60960004e-02  2.08343565e-02  1.49528095e-02  2.22597253e-02
 -6.51748152e-03 -3.79126854e-02 -5.26368506e-02 -1.67218931e-02
  3.36504355e-02 -2.39212997e-02  8.39534104e-02  5.83382230e-03
 -1.64930224e-02 -7.83981606e-02  4.84527787e-03  7.98113737e-03
  4.76781800e-02 -7.10148811e-02 -6.15014210e-02  1.06463619e-01
 -6.71493858e-02  6.19390272e-02 -5.36540784e-02  2.05096006e-02
  1.62351765e-02 -2.65361965e-02 -1.18382864e-01  2.53650453e-02
  2.61726379e-02  7.03452975e-02 -9.37902108e-02  2.74182968e-02
 -2.09223740e-02  4.37403917e-02  1.01884119e-02 -4.52546850e-02
 -8.52048174e-02 -2.13173274e-02 -7.80956307e-03 -1.04560338e-01
 -2.12555267e-02 -1.99919567e-02  1.85538027e-02 -3.70003544e-02
 -2.79151890e-02 -5.48066059e-03  2.36301739e-02 -1.08838834e-01
 -3.50845195e-02  2.96981297e-02 -2.75716558e-02 -5.10026142e-02
  1.01085804e-01  9.46823359e-02 -9.06562358e-02  4.45962809e-02
  8.75409879e-03 -7.15496242e-02  1.00081973e-02 -8.48660544e-02
  1.12884799e-02 -3.12443543e-02  6.16099276e-02 -1.31680341e-02
  3.60583626e-02  1.49126137e-02 -1.90864522e-02  9.68289934e-03
 -5.45327291e-02  4.61966870e-03  5.34880236e-02  3.15157771e-02
  1.36241773e-02 -5.26891835e-02 -1.36675090e-02 -7.09290896e-03
 -1.72545016e-02  6.51651174e-02 -1.30504062e-02  1.88060403e-02
  1.25037041e-02  3.52181867e-02 -1.17867012e-02  7.46269226e-02
 -7.12822303e-02 -2.04009339e-02 -6.87733516e-02 -2.00575348e-02
  3.13298330e-02  3.68827023e-02 -1.14806890e-01 -4.82446067e-02
 -1.04152728e-02 -1.06853507e-01 -2.32199337e-02  4.56103310e-02
  3.65435844e-03 -2.66273282e-02  2.78086327e-02  3.06518581e-02
 -1.46016954e-02 -4.56079654e-02 -7.32654892e-03 -6.15245514e-02
  1.65374447e-02 -5.58568239e-02  5.27180210e-02  1.64702158e-32
 -5.43508492e-02 -7.11264554e-04 -1.69294253e-02  4.08040993e-02
  3.10397968e-02 -5.52073196e-02 -1.18700936e-01 -1.22270416e-02
  7.77886435e-02 -7.07187727e-02 -1.10012293e-02  1.03828823e-02
 -2.85871793e-02 -7.77025800e-03 -1.63613651e-02  5.31951152e-02
  4.39013429e-02  8.59399978e-03  1.65747143e-02 -7.24485517e-02
 -3.78649645e-02 -2.88173892e-02  6.86909631e-02 -2.36479379e-02
 -6.04558773e-02  4.20031622e-02 -2.53300481e-02  3.82292159e-02
 -3.17595415e-02  3.73331606e-02 -9.83747281e-03 -3.23142596e-02
  3.99201177e-02 -1.25456050e-01 -3.71205956e-02  9.00647882e-03
  1.87631510e-02 -7.28438981e-03 -6.96420148e-02 -1.46453613e-02
 -3.61575000e-02  2.77241115e-02  5.18350005e-02  1.80547982e-02
  2.86823288e-02  3.20389010e-02  1.27172396e-01  3.40768993e-02
  1.01580836e-01 -2.63960976e-02 -6.64523244e-03 -6.33624494e-02
 -4.90772463e-02 -6.07185019e-03  2.35887077e-02  5.45246638e-02
 -9.42399502e-02 -1.27211185e-02  2.88568195e-02  7.22327828e-03
  7.79443234e-02  3.38286534e-02  3.12328525e-02  3.33093032e-02
 -5.64576462e-02 -7.64889792e-02 -6.50047045e-03 -5.36282845e-02
  1.07638903e-01  7.47370534e-03 -5.19953258e-02 -2.17431337e-02
  3.64442840e-02  4.53459024e-02 -2.25395449e-02  6.16617277e-02
  3.60229202e-02 -1.19659500e-02 -5.17089926e-02  3.27299931e-03
  5.67926047e-03  4.91978042e-02  2.61074156e-02 -7.96601549e-03
  7.33517781e-02 -2.90122703e-02 -8.82785767e-03  3.55961733e-02
 -5.67202643e-02  7.95415416e-02 -2.84792650e-02  4.97097522e-02
 -1.79962930e-03  5.64778410e-03  1.15027586e-02 -1.83964249e-32
  5.05109550e-03  2.26525515e-02 -6.38550613e-03 -7.65487179e-03
  1.26599958e-02 -7.59772025e-03 -6.06883727e-02 -1.21901352e-02
  9.66156870e-02 -4.19626571e-02  5.41974567e-02 -5.41818812e-02
  1.45093173e-01 -1.28355278e-02 -4.60726619e-02  1.02634551e-02
 -3.39476764e-02 -6.43321499e-02 -6.27270564e-02 -6.34136274e-02
 -6.86977059e-02  4.88206036e-02  7.84781296e-03  3.84397432e-02
 -1.13708638e-02  6.00427575e-02  1.25038186e-02 -4.70053405e-03
 -5.41214123e-02 -1.02617390e-01  4.95986566e-02  7.21723959e-03
 -3.43151875e-02  5.01443446e-02  5.55476034e-03 -1.94404572e-02
  6.23600408e-02  1.44936545e-02 -7.24012777e-02  1.59582924e-02
  1.85816213e-02  5.89563996e-02  8.50724652e-02 -2.89586484e-02
  6.74434181e-04 -7.01769218e-02  5.50594293e-02 -9.33211073e-02
  1.19314902e-01 -2.11341269e-02 -3.07443202e-03 -9.55005642e-03
 -9.90981609e-02  1.72047708e-02  7.03263730e-02 -2.20928807e-02
 -9.17470083e-02 -8.68955255e-02 -5.29789254e-02  1.52860153e-02
  8.55504796e-02  1.21607967e-02 -8.02878737e-02  8.45006481e-02
  1.28055021e-01 -3.53676118e-02 -5.11016585e-02 -7.95785040e-02
  1.81576796e-02  7.61972740e-02  7.08724856e-02 -8.52890238e-02
 -6.86995387e-02  1.57422982e-02  1.43847344e-02 -1.56590324e-02
 -6.98385807e-03  9.06595122e-03  1.34027665e-02  1.46486079e-02
 -4.08217683e-02 -7.98298866e-02 -3.02690025e-02 -1.03069132e-03
 -9.44691375e-02 -1.02344118e-01 -5.15824668e-02 -1.37190120e-02
 -1.17094321e-02  1.01389419e-02 -4.77387682e-02  1.16570177e-03
  1.81365665e-02 -7.23476708e-02 -4.38388288e-02 -7.42031290e-08
  2.13884376e-02 -5.69773652e-02  3.10731251e-02 -3.55910920e-02
 -4.03270870e-02 -1.00870967e-01 -1.07749142e-02 -6.34109648e-03
 -4.73886579e-02  6.53400570e-02 -4.19470668e-02  1.12179123e-01
  1.67305826e-03 -3.35807651e-02 -3.53051424e-02 -2.51861997e-02
 -1.17578451e-02  1.11095004e-01 -8.57418682e-03 -3.83423381e-02
  3.73847857e-02 -1.05567165e-01  1.04981763e-02 -5.72055615e-02
 -2.59139854e-02  2.27531884e-02  2.49507707e-02  2.20431630e-02
 -2.89775375e-02  8.31570029e-02  7.92186800e-03 -2.10389239e-03
  5.14570922e-02 -5.38874231e-02 -6.57098815e-02 -4.66257855e-02
  4.70964573e-02  7.32733011e-02 -3.08758840e-02  8.27481672e-02
  1.30941212e-01 -5.53600751e-02  6.25117263e-03  1.96587816e-02
  1.60557628e-02 -3.73083465e-02  2.39936970e-02  6.33288771e-02
 -7.48376176e-02  6.00643875e-03  4.05203812e-02 -6.25081509e-02
  2.28066929e-02 -3.44568747e-03  1.36982901e-02 -5.77549636e-02
  1.78561378e-02  7.26274773e-02  4.71763946e-02  1.79517064e-02
  6.87804669e-02  1.00345891e-02  6.68943394e-03 -4.60917689e-02]