[-2.76017524e-02  2.21217610e-02 -8.32956061e-02 -8.17251205e-02
 -5.75835928e-02  1.74660217e-02  6.12983517e-02  1.33971080e-01
  1.79466642e-02  1.00557152e-02  9.53181535e-02  3.18438075e-02
 -3.95982824e-02 -6.31366223e-02 -8.08493495e-02 -4.17022035e-02
 -4.48077247e-02 -2.15076748e-02 -7.11589865e-03  3.81031632e-02
  1.84578821e-02  1.97640453e-02  2.64760433e-03 -4.96181548e-02
  4.65394966e-02  2.92751752e-02 -2.01532431e-02  8.45455751e-02
 -2.65756864e-02 -1.01477250e-01  3.54547761e-02  7.70352408e-02
  1.25989825e-01 -7.81470314e-02  7.15347528e-02 -4.09817360e-02
  3.11673414e-02 -1.19350210e-01  2.43482683e-02  5.46495020e-02
  1.23965426e-03 -2.89010052e-02  1.82479471e-02  5.32322414e-02
 -2.23556962e-02 -2.33904235e-02 -1.15637034e-01  4.66194339e-02
  1.28667923e-02 -2.42385194e-02 -1.34614661e-01  3.82050388e-02
  3.46630923e-02  8.30755476e-03 -6.35670647e-02 -3.48984376e-02
 -6.25589490e-02 -2.80307926e-04  6.06876910e-02 -3.24814511e-03
  3.08922026e-02 -3.74629511e-03 -9.35876071e-02 -1.56167867e-02
 -2.92381202e-03 -1.96904782e-02  3.12245749e-02 -4.02218997e-02
 -1.17779978e-01  4.03235182e-02  4.39191163e-02  1.47802420e-02
  1.56292301e-02  7.77134821e-02 -4.60624322e-02  3.33935730e-02
 -6.12465478e-02 -4.03509140e-02  3.38491164e-02 -1.17548645e-01
  5.46108261e-02 -3.88551690e-02  2.35081892e-02 -1.58772115e-02
  3.15258652e-02  4.10600901e-02 -7.59392604e-03  1.84574071e-03
  1.61237177e-02  1.42502617e-02 -2.08657626e-02  1.94304511e-02
 -3.34710479e-02  3.66896540e-02 -4.40296568e-02  5.26571013e-02
  8.49373788e-02  5.98890968e-02 -6.25710413e-02  7.75474310e-02
  5.06049208e-02 -1.71618219e-02 -6.14557508e-03 -5.10856137e-02
 -7.73200020e-02 -4.65010405e-02  3.11583970e-02  6.85582012e-02
  1.36369588e-02 -6.08544312e-02 -1.03770919e-01 -5.07420860e-02
 -3.39225940e-02 -9.50971022e-02 -2.27216147e-02 -5.09226322e-03
  3.94471288e-02  1.08566852e-02 -1.71228684e-02 -1.37820793e-03
 -1.05784824e-02 -4.16737162e-02 -5.15044741e-02  2.12311614e-02
 -8.39695707e-03 -5.28753549e-02  8.14186260e-02  1.41139520e-32
  2.46746410e-02  1.00698750e-02 -4.75877374e-02  2.61508841e-02
 -1.18180942e-02 -1.55875841e-02 -1.48041353e-01 -3.93282808e-02
 -9.89648402e-02 -2.97985859e-02 -8.48147720e-02 -6.47363141e-02
 -4.11118567e-02  4.06434536e-02  5.14186956e-02 -2.28560437e-02
  2.77668238e-02 -2.26313286e-02  3.41746258e-03 -5.02070040e-02
  1.29699418e-02  1.74030103e-02  1.05470335e-02 -3.27684283e-02
 -2.83316802e-03  1.25095710e-01  1.24256045e-03 -6.33726120e-02
 -4.03907932e-02  6.53842911e-02  1.67544633e-02  5.15545718e-02
 -2.12577321e-02 -4.90201265e-02  1.11665158e-02 -4.64560464e-03
 -2.11250409e-02 -5.62344119e-03 -5.95107116e-02 -1.42634399e-02
  3.94882672e-02  2.39349976e-02 -3.35405655e-02  1.34945624e-02
  5.95626421e-02 -1.27576953e-02  4.18694988e-02  4.83062904e-05
  1.00728124e-01  7.82634988e-02 -8.95526558e-02 -2.58505507e-03
 -3.80566344e-02 -1.47955830e-03  2.71833818e-02  3.82153727e-02
 -9.48989242e-02  7.78683275e-02  3.53954509e-02 -1.16404789e-02
  6.56307191e-02  6.32233247e-02  4.54607196e-02 -1.12786656e-02
 -3.63953388e-03 -6.02461630e-04 -2.83697378e-02 -3.08419671e-02
  4.73689288e-02  3.70947905e-02 -1.31891798e-02 -1.14508808e-01
  9.77780595e-02  9.14218500e-02 -9.55522433e-02  6.81600720e-02
 -3.97479422e-02  4.28991243e-02 -3.69199701e-02 -2.68060062e-02
 -3.60512063e-02 -2.65652444e-02 -2.01532524e-02 -9.27933976e-02
  3.28221917e-02  8.76184627e-02  6.42134771e-02 -2.51164753e-02
 -4.27373201e-02  6.17957413e-02 -1.31497812e-02  5.52048236e-02
  6.35364745e-03 -4.76540886e-02 -4.23397087e-02 -1.31939984e-32
 -1.93706565e-02  1.36279464e-02 -3.76000442e-02 -3.57440230e-03
 -8.18766505e-02  2.65229791e-02 -1.46297058e-02  6.48317933e-02
  4.93897051e-02 -9.44352243e-03  1.00587241e-01 -7.70152956e-02
  2.76676007e-02 -1.34890527e-01 -4.49306145e-02  1.29943984e-02
 -2.71486044e-02 -3.46854851e-02 -7.33685642e-02 -5.38274236e-02
 -2.16695350e-02  3.30134183e-02  1.51812173e-02  1.31016240e-01
  1.77177489e-02  4.26174961e-02  3.63681503e-02 -8.95473827e-03
 -6.84294552e-02  1.64479800e-02  9.31703486e-03 -1.16181020e-02
 -3.16154063e-02  6.83806464e-02 -2.09225491e-02 -4.48155738e-02
  5.95983192e-02  4.59663533e-02 -5.62528288e-03  7.09447488e-02
  1.68444682e-02  4.79893871e-02  2.42313854e-02 -1.41412215e-02
 -2.77043437e-03 -3.72959152e-02  2.88623925e-02 -7.31911287e-02
  3.26162055e-02 -6.93016648e-02  7.05654770e-02  2.56198291e-02
 -1.94769632e-02  2.17905641e-02  7.59564936e-02 -2.75591929e-02
 -5.00621200e-02 -5.01823723e-02 -7.12760091e-02 -1.45645579e-02
  4.46819142e-02  6.66884929e-02  9.05741472e-03  1.04635730e-02
  1.73739538e-01 -9.47451964e-03 -9.96864811e-02  3.68125029e-02
  3.82672288e-02 -1.67582594e-02  8.49446207e-02 -6.40109777e-02
 -3.58852744e-02  3.54329944e-02 -1.89919339e-03 -3.65379080e-02
 -5.15422858e-02  4.44104187e-02 -3.83013897e-02  2.56566405e-02
 -2.01727170e-02 -4.09103222e-02 -4.14119028e-02  8.01801011e-02
 -6.78245118e-03 -5.51329218e-02 -3.94723341e-02 -4.12616245e-02
 -2.66509745e-02  2.13773269e-02  2.81102844e-02  4.84040789e-02
  8.44345707e-03  4.03137244e-02  2.27965042e-02 -7.18770465e-08
 -6.19896641e-03 -5.00289574e-02 -3.83741893e-02 -9.45189223e-03
  5.18941395e-02 -6.98140562e-02  1.00292172e-02 -7.57996067e-02
 -1.08832913e-02  1.75689775e-02  6.26447946e-02  1.73038132e-02
 -8.17019194e-02  4.29006033e-02  2.30346282e-04 -3.21680643e-02
  1.05693529e-03  1.22897193e-01 -1.51786730e-02 -3.15276999e-03
  8.61333013e-02 -1.30315116e-02  6.37275726e-02 -8.24860409e-02
 -1.67924426e-02  3.39262672e-02 -3.31352614e-02  2.77433619e-02
  2.65966002e-02  1.01745445e-02 -3.14147845e-02  2.42848136e-03
  3.71422395e-02 -9.75334793e-02 -1.57886725e-02  7.89156258e-02
 -2.81462725e-02 -1.09649673e-02 -8.29784721e-02  4.31493558e-02
  5.88218607e-02 -4.91991034e-03 -4.30336110e-02  3.13077196e-02
  3.12529802e-02 -3.85168009e-02  5.50089218e-02  8.95623937e-02
  1.78191513e-02 -1.17763160e-02 -2.12289393e-02  3.26805897e-02
  3.40766124e-02 -8.07007030e-03 -5.23016006e-02 -2.05878429e-02
  1.46940248e-02  9.00466591e-02 -2.19903626e-02 -1.46949831e-02
  4.38900106e-02  2.72741113e-02  7.13604409e-03 -1.78150088e-03]