[ 3.88554446e-02  7.93740377e-02 -3.04638278e-02 -5.87665066e-02
 -1.07979052e-01 -2.47835834e-03  3.89001593e-02  7.63995722e-02
 -1.96418744e-02  1.07479073e-01  6.14167303e-02 -9.74233449e-03
 -1.98065247e-02  2.82229856e-03  1.16394255e-02 -5.09130806e-02
  2.27478687e-02  1.98410247e-02 -6.49085864e-02  9.77924243e-02
  1.52114987e-01 -5.71345836e-02 -5.75358495e-02  5.93037270e-02
 -4.95735556e-02 -9.83155239e-03 -4.43666317e-02 -2.22075097e-02
 -3.45233493e-02 -2.59272326e-02  6.83790958e-03  5.34101911e-02
  1.12297617e-01 -2.55946498e-02  4.46742885e-02  5.95527068e-02
  8.82274136e-02 -3.90493795e-02 -1.63514353e-02  1.01138763e-01
 -9.71540958e-02 -1.72808524e-02 -6.84565976e-02 -5.47081120e-02
 -3.21394461e-03 -2.76827719e-02  4.64567915e-02  6.06272509e-03
 -4.52278741e-02 -1.23356665e-02 -2.52928752e-02 -2.02816278e-02
 -1.50884194e-02  1.14739193e-02  3.00254058e-02 -3.81646417e-02
 -1.61412321e-02  1.56022906e-02 -4.20325436e-02 -1.96015816e-02
 -2.64376551e-02  1.72649194e-02  2.25371458e-02 -1.15566030e-02
  4.21102084e-02  1.10500101e-02  5.15572086e-04 -2.76085660e-02
 -4.86341640e-02 -1.26740839e-02  4.96979132e-02 -9.23749432e-02
  1.97818503e-02  2.69798916e-02 -5.50727472e-02  3.64227071e-02
  4.25383896e-02  6.46822900e-02  3.07129521e-04 -1.40425637e-01
  5.91161698e-02  5.66118117e-03 -5.71189739e-05 -1.07866470e-02
 -2.20311759e-03 -1.80399418e-02 -6.03419356e-03 -2.97711771e-02
  5.57011254e-02 -1.46026788e-02  1.88811272e-02  8.57141912e-02
 -2.08314303e-02 -9.23705027e-02  4.65165637e-02 -1.08199688e-02
 -1.23089151e-02 -6.47377819e-02  7.16337711e-02 -1.19124474e-02
  1.01917215e-01  5.95650170e-03  9.45550352e-02  2.03533377e-02
 -2.57744975e-02 -3.39524224e-02 -5.70044527e-03 -5.45090958e-02
  1.96112860e-02  1.17960021e-01 -9.19079110e-02  1.10247275e-02
 -8.95363167e-02 -5.00533506e-02 -6.31802455e-02  2.95733009e-02
 -2.51028463e-02 -3.75427939e-02  4.19386514e-02 -7.89590832e-03
 -6.98191533e-03 -2.45330334e-02  5.24318144e-02 -4.03400958e-02
  4.72445004e-02 -3.21560130e-02 -3.37969549e-02  1.00628392e-32
 -7.74514675e-02 -9.71223414e-02 -2.33304128e-02 -2.01818030e-02
 -2.48757564e-02  5.12332050e-03 -3.87900556e-03 -1.81632135e-02
  5.68555407e-02  3.47428173e-02 -4.54141572e-02  6.71697482e-02
  2.45999042e-02  1.27261635e-02  1.08198501e-01 -2.60409117e-02
 -8.45962577e-03 -1.40931355e-02 -1.58889964e-02  1.96130984e-02
 -3.05001643e-02  3.04119959e-02  4.50595990e-02 -5.76126389e-02
  3.33256298e-03 -1.56993717e-02 -4.52682674e-02 -1.04929030e-01
 -1.89528447e-02  3.81059274e-02  8.53655264e-02 -1.85576491e-02
  5.90220131e-02 -3.11750919e-02 -1.07864596e-01 -5.62388301e-02
  2.43724734e-02  6.40171170e-02 -3.51048112e-02 -5.49992099e-02
 -5.83586320e-02 -1.62026491e-02  1.49350330e-01  4.20498997e-02
  6.16967529e-02 -6.24928847e-02  6.18605129e-02  2.43572872e-02
  6.27049357e-02  3.88398170e-02  1.87874883e-02 -6.23994544e-02
 -1.12281647e-02 -7.08515346e-02 -2.34619100e-02 -2.84594297e-02
 -5.25263958e-02  1.25591671e-02 -1.06047556e-01 -6.69462606e-02
  4.45642741e-03 -7.10215271e-02 -2.17978600e-02 -3.23912799e-02
 -2.34170537e-02 -2.51746476e-02 -1.44959353e-02  3.43989059e-02
  1.23022765e-01  1.47719756e-02 -7.99751282e-02 -2.31808983e-02
 -4.47753891e-02  8.72087926e-02 -1.24500524e-02  4.39964421e-02
  3.55390720e-02  2.52007451e-02 -5.19829206e-02 -2.62577310e-02
 -3.03108767e-02  4.08854820e-02  2.23008450e-02  1.67117955e-03
  9.23908576e-02  6.18195683e-02  2.98586413e-02  5.45319617e-02
  2.92481109e-02  5.48440404e-02  2.52654273e-02  1.99683588e-02
 -1.23013975e-02  3.51517498e-02  9.69557390e-02 -1.34647720e-32
  4.99516986e-02  7.81422779e-02 -4.23715003e-02  7.34655745e-03
  1.55749153e-02  1.23011032e-02 -3.39813009e-02 -4.94314879e-02
 -1.09378390e-01 -7.33204708e-02 -6.87412173e-02 -8.19179714e-02
  2.29697283e-02  8.12407676e-03 -6.56919107e-02  3.46519239e-02
 -5.09501398e-02 -3.28946076e-02 -2.20304932e-02 -2.67952643e-02
 -2.97940057e-03  2.77439468e-02  7.40522891e-02  1.84919517e-02
 -3.62325870e-02 -2.82431003e-02 -3.07272952e-02 -8.25608969e-02
 -4.86617610e-02 -4.91069397e-03  2.01073792e-02  3.01112104e-02
  6.75088027e-03  6.00658618e-02 -1.26984669e-02 -3.99507470e-02
 -1.25139114e-02 -6.39298484e-02 -5.02690002e-02  5.67727461e-02
  7.85413459e-02  1.64486431e-02  5.04104830e-02 -5.32828420e-02
 -4.79395241e-02 -4.36247028e-02 -3.11664511e-02 -1.01981528e-01
  4.56830394e-03 -4.29498106e-02  8.79613534e-02 -4.97665405e-02
  9.47208330e-03 -1.51160499e-02  4.45320457e-02 -2.02092226e-03
 -2.83545591e-02 -2.87842117e-02 -1.42847732e-01  3.98194753e-02
  1.12714939e-01  6.44416586e-02 -8.50124732e-02 -2.80003808e-02
  7.04165250e-02 -4.51834593e-03 -5.21234125e-02 -2.42346916e-02
 -3.21928635e-02  1.59947237e-03 -2.46356484e-02 -7.76642114e-02
 -9.85558629e-02 -4.85456176e-02  1.16534671e-02  1.33909043e-02
 -1.70066822e-02 -2.28493176e-02  1.06761260e-02  2.45240051e-02
 -6.77484423e-02 -2.32563950e-02 -2.27591153e-02 -4.61902954e-02
 -8.75875354e-02  3.42301950e-02 -2.58470997e-02 -1.06146038e-02
  5.59618743e-03  1.09823961e-02 -3.21047157e-02  1.21791363e-02
  5.14213042e-03 -2.27427743e-02 -1.13302348e-02 -6.55560157e-08
  4.89838235e-02  1.04391144e-03  3.64020951e-02  3.40556353e-02
 -2.86313761e-02 -8.11408684e-02 -1.29693816e-03  1.84664223e-02
  1.87234972e-02  1.04332440e-01 -3.81519198e-02  1.55356089e-02
 -5.74794114e-02  3.34176701e-03 -5.31635387e-03 -8.31507891e-02
  2.41137780e-02  8.81701633e-02 -6.48835450e-02 -7.12069944e-02
  5.69007955e-02 -5.65720834e-02 -1.28946662e-01 -2.98863593e-02
  2.57220548e-02 -6.70608431e-02 -3.14018577e-02  2.07571946e-02
  3.11735994e-03  6.80036321e-02  1.25904614e-02 -4.35862504e-03
 -4.31610979e-02 -8.91378522e-02 -1.00381710e-01 -5.42627946e-02
  6.89018443e-02  2.84158718e-03 -3.80812250e-02 -1.34039028e-02
  9.27470550e-02 -6.80236369e-02 -2.58892104e-02 -1.14425849e-02
  2.52212863e-02 -1.49261933e-02 -7.18488218e-03  7.33791739e-02
  1.78614054e-02 -3.56990770e-02 -4.31514345e-03  1.06795570e-02
  9.52374786e-02 -5.67269372e-03 -7.20249191e-02  8.84320959e-03
  5.79038076e-02  6.55563772e-02 -3.99407186e-02 -1.65160671e-02
  8.56602415e-02 -9.06582829e-03  5.00282347e-02 -2.45724488e-02]