[ 2.00215122e-03 -2.60116514e-02 -4.35980596e-02 -2.75326408e-02
 -5.04785962e-02 -2.63400394e-02  9.26017240e-02  4.57220199e-03
  8.10058322e-03  3.09053473e-02  7.88912326e-02 -4.86046262e-02
  3.32382438e-03  7.93445706e-02  4.33985479e-02 -9.63554829e-02
  7.74009824e-02 -2.23158207e-02 -5.51547632e-02  3.32711674e-02
  1.19413294e-01 -2.33624522e-02 -9.87207964e-02 -4.11916291e-04
 -1.17559493e-01 -3.43313776e-02 -7.02178106e-02 -1.46391494e-02
 -5.44983596e-02 -4.66090813e-02 -5.16719706e-02  8.32014084e-02
  3.11099682e-02 -3.19220382e-03 -2.09518839e-02  3.88623476e-02
  2.98736393e-02 -5.07345907e-02 -1.19503886e-02  5.90301231e-02
 -1.18295699e-01 -6.21454120e-02 -9.89127755e-02 -6.71068504e-02
 -3.50249968e-02 -1.22677777e-02  7.14976899e-03 -4.55120914e-02
 -4.63905744e-03 -5.61742410e-02 -5.47597446e-02  4.67615062e-03
 -3.42205167e-02  1.03923669e-02  2.07666438e-02 -3.78325135e-02
 -1.11844847e-02 -2.47002970e-02 -4.34605554e-02  1.82423852e-02
  5.30209066e-03  5.40834814e-02  2.01883018e-02  8.31713248e-03
  8.27386379e-02 -2.33108532e-02 -8.95625651e-02  2.18851287e-02
  1.58446096e-02 -4.34124842e-02  2.92379614e-02 -3.89327593e-02
  1.26529709e-02  7.89814964e-02 -3.70936170e-02  8.20977464e-02
  1.73963476e-02  3.63566801e-02 -2.10294174e-03 -7.59240761e-02
  2.04675999e-02  2.47718155e-04  7.71405059e-04  1.71053670e-02
 -1.41177746e-02 -1.98529288e-03  4.38642222e-03 -1.79949414e-03
  1.05474859e-01  4.09268886e-02  3.53148542e-02  8.60280246e-02
 -3.58516388e-02 -7.77845159e-02  1.10430466e-02 -1.97841041e-02
 -4.12690341e-02 -4.01516072e-03  6.19560219e-02 -1.99469216e-02
  3.51725779e-02  8.93697375e-04  1.67025384e-02  5.91828898e-02
 -1.22402618e-02 -3.93640473e-02 -4.12332378e-02 -7.23152310e-02
  4.94415648e-02  1.05584860e-01 -6.69487938e-02 -2.56200805e-02
 -8.66311118e-02  1.07489002e-03 -1.16667651e-01  5.65840304e-02
 -2.93207802e-02 -9.59421992e-02  3.26381959e-02 -5.58234192e-02
  3.54931988e-02 -1.02529153e-02  3.31440605e-02 -6.91077858e-02
  3.52326371e-02 -2.80411192e-03  7.43820667e-02  6.34252230e-33
 -7.73446709e-02 -3.29477005e-02 -3.73784429e-03  5.66056520e-02
  1.50294229e-02 -8.71556811e-03 -3.55731957e-02  1.46485996e-02
  6.48810640e-02 -1.90678122e-03 -5.90942390e-02  1.10077828e-01
  1.03249764e-02 -1.80879217e-02  5.74610643e-02 -3.64488140e-02
  2.32929611e-04 -7.02563394e-03  1.80377569e-02  1.74730811e-02
 -4.93556745e-02 -2.79468354e-02  3.97804193e-02 -4.45792712e-02
  6.12103753e-03  3.29656224e-03 -7.47018903e-02 -2.29639243e-02
 -2.64895242e-03  1.93925090e-02  1.27612367e-01 -3.05589773e-02
  5.14702238e-02  1.27779413e-02 -5.90955429e-02  1.03455605e-02
 -1.28821097e-02  6.94862986e-03 -1.54850855e-02 -2.08360497e-02
 -5.81915341e-02  1.51076801e-02  8.09978619e-02  1.37138426e-01
  5.37218293e-03  6.29941141e-03  3.56817688e-03  1.57155339e-02
  6.68877289e-02  3.30208205e-02  1.18537163e-02 -1.73886251e-02
 -4.58745137e-02 -9.50157493e-02  1.03974016e-02  3.96947749e-02
 -5.77327504e-04  3.54342125e-02 -1.09289519e-01 -7.34284371e-02
 -3.92172597e-02 -7.41716996e-02 -1.38862720e-02 -1.83090859e-03
  5.67992292e-02 -9.60290581e-02 -2.84050275e-02  1.29900165e-02
  1.15803726e-01  7.46654253e-03 -8.48992765e-02 -1.43973241e-02
  2.52345186e-02  3.51579525e-02  1.51949888e-02 -1.75183695e-02
  1.02453224e-01 -1.10995267e-02 -2.23078970e-02  6.44719368e-03
 -9.95011032e-02 -1.25294048e-02 -5.25642820e-02 -4.50215623e-04
  4.34011072e-02  3.67515944e-02  2.31503844e-02  6.63371757e-03
  2.54735108e-02  6.61185607e-02 -1.03209922e-02  1.15472823e-01
 -6.55112490e-02 -1.36021823e-02  5.37096672e-02 -9.17422868e-33
  5.03110746e-03  2.40579639e-02 -8.12949240e-02  4.00632247e-02
  3.38638462e-02 -1.63392946e-02 -1.13148773e-02 -8.31822827e-02
 -5.93986064e-02 -1.05176559e-02 -8.80929679e-02 -6.94289431e-02
  9.46170837e-02  1.64923593e-02 -9.68144611e-02 -1.22642145e-02
 -5.63693680e-02  3.64023335e-02 -2.12385245e-02  5.12392148e-02
 -7.00562298e-02  8.96931663e-02  7.15066046e-02 -6.81181327e-02
 -5.30306026e-02  3.17770231e-04 -4.16627489e-02 -7.75732175e-02
 -6.47937208e-02 -4.87034284e-02  3.29850763e-02 -1.70379709e-02
 -3.44079314e-03  1.09602116e-01 -2.59802560e-03 -9.43729840e-03
  1.16965063e-01 -5.06712422e-02 -6.87778462e-03  6.51905686e-02
  4.05975692e-02  2.01858915e-02 -2.09722389e-02 -4.79647964e-02
 -1.02737956e-01 -2.93336646e-03 -2.78698858e-02 -9.15486887e-02
  1.19374068e-02 -3.07214856e-02  1.19369410e-01 -5.39297387e-02
 -5.07948659e-02 -2.35901866e-02  1.63709428e-02  9.00223944e-03
  2.48998906e-02 -6.81384504e-02 -1.49158195e-01  3.74746956e-02
  1.57658085e-01  6.58354610e-02 -4.03105840e-02  5.29058324e-03
  3.40123922e-02  1.88036747e-02  1.47119286e-02  3.75727676e-02
 -1.97717045e-02 -1.87225193e-02 -1.11301914e-02 -8.06975588e-02
 -4.86821122e-02 -5.38174547e-02 -8.39004479e-03 -3.80649753e-02
 -3.05424780e-02 -4.54354566e-03 -2.69913916e-02 -1.71660185e-02
 -6.63749427e-02  3.28084268e-02 -3.62031832e-02 -7.58008659e-02
 -2.54567880e-02  2.69340184e-02  1.68800037e-02  5.19260578e-02
  3.95716354e-02  4.67793159e-02 -8.77758861e-02  5.56813963e-02
  1.86644942e-02  4.38072197e-02 -1.84337962e-02 -5.35980647e-08
  2.33267080e-02  2.62517808e-03  2.81086517e-03  5.53221703e-02
 -5.36834216e-03 -4.28000055e-02 -1.49306841e-02  7.02773454e-03
  1.75713208e-02  6.54646084e-02 -8.04752111e-02  1.08836452e-02
 -6.71291128e-02  1.79898404e-02  8.67945626e-02 -7.96125755e-02
  5.65543249e-02  1.54058104e-02 -6.13537617e-02 -3.97539251e-02
  2.30407547e-02 -8.64560064e-03 -9.40492898e-02  2.16091238e-03
 -1.37305679e-02 -1.20714195e-02 -5.80280945e-02 -6.65934337e-03
  2.29683835e-02  2.70151831e-02  1.75478887e-02 -1.84782743e-02
  5.10628447e-02 -8.03041607e-02  4.68130130e-03 -9.84584074e-03
 -4.43055630e-02 -1.42250266e-02 -2.14877930e-02  3.79743576e-02
  2.51264889e-02  3.21023725e-02 -7.59962499e-02  3.09452247e-02
  2.07429919e-02  1.51524860e-02 -8.13775733e-02  1.13617599e-01
  1.93260238e-02  4.33982201e-02 -3.77763286e-02 -5.25310375e-02
  6.13047779e-02 -4.67958814e-03 -1.83268136e-03  3.98107164e-04
  6.22388273e-02  3.09643466e-02  6.40629278e-03  2.49957182e-02
  1.53868441e-02  1.00126773e-01  3.42539363e-02 -3.83819379e-02]