[-6.73692822e-02  8.30883980e-02 -8.37991089e-02 -6.05521910e-02
  7.10451650e-03  6.76559284e-02 -1.40863506e-03  1.21584542e-01
 -2.02040523e-02 -3.33481133e-02 -2.47557601e-03 -8.72153938e-02
  5.11274813e-03  1.50680856e-03 -8.70482475e-02 -5.49637303e-02
 -3.03996094e-02  9.92909670e-02  5.47767542e-02  1.87178347e-02
  1.16348744e-03 -2.80553717e-02 -1.96454953e-02  1.19371191e-01
 -6.41759858e-02  5.79478666e-02 -6.06553890e-02  3.31960507e-02
 -7.84975886e-02 -4.87990864e-02 -4.63592261e-02  1.43625336e-02
 -3.04791499e-02 -1.81934442e-02 -1.35934539e-02 -6.88083619e-02
 -4.24790867e-02  2.90726926e-02  4.25892510e-03 -9.70157050e-03
 -2.22030897e-02 -4.93083484e-02 -7.53073022e-02 -1.83108207e-02
  5.73556758e-02 -6.53327256e-02  2.51155794e-02  4.34244201e-02
 -1.04350476e-02 -2.33757980e-02 -9.63601246e-02  5.45128807e-02
  4.15167119e-03 -5.12418076e-02 -5.75037599e-02 -4.96337861e-02
  4.01946940e-02 -1.12647470e-02  1.14681171e-02 -5.46766594e-02
  1.24647887e-02 -4.65770476e-02 -7.83182681e-02  2.28417311e-02
 -4.04176190e-02 -9.09496658e-03 -5.74721247e-02 -4.66076583e-02
 -7.23439157e-02  8.65461603e-02  3.41452472e-02 -9.59761627e-03
  3.99709400e-03 -4.73405458e-02  6.73518609e-03  8.34005699e-02
 -4.60814387e-02  6.78318962e-02 -6.85472116e-02 -5.06694615e-02
  8.36724788e-02 -7.57539123e-02  1.51794800e-03 -8.14115405e-02
  3.68597284e-02 -2.10655555e-02  2.69367173e-02 -3.36542167e-02
  3.86472680e-02 -2.03295574e-02 -1.76202804e-02  8.85477588e-02
 -6.96929265e-03  4.06555180e-03  2.90519428e-02 -1.68583225e-02
  7.27973133e-03  2.75359917e-02  5.42067178e-02  7.12486506e-02
  6.25988916e-02  5.53003922e-02 -9.59050134e-02  9.49193239e-02
 -2.69405600e-02  9.62284133e-02  4.29893732e-02  1.12905893e-02
  3.42721604e-02  9.04350448e-03 -3.29037681e-02 -2.19850373e-02
  4.16608248e-03 -4.83726524e-02 -6.27138764e-02  7.29359104e-04
 -8.10325667e-02  7.60050938e-02  3.92205035e-03  4.14491966e-02
  2.47746557e-02 -5.44990078e-02 -3.11602708e-02  1.15475908e-03
  5.83906732e-02  2.62092780e-02  3.61179337e-02  1.57439571e-32
  1.89922955e-02 -3.12383175e-02  2.83219740e-02  5.15556075e-02
 -2.91269086e-03  5.39818481e-02 -1.10447727e-01 -1.61261372e-02
 -1.65627059e-02 -1.28284274e-02 -9.82548296e-02  9.22919158e-03
 -6.20822841e-03 -5.53107597e-02  9.51042399e-02  1.33250624e-01
  4.45505753e-02 -5.22025786e-02 -3.43539156e-02 -6.42158091e-02
  3.28009203e-02  1.69809349e-02  3.83562781e-02 -1.21191912e-03
  2.21751388e-02  1.74126014e-01 -4.22665216e-02 -8.22318494e-02
 -6.08642288e-02  3.68281566e-02 -3.98304090e-02 -6.25253245e-02
 -4.45871651e-02  3.45227271e-02  1.70431230e-02  3.02306954e-02
 -7.23670609e-03 -1.89243127e-02  1.10403439e-02  3.83323319e-02
 -3.11513394e-02  1.71364732e-02 -2.99105700e-03 -1.40774488e-01
 -4.48511206e-02 -1.14218229e-02  9.26981959e-03  5.75938188e-02
  5.20055331e-02  5.62455505e-02 -1.27902646e-02 -9.22972783e-02
 -6.73423782e-02 -3.70322913e-03  1.31615447e-02  3.09267193e-02
 -8.33118185e-02  5.04872017e-02 -7.83915911e-03  7.62066692e-02
  3.16952132e-02 -1.05535556e-02 -2.42749043e-02 -1.20793190e-02
 -8.18056166e-02  3.43671441e-02 -5.61249182e-02  7.18707358e-03
  4.40945290e-02  6.94002435e-02 -2.13527400e-02 -3.96244451e-02
  1.07618999e-02  6.77959388e-03  7.31186867e-02 -6.69101835e-04
  6.27623126e-02  6.09728135e-03 -5.43878004e-02  3.88132147e-02
 -5.61487153e-02  3.23325116e-03 -1.72804240e-02 -3.02447397e-02
  6.09645769e-02  4.01909687e-02  1.19914105e-02  4.72500212e-02
  3.12687233e-02  9.17936936e-02 -6.35414049e-02 -2.34298743e-02
  1.67520028e-02 -1.10513577e-02 -4.63341884e-02 -1.63160012e-32
 -1.43229254e-02  3.22846174e-02  9.91504118e-02  2.58940700e-02
  5.69326729e-02 -4.31862148e-03 -1.00105181e-02 -1.86582352e-03
  4.07657139e-02 -6.53747916e-02 -2.54498404e-02 -2.48816088e-02
  7.13983625e-02 -2.34483704e-02 -4.96716760e-02  3.77610773e-02
 -3.31387296e-02 -5.90442456e-02 -1.10152215e-01  7.24406727e-03
  6.45158961e-02  9.25908424e-03  1.44201638e-02  2.90693063e-02
 -2.04586964e-02 -2.15855017e-02  6.33343821e-03 -2.68583689e-02
 -2.46519968e-02 -9.12192371e-03 -2.89814845e-02  1.75799821e-02
 -2.70075873e-02  4.18159962e-02 -4.77400087e-02  1.35312468e-01
  1.24942036e-02  7.22251385e-02 -2.48575211e-02  1.57139584e-01
 -3.20482329e-02  4.13475707e-02  3.38447676e-03 -6.47248402e-02
 -1.05571724e-03 -2.73359567e-02 -3.81307937e-02  6.11062255e-03
  3.53120975e-02 -2.17231866e-02  2.17220020e-02 -7.10940361e-03
 -1.18331268e-01  8.13545734e-02 -3.81826721e-02 -5.26965819e-02
 -2.22526900e-02 -3.15243304e-02 -4.64976206e-02  1.97796859e-02
  1.07869968e-01  6.98829964e-02 -8.49908888e-02 -2.81172525e-02
  3.68501134e-02 -4.66404036e-02 -4.39015888e-02  1.13971699e-02
 -1.50573282e-02  5.65067716e-02  3.07845660e-02 -7.90495127e-02
 -6.85807019e-02  2.26140581e-02 -3.60992774e-02  3.91506590e-02
 -1.23324364e-01  6.60147592e-02  3.94194871e-02 -2.96618231e-02
 -1.72202140e-02 -4.42615822e-02  5.15772356e-03  5.21353558e-02
 -2.09475700e-02  8.16118568e-02  4.65389490e-02 -1.41341478e-01
  4.35348637e-02 -3.78372595e-02  6.55035973e-02  6.56066313e-02
  9.52769592e-02  5.57555642e-04 -5.82197905e-02 -6.01479826e-08
  7.38379657e-02 -4.16943021e-02 -1.58849061e-02  4.60429378e-02
 -2.15142109e-02 -3.50036062e-02 -1.40192742e-02 -1.86881237e-02
 -2.47840807e-02  6.30720481e-02  8.79672393e-02 -5.77429906e-02
  1.25606610e-02 -5.20433895e-02 -2.45330725e-02  1.21092051e-02
 -1.23202447e-02  9.19863880e-02 -3.27650830e-02 -1.18429738e-03
  1.04848947e-02  1.68154016e-02 -5.70585616e-02 -6.98223412e-02
  5.97797409e-02 -1.00701600e-01 -2.08838005e-02 -6.58725277e-02
  3.19619328e-02 -4.93126456e-03 -1.08624781e-02 -1.42753702e-02
  9.85460579e-02 -1.09403171e-01  2.07189266e-02  1.29026035e-02
  2.23384872e-02  4.35671993e-02 -6.98833615e-02 -5.91411926e-02
  5.16177379e-02  2.26308918e-03 -5.08299433e-02 -1.46348942e-02
 -1.14342049e-02  1.10118594e-02  2.87582893e-02 -2.33820677e-02
 -3.83548811e-02 -7.77414022e-03 -2.40255445e-02 -1.55444490e-03
  2.36375947e-02  6.58959821e-02 -1.23329638e-02  2.84405053e-02
  1.15459701e-02  1.77259333e-02 -1.05713839e-02 -7.07538947e-02
  3.84362787e-02 -4.26087044e-02  4.43722151e-04 -4.58108969e-02]