[ 4.00647381e-03  2.07705479e-02 -4.70745079e-02 -8.40542093e-03
 -6.28279522e-02 -9.55387484e-03  6.00590408e-02  7.40230158e-02
 -1.96283013e-02  9.94063839e-02  9.29256976e-02 -6.11719862e-02
  2.98424307e-02  7.56656304e-02 -4.11763117e-02 -5.53337634e-02
  2.81197336e-02 -4.52871844e-02  1.25460362e-03  5.02818562e-02
  1.20100647e-01 -3.99178080e-02 -5.74446991e-02  1.14245331e-02
 -4.80086878e-02 -4.74002659e-02 -3.74177173e-02 -1.08441962e-02
 -3.28126475e-02  9.21700243e-03 -3.43399607e-02  4.85101976e-02
  8.46446976e-02  1.20905759e-02  5.65517843e-02  5.82357049e-02
  5.82725890e-02 -5.83520457e-02 -4.61104661e-02  3.58420685e-02
 -7.97029957e-02 -9.33659915e-03 -5.33810034e-02 -4.02646624e-02
 -5.16046621e-02 -6.68348148e-02  5.93492165e-02 -1.54100526e-02
 -4.32267934e-02  1.15754632e-02 -4.28311639e-02  3.18219066e-02
 -4.02541645e-03  2.08923705e-02 -3.72266993e-02 -5.80589660e-02
 -6.09066756e-03 -1.53964795e-02 -1.83700901e-02  2.27788817e-02
 -6.03501212e-05  7.65622128e-03 -2.77611311e-03  1.39877042e-02
  8.71181414e-02  2.64128651e-02 -3.06227040e-02 -4.12325561e-02
 -1.62410289e-02 -4.83937822e-02 -1.40204588e-02 -9.18906108e-02
  1.60462484e-02  4.03685793e-02 -3.42683285e-03  5.39686680e-02
  3.01303854e-03  5.73861487e-02  2.10375395e-02 -1.49466246e-01
  2.01939754e-02  4.67539299e-03 -6.22377396e-02 -1.38694085e-02
 -5.58507256e-02 -3.47909294e-02 -3.30896974e-02 -8.30783043e-03
  5.36161028e-02  1.43522751e-02  1.00136481e-01  7.63036981e-02
 -4.90784645e-02 -7.56348073e-02  5.12868259e-03 -6.54748604e-02
  1.39515279e-02 -2.87303608e-02  6.27984405e-02 -1.05130617e-02
  3.39177176e-02 -4.00347598e-02  1.89006105e-02  4.06050570e-02
 -3.24791782e-02  2.98958942e-02 -7.36730080e-03 -7.66422898e-02
 -3.55409482e-03  1.27575651e-01 -9.35458690e-02 -2.25097872e-02
 -1.53165862e-01 -4.82191220e-02 -7.42181912e-02  5.54824173e-02
 -7.98892304e-02 -4.66796197e-02  2.80295815e-02 -2.20863502e-02
 -1.65657215e-02 -1.36325145e-02 -7.41060870e-03 -1.34803146e-01
  6.29004315e-02 -1.13578783e-02  6.09968491e-02  9.94280509e-33
 -4.03546691e-02  7.48875178e-03 -7.45988190e-02  4.65416946e-02
  4.49187541e-03  4.24680300e-02 -7.85445981e-03  4.99202013e-02
  6.15259521e-02 -2.61700596e-04 -3.90158296e-02  7.02756941e-02
  1.82236247e-02 -2.50581913e-02  9.51926038e-02 -1.99806187e-02
  5.65344729e-02 -1.33288547e-03  1.80638805e-02  4.95984815e-02
 -1.84165165e-02  1.00456001e-02  4.12027799e-02 -1.79027803e-02
  4.36590947e-02  7.52304820e-03 -6.01813942e-02 -2.01367382e-02
 -1.34285111e-02  3.23056914e-02  9.15256515e-02  3.94548960e-02
  3.26455496e-02 -5.68065420e-02 -1.91343408e-02  1.96991600e-02
 -4.54897843e-02  1.70627441e-02 -2.08605416e-02 -7.19452128e-02
 -4.69249710e-02 -8.49092286e-03  8.75231624e-02  4.50569429e-02
  6.12008087e-02 -2.69077290e-02  5.39043695e-02 -7.02206837e-03
  1.01377517e-01  7.84113556e-02 -1.51710557e-02 -2.03890391e-02
 -6.40711337e-02 -5.79247400e-02 -9.96320415e-03  1.46388626e-02
 -4.44411524e-02 -4.24771495e-02 -2.39015091e-02 -6.31020963e-02
 -4.51447405e-02 -4.67659719e-02 -2.94405483e-02  1.38504133e-02
  8.76364484e-03 -1.08207516e-01  4.09946740e-02  2.11307835e-02
  1.14517428e-01 -9.48968343e-03 -7.60231018e-02  3.68131045e-03
  1.07369106e-02  8.29651058e-02 -4.00656834e-02  3.18866409e-02
  2.32188348e-02  1.05077354e-02 -1.01084501e-01  3.73218209e-02
 -9.49818715e-02  3.28956023e-02 -8.45004804e-03 -2.18069018e-03
  9.92339253e-02  5.53422384e-02  1.79990921e-02  4.02109921e-02
  5.33529557e-02  3.12989354e-02  4.43568826e-02  8.35612938e-02
 -5.50268516e-02  3.92321870e-02  3.05391103e-02 -1.31885221e-32
  1.54067774e-03  2.00959463e-02 -2.91481297e-02 -3.84248719e-02
 -9.29520652e-03  1.46706251e-03  1.44705167e-02 -4.42846045e-02
 -3.96723114e-02 -9.42143202e-02 -1.02262348e-01 -8.25335905e-02
  1.34797707e-01 -3.10591217e-02 -1.04583234e-01  4.67378162e-02
 -1.07032575e-01 -8.19787681e-02  2.60469411e-02  3.22788544e-02
  1.91313550e-02  8.24184865e-02  6.31261915e-02 -1.94561929e-02
 -2.72878073e-03 -5.01833260e-02 -7.20671490e-02 -5.25386110e-02
 -4.46270034e-02 -1.86626322e-03  2.75288764e-02  1.80683862e-02
 -6.82740659e-02  1.22639008e-01 -4.09844294e-02 -4.91744317e-02
 -1.56554650e-03 -5.09359408e-03 -4.90666442e-02  9.98600647e-02
  7.97163472e-02  5.22493273e-02 -6.72420487e-03 -5.98122440e-02
 -5.57790697e-02 -3.54590714e-02  1.23139042e-02 -1.48150072e-01
  1.11311777e-02 -1.02032110e-01  1.10167794e-01  1.32084370e-03
 -2.99497247e-02 -3.49060595e-02  5.42757623e-02  3.11495103e-02
 -3.20757292e-02 -6.92933202e-02 -6.93363771e-02 -1.20247826e-02
  1.46093965e-01  5.97173795e-02 -1.49853639e-02 -1.52929816e-02
  3.73525955e-02 -1.12981070e-02 -2.93944753e-03  1.98142584e-02
 -2.55790781e-02 -7.09988689e-03  4.74058986e-02 -7.97546431e-02
 -7.25831985e-02 -6.49277046e-02  1.15412557e-02 -1.28602087e-02
 -2.61446387e-02  2.68095173e-03 -3.96720544e-02  3.95404361e-02
 -3.94648463e-02  5.12145385e-02 -6.38385564e-02  1.68636367e-02
 -4.03293185e-02  1.20245619e-02  4.50239889e-03 -3.75817381e-02
  4.04519178e-02  6.73057064e-02 -1.05067469e-01  3.01324409e-02
  2.52709836e-02  6.41985144e-03 -3.77916731e-02 -5.97165695e-08
 -4.42470051e-03  4.65887003e-02  9.22799204e-03  1.39945811e-02
  1.58631690e-02 -7.37738237e-02  3.11736879e-03  4.62744571e-02
 -5.88044617e-03  4.96271551e-02 -3.75657273e-03 -2.46021468e-02
 -6.39933273e-02 -1.10263331e-02 -2.09001713e-02 -2.89631356e-02
  1.86810214e-02  7.40856379e-02 -5.89412116e-02 -9.73585248e-03
  2.07469892e-02 -3.27052623e-02 -9.77602825e-02  2.05241479e-02
  1.38964755e-02 -2.39643976e-02 -1.48644149e-02 -3.64485048e-02
 -5.55062992e-03  8.68098810e-02 -5.01402915e-02 -3.19497213e-02
  4.09034304e-02 -1.04512624e-01 -1.74884945e-02 -5.76860318e-03
 -1.89126153e-02 -9.30156466e-03 -2.93547027e-02  2.39453763e-02
  4.14775312e-02  4.37274240e-02 -1.12743312e-02  2.44237967e-02
 -3.48582189e-03 -4.13131453e-02 -1.23350993e-01  4.93137427e-02
  4.88883397e-03 -4.33083735e-02 -1.47145195e-02 -5.40634543e-02
 -1.09420326e-02  5.08360788e-02  8.82861950e-03 -2.32960191e-02
  6.62088543e-02  1.26444884e-02 -3.68555933e-02  6.08692470e-04
 -3.88236810e-03  5.05100563e-02  3.44581343e-02 -5.46851605e-02]