[-2.55425982e-02  7.28185549e-02 -4.14930545e-02 -3.48805860e-02
 -7.83943161e-02 -7.89515395e-03  2.73728110e-02  9.77357998e-02
  3.71659100e-02  5.35656251e-02  1.34057119e-01  4.18342687e-02
 -2.21126489e-02  1.78440921e-02 -3.41427233e-03  1.98082961e-02
  9.45242941e-02  3.43139656e-02  1.23325400e-02  4.64305878e-02
  1.43549085e-01 -2.74402387e-02 -1.06710404e-01  6.83202073e-02
 -8.99099186e-02  6.17127772e-03 -6.13288544e-02  2.48635244e-02
 -3.28718945e-02  3.94301675e-03 -9.05889925e-03  2.56806072e-02
  7.35507905e-02 -2.77452096e-02  6.29342049e-02  5.53003587e-02
  5.49109392e-02  2.08486188e-02 -1.30674643e-02  4.32280041e-02
 -8.37111175e-02 -3.18704396e-02 -7.46920258e-02 -1.03907883e-01
  1.40354375e-03 -9.21656340e-02  3.81610580e-02  4.25842740e-02
  9.94454604e-03 -7.91375414e-02 -5.26562184e-02 -3.07124015e-02
 -2.42267866e-02 -3.83609463e-03 -3.77189964e-02 -3.74626219e-02
 -4.06129807e-02 -3.05795297e-02 -2.81175971e-02 -5.20458212e-03
 -5.35317250e-02  2.09842175e-02 -4.32314239e-02  5.34060895e-02
  5.18576503e-02  1.00671947e-02 -3.76968272e-02 -6.26644790e-02
 -5.75749539e-02  4.61601019e-02  3.55261867e-03 -8.67751017e-02
  6.87548295e-02  5.17754853e-02 -1.90331377e-02  1.02224313e-01
  6.12658896e-02  4.19666469e-02  2.62471335e-03 -1.88462183e-01
  2.37568188e-02  1.04223033e-02 -2.29922161e-02 -4.12402153e-02
  1.61689240e-02 -2.59430911e-02  2.39466168e-02 -2.55934820e-02
  1.08781815e-01  4.70731817e-02  4.59861271e-02  4.22561616e-02
 -9.24903825e-02 -2.28025615e-02  2.94552539e-02 -5.04684895e-02
 -4.51629609e-02  1.42094921e-02 -7.62326689e-03 -1.93584629e-03
  6.74773976e-02  2.71820668e-02  2.45613698e-02  3.93373556e-02
  2.46937331e-02 -3.22348736e-02  1.92861147e-02 -7.48835206e-02
  2.32660305e-02  1.15100935e-01 -7.14091212e-02 -8.34839791e-02
 -9.80502889e-02 -8.02076086e-02 -5.08740395e-02  1.91527940e-02
 -6.62554987e-03 -2.24699043e-02  2.83318385e-02 -7.27373213e-02
  2.84085032e-02  3.91411409e-02  1.75838545e-02 -2.03649290e-02
  4.80757207e-02 -2.77546737e-02 -1.09632201e-02  9.05420116e-33
  7.65792280e-03 -9.54564586e-02  4.65085730e-02 -6.12662919e-03
 -1.60852782e-02 -4.49895412e-02 -3.95574160e-02 -2.86228233e-03
  4.93552908e-02  7.94170052e-02 -7.27157295e-02  3.52161303e-02
  4.04575095e-02 -3.07872314e-02  1.19002007e-01 -1.35442419e-02
  7.50246346e-02  1.71569753e-02  2.42490731e-02  4.07321937e-02
 -1.85237564e-02 -1.68288182e-02 -2.34823152e-02 -2.66734622e-02
 -7.63788912e-03  1.23539958e-02 -3.89659703e-02 -3.78230922e-02
 -4.36976366e-02  5.50074168e-02  3.15705128e-02 -3.93321365e-02
 -1.22100748e-02 -1.44175319e-02 -4.69098538e-02 -2.61282492e-02
 -2.87454575e-02 -5.78813860e-03 -1.99792273e-02 -6.09870888e-02
 -3.61368582e-02  1.04250526e-02  6.48054332e-02  6.78882450e-02
  7.13446364e-02 -7.82240331e-02  6.61928952e-02 -5.17210551e-03
  1.23263389e-01  5.59312664e-02 -1.25988061e-02 -5.06757796e-02
 -3.14492136e-02 -4.36924770e-02  3.02902004e-03  4.06247340e-02
 -4.77970466e-02  8.32977742e-02  3.52612720e-03 -4.87856306e-02
 -2.02169325e-02 -8.79097283e-02 -4.72829826e-02 -3.80729847e-02
 -2.52641477e-02 -6.92221969e-02 -4.85330215e-03  6.25401875e-03
  1.25290632e-01  2.31989175e-02 -1.06221251e-01 -2.26092990e-03
  1.82062201e-02  8.91025588e-02  2.79851351e-02  7.01442966e-03
  6.53412715e-02  5.11918496e-03 -4.77644578e-02  2.01860573e-02
 -4.61314386e-03  7.39462674e-03 -8.13482329e-02 -1.61091692e-03
  5.17620556e-02  8.81775990e-02  4.78369594e-02  4.61150371e-02
  1.26216244e-02  5.43263145e-02  2.67750937e-02  7.33636022e-02
 -3.83763537e-02  3.40637192e-02  3.84454429e-02 -1.17581710e-32
  4.08195257e-02 -8.08378449e-04  9.08685755e-03 -3.96907665e-02
 -1.32204350e-02  4.57978025e-02  3.28794569e-02 -5.06678484e-02
 -6.51498809e-02 -5.22264056e-02 -6.42321408e-02 -8.04954171e-02
  1.03690512e-01 -3.26198973e-02 -6.24089874e-02  5.05162776e-02
 -9.68878046e-02 -1.62381120e-02  2.26324834e-02 -3.61955576e-02
 -1.84474029e-02  1.50741085e-01  8.76447037e-02 -6.19378826e-03
  1.47483172e-02 -7.46129975e-02 -2.40646303e-02  1.93244796e-02
 -1.03890464e-01 -9.69699398e-03  2.49555334e-02  3.02067921e-02
  4.11096634e-03  7.73733109e-02 -4.45461534e-02  2.22311262e-02
 -3.21959658e-03 -5.12029342e-02 -2.85846461e-02  8.55705217e-02
  2.38981675e-02  2.06849165e-02  7.09175915e-02 -3.55711766e-02
 -4.54679206e-02 -4.42770086e-02 -2.90354434e-02 -1.07962221e-01
 -4.59959358e-02 -5.52718751e-02  4.22398038e-02 -3.63923945e-02
 -2.88905241e-02  2.44285706e-02  5.02595305e-02 -4.11153995e-02
 -4.84116673e-02 -6.98523000e-02 -4.87095900e-02  1.07894102e-02
  1.21333107e-01 -3.62692848e-02 -3.98081280e-02 -8.79713334e-03
  5.64943254e-02 -7.21755717e-03 -2.16499087e-03  1.33870365e-02
 -3.74274924e-02  6.31589536e-03  3.24251428e-02 -3.27677540e-02
 -1.13154031e-01 -4.76146638e-02  3.39490152e-03 -3.17583978e-02
  1.85393635e-02 -2.88402252e-02 -6.18931763e-02  8.87341145e-03
 -7.38963187e-02 -1.67945605e-02  2.73400987e-03  1.46338856e-03
 -1.07791767e-01 -1.36933634e-02  2.30315868e-02  3.75492917e-03
 -3.28188539e-02  5.95787689e-02 -6.56592548e-02  4.52184491e-02
  4.16695215e-02 -1.91194341e-02 -6.16588295e-02 -5.28918136e-08
  1.82677470e-02 -2.13895440e-02  9.86675322e-02  7.10166199e-03
  4.44386601e-02 -5.88842928e-02 -1.86837055e-02 -1.59046147e-02
  2.11740546e-02  4.77259569e-02  4.81898990e-03 -3.43914628e-02
 -1.94917135e-02 -7.61440396e-03  1.01816524e-02 -4.92844470e-02
  6.04214743e-02  4.57366221e-02 -3.02003436e-02 -5.20475917e-02
  5.28342389e-02  4.69834870e-03 -1.11911163e-01 -3.56891868e-03
  7.43511543e-02 -5.19900955e-03 -4.31751646e-02 -1.15615539e-02
 -2.20365096e-02  4.60191717e-04  1.70397609e-02 -7.71915913e-03
  5.61579764e-02 -6.14846274e-02 -5.15619293e-02 -1.83375198e-02
 -1.67976990e-02 -1.26678338e-02 -6.50704876e-02  1.91084165e-02
  6.55503049e-02 -4.77132760e-02 -2.31738808e-03 -5.41745778e-03
 -1.59631961e-03  4.07060385e-02 -1.46585582e-02  8.17966312e-02
 -6.69408292e-02 -2.75039114e-02 -1.05008362e-02  5.73815173e-03
  5.99346347e-02  1.41426455e-02  8.95428844e-03 -8.42900053e-02
  4.22314182e-02 -1.81410648e-02 -4.18397486e-02  1.84846446e-02
  8.47643837e-02  9.40170139e-02  5.62092755e-04 -4.20726538e-02]