[-5.84646612e-02  6.83034733e-02 -6.32704645e-02 -8.58321860e-02
 -5.16384952e-02  8.51987582e-03  9.23512951e-02  5.52273430e-02
  3.61099280e-02  5.25097921e-02  9.61115211e-02 -3.39266774e-03
 -6.46175351e-03  5.28654736e-03  1.13132168e-02 -7.53978416e-02
  2.00307500e-02  2.24971529e-02 -1.87237933e-02  5.64933531e-02
  1.80971682e-01 -7.05717504e-03  8.71529628e-04  8.94280449e-02
 -6.71054497e-02 -4.28678505e-02 -3.44261862e-02  1.44640673e-02
 -5.95007725e-02 -6.10676780e-02  4.16658223e-02  2.58246660e-02
  9.83015895e-02 -4.15916182e-03 -5.76483645e-03 -3.25036198e-02
  6.75706863e-02 -7.55005190e-03 -1.38949379e-02  1.03907637e-01
 -7.40480721e-02 -6.40970394e-02 -9.07001644e-02 -4.16045748e-02
  1.32852839e-02  1.34713436e-02  7.64025375e-02  7.81363696e-02
 -6.32201061e-02  2.65251286e-02  3.14207114e-02  1.91155989e-02
 -9.05163214e-03  2.76480969e-02 -1.74527280e-02 -1.04958311e-01
 -8.70100776e-05 -4.39427011e-02 -3.22222076e-02  6.58263490e-02
 -5.52401468e-02  5.72228320e-02 -1.16481697e-02 -1.73835512e-02
  4.43415977e-02  6.61269855e-03  3.66392196e-03 -3.42698805e-02
 -2.75016017e-02  1.21938894e-02  2.73192469e-02 -7.33885095e-02
  2.11392902e-02  1.55234411e-02 -4.26158756e-02  2.36892290e-02
 -3.24638709e-02  2.95276642e-02 -4.85513248e-02 -2.05894977e-01
  5.28609268e-02  3.23354714e-02  2.25611180e-02 -6.43787533e-03
 -3.23877595e-02 -3.97955962e-02 -1.59824602e-02  5.67079475e-03
  7.73712620e-02  4.13353406e-02  4.73830812e-02 -1.01161944e-02
  2.17795782e-02 -1.00938171e-01 -1.26161175e-02 -1.20326364e-02
 -2.81385165e-02 -2.79574301e-02  6.27918765e-02 -1.52981677e-03
  2.75549460e-02  1.15678059e-02 -2.35708384e-03  3.36685143e-02
  8.55447818e-03  2.14691670e-03 -4.02601622e-03 -2.37370506e-02
  2.74789501e-02  9.69174728e-02 -7.26107508e-02 -2.78810076e-02
 -1.53360754e-01 -6.94797635e-02 -4.73315194e-02  2.68711932e-02
 -9.97807086e-02  2.35615461e-03  3.89267653e-02 -9.07029212e-02
  3.18248160e-02 -1.95123181e-02  4.04716544e-02 -1.55314226e-02
  5.00486642e-02 -9.10375919e-03  5.70732914e-02  1.12419453e-32
 -3.73389050e-02 -6.24604640e-04 -9.66684800e-03  3.30765508e-02
 -2.82078572e-02  2.91256793e-02 -1.13206655e-02  2.35527847e-02
  8.39883015e-02  8.28188136e-02 -4.33512181e-02  1.14035182e-01
  2.50542276e-02 -5.99536952e-03  1.26096353e-01  7.80933863e-03
  5.48630208e-03  2.92609744e-02  8.31665471e-02  2.56153885e-02
  1.95932798e-02  7.12444633e-02  3.46399806e-02 -4.77707526e-03
  5.23953550e-02  5.29461168e-02 -9.44626257e-02 -1.90173590e-03
 -1.36227561e-02  2.37091314e-02  1.31876841e-01 -5.22732660e-02
  9.89875942e-02 -1.03643315e-03 -3.67603410e-04 -3.56141105e-02
 -4.45474647e-02  1.39088230e-02 -5.18023223e-03 -3.66617702e-02
 -3.29659954e-02 -4.34635170e-02  2.11398266e-02  6.39537573e-02
 -1.23330522e-02 -3.04994136e-02  5.44334427e-02  5.20082144e-03
  9.31145549e-02  4.79659624e-02  4.71856073e-02 -6.17317716e-03
 -1.18780872e-02 -5.59357926e-02  2.70936601e-02 -4.60777394e-02
 -8.01215023e-02  3.26574519e-02 -1.44863287e-02 -6.65745512e-02
 -1.14857880e-02 -2.46045049e-02  3.27146426e-03 -3.03867068e-02
 -6.22812510e-02 -1.02406055e-01  1.42414253e-02 -1.22563206e-02
  1.39585674e-01  2.07123905e-02 -4.76616807e-02  3.32060792e-02
 -4.67514843e-02  7.34723872e-03  2.94700335e-03  4.18895148e-02
  3.18564139e-02  2.74963793e-03 -8.03536922e-02 -1.19521620e-03
 -4.26321775e-02 -3.08531150e-02  1.51983043e-02  1.91837475e-02
  1.87347494e-02  8.76228213e-02  6.69174790e-02  5.87903149e-02
  3.57938707e-02  6.63477182e-02  3.93748134e-02  5.19449748e-02
 -3.67391668e-02  5.87448254e-02  8.70982930e-02 -1.34764873e-32
  3.83318737e-02  1.14811296e-02 -3.25558917e-03  1.00597658e-03
 -3.90078127e-02  3.06948647e-02  1.02137839e-02 -6.93551749e-02
 -1.41758457e-01 -8.12811479e-02 -1.14714511e-01 -7.17657954e-02
  2.57030074e-02 -3.23034115e-02 -3.75437699e-02  1.33970780e-02
 -1.07942626e-01 -4.36369190e-03 -3.70209329e-02  3.89221287e-03
 -2.74961926e-02  8.99061710e-02  3.04512288e-02 -2.29575392e-02
 -4.93058097e-03 -4.64534983e-02 -5.98065779e-02 -2.79251840e-02
 -3.50774894e-03 -2.23394725e-02 -1.12857874e-02 -2.62728445e-02
  1.59913208e-02  6.31257817e-02 -4.57886085e-02 -5.15072942e-02
  2.93967444e-02  1.98518131e-02 -1.86500140e-02  9.25900713e-02
 -7.29494262e-03  5.17757051e-02  2.99637150e-02 -3.30989733e-02
 -5.89069314e-02 -9.01202932e-02 -1.01926312e-01 -6.56647757e-02
  3.32295150e-02 -7.70934997e-03  4.72288281e-02 -4.65685353e-02
 -5.82620203e-02 -5.50317466e-02 -5.93204692e-04  3.57813984e-02
 -5.51407188e-02 -7.53415972e-02 -4.07939628e-02  5.28967679e-02
  8.09094608e-02  4.48129140e-03 -5.95915988e-02  1.94470230e-02
  5.03269508e-02 -6.50342852e-02  8.69443733e-03  1.30281197e-02
  8.49759381e-04 -2.07725130e-02  1.98797360e-02 -1.31953627e-01
 -6.26439229e-02 -4.92944308e-02  2.71085184e-03 -4.14375812e-02
  3.40803415e-02 -4.52593006e-02 -5.23297600e-02  5.08579724e-02
 -6.35403767e-02 -3.11898347e-02 -1.70196630e-02  1.32155400e-02
 -1.14602417e-01  6.40126271e-03  5.83123639e-02  4.13244450e-03
 -1.17844958e-02  3.82476971e-02 -2.17434932e-02  1.74038839e-02
  1.31867873e-02  1.82924587e-02 -4.74667363e-02 -6.12441653e-08
 -5.15234377e-03 -5.23643419e-02  1.26892030e-01 -5.60225279e-04
  5.95746450e-02 -8.56652930e-02  8.52446444e-03  3.03044859e-02
 -1.46189984e-02 -1.35321934e-02  4.07839157e-02 -2.63894461e-02
 -6.99613988e-02 -3.87436673e-02  2.41657738e-02 -6.34677857e-02
  2.17537545e-02  6.09795339e-02 -5.41997738e-02 -5.04542217e-02
  1.33148925e-02 -2.59547662e-02 -9.65928435e-02 -3.72966938e-02
 -1.06497500e-02 -2.06722096e-02 -2.42824890e-02  3.18854563e-02
  2.87657771e-02  7.14500695e-02  1.80821083e-02 -1.83188152e-02
  5.25188632e-02 -6.97101951e-02 -4.66462485e-02 -9.32285469e-03
  1.47889536e-02 -2.34733820e-02 -1.46599635e-02 -2.11956725e-02
  4.14083563e-02 -5.49828708e-02 -2.16481518e-02  4.32633795e-02
  3.60033698e-02 -3.02809523e-03 -3.27353403e-02  1.53666446e-02
 -5.19628488e-02 -2.57721934e-02 -4.66874987e-02 -1.21068042e-02
  5.90891056e-02  7.34218135e-02 -4.25900519e-02 -3.98484245e-02
  2.49665640e-02  8.13446380e-03 -2.51452415e-03  6.09082729e-03
  4.93971743e-02  4.28461768e-02  1.64015256e-02 -7.89538994e-02]