[-6.11510873e-02 -2.28336304e-02 -3.81566286e-02 -4.73211557e-02
 -4.86830175e-02 -4.36600111e-02  5.26265092e-02  1.06043786e-01
  5.84022328e-03  1.82620157e-03  8.86231661e-02 -6.94955699e-03
 -2.23133024e-02  5.19063994e-02 -3.03977588e-03 -2.06419658e-02
  4.41602878e-02 -1.79057252e-02  5.83602861e-03 -1.20880930e-02
  1.18585840e-01 -2.60819271e-02 -8.69048536e-02  8.02289993e-02
 -5.79021536e-02 -4.11724374e-02 -2.23550647e-02 -2.67619230e-02
 -8.69626924e-02 -3.28007825e-02 -5.12174517e-02 -1.28125548e-02
  1.04800634e-01 -3.85739692e-02  2.68641440e-03 -2.27933675e-02
  8.45157579e-02 -2.03514248e-02  1.94560029e-02  4.70806323e-02
 -3.50473374e-02 -6.52432442e-02 -9.18512717e-02 -3.12593952e-02
 -1.06071522e-02 -5.61962537e-02  5.33452705e-02  2.03932934e-02
 -3.37946787e-02  1.88844763e-02 -3.23502012e-02  1.90824941e-02
 -3.74505408e-02 -4.72427206e-03 -7.10517168e-02 -2.50556916e-02
 -1.08909355e-02  5.84942736e-02  5.12042344e-02  1.08308960e-02
 -2.34024264e-02  4.04513143e-02 -3.66416201e-02  4.42716964e-02
  9.84390602e-02 -5.69970300e-03 -9.13516560e-04 -8.37687869e-03
 -7.20175281e-02  3.28858308e-02  7.28398487e-02 -9.61015671e-02
 -5.90994768e-02  5.81410043e-02 -6.42153528e-03  8.64527151e-02
  3.93926539e-02  4.78892960e-02 -2.84796320e-02 -1.24435216e-01
 -2.99473833e-02 -1.53509779e-02 -1.73056759e-02 -2.20788475e-02
 -1.90934874e-02 -2.45350469e-02 -1.18760047e-02  1.83731085e-03
  2.44069900e-02  2.58119609e-02  2.14561280e-02  1.68306357e-03
 -6.56203702e-02 -8.39302018e-02 -1.86375366e-03 -4.27678898e-02
 -1.23656746e-02 -8.17834493e-03  1.09502524e-01 -2.73666307e-02
  1.00406215e-01  5.76481856e-02  2.35414635e-02  4.60389853e-02
  3.17464373e-03  5.47319576e-02  9.62600764e-03 -4.57652435e-02
  9.16345119e-02  1.20376386e-01 -6.99013844e-02 -3.89768439e-03
 -3.57835740e-02 -9.79426652e-02 -1.29246920e-01  8.53276718e-03
 -6.51211366e-02 -1.30310711e-02  6.04749657e-02 -2.65445020e-02
 -2.12555043e-02 -2.46071275e-02  6.20572567e-02 -5.65847792e-02
  7.54852891e-02  1.63761880e-02  4.57550958e-02  1.02396571e-32
 -8.92060399e-02 -7.18645751e-02  1.39589561e-02 -1.48790801e-04
 -1.72315296e-02 -2.00151070e-03 -5.43665960e-02  1.85993873e-02
 -7.43366592e-03  9.05193090e-02 -9.52784419e-02  7.77891278e-02
 -3.03248186e-02 -1.76537167e-02  7.40635768e-02 -1.15538593e-02
  4.29824851e-02 -3.95041406e-02  2.53949594e-02  2.60713194e-02
 -3.85879204e-02  7.62230251e-04 -7.47123221e-03 -3.59205366e-03
  4.99240495e-02  3.23065482e-02 -4.04533409e-02 -2.40820404e-02
  2.96610799e-02  5.95130101e-02  5.06024323e-02 -3.75227965e-02
  4.32714149e-02  2.52327379e-02 -8.08717236e-02 -7.67187262e-03
 -7.25931600e-02 -5.35394028e-02 -2.16029938e-02 -8.93638134e-02
  4.44644243e-02 -2.00699382e-02 -1.12356627e-02  4.67302576e-02
 -1.68526024e-02 -1.37313316e-02  4.12786342e-02 -1.15296422e-02
  7.64447749e-02  5.31666949e-02 -5.30340932e-02 -8.78827944e-02
 -9.08516571e-02 -6.65297732e-02 -1.36107218e-03  5.86978644e-02
 -7.57530555e-02  4.10930514e-02  6.70683458e-02 -6.34269714e-02
 -6.63571656e-02 -2.09331196e-02 -4.47562616e-03 -2.65827309e-02
 -1.85782393e-03 -5.28502725e-02  3.40551883e-02  5.80085441e-04
  1.07877515e-01  7.38357473e-03 -5.65729365e-02 -2.19649188e-02
  6.01506792e-03  7.27800205e-02  3.40762585e-02  2.72298250e-02
  4.10956591e-02  2.66036805e-04 -6.29578233e-02  9.08561796e-03
 -6.67592436e-02 -4.75564897e-02  4.70867977e-02  6.45937026e-02
  1.13720141e-01  8.97049978e-02  3.82382199e-02  4.73024920e-02
 -8.02884921e-02  4.64057662e-02 -8.13820772e-03  1.22001059e-01
 -3.08745988e-02 -9.79075767e-03  1.20999411e-01 -1.27023552e-32
  1.63027421e-02  4.02398556e-02 -2.99935266e-02 -3.94396409e-02
 -4.63313386e-02 -1.49529912e-02 -2.62225885e-02 -5.18808663e-02
 -3.82532589e-02 -4.40656096e-02 -9.07848850e-02 -7.57132024e-02
  5.84229380e-02 -7.06081167e-02 -3.40204947e-02  2.17339583e-02
 -5.64891733e-02 -4.24122214e-02 -3.06408573e-02 -1.34771317e-02
 -5.38811274e-02  1.02593400e-01  6.86171651e-02  7.66662555e-03
  3.67222801e-02 -7.13422075e-02 -5.94282523e-02  4.91120592e-02
 -3.84580642e-02  2.35647010e-03  6.57471595e-03  2.67944690e-02
  4.96958345e-02  1.01499632e-01 -4.21004780e-02 -1.34055456e-02
  7.38479123e-02  3.68790478e-02  3.24547626e-02  9.90432799e-02
  3.28454599e-02  3.12460382e-02  2.99735349e-02 -7.92667344e-02
 -3.11690755e-02 -4.44373302e-03 -4.37415531e-03 -1.14695825e-01
 -2.62114163e-02 -6.02727942e-02  4.54324260e-02 -1.37211140e-02
 -3.57950069e-02  2.29283562e-03  2.80523915e-02  8.25309828e-02
  3.61096300e-02 -4.79325429e-02 -7.96068311e-02 -5.28469384e-02
  7.64626041e-02  5.96854649e-02  4.95542362e-02 -2.34069601e-02
  5.14850356e-02 -6.67299107e-02  1.81821026e-02 -1.24504259e-02
 -4.76272777e-02 -1.68401171e-02  1.52639132e-02 -4.73091528e-02
 -6.07701950e-02 -6.84796879e-03  9.63188056e-03 -3.74769419e-02
 -3.11922096e-02  3.31922732e-02 -2.63527464e-02 -3.08846906e-02
 -8.35632533e-02  2.28310470e-02 -6.03269506e-03  2.10170671e-02
 -6.00655675e-02 -3.17689963e-02  6.56933431e-03 -1.17164981e-02
 -1.52097242e-02  7.63161108e-02 -5.29594347e-02  6.03225753e-02
  6.14306740e-02  5.04399464e-02 -8.47213715e-02 -5.51675363e-08
  3.12158111e-02 -4.95401472e-02  8.63317028e-03  1.56619903e-02
  3.74515653e-02 -2.29318012e-02 -4.93467040e-02  7.50595927e-02
 -4.32159714e-02  4.60780151e-02  8.72012414e-03 -1.88297294e-02
 -1.70278013e-01  3.07950098e-02 -3.33545804e-02 -4.48813289e-02
  4.99070995e-02  1.07600307e-02 -4.70800847e-02 -3.54742631e-02
  2.89455820e-02  1.59094902e-03 -8.30158517e-02 -3.35060991e-03
  3.58993337e-02 -3.25511098e-02  8.12424719e-03 -1.13631655e-02
  5.26881143e-02 -2.16411501e-02 -5.88988028e-02  3.41553427e-02
  4.08967258e-03 -6.30581006e-02 -2.45453939e-02 -2.31458303e-02
  2.79381517e-02  2.28342973e-02 -7.11053237e-02  3.62955593e-02
  1.16775699e-01 -2.26282571e-02 -5.43536507e-02 -3.05872075e-02
  3.84623706e-02  3.98248397e-02 -3.44296470e-02  2.10447051e-02
 -3.82962462e-05 -3.74958297e-04 -5.80206551e-02 -6.24139560e-03
  4.36992086e-02  3.80987972e-02 -4.32488322e-03 -3.25832665e-02
  3.82931307e-02 -6.01417273e-02  1.51020437e-02 -4.40943949e-02
  5.09307384e-02  1.02429837e-01  7.00531453e-02 -7.42473453e-02]