[-2.38667266e-03  2.26987712e-02 -5.72206751e-02 -6.56459853e-02
 -3.16335261e-02 -3.33325472e-03  4.51765358e-02  6.76683709e-02
  1.63905509e-02  6.21507429e-02  1.11320406e-01 -2.11017719e-03
 -3.72244827e-02  4.20579780e-03  6.29571602e-02 -3.86991166e-02
  1.46126011e-02 -2.60698050e-02 -9.37077552e-02  8.04223418e-02
  1.62553072e-01 -2.54015569e-02 -6.69467449e-02  5.92702292e-02
 -3.87507826e-02  2.09151059e-02 -1.98516471e-04 -4.89692092e-02
 -5.87835126e-02 -2.51604561e-02 -2.17267424e-02  8.75077918e-02
  1.00248389e-01 -2.93787511e-04 -1.00730751e-02 -4.71983775e-02
  6.88440353e-02 -4.21848521e-02 -3.40041742e-02  6.33198395e-02
 -1.24017745e-01 -5.11384420e-02 -7.84762576e-02 -2.72833947e-02
 -4.39109728e-02 -2.29244605e-02  4.39583324e-02  7.59760439e-02
 -3.53872254e-02 -2.41615996e-03 -2.35891212e-02  3.72703560e-02
 -2.87948940e-02  6.65301308e-02  2.04392876e-02 -1.07017606e-01
 -5.07425703e-02 -9.88688506e-03 -6.87592896e-04  4.48306352e-02
 -5.59128337e-02  1.43153500e-02 -3.41172740e-02  2.33176947e-02
  2.28124447e-02 -1.49212522e-03 -6.60517486e-03 -3.84992245e-03
 -4.54090759e-02 -9.65597050e-04  5.55985272e-02 -7.54329860e-02
 -9.61421616e-03  1.47922058e-02 -1.18860211e-02  8.57468471e-02
 -2.96853296e-02  4.43417802e-02 -5.50638232e-03 -1.43111780e-01
  3.88788246e-02  2.36559510e-02 -3.84866558e-02 -1.46958176e-02
 -2.08231974e-02 -4.57822718e-03  5.42070891e-04  4.08228338e-02
 -7.43730413e-03  1.53460838e-02  1.11817487e-03  3.14520299e-02
  5.96924266e-03  1.49336243e-02 -1.25999115e-02 -4.59302478e-02
  1.30224796e-02 -5.56742772e-02  1.71554461e-02 -2.71200854e-03
  6.46236911e-02  4.56232242e-02 -1.99969411e-02  1.85893346e-02
 -3.50385718e-02 -6.84911013e-02 -2.55129226e-02 -2.76103318e-02
  2.81792264e-02  1.33701444e-01 -9.19262841e-02 -3.51476297e-02
 -1.34694949e-01 -9.10488442e-02 -5.55745475e-02 -3.40773128e-02
 -2.67504100e-02 -7.25623071e-02  4.43225354e-02 -2.99666580e-02
  1.90098230e-02 -7.01234266e-02  4.75069787e-03 -2.33608689e-02
  7.37032294e-02 -1.68307126e-02  2.90760975e-02  4.91891709e-33
 -6.38618097e-02  3.83909093e-03 -2.17278171e-02  2.93995067e-02
  4.70467284e-02  5.82658015e-02 -4.43339981e-02  1.55284032e-02
  5.92487343e-02  4.85734530e-02 -6.39339313e-02  8.53637010e-02
 -1.57485381e-02 -5.85304759e-02  1.27326146e-01 -3.03785466e-02
 -7.58086843e-03  8.35426338e-03  4.27241111e-03  8.60938802e-03
 -2.32052356e-02  2.54034903e-02  4.03376222e-02 -7.00992066e-03
  3.17960121e-02  2.15613823e-02 -7.15960190e-02 -4.23989780e-02
 -2.22682115e-02  6.19778074e-02  7.15639368e-02 -3.08661181e-02
  7.20936209e-02 -5.46661317e-02 -5.21259457e-02 -5.74475266e-02
  2.53917426e-02 -1.75811537e-02 -5.64663745e-02 -1.39001105e-02
 -1.04069702e-01 -2.74678562e-02  1.20116705e-02  3.47387120e-02
  4.22842689e-02 -3.46047841e-02  4.01256680e-02 -2.48079710e-02
  6.10003658e-02  2.82910056e-02 -9.84346960e-03 -2.51734611e-02
 -3.03670801e-02 -4.02430184e-02  3.33254039e-02  2.06501819e-02
 -9.90547985e-02 -2.99302544e-02 -7.48895034e-02 -1.34959683e-01
 -1.35784084e-02 -5.88880479e-02 -1.23959472e-02 -7.35352421e-03
 -4.19082753e-02 -2.35942807e-02  1.01869758e-02  3.76502573e-02
  4.43523452e-02  2.86068767e-02 -1.36695337e-02 -4.06750329e-02
 -4.43707518e-02  4.96793464e-02 -3.31937633e-02  5.53183705e-02
  6.11952506e-02  2.75919773e-02 -1.22667355e-02  4.25378941e-02
 -4.85082231e-02 -1.88909527e-02  2.44609080e-02 -3.17419022e-02
  7.71070421e-02  5.79712205e-02  6.08792603e-02  7.32250139e-02
 -1.91491228e-02  6.81135580e-02 -4.49411944e-03  1.23750538e-01
  1.50230872e-02  1.00978334e-02  4.05333042e-02 -1.03520718e-32
 -7.29024857e-02  4.01525050e-02 -5.50316758e-02 -2.47007422e-02
 -3.52969430e-02 -5.20827761e-03 -2.90321577e-02  1.97993703e-02
 -4.26400192e-02 -1.07353166e-01 -7.66412616e-02 -7.49056712e-02
  1.82480682e-02  7.04549486e-03 -5.14279790e-02  2.69513316e-02
 -3.35635245e-02 -4.57348526e-02 -7.97312707e-02  6.37889579e-02
 -7.67802214e-03  8.15189350e-03 -1.57963857e-02  2.96339598e-02
  5.43868868e-04 -5.38758226e-02 -4.94084209e-02 -2.00715177e-02
 -6.29443973e-02 -1.74351092e-02  2.56925542e-02  3.95263396e-02
  5.51304920e-03  8.64203498e-02 -2.62484383e-02 -6.06455021e-02
  3.03181969e-02 -1.03781249e-05 -5.07046171e-02  8.89874175e-02
  6.29002005e-02  5.18905856e-02  1.65259317e-02 -4.39082198e-02
 -4.83665951e-02 -7.12625533e-02 -3.35486196e-02 -1.13400556e-01
  3.34611386e-02 -7.88991153e-02  1.35722771e-01 -2.81685740e-02
  1.33355008e-02  3.62699218e-02  3.08871027e-02  2.97905896e-02
 -3.85610247e-03 -5.31916320e-02 -7.35016614e-02  3.56329568e-02
  1.02657430e-01 -1.29232239e-02 -5.94071522e-02 -1.29396338e-02
  5.24728745e-02 -4.01211940e-02 -2.71360166e-02  7.86192156e-03
  4.32046652e-02  1.03932805e-03  6.90982640e-02 -7.39896446e-02
 -1.11457817e-01  5.85869001e-03 -2.63156258e-02 -3.21258977e-02
 -6.78630620e-02  4.45302911e-02 -6.97426051e-02  8.25764537e-02
 -4.77152430e-02  7.30187669e-02 -2.68540271e-02 -9.12728459e-02
 -4.51093204e-02 -2.48094252e-03  5.15693948e-02 -2.80737830e-03
 -4.13884968e-02 -3.99611145e-02 -6.14739843e-02  3.59859914e-02
 -7.10481778e-02  1.39531605e-02 -6.17976189e-02 -6.21717930e-08
  3.86548452e-02 -5.50030805e-02  6.01553731e-02 -2.30860338e-02
  4.57398929e-02 -6.14371784e-02  2.03639362e-03 -4.93902806e-03
 -1.25754420e-02  4.97498997e-02  2.80857235e-02  3.63239013e-02
 -9.11198035e-02  3.85655575e-02  5.63444942e-02 -8.36182907e-02
  4.48326282e-02 -1.42688351e-03 -4.46827263e-02 -3.10918987e-02
  7.25121573e-02  8.69823096e-04 -7.97880068e-02 -4.08829004e-02
  3.04721985e-02 -4.27058302e-02  7.80584896e-03  4.55546826e-02
  2.68073119e-02  4.92956415e-02 -3.72483283e-02  5.33026131e-03
 -2.00268347e-02 -6.79626912e-02 -7.86692202e-02 -3.73000130e-02
  2.65382919e-02 -3.23271416e-02 -6.12179041e-02  3.59438849e-03
  1.10937364e-01 -4.08067890e-02 -3.60667147e-02  1.31517602e-02
  4.00740802e-02 -4.68498841e-02  1.27141355e-02  7.68195838e-02
 -5.15504777e-02  3.93927377e-03 -3.22869346e-02  5.87884933e-02
  5.15564345e-02  1.71423703e-02  1.71097796e-02 -6.80225119e-02
  1.70666240e-02  7.68643171e-02 -1.16097040e-01 -4.66621108e-02
  1.11632064e-01  5.08809499e-02 -1.47729618e-02  9.21166688e-03]