[-1.31483134e-02  2.37856503e-03 -8.59350041e-02 -2.19402928e-02
 -7.88544789e-02  2.33567376e-02  8.87634419e-03  4.00844887e-02
 -9.07541532e-03  4.07932848e-02  6.65316656e-02 -1.53754745e-02
 -4.53862101e-02  6.61125705e-02 -2.40114462e-02 -2.06814730e-03
  1.22221000e-01 -1.25850169e-02 -9.19266895e-04  2.84666941e-02
  9.84622017e-02 -3.48607749e-02 -7.63916820e-02  6.96045011e-02
 -1.55424476e-01 -3.60520780e-02 -4.95854318e-02 -3.74568999e-02
 -3.05666346e-02  2.07947288e-02 -4.65984195e-02  7.59746656e-02
  9.39292982e-02 -4.96431487e-03 -3.92328501e-02 -2.29447503e-02
  4.72119264e-02 -2.34146751e-02 -4.12037130e-03  4.98643816e-02
 -4.01862711e-02  7.74442311e-03 -6.14053681e-02 -7.09070498e-03
  3.79930390e-03 -9.83723700e-02  5.19676432e-02  7.79893324e-02
 -5.71511090e-02 -3.35560367e-02 -1.55976741e-03 -1.08934147e-02
 -5.77525571e-02  1.12730600e-02  2.24407297e-03 -5.79676628e-02
 -6.16355650e-02 -4.89033945e-03  2.03309711e-02 -2.10925136e-02
 -7.66273290e-02  3.04868221e-02 -5.57975136e-02  4.96002324e-02
  6.45756498e-02  1.36836581e-02 -9.23184082e-02  2.90149804e-02
  9.77095217e-03  5.26473187e-02 -2.32624672e-02 -7.76380375e-02
  1.01190517e-02  4.12875712e-02 -1.96375661e-02  1.02112964e-01
 -1.65486261e-02  4.63110348e-03  2.11337786e-02 -1.19207799e-01
  1.11037400e-02  4.84432615e-02  5.54839848e-03 -2.33235490e-02
  1.06526069e-01 -1.93748213e-02 -1.82185024e-02  1.75364614e-02
  2.27303132e-02 -1.38801299e-02  4.11287546e-02  5.37345335e-02
 -4.68492806e-02 -5.19590229e-02 -1.20101450e-02 -3.61041911e-02
  3.74890212e-03 -6.26962855e-02  9.61421132e-02 -2.44689789e-02
  7.31829256e-02 -4.95694461e-04  2.93667591e-03  4.81876433e-02
 -1.36245012e-01 -2.28426885e-02 -2.88096089e-02 -5.00798076e-02
  5.14155291e-02  1.75088391e-01 -1.25614777e-01 -5.79301966e-03
 -4.91554663e-02 -5.40781729e-02 -4.28612195e-02  6.69593215e-02
 -8.05539191e-02  7.61395693e-03  5.84758744e-02 -2.65301038e-02
 -4.88735177e-02 -5.17195277e-02 -5.33801597e-03 -9.52175111e-02
  9.28100049e-02  4.13814280e-03 -1.62755291e-03  7.84253905e-33
 -3.42887118e-02 -5.31494804e-02  1.81474332e-02  3.74876186e-02
  3.52537967e-02  8.45908225e-02 -1.66611075e-02 -2.70863250e-03
  5.33169098e-02  8.29962045e-02 -1.23464547e-01  9.13048089e-02
 -1.90694854e-02  5.82517963e-03  8.29362199e-02 -1.63941905e-02
  1.77052598e-02 -5.25980210e-03 -1.19799487e-02  7.64984917e-03
 -5.76828374e-03  2.83847433e-02 -3.49985287e-02 -1.80740990e-02
  4.80887443e-02  3.86097766e-02 -5.58967553e-02 -1.76670384e-02
 -6.11732772e-04  4.57036905e-02  6.51066527e-02  2.22561862e-02
 -3.08435746e-02 -1.36875957e-02 -6.12431094e-02 -9.37937200e-03
  1.70492753e-02 -2.00585052e-02 -4.14218344e-02 -3.46398540e-02
 -4.16139178e-02 -1.05798235e-02  7.80385453e-03 -1.54747081e-03
  2.49933675e-02 -9.16986465e-02  1.88051199e-03 -8.17806050e-02
  3.65022980e-02  8.57829973e-02 -2.22531259e-02 -1.51595427e-02
 -1.99227501e-02 -1.30145937e-01 -4.33904905e-04  4.55024559e-03
 -8.34210962e-02  8.19793567e-02  8.69317260e-03 -2.85335667e-02
 -4.46101800e-02 -1.86315104e-02 -8.55329074e-03 -2.18921509e-02
  1.04716595e-03  2.04655305e-02 -2.50870902e-02  1.03825545e-02
  1.18287608e-01  5.30369356e-02 -3.80196162e-02  8.36859941e-02
 -5.33485375e-02 -6.76106988e-03  2.30004787e-02  6.62664324e-03
  1.33881448e-02  3.20574567e-02 -7.11323768e-02  2.50101443e-02
 -8.76496658e-02 -2.06488110e-02  1.89041980e-02  4.56427895e-02
  4.82533127e-02  2.17528138e-02  3.81437317e-02  8.44321251e-02
 -1.28780550e-03  4.35552411e-02  4.48657162e-02  8.77733603e-02
  1.44892205e-02  9.85261276e-02  9.47907120e-02 -1.00050431e-32
 -1.64580774e-02 -2.64714547e-02 -1.83594059e-02 -5.76062202e-02
 -1.79415774e-02 -1.40148541e-02 -4.27608937e-02 -1.10523216e-01
 -1.65201090e-02 -9.33307782e-02 -6.87071607e-02 -6.32890835e-02
  6.09667189e-02  1.35633061e-02 -4.81492728e-02 -8.72806739e-03
 -7.39368200e-02 -5.66725023e-02 -8.42922330e-02 -3.19532454e-02
 -3.27717117e-03  2.94773541e-02  3.13142315e-02 -5.08654080e-02
  4.87042964e-02 -5.31660505e-02 -4.37228754e-02 -2.72871368e-02
  1.65760554e-02 -1.28162391e-02  3.14100571e-02  3.70249115e-02
 -5.46858013e-02  1.03897870e-01 -2.07618345e-03 -2.36110110e-02
  2.05043741e-02  3.96298841e-02 -9.63077508e-03  4.51618060e-02
  7.09449872e-02  5.49189001e-02  1.55475102e-02  5.53071871e-03
 -1.55975241e-02  4.27107047e-03  2.98309363e-02 -1.44972101e-01
  4.08833511e-02 -5.20022847e-02  9.98778790e-02 -2.15782300e-02
 -1.61283053e-02 -2.03154534e-02  5.94362505e-02  5.98278781e-03
  7.86282122e-03 -1.16554618e-01 -1.22604311e-01 -7.57492101e-03
  4.30692211e-02  1.16631314e-02 -9.80205238e-02  1.02609964e-02
  6.01229817e-02 -2.27340832e-02  5.59467636e-03  5.66094294e-02
  9.27049965e-02  2.93571539e-02  4.09878381e-02 -7.68325152e-03
 -6.22942597e-02 -2.28647012e-02  1.20233148e-02 -6.15873821e-02
 -2.73426678e-02  2.95132436e-02 -2.74879150e-02  6.74721897e-02
 -2.80802622e-02  1.17146382e-02  3.40588428e-02 -5.72234243e-02
 -2.88269334e-02  6.42693043e-02 -2.40866691e-02 -1.02812601e-02
  1.73329487e-02  5.95027544e-02 -5.71144335e-02  1.41379936e-02
  1.02523016e-02 -1.00121638e-02 -6.79954737e-02 -5.22686960e-08
  5.68806846e-03 -2.86343731e-02  2.39273384e-02  2.75656600e-02
  8.26352090e-03 -2.31419522e-02 -5.66808693e-02  2.22874340e-02
 -1.52300010e-02  3.99288386e-02  3.16423923e-02 -3.08985692e-02
 -3.05519253e-02  4.89577465e-02  4.69843447e-02 -4.13245484e-02
  8.29685405e-02  3.71090919e-02 -1.71065554e-02 -2.98573505e-02
 -1.05825542e-02  1.88030687e-03 -1.30969137e-01  1.35532655e-02
  4.87530157e-02 -4.99158911e-02 -7.33492430e-04 -3.26632522e-02
  3.81823815e-02  4.32891436e-02 -4.77957465e-02 -7.34327780e-03
  3.77896708e-03 -5.87481633e-02 -7.69037604e-02 -5.05036823e-02
  5.26088290e-02 -1.42741147e-02 -4.53640707e-02 -3.80855836e-02
  1.53468475e-01 -1.85753126e-02 -1.04553867e-02 -1.67142730e-02
  6.92875013e-02 -1.23168053e-02  1.78521629e-02  2.80655902e-02
  8.42288975e-03 -5.03862239e-02 -7.14034215e-02  1.18691251e-02
  1.06098101e-01 -1.28464401e-02  1.27055710e-02 -2.61761025e-02
  3.61204222e-02  2.07774043e-02  2.48829165e-04 -4.17312868e-02
  5.03279604e-02  6.88392743e-02  2.16108672e-02 -3.01908571e-02]