[-2.20325682e-02  7.11169466e-02  6.96424115e-03 -4.45187949e-02
 -9.34619159e-02  3.76607627e-02  2.28722710e-02  9.45927948e-02
 -1.49579169e-02  5.89511022e-02  8.65239203e-02 -3.53617445e-02
  2.72415932e-02 -2.52319966e-03  2.87303049e-02 -4.90577631e-02
  4.76009585e-03  2.17884853e-02  1.89491902e-02  6.53806105e-02
  1.53568447e-01 -5.74357063e-02 -4.76930477e-02  3.51517238e-02
 -7.70121291e-02 -6.30814135e-02 -7.05164224e-02  6.47018254e-02
 -5.10941558e-02 -7.49050127e-03 -6.27260283e-02  7.58331344e-02
  4.09578718e-02  2.85610892e-02  2.18445156e-03  8.69828369e-03
  3.58292535e-02 -3.37434970e-02 -3.34588364e-02  8.89885947e-02
 -1.30539328e-01  2.66788807e-02 -6.17735684e-02 -6.96307048e-02
 -4.11222428e-02 -3.99435572e-02  2.80113854e-02  4.23147492e-02
 -4.18777987e-02 -4.36753407e-02 -2.76267529e-02  5.40848635e-03
 -6.33369014e-02 -6.01557957e-04  8.79459828e-03 -6.25616610e-02
 -1.90495737e-02  9.20176879e-03  1.48353856e-02 -6.24305860e-04
  6.66485913e-03  5.11847436e-02 -2.52364986e-02  3.07223410e-03
  6.12376593e-02 -5.88651150e-02 -2.42987722e-02 -2.64374837e-02
 -6.66899160e-02  2.54806206e-02  3.26875933e-02 -1.19818181e-01
 -2.07037944e-02  1.57896038e-02 -3.40634659e-02  6.73081577e-02
  1.90819599e-04  4.16576788e-02 -4.36468199e-02 -2.09514335e-01
  2.39909552e-02 -1.79472694e-03  2.24039424e-02 -3.14591751e-02
 -3.57813984e-02 -1.82254519e-02  2.51364149e-03 -2.14640517e-02
  1.03134073e-01  1.61846913e-02  3.24322619e-02  4.13600914e-02
 -1.17588021e-01 -3.47578526e-02  1.89054534e-02 -5.79922134e-03
  7.45665235e-03  5.89122511e-02  4.32993583e-02 -4.41466831e-03
  6.20465651e-02  2.77736671e-02  2.88263485e-02  8.72664154e-02
 -3.80474702e-02  2.58202367e-02  6.99139549e-04 -5.14682829e-02
 -4.62043621e-02  1.00927763e-01 -4.69309278e-02 -2.93373596e-02
 -7.98859820e-02 -6.29271641e-02 -5.10194600e-02  5.12605198e-02
 -4.80797105e-02 -4.20902967e-02  7.91177228e-02 -4.41613980e-03
  3.00041009e-02  2.22203671e-03  9.69974473e-02 -5.24180271e-02
 -4.48997039e-03 -1.78770889e-02  5.65733947e-02  8.29688451e-33
 -4.75839712e-02 -4.08456288e-02 -3.28228325e-02  3.94778214e-02
  5.35023585e-03  8.98732897e-03 -7.17041343e-02  7.18345493e-02
  6.55816793e-02  1.85875595e-02 -5.54130673e-02  3.50509137e-02
  2.62432229e-02 -2.14686297e-04  6.75569028e-02 -2.49378812e-02
  8.40171576e-02 -3.66480909e-02  7.99582154e-03 -7.98075460e-03
 -8.95710487e-04  1.95751861e-02  2.31916290e-02 -3.55193913e-02
 -1.17219854e-02  3.92468832e-02 -5.42207584e-02 -3.83897610e-02
 -7.93344155e-02  5.07405512e-02  1.75621696e-02  4.53937128e-02
  1.26683265e-02 -5.93669713e-02 -4.12549414e-02 -4.60174051e-04
 -1.22959884e-02  1.43617881e-03 -3.89388725e-02 -3.87730598e-02
 -3.06393951e-02  4.98960912e-03  5.65183461e-02 -2.80045383e-02
  3.13412249e-02 -3.13039459e-02  1.11973844e-01  1.72739066e-02
  5.98426871e-02  1.05358325e-01 -2.78600492e-02 -4.36414592e-03
 -1.03966435e-02 -6.54293671e-02 -8.35036673e-03 -4.92533110e-03
 -8.76682997e-02  1.32311741e-02 -7.65775517e-02 -5.32385446e-02
  2.58158948e-02  1.42307230e-03 -2.48947423e-02  2.23318916e-02
 -9.67446528e-03 -2.00864337e-02 -5.42661063e-02  4.95577157e-02
  1.26019642e-01  5.71304820e-02 -8.32018703e-02 -2.56665498e-02
 -1.16297305e-02 -1.93649046e-02  5.17249480e-02  1.41595062e-02
  9.75932628e-02 -2.58518048e-02 -5.13716340e-02  1.70056671e-02
 -4.79773581e-02  4.64594029e-02 -5.39566688e-02 -4.05707546e-02
  7.76248947e-02  2.76124086e-02  9.98213589e-02  1.81341879e-02
  3.39277275e-02  9.78557840e-02  2.07491741e-02  3.97602618e-02
 -7.66087277e-03 -6.24225766e-04  3.87999527e-02 -1.21037568e-32
  3.44031607e-04  4.09004800e-02 -1.73486825e-02 -2.62267925e-02
  4.45329072e-03 -1.56570263e-02 -8.26198421e-03 -8.14011414e-03
 -8.15713033e-02 -1.06666557e-01 -3.96285281e-02 -1.12064980e-01
  6.77598789e-02 -8.63774586e-03 -6.55638650e-02 -2.97996774e-03
 -1.10233217e-01 -5.32589890e-02 -2.44696923e-02  4.57691625e-02
  3.53252739e-02  6.33306354e-02  5.58456630e-02 -2.94387573e-03
 -1.72384921e-02 -5.41349240e-02 -2.82452982e-02 -3.03871315e-02
 -7.72177279e-02  3.55377942e-02  6.34888560e-02  1.21624852e-02
 -1.52930347e-02  1.42065078e-01 -5.53391986e-02 -3.54265012e-02
  5.66382930e-02  2.29709055e-02  1.93944182e-02  9.02477875e-02
  2.87632719e-02  4.70590591e-02  4.44376282e-02 -1.67765170e-02
 -4.26937677e-02 -3.41817103e-02 -4.28309739e-02 -8.83374661e-02
 -2.37201966e-04 -9.35938284e-02  5.71852438e-02 -7.94645846e-02
 -4.10919003e-02 -6.00424185e-02  1.52293155e-02 -9.50643346e-02
 -1.15385614e-02 -8.30090269e-02 -6.60100058e-02  3.21302377e-02
  1.11428313e-01  4.70250659e-02 -5.51224500e-02  2.02137083e-02
  1.06581084e-01 -3.52699012e-02 -2.00197771e-02  4.45340574e-02
 -3.68789546e-02 -8.66653398e-03  2.64111161e-02 -6.08977266e-02
 -6.56976625e-02 -6.95086494e-02 -1.06354896e-02 -6.74346015e-02
 -1.11515028e-03 -7.77001493e-03 -2.83262506e-02  1.64075289e-02
 -6.18785955e-02 -4.47362810e-02 -3.81650329e-02 -3.05845831e-02
 -6.40027076e-02  3.56698558e-02 -5.48608452e-02  8.65080804e-02
 -7.27984076e-03  4.57390137e-02 -2.56079733e-02  2.92565487e-02
  5.08486181e-02 -5.04334923e-03 -4.96251434e-02 -6.32089154e-08
  2.67123915e-02  5.22264140e-03  4.49375622e-02  6.38453802e-03
 -1.77506432e-02 -5.66171184e-02 -2.41958331e-02 -2.67827250e-02
  4.06622626e-02  5.49524873e-02  2.69833906e-03  1.12799155e-02
 -2.71124039e-02  3.40885967e-02  5.35430992e-03 -8.00715238e-02
  4.37128469e-02  3.02420259e-02 -7.02338740e-02 -6.54443875e-02
  4.59113717e-02 -4.71653938e-02 -8.67303535e-02 -1.73624940e-02
  1.20977331e-02  1.14899240e-02 -6.06002398e-02 -1.51858786e-02
 -3.27571109e-02  5.71486689e-02 -5.91129204e-03  3.65564483e-03
  6.02768771e-02 -7.01397955e-02 -3.32947075e-02 -8.19133595e-02
  2.08489560e-02  2.88090929e-02 -7.05979839e-02  2.56567933e-02
  1.10188246e-01 -5.71810342e-02 -3.34279239e-02 -8.30757804e-03
  4.35575843e-02 -2.76804231e-02 -2.02623960e-02  9.42192227e-02
 -5.73544241e-02 -9.71993245e-03 -3.41834985e-02  2.86511984e-02
  3.54871526e-02  4.05690484e-02  1.93798542e-02 -4.79293168e-02
  3.55730169e-02  6.18171245e-02 -6.05478585e-02 -3.77685949e-02
  7.00940639e-02  5.49682304e-02 -6.37096586e-03 -7.34023675e-02]