[ 1.70007581e-03 -1.65976826e-02  1.20191509e-02 -8.48838091e-02
 -5.37262112e-02 -3.70650887e-02  2.34446712e-02  1.39010578e-01
  2.19839104e-02  8.37885067e-02  1.15625903e-01 -6.28242791e-02
  5.47717232e-03 -1.39964046e-02  1.25227040e-02 -5.11415815e-03
  6.30428493e-02 -3.94468978e-02 -5.66931665e-02  1.63379032e-02
  1.02078654e-01 -1.02881696e-02 -1.71837732e-02  2.99045201e-02
  3.91042456e-02 -1.14534227e-02 -4.62043546e-02 -1.91504788e-02
 -7.18090162e-02 -6.73085153e-02 -4.77179773e-02  5.15693538e-02
  8.97674114e-02 -7.37497360e-02 -1.78020261e-02 -4.83797677e-03
  3.89236733e-02 -4.19615917e-02 -4.02803160e-02  4.48235348e-02
 -8.44686702e-02 -2.07581501e-02 -8.22771192e-02 -1.38950720e-02
 -6.26507699e-02 -3.36320475e-02 -4.85325791e-02  4.08949554e-02
  4.38281745e-02 -2.13804133e-02 -2.43536476e-02  4.12550047e-02
 -6.92652538e-02  5.23576550e-02 -8.97678453e-03 -2.80801971e-02
 -5.55628128e-02  2.52177939e-02  6.99851215e-02  3.02259028e-02
 -2.92958301e-02  5.75330742e-02 -7.14028329e-02  1.82179790e-02
  6.08830415e-02 -2.25503203e-02  5.81303127e-02 -4.02352326e-02
 -1.19752906e-01  9.84554812e-02  1.16524221e-02 -5.32090850e-02
  7.08880574e-02 -1.15803340e-02 -4.02128845e-02  5.50513268e-02
  3.53909247e-02  2.45132414e-03  3.46610658e-02 -8.20484683e-02
  9.89369350e-04 -4.30416837e-02  3.55655747e-03 -8.40923116e-02
  1.53674409e-02 -1.21188816e-02  4.72948290e-02  3.89722586e-02
  9.17721763e-02  6.40069926e-03  1.71141457e-02  1.17132366e-01
 -3.14280689e-02 -3.81946824e-02  6.31967932e-02  4.87891808e-02
 -3.63131128e-02 -3.40560786e-02  5.41440099e-02 -4.83134901e-03
  2.83092931e-02 -1.15523925e-02 -6.35869056e-03 -1.35292979e-02
 -1.11337997e-01 -3.27774920e-02 -1.85134411e-02  1.58174895e-02
  7.08084702e-02  6.07673079e-02 -6.47621080e-02 -3.43539268e-02
 -4.43509780e-02 -4.43692841e-02 -4.84163687e-02 -2.37433724e-02
  2.03059521e-02 -3.68389674e-02  8.68944377e-02 -1.99447386e-02
  4.59823348e-02 -5.98996319e-02 -6.71821472e-04 -1.12333549e-02
  3.38373929e-02 -8.61453079e-03  7.54159391e-02  1.25663696e-32
 -3.22590326e-03 -4.72875163e-02 -1.46740619e-02  1.25742378e-02
  1.31063620e-02  6.12803027e-02 -4.99367453e-02  5.92807010e-02
  4.31621037e-02 -1.13482904e-02 -1.53148010e-01 -1.17136231e-02
 -4.62808646e-02  4.97673033e-03  1.49794251e-01 -2.17957199e-02
  5.27964495e-02  1.50604527e-02 -8.40332732e-03 -6.09065220e-02
 -2.75561158e-02 -1.05779627e-02  7.94574339e-03 -3.91529780e-03
  3.70164663e-02  3.45207378e-02 -3.07527855e-02 -1.66162364e-02
 -4.75786142e-02  5.02597131e-02  4.40175273e-03  1.17458971e-02
 -3.33590508e-02 -1.00508302e-01 -1.39737613e-02 -2.53675673e-02
  1.06138140e-02  1.19676581e-02 -4.40295748e-02  2.51046233e-02
 -6.73458725e-02  3.26494873e-02 -3.73956710e-02  1.86016280e-02
  1.12961615e-02 -8.65066126e-02  5.09410501e-02 -1.04094176e-02
  7.03249723e-02  7.01806769e-02 -8.62977058e-02 -1.09635564e-02
  2.36682333e-02 -6.46816194e-02  1.37743158e-02  8.03760812e-02
 -9.37090516e-02  5.34202345e-02 -3.84823196e-02 -3.22154164e-02
  4.94968146e-02  7.52802268e-02  5.72519340e-02 -2.36347634e-02
  3.04543357e-02  2.77964994e-02 -3.89973819e-03  4.58465219e-02
  5.61872087e-02  6.07989170e-02 -7.79162869e-02 -2.16419995e-02
 -3.12072504e-02 -1.86204333e-02  2.88661234e-02 -1.41050601e-02
  1.98738612e-02  1.58882998e-02 -2.49385089e-02 -5.25556086e-03
  4.10491936e-02 -8.17897078e-03 -2.15031896e-02 -5.90896606e-02
  9.98792872e-02  4.28348146e-02  6.76033348e-02  1.32271284e-02
 -5.55784814e-02  8.44216794e-02  1.84928905e-02  3.50390859e-02
  6.19982462e-03  3.11552454e-03  5.01725543e-03 -1.37980026e-32
 -1.37291979e-02  6.98033646e-02  2.00172067e-02 -1.59903783e-02
 -3.06913611e-02 -8.71526171e-03  5.71581721e-02  1.70481298e-02
 -1.22971917e-02 -6.52890056e-02 -5.99072166e-02 -3.63864712e-02
  8.33471119e-02 -4.77272905e-02 -9.19940323e-02  4.11512591e-02
 -4.94670309e-02 -7.34860227e-02 -8.33625868e-02 -4.00691554e-02
  3.43486071e-02  3.09849493e-02  2.05089245e-02  2.93033607e-02
  2.39162967e-02 -3.51539887e-02 -1.01181380e-01  2.05487385e-02
 -5.16144633e-02 -6.57166019e-02  3.78350690e-02 -2.98794191e-02
  2.70687789e-02  1.10012405e-01 -7.32069761e-02  1.58914085e-02
  5.48035763e-02 -7.16904271e-03  2.32773162e-02  7.90086612e-02
  4.97182794e-02  8.58792439e-02  5.96995018e-02 -7.28840381e-02
 -7.53001496e-02 -2.29560975e-02  3.17693241e-02 -9.58254486e-02
 -3.22651826e-02 -1.22391142e-01  1.36299804e-01  3.07088774e-02
 -5.75999990e-02  2.44474337e-02  2.46577207e-02 -3.59709710e-02
 -4.32082601e-02 -1.07006691e-01 -9.38828662e-02 -1.70229580e-02
  3.84464189e-02 -1.98291764e-02  2.42672377e-05 -3.83653380e-02
  1.21892884e-01 -3.70885730e-02 -9.74806212e-03  2.08962485e-02
  1.65499747e-02  8.02634936e-03  1.08661234e-01 -2.68134917e-03
 -9.03337374e-02 -6.44256622e-02 -7.20621785e-03  7.45483069e-03
 -3.25775258e-02 -9.69725847e-03 -5.02935052e-02  1.38923526e-02
  7.34133599e-03 -1.01315940e-03 -3.25277895e-02 -8.65605250e-02
 -1.18547074e-01 -7.47922156e-03  1.36593180e-02 -9.03000124e-03
  1.91004874e-04  2.41476167e-02 -2.74895243e-02 -8.50967597e-03
  5.28170466e-02  8.95335451e-02  4.51962417e-03 -5.65131053e-08
  2.49452926e-02 -2.98744701e-02 -6.40083989e-03  2.02869549e-02
  3.57953459e-02 -4.77359965e-02 -3.32608335e-02 -1.81850716e-02
  1.50317894e-02 -5.61361127e-02  5.54386303e-02 -1.07604079e-02
 -4.16993611e-02  8.15022215e-02  3.15343291e-02 -6.10933565e-02
  1.77851915e-02  6.47485331e-02 -1.68452207e-02 -9.94292554e-03
  6.78531602e-02 -3.30884121e-02 -5.29342853e-02 -6.48026960e-03
  3.28408778e-02  4.41366918e-02 -1.46743506e-02  2.60344036e-02
 -1.14280414e-02  2.55248249e-02 -5.11187948e-02 -4.44051810e-02
 -9.57222469e-03 -7.17772096e-02 -7.60794431e-02 -1.58685353e-02
 -3.08793988e-02  1.64298601e-02 -1.02612890e-01  3.35327163e-02
  1.32149503e-01 -3.16212103e-02 -5.20562455e-02  3.06450594e-02
  2.95730494e-02 -9.45710093e-02 -3.55332188e-04  3.86926979e-02
 -3.23060416e-02 -4.48056981e-02 -5.87927829e-03 -7.06295716e-03
  1.07343774e-03 -7.44652748e-03  2.65611289e-03 -1.09962784e-01
  6.92042410e-02  2.05863882e-02 -8.49156976e-02 -1.04019488e-03
  8.39711800e-02  6.42660037e-02 -9.99539439e-03 -6.04535826e-02]