[-3.10389744e-03  8.81151929e-02 -2.61168126e-02 -3.46634351e-02
 -2.21272521e-02 -1.79768652e-02  4.18031886e-02  1.01632290e-01
  7.02169165e-02  2.51999889e-02  6.96483180e-02  3.81036513e-02
 -2.13036668e-02 -4.06821035e-02 -8.52218717e-02 -5.84944673e-02
 -2.69299708e-02  2.26538535e-02 -4.32733409e-02  9.73716751e-02
  7.07471594e-02  1.95549875e-02  1.61497649e-02  2.12579146e-02
 -1.00576011e-02 -3.07697933e-02 -5.46838380e-02 -1.10858260e-02
  3.70535888e-02 -2.50483211e-02  8.08025673e-02  5.86316688e-03
 -2.31307317e-02 -8.18910375e-02  1.01688485e-04  7.78304646e-03
  4.49906401e-02 -6.70209005e-02 -6.08587936e-02  1.00610584e-01
 -6.45647645e-02  6.02884591e-02 -5.48049510e-02  2.21988913e-02
  1.70118101e-02 -2.63256337e-02 -1.19823463e-01  1.99099109e-02
  2.10976694e-02  6.98569566e-02 -9.43237841e-02  2.56045796e-02
 -1.94491893e-02  4.35767807e-02  1.26332641e-02 -4.64903377e-02
 -8.69130194e-02 -2.02955715e-02 -8.56963079e-03 -1.06337503e-01
 -1.92391388e-02 -2.09869184e-02  1.92802772e-02 -3.81644107e-02
 -2.62296349e-02 -6.07467163e-03  2.32926700e-02 -1.11225545e-01
 -3.40221338e-02  3.84179130e-02 -2.48513315e-02 -5.34145385e-02
  1.01540796e-01  9.70093757e-02 -9.24838185e-02  4.36899625e-02
  1.51096354e-03 -7.42561668e-02  8.60871747e-03 -8.53994861e-02
  1.00157596e-02 -3.33316997e-02  6.17011823e-02 -1.34220775e-02
  3.47116962e-02  1.15517117e-02 -2.20310297e-02  8.38442892e-03
 -5.78601249e-02  5.88140078e-03  5.39679974e-02  3.15018035e-02
  1.75211634e-02 -5.15462123e-02 -1.06469914e-02 -7.71254674e-03
 -1.92843713e-02  6.54997453e-02 -1.33034959e-02  1.86726209e-02
  6.95499172e-03  3.74153256e-02 -1.65354628e-02  7.38841072e-02
 -7.27918744e-02 -2.63566133e-02 -6.83968067e-02 -2.60334574e-02
  3.18075120e-02  3.56930345e-02 -1.06159672e-01 -4.58712280e-02
 -6.05680095e-03 -1.04222447e-01 -1.97488200e-02  4.96485718e-02
  1.88814395e-03 -2.34603211e-02  2.90565286e-02  3.11486404e-02
 -1.58131123e-02 -4.54444773e-02 -6.94552343e-03 -6.19723685e-02
  1.75880417e-02 -5.23544364e-02  5.37108853e-02  1.64749824e-32
 -5.40251955e-02 -2.08512321e-03 -1.86230987e-02  4.96040359e-02
  3.27464305e-02 -5.39063253e-02 -1.23478435e-01 -1.54982777e-02
  8.43262523e-02 -7.46959671e-02 -9.14917607e-03  2.86459224e-03
 -2.71754283e-02 -7.20848236e-03 -1.30500933e-02  5.41957542e-02
  4.24072444e-02  9.49308183e-03  1.94729306e-02 -7.46906921e-02
 -3.38611789e-02 -2.61202771e-02  6.62191361e-02 -2.33998373e-02
 -5.59620112e-02  4.40324694e-02 -2.26638783e-02  3.87711860e-02
 -3.52352858e-02  3.88629436e-02 -2.96291662e-03 -3.15709487e-02
  3.37787122e-02 -1.23980559e-01 -3.28285657e-02  8.36769491e-03
  1.87924076e-02 -2.08931207e-03 -6.96113929e-02 -1.19906068e-02
 -2.93565169e-02  2.44782027e-02  5.03416657e-02  1.63388327e-02
  2.83963177e-02  2.69485470e-02  1.23374708e-01  3.64404172e-02
  1.00606933e-01 -2.43125390e-02 -3.82173457e-03 -6.32478297e-02
 -4.74305004e-02 -6.19510934e-03  2.97101513e-02  5.87892309e-02
 -9.68660712e-02 -1.32116992e-02  2.76601799e-02  1.21949185e-02
  8.07030201e-02  3.39198112e-02  2.93945111e-02  3.27757820e-02
 -5.90837300e-02 -7.37882182e-02 -9.98837780e-03 -5.46273701e-02
  1.07915170e-01  7.98260234e-03 -5.24841584e-02 -2.44021825e-02
  3.69577482e-02  4.42624055e-02 -2.06269678e-02  6.00571819e-02
  3.37292664e-02 -8.57639778e-03 -5.27891219e-02  6.06762990e-03
  4.33384348e-03  4.81468663e-02  2.98589133e-02 -5.56071894e-03
  6.96423277e-02 -3.08842938e-02 -9.03698802e-03  3.26413177e-02
 -5.68655431e-02  8.19222555e-02 -2.52407026e-02  4.87184078e-02
 -2.32783961e-03  8.51797685e-03  7.66018126e-03 -1.84587511e-32
  2.00080406e-03  2.42839064e-02 -4.43239370e-03 -1.02181258e-02
  1.22673120e-02 -9.38207749e-03 -6.05867282e-02 -1.83662530e-02
  9.60753784e-02 -4.56726961e-02  6.14796393e-02 -5.33570088e-02
  1.46675676e-01 -1.20554427e-02 -4.62932959e-02  1.19169457e-02
 -3.34139764e-02 -6.16982132e-02 -6.21422045e-02 -6.43257722e-02
 -6.36994839e-02  4.51126210e-02  1.31349796e-02  3.56953889e-02
 -8.00939463e-03  6.15033247e-02  1.16185155e-02 -5.47966780e-03
 -5.13828285e-02 -1.02019481e-01  5.19626960e-02  1.04221879e-02
 -3.60789299e-02  4.66507860e-02  7.95502122e-03 -2.08278671e-02
  6.03584312e-02  1.41390506e-02 -7.56110027e-02  1.32675963e-02
  1.88690759e-02  6.05366267e-02  8.44354331e-02 -3.00554689e-02
 -4.82595479e-03 -6.62864596e-02  6.18531704e-02 -9.33153033e-02
  1.14514031e-01 -2.38075238e-02 -3.11338180e-03 -9.43325646e-03
 -9.97576639e-02  2.19291188e-02  7.40181729e-02 -2.37957165e-02
 -9.25567597e-02 -8.47654715e-02 -4.96691018e-02  2.09297277e-02
  8.39733630e-02  1.14716366e-02 -7.66498074e-02  7.95125514e-02
  1.29069194e-01 -3.44200805e-02 -5.44378087e-02 -7.71940276e-02
  2.35203803e-02  7.44647831e-02  6.95973262e-02 -8.51573348e-02
 -7.06157833e-02  1.84757747e-02  1.05731506e-02 -1.42256711e-02
 -9.74526722e-03  7.68718310e-03  1.11160977e-02  8.87751859e-03
 -4.37160507e-02 -7.91878104e-02 -3.06929275e-02  6.35064149e-04
 -9.88829061e-02 -1.02927104e-01 -5.53918295e-02 -1.45096024e-02
 -1.11289462e-02  4.52064164e-03 -4.65534702e-02  9.84260230e-04
  1.41891185e-02 -7.08978474e-02 -4.19307724e-02 -7.42275219e-08
  1.65234879e-02 -6.01669662e-02  3.13371569e-02 -3.80292721e-02
 -3.90970632e-02 -9.74933654e-02 -1.63353998e-02 -5.92886843e-03
 -4.60201316e-02  6.41757920e-02 -4.22329754e-02  1.12917848e-01
  3.73043446e-03 -3.29746082e-02 -3.62265222e-02 -2.43092496e-02
 -1.00939376e-02  1.09892897e-01 -7.23542599e-03 -4.41121347e-02
  3.63826565e-02 -1.09593272e-01  1.32843787e-02 -5.87502010e-02
 -2.60329098e-02  2.27200687e-02  2.42332853e-02  1.78560484e-02
 -2.82803364e-02  7.96430856e-02  1.04149822e-02 -2.17318768e-03
  5.21839745e-02 -5.71598187e-02 -7.00064003e-02 -4.47787456e-02
  5.21033406e-02  7.30748549e-02 -2.88699623e-02  8.84417072e-02
  1.30058929e-01 -5.53791337e-02  9.25262179e-03  2.30703168e-02
  1.63181666e-02 -4.14780080e-02  3.29356790e-02  6.44494444e-02
 -7.60481134e-02  1.00579706e-03  4.03096154e-02 -6.38982579e-02
  2.56046150e-02 -5.11841802e-03  1.19423168e-02 -5.70775159e-02
  1.57848895e-02  7.17150941e-02  4.85896394e-02  1.70739740e-02
  6.74785003e-02  1.83255244e-02  7.16484711e-03 -4.73731831e-02]