[-3.43244523e-03  8.60227570e-02 -2.48139556e-02 -3.92277502e-02
 -1.62699986e-02 -2.60743406e-02  3.96614671e-02  1.00377858e-01
  6.99338764e-02  2.56854426e-02  7.45451823e-02  3.58232930e-02
 -2.04677172e-02 -3.39639969e-02 -8.23754817e-02 -5.69026619e-02
 -2.86357664e-02  2.46883221e-02 -4.61215340e-02  9.47959423e-02
  7.37492889e-02  2.24430747e-02  1.72558371e-02  1.83065534e-02
 -8.06831010e-03 -3.46722789e-02 -5.70996813e-02 -9.75094084e-03
  4.12634686e-02 -2.90849078e-02  7.93352649e-02  4.57555987e-03
 -2.11647507e-02 -8.80380198e-02 -1.91842392e-03  1.22643979e-02
  3.74245308e-02 -6.83821142e-02 -6.31068200e-02  1.04063004e-01
 -6.20823428e-02  6.41813651e-02 -5.57356440e-02  1.70563720e-02
  1.10539645e-02 -2.19974611e-02 -1.21239819e-01  1.63732246e-02
  2.65634879e-02  7.14780241e-02 -8.87727067e-02  3.48407626e-02
 -1.66857075e-02  4.78447452e-02  1.53225260e-02 -5.36763258e-02
 -9.20216218e-02 -1.92179959e-02 -7.41877826e-04 -1.01446748e-01
 -1.33032715e-02 -1.71847753e-02  1.78762022e-02 -4.77310196e-02
 -2.27161571e-02 -1.13570560e-02  3.14939730e-02 -1.19759038e-01
 -3.52615900e-02  3.41494121e-02 -2.41222288e-02 -4.61192653e-02
  9.96184573e-02  8.87471661e-02 -8.84143487e-02  4.85622026e-02
  1.95467263e-03 -6.87434152e-02  6.17820350e-03 -9.00775492e-02
  8.52258131e-03 -3.26739773e-02  6.56274259e-02 -1.64772924e-02
  4.33086902e-02  1.62235890e-02 -2.91956421e-02  1.05695007e-02
 -5.28481416e-02  1.21276546e-02  5.30349687e-02  2.92844586e-02
  4.10607085e-03 -5.36000356e-02 -1.52096022e-02 -9.01694503e-03
 -1.68486927e-02  6.14112690e-02 -1.35714849e-02  2.07859725e-02
  5.34708053e-03  3.04558091e-02 -2.74510663e-02  8.13964382e-02
 -6.92627132e-02 -2.70510241e-02 -6.32624254e-02 -2.41055842e-02
  2.07645148e-02  3.55191827e-02 -1.00949749e-01 -4.30623144e-02
  2.24259752e-03 -1.00562401e-01 -2.15321723e-02  5.04005924e-02
 -3.90394055e-03 -2.76230313e-02  2.24871170e-02  2.71016210e-02
 -9.37226228e-03 -4.14825976e-02 -1.21566094e-02 -5.50393648e-02
  1.45290550e-02 -4.49631065e-02  5.30019403e-02  1.68657784e-32
 -5.01675382e-02  8.59972835e-03 -1.88209210e-02  5.12273125e-02
  3.36941704e-02 -5.08279502e-02 -1.26272097e-01 -9.07870848e-03
  8.10789391e-02 -7.54376873e-02 -3.03009991e-03  3.48711183e-04
 -2.78895553e-02 -2.03379411e-02 -1.65457018e-02  4.10112254e-02
  4.23346497e-02  7.33926520e-03  2.38433294e-02 -7.40215406e-02
 -3.18034068e-02 -2.76841652e-02  6.05822578e-02 -1.30125862e-02
 -5.51934689e-02  4.64548878e-02 -2.16542520e-02  4.17273417e-02
 -4.32282202e-02  4.16470766e-02  1.10000384e-03 -3.79634537e-02
  3.72996591e-02 -1.20704681e-01 -3.70344371e-02  2.13603070e-03
  1.94657445e-02 -3.00849578e-03 -7.40362182e-02 -7.37288408e-03
 -2.68741548e-02  1.93490274e-02  4.36286926e-02  1.28690507e-02
  1.83746200e-02  2.56117191e-02  1.28711075e-01  4.24219407e-02
  1.00743234e-01 -2.15242263e-02 -4.51361760e-03 -6.33326024e-02
 -4.95541990e-02 -1.25900470e-02  1.75080765e-02  5.63648120e-02
 -9.80571881e-02 -1.64861381e-02  3.06462478e-02  1.48741351e-02
  8.02438036e-02  3.94874737e-02  3.11921574e-02  3.42215970e-02
 -5.23413569e-02 -7.58426413e-02 -5.96369337e-03 -5.44780530e-02
  1.05437011e-01  5.05256886e-03 -5.32505475e-02 -3.20323296e-02
  4.05090973e-02  4.63549979e-02 -2.09478289e-02  5.48968613e-02
  3.71722654e-02 -1.66689744e-03 -4.40647379e-02 -9.91464942e-04
  3.76983592e-03  5.47857620e-02  2.41996907e-02 -1.11182518e-02
  6.55142516e-02 -3.23091932e-02 -8.45628791e-03  3.87260094e-02
 -6.42241985e-02  7.94492885e-02 -2.28049662e-02  4.23312634e-02
  3.97495879e-03  9.90580488e-03  9.18265246e-03 -1.85526451e-32
  2.69831903e-03  3.18911709e-02 -9.51816700e-03 -1.97068416e-02
  1.17397336e-02  1.70154311e-03 -4.53174226e-02 -1.39162866e-02
  8.97519067e-02 -4.45046201e-02  5.57084456e-02 -5.29582426e-02
  1.44928381e-01 -1.31700486e-02 -4.05566916e-02  1.31333331e-02
 -3.87022905e-02 -6.38414174e-02 -6.29291981e-02 -5.69160022e-02
 -6.32026047e-02  4.70442027e-02  1.33149307e-02  3.49444002e-02
 -1.54138673e-02  6.92577511e-02  1.68105311e-04 -5.55419223e-03
 -5.70138246e-02 -9.34703946e-02  5.08877970e-02  7.23062782e-03
 -4.06900011e-02  4.49886210e-02  4.91178641e-03 -2.93929707e-02
  6.06922656e-02  1.35395061e-02 -7.30947331e-02  7.34717073e-03
  1.80715304e-02  5.58346026e-02  9.47204307e-02 -2.25290321e-02
  1.54860306e-03 -5.50235882e-02  6.66575506e-02 -8.99808407e-02
  1.15731746e-01 -2.57751010e-02 -8.39327835e-03 -1.03327716e-02
 -1.00249656e-01  2.76783779e-02  7.16680065e-02 -1.80505831e-02
 -8.95863548e-02 -8.70941728e-02 -5.04149050e-02  2.77211815e-02
  8.94477516e-02  1.85318440e-02 -7.55325109e-02  7.56866559e-02
  1.34103507e-01 -2.40025558e-02 -5.50885089e-02 -8.43733028e-02
  2.44886167e-02  7.66791776e-02  7.16899335e-02 -8.12581331e-02
 -6.54082745e-02  2.04252824e-02  1.39156953e-02 -7.93457218e-03
 -7.06994813e-03  9.19335894e-03  5.00408560e-03  1.67709850e-02
 -4.76557985e-02 -7.20297545e-02 -3.22291926e-02  3.83628416e-03
 -1.01724245e-01 -1.11238867e-01 -4.54916134e-02 -8.46313499e-03
 -5.68650616e-03 -3.45060253e-03 -4.86024916e-02  3.83187248e-03
  1.96026582e-02 -6.84567168e-02 -3.13392803e-02 -7.55751586e-08
  1.70503594e-02 -5.81824258e-02  2.46967301e-02 -4.71055843e-02
 -4.00489941e-02 -1.01852499e-01 -8.36172141e-03 -3.31171416e-03
 -4.21713255e-02  6.88416287e-02 -4.84116711e-02  1.10423326e-01
  7.83280376e-03 -3.41138206e-02 -3.59100103e-02 -2.98186038e-02
 -2.45127846e-02  1.13384977e-01 -1.13861449e-02 -4.57446501e-02
  4.40563299e-02 -1.15795225e-01  1.92677937e-02 -6.14966787e-02
 -2.78049633e-02  1.89189427e-02  2.20421478e-02  1.21973557e-02
 -3.16903368e-02  8.53837878e-02  1.03373881e-02 -5.21988748e-03
  5.01880832e-02 -5.06814383e-02 -7.28509650e-02 -4.31073643e-02
  5.34562767e-02  8.12499374e-02 -2.38866657e-02  8.63246545e-02
  1.26541704e-01 -6.54521957e-02  7.22288666e-03  2.34801564e-02
  1.60193015e-02 -3.95232774e-02  2.39199381e-02  6.32352158e-02
 -7.23411590e-02  5.59941772e-03  4.33931127e-02 -5.98216094e-02
  1.60386711e-02 -8.50683264e-03  1.50690060e-02 -6.42231628e-02
  1.49770770e-02  6.29531145e-02  4.99277152e-02  3.79016600e-03
  7.46474713e-02  1.99683327e-02  7.21629756e-03 -4.91717979e-02]