[-1.54476110e-02  4.86185662e-02 -2.48878021e-02 -5.17888255e-02
 -9.32946219e-04 -1.09532671e-02  9.47691686e-03  1.63792402e-01
 -6.29493296e-02  3.65727507e-02  5.73381148e-02 -4.24305014e-02
 -1.09512126e-04  5.85714839e-02 -1.08102905e-02  8.80472921e-03
 -1.30425172e-03  1.57582499e-02 -1.26991281e-02  8.22640657e-02
  7.03889951e-02 -1.01994470e-01 -3.05349864e-02  7.15692192e-02
 -1.28760055e-01  3.41682285e-02 -3.98843028e-02  4.38548289e-02
 -1.04113901e-02 -4.38767597e-02 -5.69078177e-02  4.96044643e-02
  3.62798125e-02 -3.18854414e-02  1.19753461e-02 -7.32258186e-02
 -3.91157195e-02 -7.05699176e-02 -4.36140969e-02  4.24351543e-03
 -4.97751758e-02 -2.88396794e-03 -9.91400182e-02 -6.62170257e-03
  2.93866079e-02 -2.77360026e-02  1.12638660e-01  5.94781339e-02
  3.72689553e-02 -1.11201763e-01 -8.79240856e-02  3.88218020e-03
  3.09558380e-02 -5.70903979e-02 -2.49363389e-02  4.78049647e-03
  1.34191699e-02 -5.11335246e-02  3.72036248e-02 -3.26039493e-02
  4.97045070e-02 -5.23991585e-02 -5.58202751e-02  1.51151773e-02
 -3.12713045e-03  1.20218266e-02 -6.35872558e-02 -1.00904688e-01
 -7.83774257e-02  5.47249690e-02  7.63809755e-02 -6.98992386e-02
 -2.89303865e-02 -2.82743983e-02 -4.81225215e-02  7.48919398e-02
  2.80217193e-02  2.34614387e-02 -6.50495589e-02 -6.27602264e-02
  6.34421483e-02 -8.90173838e-02 -5.12913242e-02 -6.87973723e-02
  5.33534698e-02 -2.36627068e-02 -2.77713919e-03 -2.09818110e-02
 -1.82988495e-02  5.23986993e-03 -2.99674459e-02  5.50658852e-02
 -8.68000910e-02 -3.51752974e-02  1.15831150e-02  3.80266132e-03
  2.04055030e-02 -4.16202880e-02  3.47440355e-02  3.42235118e-02
  8.76903087e-02  3.99837978e-02 -8.55001211e-02  7.27690337e-03
 -6.48747757e-02  6.97831437e-02  2.65188962e-02  8.28669872e-03
 -1.70604736e-02  5.96655272e-02 -5.33302203e-02 -3.29593867e-02
 -5.83359562e-02 -1.67418867e-02 -1.22946054e-01 -1.75475031e-02
 -3.74889337e-02  3.69625315e-02  1.16357086e-02  2.13853810e-02
 -4.07599397e-02 -7.39724189e-02 -8.40448961e-03  1.44492351e-02
  7.91557655e-02 -4.41988744e-02  1.58567331e-03  1.32112341e-32
 -4.71155206e-03 -4.07664739e-02 -4.63698730e-02  7.56775541e-03
  2.61769574e-02  5.74694425e-02 -7.10563436e-02  2.39621662e-02
 -2.17036884e-02 -1.96188837e-02 -3.62116769e-02 -2.79071182e-02
 -5.24607673e-02 -8.95588845e-02  1.08162619e-01  6.69012871e-03
  1.22772809e-02 -8.70309249e-02 -6.13859333e-02 -2.34172624e-02
 -5.11520961e-03 -1.88789461e-02  3.72537449e-02  4.25813682e-02
  2.89581381e-02  1.49243951e-01 -2.50656735e-02 -2.70304568e-02
 -9.75004733e-02  5.24228588e-02 -7.83996508e-02 -4.01485488e-02
 -4.57409844e-02  5.31252213e-02 -2.72931829e-02 -7.16008097e-02
  4.88218926e-02 -2.85967104e-02 -6.13033324e-02  2.61953808e-02
 -1.56295672e-02 -2.15804912e-02 -4.14272631e-03 -3.44979428e-02
  2.19494961e-02 -2.04690825e-03  2.22959183e-03  1.28498608e-02
  1.12798266e-01  6.79704025e-02 -4.33659367e-03 -6.25542551e-02
 -3.51529196e-02 -7.85474554e-02  5.77182323e-03  1.67190712e-02
 -4.30445261e-02  2.12890077e-02 -3.46634239e-02  3.14977728e-02
 -1.57341324e-02 -3.52656804e-02 -3.81319113e-02  4.39348668e-02
 -4.00115103e-02  1.21260032e-01 -5.42051494e-02  3.05805989e-02
  6.90085217e-02  4.75022197e-02 -4.90667634e-02 -1.17304260e-02
  3.52390646e-03  1.70668727e-03  2.74951831e-02  3.92249860e-02
  2.00402159e-02  1.12684816e-02 -4.92480360e-02  7.17389509e-02
 -7.19117448e-02  4.81422357e-02  9.29408055e-03  8.44196603e-03
  7.56969973e-02  2.62173098e-02  3.68259512e-02  6.89753070e-02
  2.51377169e-02  3.88075188e-02  8.32204241e-03  3.55358273e-02
  3.20194624e-02 -4.98313718e-02  2.96171065e-02 -1.34908298e-32
 -1.16025144e-02  3.22032534e-02  4.67188768e-02  3.33011374e-02
  6.95712725e-03  1.43730482e-02 -5.47621436e-02 -4.54478003e-02
  4.00791131e-03 -6.05126694e-02 -5.51675819e-02 -3.67712639e-02
  6.77952245e-02 -8.03370103e-02 -6.23914152e-02  3.79122868e-02
  2.33646203e-02 -8.05553198e-02 -1.28516346e-01 -5.16688786e-02
  6.36422113e-02  6.97785169e-02  6.79508895e-02 -3.98242772e-02
 -2.72216666e-02 -2.11909451e-02  6.57956721e-03  3.98406871e-02
 -3.08949780e-02  2.04531327e-02 -9.64518078e-03  4.34511080e-02
 -6.23930991e-03  7.77878761e-02  9.15863179e-03  5.34316897e-02
  3.30950432e-02  3.58122475e-02 -1.46247214e-02  1.41943112e-01
 -3.66403013e-02  3.60980034e-02  4.51117083e-02 -7.52345249e-02
 -8.06131866e-03 -4.52584103e-02 -2.97781583e-02 -1.21646419e-01
  4.52049337e-02 -5.50455973e-03  8.23635235e-02 -3.94846238e-02
 -2.77994908e-02  2.06564497e-02 -8.65687267e-04 -8.40097144e-02
  5.77832796e-02 -2.93205921e-02 -5.33478931e-02 -1.27505055e-02
  1.39885440e-01  3.86700109e-02 -7.18034655e-02  1.95723493e-02
 -1.10993804e-02 -2.91740894e-02 -2.30457410e-02  2.20908783e-02
  2.06824262e-02  1.03720911e-01  1.99337415e-02  2.43876539e-02
 -4.89936136e-02  6.59085363e-02 -5.94403036e-02  4.22176830e-02
 -4.85237390e-02  9.16814804e-02  7.82142878e-02  6.50732219e-03
 -3.77666764e-02 -3.68925966e-02  5.26970020e-03  9.72354505e-03
  2.64789164e-02  4.82485555e-02 -5.81194907e-02 -6.82990626e-02
  5.88019006e-02 -1.80318430e-02  5.45416363e-02  8.26504081e-02
  3.41643542e-02 -8.96161981e-03 -4.22276221e-02 -6.14982554e-08
  4.14208770e-02 -2.97454819e-02 -3.53118815e-02  4.83145379e-02
  6.76314980e-02 -5.01395389e-02 -4.26808605e-04 -6.88976571e-02
 -1.47935366e-02  2.79029980e-02  6.09488748e-02 -5.09236678e-02
  5.29679917e-02  6.76055206e-03 -7.01879011e-03  3.64975147e-02
  3.99213135e-02  3.09575349e-02 -9.05006565e-03  1.69087551e-03
 -2.15836912e-02 -1.93500984e-02 -1.07583106e-01  1.20737602e-03
  6.48263423e-03 -9.32274163e-02 -8.74978304e-02 -2.80664060e-02
  3.47839445e-02 -1.00634061e-02 -3.45459133e-02 -4.40125912e-02
  4.06235419e-02 -6.65500686e-02 -1.17325215e-02 -3.81461680e-02
  4.18776684e-02  1.83750987e-02 -5.43880127e-02  5.57373874e-02
  1.34357825e-01 -1.17867794e-02 -3.56423929e-02  4.68959613e-03
 -1.03023592e-02  3.01897787e-02  2.31222855e-03 -6.56962767e-02
 -1.62346214e-02  4.74155433e-02  2.31055245e-02  5.66750467e-02
  2.12439243e-02  6.75724298e-02 -2.11157911e-02  3.57506722e-02
  3.69694978e-02  1.44128986e-02 -1.06919773e-01 -3.14805396e-02
  3.69887240e-02  9.76090729e-02 -4.46903743e-02 -3.01979147e-02]