[-1.15738064e-02  5.53531237e-02 -7.80194998e-02 -6.36188835e-02
 -2.41086669e-02  6.66368380e-02  9.18250997e-04  7.32719973e-02
  7.32710259e-03  1.19537398e-01  1.19896404e-01  2.52177082e-02
 -1.00099206e-01 -1.51147309e-03 -1.75616052e-02 -2.81372089e-02
  6.54659569e-02 -2.10187603e-02 -4.10545394e-02  2.98629813e-02
  1.20417029e-01 -1.14623951e-02 -2.76425760e-02  6.43967092e-02
 -8.74025151e-02 -2.15401612e-02 -2.58043874e-02 -5.19409478e-02
 -1.66684724e-02  1.10258562e-02  1.69009827e-02  2.64088418e-02
 -6.71950495e-03 -3.94998305e-02  4.32305001e-02 -1.83839500e-02
  8.72877389e-02 -3.42157744e-02 -2.35354193e-02  2.71226466e-02
  2.73194513e-03 -2.66629625e-02 -9.35759619e-02 -4.44594622e-02
  3.30048613e-02 -7.43194483e-03  2.10006740e-02  1.27936257e-02
 -8.73902142e-02  5.16733062e-03 -5.01500368e-02 -2.55772974e-02
  1.42202331e-02  2.85317693e-02  2.06599385e-03 -6.79276511e-02
 -6.85019139e-03  2.36590933e-02  8.21719598e-03  4.59463103e-03
 -7.12301135e-02  3.71164568e-02 -6.31246120e-02 -1.66191068e-02
  5.24926931e-02 -2.01694258e-02  6.25096038e-02 -3.70555893e-02
 -3.19087692e-03  2.59665139e-02  5.61474636e-02 -4.52024117e-02
  5.62767312e-02 -4.21453677e-02 -6.76433519e-02  7.90585428e-02
 -5.00463368e-03  1.10301092e-01  1.77929439e-02 -1.64413571e-01
  4.23455425e-02 -3.02397627e-02 -1.17385797e-02 -4.09445837e-02
 -2.10307632e-02 -5.68876639e-02 -1.82219446e-02  6.39325678e-02
  8.32996890e-02  4.09215242e-02  8.48207623e-02  1.07924312e-01
  2.77633332e-02 -3.55845466e-02 -4.22651181e-03  9.78463143e-03
  1.75241509e-03 -8.33173096e-03  9.35936868e-02  2.85787997e-03
  7.91109428e-02  3.88376117e-02 -1.69728491e-02  3.22341733e-02
 -1.33169210e-02 -1.09842727e-02  1.24187060e-02 -2.65184790e-02
  3.38292532e-02  5.54165132e-02 -5.82204983e-02  1.70000531e-02
 -5.58209652e-03 -6.03849478e-02 -6.46982864e-02  2.27396819e-03
 -6.46433160e-02  1.31777944e-02  2.98206713e-02  3.73114599e-03
  4.39468771e-02 -3.38731706e-02 -9.06448346e-03 -3.92245911e-02
  5.57590127e-02 -1.65758729e-02 -3.54044186e-03  1.12159514e-32
  3.18778828e-02 -1.06844552e-01 -3.82343829e-02 -4.31362018e-02
 -7.54827186e-02  3.20144668e-02 -2.35918257e-02 -1.59534775e-02
  4.75841612e-02 -3.89876962e-03 -4.32157926e-02 -2.47532502e-02
 -3.60243805e-02  2.03408990e-02  6.47146478e-02 -1.40144862e-02
  1.11272866e-02  4.37820591e-02  2.89585944e-02  5.33598326e-02
  2.79358793e-02 -8.08998570e-03 -2.28711963e-02 -2.42372742e-03
 -1.89409368e-02  6.91859052e-02 -7.89717212e-02 -1.00703221e-02
 -8.89890566e-02  2.34140679e-02  8.39865655e-02  1.60142779e-02
  5.02796993e-02 -7.40723498e-03 -6.33485988e-02  1.24254497e-02
 -1.51838595e-02  2.88131777e-02 -7.40199396e-03 -6.01255521e-02
 -2.27114707e-02  4.96386085e-03  4.80600148e-02  7.71388263e-02
  2.62798201e-02 -1.16161466e-01 -5.24193980e-03 -3.91757227e-02
  2.19547860e-02  7.12127239e-02 -1.05599184e-02 -1.96765941e-02
 -3.62167545e-02 -6.66393414e-02 -4.87694256e-02  2.04298161e-02
 -1.01060666e-01  1.63934696e-02 -1.17483940e-02 -6.18861429e-02
 -6.69039134e-03  8.61119386e-03 -7.84674361e-02  2.32155826e-02
 -5.67426421e-02 -5.14126681e-02  3.59225422e-02 -1.99590307e-02
  1.15676165e-01 -5.77632152e-02 -9.75773260e-02  1.20674223e-02
 -6.11855974e-03  4.87776250e-02  2.47269031e-02 -2.47145016e-02
  7.12386295e-02 -2.14779917e-02 -8.04791600e-02 -2.26924866e-02
 -1.66834705e-02 -4.21441253e-03 -3.05268988e-02 -2.33846847e-02
  8.51911083e-02  5.34391031e-02  1.31764449e-02  5.70429340e-02
  2.42268220e-02 -2.09698416e-02  7.57666603e-02  1.71716083e-02
 -1.55714676e-02  3.90530191e-02  9.34252515e-02 -1.33096303e-32
  3.03057898e-02  2.43045911e-02 -5.36927618e-02 -2.90965606e-02
  2.70404518e-02  3.55073735e-02  1.82762975e-03 -5.45324013e-02
 -2.54056789e-02 -1.36885867e-01 -2.94250157e-02 -1.48383528e-01
  8.64310339e-02  3.02221421e-02 -8.43782350e-02  3.67214903e-02
 -7.90090337e-02 -3.30331586e-02 -3.85640860e-02 -4.31063361e-02
  3.66816446e-02  4.33804207e-02  4.28445451e-02  2.61461120e-02
 -4.69953567e-02 -8.26092362e-02 -3.80001701e-02 -4.70029563e-02
 -5.17738871e-02  2.09518429e-02  2.00966299e-02  3.44552565e-04
 -1.99852008e-02  1.01590581e-01 -4.85301530e-03 -7.46387318e-02
  7.87680894e-02 -6.39267862e-02 -5.44978753e-02  5.91463000e-02
  5.26100434e-02  1.37851238e-01  3.13486718e-02 -2.26921663e-02
 -6.05790727e-02  5.36249317e-02 -1.15470517e-04 -1.07999846e-01
  1.91159379e-02 -6.90166205e-02  7.67118409e-02  3.47078848e-03
 -1.72405969e-02  3.99051560e-03  1.16023518e-01 -3.00168805e-02
 -8.15802626e-03 -9.17761549e-02 -1.19898193e-01  1.73501018e-02
  5.42239025e-02  3.73028703e-02 -3.82350832e-02 -1.31002078e-02
  1.15824275e-01 -4.31705639e-02 -3.86350304e-02 -5.76676521e-03
  9.80391502e-02  7.13704666e-03  5.19291945e-02 -6.60763457e-02
 -7.36836493e-02 -3.13818604e-02  2.23143958e-02 -3.54816020e-02
 -2.80106552e-02 -1.44650025e-04 -5.06465584e-02  3.39065157e-02
  2.91374661e-02  1.24001447e-02 -1.78307593e-02 -2.08481476e-02
 -4.38495353e-02  1.42840333e-02  1.52822444e-02 -1.60483457e-02
  4.77833906e-03  6.95824474e-02 -5.56215420e-02 -1.10336319e-02
  4.56117615e-02  4.67975102e-02 -3.53020579e-02 -6.71983216e-08
  5.29868379e-02 -5.74339628e-02  2.26110965e-03  3.88092101e-02
 -8.98291729e-03 -5.91362007e-02 -1.42150484e-02  7.17625581e-03
 -5.35905361e-02  1.56323966e-02  1.05155014e-01 -7.82165118e-03
 -8.97238180e-02 -7.63518289e-02 -2.04945598e-02 -4.52955328e-02
  2.20498256e-02  4.88312617e-02 -3.05544026e-02 -2.42860187e-02
  2.05981042e-02 -2.48784535e-02 -1.01215370e-01 -3.09126772e-04
  7.94214755e-02 -1.63723286e-02 -1.09964870e-02  1.92605816e-02
 -2.68149413e-02  6.07351437e-02 -4.93127033e-02 -4.47872132e-02
  5.93331456e-02 -9.17922258e-02 -7.67437518e-02 -3.47722918e-02
  4.26391177e-02  7.63881132e-02 -2.83465581e-03  9.60522331e-03
  6.54301122e-02 -3.94737273e-02 -1.78363416e-02 -1.46556646e-02
  1.50305144e-02 -6.23183474e-02 -6.66384771e-02  2.85151135e-02
 -5.91837056e-03 -2.87092589e-02 -6.46946207e-02 -9.01121181e-03
  6.75322264e-02 -1.76510140e-02  1.82962548e-02  1.24341547e-02
  4.52376939e-02  3.05599272e-02 -8.12707022e-02 -6.09021857e-02
  1.22381359e-01  5.28174751e-02  5.25745042e-02 -4.12764773e-02]