[-5.67301922e-02 -1.17738107e-02 -1.01070210e-01 -6.18755491e-03
 -8.40050727e-02 -3.66128162e-02  1.00254333e-02  1.25164196e-01
 -3.92451845e-02  9.13774520e-02  9.36342031e-02 -8.98162574e-02
 -1.55682871e-02 -3.77822551e-04 -5.49792275e-02 -9.80155449e-03
 -1.22605730e-02 -5.61299315e-03  1.24907866e-03  6.31298870e-02
  8.48613828e-02 -5.13788015e-02 -4.17970903e-02  2.96355803e-02
 -7.99607262e-02  1.86283961e-02 -2.42244042e-02 -1.92051381e-02
 -7.92836547e-02 -2.99269743e-02 -1.67504121e-02  4.09040004e-02
  1.28859773e-01 -2.99136285e-02  2.52199657e-02 -4.97837439e-02
  3.39973159e-02  7.68067967e-03 -1.77301094e-03  5.56777045e-02
 -4.23272364e-02 -1.41305253e-02 -9.43269208e-02 -2.04692613e-02
 -2.69881617e-02 -5.77279180e-02  3.37539054e-02  5.67575209e-02
  1.73065159e-02  1.41969910e-02 -4.85660955e-02  3.19357663e-02
 -4.09697518e-02  1.50734661e-02 -1.93968285e-02 -3.71138006e-02
 -7.66003579e-02 -5.42966612e-02 -9.70039982e-03  7.08142743e-02
  1.25184068e-02  3.36289080e-03 -3.59104277e-04 -3.38841304e-02
 -1.02879629e-02 -1.24230050e-02 -2.64602574e-03 -6.50371835e-02
 -3.80050577e-02 -5.27153313e-02  3.43036503e-02 -6.46656230e-02
  2.42443867e-02  8.74361768e-03 -7.31886774e-02  1.17183380e-01
  2.81584281e-02  1.40321087e-02  3.72992381e-02 -1.11600734e-01
 -2.24602949e-02 -5.07241264e-02  2.94459052e-03 -1.60428211e-02
  5.05209640e-02 -6.00882201e-03  4.73294295e-02  2.54374631e-02
 -7.43576605e-03  2.24342123e-02  5.90205714e-02  9.24486741e-02
  1.46094314e-03 -3.35457399e-02  4.57788408e-02  1.40135968e-02
  4.02186140e-02 -5.32423556e-02  1.16449296e-01 -2.17628684e-02
  6.63089603e-02 -1.92085430e-02 -1.64960455e-02 -4.75703664e-02
 -6.04271032e-02  7.89924990e-03 -2.26054359e-02 -6.15388229e-02
  7.23013058e-02  8.81166756e-02 -7.87489861e-02  3.27768102e-02
 -9.38713253e-02 -8.77314620e-03 -8.53984058e-02  4.20306735e-02
 -8.96035209e-02  1.29880453e-03  2.46121269e-02  6.83845114e-03
  3.57507057e-02 -6.04256876e-02 -3.28609645e-02 -7.09702745e-02
  5.00630327e-02  1.75390653e-02  7.48214871e-02  1.26224319e-32
 -9.37227905e-02 -4.68255728e-02 -4.81680073e-02  9.92131978e-03
 -5.16419187e-02  7.24797323e-02 -9.14114937e-02  3.42697687e-02
 -3.41089256e-02 -5.82163036e-02 -5.66259436e-02  4.89243455e-02
 -5.89967482e-02  4.75343354e-02  1.00594290e-01  4.67339940e-02
  4.73289378e-02 -9.67181921e-02 -3.74424122e-02  1.33569585e-02
 -2.00226530e-03  1.19626075e-02  8.35866481e-03  3.23233157e-02
  4.59367186e-02  1.32892877e-01 -5.46341054e-02 -6.94228038e-02
 -3.49165797e-02  1.72295459e-02  6.50729239e-03 -6.36817366e-02
 -3.58860544e-03 -4.88745011e-02 -8.22765082e-02 -3.58960754e-03
  3.64705212e-02 -2.49283179e-03 -9.40761939e-02 -1.38054285e-02
  7.02138543e-02  3.07636075e-02  4.75145653e-02  5.61809428e-02
  1.06668463e-02  4.04758528e-02  3.84560265e-02 -3.30756791e-02
  1.34707868e-01  5.37343845e-02 -8.12205821e-02 -6.42249659e-02
 -5.26012778e-02 -6.03643991e-03 -1.65149290e-02  1.91132147e-02
 -9.78934616e-02  3.13086659e-02 -1.23227593e-02 -4.73582633e-02
 -3.90025601e-02 -3.88568118e-02  1.66132338e-02  3.52183655e-02
 -1.41578931e-02  3.21654789e-02 -9.02417523e-04  5.14341071e-02
  7.90644661e-02  4.35315520e-02 -4.52194922e-02 -1.78215709e-02
 -2.08685603e-02 -2.39636768e-02 -6.52166754e-02  1.39595522e-02
  9.08684731e-02  9.28017590e-03 -1.12618111e-01  8.84863511e-02
 -1.49423210e-02  4.35413755e-02  3.18767764e-02  6.52743829e-03
  9.62178409e-02  3.32395807e-02 -1.76333953e-02  3.15617099e-02
  2.63548642e-02  1.66082196e-02  7.27011189e-02  9.03203487e-02
 -1.33569958e-02 -1.16874259e-02  2.77365670e-02 -1.44301982e-32
  7.29491143e-03 -9.05163679e-03  1.63316116e-04  2.26855092e-02
  9.36685409e-03 -3.42201702e-02 -6.85939565e-02  4.01241779e-02
 -6.08690605e-02 -1.65814698e-01 -9.42367092e-02 -9.10674483e-02
  5.79778068e-02  7.77072133e-03 -3.19009647e-02  4.47083302e-02
 -1.41324997e-02 -9.92267393e-03 -3.65542173e-02 -8.97466391e-03
  6.18612347e-03  6.90800622e-02  6.44275770e-02 -3.31475772e-02
  4.77779768e-02 -2.18523741e-02 -5.73497359e-03 -3.05974334e-02
 -8.87928307e-02 -3.33921388e-02  3.83900218e-02  4.48447354e-02
  1.15920641e-02  8.65832567e-02 -1.81976110e-02 -4.84032035e-02
  6.89077675e-02 -2.29904950e-02 -3.08196247e-02  1.38343424e-01
  4.96010259e-02  6.54989704e-02  1.01421243e-02 -8.50839242e-02
 -9.56665277e-02 -2.04401836e-02 -1.50181539e-02 -5.18448353e-02
 -8.27223901e-03 -6.86702728e-02  1.05704710e-01 -5.82088828e-02
 -6.58737868e-02 -5.51676862e-02  5.18873371e-02 -1.62856318e-02
  8.04986153e-03 -5.92125058e-02 -1.93049647e-02  8.18772241e-03
  6.79949969e-02  4.92011569e-02 -5.67112863e-02 -7.79118715e-03
 -1.67014599e-02  5.92480861e-02  3.26721482e-02  7.62350159e-03
 -3.34458724e-02  3.52828167e-02  9.05376449e-02 -5.05640693e-02
 -4.94434983e-02  2.43549459e-02 -3.89410108e-02  2.67090201e-02
 -1.03998095e-01  8.18722602e-03  7.96216354e-03 -1.67999435e-02
 -6.17259517e-02 -4.38656956e-02  1.30019896e-02  1.89153720e-02
 -5.91511689e-02  2.65918691e-02 -2.40218695e-02 -2.70099379e-02
 -3.06359343e-02  6.97181821e-02 -1.41093954e-02  1.32829314e-02
  3.10625844e-02  1.73841901e-02 -2.66550034e-02 -6.32879775e-08
  6.30309507e-02 -2.72324272e-02  2.90506911e-02  1.01926979e-02
  6.31620139e-02 -4.28844355e-02 -2.17031990e-03 -7.33063882e-03
  4.38026637e-02  7.36769140e-02  1.90127119e-02 -5.39227948e-02
 -4.16069441e-02  2.58721877e-02 -6.37216913e-03 -3.32786073e-03
  3.57243828e-02  1.05451837e-01  2.16045271e-04  1.29144732e-02
 -5.36930375e-03  1.48682564e-03 -7.58077428e-02 -3.31500471e-02
  3.71909729e-04 -4.37695757e-02 -3.06426012e-03  7.21471803e-03
 -4.28922288e-03  1.42260948e-02 -2.66769230e-02 -2.48283278e-02
  5.74090220e-02 -7.16933087e-02 -5.01397997e-02 -2.78070718e-02
  8.88018012e-02 -3.98970321e-02 -9.58766788e-02 -1.66464075e-02
  1.25361189e-01 -5.88265881e-02 -1.82551760e-02 -4.11654152e-02
  1.42804282e-02 -2.48790141e-02 -4.35809679e-02 -1.57977343e-02
  8.63840356e-02  5.61093027e-03 -3.97172607e-02  2.87447646e-02
  3.87836695e-02  2.84168422e-02 -5.87804653e-02  7.20680505e-03
  3.12964544e-02  3.18016112e-02 -5.05223610e-02 -5.84177524e-02
  6.62854537e-02 -2.13971771e-02 -1.50584299e-02 -3.26208621e-02]