[-4.94167358e-02 -3.30850706e-02 -6.90437183e-02 -8.65285993e-02
 -3.92082669e-02 -1.26428213e-02  3.26942541e-02  1.63015481e-02
  2.10265741e-02  3.11544482e-02  1.41569555e-01 -2.32975837e-02
  7.64391422e-02  1.56187313e-03  2.91982107e-02 -5.17561249e-02
 -1.97000206e-02 -2.37819441e-02 -7.58518279e-03  2.66431663e-02
  1.46183476e-01 -2.99720261e-02 -6.74294261e-03 -4.71883733e-03
 -1.70134250e-02  3.06056943e-02  6.27706572e-03 -2.02551670e-02
 -2.56934799e-02 -3.19344662e-02 -4.26932201e-02  1.07792318e-01
 -1.25011541e-02 -2.03322899e-02 -8.17991700e-03 -1.40731910e-03
  2.19211858e-02 -2.60930439e-03  3.02290381e-03  6.98940083e-02
 -2.35861763e-02  7.12456852e-02  6.70213718e-03 -7.58849159e-02
  7.72917271e-02 -1.58025026e-02  1.60659086e-02  3.20411697e-02
 -2.24135499e-02 -1.32612465e-02 -2.57379133e-02  1.64504014e-02
 -7.44033828e-02  7.09920153e-02  2.68527921e-02 -1.04860337e-02
 -4.31879386e-02  5.23233898e-02  6.43093314e-04  6.25032410e-02
  2.47502606e-02  1.36513226e-02 -9.62360799e-02 -2.37116851e-02
 -3.74159217e-02 -1.56011432e-02  1.28140906e-02 -3.33817489e-02
 -2.57099625e-02  2.71396246e-02  2.34851171e-03 -7.68624479e-03
 -3.19533013e-02  7.07439259e-02 -6.41478896e-02  1.09135367e-01
  2.95445626e-03  6.38750494e-02 -2.69116350e-02 -1.72345966e-01
  6.61258074e-03  2.50281822e-02  4.55832370e-02 -5.96933961e-02
  4.76987474e-02 -1.66776888e-02  1.32692568e-02 -2.25485605e-03
  8.97292867e-02 -2.40451954e-02  1.05612025e-01  3.51238064e-02
 -6.26123771e-02 -4.17205729e-02  3.79605964e-02  7.82722980e-03
 -6.51092157e-02 -7.02397004e-02  1.43489121e-02  1.05064474e-02
  2.73124315e-02 -4.60083187e-02  1.94719732e-02  6.74621612e-02
 -1.11959897e-01  8.11727531e-03  1.42983356e-02 -4.34993729e-02
  6.45334348e-02  8.50509852e-02 -1.37162820e-01 -8.32768390e-04
  2.32094508e-02 -1.18491491e-02 -3.83491740e-02  1.89929251e-02
  5.03384806e-02 -2.93469746e-02 -3.51411290e-03 -7.97630474e-02
 -7.41417846e-03  5.69005730e-03  4.90589030e-02 -1.71272196e-02
  1.73073425e-03 -6.40277937e-02  1.77799053e-02  1.09696802e-32
 -1.17292507e-02 -5.49070500e-02  5.32976072e-03 -2.45880913e-02
  3.29700932e-02  1.09802214e-02 -8.04006085e-02 -7.57949576e-02
  4.03693318e-03  2.35595386e-02 -4.13646400e-02  2.76777521e-02
 -4.81857546e-03  2.28802720e-03  1.08779468e-01  1.01185977e-01
  8.65664706e-02  4.83917166e-03  4.80019748e-02 -1.13441516e-02
 -2.63819490e-02  9.32306796e-02  2.66850982e-02 -2.83339564e-02
 -6.48504263e-03 -3.88030335e-02 -9.19374917e-03 -2.81507317e-02
 -1.10641181e-01  2.14457773e-02  6.36137277e-02 -5.32520972e-02
 -6.56266436e-02 -1.14342885e-03 -9.53099951e-02 -7.68666435e-03
  5.75633124e-02  1.19409040e-02  3.31842229e-02 -6.35363674e-03
 -8.33198894e-03 -7.64107564e-03  9.44928005e-02  9.71159786e-02
  3.97306383e-02 -6.49767816e-02  6.34074025e-03 -1.89428288e-03
  3.54837403e-02  4.34180275e-02 -2.57165488e-02 -8.56525544e-03
 -3.75772268e-02 -8.18976983e-02 -7.66100511e-02  6.52561635e-02
 -5.27241826e-02  7.16969743e-02  3.02312635e-02 -3.84722091e-02
 -2.49697398e-02 -8.81060734e-02 -3.17741744e-02 -9.35245603e-02
 -4.93138321e-02 -4.37561460e-02 -9.31660160e-02  5.62616885e-02
  1.20691203e-01 -4.26240973e-02 -5.06129004e-02 -1.24648558e-02
 -4.87035774e-02 -1.49471005e-02  4.60647643e-02  1.76908039e-02
  5.04794456e-02 -4.67825085e-02 -3.70431179e-03 -4.16879952e-02
 -3.73216160e-02  2.84228120e-02 -2.97319870e-02 -2.55980734e-02
 -4.80673388e-02  7.76769593e-03  4.51309457e-02 -2.35243812e-02
  4.70611453e-03  6.27635941e-02  1.29997294e-04  4.95561864e-03
 -1.45746414e-02 -2.52625886e-02  8.38458166e-02 -1.13131773e-32
  2.90505663e-02  2.05347948e-02 -3.39322500e-02 -3.85988057e-02
  1.96252968e-02 -3.69567946e-02 -2.10816809e-03 -4.57250886e-02
 -4.72958162e-02 -1.55841842e-01 -2.71976683e-02 -6.17666915e-02
  4.20480631e-02 -3.13993096e-02  1.23555968e-02  6.69668168e-02
 -6.45143241e-02  5.16035222e-02 -2.87984852e-02 -4.52531427e-02
  2.69172061e-02  3.96272726e-02  3.77218835e-02 -1.27041787e-02
  7.70913810e-03 -3.64099629e-02 -7.95634761e-02  3.69548053e-02
  2.56695785e-02  3.15860920e-02  2.66329627e-02  3.64076789e-03
  8.52148235e-03  1.27834126e-01  1.67318713e-02  1.36435786e-02
  8.83909389e-02 -7.15604564e-03 -6.17636330e-02  3.14366110e-02
  3.49713527e-02  1.02734864e-01  6.74113780e-02  2.12599570e-03
  4.68523689e-02  1.36132548e-02 -2.66664312e-03 -4.98186834e-02
 -4.89325412e-02  7.74229225e-03  7.09730461e-02 -9.32113361e-03
  2.18096357e-02  1.39969746e-02  7.19722882e-02 -6.76896423e-02
  5.40828444e-02 -4.06978503e-02 -1.86606973e-01  1.77045055e-02
  2.55987719e-02  2.52010934e-02 -1.07136704e-01 -7.98072964e-02
  7.60793388e-02 -7.37841753e-03 -3.39433514e-02  1.17283195e-01
 -3.16173993e-02 -1.18962452e-02 -4.37661037e-02 -7.08155185e-02
 -1.58766732e-02 -3.71109210e-02 -4.11090888e-02 -8.16626921e-02
 -4.12782049e-03  6.44301474e-02  1.00747747e-02  1.54711753e-02
 -1.13393471e-01  4.54253145e-02 -5.15590981e-02 -5.24480864e-02
 -2.48072054e-02 -2.89472956e-02  2.00498085e-02  3.97070386e-02
  1.43477872e-01  2.21375958e-03  1.46548832e-02  1.59190968e-02
  4.78734039e-02  8.70033109e-04  8.44929367e-02 -5.53878792e-08
  1.93990557e-03 -4.33545075e-02  5.22286706e-02  8.95997733e-02
  4.74156700e-02 -2.99882423e-02 -5.24926512e-03 -1.16524417e-02
  1.86543521e-02 -5.28526120e-02 -1.26192877e-02 -4.14037240e-05
 -4.85869572e-02 -1.38760088e-02 -2.00360920e-02  3.18792462e-02
  1.93573721e-02  6.33341670e-02  5.82245830e-03 -5.07678576e-02
  1.09162088e-02 -6.00754842e-03 -7.01540634e-02  5.31457774e-02
 -6.26383200e-02 -2.20983438e-02 -5.13828918e-02 -2.51921788e-02
 -4.76064533e-02  7.06548318e-02 -2.50686072e-02 -6.71955477e-03
  7.03408616e-03 -5.39945252e-02 -3.44431326e-02 -8.72990489e-02
  2.76441276e-02  8.29107016e-02 -3.15473229e-03  5.42721525e-02
  9.74560156e-02 -3.27425040e-02  7.97466561e-03  1.21767316e-02
  4.69233580e-02 -4.61811870e-02 -3.20262363e-04  3.96078043e-02
  7.34174922e-02 -4.65173461e-03 -4.44056951e-02  8.53923801e-03
  4.52181362e-02 -4.15861346e-02 -9.81995165e-02  2.05421168e-03
 -4.77635749e-02  5.48642948e-02  1.08340867e-02 -4.76286747e-03
  8.20546523e-02  4.64127138e-02 -3.57327424e-02 -2.67102383e-02]