[-3.60031881e-05  2.57231798e-02 -4.10427712e-02 -2.78520416e-02
 -4.84414026e-02 -1.06078200e-02  5.77313229e-02  9.54971910e-02
  3.86227071e-02  8.37197527e-02  9.72657502e-02 -6.76661497e-03
  1.39139229e-02  3.25733162e-02 -4.20958623e-02 -9.12850425e-02
  1.67349633e-02 -4.00763471e-03 -1.65579282e-02  8.15602019e-02
  1.23691976e-01  2.45382660e-03 -2.41203345e-02  5.63206039e-02
 -8.41964036e-02 -2.43742745e-02 -5.05367666e-02  1.26952231e-02
 -4.95046675e-02 -1.90771965e-03 -2.91970372e-02  7.78858736e-02
  1.09417863e-01  1.40925441e-02 -4.09290977e-02  4.70542349e-03
  5.38355522e-02 -4.98926714e-02 -7.06940070e-02  4.64461967e-02
 -9.23877880e-02 -1.95021834e-02 -6.71012551e-02 -3.85484239e-03
 -3.28119807e-02  1.38732127e-03 -1.56053407e-02 -2.58968557e-05
 -3.30674574e-02  6.43628277e-03 -1.13275528e-01 -2.99799480e-02
 -9.58436448e-03  8.91103689e-03  3.12536471e-02 -2.66460571e-02
 -3.43531482e-02 -4.32441942e-02 -6.77802488e-02  5.74195273e-02
  1.62495452e-03  1.03333192e-02  5.24828397e-03 -1.82560664e-02
  2.21434496e-02  4.66624759e-02 -2.40982659e-02 -5.16321883e-02
 -3.44251841e-02  3.35560814e-02  4.14508308e-04 -7.13796690e-02
  8.82708188e-03  8.67801532e-02 -6.31183907e-02  7.13132024e-02
 -4.65102820e-03  1.40426466e-02 -8.98458902e-03 -1.89456105e-01
  3.79800331e-03  1.51522066e-02 -2.67037340e-02  2.84665823e-02
  4.52199616e-02 -1.28168156e-02 -1.50272353e-02 -7.99607672e-03
  4.68975073e-03  6.43118983e-03  5.39400838e-02  4.77021523e-02
 -3.61544229e-02 -4.42396328e-02  3.29525359e-02 -4.07636836e-02
 -7.28322798e-03 -2.12803092e-02  3.67975347e-02 -1.81164581e-03
  5.08718640e-02  8.54003336e-03  6.16969280e-02  8.20698291e-02
 -1.20417796e-01 -2.95813978e-02 -7.50724971e-03 -7.72572979e-02
 -6.10880554e-03  1.18755750e-01 -7.53631964e-02 -2.88471975e-03
 -9.88608375e-02 -7.44637772e-02 -1.21222638e-01 -5.36546893e-02
 -1.79150663e-02 -3.73847932e-02  6.38792440e-02 -1.52172055e-02
  3.02387448e-03 -4.25132848e-02  6.89032525e-02 -6.28449246e-02
  1.54857310e-02 -9.95918587e-02  5.38334586e-02  1.18531656e-32
 -6.83359504e-02 -9.15879011e-03 -3.53561081e-02  2.32177060e-02
 -3.26670147e-02  6.27990961e-02 -6.56398013e-02  1.77272819e-02
  6.87886104e-02 -4.63723429e-02 -8.62248242e-02  7.07613230e-02
  4.96142590e-03  9.37399361e-03  1.00257985e-01  1.33097218e-02
  4.28255834e-02  8.44375864e-02 -1.13108139e-02 -2.03199927e-02
 -1.70945451e-02 -4.19696197e-02  1.63618214e-02 -3.64499278e-02
  1.20578539e-02  1.27947265e-02 -7.49551877e-02 -1.63881425e-02
 -5.12785427e-02  1.39482459e-02  8.49517882e-02 -3.18203904e-02
  4.26915176e-02 -6.64314106e-02 -8.48903805e-02 -2.93323472e-02
  6.76722312e-03 -1.67554971e-02 -5.64631447e-02 -2.70733144e-02
 -3.03949732e-02  3.37543972e-02  9.79501233e-02  4.46373858e-02
  1.03204306e-02  3.05869244e-02  1.93439592e-02  4.71887775e-02
  1.27059728e-01  6.82416931e-02 -1.83453392e-02 -4.07825112e-02
  1.07816665e-03 -5.37146479e-02 -2.83602206e-03  5.05989678e-02
 -2.86857504e-02  5.55554498e-03 -3.53459381e-02 -8.77864659e-02
 -1.23681501e-02 -9.71468724e-03 -1.68590900e-02 -2.40319911e-02
  1.58700347e-02 -3.99299785e-02 -5.04262513e-03  1.08356094e-02
  6.47472963e-02  1.96717102e-02 -1.09147012e-01 -1.70814544e-02
 -4.24705213e-03  7.32810646e-02 -2.57671196e-02  3.23036462e-02
  9.82295722e-03  5.08220494e-02 -6.73809126e-02 -1.70217059e-03
 -3.51829082e-02  1.83106028e-02  1.21046351e-02 -1.98632362e-03
  2.71488242e-02  6.73568025e-02  3.95343900e-02 -6.31519128e-03
  4.62039700e-03  9.98119563e-02  6.60512373e-02  1.00839548e-01
 -3.92510146e-02  6.31667972e-02 -1.64084155e-02 -1.35665552e-32
 -4.07254063e-02  2.15553176e-02 -7.67914727e-02  1.01857102e-02
 -2.35024355e-02 -1.03155086e-02  2.02085562e-02 -3.03256437e-02
 -6.77553862e-02 -1.67053878e-01 -1.90514065e-02 -1.24574162e-01
  2.12194994e-02 -3.09219249e-02 -3.59432362e-02  5.41851819e-02
 -8.37574899e-02 -3.10872365e-02 -2.70523746e-02 -1.45176181e-03
  3.06307003e-02  6.14259243e-02  5.05664479e-03 -3.32916155e-02
 -1.93547457e-02 -1.43414177e-02 -1.06795616e-02 -1.86898559e-02
 -6.00770600e-02 -1.25975432e-02  5.89465834e-02 -1.35734724e-02
  1.16179492e-02  1.06064640e-01 -2.22115628e-02 -2.13614851e-02
  5.82111813e-02 -3.08307763e-02 -3.14516723e-02  7.47128651e-02
  8.99752080e-02  1.22503251e-01  2.40370724e-02 -6.64832294e-02
 -6.12972714e-02 -3.59864607e-02  3.45538929e-02 -7.23736584e-02
  2.62426846e-02 -6.79201856e-02  9.47268009e-02 -4.65530455e-02
 -3.02986372e-02 -8.04593563e-02  6.09408133e-02 -1.71465671e-03
 -1.32627338e-02 -6.58608750e-02 -5.54030463e-02 -2.35785600e-02
  9.34457034e-02  2.20600106e-02 -7.80213624e-02 -1.53738046e-02
  5.91130294e-02 -6.62221620e-03 -4.69645811e-03  8.90018493e-02
  2.31906176e-02 -2.00864095e-02 -2.69696992e-02 -8.72571468e-02
 -4.17683609e-02 -7.65172094e-02  2.64852624e-02 -2.14490853e-02
 -4.66889609e-03  2.86866091e-02 -2.82618981e-02  5.22681810e-02
 -6.94703311e-02  4.70875250e-03 -2.39439886e-02 -9.25384928e-03
 -6.17863312e-02  2.78110318e-02 -2.58632898e-02 -5.76569373e-03
  2.86422241e-02  2.37673465e-02 -8.85988548e-02  7.01230913e-02
  1.18517084e-03  4.67983000e-02 -1.12651102e-02 -6.91598174e-08
  3.73796523e-02 -4.36430238e-02  4.62400243e-02  1.18467087e-05
  2.27531567e-02 -7.60228783e-02 -1.28765665e-02  3.39702182e-02
  9.40040872e-03  2.48815250e-02 -3.48481722e-02 -1.89366676e-02
 -1.16857924e-01  1.64466258e-02  4.94799353e-02 -8.13795999e-02
  1.93529371e-02  3.87779437e-02 -6.72975332e-02 -1.30561143e-02
  6.19093701e-02 -4.51084636e-02 -6.27151579e-02 -2.56329700e-02
  7.70760328e-02 -5.67869693e-02 -3.69172767e-02  9.66159999e-03
 -2.14582589e-02  5.70655651e-02 -3.17823440e-02  2.38945782e-02
  9.19184387e-02 -6.10788092e-02 -3.00973142e-03 -2.05504205e-02
 -7.92654324e-03  4.17663865e-02 -3.08297900e-03  7.04246685e-02
  6.95291907e-02 -2.80919969e-02 -3.10489330e-02  4.00486104e-02
  2.81834397e-02 -1.70742199e-02 -2.61684190e-02  8.20166692e-02
 -1.55241080e-02 -5.78881875e-02 -4.43499424e-02  6.70495909e-03
  7.78999850e-02  5.18354103e-02 -8.73781517e-02 -3.21877226e-02
  4.53096926e-02  5.67149408e-02  1.63167585e-02 -8.08876567e-03
  1.13587596e-01  2.58574598e-02  3.76013853e-02 -9.93123092e-03]