[-5.73798493e-02  9.53263231e-03 -1.05953313e-01 -1.38936296e-01
 -6.57043010e-02 -8.87453184e-02 -1.33529929e-02  7.00418875e-02
  1.49133345e-02  2.83671115e-02  6.46009520e-02 -2.25831028e-02
 -1.48859713e-02 -4.18618321e-02  2.29409989e-03 -5.47438599e-02
  2.03360785e-02 -5.50451614e-02  4.93640415e-02  5.34990430e-02
  7.23731518e-02 -7.51011670e-02 -6.24097548e-02 -9.95913148e-02
 -7.75341876e-03 -3.33530568e-02 -1.77126881e-02  7.40447547e-03
 -5.76832704e-02 -4.80805002e-02  1.19682336e-02  5.66090122e-02
  2.35246047e-02  1.45183373e-02  7.18512898e-03 -2.23002280e-03
  5.41594550e-02 -1.13507427e-01 -1.25735879e-01  1.14133218e-02
 -6.95925504e-02  8.15632567e-03 -6.57313764e-02 -2.06473693e-02
  3.78206037e-02  1.18000880e-02 -2.86909882e-02 -7.15571642e-02
 -2.23029405e-02 -5.25688417e-02 -8.32558796e-02  6.85795844e-02
 -4.44986904e-03  1.12108598e-02 -6.14799783e-02 -4.96997386e-02
  3.13264206e-02  1.89849753e-02  5.81660084e-02  5.83277717e-02
  2.43362021e-02 -7.02022156e-03 -6.42805127e-03  2.87579633e-02
  1.76526923e-02 -2.04019230e-02  3.72663960e-02 -1.16722755e-01
 -2.41411254e-02 -6.93618804e-02 -7.81037211e-02 -4.15518060e-02
 -4.39496003e-02 -5.67887016e-02 -6.08179979e-02  5.75742945e-02
 -8.17418918e-02  1.15601690e-02  5.16770072e-02 -1.53152302e-01
  4.44248691e-02  3.64540108e-02 -1.77397323e-03 -6.02977211e-03
  6.78488165e-02  5.56998476e-02  4.20967495e-04  2.42051333e-02
  4.25225534e-02 -5.91451162e-03 -5.42104943e-03  2.91617308e-02
 -9.44736879e-03  8.53048563e-02  4.20567282e-02 -6.43483326e-02
  9.29176658e-02  5.39129740e-03 -3.32080647e-02  6.46255240e-02
  4.82633188e-02 -1.40354428e-02  5.46539053e-02  6.65953681e-02
 -5.34421206e-02  2.64551602e-02  6.60412610e-02  2.67406274e-02
 -5.53185008e-02 -2.97576264e-02 -6.93325102e-02  7.30816089e-03
 -8.99029598e-02 -9.70151797e-02  1.45117845e-02  4.00007702e-02
 -1.83477420e-02  2.09291205e-02  6.86585754e-02 -2.46024355e-02
 -4.29245681e-02 -7.98449889e-02 -7.06681609e-02 -6.36121556e-02
  4.88288216e-02 -7.83067793e-02  2.99223363e-02  1.79862846e-32
 -1.07620709e-01 -3.67907658e-02 -2.07162108e-02 -5.22397412e-03
  2.17607170e-02  5.88413440e-02 -3.41978073e-02  3.17121074e-02
  3.73407938e-02 -1.16451584e-01 -7.14171166e-03 -3.97873446e-02
 -4.83027399e-02  8.08019564e-02  7.10492805e-02 -1.12345532e-01
  4.06545028e-02 -1.00762518e-02  1.24583738e-02 -4.31806184e-02
  4.16784175e-02 -7.85917267e-02 -1.99549831e-02 -6.25398681e-02
  4.25220048e-03  9.94213969e-02 -3.98197696e-02  1.43130738e-02
 -1.24654649e-02  1.96243376e-02  2.01795343e-03  7.88807776e-03
  4.99319918e-02 -2.90984567e-02 -6.24961294e-02 -1.12674283e-02
 -3.26720700e-02  4.80998168e-03 -1.91113092e-02  4.82546128e-02
 -4.66982797e-02  3.52974385e-02  2.99791563e-02 -5.82203381e-02
 -3.32611240e-02 -5.62203676e-03  3.18406783e-02  7.53460154e-02
  5.80950640e-03  9.41374972e-02 -1.02638617e-01  4.04166291e-03
 -4.01360802e-02 -3.13384235e-02  5.82270324e-02  3.82759683e-02
  1.82214472e-02  5.27613610e-02  3.44683342e-02  5.40016405e-02
 -3.05464007e-02  2.07857117e-02 -2.34339423e-02  3.20231207e-02
 -3.41640003e-02 -1.01817995e-02  1.95463691e-02 -3.24237645e-02
 -2.48206872e-02  7.89694581e-03 -3.86729874e-02 -3.61977634e-03
  4.79486771e-02  1.58512816e-02  5.34827169e-03  2.71913391e-02
 -7.21576512e-02  2.65113562e-02 -1.34570837e-01 -1.54063422e-02
 -6.11832961e-02  6.64736191e-03 -6.79914746e-03 -2.94234361e-02
 -3.37957852e-02 -1.26252568e-03 -1.84282977e-02  4.87989858e-02
  4.39858884e-02  4.28225920e-02  1.78039260e-02  3.80497091e-02
  4.06535789e-02  4.22909297e-02 -2.11577099e-02 -1.65849984e-32
  2.33093699e-04 -6.37560198e-03 -3.54287550e-02  4.65469547e-02
  3.25439987e-03  1.37447715e-02  2.23679226e-02  3.37107369e-04
 -3.19997966e-02 -1.22678459e-01  2.04724856e-02 -3.69265722e-03
  1.74331255e-02 -1.83528867e-02 -3.49801108e-02  3.45468074e-02
 -6.82621896e-02 -1.11448064e-01  6.55287411e-03 -4.01621824e-03
  6.77421456e-03  7.29416311e-02 -6.33870112e-03  9.49127134e-03
  1.67145617e-02 -9.71314125e-03 -9.66530852e-03  3.15937363e-02
 -4.85642999e-02 -4.58961278e-02  6.37007970e-03 -1.21381776e-02
 -8.76902137e-03  1.16451502e-01  1.23673774e-01 -5.22813909e-02
  1.17228627e-01  2.71345824e-02 -1.32265221e-02  7.27165490e-02
  7.47259259e-02  1.16281323e-01 -2.07873690e-03 -2.71082055e-02
  4.78560962e-02  7.06151649e-02 -3.23937200e-02 -7.79243261e-02
  5.20344786e-02 -5.06472103e-02  2.54774075e-02  2.37742867e-02
  1.52707566e-02 -4.89645787e-02  3.36003006e-02 -3.38981822e-02
  3.25459577e-02 -8.31302162e-03 -5.16893528e-02 -2.56829709e-02
  1.08715281e-01 -8.78952094e-04 -1.24361254e-02 -4.94625494e-02
  8.92530978e-02  9.53635853e-03 -6.83922246e-02  1.50095031e-01
  4.47988138e-02 -2.13027950e-02  3.73238772e-02 -8.72336775e-02
  5.21662943e-02 -7.71913724e-03  1.84474997e-02 -8.02310407e-02
 -4.35398240e-03 -3.78107233e-03  9.13648307e-03  3.13148648e-02
 -3.16674598e-02 -2.31891125e-02  8.63383617e-03  3.09400111e-02
 -1.00397825e-01  4.19145748e-02 -2.33275983e-02 -5.54386750e-02
 -3.67633271e-04 -4.68069464e-02 -1.28700016e-02  3.52280289e-02
  3.37562826e-03  1.43868536e-01 -1.93960629e-02 -7.13758581e-08
  5.77574188e-04 -4.85992953e-02  1.14718722e-02 -3.23100612e-02
  2.44979057e-02 -8.91278312e-02  3.74074988e-02 -5.65432236e-02
  6.41193911e-02 -1.54282600e-02  3.09745409e-02 -1.03404425e-01
 -3.41104716e-02  4.28644679e-02  8.10810030e-02  2.72056386e-02
  4.51123230e-02  6.66934252e-02 -4.18778928e-03 -4.18814197e-02
  7.49326572e-02 -3.73147875e-02  1.90548915e-02 -3.27052437e-02
  1.12450449e-02  2.68348958e-04 -5.15873171e-03  4.49346825e-02
 -8.51336122e-03  3.70702543e-03 -9.57832262e-02  7.86924586e-02
  4.98388186e-02 -6.84964508e-02 -2.90102046e-02  2.60459520e-02
  1.51026025e-02  7.43318871e-02  7.88302720e-02 -9.99834202e-03
  4.09844741e-02  8.38940591e-03 -2.99369209e-02 -7.06735402e-02
  7.34047890e-02  1.97309116e-03  2.31182184e-02 -1.25721237e-02
  1.50196636e-02  1.83517076e-02 -5.22665046e-02  8.22180435e-02
  5.25610261e-02  4.24533561e-02  4.47833240e-02 -7.35813528e-02
 -1.11837611e-02  3.21852751e-02  7.77320489e-02  1.73111744e-02
  4.35419828e-02 -3.78808501e-04 -1.27141140e-02  3.39094959e-02]