[-6.47353157e-02  4.70315591e-02 -6.67124242e-02 -8.38356912e-02
 -3.08558885e-02 -4.26932750e-03  9.23064444e-03  7.96833113e-02
  1.08631188e-03  3.68094370e-02  7.31294975e-02 -9.08574611e-02
 -2.89536826e-02 -1.96860190e-02 -4.74009886e-02 -1.58619732e-02
  1.61005985e-02 -1.85832400e-02  7.31320232e-02  4.54485677e-02
  9.93916616e-02 -2.94594765e-02 -1.00776725e-01  5.66001311e-02
 -9.74809527e-02  8.79170522e-02 -4.66889925e-02  5.42877950e-02
 -4.83043194e-02 -4.83720154e-02 -2.25794092e-02  5.06810695e-02
  7.88654536e-02 -1.22101689e-02  2.44276989e-02 -1.74343027e-02
 -2.76188888e-02  2.61600260e-02  4.33689281e-02  1.31483197e-01
 -1.58463765e-04 -2.79126130e-02 -7.10499063e-02 -3.90972346e-02
 -1.81268086e-03 -3.18065323e-02  6.38730526e-02  6.51408657e-02
  1.33171249e-02 -4.26089540e-02 -1.52575690e-02  8.79115686e-02
 -5.77303506e-02 -4.44122516e-02 -3.91027853e-02 -7.22251907e-02
  4.69192350e-03 -2.77174432e-02  6.18831813e-02  8.81876517e-03
 -6.56760186e-02  1.20634967e-02 -7.09220544e-02  3.76761518e-02
  2.68316232e-02 -6.49156198e-02 -3.57236639e-02 -5.58608845e-02
 -2.18855124e-02  3.70521657e-02  8.10681432e-02 -5.60903475e-02
  8.81909393e-03 -8.93907696e-02 -7.09683076e-02  1.66151479e-01
 -4.38594352e-03  2.79844329e-02 -3.65159400e-02 -1.21233456e-01
  2.47968826e-02  1.98132899e-02  5.28854169e-02 -6.64835945e-02
 -2.68276688e-03 -3.28070447e-02  3.40015553e-02 -3.61399055e-02
  3.81810106e-02 -4.30762097e-02  2.81602778e-02  5.13523631e-02
 -6.31868467e-02  3.53600048e-02  3.79889086e-02  7.87471309e-02
  3.71344909e-02 -4.60210741e-02  8.16853121e-02 -1.75064262e-02
  4.69575971e-02 -4.76348549e-02 -7.82616884e-02 -2.17117695e-03
 -3.06498054e-02 -2.55479291e-02  5.64719411e-03 -4.92927134e-02
  7.30860755e-02  1.08271398e-01 -7.02452585e-02 -2.17257347e-02
 -9.21933129e-02 -2.68820133e-02 -3.00567914e-02 -2.80186161e-02
 -2.68172901e-02 -9.94300749e-03  8.04206729e-03 -1.08853364e-02
 -5.57531323e-03 -1.05159722e-01  1.14337215e-02 -5.14543205e-02
  7.37654120e-02 -3.72339250e-03  1.25075251e-01  1.17458026e-32
 -9.65012982e-03 -6.92629293e-02 -3.44734900e-02 -3.21588032e-02
  1.42423240e-02  7.29813278e-02 -1.31866544e-01  1.46913407e-02
  1.65572576e-02  6.46082461e-02 -7.76263326e-02  8.00421238e-02
 -9.52593088e-02  6.02563098e-02  3.73109132e-02  1.75948571e-02
  1.35224104e-01 -9.22612846e-02 -3.65001969e-02 -8.64119232e-02
  1.29552791e-02 -2.21213512e-02  8.10232479e-03  4.16035252e-03
  8.74777138e-02  1.57917753e-01 -4.35122708e-03 -4.00391519e-02
 -8.35796595e-02  4.45796214e-02  1.50824487e-02 -6.87763020e-02
  7.34060705e-02 -3.13963764e-03 -3.27948444e-02 -3.27340253e-02
 -3.16016860e-02  3.39514092e-02 -7.45613798e-02 -2.86498666e-02
 -2.28495020e-02 -3.20809856e-02  2.99251284e-02  1.11254947e-02
 -1.06935408e-02 -5.80106489e-02  3.57171819e-02  1.04590626e-02
  3.74441594e-02  7.90769830e-02 -8.03036541e-02 -2.95991357e-02
 -2.63562929e-02 -1.26027677e-03 -3.09191342e-03  2.49472857e-02
 -9.34316069e-02 -4.00622226e-02 -2.72919796e-03 -2.83557344e-02
 -3.00694108e-02  3.21837030e-02 -2.17687376e-02 -2.82444861e-02
  6.43984741e-03 -3.61934267e-02 -1.27871362e-02  5.16899899e-02
  7.55192488e-02  4.39771451e-02 -6.91682473e-02 -5.72616309e-02
 -4.07685414e-02  2.71050781e-02 -2.87308060e-02  2.28792168e-02
  6.81681335e-02  4.71210964e-02 -6.99639246e-02  1.86684262e-02
 -4.05834578e-02 -4.66801273e-03  6.35624006e-02 -6.95418864e-02
  4.18733805e-02 -2.95346696e-02  3.37687368e-03  1.03614658e-01
 -2.96057500e-02  1.71869248e-02 -2.12634951e-02  8.87825340e-02
  3.94374840e-02 -8.24171305e-03  2.61270888e-02 -1.43573190e-32
 -2.81213764e-02  6.93722535e-03 -3.15015204e-03 -4.10989672e-03
  4.23006788e-02  2.58922596e-02 -3.11035253e-02 -2.44612321e-02
 -4.50684987e-02 -6.12437986e-02 -1.10618033e-01 -2.40852553e-02
  4.99151573e-02 -5.70399836e-02 -2.34328769e-02  5.61710149e-02
 -2.84015611e-02  1.82050765e-02 -1.05048917e-01 -1.40265645e-02
 -1.90166105e-02  3.65828499e-02 -2.61107571e-02 -7.93246627e-02
  1.77466851e-02 -4.71751206e-02  4.23079282e-02 -3.55635136e-02
 -9.77606177e-02  6.18976653e-02 -2.66015232e-02  8.16943422e-02
  2.26293900e-03  1.20938085e-01 -3.38435173e-02 -1.83501393e-02
  7.79173151e-02 -9.72081628e-03 -5.54904863e-02  8.76674578e-02
  7.82635137e-02  5.22969775e-02  4.95307520e-02 -9.12921652e-02
  9.60534159e-03 -4.80126077e-03 -3.89929488e-02 -6.41081855e-02
  9.57418606e-03 -8.16333573e-03  3.82838733e-02 -2.72373687e-02
 -4.19408903e-02  2.44611762e-02  6.27678856e-02 -6.53254911e-02
  1.10952342e-02 -1.76766440e-02 -4.26861085e-02 -4.01218198e-02
  8.29295740e-02 -1.46669857e-02 -3.59250046e-02 -5.21731973e-02
  4.81738262e-02 -4.39279675e-02 -5.87188918e-03  7.14177368e-05
 -9.06917453e-03  4.02632803e-02  5.07755540e-02 -3.84417586e-02
 -8.27679038e-02 -1.53428735e-03 -8.47417414e-02 -1.61581486e-02
 -8.02691206e-02  5.97760640e-02  6.14252687e-03  5.81941567e-03
 -2.49604546e-02 -4.49156910e-02 -5.05832629e-03 -4.48722020e-03
 -3.11058573e-02  6.60515502e-02 -1.65978223e-02 -1.07953055e-02
 -3.28991599e-02  3.86684276e-02  3.87799330e-02  3.08073331e-02
  3.79778706e-02  3.07548959e-02 -8.35013613e-02 -6.32157224e-08
  2.35261563e-02 -1.60467010e-02  3.07565108e-02  1.56526566e-02
  1.17980046e-02 -4.80448864e-02  3.19517665e-02 -3.16101164e-02
  2.15291698e-02  1.67452022e-02  1.11063235e-01 -1.55616729e-02
 -1.70100853e-02  3.68482135e-02  5.27441408e-03  4.51823920e-02
  3.30888219e-02  6.64368942e-02 -5.52801508e-03 -1.05119767e-02
  1.63512658e-02 -5.76108275e-03 -8.93594623e-02 -1.51386103e-02
  7.99347684e-02 -5.09553663e-02  1.18497852e-02  1.38003938e-02
 -2.85728835e-03  3.13269459e-02 -3.71222906e-02 -4.02704859e-03
  5.72754070e-02 -2.79064309e-02 -3.20969075e-02 -1.82907563e-02
  4.80052903e-02 -1.99163728e-03 -5.72963953e-02  2.08480447e-03
  9.26739350e-02 -1.58955660e-02 -4.43616994e-02 -7.44314939e-02
 -2.13644616e-02  2.21828055e-02  4.24514227e-02  2.70468108e-02
 -5.07327802e-02  8.52301195e-02 -7.40187615e-02  1.72290870e-03
  2.10134163e-02  4.96231951e-02  4.61960435e-02 -2.34114509e-02
  3.48966308e-02 -4.00469378e-02  1.49107287e-02 -5.47210462e-02
 -1.01139871e-02  2.65799388e-02 -4.99332175e-02 -3.49942148e-02]