[-2.47127060e-02  8.04636255e-02 -4.95834574e-02 -4.36730012e-02
 -1.07769892e-01  3.00280806e-02 -6.02665730e-03  6.83753192e-02
 -4.56147753e-02  8.36608335e-02  8.40036348e-02 -4.92295623e-02
 -5.21654934e-02  4.08602767e-02 -2.96377074e-02 -4.34284620e-02
  1.27848145e-02  1.32986158e-02  1.13044083e-02  2.82143243e-02
  1.65038645e-01  2.71345209e-02 -6.67608483e-03  4.95621674e-02
 -7.31057525e-02 -2.08532996e-02 -9.41739678e-02  5.01881279e-02
 -2.92542595e-02 -3.04613672e-02 -3.94869111e-02  1.27701551e-01
  1.14833191e-01 -3.60593237e-02 -4.93512265e-02 -5.20077124e-02
  6.46299496e-03 -3.44666354e-02 -2.97030695e-02  8.36655200e-02
 -1.04769289e-01 -3.83223370e-02 -5.97340129e-02 -5.23813181e-02
 -2.31956113e-02 -2.27259565e-02  4.16103676e-02  3.01016103e-02
 -3.17951990e-03 -1.51787251e-02 -3.74307632e-02 -4.77080680e-02
  7.37650972e-03  7.78536499e-02 -6.23096898e-02 -1.08314879e-01
 -1.79064386e-02 -4.04447131e-02 -3.71173173e-02  2.97295302e-02
  7.57927401e-03  7.97578767e-02 -4.65904586e-02 -1.40378801e-02
  2.19434984e-02 -3.98718528e-02 -3.96753438e-02 -2.46379506e-02
 -3.52509171e-02 -1.23680811e-02  5.12394272e-02 -1.03373267e-01
  1.15582002e-02  4.86420505e-02 -5.93012348e-02  7.99963400e-02
 -6.44640822e-04  2.62906756e-02  4.82252091e-02 -2.15841010e-01
  6.48507178e-02 -3.30332927e-02  1.84377935e-02 -1.20730307e-02
 -2.18165237e-02 -2.43215598e-02  1.25116780e-02  1.01352381e-02
  7.90726542e-02  4.43863682e-02  3.57222967e-02  2.85423938e-02
 -4.27261740e-02 -6.80961981e-02  1.60637442e-02  1.62870437e-03
 -3.63159478e-02  7.41971051e-03  1.93894003e-02  9.00979561e-04
 -4.36509075e-03 -8.91291653e-04 -1.89575274e-02  7.34009594e-03
 -5.15250303e-02  2.84959264e-02  4.64985706e-02 -5.28418645e-03
  2.01958679e-02  1.09781578e-01 -3.16406004e-02  1.01897342e-03
 -1.02137990e-01 -4.27459069e-02 -3.55425067e-02  6.41346201e-02
 -4.75897528e-02 -1.42134912e-02  4.76050191e-02 -1.08451890e-02
  3.01202182e-02 -2.95991190e-02  1.04136065e-01 -3.42634022e-02
  4.70291190e-02 -5.51193841e-02  4.06206436e-02  1.11600442e-32
 -2.78831478e-02 -3.49072441e-02 -2.29464807e-02  9.22861844e-02
 -1.20175099e-02  4.49761935e-02 -2.20364556e-02  1.12547744e-02
  6.94407672e-02 -1.42659200e-02 -8.71973634e-02  9.83762518e-02
  1.69541407e-02 -2.39872951e-02  6.60110116e-02  3.72900395e-03
  4.11999971e-02  4.14945632e-02  1.38434116e-02  6.58298668e-04
  6.07578643e-02  6.37495965e-02  7.57146254e-03  9.31083318e-03
  4.76775132e-02  3.73797938e-02 -8.64792690e-02 -9.56115033e-03
 -6.29887879e-02  4.79221456e-02  8.80092680e-02 -9.78009775e-03
  6.01761192e-02 -5.32578342e-02 -1.13641592e-02  2.47257166e-02
 -2.65318211e-02 -1.47557305e-02 -4.78393696e-02 -8.95816716e-04
  4.00163457e-02 -1.11640412e-02  5.83853647e-02 -5.43233939e-03
  7.76337285e-04  4.63373959e-03  5.55678159e-02  3.56747285e-02
  6.01559952e-02  1.21638253e-01 -4.22693901e-02  6.22083899e-04
 -9.25850645e-02 -5.00396341e-02 -1.27344197e-02  5.41444048e-02
 -4.19954807e-02  3.53806429e-02 -3.85868847e-02 -5.93851544e-02
 -1.98038900e-03  2.52551921e-02 -1.92642212e-02  3.93071864e-03
 -3.09718866e-02 -5.73371090e-02 -1.88784264e-02  7.13103125e-03
  1.02826655e-01  3.63987423e-02 -8.61159116e-02 -2.66898032e-02
 -3.55618708e-02  2.28136294e-02  2.17422880e-02 -1.78875234e-02
  7.28230700e-02 -5.41068166e-02 -7.06666708e-02  2.47422978e-02
 -7.52512598e-03 -8.62634275e-03 -5.19876629e-02 -1.00857317e-02
  8.46227407e-02  5.29352911e-02  5.09864911e-02  9.01530385e-02
 -1.99315287e-02  1.03002615e-01  5.84165119e-02  5.80626726e-02
  7.09212478e-03  2.64397580e-02  5.88430911e-02 -1.34197917e-32
 -5.82381152e-02  1.21632712e-02 -5.43259792e-02  2.04156153e-02
  9.51692555e-03  2.07433309e-02 -2.25371704e-03 -1.32174827e-02
 -7.83416256e-02 -1.15641586e-01 -9.50004812e-03 -9.38405097e-02
  4.99870703e-02 -1.79099832e-02 -5.99883199e-02  1.35941263e-02
 -1.10439904e-01 -4.82800044e-02 -5.16027473e-02 -5.05276909e-03
 -2.48395633e-02  9.45679173e-02  1.52115598e-02  1.35359755e-02
  4.74604294e-02 -6.38263598e-02 -2.55505498e-02  5.40334222e-05
 -5.23484908e-02  4.96021770e-02  2.55446844e-02 -4.36294973e-02
 -2.27010418e-02  1.25504270e-01 -7.26585910e-02 -6.86938837e-02
  4.43309247e-02 -1.42949428e-02  4.14131880e-02  5.68767935e-02
  1.65558476e-02  4.82498035e-02  1.00299278e-02 -7.05720708e-02
 -6.37412965e-02 -6.81948289e-02 -4.56119366e-02 -9.74685401e-02
  2.76660491e-02 -6.02913648e-02  1.31804794e-01 -4.82469574e-02
 -5.28079048e-02 -7.14636222e-02  7.94176850e-03 -4.12004255e-02
 -2.18609236e-02 -3.69165577e-02 -5.68122007e-02  7.36184344e-02
  1.43429190e-01  4.60699052e-02 -4.32448089e-02  1.70296337e-02
  5.06258197e-02 -1.21517144e-02 -2.41615810e-03  7.90719539e-02
 -4.63382807e-04 -3.10960952e-02  6.12673983e-02 -4.16763425e-02
 -4.24961932e-02 -4.82322276e-02 -1.89953763e-02 -6.11102656e-02
 -1.05907908e-02 -5.41525446e-02 -3.08962483e-02  1.26341796e-02
 -6.11421987e-02 -5.63123412e-02 -3.39739490e-04 -3.48596787e-03
 -2.30145752e-02 -7.83741754e-03 -5.65915778e-02  3.40046212e-02
  1.55069598e-03  6.46149218e-02 -3.85773368e-02 -1.76965981e-03
 -1.33405207e-02 -6.06528600e-04 -4.12457585e-02 -6.95325610e-08
  1.37077821e-02 -4.01966721e-02  5.02236560e-02 -6.83294469e-03
  7.50156492e-02 -4.89473715e-02 -5.59886685e-03 -2.13712025e-02
  3.12006809e-02  7.27318740e-03  1.49383796e-02  6.39455207e-03
 -4.53587957e-02  5.38991503e-02  4.50196490e-02 -1.08508490e-01
  5.52284643e-02  7.47832358e-02 -6.57324493e-02 -7.45446756e-02
  2.69921198e-02 -6.41310513e-02 -1.17636733e-01 -2.04826538e-02
  6.86289370e-03 -2.37979367e-02  9.38157318e-04  3.77394594e-02
  1.11730285e-02  8.84696934e-03  7.14064622e-03 -8.38889647e-03
  3.83041948e-02 -5.31171262e-02 -6.65573701e-02 -3.65469779e-04
  9.61059984e-03  9.79364477e-03 -6.70917705e-02  2.56186649e-02
  7.10991472e-02 -6.88110739e-02 -3.11733801e-02 -7.92968366e-03
  2.74697635e-02 -5.80499275e-03  6.95160124e-03  5.01175001e-02
 -4.84400690e-02 -4.79258485e-02 -7.64238788e-03  3.70611735e-02
  3.93611677e-02  8.10394883e-02 -1.55326398e-02  4.07357002e-03
  3.27578112e-02  9.07339342e-03 -4.70075533e-02 -3.85058448e-02
  4.04717140e-02  2.11801250e-02  1.97360553e-02 -6.39893264e-02]