[ 1.66222937e-02  3.40087153e-02 -5.26582673e-02 -6.94003031e-02
 -5.69103286e-02  3.81337479e-02  1.03992242e-02  1.41291022e-01
 -2.43769102e-02  4.53663655e-02  9.98504013e-02 -3.41085391e-03
 -1.49895798e-03  3.16691212e-02  4.96758986e-03 -1.19577765e-01
  7.80721605e-02  7.72417663e-03 -9.35548078e-03 -4.21169726e-03
  1.01522408e-01 -1.95323117e-02 -2.03153547e-02  4.77254726e-02
 -4.41213511e-02 -6.78530782e-02 -6.34776950e-02  3.28744873e-02
 -7.33077675e-02  3.61833430e-04 -3.91438566e-02  4.58345786e-02
  8.23227167e-02 -4.79830150e-03 -2.85894684e-02  4.29225713e-02
  1.01925276e-01 -2.69965045e-02 -1.18536048e-01  5.45732789e-02
 -1.03927396e-01 -1.81637984e-02 -9.76087600e-02 -4.31230403e-02
 -3.35287936e-02 -3.87914218e-02 -2.60250550e-03 -7.16703013e-02
 -9.52836946e-02 -1.98257761e-03 -7.07406923e-02 -4.33024392e-02
 -1.73379667e-02  1.39455805e-02 -3.14529017e-02 -5.33110537e-02
 -2.35049427e-02  5.12536317e-02  5.59075829e-03  6.32741228e-02
 -8.82311631e-03  1.67895667e-02 -3.20128314e-02  3.13402116e-02
  4.66517396e-02  1.68328471e-02 -2.11497629e-03 -5.14726043e-02
  6.34498149e-03 -1.97121315e-02  3.45290862e-02 -7.57627636e-02
  2.96260323e-02  4.88100946e-02 -2.66114827e-02  8.07898715e-02
  8.78034383e-02  1.66026503e-02 -2.87555042e-03 -1.42874703e-01
  1.17175356e-02 -8.62099882e-03 -4.56415750e-02 -2.85612140e-02
 -1.56804882e-02 -3.97699028e-02 -2.77295280e-02 -1.48721645e-02
  4.91047464e-02 -2.44101649e-03  4.52801995e-02  5.53734712e-02
 -6.36695102e-02 -2.99894698e-02  4.57335562e-02 -1.44701283e-02
 -1.57732349e-02 -3.97672020e-02  4.47252169e-02 -2.11726148e-02
  4.38863672e-02 -1.01317270e-02  5.46924397e-02  5.67305200e-02
 -2.28654239e-02 -1.15480064e-03  1.61698051e-02 -7.46859983e-02
 -2.00076774e-02  3.42034474e-02 -5.07141612e-02 -1.89577900e-02
 -5.22124358e-02 -7.83677399e-02 -7.68821463e-02  8.47972110e-02
 -8.75337198e-02 -3.53923589e-02  8.90945122e-02  1.52682727e-02
  2.21198965e-02 -3.31568830e-02  7.05013052e-02 -7.67426938e-02
  8.70360956e-02 -9.53716040e-03  3.15543748e-02  1.08097976e-32
 -5.47073223e-02 -1.36738000e-02 -4.22062576e-02  6.00953177e-02
 -1.74401060e-03  2.09165551e-02 -1.18488455e-02  4.46718149e-02
  5.98834604e-02 -2.10248064e-02 -2.92149819e-02  8.35765004e-02
  1.45489932e-03 -2.47939322e-02  1.14615336e-01 -6.18287586e-02
 -2.24612188e-02  4.47892509e-02 -4.41641062e-02  3.52351032e-02
 -3.41441408e-02 -3.80338356e-02  1.67183913e-02 -4.49833386e-02
  8.55802819e-02  6.94491491e-02  2.76868157e-02  9.29079391e-03
 -4.62784781e-04  2.38924380e-02  4.58882451e-02  1.23361470e-02
  1.99187663e-03 -6.11126386e-02 -6.11383542e-02  8.57916381e-03
  2.47073695e-02  1.50617864e-02 -3.80480066e-02 -4.26086634e-02
  7.23655801e-03 -4.83578397e-03  5.39208725e-02 -3.53814056e-03
  4.45390977e-02 -2.40331292e-02  7.44353011e-02  1.29592223e-02
  1.23677365e-01 -1.64485816e-02 -4.17450480e-02 -1.87868457e-02
 -6.16931468e-02 -6.22220933e-02  2.37541087e-02  3.95382196e-02
  7.50804041e-03  2.01498196e-02 -6.15947694e-02 -8.73866454e-02
 -5.55089824e-02 -2.63937861e-02  6.55931188e-03  3.05631310e-02
  6.78928150e-03 -6.82988167e-02  2.91634649e-02 -1.77149177e-02
  1.30527839e-01 -8.57579987e-03 -1.31852537e-01 -2.53409743e-02
  2.60683335e-02  1.98944043e-02  1.72962598e-03  7.76382759e-02
  4.63586301e-02  2.70680059e-02 -2.69645005e-02 -3.74928117e-02
 -6.04844764e-02  3.50856185e-02  2.58581189e-04  4.12956215e-02
  9.29990038e-02  1.35768829e-02  1.51832318e-02 -1.87500089e-03
  1.31635433e-02  3.47532071e-02  3.47586647e-02  9.78964120e-02
 -4.89472486e-02  6.54258206e-02  1.93361305e-02 -1.29896989e-32
  1.43563291e-02  4.96343151e-02 -1.12009551e-02 -7.43899820e-03
  2.19681226e-02  3.41370143e-02  1.54140657e-02  2.05660220e-02
 -4.12860960e-02 -9.39433798e-02 -2.59004235e-02 -1.44403785e-01
  4.25363071e-02 -5.61682507e-02 -8.11911747e-02  1.31803080e-02
 -1.12759106e-01 -2.95601822e-02  2.32577678e-02  3.13033573e-02
  7.78941810e-02  6.37198016e-02 -2.89663393e-03 -7.37967528e-03
 -1.84560046e-02 -3.74544822e-02 -3.17694396e-02  2.42045592e-03
 -9.79164541e-02 -3.54381166e-02  4.20932621e-02 -5.78867942e-02
 -5.58219999e-02  1.43105015e-01 -1.72777642e-02 -5.14039062e-02
  4.37213443e-02 -4.08437774e-02 -2.13607736e-02  1.15018986e-01
  1.01468086e-01  5.07332124e-02  4.02121432e-02 -6.70625120e-02
 -8.28588679e-02 -3.87827829e-02  2.88296714e-02 -1.14625797e-01
 -2.58776569e-03 -6.60078302e-02  9.28693116e-02 -6.74908385e-02
 -1.07239913e-02 -6.90538958e-02  9.50345583e-03 -5.00869788e-02
 -2.84540351e-03 -7.22858310e-02 -1.03992701e-01  6.66561052e-02
  1.59848958e-01  6.20908744e-04 -2.79991757e-02 -2.37083603e-02
 -9.65493079e-03  2.96939258e-03 -2.57318951e-02  8.32619295e-02
  1.55285478e-03  2.60525849e-03  1.62817147e-02 -6.30502179e-02
 -1.63260289e-02 -8.01963434e-02 -3.09817828e-02 -5.54814823e-02
 -4.35204767e-02 -3.27955149e-02 -1.98277310e-02  1.44139174e-02
 -5.10847569e-02 -1.28403790e-02 -4.73782457e-02  3.09237409e-02
  6.07816409e-03  1.31806182e-02  1.20752146e-02  6.88648317e-03
  5.43345511e-02 -2.86758470e-04 -5.14091924e-02  1.25064403e-01
  6.28664196e-02  5.99102536e-03 -9.98227112e-03 -6.60236736e-08
  3.21768112e-02  2.17724917e-03  8.94955639e-03  2.58150939e-02
  9.19162482e-03 -7.84677342e-02 -3.22397053e-02 -1.33123882e-02
 -3.99243571e-02  4.54221889e-02 -2.46834531e-02 -9.68644172e-02
 -3.73251252e-02 -1.39862383e-02  4.60008979e-02 -7.93347135e-02
  2.63319034e-02  6.68502674e-02 -4.58004326e-02 -4.15556878e-02
  3.61450128e-02 -1.07995793e-02 -4.77911383e-02  1.55734243e-02
 -2.69839931e-02 -6.79538469e-04 -4.01974507e-02  1.41456947e-02
  4.23250441e-03  9.72818509e-02 -5.05271666e-02  1.07341399e-02
  3.78303230e-02 -8.43173042e-02 -3.51729803e-02 -2.87511498e-02
  1.18907550e-02  4.83834296e-02 -3.25272083e-02  5.39187416e-02
  6.22421466e-02 -5.26887663e-02 -6.83709458e-02  4.59942333e-02
 -3.73676307e-02 -7.83912931e-03 -5.34003787e-02  1.77245177e-02
 -7.87799188e-04  6.31792005e-03 -2.37223729e-02  1.00461142e-02
  2.44081561e-02 -3.92198265e-02 -2.50420105e-02  2.67377235e-02
  2.51291189e-02  5.10131083e-02 -8.33571032e-02  2.21749768e-02
  2.41819769e-02  5.11212088e-02  6.44712895e-03 -1.58374328e-02]