[-3.20546478e-02  7.15432987e-02 -2.22509801e-02 -1.03079237e-01
 -2.67273467e-02  2.63401810e-02 -3.08306031e-02  7.94699639e-02
 -3.18974108e-02  3.53751779e-02  9.51474160e-02  2.06144899e-02
 -2.33773626e-02  2.77951062e-02 -2.37948988e-02 -3.78405601e-02
  4.49465029e-02  4.39725667e-02 -4.03271876e-02  1.08040802e-01
  1.41620323e-01 -7.54758716e-02  9.84591525e-03  2.79067978e-02
 -9.08735543e-02 -4.79711127e-03 -3.63623723e-02 -5.55555709e-03
  1.99456215e-02 -1.43205039e-02  5.04914299e-02 -2.66443659e-03
  7.81556815e-02 -8.93441662e-02 -1.38534335e-02 -5.05255312e-02
  1.55529510e-02 -7.76330149e-03 -4.26502451e-02  6.06864095e-02
 -6.49616867e-02 -1.48546956e-02 -1.20194919e-01 -5.25463857e-02
  3.40566486e-02 -1.66134257e-02  3.27686816e-02  2.44008843e-02
 -6.88180774e-02  2.54761279e-02 -4.75596189e-02 -3.59974541e-02
 -3.45405005e-02  1.43151451e-02  2.46742424e-02 -9.54620764e-02
 -3.63583006e-02 -2.55583203e-03 -1.64094996e-02  2.22495943e-02
 -2.41932459e-02  7.73055851e-02  8.20002891e-03  3.75064425e-02
  5.28276525e-02  2.90903989e-02  5.19865490e-02 -5.69817089e-02
  3.14134881e-02 -1.40975574e-02  4.07651737e-02 -9.75659415e-02
 -4.47847880e-02  5.09336069e-02 -7.53891096e-02  9.54328626e-02
 -3.41211259e-02  1.26587497e-02 -3.73312198e-02 -1.53271258e-01
 -1.56401098e-02  1.35545926e-02 -1.11369649e-02 -2.85393093e-02
  4.46137749e-02 -5.73779158e-02 -5.27305342e-03  1.76609308e-02
  9.48874950e-02  2.76511107e-02  6.69660047e-02  6.49796128e-02
 -7.94942379e-02 -6.93171024e-02  1.23403236e-01  1.55460741e-02
 -2.75385790e-02  7.64049590e-03  4.76126410e-02 -2.48684008e-02
  4.32903506e-02 -2.49929335e-02 -1.15622822e-02  1.30925616e-02
 -1.94113739e-02 -7.22102001e-02 -5.08721499e-03 -6.59932941e-02
 -5.26540279e-02  9.26824883e-02 -1.99424792e-02 -1.20407082e-02
 -1.77675840e-02 -3.88903394e-02  1.96767729e-02  1.41142430e-02
 -1.50226001e-02  6.94780261e-04  6.27912357e-02 -2.41478384e-02
  4.63828631e-02 -7.48794228e-02  5.46960309e-02 -4.93616201e-02
  9.52945463e-03 -6.32835105e-02  3.20716128e-02  8.93887708e-33
 -4.09063958e-02 -8.22764188e-02 -5.69957402e-03  3.41677517e-02
 -3.04719284e-02  5.07356785e-02 -2.50610728e-02  3.00199706e-02
  8.48802999e-02  5.18876910e-02 -2.97803548e-03  3.59332636e-02
  1.43314730e-02  3.75757627e-02  7.36230463e-02  3.26524749e-02
  9.85761881e-02 -4.65248711e-03 -4.43126447e-03  3.24026197e-02
  1.89861450e-02 -2.11471859e-02 -3.74060199e-02  2.79459395e-02
 -4.49389964e-02  9.56376642e-02 -5.43505289e-02 -6.96071237e-02
 -1.06896393e-01  3.12306434e-02  1.06898516e-01 -2.69939452e-02
  3.18507478e-02 -3.44369560e-02 -9.09626409e-02 -2.96819396e-02
  3.28957406e-03  5.19422535e-03  1.20780859e-02 -1.66754648e-02
 -1.79447010e-02 -4.61811386e-02  9.19989347e-02  2.37536859e-02
  7.63190910e-02 -5.58130331e-02  1.38847223e-02 -4.14976105e-02
 -1.57644805e-02  7.31460750e-02  1.45835169e-02  1.53322471e-02
  1.23118768e-02 -4.43141609e-02  1.70626082e-02  6.65708929e-02
 -8.45103636e-02  1.78141240e-02 -8.49270150e-02 -1.63267534e-02
 -7.49281049e-02  5.47144189e-02 -7.35959504e-03  4.46864031e-02
 -2.21825205e-02 -8.32795128e-02 -2.08949205e-02  1.39394142e-02
  7.42722824e-02 -1.80653017e-02 -6.29243255e-02 -2.77355015e-02
 -9.08689201e-02  9.90235806e-03 -1.76310167e-02 -1.89180486e-02
 -8.00426002e-04 -8.40839557e-03 -8.15200880e-02 -1.61413997e-02
 -1.08462811e-01  4.10749428e-02 -1.59108024e-02 -8.20596889e-02
  4.34571505e-02  7.15675354e-02  3.95192243e-02  8.97902399e-02
 -1.84213948e-02  3.84986550e-02  1.40139282e-01  4.90013473e-02
 -3.23833190e-02  5.32625094e-02  7.19766542e-02 -1.31573039e-32
 -1.16554005e-02 -2.70586517e-02 -5.21544032e-02 -7.99142867e-02
  1.45197548e-02  3.28912474e-02 -4.45026681e-02 -5.02514914e-02
 -5.22472858e-02 -9.79533941e-02 -8.16511363e-02 -1.14927590e-01
  1.73531696e-02  2.22241059e-02 -7.61442110e-02  4.68698665e-02
 -8.72060135e-02 -2.22455189e-02 -8.64767134e-02  2.75416058e-02
  6.14284910e-02  7.97951296e-02  7.41974413e-02 -1.43356272e-03
 -1.92773435e-02 -4.96430472e-02 -1.50021352e-02  3.75753664e-03
 -2.86452305e-02  3.69198136e-02  1.29844937e-02  4.06916775e-02
 -8.39895289e-03  7.29492530e-02 -2.50059133e-03 -5.88510111e-02
  6.10001534e-02 -7.10846260e-02  8.76163039e-03  1.65085867e-02
 -5.70958771e-04  1.14008643e-01  1.14710769e-02 -4.13416773e-02
 -4.30159941e-02 -2.79382635e-02 -5.54956915e-03 -1.40163317e-01
  5.32012880e-02 -4.69018817e-02  3.35804485e-02 -2.66176034e-02
 -3.52872373e-03 -3.75656188e-02  1.36889645e-03 -4.62615751e-02
 -5.01152165e-02 -6.15549944e-02 -1.23756930e-01  1.01871267e-01
  9.34855714e-02  4.06434163e-02 -5.62615804e-02 -4.58599664e-02
  2.38805693e-02  3.27965245e-02  5.68377646e-03  3.86477150e-02
  4.77580242e-02 -3.00748572e-02  4.91896980e-02 -6.58843145e-02
 -5.46674058e-02 -6.77391002e-03 -3.35430875e-02 -4.99591380e-02
  4.73632850e-02  1.60381291e-02 -1.90621875e-02 -2.33503710e-02
 -7.24385679e-02 -2.28116196e-02 -5.29833697e-02 -1.64542142e-02
 -1.17663257e-01 -2.35750526e-02 -4.02246751e-02  1.22678271e-02
 -3.20038013e-02  1.64323598e-02 -1.66084133e-02  2.82389577e-02
  6.85362145e-03  1.56910215e-02 -1.62443891e-02 -6.26034193e-08
  1.30054541e-02 -3.27372365e-02  5.66709414e-02 -1.68194622e-02
 -2.02816958e-03 -1.50621133e-02 -3.66682522e-02 -5.54269105e-02
 -2.92932391e-02  1.18799275e-03  8.55655968e-02  1.49231916e-02
 -7.12382421e-03  2.89294831e-02  1.38776684e-02 -5.21129519e-02
  6.81625307e-02  5.25216758e-02 -5.35890386e-02 -4.60976996e-02
  3.32066379e-02 -4.03256267e-02 -9.46603864e-02  1.52826903e-03
 -2.09284574e-02 -3.55236675e-03 -1.46877132e-02 -1.41286170e-02
 -2.08450072e-02  8.46745744e-02 -2.65414622e-02 -1.21827815e-02
  6.31533861e-02 -2.71384344e-02 -8.90086740e-02 -7.11104125e-02
  5.01143187e-02 -9.53443348e-03 -2.60104835e-02  3.64555568e-02
  7.11026788e-02 -9.23654512e-02  8.93284660e-03 -3.20606381e-02
  2.49665361e-02 -4.38149348e-02  1.41614676e-02  1.99493449e-02
 -4.51331623e-02  4.09084857e-02 -4.69459556e-02  3.33249830e-02
  4.05559428e-02 -1.50250169e-02 -9.16237757e-03 -3.37400095e-04
  6.14318363e-02  5.71558885e-02 -1.09875584e-02 -2.76144315e-03
  5.93961142e-02  4.13087979e-02  3.89634334e-02 -6.69481531e-02]