[-4.36912924e-02 -1.77934989e-02 -1.55743193e-02 -6.75417408e-02
 -8.79325196e-02 -2.22171079e-02  5.03367595e-02  1.26867801e-01
 -2.27876827e-02  9.37351659e-02  8.12287033e-02 -3.47158685e-02
  1.28486557e-02  8.68116878e-03  2.15168260e-02 -4.32918705e-02
  2.23918557e-02  1.14865517e-02 -4.19190302e-02  5.60841374e-02
  1.15657553e-01 -2.32225321e-02 -1.11765780e-01  8.37504342e-02
 -8.82801637e-02  6.05781488e-02  3.78716998e-02  1.73199195e-02
  2.53508389e-02 -2.14161212e-03 -5.09122722e-02  6.97726160e-02
  9.73394215e-02 -4.95726280e-02  8.03742409e-02 -4.80230711e-02
  1.78372543e-02 -3.19025740e-02  1.40611753e-02  5.14687225e-02
 -4.42335643e-02 -5.04956581e-02 -6.98300675e-02 -8.33675414e-02
 -2.30014939e-02 -7.96777159e-02  5.08526042e-02  8.21568966e-02
 -2.20902562e-02 -4.84311543e-02 -2.90714093e-02  5.81772020e-03
 -3.66935059e-02 -1.95073485e-02 -1.94417406e-02 -7.72750527e-02
 -1.38010811e-02 -1.42572317e-02  1.52176283e-02  3.96223441e-02
 -1.27193267e-02  3.63499187e-02 -5.13737798e-02 -1.25115439e-02
  1.94406100e-02  2.03642678e-02 -4.81060892e-02 -3.26436460e-02
 -5.37149161e-02  7.96745270e-02  3.12507711e-02 -7.43471533e-02
  3.14918682e-02 -4.43139113e-03 -5.58602288e-02 -1.84540320e-02
  4.87633757e-02  6.81097955e-02 -1.33041432e-03 -1.67247087e-01
  3.58286343e-04  3.30009237e-02  2.46976577e-02 -9.18348059e-02
  8.78586620e-03 -5.47285266e-02  6.06313255e-03  1.96232796e-02
  4.17151414e-02 -1.98581703e-02  7.94865415e-02  6.65576011e-02
 -3.83982956e-02 -4.22013626e-02  4.14040126e-02  1.23728365e-02
 -9.36308876e-03 -7.64665306e-02  1.19092882e-01  3.82716791e-03
  7.83524960e-02  3.49236540e-02 -2.29367297e-02  1.31854527e-02
 -1.72213539e-02 -7.82617554e-03  1.55949900e-02 -5.05788717e-03
  7.32363835e-02  9.59828123e-02 -8.60106051e-02 -2.44925246e-02
 -4.49252948e-02 -4.16617990e-02 -8.17246437e-02 -4.86923382e-02
  1.56416632e-02 -3.31345126e-02  9.20668617e-03 -7.60972034e-03
  4.04903060e-03 -5.75608015e-02  9.31886211e-03 -4.94058356e-02
  8.33515003e-02  1.47116901e-02 -2.03993041e-02  1.28782797e-32
 -3.91260087e-02 -5.86371645e-02 -5.73984943e-02  1.26309963e-02
 -3.92520018e-02  5.51087148e-02 -5.71775846e-02  4.25430648e-02
  2.67240983e-02  3.36770006e-02 -3.09520364e-02  4.12042178e-02
 -2.29459237e-02  5.61721399e-02  1.27874941e-01  3.40611972e-02
  2.53484547e-02 -5.09838574e-02 -2.53281202e-02  3.27679999e-02
  2.61700973e-02 -4.26845811e-03  3.28773856e-02  2.29726657e-02
 -2.29351949e-02  8.40191692e-02 -6.20346144e-02 -6.43761531e-02
 -2.43793204e-02  6.24232665e-02  6.55178204e-02 -9.57923476e-03
  2.32556835e-02 -3.26107107e-02 -6.98508024e-02 -1.86281707e-02
  2.03365088e-02 -3.53929470e-03 -4.45537679e-02 -7.93692935e-03
 -7.20295981e-02 -4.18663099e-02  9.70902145e-02  3.72501574e-02
  4.91050407e-02 -2.52429917e-02  6.45370930e-02  6.38247933e-03
  1.09456360e-01  1.39453467e-02  2.35289168e-02 -2.31959969e-02
 -4.92454879e-02 -5.44113740e-02 -2.58293245e-02  7.13005336e-03
 -1.66331545e-01  6.01529256e-02  1.79975852e-02 -6.93238005e-02
 -1.36219328e-02  1.53849134e-02 -4.01027203e-02  1.26318336e-02
 -9.99371409e-02  2.06074007e-02 -6.69285208e-02  3.27603370e-02
  1.38611615e-01  3.99799235e-02 -6.10629395e-02 -2.48307385e-03
 -1.09092757e-01  9.06369910e-02  1.53562883e-02 -2.57809944e-02
  1.05858415e-01  1.20137492e-02 -4.02001254e-02  6.66173100e-02
 -5.16542047e-02  1.41387284e-02  9.98901436e-04 -2.58425884e-02
  6.22030869e-02  4.77633625e-02  2.50314772e-02  6.09751940e-02
  4.65240702e-02  7.59775331e-03 -2.16707140e-02  1.43612064e-02
 -2.46793497e-02 -1.01358248e-02  4.17691730e-02 -1.46783627e-32
  1.56594254e-02  5.85874263e-03 -4.49714698e-02  2.44281311e-02
  9.68573987e-03 -4.15650569e-02 -5.02643064e-02 -6.81475028e-02
 -1.80820748e-02 -1.27903491e-01 -6.32869899e-02  8.41477595e-04
  7.39283711e-02 -4.41645123e-02 -1.29752174e-01  6.69772364e-03
 -5.86727597e-02 -5.00621498e-02 -5.15392423e-02 -5.28414883e-02
 -2.56615449e-02  1.55031877e-02  5.32546081e-02 -3.34716327e-02
 -4.00340781e-02 -2.48053670e-02 -7.30722025e-02 -7.70273153e-03
 -4.83169891e-02  7.71751441e-03  2.39838567e-02  4.44465689e-02
 -8.56972393e-03  4.56452593e-02 -4.04429846e-02 -4.43179198e-02
 -4.44862386e-03 -1.43450061e-02 -1.03157900e-01  1.45593612e-02
  2.97321677e-02  5.44723868e-02  7.90970400e-02 -3.33761051e-02
 -5.79799302e-02  1.15657737e-03  2.72058938e-02 -1.34903088e-01
  3.84710543e-02 -7.11578596e-03  1.27094567e-01 -2.79678907e-02
  1.31057967e-02  2.76692845e-02 -3.56937014e-03 -1.93453021e-02
  1.26340464e-02 -4.08335067e-02 -5.56529760e-02  7.68023208e-02
  3.56691033e-02  7.11713061e-02 -1.73704159e-02 -2.51563601e-02
  1.14621408e-01 -2.42817961e-02  2.54906574e-03  5.45465872e-02
  4.67682779e-02 -3.31589803e-02  3.56793217e-02 -7.21115246e-02
 -1.03215128e-01 -1.37285721e-02  1.38038704e-02  6.19834252e-02
 -6.04215041e-02  2.62156390e-02 -1.38689028e-02  2.09880676e-02
  2.04705596e-02 -2.25767288e-02 -4.05346714e-02  4.99048317e-03
 -8.06080550e-02  1.56048611e-02 -4.57237773e-02 -4.49317396e-02
  1.90202370e-02  5.20898439e-02 -3.98062207e-02  3.09551804e-04
  5.94642572e-02  7.12667638e-03  2.69099809e-02 -6.39224211e-08
 -3.92255001e-03 -1.44906631e-02  8.81372113e-03  3.43158245e-02
  1.83325056e-02 -6.71937317e-02 -3.74217592e-02 -6.41709194e-02
 -2.49656336e-03  2.17148252e-02  7.47281266e-03 -2.81939022e-02
 -6.52449131e-02 -3.04401806e-03 -5.81679232e-02 -5.65116014e-03
  5.34002595e-02  5.68375587e-02 -5.31904772e-02 -2.40139291e-02
 -3.25092534e-03 -3.19939815e-02 -9.81274471e-02 -1.74205825e-02
  2.27388460e-02 -2.35814843e-02 -1.65593121e-02 -5.77693200e-03
  2.28252318e-02  4.38621454e-02 -5.96128143e-02  1.64712276e-02
  1.83211509e-02 -4.93196249e-02 -4.44265567e-02 -6.22445205e-03
  2.73300353e-02 -8.08897428e-03 -7.16057792e-02 -3.13638858e-02
  1.56532958e-01 -5.22619933e-02  8.02295562e-03 -6.25585318e-02
  2.33884063e-03 -3.29800807e-02 -2.85894182e-02  5.87339960e-02
  5.53797334e-02  5.83809847e-03 -3.83087918e-02  2.93901227e-02
  5.25474511e-02  9.57946256e-02 -1.83777306e-02 -4.04444523e-02
  3.40178125e-02  6.10874174e-03  1.31669324e-02 -3.89758162e-02
  9.20642763e-02  4.08177450e-02  3.08675691e-03 -4.41604555e-02]