[-4.16523330e-02  7.54891103e-03 -6.62260056e-02 -5.63734695e-02
 -1.44861853e-02  1.74459610e-02 -5.31038865e-02  1.14622846e-01
 -2.53648055e-03  3.67306620e-02  7.14180842e-02 -1.00562535e-01
 -1.80360638e-02  6.63693016e-03 -2.96376571e-02 -8.42928141e-02
 -8.16287324e-02 -2.87251212e-02  4.69403155e-02  2.71223523e-02
  1.01376019e-01 -9.20913443e-02 -1.30167276e-01  3.76866758e-02
 -7.71592110e-02  8.48021954e-02 -1.96820851e-02  2.89686956e-02
 -5.81271946e-02 -6.27942160e-02 -1.74571201e-02  2.66841147e-02
  6.83115423e-02 -8.08282383e-03  5.13162017e-02 -1.62945632e-02
 -1.73520262e-03 -1.06261140e-02 -3.06414831e-02  6.61228821e-02
 -5.51783778e-02 -2.94540673e-02 -9.45339277e-02 -2.31799465e-02
  6.09831028e-02 -6.51912950e-03  6.29337803e-02  5.74613027e-02
 -4.04046960e-02 -8.11675042e-02 -3.23000774e-02  8.81731808e-02
 -1.50700882e-02 -9.60853249e-02 -4.98504266e-02  1.08675938e-03
 -3.55913071e-03 -1.34350304e-02  3.85057069e-02 -5.80474176e-03
  6.65891841e-02 -4.36875336e-02 -3.55139673e-02 -1.96383782e-02
  1.39410123e-02 -6.84649311e-03 -1.47108687e-02 -6.69483393e-02
 -5.27239256e-02  2.79187970e-02  8.42705444e-02 -6.96062073e-02
 -8.73252898e-02 -2.02940181e-02 -1.87065955e-02  1.24714665e-01
 -1.88671723e-02  6.48424625e-02 -1.95512250e-02 -5.35284393e-02
  6.43183365e-02 -2.70564854e-02 -4.62886430e-02 -7.74101168e-02
 -1.03401756e-02 -1.43080316e-02  7.36650601e-02 -6.87183142e-02
  9.47530717e-02 -1.55087905e-02  2.43159533e-02  5.97037673e-02
 -8.86150226e-02  5.80001883e-02  1.96966864e-02 -1.91279803e-03
  1.55040445e-02  3.23594324e-02  7.76300952e-02  2.45423149e-02
  1.55079272e-02 -2.01841332e-02 -5.66863008e-02 -5.60018350e-04
 -3.11391596e-02  1.25579666e-02  6.97768182e-02  8.31550453e-03
  9.50301625e-03  6.07619844e-02 -1.10688403e-01 -5.73916622e-02
 -7.25658461e-02 -2.36888006e-02 -4.55796756e-02  6.46619732e-03
 -3.65095884e-02 -7.12441280e-02  1.09664537e-02 -1.12920497e-02
  5.64512610e-02 -6.52073398e-02 -1.80846676e-02  1.33981723e-02
  5.43316156e-02 -3.91646568e-03  3.22335027e-02  1.42383649e-32
 -6.11873753e-02 -3.87075171e-02 -4.30812389e-02  1.03030475e-02
 -7.43641984e-03  4.69262451e-02 -5.99468648e-02 -2.36661471e-02
  3.54588665e-02 -2.90470049e-02 -8.62134844e-02  9.18869302e-02
 -7.11635947e-02 -3.81664634e-02  1.04960725e-01  4.73618396e-02
  7.72553384e-02 -4.16470021e-02 -3.48031931e-02 -4.51105349e-02
  2.37888899e-02  2.14569047e-02  2.06136163e-02 -1.71963051e-02
  6.43450618e-02  1.24780118e-01 -4.74882722e-02 -8.37141052e-02
 -1.22111710e-02  2.75598057e-02  4.42331620e-02 -6.27943426e-02
 -2.56217569e-02  1.73673208e-03 -3.55793238e-02  1.90160866e-03
 -3.48952860e-02  1.72832068e-02 -6.09353781e-02 -3.08476831e-03
 -2.46900512e-04  4.46437374e-02  4.12716344e-02  1.49294082e-02
  1.69599559e-02 -5.03053293e-02 -3.88794811e-03  5.55031374e-02
  5.70778288e-02  1.49312597e-02 -7.55948597e-04 -5.53667061e-02
 -7.58071467e-02 -5.21325096e-02 -5.95786469e-03  7.70647973e-02
 -1.00232556e-01  2.95574851e-02 -1.60442349e-02  5.64249093e-03
 -4.48242296e-03 -2.10767821e-03  7.72414170e-03 -1.62466913e-02
 -4.05156501e-02  4.95504513e-02  2.09380835e-02  8.63767117e-02
  8.31878036e-02 -3.23214987e-03 -6.89463615e-02 -6.04395233e-02
  1.17251864e-02  4.52222601e-02 -4.43216227e-03 -3.29732075e-02
  6.95431530e-02  2.39056926e-02 -1.09355837e-01  6.13985546e-02
 -5.55929579e-02  4.50923620e-03  3.47860456e-02 -3.80928405e-02
  8.16828981e-02 -4.14036959e-03 -1.60459094e-02  1.00287795e-01
  1.58293098e-02  2.89636571e-02  3.94430831e-02  3.50813381e-02
  3.44951376e-02  4.32799384e-02  4.86933663e-02 -1.53001257e-32
  2.88619231e-02 -4.40218933e-02  8.64870381e-03 -4.08575945e-02
 -7.11146090e-03  6.18122257e-02 -5.83527461e-02 -3.29132974e-02
 -2.02188585e-02 -1.00889020e-01 -7.89568201e-02 -5.60769662e-02
  1.02306575e-01  1.79246571e-02 -8.99674371e-02  3.61551493e-02
  1.94539130e-02 -3.74165364e-02 -7.87009224e-02  1.54491458e-02
 -4.59488966e-02  6.80207610e-02 -7.22354418e-03 -8.04363117e-02
  1.28708733e-03 -2.74194796e-02 -8.24251212e-03  3.16764265e-02
 -8.68623704e-02 -4.94920090e-03 -1.60994586e-02  2.70496402e-02
  5.95368957e-03  1.42392933e-01 -2.66054887e-02  2.38114353e-02
  5.82526214e-02  8.05180613e-03 -3.73946340e-03  1.12981938e-01
 -3.05583910e-03  2.64276471e-02  4.81085181e-02 -1.17225992e-02
  2.55418718e-02  4.86371480e-03  1.90445744e-02 -9.05434415e-02
 -1.32180573e-02 -5.01974998e-03  9.01145041e-02 -1.43697411e-02
 -7.18624741e-02  7.57820159e-03  2.62279771e-02  2.61189658e-02
 -1.76931042e-02 -2.21927394e-03 -7.87845999e-02 -8.63596611e-03
  1.04784288e-01  2.68112775e-02 -3.54725607e-02 -4.23160344e-02
  4.55330871e-03 -5.69852628e-02 -8.38445723e-02 -3.73230055e-02
 -1.69083998e-02 -1.39916618e-03  5.23531735e-02 -3.49300876e-02
 -1.19740859e-01  4.69915718e-02 -1.53352804e-02  8.66209343e-03
 -1.15363076e-01  8.40453804e-02  2.59384681e-02  7.07917195e-03
 -1.29350454e-01  8.20634235e-03 -2.95078587e-02  4.45203520e-02
 -9.49684344e-03  2.07797308e-02  5.49668074e-02 -3.33831348e-02
  1.79393752e-03  1.90050490e-02  4.58807349e-02 -9.89037915e-04
  8.93525779e-02  4.55622561e-02 -4.86020781e-02 -7.32223384e-08
  7.69896954e-02 -8.99320655e-03  5.94281266e-03  3.75206023e-02
 -3.61876981e-03 -6.24224655e-02  2.39254907e-02 -5.18847108e-02
 -2.09737550e-02  2.22551748e-02  1.55556826e-02  1.53685845e-02
 -7.03503639e-02 -3.31091997e-03 -7.17726201e-02  2.56590685e-03
  1.66862793e-02  7.47784153e-02 -8.55488516e-03 -3.35316397e-02
  2.18840893e-02 -2.58009415e-02 -9.29704085e-02 -3.68800340e-03
  6.19864650e-02 -8.47931653e-02  2.61663757e-02 -1.64189283e-02
 -2.80217696e-02 -2.71916129e-02 -3.27086896e-02 -3.76300849e-02
  7.04273060e-02 -3.19239572e-02  2.81761680e-02  1.36189004e-02
  9.31227356e-02  4.10551578e-02 -9.77406353e-02 -5.24149276e-02
  1.30205497e-01  1.32833337e-02 -4.03468795e-02 -7.72677436e-02
  6.47541210e-02  5.57502992e-02  3.36588710e-04 -3.79833952e-02
  3.63479517e-02  1.93501785e-02 -4.95429635e-02  3.55033390e-02
  1.48964161e-02  7.86376223e-02  3.94735560e-02 -1.46297447e-03
 -1.79841574e-02  1.69832055e-02 -1.15264365e-02  1.40976375e-02
  1.08830286e-02  5.61435893e-02 -8.96306243e-03 -2.79682595e-02]