[-4.21741270e-02  1.37734730e-02 -1.00165680e-01 -5.94404936e-02
 -2.66131796e-02  1.58630870e-02 -3.27690728e-02  9.47756469e-02
 -1.19251609e-02  8.09138715e-02  8.63848776e-02  1.15129640e-02
 -3.44263501e-02 -1.98316239e-02  1.27318595e-02 -6.12380914e-02
  4.83477972e-02 -4.71571833e-02  4.58466867e-03  2.20144317e-02
  1.05055362e-01 -8.23397189e-02 -5.85096776e-02  3.43420394e-02
 -7.58296177e-02 -4.23547924e-02 -6.44500703e-02 -5.08757727e-03
  1.93172954e-02 -1.59236733e-02 -8.97416845e-03  3.57983559e-02
 -5.39637310e-03 -6.89576492e-02  1.38031067e-02  1.03284614e-02
  6.82505220e-02 -4.85953316e-02 -5.79084270e-02  1.30226016e-01
 -5.08154090e-03 -6.77438155e-02 -7.63293579e-02 -3.86235379e-02
  9.02400818e-03  2.05290839e-02  2.21853442e-02  4.36845794e-02
 -9.18683633e-02 -1.96081586e-02 -5.67616224e-02  1.22659421e-02
  1.27595384e-02  4.16919179e-02 -3.66152823e-02 -9.02395844e-02
 -2.01930869e-02 -2.21009776e-02 -2.13078503e-02 -7.03266710e-02
 -3.75096425e-02  5.10110930e-02 -5.02566695e-02 -2.34589595e-02
  2.78654937e-02 -2.52649523e-02  2.66113579e-02 -3.30171697e-02
  3.10334545e-02  1.89528186e-02  7.75382817e-02 -7.99318179e-02
  6.06639870e-02  9.83173959e-03 -7.06877708e-02  1.12775415e-01
  3.25791202e-02  5.08385859e-02 -6.66686893e-03 -1.55824214e-01
  4.78321202e-02  6.19392842e-03  4.18816053e-04 -5.56902923e-02
 -2.84777954e-02  2.67751347e-02 -2.36533731e-02  7.59357736e-02
  5.06385714e-02  3.24623697e-02  9.27774683e-02  8.71957466e-02
 -4.85018604e-02 -3.52701657e-02  5.18360315e-03  5.28160855e-02
 -4.96679824e-03  6.31457614e-03  4.81934883e-02 -1.75212026e-02
  8.36451501e-02  3.07155214e-02 -5.24224713e-02 -5.13436878e-03
 -3.65297087e-02  3.02549172e-02 -1.96946803e-02  2.42029373e-02
  5.81563637e-02  8.99683535e-02 -7.63655826e-02 -1.67130064e-02
 -3.92453037e-02 -3.25795747e-02 -6.36402741e-02 -9.91350599e-03
 -6.70510605e-02 -2.36544292e-02  6.59601018e-02  2.45757569e-02
  5.10946773e-02  8.49006791e-03 -2.97668949e-02 -5.43511696e-02
  9.80661139e-02  1.42663606e-02  4.35117185e-02  1.19939391e-32
 -8.60454701e-03 -5.74222021e-02  2.16336013e-03 -4.52689677e-02
 -4.05519307e-02  7.54198991e-03 -6.31332323e-02 -4.63953288e-03
  7.87869766e-02 -1.81476325e-02 -8.10753480e-02 -2.85628252e-02
 -3.32951359e-02 -3.20526063e-02 -1.61328670e-02 -4.31235395e-02
  8.29885229e-02 -3.70518793e-03  1.01526771e-02 -2.44941451e-02
 -2.77091805e-02 -5.73294470e-03 -5.27356528e-02  3.87427653e-03
  1.87233891e-02  1.09928519e-01 -3.48053649e-02  4.21775971e-03
 -1.03847630e-01  3.45224217e-02  7.06727654e-02 -1.55866728e-03
 -2.93507520e-03 -6.33113310e-02 -9.13947225e-02  6.23184303e-03
 -4.15109880e-02 -1.46215986e-02 -3.98308299e-02 -4.94797565e-02
 -6.08636439e-02  3.36640328e-02  3.04743387e-02  6.18668869e-02
 -8.28034710e-03 -8.51215050e-02  2.12209560e-02  2.58724461e-03
  9.94290560e-02  3.69791277e-02 -4.42517363e-02 -4.23115417e-02
 -4.39157011e-03 -8.25875700e-02  2.06582230e-02  7.88386315e-02
 -1.14903845e-01  1.04781818e-02 -3.73028554e-02 -3.92717980e-02
  6.17447356e-03 -1.66604412e-03 -5.06124347e-02 -1.69652305e-03
 -1.50829274e-02 -7.09386840e-02 -1.51453456e-02 -3.95410582e-02
  1.05617061e-01 -4.18986380e-02 -9.15021896e-02 -2.02392079e-02
  8.03154428e-03  2.65960842e-02 -8.32972699e-04 -1.88366454e-02
  1.03292078e-01  3.58453020e-03 -6.16485812e-02 -1.41476234e-02
 -4.71721143e-02  3.54695506e-02 -1.57045163e-02  3.09850704e-02
  1.30604118e-01  1.23420237e-02  3.31736207e-02  6.76031932e-02
 -5.42554148e-02 -8.67188815e-03  4.17883210e-02  1.51597112e-02
  2.81237792e-02  1.88603140e-02  4.87478040e-02 -1.43267811e-32
 -2.01017037e-02  1.18288714e-02 -5.56774996e-02 -1.23034362e-02
  3.16160806e-02  1.71830673e-02 -2.90276930e-02 -6.33806959e-02
 -1.84825305e-02 -5.22911958e-02 -2.90124342e-02 -9.11389664e-02
  7.22656995e-02 -1.64582040e-02 -5.74883744e-02  2.96987128e-02
 -8.74849409e-02 -5.24833985e-02 -1.99695118e-02  5.26754698e-03
  9.62075312e-04  6.36093169e-02  4.95649278e-02  4.00062352e-02
  1.44651216e-02 -8.50505456e-02 -1.96137074e-02 -1.43815363e-02
 -7.62404352e-02 -1.52398348e-02  3.90563644e-02 -2.41360441e-02
 -2.59162057e-02  1.55824617e-01  1.97187276e-03 -8.01724568e-02
  9.00266543e-02 -1.61637273e-02 -1.76833048e-02  3.36849391e-02
  7.53614902e-02  1.11844033e-01  5.75786307e-02 -5.56578264e-02
 -3.78737859e-02  3.28400894e-03  2.45012306e-02 -1.31871760e-01
 -2.28163422e-04 -4.90040742e-02  6.32717311e-02 -3.64444479e-02
 -4.21221219e-02  3.01773082e-02  1.08943857e-01 -2.01741178e-02
 -3.63946073e-02 -5.87779507e-02 -1.11326367e-01 -4.10987101e-02
  7.80686811e-02  7.52120912e-02 -3.09013817e-02  1.32084871e-02
  1.13752007e-01 -5.03920130e-02 -3.11064851e-02  2.84265354e-02
  2.75709946e-02  1.89074613e-02  6.94618672e-02 -4.59831916e-02
 -8.67564976e-02 -4.27057315e-03  2.43758392e-02 -5.86238094e-02
 -2.23498158e-02 -3.01621743e-02 -7.96835721e-02 -1.00250570e-02
 -5.08282743e-02  7.33273709e-03 -4.28384207e-02 -2.98041778e-05
 -3.49460654e-02  3.18411961e-02  4.53887023e-02  1.07564973e-02
  4.14495543e-03  6.23086952e-02 -3.14957462e-02  1.97940916e-02
  5.86395524e-02  5.78767471e-02 -7.67177865e-02 -6.72945291e-08
  4.99708168e-02 -1.75737068e-02 -1.41732267e-03  2.95345690e-02
 -3.73234302e-02 -7.39972219e-02 -1.40409227e-02 -2.88529024e-02
 -3.34378406e-02  4.21014242e-02  4.63992991e-02 -2.85621546e-02
 -1.16735082e-02 -2.74329875e-02  3.00755296e-02 -5.83503805e-02
  2.29696576e-02  7.10738972e-02 -5.43162040e-02 -7.50302747e-02
  5.15147075e-02 -3.66439521e-02 -7.27980584e-02  1.98354349e-02
  1.00805245e-01  3.38021703e-02 -1.86296031e-02 -3.55850183e-03
 -4.85163089e-03  8.49013627e-02 -1.98684968e-02 -4.80328351e-02
  4.66820523e-02 -9.81882885e-02 -7.06210267e-03 -1.23153906e-02
  4.29200009e-02  7.91940168e-02  3.85437906e-03  4.83784862e-02
  6.45287931e-02 -1.33115044e-02 -1.75495492e-03 -3.17106433e-02
  4.34579812e-02 -3.12981866e-02 -5.78502491e-02  2.34394446e-02
 -9.82581172e-03 -1.68458503e-02 -2.97631845e-02 -3.24269012e-02
  3.78017686e-02  1.36857405e-02  4.06674668e-02 -1.49607221e-02
  5.17783649e-02  2.19461620e-02 -1.91378742e-02 -7.82526582e-02
  1.14029221e-01  7.68895894e-02  4.70301621e-02 -2.69769374e-02]