[-4.76109944e-02  4.57351543e-02 -5.33012301e-02 -2.59482861e-02
 -3.06868684e-02  1.63102467e-02  4.18590419e-02  1.04800992e-01
  3.37486938e-02  8.67290348e-02  7.16036111e-02 -2.88697332e-02
  3.25886579e-03  5.93388639e-02 -7.84792751e-03 -2.20124386e-02
  4.66741920e-02 -4.41785045e-02  2.81718001e-03  2.88741160e-02
  1.42011866e-01 -5.69647737e-02 -9.15084332e-02  2.41566915e-03
 -8.34351331e-02 -6.09112605e-02 -5.29285558e-02 -1.67219322e-02
 -2.72696116e-03  1.70610240e-03 -5.66501133e-02  4.91462648e-02
  8.69382843e-02 -2.35812552e-02  1.03900274e-02  6.82540014e-02
  3.36207338e-02 -3.89145799e-02 -7.45439753e-02  2.53800470e-02
 -1.03858322e-01 -8.80261697e-03 -6.13472983e-02 -6.83871284e-02
 -1.78482011e-02 -4.63675857e-02  4.86841872e-02 -7.82279391e-03
 -5.99354617e-02 -2.05047689e-02 -6.34770021e-02 -3.63130029e-03
 -2.65994035e-02  2.01219935e-02 -1.13782175e-02 -7.73113146e-02
 -2.66372785e-03 -4.09958251e-02 -1.92464404e-02  4.75560501e-02
 -6.50126860e-02  1.95707195e-02 -3.22709605e-02  2.81515289e-02
  8.03742409e-02  4.85146903e-02 -3.12924944e-02 -2.62870733e-02
 -6.04485907e-03  1.49660688e-02  1.13788117e-02 -8.49156454e-02
 -1.20707159e-03  5.05297743e-02 -1.06821500e-03  2.65669059e-02
 -4.10299264e-02  3.95848267e-02  1.78360697e-02 -1.88758999e-01
 -2.19241548e-02  6.37241602e-02 -6.71638176e-03  9.74082947e-03
 -6.50225719e-03  5.55789098e-02 -1.67667549e-02  4.85412451e-03
  4.87997122e-02  2.81289220e-02  8.41077790e-02  4.78204414e-02
 -6.69024289e-02 -5.80119565e-02  1.75988302e-02 -3.94482389e-02
 -4.87511919e-04 -4.10031602e-02  2.70579308e-02 -2.79260930e-02
  2.75752954e-02  1.49093289e-02 -1.62156560e-02  3.80554684e-02
 -1.01609351e-02  2.53753625e-02 -4.54705954e-02 -5.72329350e-02
  1.37932794e-02  1.31068960e-01 -5.35414107e-02 -3.17569859e-02
 -1.22113079e-01 -2.78154779e-02 -6.65776879e-02 -4.06270064e-02
 -7.06502199e-02 -4.76966091e-02  5.31699657e-02 -1.82608701e-02
 -3.06726922e-03 -1.95520725e-02 -3.68975988e-03 -1.07243724e-01
  4.74343933e-02 -3.92675772e-02  4.18937951e-02  1.09119568e-32
 -1.34998392e-02  1.61307550e-03 -5.32527380e-02  7.36672133e-02
  3.40700336e-02 -3.74372955e-03 -1.06959585e-02  6.03501964e-03
  6.76422790e-02  4.11147848e-02 -6.25381693e-02  8.49730745e-02
 -7.79771758e-03  2.75197485e-03  8.96715745e-02 -4.97188680e-02
  4.62505855e-02  7.88737088e-02  2.70910305e-03  2.05512997e-02
 -3.10832430e-02 -4.57280548e-03  3.15693431e-02 -5.68415672e-02
  1.51909906e-02  9.41271260e-02 -2.62929108e-02  1.63714755e-02
 -5.69949709e-02  4.18642610e-02  6.78372905e-02 -2.36764811e-02
  5.15164770e-02 -5.41444793e-02 -3.74857485e-02 -3.42751555e-02
 -2.95461826e-02 -1.88953690e-02 -1.17230434e-02 -7.30384747e-03
 -3.71275097e-02 -1.79304474e-03  3.65226492e-02  3.66314873e-02
  1.00324266e-02 -5.02053909e-02  4.03159782e-02 -9.52619500e-03
  5.85558750e-02  5.89655563e-02 -3.29380669e-02 -3.00578661e-02
  2.86177862e-02 -6.18050657e-02  9.62350238e-03  2.63565481e-02
 -5.84442876e-02 -5.60196787e-02 -3.18382382e-02 -2.68863607e-02
 -3.51020135e-02 -4.84236814e-02 -4.87059578e-02  5.94682507e-02
  2.04251334e-03 -1.44531071e-01  7.61785870e-03 -2.76355967e-02
  1.20082252e-01 -8.88327416e-03 -8.64443034e-02  1.93442944e-02
  1.52113046e-02  4.55978885e-02  5.02874004e-03 -1.89771783e-02
  5.52492961e-02 -1.43680815e-02 -1.07755892e-01  3.95862199e-02
 -1.05681568e-01  4.34910432e-02  2.83238739e-02 -2.03346480e-02
  8.48362297e-02  3.82246971e-02  4.39511314e-02  1.21713700e-02
 -3.45090963e-02  3.29289138e-02 -1.45216435e-02  8.35574120e-02
 -8.39697570e-02  6.06583729e-02  2.75238249e-02 -1.43152393e-32
 -3.27596329e-02  1.41980443e-02 -4.44583669e-02 -3.24482620e-02
  7.49805197e-03 -1.01232883e-02 -3.95199191e-03 -7.72036463e-02
  7.42676947e-03 -7.66526088e-02 -8.43686685e-02 -8.23945478e-02
  6.26923367e-02 -3.13718170e-02 -6.50994703e-02  6.82432055e-02
 -1.43366456e-01 -7.85916522e-02 -4.88786958e-02  5.81154320e-03
  7.47185480e-03  6.99050799e-02  5.28408438e-02 -3.97214964e-02
  3.18778306e-02 -7.63407350e-02 -3.14358212e-02 -2.30090301e-02
 -5.52001409e-02 -9.09366296e-04  4.03981917e-02 -3.38413604e-02
 -2.11153012e-02  1.02267362e-01 -3.40462895e-03 -4.06517051e-02
  7.97340795e-02 -4.75761332e-02 -4.24112380e-03  1.09646514e-01
  1.17528111e-01  5.79833947e-02 -3.24195437e-02 -7.81989172e-02
 -5.54194003e-02 -4.66784462e-02 -1.77062750e-02 -1.13871709e-01
  4.46731746e-02 -9.21181291e-02  7.08361343e-02 -5.98852895e-02
 -4.88650911e-02 -2.38239314e-04  1.79022774e-02 -4.26605046e-02
  1.39828911e-02 -5.13459817e-02 -1.10780865e-01  7.31348805e-03
  9.31416899e-02  4.67596836e-02  1.45725869e-02  2.03476083e-02
  7.37887174e-02  2.42927670e-02  1.45762004e-02  1.64021980e-02
 -5.89973964e-02  2.20136959e-02  2.84814294e-02 -5.14807515e-02
 -9.64601040e-02 -4.03317101e-02  1.33150415e-02 -4.80269752e-02
 -8.62724520e-03  1.61869898e-02 -5.98226525e-02  5.43340780e-02
 -6.69196174e-02  9.56351589e-03 -4.58689369e-02  9.23879351e-03
 -7.52055347e-02  2.67493129e-02  2.19813436e-02  1.48713663e-02
 -4.07532649e-03  8.99297446e-02 -8.35169479e-02  3.20178010e-02
  3.22866254e-02  6.95190877e-02 -5.45463227e-02 -6.37552731e-08
 -3.03610452e-02  3.11508751e-03  8.00529029e-03 -1.98775288e-02
 -3.88420597e-02 -3.33402306e-02 -1.54227847e-02  1.78125426e-02
 -1.16619766e-02  2.68169381e-02  3.39532010e-02 -4.21496741e-02
 -5.68880886e-02 -1.45203462e-02  5.48325591e-02 -5.25847338e-02
  4.33606580e-02  5.21878973e-02 -7.68654943e-02 -7.14160874e-02
  4.65740487e-02 -1.99458823e-02 -6.97013810e-02 -2.10440103e-02
  2.03870796e-02 -2.61418410e-02 -2.80553009e-02 -8.33482295e-03
 -4.74425815e-02  9.24919918e-02 -1.31195122e-02  2.74521541e-02
  7.39164129e-02 -8.68196636e-02  4.64161206e-03  4.84090578e-03
  1.96118224e-02  3.34234186e-03 -1.59995854e-02  9.01763216e-02
  5.83300702e-02  3.24557722e-02 -4.10440452e-02  1.89966392e-02
  4.47702222e-02 -4.85508982e-03 -7.48613849e-02  7.87077993e-02
 -2.23012008e-02 -3.47527526e-02 -2.77356990e-02  3.55097087e-04
  1.18392371e-02  1.42496200e-02  6.41386770e-03 -6.36618072e-03
  8.51307213e-02 -8.36711749e-03 -1.65182911e-02 -2.69312016e-03
  5.35100363e-02  1.11479305e-01  7.31071755e-02 -4.72952388e-02]