[ 2.64588203e-02  1.97969023e-02 -4.64734100e-02 -4.70950827e-02
 -6.28994405e-02  3.19419503e-02 -2.13284642e-02  9.66694951e-02
 -3.97831984e-02  6.42315373e-02  1.27923280e-01 -2.16426980e-02
 -3.14601138e-02  5.25887907e-02  7.07567204e-04 -8.68614540e-02
  5.48155345e-02 -4.07917425e-02 -3.42302886e-03  2.80077476e-02
  1.13553025e-01 -5.39224036e-02 -6.24503307e-02  1.84705760e-02
 -7.17985108e-02 -1.53171076e-02 -7.61456639e-02 -9.32285003e-03
 -4.50234413e-02 -2.58293841e-02 -3.64488810e-02  8.26265961e-02
  6.79166317e-02  8.18954129e-03 -1.46529614e-03  1.95153914e-02
  4.08679955e-02 -2.16603819e-02 -1.20214913e-02  9.92148444e-02
 -6.89781681e-02 -5.69681413e-02 -6.03672713e-02 -8.63730684e-02
 -9.90253035e-03 -3.78386374e-03  3.41958627e-02 -3.63768190e-02
 -1.46803623e-02 -2.79248180e-03 -3.00328378e-02 -7.32027087e-03
 -3.15196700e-02  6.10334426e-02 -4.97720996e-03 -6.33852333e-02
 -5.45929652e-03 -2.75977310e-02 -2.91470811e-02  9.37466696e-02
 -5.58105409e-02  6.96297437e-02 -3.59292626e-02  3.31100337e-02
  7.84668326e-02 -5.56534007e-02 -1.83905587e-02 -4.23781984e-02
 -3.28612067e-02 -7.76907010e-03  1.55503694e-02 -7.30698854e-02
  3.54964728e-03  7.70011693e-02 -4.97828647e-02  3.31194550e-02
  2.46884525e-02  5.93538061e-02  5.13775907e-02 -1.90923527e-01
  1.00392494e-02  2.43651848e-02 -9.65511613e-03 -4.19437839e-03
 -3.87213156e-02 -9.69299115e-03 -3.11481860e-02 -1.27357850e-02
  9.52821225e-02 -1.66487508e-02  1.51932621e-02  6.25546724e-02
 -8.35760906e-02  1.07989246e-02 -2.51537021e-02 -4.22758684e-02
 -1.67727005e-02  2.33479645e-02 -6.06740732e-03 -5.03649488e-02
  1.34461820e-02 -3.31821702e-02  2.70505343e-02  5.70718050e-02
 -5.98617569e-02 -1.75784770e-02 -2.63050012e-03  2.20814254e-02
 -4.02185805e-02  1.09796375e-01 -1.02150701e-01  4.15135780e-03
 -8.59006420e-02 -7.55256265e-02 -8.52466226e-02  3.54752801e-02
 -8.41145739e-02 -5.38579598e-02  1.09914253e-02  3.86183187e-02
  4.13010530e-02  1.24339908e-02  5.68506159e-02 -4.92133982e-02
 -9.95979365e-03 -4.73169088e-02  4.68368046e-02  1.18771376e-32
 -2.11544093e-02 -4.22045812e-02  2.65058316e-02  8.38565007e-02
 -1.93380099e-02  3.18797231e-02 -4.70702127e-02  2.86622904e-02
  4.94044721e-02  5.93005344e-02 -5.89099601e-02  5.42428419e-02
 -4.59956797e-03  1.60879008e-02  8.72832537e-02  6.04037195e-03
  4.11294699e-02  8.69424082e-03 -2.41957754e-02  6.57085180e-02
  2.20962111e-02  3.51154953e-02  1.78513192e-02 -2.85701621e-02
  8.00059885e-02  4.93285283e-02 -4.64908108e-02 -2.51151249e-02
 -4.94127795e-02  4.34032083e-02  2.37766467e-02 -8.46473221e-03
 -3.62169626e-03 -7.79933929e-02 -7.02490360e-02 -9.13408399e-03
 -4.54841135e-03 -3.82499471e-02 -6.78575262e-02 -4.44189720e-02
 -1.52265271e-02 -1.33872405e-02  6.49626106e-02  3.62406559e-02
  7.11734891e-02 -2.75941566e-03  1.20025679e-01 -2.47433502e-02
  7.33629093e-02  9.20106471e-02 -7.10778311e-02 -2.53580473e-02
 -2.69611645e-02 -3.85051072e-02 -1.53042213e-03  5.04658930e-02
 -3.00175902e-02  3.35144587e-02 -7.62506276e-02 -5.51778972e-02
 -8.06201808e-03 -6.23100661e-02 -3.42081413e-02  1.99458897e-02
  2.39017159e-02 -9.16992575e-02  1.59400422e-02  2.16197073e-02
  1.44216940e-01  4.05191146e-02 -1.11695975e-01 -2.91880704e-02
  3.38872932e-02  5.11260182e-02  6.27738759e-02 -4.10116976e-03
  4.57655676e-02 -1.30791636e-02 -6.68041557e-02 -7.21083768e-03
 -4.83173244e-02  6.06206805e-02 -2.25793123e-02 -2.08851751e-02
  1.16781890e-01  5.61937615e-02  7.10501969e-02  2.93582417e-02
 -1.72716919e-02  8.35408345e-02 -3.17581072e-02  6.08075447e-02
 -5.36803193e-02  5.70328161e-02  3.08784228e-02 -1.61071775e-32
  1.66946948e-02  4.10659574e-02 -3.61067913e-02 -3.86706390e-03
  5.79119213e-02  2.60051284e-02  3.88601869e-02 -1.94177032e-02
 -5.49182445e-02 -5.67952432e-02 -1.88865718e-02 -8.68437886e-02
  9.09386054e-02 -1.12557104e-02 -7.96950534e-02  1.59268305e-02
 -1.16797559e-01 -2.25256085e-02 -6.59042131e-03  4.04655412e-02
  1.56772658e-02  1.10872112e-01  7.08912686e-03 -3.20291445e-02
 -3.47182830e-03 -7.59321749e-02 -2.04795990e-02 -3.96698751e-02
 -6.23067655e-02 -1.67745873e-02 -1.52978180e-02 -1.25064859e-02
 -5.77860177e-02  1.40231475e-01 -5.56901768e-02 -3.29650119e-02
 -6.17644610e-03 -8.01775511e-03 -1.29270311e-02  9.34493095e-02
  5.05916476e-02  2.52095815e-02  1.79782547e-02 -8.64270329e-02
 -7.49701783e-02 -8.55924711e-02 -4.35611419e-02 -1.14566416e-01
  4.14349325e-02 -3.66080739e-02  7.01278374e-02 -2.70899143e-02
 -9.83825475e-02 -1.31585235e-02  6.01390339e-02 -9.09974501e-02
  4.05264087e-03 -1.08284324e-01 -1.09591432e-01  1.67683344e-02
  1.25339165e-01  4.70032319e-02 -4.59273495e-02  1.17817335e-02
  1.83511358e-02 -5.07682748e-02  1.60810631e-02  3.65317091e-02
  4.58834087e-03 -1.83023494e-02  3.10173891e-02 -8.08141753e-02
 -3.91438678e-02 -2.50648092e-02 -1.91688165e-02 -6.40003309e-02
 -2.41151098e-02 -3.11897062e-02 -5.57553908e-03 -1.55160101e-02
 -2.93677114e-02 -1.00587994e-01  1.28004877e-02 -1.29960841e-02
 -8.01721737e-02  5.10934554e-02 -3.51557648e-03  5.14169224e-03
  3.78463417e-02  3.93098705e-02 -5.74089400e-02 -1.48926293e-02
  1.10948617e-02 -2.50710417e-02 -4.04752083e-02 -6.81963570e-08
  4.46281359e-02  2.09843051e-02  4.34396192e-02  1.29479030e-02
 -6.94464147e-03 -9.18916240e-02 -5.80575541e-02  6.26978930e-03
  2.26732474e-02  2.21128967e-02  1.59964319e-02  1.58400442e-02
 -4.72734198e-02 -6.36278652e-04  4.65901792e-02 -6.20505363e-02
  2.67281756e-02  7.25944564e-02 -2.27351841e-02 -4.97020259e-02
  3.08869444e-02 -4.02926765e-02 -8.94777402e-02 -1.63952373e-02
 -3.32724419e-03  6.88004633e-03 -5.03140576e-02  1.81494486e-02
 -1.01206657e-02  5.59948944e-02  2.01791283e-02 -4.27506901e-02
  3.04666553e-02 -1.14271142e-01 -3.55032533e-02 -1.81878563e-02
 -2.18344051e-02 -2.58661211e-02 -6.06839620e-02  3.03064734e-02
  9.85876843e-02 -4.78345640e-02 -1.30625656e-02  1.65875982e-02
  1.01194829e-02  4.29092422e-02 -4.69314456e-02  6.90109730e-02
 -6.50510751e-03 -9.78604518e-03 -5.33177741e-02  7.31665059e-04
  2.53090579e-02 -1.91441905e-02 -7.93660060e-03  8.12292472e-03
  5.77147193e-02  8.20957415e-04 -5.19788004e-02  2.09244317e-03
  5.35864569e-02  9.33664199e-03 -1.44822132e-02 -5.49263135e-02]