[ 3.09178568e-02  3.48456167e-02 -6.13854304e-02 -4.36852314e-02
 -8.97975340e-02  3.52193229e-02  1.59379952e-02  1.09225690e-01
  6.55642673e-02  4.59399223e-02  8.93970579e-02 -1.22045815e-01
 -3.25040659e-03  1.52123789e-03 -1.26772122e-02  8.56308732e-03
 -1.90270171e-02  1.24379145e-02 -4.45022024e-02 -4.24441881e-03
  9.63779464e-02  2.93327421e-02 -1.86969824e-02  4.40269262e-02
 -8.95073190e-02 -7.67832762e-03  1.38912806e-02  2.24611051e-02
 -5.75660504e-02 -6.73486888e-02 -7.12873712e-02  1.40551031e-01
  2.99995951e-02 -1.92011166e-02  1.87165327e-02 -3.90107334e-02
 -3.01012360e-02 -5.06720804e-02  4.20737080e-02  4.42966446e-02
 -6.11078180e-02 -2.55906116e-02 -1.82935335e-02 -8.27041045e-02
 -1.32769328e-02 -6.31961897e-02  2.44663004e-02  9.56873149e-02
  6.69421256e-03 -3.00789513e-02 -9.38711688e-02  8.05972784e-04
 -1.31612048e-01 -5.48095629e-02 -7.08511025e-02 -9.48529691e-02
 -5.10313064e-02 -7.86020011e-02 -1.86545309e-02  6.74839094e-02
 -3.15486826e-02  1.22386545e-01 -6.87939255e-03  6.66747391e-02
 -2.14102771e-02  2.40829308e-02 -3.15128826e-02  1.02796825e-02
 -2.44768281e-02  5.51247858e-02  3.26548591e-02 -6.43696338e-02
  3.63936648e-02 -1.41950957e-02 -6.28108159e-02  3.55886817e-02
 -5.52866794e-03 -1.90369003e-02  7.60231167e-02 -1.25047982e-01
 -1.83602162e-02  6.67953044e-02 -4.59613018e-02 -4.86886725e-02
  4.81395908e-02 -6.65376708e-02  3.29499245e-02 -1.77788697e-02
 -4.36394755e-03 -1.04380157e-02  3.79336327e-02 -4.38904297e-03
 -7.60978907e-02  9.41512454e-03  3.21081877e-02 -3.37506123e-02
 -2.57987827e-02  3.07282768e-02  1.09539889e-02  2.30966066e-03
  1.53028471e-02 -7.25825829e-03 -9.13600624e-02  1.80713851e-02
 -1.08586878e-01 -3.00028734e-02  5.02136350e-02 -3.19040641e-02
  5.84561117e-02  9.03930813e-02 -1.05419263e-01  1.34124989e-02
 -1.25523388e-01 -1.20225243e-01 -4.27746549e-02 -2.42309868e-02
 -7.87415728e-03 -5.71930595e-03  1.57983750e-02  1.17728487e-02
  1.75576285e-02 -3.22160870e-02 -4.90471721e-02 -7.01175863e-03
 -4.52296585e-02 -6.30750433e-02  2.85824612e-02 -1.91489481e-33
 -7.15204775e-02 -2.74970103e-02  1.08955996e-02  8.36233571e-02
  4.02991734e-02  9.25627723e-02 -3.32509875e-02  9.29052662e-03
  1.82722788e-02  2.58849170e-02 -7.82375336e-02 -1.54312579e-02
 -4.46232557e-02 -3.94658893e-02  3.72815058e-02  4.42466093e-03
  2.56485473e-02 -1.37141328e-02 -7.67690167e-02  8.63513723e-03
  2.39229165e-02  6.97909994e-03  4.60289679e-02  3.57152484e-02
  8.63515288e-02  1.79854352e-02 -4.32824716e-02 -5.40305860e-02
 -7.22312555e-02  5.62752225e-03  1.02339372e-01 -4.97249514e-02
 -2.34089103e-02 -3.58529575e-02 -1.33363828e-02 -4.80414741e-02
  3.10586970e-02 -2.38203835e-02 -3.14489263e-03 -1.15251178e-02
 -6.33120164e-02 -9.68322624e-03  5.73456958e-02  1.26235010e-02
  1.06690176e-01 -3.97736914e-02  5.52865036e-04  8.42599571e-03
  4.78333011e-02  1.84629075e-02 -4.24517281e-02 -2.58949529e-02
 -5.07207699e-02 -2.36955639e-02  4.81577441e-02  2.95795575e-02
 -1.01230122e-01  8.21838155e-02  3.59809138e-02  2.42693461e-02
 -1.21797938e-02  4.85252496e-03 -1.02968298e-01 -5.77710196e-02
 -3.32366638e-02  1.26825105e-02 -5.47954030e-02 -6.16968013e-02
  1.31220609e-01 -3.46062109e-02 -7.37254024e-02 -5.10228351e-02
  1.22491578e-02  6.08874485e-02 -6.96723834e-02 -2.55413796e-03
 -3.73364836e-02 -3.98177374e-03  5.25787892e-03 -2.82549039e-02
 -3.09135672e-02 -2.54240241e-02 -4.51983325e-03 -2.45942231e-02
 -1.39665855e-02  4.79035527e-02  2.93519869e-02  5.98179251e-02
 -2.03138646e-02  6.15692511e-02  4.38145176e-02  1.41860666e-02
  1.82402425e-03 -3.71259674e-02  6.15621582e-02 -7.47185939e-33
 -2.32912390e-03  3.51735065e-03 -1.60309300e-02 -1.74582712e-02
 -3.16625624e-03 -3.84427756e-02 -8.89773369e-02 -3.77615653e-02
 -1.05029196e-02  2.22486560e-03  7.86844175e-03 -3.74657661e-02
  6.56619743e-02 -3.05648688e-02 -3.11349090e-02  5.73954694e-02
 -4.87176105e-02  4.76620868e-02 -1.01467453e-01  4.46964465e-02
 -3.31765413e-02  8.86520222e-02  2.58500483e-02 -1.07216258e-02
  4.25191922e-03 -1.70363169e-02 -5.11595455e-04 -1.55590381e-02
 -2.26011463e-02 -7.54204206e-03 -4.26485427e-02  1.29800756e-02
 -5.64191081e-02  7.38923624e-02 -1.76530760e-02 -1.17009342e-01
  6.86080009e-02 -1.41195850e-02 -4.10177633e-02  1.05562262e-01
  5.76147847e-02  6.88043088e-02  4.70624566e-02 -1.89773720e-02
 -7.24851489e-02 -2.66872756e-02 -2.63122637e-02 -1.08510807e-01
  2.30025388e-02 -2.59142462e-02  3.70512865e-02 -8.61488208e-02
 -5.06179780e-02 -5.67306392e-02 -9.04913433e-03  1.43683869e-02
 -3.75278741e-02 -8.74275044e-02 -7.86534026e-02 -3.57351615e-03
  9.80014652e-02  6.94946870e-02 -5.35636097e-02 -6.91007916e-03
  1.24301910e-01 -3.61040235e-02 -7.55296573e-02  3.85679789e-02
  4.67627198e-02 -4.79941443e-02  2.08295733e-02 -4.72186543e-02
 -1.36421934e-01 -4.74463515e-02  9.36923921e-03 -4.48826104e-02
 -1.02162190e-01  2.11848710e-02  1.29652014e-02  5.46935983e-02
 -2.92959735e-02 -5.06369360e-02  1.66770574e-02 -7.66298908e-04
 -2.47589387e-02  4.20297192e-06  2.20911819e-02 -4.24417900e-03
  1.16974059e-02  4.29988699e-03 -4.57025096e-02 -5.00852540e-02
  3.59019004e-02 -6.55181855e-02  4.53730151e-02 -5.55979547e-08
 -1.32278688e-02 -1.02564476e-01  9.16296989e-02 -5.34380376e-02
  7.11969361e-02 -4.20056172e-02 -4.42196503e-02 -5.99044450e-02
 -9.27577261e-04  1.38093745e-02  1.70106278e-03 -8.82591680e-03
 -7.00775683e-02 -1.34375440e-02  3.75320613e-02 -5.70317321e-02
  4.90317261e-03  7.57935718e-02 -2.32674405e-02 -6.86562732e-02
  1.48295183e-02 -2.10402310e-02 -8.71653408e-02  3.33369114e-02
  5.79959862e-02 -4.90104742e-02 -7.02515151e-03  3.16684246e-02
 -2.78644264e-02  1.01410396e-01  6.26980560e-03 -2.38932148e-02
  2.66162716e-02 -6.62148371e-02 -4.79623303e-02 -9.71517700e-04
  7.66727477e-02  2.09201016e-02 -3.95986252e-02 -5.19902818e-03
  3.09698004e-02 -1.02535784e-02  8.44175741e-03  4.27834019e-02
  6.56647533e-02 -2.84382533e-02  7.08881998e-03 -8.21710750e-03
 -2.03488115e-02 -7.23470971e-02 -2.48607807e-02  3.68280970e-02
  1.44268023e-02  5.79740889e-02 -5.96613511e-02 -7.93978497e-02
 -1.45167811e-03  6.35807216e-02  3.83890979e-03 -1.30546722e-03
  7.33400136e-02  4.27869856e-02  1.00501981e-02 -1.24506913e-02]