[-1.31758945e-02  7.79921189e-02 -1.07922535e-02 -6.83324412e-02
 -4.70400676e-02 -1.33609176e-02  6.84395134e-02  7.75630847e-02
  2.11967062e-03  9.89027843e-02  8.20075944e-02 -2.28052586e-03
 -2.52759531e-02  9.64885578e-03 -7.13278074e-03 -2.04169638e-02
  1.06312335e-01 -8.10223259e-03  1.98666025e-02  6.96299076e-02
  1.62613764e-01 -6.03374913e-02 -4.76864912e-02  2.51114015e-02
 -1.10116616e-01  1.68681722e-02 -8.90763551e-02 -1.26647176e-02
 -2.38247737e-02 -3.54448482e-02 -3.72131355e-02  4.62473556e-02
  1.87382810e-02  2.81356927e-02  1.14333555e-01 -1.43561922e-02
  7.59114623e-02 -1.14657348e-02  7.31951976e-03  1.93839509e-03
 -8.16824064e-02 -2.57289391e-02 -8.54873061e-02 -6.57104552e-02
  1.77556090e-02  5.73675893e-03  6.65120482e-02  1.27007728e-02
 -6.59196600e-02 -6.66801445e-03 -2.78688315e-02  2.55291956e-03
 -2.71041170e-02  1.50753185e-02  7.60092447e-03 -4.86766100e-02
 -2.81314123e-02  2.35693213e-02 -4.56716195e-02  6.46813586e-03
 -1.89917274e-02  3.29502882e-03 -6.43134117e-02  1.59611814e-02
  4.63909507e-02  7.16589298e-03 -2.52792854e-02 -2.84768548e-02
 -6.53884038e-02 -9.49121313e-04  6.65898100e-02 -8.52059126e-02
  5.04622012e-02 -1.43733835e-02 -5.26216812e-02  3.12273782e-02
  3.75042520e-02  1.18016802e-01  1.17881577e-02 -1.54583529e-01
  2.44749170e-02  1.75756291e-02 -1.41704343e-02 -5.58295138e-02
 -1.87857095e-02 -3.49492542e-02 -5.22335619e-02 -1.42676076e-02
  1.04058437e-01  1.05660530e-02  1.07418830e-02  3.43689211e-02
 -8.20037816e-03 -6.37181625e-02  4.54443805e-02 -3.47207151e-02
 -1.09174531e-02  3.99232768e-02  4.48325761e-02  4.39315178e-02
  7.79881626e-02  6.12266809e-02 -1.21543864e-02  5.07537760e-02
 -1.72685757e-02 -1.31037366e-02 -1.39763150e-02 -8.16432759e-02
  4.31063138e-02  5.62041812e-02 -6.15775958e-02 -2.25081872e-02
 -4.41104248e-02 -8.48366171e-02 -8.23205411e-02 -2.90917531e-02
 -4.81188335e-02 -1.16661908e-02 -1.89024291e-03 -3.48820873e-02
  4.69569340e-02  3.90178664e-03 -1.62852164e-02  8.25564098e-03
  3.07291858e-02  4.21755156e-03  7.09979050e-03  1.00561632e-32
  1.73727348e-02 -1.01220146e-01  4.79185246e-02  2.91957101e-03
 -3.78012955e-02  2.87579130e-02 -3.78585234e-02 -1.08322818e-02
  4.44634035e-02  8.03654864e-02 -2.86106076e-02  2.16916390e-02
 -2.78430860e-02 -5.45240007e-03  1.27204761e-01 -6.53621629e-02
 -2.04861676e-03  1.00945681e-03  4.03222628e-02  1.84510965e-02
 -1.94071345e-02  1.67412516e-02 -1.60319004e-02 -9.52262059e-03
  1.11789536e-02  8.48334953e-02 -9.22686979e-02 -5.46009652e-02
 -6.43797591e-02  5.82492687e-02  3.11406199e-02 -4.45832461e-02
  3.51839960e-02  7.55557558e-03 -4.66359593e-02 -5.39319888e-02
 -5.49397096e-02  2.92945802e-02  4.27546911e-03 -7.82320127e-02
 -5.37448004e-02 -1.92815252e-02  7.31207579e-02  2.10253671e-02
  5.70688210e-03 -7.52734989e-02  8.60703066e-02 -2.38322597e-02
  1.01321943e-01  5.09353727e-02  4.35790718e-02 -3.39225940e-02
 -2.17894074e-02 -8.58994201e-02 -9.57826525e-03 -3.21050808e-02
 -8.26271847e-02  4.02349755e-02 -4.39478047e-02 -3.94839384e-02
  2.18279902e-02 -6.66524470e-02 -8.81768838e-02  1.44032454e-02
 -6.17014728e-02 -7.72614032e-03 -2.51400918e-02 -7.07363198e-03
  1.41898200e-01  4.37390916e-02 -8.91866088e-02  2.48191636e-02
  3.49844918e-02  7.87739232e-02  2.57860590e-02  1.15979239e-02
  9.18383673e-02  2.56472528e-02 -7.06411824e-02 -2.21826341e-02
 -4.34291326e-02  2.93080625e-03  1.79333258e-02 -7.28009595e-03
  3.91762555e-02  6.22760318e-02  5.18351197e-02  3.87385078e-02
  3.94582078e-02  2.25286372e-02 -1.14572179e-02  4.92043085e-02
 -5.00618294e-02  7.33855218e-02  3.25537436e-02 -1.29861769e-32
  2.09814645e-02 -2.52428968e-02 -3.91232371e-02 -6.26345351e-02
 -4.11665114e-03  5.23811802e-02  2.51110122e-02 -8.41346383e-02
 -4.60185483e-02 -9.19240415e-02 -2.75932010e-02 -8.62947404e-02
  6.93181232e-02  4.47675399e-02 -1.03180669e-01  4.38370593e-02
 -7.18387067e-02 -2.59416569e-02 -3.66859846e-02 -3.16567093e-05
  1.61803868e-02  1.37780368e-01  1.05787240e-01 -4.36213166e-02
 -3.74360681e-02 -5.87539636e-02 -2.68358812e-02 -5.58689907e-02
 -3.78314108e-02 -2.99574132e-03  1.46525437e-02 -1.10186404e-02
 -2.65200604e-02  5.26574515e-02  2.19013402e-03 -4.81592417e-02
  1.60373673e-02 -3.23092267e-02 -3.85462977e-02  5.64989634e-02
  3.03695668e-02  8.80218521e-02  5.74478414e-03  1.11139109e-02
 -6.05383292e-02 -8.92595417e-05 -6.83496967e-02 -1.35265872e-01
  1.40109356e-03 -1.33185059e-01  3.31452601e-02 -1.59689803e-02
 -6.94599049e-03 -2.57868078e-02  3.39675620e-02  1.08862109e-02
 -7.01241940e-02 -8.00284967e-02 -4.86669876e-02  4.05692905e-02
  5.75184748e-02  1.16550801e-02 -1.97189823e-02 -4.91794795e-02
  1.25383884e-01  2.63703521e-02 -3.86780687e-02  2.71602217e-02
  2.96491347e-02  1.38505455e-02  6.64504841e-02 -1.13164827e-01
 -1.04643099e-01 -1.17613906e-02  2.76741106e-02  4.96391486e-03
 -9.84852668e-03 -3.89131345e-02 -5.35537526e-02  8.53126310e-03
 -6.77934811e-02 -8.71476345e-03 -5.97342215e-02  8.10200814e-03
 -5.41812778e-02  3.82466540e-02 -3.22265732e-05  2.66917120e-03
 -1.58117935e-02  1.02957338e-01 -4.80809882e-02  6.12879824e-03
  9.69467387e-02  5.27812652e-02 -2.19344646e-02 -6.25105940e-08
  2.30074450e-02 -7.04051256e-02  3.13113853e-02  3.17838900e-02
  1.72843854e-03 -3.53448130e-02 -6.12707296e-03 -1.00391451e-02
  1.21967038e-02  2.73261573e-02  6.27674982e-02 -4.01583351e-02
 -1.09164454e-01 -3.05006909e-03  3.24058905e-03 -2.84914561e-02
  1.43371709e-02  6.30471483e-02 -5.48734665e-02 -5.74991591e-02
  3.37589420e-02 -4.24700491e-02 -9.27010551e-02 -3.73374894e-02
  2.74983160e-02 -1.92254614e-02 -2.43342388e-02 -1.43314283e-02
 -3.61343235e-04  5.61469011e-02 -2.51671653e-02  1.84378251e-02
  1.27491709e-02 -7.62770548e-02 -1.07622690e-01 -4.24166629e-03
 -4.23111580e-03  3.20769958e-02 -4.59397435e-02 -3.63711268e-02
  5.25646061e-02 -2.18091495e-02 -1.95567738e-02  2.94442456e-02
  2.22062878e-02  5.02650579e-03 -1.05972923e-02  4.00754474e-02
  1.03581864e-02 -4.64153178e-02 -5.63203059e-02  4.67547141e-02
  6.00404590e-02  4.58802423e-03 -4.48252540e-03 -4.51211929e-02
  8.93305615e-02  3.33106108e-02 -1.23400968e-02 -5.63189313e-02
  1.15327269e-01  5.55823520e-02  1.12914713e-02 -3.43037210e-02]