[-2.10964624e-02  7.44615272e-02 -3.31363194e-02 -7.33158439e-02
 -7.14073628e-02 -6.88434616e-02  5.01592420e-02  1.35487959e-01
  5.49071543e-02  1.50639908e-02  4.66035083e-02  5.76990359e-02
 -1.36144171e-02 -5.18159866e-02 -7.92986974e-02 -6.53011724e-02
  3.71044292e-03 -1.57337217e-03 -4.40483578e-02  6.80485293e-02
  6.82561621e-02  8.17582011e-03  1.38889503e-04  1.38170943e-02
 -2.46824753e-02 -3.77955586e-02 -5.85397221e-02  1.31324353e-02
  4.29455638e-02 -6.74022064e-02  8.45833495e-02  2.04386283e-02
 -1.55685320e-02 -5.91366589e-02 -2.00240109e-02  1.44807752e-02
  6.12260289e-02 -1.00135200e-01 -1.06140919e-01  5.67283258e-02
 -5.87501302e-02  2.20870990e-02 -3.71848866e-02  2.88196839e-02
  4.02353778e-02 -1.89635754e-02 -1.08595431e-01  1.22849345e-02
  2.28547920e-02  3.70031148e-02 -9.92588028e-02  1.87721085e-02
  5.78860566e-03  1.82541702e-02 -3.28591317e-02 -3.06040198e-02
 -7.92610049e-02 -1.11313192e-02 -4.50753514e-03 -1.10302523e-01
  2.91576032e-02 -1.68657657e-02  2.26479843e-02 -1.79057606e-02
 -4.07904796e-02  1.21031683e-02  5.45467436e-02 -1.16235949e-01
 -3.48803215e-02  1.36431316e-02 -2.07857471e-02 -6.00697063e-02
  8.07537660e-02  1.04608268e-01 -7.94172809e-02  6.04610667e-02
  2.41751261e-02 -6.24701269e-02  2.77888607e-02 -6.79872259e-02
  2.79120598e-02 -5.39328121e-02  4.56745457e-03 -1.04748346e-02
  5.76097928e-02  3.13694961e-02 -2.94325240e-02  3.27935033e-02
 -4.50901911e-02 -5.70022054e-02  5.49438298e-02  2.90462072e-03
  7.02982815e-03 -5.35768829e-02 -2.54043657e-02 -1.35795567e-02
  2.00883374e-02  4.47338931e-02 -2.71493848e-02  4.63759154e-02
  2.66737211e-02  1.43155819e-02  7.49493530e-03  8.48343968e-02
 -1.01989768e-01 -2.11087726e-02 -5.57482168e-02  1.02954945e-02
  1.79622918e-02  4.86217020e-03 -9.93410423e-02 -2.03090645e-02
 -5.34578897e-02 -7.12477267e-02 -3.85665856e-02  5.31845652e-02
 -5.84371760e-02  2.21530627e-03  6.94578364e-02  4.09009643e-02
 -2.22787801e-02 -6.54901564e-02 -9.82836541e-03 -7.21837953e-02
  2.47916114e-02 -4.52475622e-02  7.11730197e-02  1.94765514e-32
 -4.87688072e-02  2.67158337e-02 -1.62237249e-02  2.85686757e-02
 -7.76206236e-03 -4.28609252e-02 -1.22780554e-01 -3.82889877e-03
  8.00892189e-02 -4.18462716e-02 -5.32588139e-02  3.87424231e-02
 -1.52953500e-02  2.29044016e-02  3.95048968e-02 -3.99821484e-03
  5.32620437e-02  7.72102736e-03  1.51029555e-02 -7.59017989e-02
 -3.17090861e-02 -5.07021882e-02  6.16928153e-02 -1.23076830e-02
 -1.19284810e-02  7.16109499e-02 -3.03613264e-02  3.96604836e-02
 -1.14883017e-02  4.45267111e-02 -1.23458439e-02 -1.05695548e-02
  1.99964140e-02 -1.31991699e-01 -3.73697914e-02  5.04844589e-03
 -7.00793555e-03 -2.39365324e-02 -2.39287354e-02 -2.71932185e-02
 -2.43875273e-02  7.62574971e-02  2.52744295e-02 -2.23489478e-02
  3.33818533e-02  1.85331944e-02  9.53684151e-02  3.90370339e-02
  1.09231874e-01 -2.84450664e-03 -7.66215622e-02 -5.22797965e-02
 -9.66920238e-03 -3.13190580e-03  6.65219277e-02  6.87515363e-02
 -6.15381263e-02  6.30115578e-03  3.45243625e-02  4.93051186e-02
  2.39388254e-02  4.43676189e-02  4.25324775e-02  3.44555378e-02
 -4.24069725e-02 -3.46799865e-02  1.71789471e-02 -5.14120162e-02
  6.04963750e-02  3.74622270e-02 -4.83863913e-02 -7.12108389e-02
  5.46823293e-02  4.37665135e-02 -2.30290499e-02  8.43139142e-02
  3.85386194e-03 -1.14675220e-02 -7.47716352e-02 -6.92654448e-03
 -1.20978653e-02  6.56529889e-02  9.80531611e-03 -2.93534802e-04
  1.04221649e-01 -1.09744156e-02 -6.56171143e-03  1.34006068e-02
 -5.33202961e-02  6.86957911e-02 -1.54615305e-02  9.23607051e-02
 -1.20884711e-02 -4.88864142e-04  1.15072681e-02 -2.03520228e-32
 -1.14521850e-02  3.53305750e-02  2.03452967e-02  3.18994746e-02
  2.50679087e-02 -1.63921285e-02  5.47874160e-03 -4.01706323e-02
  8.94982144e-02 -4.16374505e-02  7.85596371e-02 -6.67510852e-02
  1.13218114e-01 -1.89493354e-02 -2.27318835e-02  1.48772858e-02
 -6.30842522e-02 -9.33512375e-02 -5.68146259e-03 -2.23380756e-02
 -2.36288905e-02  8.62751827e-02 -3.81304440e-03  1.17610516e-02
 -1.41869625e-03  4.18730155e-02 -2.97345910e-02 -2.04454898e-03
 -6.47690445e-02 -9.97120440e-02  5.75588318e-03 -9.49900690e-03
 -2.11774930e-02  1.00523770e-01 -4.07105719e-04 -2.96078734e-02
  8.74345526e-02  4.02235538e-02 -4.42484654e-02 -1.91206876e-02
  4.67919149e-02  1.02909438e-01  9.02836025e-02 -5.17946556e-02
 -3.18089239e-02 -1.08825788e-01  2.55491864e-02 -1.14428766e-01
  9.94597375e-02 -5.99475205e-02 -2.32780538e-03 -2.77741086e-02
 -7.05035478e-02 -6.34661829e-03  5.37887923e-02 -3.65382321e-02
 -8.21700171e-02 -8.59570727e-02 -7.63077065e-02 -9.17111523e-03
  1.22813426e-01 -1.30036264e-03 -4.63883616e-02  6.05750903e-02
  1.14168756e-01 -4.04700823e-02 -5.85593376e-03 -1.37662375e-02
  5.18979738e-03  4.62546758e-02  6.83924034e-02 -5.85482642e-02
 -2.56128311e-02 -4.50912816e-03  1.19708981e-02 -3.93206552e-02
 -3.89047228e-02 -3.49115254e-03  1.46245454e-02 -1.08185168e-02
 -4.92956825e-02 -5.84627911e-02 -5.06762452e-02 -2.20522285e-03
 -7.16554523e-02 -4.97499369e-02 -5.00319041e-02 -3.22811790e-02
  4.53419052e-03 -1.97317321e-02 -5.43314293e-02  2.04265900e-02
  2.73935813e-02 -2.80881207e-02 -6.42735213e-02 -8.18674621e-08
  7.75176857e-04 -4.50179540e-02  2.38200240e-02 -1.26678711e-02
 -4.21777144e-02 -1.30745217e-01 -3.42306308e-02 -1.44848954e-02
 -4.64440435e-02  3.58474278e-03 -1.17467372e-02  5.74687682e-02
  1.80783588e-02  8.83629359e-03 -1.88034344e-02 -1.41947381e-02
 -1.53839113e-02  1.38057426e-01 -3.90016846e-02 -5.14563136e-02
  7.58944228e-02 -9.53456461e-02  5.34449145e-02 -5.63791357e-02
  1.06272632e-02  1.99449398e-02  2.24375445e-03  5.87623660e-03
  1.38951289e-02  7.85749331e-02 -5.60486726e-02 -2.66709868e-02
  8.21025372e-02 -5.55364974e-02 -3.95409800e-02 -5.41719534e-02
  4.22423780e-02  8.42944607e-02 -2.17267331e-02  7.67845735e-02
  1.08269230e-01 -3.04253325e-02 -2.57365610e-02  3.50386053e-02
  4.68989834e-02 -5.38865104e-02  1.06313154e-02  1.45454211e-02
 -7.82602355e-02  7.70632178e-03  3.26762348e-02 -7.16043562e-02
  3.09501383e-02 -1.24161458e-02  1.91345476e-02 -3.60309482e-02
  1.11515345e-02  8.97487253e-02  1.97982360e-02  3.18438672e-02
  6.25160709e-02 -1.34400409e-02  2.77075148e-03 -4.63948362e-02]