[ 5.70636941e-03 -3.75476629e-02 -5.96825741e-02  4.90936637e-03
 -2.49753110e-02 -1.41723286e-02  1.30879236e-02  9.35060456e-02
 -7.32369050e-02  2.74962652e-02  1.25700697e-01 -1.43894153e-02
 -2.42885649e-02  1.64965894e-02 -9.65906214e-03 -5.08268923e-02
  3.39740515e-02  1.16078593e-02 -6.78991079e-02  9.74939540e-02
  1.08124480e-01 -2.26383787e-02 -1.28898546e-02  4.90180776e-02
 -1.36572316e-01 -2.09839679e-02 -5.19890077e-02 -3.68271470e-02
 -4.65249158e-02 -6.24814555e-02  3.82697657e-02  6.14801086e-02
  5.83696850e-02 -7.90604353e-02  2.30245646e-02  1.94939189e-02
  3.22901905e-02 -7.77954794e-03 -4.80059423e-02  9.97192711e-02
 -2.74957605e-02 -6.52720407e-02 -5.82230054e-02 -6.75441101e-02
 -8.37225374e-03  1.77825370e-03  4.32157777e-02 -1.26387915e-02
 -1.91868097e-02  2.44923737e-02 -2.41446197e-02 -2.49775182e-02
 -5.02125956e-02 -1.24189900e-02 -6.53200643e-03 -1.06765963e-01
 -4.05110493e-02 -1.97542626e-02 -1.60788987e-02  2.33688969e-02
 -7.05778506e-03  5.78974299e-02 -2.74340296e-03  1.83088966e-02
  4.64986935e-02 -5.95892258e-02  4.91856299e-02 -5.20364493e-02
 -5.44374622e-02 -3.06577533e-02  7.86672235e-02 -9.22571793e-02
  3.30310762e-02  3.27650197e-02 -4.69569936e-02  4.56739143e-02
  5.35656232e-03  1.30791068e-02 -2.63768323e-02 -9.38197076e-02
 -1.52036278e-02  1.14708813e-02  6.21860265e-04  1.12477113e-02
 -4.01185974e-02 -2.89392229e-02 -3.61966081e-02  3.98765951e-02
  5.94578730e-03  5.56731299e-02  6.15610974e-03  7.09125847e-02
 -1.02556400e-01 -7.46898875e-02  4.68281517e-03  3.24626975e-02
 -2.17166748e-02  9.23003629e-03  3.22873332e-02 -4.87752594e-02
  2.27132700e-02 -7.24518765e-03 -1.98816620e-02 -1.00988857e-02
 -4.17995378e-02 -9.03826393e-03 -3.89458947e-02 -5.21335937e-02
  1.83120202e-02  1.06709659e-01 -4.57515977e-02  1.08247367e-03
 -6.45467713e-02 -2.58451812e-02 -9.25440416e-02 -8.34756624e-03
 -5.51755689e-02 -8.21009055e-02  1.62838865e-02 -6.16008509e-03
  1.43356910e-02 -4.35156450e-02  1.44684941e-01 -3.78969759e-02
  2.26265434e-02  1.44241014e-02  9.47924554e-02  6.91203094e-33
 -1.01738527e-01 -1.05761409e-01  1.53019698e-02  1.96815841e-02
  3.42230569e-03 -7.90129881e-03 -6.95470627e-03  1.18739307e-02
  4.34278883e-02  3.09951529e-02 -6.63330778e-02  8.81423131e-02
 -2.07617637e-02  1.46192154e-02  8.41351375e-02  1.30350096e-02
  1.70068927e-02 -2.78593623e-04  4.86457115e-03 -5.72056603e-03
 -4.29090001e-02  4.45814338e-03  1.95568465e-02  9.75034758e-03
  2.61504874e-02  1.06489047e-01  1.79212866e-03 -4.66475375e-02
 -7.02929869e-02 -6.60853635e-04  3.92397121e-02 -1.79312080e-02
 -7.03468279e-04 -1.80206802e-02 -9.20481011e-02 -1.18887369e-02
  1.37312720e-02  1.20947445e-02 -7.30158463e-02 -7.58579448e-02
  1.39557431e-03 -7.22657610e-03  3.70396711e-02  8.38730708e-02
  9.60386395e-02 -3.22512910e-02  7.47644529e-02 -3.57968584e-02
  2.59035025e-02  5.32081053e-02 -2.98385341e-02  1.07255410e-02
  6.73489794e-02 -9.33101550e-02 -2.72990111e-02  2.94661839e-02
 -6.72632307e-02  4.61071245e-02 -4.47001383e-02  1.62921636e-03
 -2.69967001e-02  8.91043767e-02 -1.75981876e-02 -1.12904534e-02
  7.64288530e-02 -6.11530319e-02 -2.81955842e-02 -1.80759896e-02
  9.84531194e-02  2.02641618e-02 -6.53176382e-02 -5.66596314e-02
  3.83735634e-02  2.41468865e-02 -1.77587587e-02  1.28012318e-02
  2.01871339e-02  7.93017726e-03 -1.01925686e-01 -2.58000288e-02
 -2.01865081e-02  1.21006100e-02 -6.46131067e-03 -6.91297650e-03
  4.89511080e-02  7.18570948e-02 -9.61931795e-03  2.99569722e-02
 -1.33985337e-02  3.46773155e-02  3.62726264e-02  8.52856487e-02
 -1.41726248e-02 -1.27169807e-02  1.21411882e-01 -1.03408973e-32
  1.99371222e-02  2.79024374e-02 -4.55795154e-02  4.28588800e-02
  7.78934211e-02  3.01426649e-02 -5.43019399e-02 -6.35969117e-02
 -5.52879572e-02 -1.47558317e-01 -5.49317002e-02 -9.79397967e-02
  1.76250078e-02 -3.20211388e-02 -5.63324019e-02  7.29953572e-02
 -1.21231489e-01  4.09206050e-03 -6.20854869e-02 -3.37656252e-02
 -1.05150063e-02  1.16549835e-01 -1.50697748e-03  6.64884457e-03
 -2.05534063e-02 -4.02964465e-02 -3.03274672e-03 -3.42892334e-02
 -5.62250800e-02  1.82241807e-03  7.81391338e-02  5.74683361e-02
 -9.21724737e-03  5.70409335e-02 -1.92960594e-02 -5.65275662e-02
  6.49346691e-03  1.16689932e-02 -4.00284259e-03  5.98370247e-02
  3.16722505e-02  9.48603749e-02  6.37159944e-02 -2.72929072e-02
 -6.34532124e-02 -4.50830795e-02 -3.15851159e-02 -2.18177304e-01
  1.18353385e-02 -1.79379787e-02  1.16398759e-01 -3.16663794e-02
 -1.21040724e-01 -5.74715771e-02  9.94171649e-02  9.13343672e-03
 -3.76680084e-02 -9.44390818e-02 -8.55163187e-02 -5.42887375e-02
  1.01445831e-01  9.67867598e-02 -6.80135423e-03 -4.75839116e-02
  4.02797721e-02  1.99231897e-02  3.01805846e-02  1.81238949e-02
 -8.47005472e-03  5.89782484e-02  4.60478626e-02 -5.22078201e-03
 -1.90875512e-02  2.00586137e-03  3.77922528e-03 -1.39324237e-02
  2.74794437e-02  1.04351891e-02 -5.66584105e-03 -8.29134788e-03
 -5.16585112e-02 -4.51754183e-02 -5.33655621e-02 -6.06461428e-03
 -4.71570976e-02  5.63912606e-03 -1.45574119e-02  3.04508023e-02
 -3.53116915e-02  3.67688090e-02 -1.73380878e-02 -5.02133183e-03
  8.38814769e-03  1.06047457e-02 -1.95534434e-02 -6.31589572e-08
  4.79824580e-02 -3.10042240e-02 -1.47952372e-02  1.19430833e-02
 -2.72302656e-03 -2.95995064e-02 -1.43929515e-02  3.39626037e-02
 -4.65843342e-02  1.75620932e-02  2.59715635e-02 -6.63009239e-04
 -2.54329499e-02  4.85603623e-02  6.73551485e-02 -4.13518175e-02
  3.39483581e-02  1.28006130e-01 -7.11852536e-02 -6.81870058e-02
  3.76130454e-02 -1.82399098e-02 -9.35466811e-02  1.06080696e-02
  2.35173162e-02 -4.81154136e-02 -3.66408639e-02 -7.33446097e-03
  2.47875173e-02  3.03223357e-02 -8.16872716e-03 -5.05184047e-02
  5.53991422e-02 -4.82768901e-02  4.13244888e-02 -3.59240398e-02
  5.10186255e-02  9.02497396e-03 -4.93018813e-02  5.05099334e-02
  6.16406351e-02 -4.77487147e-02 -5.23976609e-03 -2.82635670e-02
 -7.49599934e-02 -6.17523938e-02 -1.07420078e-02  6.69259876e-02
 -2.76026241e-02  1.10849753e-01 -4.79786396e-02  7.85708707e-03
  4.15808707e-02 -2.23661996e-02 -1.21896388e-02  5.08922525e-02
  4.50414605e-02 -2.61871014e-02 -3.54437344e-02 -2.51564058e-03
  6.11933321e-02  8.57329741e-02  3.77658792e-02 -1.57054625e-02]