[-5.71176447e-02  9.03118625e-02 -3.75077426e-02 -8.48076269e-02
 -7.34034777e-02 -1.70534644e-02  4.33505438e-02  1.89952087e-02
 -5.73144667e-02  4.85010296e-02  7.26455748e-02 -5.98745001e-03
  4.63770181e-02 -6.17372617e-03  1.40418101e-03 -7.20592737e-02
  2.83397175e-03  4.31648083e-02  3.93034285e-03 -1.78804423e-03
  1.24901026e-01 -1.03165163e-03  8.14089645e-03  6.63486943e-02
 -1.06882252e-01 -1.55548351e-02  1.81570125e-03  6.23365976e-02
 -8.49469155e-02 -2.45067608e-02 -6.84533715e-02  5.28640375e-02
  1.20598778e-01  1.30575178e-02  3.93258333e-02 -3.92213240e-02
  2.58708913e-02 -5.25344312e-02 -1.75482240e-02  8.01575333e-02
 -3.81516479e-02 -6.86576143e-02 -5.02768531e-02 -3.08527481e-02
  1.31547786e-02  4.29740846e-02 -7.38075795e-03  5.59687652e-02
  1.67144649e-03 -4.12715226e-03  3.07277516e-02  3.31687853e-02
  4.53999545e-03  3.43937166e-02 -1.35476619e-03 -6.67459071e-02
 -1.52397081e-02 -2.29220674e-03 -3.25874686e-02 -7.04016117e-03
  2.52919900e-03  6.71836138e-02 -6.16387688e-02  4.74267490e-02
  1.55817103e-02 -2.45458689e-02  3.45494263e-02 -4.37803678e-02
 -6.49821982e-02  7.28431763e-03 -2.10191980e-02 -4.85441238e-02
  5.06453179e-02  1.03526682e-01 -3.49603873e-03  6.61695972e-02
 -3.56288999e-02  3.16900909e-02 -2.77802870e-02 -1.80317923e-01
  3.18372808e-03 -7.66639486e-02  3.85456160e-02  2.29711644e-02
  3.62505428e-02 -1.36936316e-02 -3.26270014e-02 -2.14158148e-02
  4.88383248e-02  5.11912704e-02  5.69879077e-04  4.14280221e-02
 -5.61851673e-02 -3.40992883e-02 -3.30684194e-03 -3.37211527e-02
  8.87090049e-04  5.82452528e-02 -4.41984925e-03 -1.16347452e-03
  2.49678306e-02 -6.64220974e-02 -2.46813949e-02  1.65124051e-02
 -5.88098988e-02  2.24460978e-02 -1.48329139e-02 -7.76363760e-02
  2.04342026e-02  5.49329855e-02 -3.04830000e-02 -6.14847280e-02
 -6.10571131e-02 -9.13945735e-02 -5.67564033e-02  9.89381503e-03
 -3.13640982e-02  4.49530371e-02  1.52505971e-02 -1.83498692e-02
  8.04239605e-03 -3.63615975e-02 -5.74531965e-02 -6.27252609e-02
 -5.69371656e-02 -4.20944057e-02  6.86843768e-02  1.47936478e-32
 -2.30821855e-02  3.22825387e-02 -9.15898662e-03  7.65077919e-02
  9.57043376e-03  3.25263962e-02 -1.57955792e-02 -2.66892742e-02
  7.22684190e-02 -1.84442364e-02 -8.15353170e-02  6.90550506e-02
 -1.13037443e-02  4.35984395e-02  7.61850178e-02  3.63797173e-02
  3.97749692e-02  6.88994378e-02 -4.40157391e-03  5.77912517e-02
  2.04702727e-02  4.27860068e-03  3.85565273e-02  3.62449177e-02
  5.28998002e-02  1.29322171e-01 -4.70174700e-02 -3.29481661e-02
 -8.21176544e-02  7.58505985e-02  4.27005515e-02  3.96872573e-02
  2.67211776e-02 -4.56826687e-02 -6.84579164e-02 -4.39755432e-02
  2.55465414e-02 -2.69496045e-03 -3.12070847e-02 -3.21868770e-02
  2.22241203e-03 -1.43763032e-02  4.55230251e-02  6.33360399e-03
  3.51874493e-02  2.77975593e-02  7.43523017e-02  3.60555761e-02
  1.34788752e-01  6.46970719e-02  1.79450437e-02  1.87990232e-03
 -1.82956327e-02 -7.60472044e-02  4.73764054e-02 -4.61585820e-02
 -8.12352523e-02  1.24249116e-01 -8.78691673e-03 -8.21189210e-03
 -5.27389348e-02  6.85214773e-02 -6.56598667e-03  2.72579584e-02
  4.71242092e-04 -7.44524151e-02 -4.51275669e-02  5.45931645e-02
  8.88483226e-02 -1.79898478e-02 -2.89973486e-02  1.10816546e-02
 -5.36205955e-02  5.15332557e-02 -2.70029921e-02  1.36410249e-02
  6.24669790e-02  3.40996720e-02 -2.53596380e-02 -2.64933892e-02
 -8.04521963e-02  5.12097701e-02  1.85191985e-02 -1.06558986e-01
  2.06487142e-02  6.06530756e-02  1.03042260e-01  7.78786615e-02
  3.69121023e-02  1.66483764e-02  6.41323701e-02  1.12673845e-02
 -3.76106314e-02  1.78304780e-02  4.83908392e-02 -1.72843176e-32
  5.31824678e-02  7.88725540e-02 -3.08309984e-03 -2.37786933e-03
 -1.61732323e-02 -6.26251008e-03 -9.57172085e-03  6.01770245e-02
 -3.40080187e-02 -6.74998313e-02  7.15771224e-03 -1.10947862e-01
  1.97181981e-02 -7.51535818e-02  8.50752741e-03 -3.12066022e-02
 -6.36387765e-02 -4.91450354e-02 -6.68681860e-02  6.09365851e-03
  1.09458044e-01 -7.97442277e-04 -1.52048413e-02  4.07430576e-03
 -6.83248937e-02 -6.65679276e-02 -8.49841014e-02 -5.79507975e-03
 -7.69447163e-02 -5.85614657e-03 -8.21601134e-03 -2.48377584e-02
 -2.71949917e-03  9.49552208e-02  1.25970226e-03 -7.22454786e-02
  3.97065431e-02  4.66752760e-02 -4.04634606e-03  1.01078846e-01
 -1.08442409e-02  7.85655435e-03  4.20403890e-02  1.28000705e-02
 -4.31824736e-02 -1.20564632e-01 -3.05845104e-02 -1.05430901e-01
  6.42684242e-03 -7.19613209e-02  6.76517263e-02 -2.74899136e-02
 -1.59674156e-02 -7.89993182e-02  8.28823075e-03 -5.69940777e-03
 -1.00797042e-01 -1.57460179e-02 -9.57179964e-02  9.57865342e-02
  8.88096988e-02  1.32494848e-02  3.49214114e-02  5.09750471e-02
  3.94158177e-02 -8.18604312e-05 -1.75838713e-02  1.74633097e-02
  1.63336061e-02  5.32662543e-03  5.68081811e-02 -1.13285050e-01
 -6.87001571e-02 -2.35821437e-02 -2.88721640e-02 -1.30931258e-01
  9.32126492e-03  3.15483101e-02 -5.43858670e-02  9.79849771e-02
 -5.66218495e-02 -3.54313515e-02 -4.83554117e-02  9.11582038e-02
 -2.63435096e-02 -1.19654592e-02 -9.97701846e-03 -6.21811068e-03
 -5.01136668e-03  8.44445452e-03 -3.50320782e-03  5.51830940e-02
 -7.08803441e-03  3.84171046e-02 -3.23045142e-02 -6.74929908e-08
  1.38132125e-02 -4.13081199e-02  9.77930147e-03  4.28286381e-02
 -5.21016167e-03 -2.19623409e-02 -7.69476518e-02 -3.22443731e-02
  1.02990316e-02 -2.21156199e-02  2.05994397e-02 -1.74535457e-02
 -4.89243716e-02  6.16385462e-03  1.68021806e-02 -3.80966552e-02
 -1.34761818e-02  1.06828578e-01 -9.08911452e-02 -5.53817116e-02
  4.75141406e-03 -1.85200237e-02 -5.96632212e-02 -9.03891400e-03
 -5.06564900e-02  7.10619465e-02 -8.05493817e-02 -5.54458164e-02
 -2.84284856e-02  1.08408935e-01 -4.33161557e-02 -1.32721933e-02
  4.21051383e-02 -8.86070207e-02 -1.07328733e-02 -2.20337100e-02
  4.81595285e-02  1.52744280e-04 -5.52683184e-03 -4.92260791e-02
  5.25286160e-02 -6.38429001e-02 -3.96852335e-03  3.59128676e-02
  5.54085560e-02 -5.91885969e-02 -5.39183132e-02  4.43589874e-02
 -8.66587833e-02 -1.05558047e-02  4.22459142e-03 -3.72782424e-02
 -3.78928147e-02  2.06129197e-02 -1.41623259e-01 -3.23345363e-02
 -1.47600910e-02 -1.36760212e-02 -6.91896956e-03 -4.32844423e-02
  3.60113718e-02 -4.56046686e-02  3.58331129e-02 -1.90261248e-02]