[-1.03075221e-01  2.28158403e-02  1.85415999e-03  1.04126977e-02
 -2.70716697e-02  3.02874902e-03  1.17611093e-02  3.71624343e-02
 -7.79189840e-02  6.01259768e-02  1.35928437e-01 -1.49068953e-02
 -1.01679690e-01  4.89548482e-02 -6.66338727e-02  6.18697070e-02
 -9.05102789e-02  2.18749698e-02 -2.98003051e-02  6.36801422e-02
  3.55281234e-02  3.28537449e-02 -1.81263797e-02  4.50293757e-02
 -6.50682300e-02 -5.74472360e-02 -1.52385766e-02  2.04793923e-02
 -7.48750344e-02 -8.13233573e-03  3.04429289e-02  6.87274635e-02
  4.51217145e-02 -3.98870893e-02  3.62953208e-02 -9.00086910e-02
  2.95168702e-02 -9.07940976e-03  5.06760972e-03  7.42692202e-02
  1.73438229e-02  1.23397699e-02 -6.17373288e-02 -3.80458236e-02
 -5.25449105e-02 -2.48279665e-02  5.21365516e-02 -4.33901977e-03
 -1.04822284e-02  1.31786996e-02 -1.26548797e-01  3.80664569e-04
 -9.53644663e-02 -4.02514040e-02 -6.27648011e-02 -3.46463285e-02
 -4.62261364e-02 -3.23348902e-02 -4.30014078e-03 -3.84375267e-02
 -1.97670329e-02  1.04234833e-03 -1.13131173e-01  1.44523317e-02
  4.19764966e-02 -2.90150754e-02  7.38348439e-02 -6.42266870e-02
 -7.68294185e-02 -5.44152176e-03  2.40513515e-02 -1.57004371e-01
  9.91916060e-02  1.48934685e-03 -7.63004944e-02  3.60838212e-02
  6.16364516e-02 -4.37121764e-02 -1.99241471e-02 -1.02180876e-01
  1.31167881e-02 -4.20784540e-02  8.08453411e-02 -6.98467940e-02
  1.96843948e-02 -1.10505009e-02  3.16203833e-02 -5.61461411e-03
  2.12642308e-02  1.96296945e-02  9.38820019e-02  8.35853517e-02
 -1.07398592e-01  7.06862612e-03  7.06546232e-02  7.12166876e-02
  5.00802696e-02  3.98632623e-02  2.86502894e-02  2.33987272e-02
  5.49553446e-02  8.31832550e-03 -7.76287466e-02  3.13527789e-03
 -7.18000084e-02  3.21070873e-03  2.73572793e-03 -1.22401789e-01
  3.92321236e-02  5.56195416e-02 -6.84702918e-02  2.07542535e-02
 -3.84413488e-02 -5.05638905e-02 -6.23613149e-02 -2.41111685e-02
 -1.28460610e-02  3.76449674e-02  3.77933905e-02  5.81184700e-02
 -9.62578692e-04 -4.08955440e-02 -1.09559866e-02  4.83369567e-02
  4.47280817e-02 -1.63640659e-02 -1.99703034e-02  6.27324895e-33
 -1.83800701e-02 -5.16409427e-02 -4.35531698e-02  6.47347094e-03
  4.17985469e-02 -1.23217301e-02 -3.06673814e-02 -1.11506926e-02
 -1.09988479e-02 -4.92542647e-02 -8.70459974e-02 -4.11299393e-02
 -5.13947904e-02 -6.33062571e-02 -2.21254323e-02  4.86267656e-02
 -8.28547683e-03 -9.25473869e-02 -4.22574282e-02  1.25927096e-02
  5.98964840e-03  2.59846114e-02 -5.48705366e-03  4.41625901e-02
  4.36151102e-02  4.28557619e-02 -2.31430456e-02 -1.83100365e-02
 -5.92711456e-02  2.37373188e-02  2.87052505e-02 -7.04805851e-02
 -5.40418923e-02 -3.36019583e-02  3.22080627e-02 -2.51906756e-02
 -1.28070300e-03  4.17552423e-03 -6.43993840e-02 -1.13285296e-02
 -1.20633433e-03  2.93374229e-02  1.00910207e-02  5.59716709e-02
  2.48046629e-02  3.44636217e-02  2.64308490e-02  5.50012896e-03
  1.06620699e-01  3.55072245e-02 -7.06178695e-02 -5.87039739e-02
 -7.99464285e-02 -5.49499579e-02 -1.44262733e-02  6.63594474e-05
 -1.41703188e-01  5.89482486e-03  7.66809136e-02  6.18639868e-03
  4.05034088e-02 -6.27218187e-02 -2.00356208e-02 -4.86026406e-02
  7.76627194e-03  2.52608843e-02 -3.43187386e-03  3.08980211e-03
  1.31757468e-01 -1.30393459e-02 -5.10233156e-02 -3.86722572e-02
  5.15831299e-02  3.48206726e-03 -3.37259918e-02  4.77618426e-02
  5.85917197e-02  3.04184221e-02 -4.75916788e-02 -3.90940672e-03
 -6.58497661e-02  5.32469898e-02  5.33380210e-02  4.17070910e-02
  7.12627545e-02 -4.36327560e-03 -1.67228002e-03  7.46872742e-03
  4.69242111e-02  3.15047316e-02  6.75250068e-02  3.66318859e-02
 -1.33350575e-02 -1.11454457e-01  7.14599490e-02 -6.60101057e-33
  2.55781338e-02  2.05324311e-02 -9.68571827e-02  7.88617507e-02
 -2.30614599e-02 -2.85154618e-02 -4.14639562e-02  6.89049587e-02
  6.81441054e-02 -9.12884697e-02 -1.09854341e-02 -2.13873126e-02
  8.70226249e-02 -6.03805855e-02 -2.92681195e-02  6.55927211e-02
 -8.14954843e-03 -1.86453690e-03 -3.58086042e-02 -4.59057512e-03
 -1.70867462e-02  8.58171433e-02 -1.26517452e-02 -2.65258667e-03
  1.01242829e-02 -2.72828136e-02  4.88954771e-04 -3.41458172e-02
 -5.34228459e-02  3.47047970e-02  2.63702404e-02 -1.13589363e-02
  2.20042430e-02  1.29011143e-02 -9.23022907e-03  5.02798893e-02
  9.80360433e-02 -3.15362848e-02 -9.64936540e-02  1.33021384e-01
  5.89396171e-02  6.99378178e-02  6.37369677e-02 -2.71354355e-02
 -1.32119283e-02  1.34133808e-02 -3.69777419e-02  3.19623090e-02
 -2.32920516e-02 -6.19316474e-04  1.33265585e-01 -6.18349703e-04
 -8.42902437e-03 -1.32893905e-01  7.96276778e-02 -6.07862845e-02
  5.59651889e-02 -6.42489046e-02 -1.02096923e-01  8.86055361e-03
  6.21274970e-02  3.52082774e-02 -7.70724937e-02 -4.13107350e-02
  4.22108211e-02  7.24958181e-02 -1.60422008e-02 -2.97248848e-02
  4.00205217e-02  3.30114849e-02  2.33673602e-02 -3.90416682e-02
 -4.41776589e-02 -4.33951765e-02 -5.78646474e-02  1.98958181e-02
 -1.44231431e-02  5.41121773e-02  5.17397337e-02  2.30242852e-02
 -1.36563005e-02 -2.89198812e-02  1.38627067e-02  7.75422752e-02
  8.97966046e-03  1.38406316e-03 -3.31273191e-02 -2.88809463e-02
 -1.83389883e-03 -2.24096756e-02  4.76271696e-02 -4.72899452e-02
  5.61338589e-02  3.83844152e-02 -3.54135297e-02 -5.90329421e-08
  4.22590449e-02 -8.03248733e-02 -1.07782073e-02  2.53225509e-02
  8.07034224e-02  3.11184730e-02  7.38717392e-02  2.88475081e-02
  5.33746146e-02  1.30763263e-01  6.82823509e-02  3.93644683e-02
 -1.46907326e-02  6.78626150e-02 -1.31539777e-02 -2.32077893e-02
 -2.08937284e-02  9.42458287e-02 -6.02288581e-02 -2.28930302e-02
  3.93712409e-02  6.93423897e-02 -9.69900191e-02 -5.81014156e-03
  4.78070900e-02 -1.88283231e-02 -5.44128045e-02  1.87324248e-02
 -7.46580446e-03 -2.75678933e-02 -3.59165715e-03 -5.06249517e-02
  8.09304491e-02 -4.93876413e-02 -3.94429341e-02 -2.34495550e-02
  2.80349851e-02 -7.76342815e-03 -3.59380879e-02  3.11698113e-02
  6.75702244e-02 -2.10000519e-02  7.55688325e-02  1.75090823e-02
  2.48052273e-02 -7.48986155e-02 -5.78388106e-04  1.52248278e-04
  1.95280872e-02  3.21083106e-02  2.51845568e-02  4.13904041e-02
  5.13460338e-02  2.36748345e-02 -2.79679801e-03 -5.12489155e-02
  3.98228057e-02  6.19728351e-03 -6.78578112e-03 -3.48212868e-02
  1.08437315e-01  4.25040089e-02 -4.86860313e-02 -1.35301072e-02]