[ 1.61594227e-02 -6.78255931e-02 -9.92043838e-02  2.93575060e-02
 -9.91273895e-02 -7.65727833e-02  4.55608331e-02  1.74832717e-01
 -2.84312442e-02  2.41751950e-02 -2.83574387e-02 -5.86241893e-02
 -1.21296216e-02  1.64752156e-02 -7.03597739e-02 -4.83938605e-02
  1.79979100e-03  5.81264962e-03 -1.81345064e-02  5.79173714e-02
  1.96292847e-02  4.05834289e-03  1.94621291e-02 -4.75280248e-02
  1.02790885e-01  1.61004327e-02  1.55520951e-02  4.16337848e-02
 -3.58208753e-02 -7.54389316e-02 -5.72408736e-02  8.09236243e-02
  1.29533648e-01 -4.59974185e-02 -1.89281870e-02 -3.93381268e-02
 -1.61653198e-02 -9.29838233e-03  9.82372276e-03  6.11918345e-02
  5.44100953e-03  2.78823841e-02  8.53553116e-02 -1.70285832e-02
 -1.35034658e-02 -2.84334440e-02 -9.76273417e-02  8.99989083e-02
  4.23857979e-02  6.42087013e-02 -7.65621215e-02  3.31389271e-02
 -1.53064476e-02  1.25028536e-01 -3.26066762e-02 -5.64188361e-02
 -2.92049572e-02 -6.20400459e-02 -2.27352176e-02  7.62108155e-03
 -4.16398421e-02  8.05567205e-02 -4.65343939e-03  4.75515872e-02
  6.10560104e-02  3.99231203e-02 -9.19355527e-02 -1.10748382e-02
 -1.52558023e-02  2.66931970e-02 -2.17311736e-02 -3.23198885e-02
 -3.71533483e-02  3.48603986e-02  3.54801910e-03  4.17234972e-02
  6.83990680e-03 -6.86852932e-02 -1.47627238e-02 -5.80311157e-02
 -1.09552722e-02 -3.28895636e-03  1.45261334e-02 -1.19074685e-02
  3.55766097e-04  1.51030126e-03  6.31569102e-02  8.81420374e-02
  5.32448255e-02 -4.38599475e-03  2.68727541e-02  8.53268504e-02
 -1.40016377e-01 -5.41723780e-02 -1.91008151e-02  7.52773806e-02
 -1.12756565e-02 -1.13004548e-02 -1.83951613e-02  2.65157539e-02
  1.42031275e-02 -1.06736273e-02 -2.09946744e-02 -2.46507637e-02
 -6.50927052e-02 -1.21548912e-02  8.39658082e-02  6.85784519e-02
  3.82937714e-02  3.95151377e-02 -6.18546866e-02  3.28921638e-02
  3.40614980e-03 -1.32348277e-02  7.11531267e-02 -5.34933098e-02
 -9.34396405e-03  6.03197217e-02  5.22728711e-02  1.15561970e-01
  6.38786107e-02  1.53736556e-02 -4.68532965e-02  2.31484007e-02
 -2.84605138e-02  4.74685151e-03 -6.14904314e-02  2.10693054e-33
 -5.23973703e-02 -1.99316517e-02  5.45820482e-02 -4.19383645e-02
 -1.69877727e-02  2.52661649e-02 -8.85665044e-02 -5.54109216e-02
 -1.07099107e-02  4.96579520e-03 -6.65491223e-02  3.04406583e-02
 -2.44327467e-02  4.37140428e-02  4.18674946e-02 -3.62185501e-02
  5.66203482e-02  5.86820208e-02 -4.38785590e-02 -2.71673985e-02
 -3.96307297e-02  5.19039705e-02  3.36347451e-03 -2.54065497e-03
 -5.39777577e-02  1.08843505e-01 -4.75469492e-02 -2.56276969e-03
 -4.80908640e-02  1.53994490e-03  1.29038654e-02  7.00815395e-02
 -4.67066243e-02 -9.62775275e-02 -5.60877733e-02  3.23597752e-02
 -8.41272355e-04  2.37360094e-02  1.63215715e-02  2.03042775e-02
 -6.22783713e-02  5.16137481e-02  6.49096956e-03  3.19740698e-02
  7.43899145e-04 -4.06143442e-02  2.05156207e-02 -2.86144903e-04
  3.38638341e-03  1.89228717e-03 -6.07530028e-02 -3.72822806e-02
 -3.32417176e-03  5.63559588e-03  4.14308626e-03  4.46839398e-03
 -2.31715478e-02 -1.43423621e-02  2.69043329e-03  1.12483501e-01
  3.17629613e-02  4.40707207e-02  3.32197943e-03 -4.42143753e-02
 -6.49202093e-02  2.62567438e-02 -3.49553451e-02 -2.16982816e-03
  4.60670963e-02  1.43505841e-01 -4.91129048e-02 -9.22759995e-03
  7.05140755e-02 -9.27479099e-03 -1.35726761e-03  4.76481318e-02
  9.20706391e-02 -2.11511273e-03 -3.10729779e-02 -2.96282098e-02
 -2.09589712e-02 -4.07771245e-02 -7.39408061e-02 -8.74546319e-02
  6.28545806e-02  4.37254570e-02  4.15682755e-02 -1.93835367e-02
 -1.09689273e-02 -3.16089913e-02 -5.54632135e-02 -1.06240273e-01
  3.77761722e-02 -4.82334895e-03 -1.18179955e-01 -2.24042538e-33
 -6.12912998e-02  1.28247142e-01  4.81820144e-02  7.04543591e-02
  1.70667432e-02  3.92602757e-02  4.65159900e-02  3.93546745e-02
  7.67019093e-02  4.80879210e-02  5.54655232e-02  1.26605313e-02
  2.62526758e-02 -9.92504582e-02 -5.96702984e-03  3.25749554e-02
  2.31061820e-02  3.84028293e-02 -5.03503829e-02 -7.33022541e-02
 -3.23922858e-02  9.81143489e-02 -3.07097901e-02  1.11601047e-01
 -8.34972970e-03  4.96464930e-02 -7.46754184e-02 -7.16418251e-02
 -3.03336941e-02  1.41380206e-02  1.70628373e-02 -3.12457047e-02
 -3.93587351e-02 -4.99231927e-02 -3.63719128e-02 -2.90991962e-02
 -2.88150534e-02  1.98332816e-02 -1.10699106e-02  2.54739821e-02
  7.63570368e-02 -2.23867595e-02 -7.31418049e-03  1.71442069e-02
 -6.15803385e-03 -1.81287434e-02  1.06303945e-01 -5.53774182e-03
 -1.79004297e-02  4.20468748e-02  2.49765795e-02  2.83802729e-02
 -4.04715240e-02  8.65212083e-02  8.93094856e-03 -8.44179839e-03
  6.13442995e-03 -5.65189235e-02 -1.18601784e-01 -2.80539356e-02
  1.86170489e-02  4.81920131e-02  2.82743713e-03 -1.27379932e-02
  4.98427451e-02 -2.79525202e-02 -5.05490117e-02 -3.57610062e-02
 -2.18336172e-02  3.98888588e-02  7.06668496e-02  9.40932054e-03
  3.93414423e-02 -2.97245383e-02  1.91801451e-02 -4.11298312e-02
 -1.55814504e-02 -5.49790002e-02 -4.10675295e-02  2.21888646e-02
 -7.90628195e-02 -2.60431808e-03 -1.77188385e-02  3.16233635e-02
 -1.32837534e-01 -1.85069733e-03  1.55844064e-02 -6.53064298e-03
  3.29859443e-02  3.80310491e-02 -4.77355123e-02  6.61519766e-02
  3.60585786e-02 -4.21082005e-02  4.68898714e-02 -5.62016034e-08
  2.79199537e-02 -6.52887896e-02  4.01671752e-02  5.92322908e-02
  8.16138536e-02  1.73475258e-02 -5.25423698e-02  3.64882089e-02
 -3.83099616e-02  3.46664861e-02  1.10204339e-01 -7.94410426e-03
 -4.36086468e-02 -9.98769850e-02 -2.12288219e-02 -2.17529275e-02
  7.26583898e-02  1.27700076e-01 -3.72058600e-02 -3.34087461e-02
  7.42385536e-03  2.78877858e-02  4.28842031e-04 -3.85311767e-02
 -5.91306239e-02  7.76195852e-03 -3.96601222e-02  2.12966967e-02
 -5.27737364e-02  4.50588390e-02  1.50204422e-02 -7.99432620e-02
  5.83986714e-02 -5.27448207e-02 -4.16690744e-02  2.56387759e-02
 -1.98749155e-02  1.33338962e-02 -6.55025765e-02  5.87305017e-02
 -3.00768930e-02 -7.97017738e-02  5.03408946e-02  7.74816796e-02
 -1.17594078e-02 -5.19916192e-02 -5.19443043e-02  2.09414884e-02
  1.12839200e-01 -1.13749459e-01  5.97927067e-03  2.95190979e-03
 -1.20154107e-02 -5.89470118e-02 -2.83434428e-02  2.72444170e-02
 -3.86838540e-02  3.21595967e-02 -1.18438162e-01 -3.54504250e-02
  5.96366450e-02 -5.40325791e-02 -3.85548035e-03 -1.67759880e-02]