[ 7.04790801e-02  6.82940483e-02 -2.25937963e-02 -7.06397695e-03
 -6.29046708e-02 -4.85068699e-03  4.39108610e-02  6.48376197e-02
  4.72969450e-02  3.97769623e-02  1.10331774e-01 -4.15620543e-02
 -1.35876413e-03  1.75711932e-03  1.35690896e-02 -4.90730070e-02
  7.54674748e-02 -3.12622935e-02 -2.19301078e-02  8.69590342e-02
  2.16893777e-01  7.26496242e-03 -4.93444279e-02  1.68955065e-02
 -3.02948263e-02 -3.67368571e-02 -6.76951259e-02  1.62275620e-02
 -2.56229285e-02 -3.49818021e-02 -1.14303185e-02  9.94122103e-02
  8.20953771e-02 -5.56013510e-02  1.65773425e-02  1.06996307e-02
  4.67067920e-02  2.88839974e-02 -2.09063794e-02  7.80234262e-02
 -4.89163101e-02 -3.31961587e-02 -3.96139324e-02 -5.45999520e-02
  1.11940540e-02 -7.09931403e-02  4.99917008e-02  1.52136078e-02
 -2.64685620e-02 -9.09028016e-03 -7.10583627e-02  4.43542749e-02
 -1.65536199e-02  4.15627770e-02  2.36793626e-02 -3.68175954e-02
 -3.84594128e-02 -1.08327996e-02 -3.97713035e-02 -5.31717800e-02
 -7.09975436e-02  4.30060588e-02 -1.35860546e-02 -1.78316645e-02
  9.17678848e-02 -1.34023307e-02 -3.92545275e-02 -4.57660444e-02
 -4.06162851e-02  3.58353071e-02  1.23307370e-02 -5.35010323e-02
 -3.30449529e-02  7.95984939e-02 -1.01805944e-02  6.12455867e-02
  1.01288976e-02  7.37876371e-02  4.56469543e-02 -1.33009687e-01
  7.28349574e-03  3.19794975e-02  1.98544580e-02  1.77246071e-02
  5.57668619e-02 -1.94889382e-02  1.58437528e-02  3.18621174e-02
  4.50830022e-03 -2.15676078e-03  2.41919793e-02  3.13632336e-04
 -5.26319854e-02 -1.86443441e-02  2.92845666e-02 -3.87972035e-02
 -4.87627722e-02  5.91393597e-02  3.38690802e-02 -2.13572644e-02
  4.56437171e-02 -4.47356068e-02 -8.44410285e-02  4.03274894e-02
 -6.53289258e-02  1.33479452e-02 -1.60590746e-02  2.00224537e-02
  7.58368671e-02  1.39132589e-01 -9.19792801e-02 -3.76852714e-02
 -8.13071206e-02 -7.13186264e-02 -4.65989336e-02  9.66982767e-02
 -2.96037346e-02 -7.46456767e-03  7.09508285e-02 -4.94902059e-02
  2.54476704e-02  3.74826230e-02  6.36347458e-02 -5.78505965e-03
  3.44822481e-02 -6.39872253e-02  3.36699560e-02  1.36300039e-32
 -4.57566492e-02 -2.52781883e-02  6.92507904e-03 -2.40349136e-02
 -4.22078893e-02 -8.11292231e-03 -5.62182702e-02  7.21314363e-03
  1.09504208e-01  3.23723070e-02 -7.28324056e-02  9.10385922e-02
  5.33837778e-03 -5.92033826e-02  1.51060428e-02 -8.04378651e-03
  3.56380232e-02 -3.87418047e-02  1.44421477e-02  1.26159890e-02
 -2.35393923e-02  5.92692308e-02 -1.35119380e-02 -2.09963731e-02
  4.71850205e-03  1.84061565e-02 -3.94955017e-02 -6.79890886e-02
 -7.40074441e-02  4.91563343e-02  1.16049990e-01 -4.89258356e-02
  4.06255499e-02 -4.35312428e-02 -6.81884810e-02 -8.84948745e-02
 -3.48091288e-03 -7.89795071e-03 -3.34882103e-02 -2.17889585e-02
 -2.92915199e-02  1.32628493e-02  6.92546815e-02  3.79259791e-03
  9.35988408e-03 -3.27913053e-02  6.70420378e-02  4.47982438e-02
  1.00995928e-01  9.40140560e-02 -1.26599837e-02 -1.13512203e-02
  3.20329182e-02  4.57016192e-03 -6.27483502e-02  3.71720344e-02
 -4.45732139e-02  4.44651917e-02 -2.66393367e-03 -1.06381988e-02
 -4.69664857e-02 -2.90779304e-02  1.88191480e-03  9.17650573e-03
 -7.69394189e-02 -5.17807230e-02  4.22381889e-03  1.24589438e-02
  1.21714495e-01  9.88528877e-03 -8.65793303e-02 -1.03837270e-02
  1.41004967e-02  3.75415906e-02 -1.62921026e-02 -7.99333677e-03
  6.14504777e-02 -3.60105038e-02 -5.98419495e-02 -7.78587209e-03
 -2.10916772e-02  3.09127215e-02 -2.52935998e-02 -5.52390516e-02
  1.21340118e-01  3.47721986e-02  4.90184277e-02 -1.31248133e-02
 -6.87251762e-02  1.13513164e-01  4.13092375e-02  6.00360744e-02
 -5.80093861e-02  7.36643970e-02  1.98971089e-02 -1.47182737e-32
  2.33245790e-02  3.29709500e-02 -3.35592628e-02 -2.18558987e-03
  2.86509506e-02  3.22781354e-02  1.64787192e-02 -3.05153406e-03
 -7.56662562e-02 -6.85090125e-02  1.84381343e-02 -1.26191527e-01
  5.09976000e-02 -2.94651766e-03 -4.90962751e-02  5.27672879e-02
 -8.98385420e-02 -4.59939055e-02 -5.87923080e-02 -2.09954265e-03
 -1.80997755e-02  1.11697190e-01  1.40845617e-02 -2.39344127e-02
 -1.10300006e-02 -5.28050028e-03 -3.05421464e-02  1.06478017e-02
 -2.16468461e-02 -1.13354530e-02  1.71289183e-02  9.89048462e-03
 -7.46861622e-02  2.72482112e-02 -1.53000541e-02 -2.91398410e-02
  1.84167419e-02 -3.39150950e-02 -3.61050144e-02  8.03942829e-02
  1.73097439e-02  3.07977456e-03  2.05248892e-02 -3.62049043e-02
 -2.47795209e-02 -2.75852326e-02 -4.81308550e-02 -1.17564216e-01
  4.83629890e-02 -3.78215276e-02  8.46145302e-02 -4.71501425e-02
 -2.65599638e-02  1.30918873e-02  1.74698457e-02 -1.56607628e-02
  3.27519663e-02 -1.00779437e-01 -1.14629336e-01  1.58872851e-03
  1.18393660e-01  5.82392998e-02 -2.55812351e-02 -1.38770835e-02
  7.27897212e-02  2.91427807e-03  2.36210320e-02 -3.47344880e-03
 -1.74470004e-02 -4.80871554e-03 -3.49654518e-02 -9.50219855e-02
 -6.39715418e-02 -3.52395102e-02  3.93013582e-02 -8.19851644e-03
 -2.81950608e-02 -3.91450226e-02  2.03654286e-03 -1.15059726e-02
 -1.61591634e-01 -1.48075074e-02  2.99329441e-02 -4.85854372e-02
 -9.53363404e-02  8.91756208e-05 -3.02257389e-02  1.14330957e-02
 -1.16190054e-02  8.78433213e-02  1.04648713e-02  4.38713580e-02
  3.11278645e-02 -1.12077594e-02 -2.54330188e-02 -6.72331808e-08
  8.14838428e-03 -5.88753186e-02  6.72170445e-02 -8.56229477e-03
  2.16371026e-02 -7.43083656e-02 -8.92329402e-03 -1.39782159e-02
  1.07855694e-02  2.12897304e-02  1.82802062e-02 -2.78759133e-02
 -6.46548048e-02 -7.33338147e-02  3.91212367e-02 -1.08144261e-01
  3.16058509e-02  4.95150983e-02 -3.87426578e-02 -1.53444827e-01
  5.17152697e-02 -2.68918686e-02 -1.44471332e-01 -7.21400827e-02
  1.23464651e-02 -3.27105820e-02  9.96229611e-03  1.66414361e-02
  9.55303293e-03  1.36683490e-02 -4.03533392e-02  9.01167281e-03
  2.90138479e-02 -9.71871689e-02 -9.02999416e-02  1.03093181e-02
  4.10461314e-02  8.09493382e-03 -2.33037099e-02  2.64606923e-02
  5.47093078e-02 -2.90733613e-02  2.51035020e-02  9.01169237e-03
  5.68423830e-02 -3.56931575e-02 -1.22074364e-02  8.61721188e-02
  2.54398957e-03 -6.42882213e-02 -1.09426975e-02  2.50842869e-02
  4.27161381e-02  2.73738336e-02 -5.35067432e-02  1.67404953e-02
 -1.36724231e-03  2.44134525e-03 -3.78573351e-02 -2.64673634e-03
  8.83262083e-02  4.05285023e-02 -4.28056484e-03 -6.85118139e-02]