[ 3.34078707e-02  2.53313594e-02 -2.84257550e-02 -2.54583787e-02
 -4.17492762e-02  4.32008244e-02  1.37290433e-02  1.10437848e-01
  2.30463874e-02  4.01684195e-02  1.30394191e-01 -7.43137002e-02
 -2.59648412e-02  3.12057082e-02 -3.03314291e-02 -6.51853681e-02
  1.87087357e-02  6.62892014e-02 -2.76597142e-02  1.21512018e-01
  1.85635298e-01  1.58404931e-02 -2.76043806e-02  2.55035926e-02
 -5.28008305e-02  1.36870686e-02 -5.81812374e-02 -1.06108431e-02
 -5.59733175e-02 -4.75651287e-02 -1.92894246e-02  1.40016481e-01
  1.42057255e-01 -3.40279117e-02  9.90658347e-03 -1.05535705e-02
  4.87156492e-03  9.81181115e-03 -6.06130920e-02  7.03293756e-02
 -8.37143958e-02 -4.23442386e-02 -5.73559478e-03 -4.72130999e-02
 -7.85184372e-03 -3.54784355e-02  6.26951307e-02  8.29559714e-02
 -5.07143466e-03 -8.05708021e-03 -5.08403480e-02 -9.49623622e-03
  1.17371613e-02  8.43661837e-03 -1.20680844e-02 -8.14356282e-02
 -5.62293306e-02 -2.46536154e-02 -4.42421064e-02  5.50053827e-02
 -2.04743575e-02  7.45634362e-02 -3.32800709e-02 -2.25879420e-02
  5.35301641e-02 -1.34687312e-02  4.87744100e-02 -7.54138306e-02
 -6.91261366e-02 -1.21283764e-02  2.71402970e-02 -9.29717943e-02
 -3.73638161e-02  6.42317832e-02 -3.27461064e-02  3.40607688e-02
 -4.86124009e-02  7.51156509e-02  2.82075536e-02 -1.49871349e-01
  3.36879268e-02  1.34618124e-02  1.03851100e-02  2.61976290e-02
  1.04494087e-01 -3.85079184e-03  3.94501761e-02  1.98936518e-02
  1.55913420e-02  3.91490990e-03  3.89271341e-02  5.68764135e-02
 -4.48394194e-02 -6.07855320e-02  4.04823804e-03 -4.64248192e-03
 -7.86341801e-02  1.08077638e-02  4.14156280e-02 -2.09708884e-02
  5.36190271e-02 -2.18309206e-03 -5.85678332e-02  5.20123020e-02
 -5.17002158e-02  1.41083570e-02  1.66489126e-03 -1.86163224e-02
  1.63953453e-02  6.23756237e-02 -6.71827719e-02 -1.14488800e-03
 -1.23175785e-01 -7.60135055e-02 -1.38745857e-02 -3.07219336e-03
 -8.94667804e-02 -1.43748121e-02  3.22763734e-02  6.42321305e-03
  4.28935094e-03 -3.70420292e-02 -1.11636786e-04 -2.78446767e-02
  1.57586690e-02 -2.71027535e-02  2.48381440e-02  1.35022909e-32
 -2.96026394e-02  3.55219245e-02 -3.12703475e-02 -2.82799988e-03
 -2.48816404e-02  1.69525687e-02 -6.80728853e-02  1.66524127e-02
  7.51920789e-02  2.71708574e-02  1.48835145e-02  1.01553433e-01
 -2.09094062e-02 -1.66035555e-02  8.66448060e-02  3.80603187e-02
  3.22228484e-02 -1.81863364e-02  1.22845266e-02 -2.95299967e-03
 -3.43631092e-03  9.42857713e-02  1.08914524e-02 -4.50171418e-02
 -1.65354237e-02  7.37012401e-02 -7.30931610e-02 -4.82966416e-02
 -2.81341784e-02  3.46378237e-02  8.60430673e-02 -3.53421383e-02
  2.98038404e-02 -8.21047276e-02 -5.05075678e-02 -7.09137991e-02
 -7.82134291e-03 -4.82828356e-02 -1.08523816e-02  1.02342376e-02
 -3.96183282e-02 -1.34463720e-02  4.31021489e-02  1.20735373e-02
  1.44074215e-02 -2.45518256e-02  4.00161967e-02  1.85047388e-02
  1.47068545e-01  6.81100637e-02 -2.01037601e-02 -4.43722531e-02
  4.89156544e-02 -6.22800924e-02 -4.49334793e-02  5.23833111e-02
 -6.66050911e-02  3.30362581e-02 -6.64299875e-02 -2.40607224e-02
 -4.31706160e-02  3.37195583e-02 -9.62444174e-05 -4.31487635e-02
 -1.15768006e-02 -4.81625535e-02 -1.91492382e-02  8.84757098e-03
  1.43097997e-01 -1.16193714e-03 -8.57447833e-02 -2.68539833e-03
  7.79318484e-03  3.73593718e-02  1.82932266e-03 -1.90383531e-02
  3.53386477e-02 -2.94615654e-03 -6.76545501e-02  7.46125681e-03
 -4.27653901e-02  6.11049868e-02 -5.42208645e-03 -4.60080653e-02
  1.05115116e-01  4.59212624e-02  5.12189753e-02  3.15370038e-02
 -6.00117780e-02  6.06895573e-02  5.05698211e-02  3.97711545e-02
 -5.83212823e-02  4.75021936e-02  2.63231341e-02 -1.56322646e-32
 -3.64972316e-02  3.30596305e-02 -4.34062779e-02  2.14171465e-02
 -3.50786559e-02 -1.10355923e-02 -5.56489546e-03 -3.11624482e-02
 -6.99751973e-02 -1.08166449e-01 -7.20952675e-02 -1.38819441e-01
  3.95822898e-02 -5.35631478e-02 -2.00496502e-02  6.56372458e-02
 -1.13921501e-01 -6.04096688e-02 -1.13418460e-01 -1.47515526e-02
 -4.21158597e-02  9.92636532e-02  5.46387620e-02  2.14161519e-02
 -1.14293816e-02 -4.67083454e-02 -4.93763611e-02 -2.74292044e-02
  2.03678384e-02 -3.17259245e-02 -2.46113669e-02  4.10140939e-02
 -3.11571844e-02  4.45504971e-02 -4.65151556e-02 -6.59325793e-02
  6.74215890e-03 -1.54401269e-02 -4.55108583e-02  8.74464661e-02
  1.53214606e-02  4.03911322e-02  1.35054076e-02 -5.71979843e-02
  1.80718321e-02 -6.32108822e-02  4.90917417e-04 -1.10369265e-01
  4.14644293e-02 -2.82477196e-02  1.27883151e-01 -3.23159024e-02
 -3.67488079e-02  5.90071827e-03  2.28905361e-02 -2.47590281e-02
  3.02385204e-02 -8.64488110e-02 -9.73737612e-02 -4.12573926e-02
  6.82105571e-02  4.24039587e-02 -3.87475863e-02  3.42567638e-02
  8.66224915e-02  1.20003773e-02 -3.01241819e-02  3.67724597e-02
 -1.78759750e-02 -8.59868433e-03 -1.88150238e-02 -4.69807126e-02
 -3.13436724e-02 -5.67120314e-02  7.38356728e-03 -2.87773870e-02
 -3.39756608e-02  7.78214308e-03 -4.14059423e-02  1.13662975e-02
 -6.72105253e-02 -2.68820301e-02 -3.94190848e-02 -4.30481844e-02
 -5.68783805e-02 -3.02193612e-02 -4.26206291e-02 -7.13367686e-02
  2.30658501e-02  7.91182742e-02 -3.34693268e-02  3.60947549e-02
 -2.56776810e-02  4.52475529e-03 -3.50443684e-02 -6.85048747e-08
  2.11214107e-02 -2.41003931e-02  5.27205952e-02  7.26429326e-03
  4.58663292e-02 -6.71454445e-02  1.73783172e-02  2.10216753e-02
 -3.15419100e-02  2.35732961e-02  1.00444714e-02  1.11438660e-02
 -1.57884825e-02 -3.61147895e-02  3.72885279e-02 -4.31037284e-02
  7.08294362e-02  8.38352591e-02 -2.91245170e-02 -1.84508897e-02
  5.45179546e-02 -5.70891285e-03 -9.43470895e-02 -5.91038167e-03
 -1.64125878e-02 -2.17365902e-02 -3.41724604e-03  1.23513192e-02
 -3.11243180e-02  4.83612381e-02  4.05622683e-02 -1.11897634e-02
  4.69606109e-02 -9.29540694e-02 -7.41378739e-02 -1.94694046e-02
  4.91554812e-02  6.39225123e-03 -5.98069988e-02  3.14840153e-02
  5.83878309e-02 -2.59685852e-02 -5.09980954e-02  3.45631428e-02
  6.70597628e-02 -7.35371932e-02 -1.89781655e-02  2.33930796e-02
  5.01995124e-02 -5.59193976e-02 -8.81623011e-03  2.12673973e-02
 -5.19618951e-02  1.81969721e-02 -8.49437788e-02  3.39975022e-02
  5.98165728e-02 -1.55634980e-03 -9.07531083e-02 -1.91124510e-02
  8.21387991e-02  6.01278283e-02  3.84815373e-02 -8.31156895e-02]