[-6.96140751e-02  7.29155317e-02 -1.11887949e-02 -3.32027255e-03
 -7.55438209e-02  2.35902518e-02  6.03778288e-03  1.12675466e-01
 -2.42436789e-02  4.04344238e-02  1.37231037e-01 -1.04408182e-01
 -5.28567529e-04  8.41536224e-02 -2.56627481e-02 -3.61376479e-02
 -1.63269453e-02 -2.62077078e-02  2.64701375e-04  1.04422115e-01
  1.03272572e-01 -3.17808576e-02 -1.06843278e-01  1.33479321e-02
 -8.05489570e-02  1.96954552e-02 -7.89616704e-02  1.30549842e-03
 -2.94742920e-02 -8.02827999e-03 -3.34817655e-02  8.85769129e-02
  1.45133073e-02 -5.91425821e-02  5.75107289e-03 -1.28043955e-02
  7.04387389e-03 -7.90401399e-02  1.28375972e-02  1.15514569e-01
 -4.16879468e-02 -1.69802569e-02 -1.15799248e-01 -2.99161784e-02
  5.53639270e-02  2.48786919e-02  3.65474373e-02  4.17641774e-02
  2.25232653e-02 -7.74135292e-02 -9.89585891e-02 -5.30104749e-02
  3.70602421e-02 -3.30748782e-02 -1.09284922e-01 -6.83620721e-02
 -9.98276472e-03 -2.33988035e-02 -3.15451697e-02  8.17900077e-02
 -9.36200619e-02  4.86023026e-03  5.99208176e-02  5.06222434e-02
 -2.67136078e-02  1.52947372e-02 -4.92543727e-02 -1.13695763e-01
 -1.60942264e-02  1.78222265e-02  1.89403389e-02 -9.34117511e-02
 -2.02817600e-02 -1.51491463e-02 -7.11519793e-02  8.68296698e-02
  6.55134916e-02 -3.17254663e-02 -6.42351732e-02 -1.15346007e-01
  2.94640698e-02  1.98743008e-02 -1.13733085e-02 -3.20284016e-04
  3.38410102e-02 -1.28958130e-03  1.50075303e-02  1.98393613e-02
 -1.58420838e-02  7.24793598e-02  7.38262162e-02  1.17020130e-01
 -1.31306827e-01 -3.85617800e-02  9.24212933e-02  2.43505910e-02
 -1.52409943e-02 -1.75633316e-03  3.11400965e-02 -2.82624853e-03
 -5.60111785e-03 -8.67907256e-02 -3.69088203e-02  1.18881520e-02
 -2.96013132e-02 -1.58171039e-02  2.01887228e-02 -8.71409997e-02
  1.46305198e-02  6.97902143e-02 -5.90755381e-02 -3.64223123e-02
 -1.05016239e-01 -2.64831558e-02 -2.11846363e-02 -9.46641807e-03
 -1.83787886e-02 -5.42094931e-02 -4.37338501e-02 -4.58343141e-02
  2.00326629e-02 -1.09050006e-01  3.27423215e-02 -3.27464640e-02
 -1.00825559e-02 -2.34613772e-02 -3.52743221e-03  1.23608256e-32
 -2.39814539e-02 -3.22963623e-03  3.77388694e-03 -7.26074725e-02
 -3.47319767e-02  1.03120536e-01 -3.00577469e-02  4.24613655e-02
  4.02908847e-02 -1.24568986e-02 -1.34864077e-01  5.25158681e-02
 -1.70123223e-02 -2.45712185e-03  5.02240099e-02 -3.59977875e-03
  6.89598247e-02  2.46442724e-02  6.69451198e-03 -4.87001054e-02
 -2.44274829e-02 -1.24570588e-02 -2.93229613e-02 -2.75387652e-02
 -1.15160137e-01  1.57889158e-01 -2.48748269e-02 -9.94599313e-02
 -4.15954851e-02  1.73414301e-03  1.03292726e-01 -2.03223377e-02
  4.95522656e-02 -5.46527915e-02 -2.48217583e-02 -5.53084984e-02
 -1.04764458e-02 -3.46958684e-03 -5.46434484e-02 -2.36466457e-03
  1.52556729e-02  8.10472742e-02  7.66530335e-02  1.00936577e-01
 -2.19070856e-02 -1.71192288e-02 -4.22649384e-02 -1.83427110e-02
  7.55757764e-02 -4.20703888e-02 -3.48758362e-02  1.39235361e-02
  9.72696394e-03 -1.41036103e-03  4.47125733e-03  6.69209659e-02
 -1.27958149e-01  3.25370170e-02 -3.37415114e-02 -1.37112243e-03
  3.80254263e-04 -4.80875336e-02 -2.86100456e-03 -3.11604589e-02
 -1.94790047e-02  2.84478888e-02 -5.52039817e-02  1.22257406e-02
  5.76827070e-03  1.07184378e-02  1.81138108e-03 -7.39242788e-03
 -1.07353972e-02 -7.46914977e-03 -2.98920963e-02  5.32929599e-02
  8.89709890e-02  6.56587780e-02 -6.96903616e-02 -1.73942763e-02
 -4.44588587e-02  8.33353326e-02  1.68295223e-02 -3.71665657e-02
  1.03038900e-01  5.18035777e-02  3.50594074e-02  8.60158056e-02
  1.37148174e-02  2.01165080e-02  8.46758336e-02 -9.27089714e-04
  2.70049646e-02 -5.41733466e-02  2.00015660e-02 -1.24922415e-32
 -4.59585572e-03  5.03145568e-02 -4.60725538e-02 -6.49209544e-02
  4.60430682e-02  1.61124393e-02 -5.84860705e-02  1.39819589e-02
 -1.54546751e-02 -3.63231450e-02 -4.05911691e-02 -7.90800229e-02
  5.10818772e-02 -4.78086099e-02 -2.73931250e-02  9.36569795e-02
 -5.69349751e-02 -7.68341776e-03 -1.01001829e-01  1.23585640e-02
 -4.22124285e-03  4.47415300e-02  4.33485731e-02 -4.14611995e-02
 -1.82353985e-02  3.88136134e-02 -4.62776795e-03 -4.69149612e-02
 -2.15157960e-02  1.27987145e-02  2.96657532e-03  4.27853093e-02
 -4.41140793e-02  1.33723661e-01  7.90440536e-04  1.34684462e-02
  2.82226745e-02 -1.72736514e-02  9.81568731e-03  7.27911964e-02
  1.53692905e-02  5.63504314e-03  3.61987874e-02 -1.98973287e-02
  1.93495471e-02  1.26056373e-02 -6.75498173e-02 -1.05591334e-01
 -7.47466227e-03  5.61519898e-03  4.08105701e-02  2.15906440e-03
 -3.13044228e-02 -5.49497735e-03 -1.14948237e-02 -4.58683930e-02
 -2.09568851e-02 -3.89978476e-02 -3.49641368e-02 -2.72696987e-02
  1.28033608e-01 -2.11785119e-02 -8.10736418e-02 -3.47791910e-02
 -7.51897274e-03  5.73351942e-02  5.68195321e-02  7.73566263e-03
 -3.01824827e-02  1.39891673e-02  3.54272574e-02 -8.45311116e-03
 -6.56644851e-02 -7.12253060e-03 -4.23864350e-02  7.34060910e-03
 -7.62870628e-03  3.07091251e-02 -3.31116989e-02  7.10873976e-02
 -6.80516660e-02  9.36471578e-03 -3.15310284e-02  1.12291873e-02
 -2.62503996e-02 -1.77349467e-02  1.70692559e-02 -3.00326589e-02
 -3.62474099e-02  2.05397215e-02 -9.05458182e-02  5.58961146e-02
  5.34886867e-02  4.35954742e-02  5.39005324e-02 -5.87066147e-08
  5.39258383e-02 -1.86252240e-02  8.46704468e-02  4.19477597e-02
  1.39037650e-02 -2.88176537e-02 -4.75819074e-02 -5.10342186e-03
  5.59549138e-04 -5.03053050e-03 -4.77221534e-02  4.55349265e-03
  1.51120182e-02  2.56632864e-02 -4.27371934e-02  9.14937537e-03
  3.14734876e-02  4.42802794e-02 -1.11398492e-06 -7.42175356e-02
 -4.64118877e-03 -3.23931575e-02 -1.37692448e-02  5.45067899e-03
 -1.18702995e-02 -1.23336026e-02  1.56403109e-02  3.70614305e-02
 -8.09345543e-02  3.60113904e-02  1.27313519e-02 -1.34154446e-02
  4.98329997e-02 -7.50559345e-02 -1.66797247e-02 -1.16290580e-02
  1.50530059e-02 -1.86163206e-02 -5.65846637e-02  3.72959785e-02
  9.28822085e-02 -4.43015173e-02  1.25311939e-02  4.52648522e-03
  6.91934973e-02  9.60218348e-03  8.32162276e-02 -3.62095572e-02
  7.30757192e-02  1.00396074e-01  3.84363048e-02  1.32768434e-02
  3.29607278e-02  6.23352081e-02 -9.19139609e-02  1.71965090e-04
  9.02159661e-02  1.72792729e-02  1.85003523e-02  3.34208459e-02
  7.58842826e-02  3.35591584e-02  2.70085763e-02 -2.09143143e-02]