[ 1.04496665e-02  2.36258544e-02 -3.81412581e-02 -3.01688649e-02
 -2.73521487e-02  2.06489526e-02  7.24727008e-03  6.39478415e-02
  1.06036142e-02  4.97589931e-02  4.09255773e-02  3.39927934e-02
  1.85898691e-02  5.62355034e-02 -3.70405498e-03 -5.53838350e-02
  9.67795700e-02 -4.84919846e-02 -4.46693636e-02  4.44521047e-02
  1.37490302e-01 -5.99099435e-02 -1.01216070e-01  3.22593711e-02
 -5.40015288e-02 -2.46827472e-02 -7.05535710e-02 -2.59665828e-02
 -6.08957410e-02 -7.65069341e-03 -9.20484122e-03 -9.92076192e-03
  1.08954355e-01  1.67005304e-02  3.08091156e-02  1.53107019e-02
  1.35395184e-01 -7.36089516e-03 -3.91637050e-02  2.01613829e-02
 -1.17364898e-01 -4.75363098e-02 -7.32653365e-02  1.48602633e-03
  4.73304205e-02 -6.35236409e-03  3.23176645e-02 -4.98328432e-02
 -8.99754092e-02 -8.55823793e-03 -3.82102951e-02 -4.86642495e-02
 -1.43067027e-02  3.17540509e-03 -4.42951284e-02 -1.13256268e-01
  1.92419421e-02  1.94584504e-02 -2.03835927e-02 -6.34033792e-03
  2.81573134e-03 -4.83907461e-02 -4.10349332e-02  4.41326573e-02
  1.01787478e-01  2.05186773e-02 -5.62812053e-02 -9.62409303e-02
 -1.97364371e-02 -2.65412983e-02 -2.97525506e-02 -3.20040174e-02
  4.36294153e-02  2.86483709e-02 -2.37977616e-02  4.22973894e-02
  1.53400116e-02  8.93258676e-02  2.31397431e-02 -1.45038888e-01
  2.95060407e-02  4.91118319e-02 -3.51919867e-02  2.00196058e-02
 -2.13454179e-02 -2.82279477e-02 -3.19300629e-02  1.41584156e-02
  4.96943966e-02 -3.41514163e-02  2.76987180e-02  4.49443571e-02
 -9.49124247e-02  4.02369313e-02  2.96761226e-02 -5.77960610e-02
 -9.79535934e-03 -5.36831319e-02  3.96228544e-02 -3.41847353e-02
  2.32578050e-02  1.45454817e-02  5.47764078e-02  3.88517156e-02
  5.89565411e-02 -1.76290311e-02  2.13145856e-02 -8.90314877e-02
  7.27229472e-03  7.75027573e-02 -7.91916158e-03 -1.41628096e-02
 -1.39382690e-01 -8.20348486e-02 -7.77524263e-02  1.57239363e-02
 -2.12838165e-02 -2.87805069e-02 -7.23924441e-03 -2.86805052e-02
 -1.83481406e-02 -3.60304229e-02  3.16604786e-02 -1.47000253e-01
  5.22254445e-02  2.37416774e-02  3.50126177e-02  6.97572804e-33
 -3.00900079e-02 -1.55590083e-02  2.95393858e-02  1.62099916e-02
  5.47262169e-02 -5.17070964e-02 -1.40133370e-02  3.50385644e-02
  1.57254860e-01 -9.88707296e-04 -5.97413406e-02  8.50472674e-02
  1.67536531e-02 -6.29865378e-02  1.38069451e-01 -5.12342863e-02
  4.94952276e-02  5.87774590e-02 -2.32876074e-02  7.56130042e-03
  6.26608869e-03 -5.46280444e-02 -1.39995501e-03 -3.99181098e-02
  4.00481857e-02  5.45775741e-02  1.11006582e-02  1.21502802e-02
  1.53022548e-02  3.54616344e-02  6.72282130e-02 -3.86807323e-02
 -3.01498063e-02 -5.47881611e-03 -2.80219894e-02 -1.00284768e-02
  1.61466766e-02  3.15421075e-02  5.71635105e-02 -3.30655947e-02
 -7.57555291e-02 -1.28057776e-02  1.06718779e-01  7.65392417e-03
  2.60557439e-02 -5.00703491e-02  6.93222508e-02 -3.61274555e-02
  6.78529963e-02  7.20395073e-02 -2.27731504e-02  5.08569367e-03
 -2.49301530e-02 -4.07911045e-03 -2.02201270e-02  1.81357078e-02
  3.56071182e-02  2.01643482e-02 -3.84924039e-02 -1.48892887e-02
 -3.69366631e-02 -9.45368484e-02  3.56090977e-03 -4.29463480e-03
  1.40166888e-02 -1.23681813e-01  7.36569911e-02  2.80962531e-02
  8.64915475e-02  1.58785116e-02 -7.20070004e-02 -4.90844995e-02
 -2.02250127e-02  2.57299170e-02 -6.31517731e-03  2.07718089e-03
  6.82578906e-02 -3.01134842e-03 -7.57746175e-02 -1.26307923e-02
 -3.43303941e-02  2.64056846e-02 -5.42344153e-02 -7.83972070e-02
  1.78678334e-02  6.62604868e-02  2.69818958e-02  6.58930019e-02
 -2.89289337e-02  3.53802629e-02 -2.97723953e-02  1.26458406e-01
 -3.04943305e-02  9.74810943e-02  5.66228963e-02 -9.66360094e-33
  1.45017020e-02 -2.10781787e-02 -3.58679257e-02  4.06238772e-02
 -3.58098634e-02  6.51333034e-02  4.47862819e-02 -7.96817883e-04
 -6.15211502e-02 -3.11816949e-02 -5.40959537e-02 -5.81450947e-02
  4.67525199e-02  4.20317575e-02 -8.98246020e-02  6.44225925e-02
 -1.32107705e-01 -2.64361147e-02  2.73160059e-02  7.55979195e-02
  1.90784875e-02  9.43427309e-02 -3.16043198e-02 -2.14174781e-02
  1.82958797e-03 -4.01467234e-02 -6.29344583e-02 -6.20355308e-02
 -2.30536032e-02 -2.10563410e-02  1.28255961e-02 -2.25511380e-02
 -1.83568019e-02  1.04399621e-01 -1.99728161e-02 -4.83778827e-02
  3.75495106e-02 -6.48292080e-02 -2.87734671e-03  1.62103131e-01
  9.21653509e-02 -4.44601290e-03 -1.00464956e-03 -1.71186198e-02
 -1.91193726e-02 -2.60342378e-03 -3.56415883e-02 -1.01071566e-01
 -2.59553571e-03  2.47191377e-02  7.55543336e-02 -4.95893918e-02
 -3.22458558e-02  4.80651343e-03  7.23638665e-03 -4.16032150e-02
 -4.06623036e-02 -6.22537136e-02 -1.13585614e-01  2.34010946e-02
  5.90460375e-02 -4.56690304e-02 -2.03581098e-02 -1.68245137e-02
  2.93335915e-02  2.42587831e-02  2.29110662e-02  3.78297828e-03
 -1.66120473e-02 -3.85983177e-02 -2.16278248e-02 -4.08886895e-02
 -7.56589919e-02 -5.71331047e-02 -3.70303057e-02 -3.39317136e-02
  2.11123619e-02 -7.69370049e-02 -6.88287914e-02 -6.11777417e-03
 -4.87631150e-02  1.38633195e-02 -2.84326561e-02 -6.58619730e-03
 -4.67657223e-02  1.71336289e-02  3.92458066e-02 -2.98157409e-02
 -6.89772516e-02  3.25134918e-02 -6.97802976e-02  6.24911897e-02
  4.67718355e-02  3.19823138e-02 -1.05934247e-01 -6.10553101e-08
 -4.72457446e-02 -1.71276573e-02  6.31629303e-02  3.26540670e-03
  4.54573939e-03 -4.00191396e-02 -2.53010131e-02  4.03978899e-02
  5.65259196e-02  5.94194159e-02 -5.14938310e-03 -6.62828684e-02
 -6.76371008e-02 -1.34092011e-02  4.22287546e-02 -2.50486415e-02
 -1.41622173e-02 -2.17536110e-02 -1.16606727e-02 -2.31653918e-02
  1.03621565e-01 -3.28188972e-03 -2.35092845e-02  1.37689775e-02
  7.87810832e-02  2.75633228e-03  4.19275463e-03  1.62468310e-02
 -6.57748990e-03  4.26183902e-02 -1.04661305e-02 -8.70671030e-03
  3.82948481e-03 -2.18877085e-02 -8.15847889e-02  1.51801519e-02
  4.11409996e-02  5.43163978e-02  1.84786916e-02  1.13347750e-02
  6.91475049e-02 -4.82797660e-02 -9.78388190e-02 -1.90745499e-02
  7.65969185e-03  4.80691455e-02 -9.84169617e-02  4.60388847e-02
 -5.43770529e-02 -4.84603122e-02 -8.23364779e-02  8.90106615e-03
  6.52042329e-02  5.77670038e-02 -2.35477593e-02  1.83777940e-02
  3.88370268e-02 -4.23929319e-02  2.70791017e-02  5.26566692e-02
  3.56604159e-02  7.09413439e-02 -2.96045616e-02 -3.08261178e-02]