[-4.41190740e-03  4.43742014e-02 -6.05845861e-02 -6.49311170e-02
 -6.78168982e-02  4.33197757e-03  8.41163024e-02  8.64241645e-02
  4.05852273e-02  1.64296087e-02  7.76496902e-02  1.10009331e-02
  2.41087507e-02  6.35159714e-03  7.98773468e-02 -8.81679654e-02
  9.94397104e-02 -2.94129318e-03 -2.17833165e-02  4.11599763e-02
  1.55260563e-01 -3.38337161e-02 -8.13667327e-02  6.93139434e-02
 -9.17641744e-02 -5.09381071e-02 -3.53619866e-02 -4.95195761e-02
 -5.04201353e-02 -3.82290781e-03 -2.66734604e-02  6.31316677e-02
  9.78715941e-02 -1.26301739e-02 -2.92081870e-02  2.45011337e-02
  7.99110010e-02 -4.25657928e-02 -3.13907713e-02  7.93661252e-02
 -1.17607027e-01 -2.16381252e-02 -1.03167213e-01 -1.60889681e-02
  6.15704060e-03  3.59811410e-02  3.34112868e-02  2.89274678e-02
 -6.15717284e-02 -5.26829772e-02 -4.81643341e-02 -1.49597377e-02
 -2.40200814e-02  4.76863869e-02 -1.40038524e-02 -5.76127842e-02
 -3.86551023e-02  3.05885654e-02 -3.31615917e-02 -5.83233451e-03
 -4.34814021e-02  1.08576566e-03  3.99169186e-03  4.01754119e-02
  6.20695576e-02  3.51328142e-02 -2.10668053e-02 -5.24395406e-02
  5.03355004e-02  1.18872859e-02  2.62078494e-02 -1.31016811e-02
  3.33460234e-02  1.13071818e-02 -4.99081425e-02  4.48182598e-02
  2.91912071e-02  7.17767924e-02 -2.46673282e-02 -1.88178450e-01
  2.92015728e-02  2.58275699e-02 -5.31307086e-02 -1.24465860e-03
 -3.53254341e-02 -4.36220653e-02 -5.60198463e-02 -1.04870144e-02
  8.70005935e-02 -1.04967635e-02  3.80009264e-02 -2.00282317e-02
 -3.72270234e-02 -2.36832793e-03  2.28720270e-02 -2.51925271e-02
  7.36425573e-04 -3.99069078e-02  7.44964257e-02  2.06232630e-03
  4.56573032e-02  5.05392551e-02  5.81907928e-02 -8.54413491e-03
 -4.26125228e-02 -7.72560481e-03 -3.27705517e-02 -7.13357627e-02
  3.70399803e-02  1.21991187e-01 -4.12486233e-02 -8.04405883e-02
 -9.73182917e-02 -8.59796852e-02 -9.12160128e-02  2.11110376e-02
 -1.67444926e-02 -3.60278934e-02  2.96041910e-02 -4.71489616e-02
  4.11431193e-02 -3.85638028e-02  3.38378474e-02 -7.01904222e-02
  5.47215603e-02 -6.10868856e-02  3.18998918e-02  7.71989972e-33
 -9.77759361e-02 -5.09842150e-02 -2.93483827e-02  8.08654651e-02
  4.13927110e-03  2.03255825e-02 -2.11385335e-03  1.46904355e-02
  6.24016337e-02  3.52871977e-02 -5.73333800e-02  7.16489330e-02
  8.72779451e-03  1.03466799e-02  7.38796964e-02 -9.10519157e-04
  5.66297509e-02 -3.32389004e-03  5.36119938e-02 -1.23604694e-02
 -1.06266479e-03  1.35347880e-02  5.20417467e-03 -3.98654714e-02
  8.38327259e-02  3.88626494e-02 -6.21245541e-02 -3.83925475e-02
  3.04703247e-02  2.28748247e-02  1.11879393e-01 -1.28247021e-02
  4.25171666e-02  2.41506938e-02 -6.06499687e-02  2.23897677e-02
 -3.65070812e-02 -1.91240571e-02 -2.19562016e-02 -8.32292214e-02
 -6.87183812e-03 -1.14331767e-02  2.62812618e-02  3.37390676e-02
  7.06397295e-02 -7.09160790e-02 -3.32671255e-02  1.55205624e-02
  8.44686180e-02  4.20997813e-02 -8.71693809e-03 -5.96903404e-03
 -3.87453623e-02 -4.79183197e-02 -2.67810877e-02 -4.65881359e-03
 -5.68533838e-02  4.87048663e-02 -1.60717741e-02 -5.55134453e-02
 -6.13491386e-02 -1.29435696e-02  8.36729538e-03 -3.33607085e-02
 -2.63371654e-02 -2.39057820e-02  2.20213551e-03 -1.06012019e-04
  1.07098758e-01  7.81246740e-03 -8.38924870e-02  2.32309587e-02
 -6.61419854e-02  7.84284398e-02 -3.48070003e-02  8.59020185e-03
  7.12792128e-02  1.72255747e-02 -3.45429927e-02 -8.79673404e-04
 -5.75879496e-03 -2.09742188e-02 -3.37820537e-02  5.83181381e-02
  3.51927504e-02  9.96545479e-02  5.07634766e-02  5.86706549e-02
 -1.52900266e-02  8.39225501e-02  5.92320673e-02  1.29495010e-01
 -5.62817305e-02  7.24681467e-02  8.65382031e-02 -1.14599150e-32
 -2.07666792e-02  5.67773764e-04 -9.24678743e-02  3.39154489e-02
  1.18255895e-02  9.48189571e-03  3.09589854e-03 -7.39291161e-02
 -5.00662327e-02 -4.32320908e-02 -1.01273432e-01 -1.15196340e-01
  6.70193462e-03 -2.86473893e-02 -9.58058685e-02  2.41777133e-02
 -6.17748126e-02 -1.51417824e-02 -2.03519650e-02  2.44459286e-02
 -5.19453883e-02  7.73940831e-02  2.51485122e-04 -4.03195433e-02
  1.83463097e-02 -3.45580839e-02 -5.93348145e-02 -1.95799731e-02
 -8.58401358e-02 -3.95078920e-02 -1.93735287e-02 -3.60019654e-02
 -5.07664233e-02  6.36753216e-02 -4.66116220e-02 -5.05381450e-02
  1.89280231e-02  3.38771380e-02 -5.04862983e-03  6.28949702e-02
  6.15508892e-02  5.52027971e-02 -1.22038191e-02 -3.37866805e-02
 -6.32973760e-02 -5.27069159e-02  7.66567653e-03 -1.29622370e-01
  6.89592510e-02 -1.91600882e-02  8.90920684e-02 -6.52243048e-02
  2.27587353e-02 -5.42289577e-02  3.41255441e-02  8.13423470e-03
 -4.14572768e-02 -8.18559900e-02 -4.49094437e-02  2.24947147e-02
  1.12561464e-01 -8.45939200e-03 -6.17557801e-02  1.43414242e-02
  6.61391541e-02 -5.14264293e-02 -2.24684849e-02  5.67861013e-02
  3.29387560e-02 -5.07529341e-02  1.92847829e-02 -1.11060977e-01
 -5.96242622e-02 -5.48597537e-02 -3.12312674e-02 -4.64493483e-02
 -3.60026136e-02 -2.41914261e-02 -5.09481616e-02  2.98442505e-02
 -4.38878946e-02  3.82778072e-03 -2.39125341e-02 -5.13719674e-03
 -3.65210767e-03  4.28554602e-03  7.18395878e-03  1.64294410e-02
  2.83249579e-02  1.11530777e-02 -6.53131381e-02  5.22239842e-02
  2.71764528e-02  3.15471366e-02 -6.00972250e-02 -6.37088178e-08
 -7.05235498e-03 -3.99687979e-03  3.47459763e-02 -1.31866923e-02
  7.18385130e-02 -5.74547648e-02 -9.17326752e-03  6.14313222e-02
 -5.78954816e-02  2.24406701e-02 -1.38183767e-02 -2.48536263e-02
 -9.42061245e-02  1.71533432e-02  5.62614389e-02 -5.28724827e-02
  3.36850211e-02 -2.08933316e-02 -6.78713769e-02 -5.21832816e-02
  6.31342456e-02 -3.76656651e-02 -1.45266160e-01 -3.40421014e-02
  7.13750347e-02 -3.34835574e-02  3.45819630e-03  4.90188748e-02
 -1.80887319e-02  3.68147790e-02 -7.25860149e-02 -2.52592508e-02
  7.42380172e-02 -3.20471227e-02 -3.26036215e-02 -1.94261856e-02
  2.51414534e-03  3.84338349e-02 -2.84634456e-02 -5.81956208e-02
  3.77494283e-02 -4.05121334e-02  1.00892922e-02  2.35275142e-02
  1.70328598e-02  5.39065944e-03 -2.24276595e-02  9.73752066e-02
 -3.76100317e-02 -1.56321898e-02 -6.62739575e-02  1.00545846e-02
  8.44534561e-02  6.98290318e-02  3.04245465e-02 -4.29093465e-02
  4.33825031e-02  2.55465377e-02  6.15374977e-03  4.94724256e-04
  2.16758884e-02  7.20325932e-02  3.16978153e-03 -9.06859711e-03]