[-3.71230170e-02  9.12936032e-02 -1.67349614e-02 -7.18947798e-02
 -8.46640244e-02  1.93000808e-02  4.38575856e-02  1.56071410e-01
 -8.11627600e-03  5.60020059e-02  1.46234017e-02 -1.98481306e-02
  4.23408449e-02 -3.24569899e-03 -4.95674387e-02 -4.05473411e-02
 -3.63961495e-02 -9.35159251e-03 -2.11890414e-02  4.93732840e-02
  7.09904209e-02 -1.34075936e-02 -5.35157956e-02  2.93333661e-02
 -4.23869453e-02  8.04140568e-02 -1.05121145e-02  2.82764304e-02
 -3.97541076e-02 -1.07221343e-02  4.85016331e-02  9.51212719e-02
  3.95980366e-02 -7.34804571e-02  1.96738280e-02 -6.09317459e-02
  3.28817889e-02 -5.83186932e-02  1.81019474e-02  7.39718135e-03
 -8.75222832e-02 -8.32043067e-02 -6.95324540e-02 -3.36527191e-02
 -2.12673023e-02 -3.78529094e-02 -7.96961039e-02  7.10182562e-02
  3.77005562e-02 -6.19643964e-02 -6.80131614e-02  4.31976169e-02
 -3.96754257e-02  2.05950681e-02 -2.10982412e-02 -4.49219905e-02
 -4.54763174e-02 -5.38399890e-02  4.07996215e-02 -1.25755314e-02
 -4.00184318e-02  8.93228501e-02 -4.01205644e-02  8.40779990e-02
  1.49280159e-02 -4.55825739e-02  4.43814509e-03 -5.50489128e-02
 -5.93376867e-02  3.74649502e-02  4.02221270e-02 -6.45577488e-03
  5.87908067e-02 -1.67563688e-02 -1.17277456e-02  2.87322495e-02
  4.30530496e-02 -5.66910859e-03 -4.78926115e-02 -1.68641165e-01
  5.54974154e-02  1.32788522e-02  1.88994203e-02 -2.84655392e-02
 -2.52656657e-02  6.41250983e-03  7.92907774e-02 -3.90654318e-02
  1.07266776e-01 -2.74610911e-02  4.69023660e-02 -2.84553389e-03
 -8.84706005e-02  3.46398726e-02  1.57095976e-02  3.32472473e-02
 -4.19083536e-02  1.30375037e-02 -1.18022962e-02  4.37770225e-02
  7.03642815e-02  4.90973555e-02 -5.63860685e-02  1.06661357e-02
 -9.10019726e-02  2.60429606e-02  1.29882833e-02  3.88143808e-02
  1.16258580e-02 -1.67574491e-02 -9.03890133e-02 -4.12017964e-02
 -4.49108034e-02 -1.10606141e-01 -7.70662352e-02  5.07972687e-02
  7.52334658e-04 -6.46920055e-02 -2.95674354e-02 -4.89944825e-04
  6.76123947e-02 -1.85249019e-02  2.33491138e-02  1.50624812e-02
  2.66262293e-02 -8.26221630e-02  3.79473753e-02 -1.81931834e-32
 -2.24710591e-02 -4.28526364e-02  3.67908813e-02 -4.56261970e-02
  1.73505917e-02 -2.38607475e-03 -5.75393438e-02  3.61845009e-02
 -5.29929530e-03  1.76427804e-03 -1.01614997e-01 -8.01555738e-02
 -5.11089936e-02  3.65786366e-02  2.14685034e-02 -3.21718082e-02
  5.97171374e-02 -5.36344685e-02 -5.87109216e-02 -2.07331609e-02
 -4.22767997e-02  1.14376275e-02  4.61098142e-02  5.76334074e-02
 -6.79675024e-03  1.00529619e-01  7.60567468e-03  2.45567341e-03
 -5.16597666e-02  2.59261001e-02  5.40988594e-02 -6.83262013e-03
  1.72156340e-03 -1.50043163e-02  3.77759710e-02 -2.50223596e-02
 -2.11591851e-02 -3.70965078e-02 -2.57723015e-02  9.78612453e-02
 -1.91474706e-02  2.88435575e-02  7.76937306e-02  8.13629627e-02
  2.04033572e-02 -6.99881986e-02 -1.40278076e-03 -3.08182556e-02
  4.93296571e-02  2.25480590e-02 -1.09267317e-01 -1.31226294e-02
 -8.22966620e-02 -1.10131420e-01  2.60872692e-02  3.97973880e-02
 -1.44864336e-01  5.10406084e-02 -6.33069053e-02 -9.32831690e-03
  1.71408840e-02 -2.21737400e-02 -2.64822245e-02 -4.73529436e-02
 -5.76677024e-02 -5.02525712e-04 -2.03110389e-02  3.71507020e-03
  5.21271750e-02  3.52385268e-02 -9.19424817e-02 -1.11433212e-02
  2.63412353e-02  1.77383292e-02  1.44076496e-02  3.90041098e-02
  7.60364160e-02  2.85056289e-02  7.85402283e-02 -1.32575529e-02
 -3.85356061e-02 -1.56143131e-02  2.97369827e-02 -6.13205694e-03
  4.79161106e-02  3.70707735e-02  2.21868847e-02 -2.61690207e-02
 -6.00694530e-02  6.15313128e-02 -3.55520509e-02  2.41350718e-02
  5.80598190e-02 -8.34478363e-02  1.34966951e-02  7.26638298e-33
  2.53440049e-02  8.17535967e-02 -6.57428280e-02  1.24027589e-02
 -2.27545965e-02 -1.09280707e-04 -7.43242577e-02  4.86937612e-02
 -1.99099164e-02 -2.21309764e-03 -1.01667065e-02 -1.04421587e-03
  6.15544133e-02 -6.78938627e-02 -5.28196990e-02  5.70916310e-02
  4.15796265e-02  2.17788527e-03 -1.23922117e-01 -4.15640995e-02
 -2.81117074e-02  1.14412956e-01  3.84302624e-02 -2.07856148e-02
 -4.68837321e-02 -3.85473259e-02  7.75893107e-02  8.10904428e-03
 -1.12186119e-01  4.85009514e-02  1.33444574e-02 -6.93075731e-03
 -6.63114339e-02  5.16251549e-02 -4.18720506e-02 -1.85870435e-02
  6.89829886e-02 -8.19370244e-03 -1.94932967e-02 -1.09646702e-02
 -1.95997600e-02  3.30869928e-02  7.51087293e-02 -4.60648052e-02
 -4.66557518e-02 -4.31216955e-02 -6.35212241e-03 -4.76099774e-02
  1.24579761e-02 -6.24585375e-02  6.15973696e-02 -1.76050700e-02
 -1.00360446e-01 -3.35342884e-02  1.83811337e-02 -7.63199553e-02
 -7.14730024e-02 -3.95443663e-02 -6.29013330e-02 -3.52910608e-02
  5.85775748e-02  8.01992789e-02 -3.10843196e-02 -2.03618803e-03
  6.86920211e-02  2.52919411e-03 -1.07817970e-01  2.06499416e-02
 -6.24669855e-03  4.85243313e-02  9.94009078e-02 -9.89856273e-02
 -9.28331390e-02  2.24696435e-02 -6.02332279e-02 -1.71140656e-02
 -8.55316520e-02  5.85941561e-02  8.20282567e-03  4.12977114e-02
 -1.75132398e-02 -7.55742788e-02 -8.30531642e-02 -2.70655705e-03
 -5.47164232e-02 -1.17315752e-02 -1.95837356e-02 -2.78065559e-02
 -2.52907518e-02  3.63053568e-02 -2.51280591e-02  5.30662388e-02
  6.76761242e-03 -6.13285229e-02  5.95699698e-02 -4.66530352e-08
  5.14668263e-02 -4.43554595e-02 -6.31820560e-02  5.15437089e-02
  4.05971669e-02 -6.41557425e-02  2.30417885e-02 -1.06750980e-01
 -3.77988964e-02  7.49005079e-02  3.21219675e-02  7.08796410e-03
 -3.46051063e-03  1.16090123e-02 -9.84590948e-02 -3.39969643e-03
  2.12451890e-02  3.62400785e-02 -5.80869615e-02 -1.19775079e-01
  4.57431376e-02 -1.45745166e-02 -4.79568951e-02 -9.29059759e-02
  4.35433686e-02  1.75492931e-02 -3.91249806e-02 -1.28486212e-02
 -3.00403014e-02  1.02433620e-03  4.62512067e-03  1.26129650e-02
 -8.31699278e-03 -1.74348265e-01  8.58320296e-03  4.84323986e-02
  1.59505289e-02  2.20507830e-02 -7.76352063e-02  2.21743528e-02
  9.89092886e-02  6.60984637e-03  6.12996034e-02  1.35637876e-02
  2.03246530e-02 -4.07474451e-02  1.83707923e-02  3.01468950e-02
 -3.39069068e-02 -2.96364333e-02 -2.64217593e-02  7.63073796e-03
  4.51591844e-03  7.67359510e-03  1.75532997e-02 -2.76760459e-02
 -2.09935359e-03  6.01026304e-02 -1.08191734e-02  2.48169573e-03
  3.08602173e-02  2.61170864e-02 -4.88349833e-02 -1.64310727e-02]