[-3.24391909e-02  4.24468331e-02 -1.65272374e-02 -1.21760704e-01
 -8.27663466e-02  5.16059296e-03  1.98928993e-02  9.34449807e-02
  1.34890396e-02  8.86133835e-02  3.85994017e-02 -1.78772267e-02
 -8.85566045e-03 -4.15251307e-05 -7.04015745e-03 -5.93664013e-02
  5.94266839e-02 -4.05454263e-02  4.64906543e-03  5.84185645e-02
  1.50032103e-01 -5.38335294e-02 -5.63546568e-02  2.12713089e-02
 -6.04948737e-02 -3.95449586e-02 -8.50206241e-02  2.83497870e-02
 -2.15571783e-02 -5.06694540e-02 -2.36800816e-02  6.94059059e-02
  8.51472281e-03  3.53506161e-03  6.20151199e-02  1.66542940e-02
  3.07650939e-02 -4.83987778e-02 -2.40360405e-02  2.90032718e-02
 -4.26772647e-02 -5.62218837e-02 -9.77341756e-02 -7.13926032e-02
 -4.68079792e-03 -5.88483103e-02 -1.25440424e-02  6.49006991e-03
 -1.30111752e-02 -2.00466607e-02 -8.44930112e-02 -2.59667244e-02
 -5.49634453e-04  6.21737577e-02 -4.19786163e-02 -6.13121688e-02
 -1.52836237e-02  1.91396158e-02  1.34272557e-02 -2.00184379e-02
  1.70911960e-02  5.92352860e-02 -8.13552141e-02  5.23959361e-02
  1.93650648e-02 -3.36206108e-02  3.59039865e-02 -1.73903536e-02
 -4.88352627e-02  4.03750055e-02  3.14278528e-02 -6.00080527e-02
  5.73130250e-02  3.46535593e-02 -2.46992223e-02  7.10412338e-02
 -1.76276322e-02  5.53337187e-02  2.99672652e-02 -1.77819818e-01
 -5.23197232e-03  3.92579794e-04  8.34522489e-03 -4.01780456e-02
 -4.30461429e-02 -1.74029190e-02 -1.39271878e-02 -1.16080686e-03
  1.13001905e-01 -2.58610081e-02  2.94416081e-02  2.30785366e-02
 -2.05373298e-02  1.20157246e-02 -1.71521083e-02 -1.04224896e-02
 -3.57480417e-03  5.19675128e-02  5.06043211e-02  2.16217972e-02
  7.68074170e-02  2.01726072e-02  5.39737567e-03  4.64154184e-02
 -5.32706641e-02  5.12385219e-02 -2.90365294e-02 -4.97406870e-02
  3.62909585e-02  2.50393599e-02 -8.25863555e-02 -3.58559936e-02
 -2.57147159e-02 -9.31576341e-02 -8.03442001e-02  1.13511428e-01
 -6.51932284e-02 -1.46369385e-02  6.95484728e-02  1.32703073e-02
  3.78567129e-02  4.13696701e-03 -1.99427400e-02 -4.58807871e-02
  3.51696424e-02  2.21394878e-02  5.27109876e-02  1.39642131e-32
 -3.28163691e-02 -7.65467286e-02 -1.36519186e-02  4.69160676e-02
 -1.42007563e-02  4.75329999e-03 -4.76659127e-02  3.74140106e-02
 -6.23864494e-02  2.93338411e-02 -1.38720632e-01  2.60019954e-02
 -7.00963102e-03 -2.23195478e-02  1.02108955e-01 -2.33870875e-02
  2.79046297e-02 -4.92695160e-03  4.49640537e-03 -1.66058782e-02
 -1.83556136e-02 -2.13189963e-02  1.59495529e-02  1.30139953e-02
  2.91820336e-02  9.18292031e-02 -3.65420207e-02 -5.07531725e-02
  1.61170196e-02  6.24501221e-02  2.69315951e-02 -1.86072420e-02
  2.43921634e-02  2.14069104e-03 -2.28806790e-02  2.51593790e-03
 -2.69600321e-02 -3.55082937e-02 -2.75631007e-02  2.03203801e-02
 -6.51527420e-02  3.73823196e-03  2.87081487e-02  8.00324697e-03
  5.90967089e-02 -6.19155318e-02  2.45042443e-02 -2.75845118e-02
  1.32965714e-01  6.90007135e-02 -5.29040322e-02 -2.08712257e-02
 -3.76227461e-02 -6.31114468e-02  2.42984504e-03  3.19239199e-02
 -1.07703336e-01  1.01304680e-01 -1.33214444e-02 -4.53026369e-02
 -1.99573510e-03 -7.98819028e-03 -3.24792974e-02  5.56454584e-02
  1.60658956e-02 -3.24116722e-02  2.78223376e-03  3.06099672e-02
  1.06143095e-01 -2.37382464e-02 -1.74097851e-01 -2.01454367e-02
  1.14075854e-01  5.23811243e-02  5.57202958e-02 -1.18426541e-02
  4.76545952e-02 -4.01541851e-02 -3.13587934e-02  3.18105705e-02
 -1.07396252e-01  4.33614701e-02 -6.73644170e-02  3.07593979e-02
  3.98261920e-02  4.20291796e-02  7.34243095e-02  2.35644612e-03
  2.26448458e-02  6.92430362e-02 -5.90489293e-03  4.74033207e-02
 -6.73635006e-02  8.04839935e-03  3.83653343e-02 -1.57179846e-32
  8.50032177e-03 -1.07243201e-02 -5.40379658e-02  7.26214668e-04
  2.70137731e-02  6.60060495e-02  2.76238360e-02 -2.83934884e-02
 -8.47600028e-02 -5.10996282e-02 -1.91736370e-02 -5.83763719e-02
  1.14400715e-01 -1.31406430e-02 -8.45531076e-02  1.95035040e-02
 -7.86096379e-02 -2.33715158e-02 -3.83308828e-02  3.33528146e-02
  1.03981167e-01  8.76549035e-02  5.71060590e-02 -1.06319841e-02
  1.49526410e-02 -6.62940070e-02 -1.92028712e-02 -5.04128709e-02
 -2.42567472e-02  3.55592109e-02  1.15544507e-02 -1.37833264e-02
 -8.69760886e-02  1.28464401e-01 -2.38858610e-02 -2.53952276e-02
  9.40251276e-02 -5.54668680e-02 -1.21268388e-02  4.86481376e-02
  5.11663631e-02  3.12853195e-02  7.98555762e-02 -2.53379382e-02
 -3.60750221e-02 -1.94211844e-02 -7.59916082e-02 -9.48203355e-02
  2.48465426e-02 -9.25563499e-02  5.37630804e-02  1.69254411e-02
 -5.14163561e-02 -3.53932269e-02  5.21361567e-02 -7.47761875e-02
 -8.05509612e-02 -7.81481415e-02 -9.85893756e-02  3.29668745e-02
  1.09472878e-01  4.26048785e-02 -3.35797034e-02  7.11821485e-03
  1.15917698e-01  3.18962038e-02 -5.64385541e-02  5.86102791e-02
 -3.43889333e-02 -1.49004289e-03  3.33103240e-02 -7.85023272e-02
 -1.27227485e-01 -7.81296566e-02  4.26753163e-02 -2.01614704e-02
 -2.68963687e-02 -6.76155044e-03 -7.18861073e-02 -1.08236289e-02
  8.88041221e-03 -1.56491790e-02 -1.02728270e-02  7.49691739e-04
 -1.34833930e-02  4.59525473e-02 -3.48681770e-02 -3.03791696e-03
  1.04345763e-02  1.74468700e-02 -3.36659253e-02  6.58785226e-03
  6.98618144e-02  2.22891401e-02 -1.84795726e-02 -6.49102034e-08
  3.01644467e-02  6.98603084e-03 -1.51262116e-02  9.37793776e-03
 -1.04681840e-02 -5.92612810e-02 -4.82033454e-02 -4.92181024e-03
 -4.06714976e-02  2.88612451e-02  8.55131298e-02 -2.87600383e-02
 -6.17722310e-02  2.80644763e-02  3.68838810e-04 -5.02258651e-02
  2.68475269e-03  5.06381951e-02 -3.24680842e-02 -5.23007326e-02
  3.87124494e-02 -2.91873049e-02 -4.69695032e-02 -5.33416793e-02
  1.26913358e-02  2.50861570e-02 -2.32967604e-02 -4.18086648e-02
  1.08349854e-02  4.32355925e-02 -2.34948099e-02  3.65746184e-03
  8.92893225e-03 -9.11912844e-02 -1.29566826e-02  1.41379572e-02
 -6.79992288e-02  5.50797470e-02 -3.98505181e-02  1.57685205e-02
  8.69253948e-02 -1.88456159e-02 -3.12659889e-02  6.46472722e-03
  7.29579479e-02  2.89814584e-02 -5.26458882e-02  4.68390286e-02
  1.01228962e-02 -7.25204423e-02 -8.89448822e-02 -4.06634323e-02
  5.03465198e-02  4.90846252e-03  3.91618727e-04  4.19758871e-04
  7.45886415e-02 -7.59471906e-03 -3.47255208e-02 -3.19782533e-02
  1.11123428e-01  4.62148152e-02  2.71239388e-03 -5.74390963e-02]