[-8.80122930e-03  4.71451320e-02 -4.47251312e-02 -4.79732156e-02
 -7.65246227e-02  1.44186001e-02  6.32860214e-02  9.69435051e-02
  1.60424095e-02  3.37905772e-02  8.55871513e-02  3.65963462e-03
  7.62672350e-03 -2.45384453e-03  7.87968487e-02 -6.73140883e-02
  1.12008162e-01  8.10940750e-03 -4.74048629e-02  6.74694255e-02
  1.45667821e-01 -3.67966630e-02 -7.88741484e-02  7.41100907e-02
 -6.64193779e-02 -5.21021672e-02 -4.07809317e-02 -3.78954001e-02
 -3.15668285e-02  9.60116740e-03  3.56149441e-03  4.57172804e-02
  1.12964213e-01 -1.67449173e-02 -1.50394170e-02  3.18465456e-02
  8.99236128e-02 -4.65006083e-02 -2.41111927e-02  8.74561220e-02
 -1.00653075e-01 -2.00211052e-02 -1.09837584e-01 -3.25751118e-02
  2.29947697e-02  7.12797325e-03  3.10640782e-02  2.67812926e-02
 -5.18122874e-02 -6.00052923e-02 -5.85847609e-02  1.90301356e-03
 -3.54806893e-02  2.40132026e-02 -1.06072593e-02 -3.35573480e-02
 -4.72180434e-02  1.06795477e-02 -2.25338843e-02 -2.33181361e-02
 -3.55374180e-02 -7.84225948e-03 -7.74842221e-04  3.97744924e-02
  5.57333604e-02  3.82297039e-02 -1.61648300e-02 -4.92374562e-02
  3.24076079e-02  2.78497487e-02  2.92643663e-02 -2.60913633e-02
  3.33371013e-02  1.07648754e-02 -5.12417071e-02  6.05093725e-02
  2.62571685e-02  8.51436704e-02 -1.73881147e-02 -1.75202757e-01
  4.07736152e-02  4.23894916e-03 -4.19020131e-02 -1.49246911e-02
 -2.13584974e-02 -3.12388334e-02 -5.85602112e-02 -3.05704772e-02
  8.83011892e-02  2.01851921e-03  4.97177020e-02 -6.86089182e-03
 -5.95327355e-02  7.20686466e-03 -1.01308397e-04 -2.52320115e-02
  2.43263654e-04 -5.06902374e-02  9.60749835e-02  1.07812118e-02
  5.73231876e-02  3.36277448e-02  4.93930914e-02 -8.76526628e-03
 -3.11924648e-02 -2.19175313e-02 -2.09595542e-02 -6.40717745e-02
  3.07647865e-02  1.26581475e-01 -3.65173407e-02 -9.84315649e-02
 -6.76723123e-02 -1.06208682e-01 -1.06841423e-01  2.39515603e-02
 -8.09615478e-03 -5.29629216e-02  5.50149530e-02 -7.80048221e-02
  4.40076292e-02 -4.27058935e-02  3.64232063e-02 -7.04482868e-02
  6.87597916e-02 -6.96648508e-02  2.17785500e-02  1.05440572e-32
 -1.08403504e-01 -7.94711784e-02 -3.02999783e-02  3.92274968e-02
 -2.81732343e-02  8.12262017e-03 -7.97805097e-03  2.56656501e-02
  5.87908961e-02  1.77463349e-02 -2.93828323e-02  5.83462343e-02
 -2.04946566e-03  2.23538000e-02  9.29710194e-02 -8.97500198e-03
  8.89453813e-02 -2.24487241e-02  4.06921171e-02 -5.14193904e-03
 -1.07422713e-02 -1.71372313e-02 -1.05680032e-02 -3.84477340e-02
  3.91291864e-02  4.76841293e-02 -5.10214157e-02 -3.78588066e-02
  1.43219214e-02  2.04115901e-02  1.18741572e-01 -2.98099738e-04
  3.03582251e-02  2.70688143e-02 -9.40964743e-02  1.27259213e-02
 -6.24584183e-02 -7.44160824e-03 -3.41264792e-02 -8.01060870e-02
 -1.95131470e-02  1.93804111e-02  4.23881225e-02  4.60099541e-02
  6.36192933e-02 -6.85298294e-02 -2.21626833e-02  2.72536953e-03
  1.04591273e-01  3.74674834e-02 -2.22733157e-04 -3.81744024e-03
 -2.75119673e-02 -2.98166554e-02 -1.48235438e-02  1.19642578e-02
 -7.38589391e-02  6.01901859e-02 -1.47421495e-03 -6.43721670e-02
 -6.83943257e-02 -2.56050490e-02 -3.13202967e-04 -2.78797429e-02
 -3.79981920e-02 -3.35230567e-02  3.70763219e-03  1.28692165e-02
  9.60897580e-02  1.33127300e-02 -6.64321333e-02  3.04834303e-02
 -7.21532479e-02  7.37631470e-02 -3.82294618e-02  8.00814573e-03
  6.58262447e-02  2.41728686e-02 -2.81741098e-02  1.47288376e-02
 -1.98988169e-02  1.23513979e-03 -2.62057185e-02  4.68597189e-02
  5.01730852e-02  7.29019567e-02  5.75796515e-02  4.03647311e-02
  1.58137549e-02  6.57081082e-02  6.39542565e-02  1.19266920e-01
 -8.38103518e-02  6.23898320e-02  7.17333481e-02 -1.32088287e-32
 -8.12522974e-03  3.93340783e-03 -1.04157828e-01  3.33669558e-02
 -9.43409745e-03  3.87048163e-02 -1.16852755e-02 -7.82072693e-02
 -3.09101213e-02 -6.04491569e-02 -1.09872095e-01 -9.91843492e-02
  2.02755239e-02 -3.02154496e-02 -8.43333229e-02  1.17955767e-02
 -7.75207132e-02 -3.08978632e-02 -2.17156652e-02  2.45061498e-02
 -5.04207611e-02  8.93460363e-02  2.86889412e-02 -3.06791198e-02
 -7.26638502e-03 -4.52094860e-02 -5.32268360e-02 -2.47311015e-02
 -1.03913188e-01 -3.61274108e-02 -1.25702051e-03 -4.03586328e-02
 -5.84471896e-02  5.56062646e-02 -4.90303114e-02 -5.32014966e-02
  2.45187543e-02  2.59370748e-02 -2.75767259e-02  7.42643401e-02
  7.34702274e-02  6.19337894e-02 -9.17248521e-03 -3.78023200e-02
 -5.38355336e-02 -2.64462433e-03  1.19734388e-02 -1.17709659e-01
  4.78697717e-02 -2.85032745e-02  7.61835650e-02 -4.85353284e-02
  1.33855902e-02 -3.92255783e-02  5.26630729e-02 -2.79881991e-02
 -1.21269943e-02 -9.16180834e-02 -5.77838458e-02  6.66711619e-03
  1.05933107e-01  5.53560536e-03 -6.70796633e-02 -6.47635711e-03
  7.61023238e-02 -2.99355052e-02 -3.59825790e-02  3.45724709e-02
  4.81311902e-02 -5.17030954e-02  2.22390681e-03 -1.16543584e-01
 -6.41212687e-02 -6.01306483e-02 -3.63488048e-02 -1.07874377e-02
 -1.54295722e-02 -4.08310443e-02 -2.75234301e-02  1.22651141e-02
 -4.59917113e-02 -1.47524767e-03 -1.49469692e-02  7.12428847e-03
 -4.57722880e-02 -1.12625174e-02 -7.18815718e-03 -9.63392667e-03
  1.22235669e-02  3.59720774e-02 -5.25264405e-02  7.24000409e-02
  4.49276417e-02  5.19191734e-02 -4.92150113e-02 -6.45552660e-08
 -7.92879704e-03 -1.67796947e-03  4.68410812e-02 -7.94738717e-03
  6.06178865e-02 -5.40159568e-02  1.38437022e-02  6.28415123e-02
 -4.34572026e-02  2.86509581e-02 -2.05351431e-02 -4.30306979e-02
 -8.60388651e-02  7.65476841e-03  3.91698256e-02 -6.87568486e-02
  5.43359034e-02  1.04733454e-02 -7.77950659e-02 -2.52340138e-02
  5.17703667e-02 -1.97684709e-02 -1.32048577e-01 -4.60452139e-02
  9.19044763e-02 -3.25256921e-02 -3.40402103e-03  3.66501212e-02
 -2.08270643e-02  3.97251844e-02 -5.42971306e-02 -2.14536730e-02
  8.96169096e-02 -1.11923302e-02 -1.87400877e-02 -4.03506570e-02
 -1.92592468e-03  4.72376533e-02 -2.28228476e-02 -2.87982747e-02
  4.09340262e-02 -5.47167845e-02  6.26357365e-03  1.26552628e-02
 -3.10022640e-03  1.02056479e-02 -2.89184730e-02  1.00152433e-01
 -1.41850449e-02 -2.17044763e-02 -6.22151829e-02  2.06661108e-03
  8.31780210e-02  3.67987491e-02  2.43916381e-02 -4.09641191e-02
  4.77931239e-02  2.31844205e-02  1.81525946e-02  2.30623788e-04
  3.91385518e-02  6.72074482e-02  4.01322590e-03 -6.46186946e-03]