[-6.82403706e-03  5.01048230e-02 -8.54534656e-02 -5.62915057e-02
 -3.06578949e-02 -1.19007437e-03  2.70174574e-02  2.81004962e-02
  1.17688961e-02  1.17509060e-01  4.36432511e-02  2.93899723e-03
 -3.20796072e-02 -3.82652739e-03  3.42940800e-02 -2.87296250e-02
 -4.25686724e-02  3.01725976e-02 -5.09537011e-02  1.14975773e-01
  1.63713351e-01 -5.47590032e-02 -6.39012381e-02  1.05961114e-02
 -2.03865021e-02  3.41899022e-02 -2.56544314e-02 -1.64718274e-02
 -4.12687957e-02 -2.39378083e-02  3.74377631e-02  1.37996882e-01
  1.00084662e-01 -5.46317035e-03  9.40590128e-02 -2.22796313e-02
  6.48155659e-02  3.34334956e-03 -2.11261716e-02  8.92918184e-02
 -8.96565840e-02 -7.17676291e-03 -2.22864542e-02 -7.49830306e-02
 -2.49585472e-02 -5.19531332e-02  3.92844193e-02  5.42505160e-02
 -2.93675419e-02  3.69631127e-02  1.67433247e-02  1.32980747e-02
 -5.87086268e-02  5.14724143e-02  1.90290846e-02 -1.08557858e-01
 -2.12126803e-02  2.69753616e-02 -5.48526086e-02 -1.38489986e-02
 -7.49763623e-02  3.94029468e-02 -3.35959978e-02  6.61722990e-03
  4.44003083e-02  1.73517149e-02 -5.03026433e-02 -1.92689821e-02
 -5.58611453e-02 -4.11404576e-03  2.99985185e-02 -7.63283223e-02
  1.68152936e-02 -4.50058728e-02 -6.82620928e-02  4.14790064e-02
  5.44787347e-02  4.64572497e-02  6.46586050e-05 -1.68745354e-01
  2.57401690e-02  1.90736279e-02 -1.14135034e-02 -3.89807187e-02
 -1.47661846e-02 -5.05556837e-02  1.90024881e-03  4.03964296e-02
  5.80737852e-02  4.50766161e-02  3.50337960e-02  8.38048309e-02
  1.27462093e-02 -7.63111785e-02  1.59413423e-02  7.97869265e-03
  2.97166705e-02  2.08420455e-02  1.23407386e-01 -3.26396595e-03
  8.97173434e-02  5.60606495e-02 -2.54369411e-03  1.61893051e-02
 -6.36966433e-03  6.32195128e-03 -1.34594329e-02 -3.74442562e-02
  7.01737450e-03  3.72787006e-02 -9.91260484e-02 -5.61986724e-03
 -6.52234033e-02 -6.02017790e-02 -1.48537476e-02 -3.70988175e-02
 -7.95567632e-02 -4.10848223e-02  3.95407528e-02 -5.10703847e-02
  5.34774661e-02  6.42258395e-03  4.74649891e-02 -7.22764432e-02
  2.08395086e-02  3.28252390e-02  1.67500433e-02  4.68283117e-33
 -8.00420195e-02 -2.77149975e-02 -1.60486549e-02 -9.50350333e-03
 -3.08043044e-02  3.40657309e-03 -3.15994420e-03  6.06780946e-02
  5.07942960e-02  5.46262078e-02 -5.27663976e-02  8.05327296e-02
 -7.86149036e-03 -1.36064244e-02  1.65254906e-01 -1.04847532e-02
 -7.95803126e-03  3.06588430e-02  2.71834228e-02  2.09208578e-02
 -1.78681908e-03 -5.32897972e-02  2.73913685e-02 -3.70420739e-02
  5.99205010e-02  7.35564604e-02 -1.64026245e-02 -1.51809370e-02
 -3.83422188e-02  5.70855625e-02  1.22327052e-01  4.49337736e-02
  1.59042310e-02 -3.29852477e-02 -5.11780642e-02 -1.50481388e-02
 -1.35323890e-02  9.04179215e-02 -4.10787500e-02 -4.84505072e-02
 -4.67321910e-02 -4.06252444e-02  7.45008066e-02  1.11133888e-01
  9.17032827e-03 -3.77431884e-02  5.53527437e-02 -9.41386260e-03
  9.19796601e-02  4.31491509e-02  2.46816054e-02 -4.17565852e-02
 -3.50586162e-03 -8.57836902e-02 -1.88084077e-02 -4.67544533e-02
 -6.70201853e-02  2.78141000e-03 -5.55676483e-02 -7.82387406e-02
  5.69003932e-02 -7.26532564e-02 -4.69231345e-02 -1.18771503e-02
 -6.86924681e-02  1.57216135e-02  1.85615085e-02  8.48306865e-02
  1.21424295e-01  5.70192635e-02 -4.98380587e-02 -1.02659175e-02
 -1.65352523e-02 -2.23897714e-02  5.13214022e-02  1.66373909e-03
  1.27718881e-01 -3.93070001e-03 -7.29379654e-02  3.10243890e-02
 -2.66497415e-02 -4.94273938e-02 -1.84425917e-02 -2.38344725e-02
  3.90506424e-02  6.79967180e-02  3.60280387e-02  4.52938601e-02
  1.22053949e-02 -8.89706891e-03  5.44688813e-02 -1.53760538e-02
 -4.84961569e-02 -2.92175878e-02  8.93955007e-02 -7.86249233e-33
  2.27722363e-03  5.00711277e-02 -3.58457118e-02 -1.97896156e-02
 -2.60394979e-02 -1.56827960e-02  9.67751257e-03 -8.01775325e-03
 -4.81316932e-02 -1.02181904e-01 -1.14282221e-01 -5.34210019e-02
  5.90698421e-02  8.41253065e-03 -1.20628223e-01  1.16070127e-02
 -5.78197278e-02 -4.71209362e-02  1.33419791e-02 -2.96513923e-02
 -1.60645321e-02  4.60273810e-02  1.31994197e-02 -5.03764376e-02
  1.53750973e-02 -1.38491755e-02 -8.56890604e-02 -1.16195105e-01
 -2.83485856e-02 -2.15420127e-03  2.82822605e-02 -4.53268215e-02
  1.61194336e-02  5.92310429e-02 -4.02648002e-02 -7.42965117e-02
  5.35572097e-02 -6.97006807e-02 -6.74509928e-02  5.28645441e-02
  9.54114366e-03  8.62727538e-02  3.73452008e-02 -7.96206761e-03
 -4.22267988e-02 -4.80667688e-02 -4.40630354e-02 -2.72970852e-02
  5.36046848e-02 -3.57690044e-02  9.78826210e-02 -3.26140486e-02
 -3.77731696e-02 -3.29225650e-03  7.83943851e-03  1.80571750e-02
 -8.92512093e-04 -6.81887120e-02 -7.03416169e-02  4.73627038e-02
  2.74472125e-02  4.36367914e-02 -3.91683578e-02 -1.38660474e-02
  2.20478959e-02 -4.01730388e-02  5.91832167e-03 -5.21477405e-03
 -6.97438745e-03 -4.20851819e-02  3.61352600e-02 -4.48380113e-02
 -1.28019005e-01 -2.11798120e-02 -4.70300503e-02  6.64210645e-03
 -7.67695624e-03 -1.27694625e-02 -1.92275587e-02  2.17566658e-02
 -6.46238625e-02  5.52024227e-03 -3.80752459e-02 -1.62747242e-02
 -6.13327175e-02 -4.28082887e-03  4.38376665e-02 -4.16558562e-03
 -3.85954604e-02  4.36518788e-02 -4.64235358e-02  3.52220498e-02
  2.18344331e-02  6.48412108e-02 -3.09499949e-02 -5.07163200e-08
 -1.10305194e-03 -4.16512042e-02  4.35516909e-02  3.51153803e-03
  7.45709464e-02 -6.67861253e-02 -2.70818993e-02  2.73598433e-02
  1.14964033e-02 -2.57876124e-02  9.14223641e-02 -1.30172325e-02
 -9.22894403e-02 -3.37756425e-02 -5.50747057e-03 -9.65722725e-02
  4.73516919e-02  1.12831788e-02 -6.04245812e-02 -1.88142210e-02
  6.77183941e-02  1.10905363e-04 -1.26196533e-01 -5.58160571e-03
  1.76852774e-02 -4.64956500e-02 -3.76567170e-02  7.68236164e-03
  1.94369797e-02  2.02376675e-03 -1.31568322e-02  3.48812044e-02
 -3.37303691e-02 -7.45981410e-02 -9.74294916e-02 -4.17751959e-03
  5.29599711e-02 -2.42560003e-02 -4.30848747e-02 -3.49912532e-02
  1.07303195e-01 -8.67584869e-02 -4.91328388e-02 -4.36762115e-03
  1.19254403e-02 -1.76775493e-02 -7.07936957e-02 -4.42675501e-03
 -1.23077799e-02 -2.91926898e-02 -3.56309414e-02  1.33196693e-02
  3.30749303e-02  5.56243621e-02  4.90960339e-03 -2.13691983e-02
  4.36983965e-02  1.04801403e-03 -1.97285973e-02 -3.60444002e-02
  1.13410823e-01  5.48540875e-02  4.09392416e-02 -3.86697240e-02]