[ 1.79602280e-02  3.31604481e-02 -3.92407887e-02 -2.97001973e-02
 -8.16499516e-02  5.71961999e-02 -5.15671447e-02  7.85624683e-02
  7.30914846e-02  8.16140771e-02  1.11099742e-01 -1.33510962e-01
 -3.22212689e-02  6.52729883e-04 -4.30438034e-02 -3.01884077e-02
 -2.99550947e-02  4.28766292e-03 -7.57154897e-02 -6.62238291e-03
  1.06094554e-01 -2.72782072e-02 -4.98894453e-02  2.40425225e-02
 -2.49477252e-02 -4.56254110e-02  1.43211549e-02  3.02303825e-02
 -8.10789093e-02 -6.06873073e-02 -6.49936050e-02  1.03768259e-01
  5.64021245e-02 -2.17655152e-02  3.00547648e-02 -2.78442726e-02
  8.05752911e-03 -7.09795728e-02  2.84463447e-02  4.22208011e-02
 -7.78556094e-02 -4.48367745e-02 -3.45647261e-02 -8.00678283e-02
  2.54269294e-03 -5.66250831e-02  2.36597899e-02  7.40021691e-02
 -7.28930309e-02 -3.75619270e-02 -1.49570825e-03  1.80731174e-02
 -1.11575417e-01 -8.74512270e-02 -7.30109736e-02 -9.84180719e-02
 -8.03920776e-02 -3.86098698e-02  2.01656222e-02  5.94988614e-02
 -3.89233977e-02  1.10527292e-01  1.30021675e-02  5.16262501e-02
 -2.53864508e-02 -1.13869533e-02 -4.85358052e-02 -7.43411575e-03
 -7.76610225e-02  2.60559656e-02 -6.32874900e-03 -7.16772079e-02
 -9.51810647e-03 -4.83664013e-02 -2.19306480e-02  4.20113206e-02
 -7.41373003e-02  3.48540582e-02  6.60820380e-02 -1.03594609e-01
  3.51474285e-02  5.71138300e-02 -5.32074980e-02 -1.95449553e-02
  3.66348848e-02 -2.86930259e-02  3.50022353e-02 -4.75768633e-02
  2.72533018e-02  1.41268596e-02  3.93165201e-02  2.44481172e-02
 -4.72260416e-02  2.11884379e-02 -9.84160230e-04  1.18909450e-02
 -3.52287181e-02  3.43654007e-02  1.13343336e-02 -9.35850292e-03
  4.29597795e-02  3.04529518e-02 -5.04758023e-02  1.14158858e-02
 -8.98559019e-02 -2.54470780e-02  4.74322475e-02 -2.17708554e-02
  5.09173609e-02  7.60585740e-02 -9.92379561e-02  3.28806192e-02
 -1.48669839e-01 -1.25659689e-01 -4.06380296e-02  1.32583361e-02
 -3.19943465e-02 -6.74987258e-03 -1.29850367e-02  3.03265788e-02
  1.20190522e-02 -6.73530623e-03 -3.03177200e-02 -8.83157644e-03
 -7.85319433e-02 -1.01882778e-02  1.56843141e-02 -2.44476009e-33
 -7.35001117e-02 -8.57200846e-03  3.08734551e-03  3.67399119e-02
  4.61207554e-02  9.03310329e-02 -3.98825780e-02  3.12324166e-02
  1.44332228e-02 -3.12905982e-02 -1.02026470e-01  3.42595465e-02
 -3.66955698e-02  4.86109816e-02  2.51032524e-02  2.79015787e-02
  1.74315460e-02  1.59473605e-02 -5.73382042e-02  2.11754721e-03
  4.23404425e-02  2.22340077e-02  3.76259871e-02  8.76429304e-03
  8.67912546e-02  1.11125996e-02 -9.34699848e-02 -3.11010815e-02
 -1.14161275e-01  1.13858469e-02  3.97016853e-02 -2.32568905e-02
 -1.50159281e-03 -5.28478138e-02 -1.95104685e-02 -2.90966104e-03
  5.60298450e-02 -1.86858531e-02 -2.87983147e-03 -2.85421442e-02
 -5.54812662e-02  3.36263739e-02  1.68588385e-02  2.61883046e-02
  6.49977922e-02 -2.93370318e-02  3.71262096e-02 -2.03430429e-02
  2.30119471e-02  1.50726745e-02 -3.63859721e-02 -3.66569087e-02
 -3.53550836e-02 -3.72952707e-02  7.75443241e-02  5.79544678e-02
 -6.94906935e-02  6.33024126e-02 -9.45676770e-03 -3.92230228e-02
 -2.84023453e-02  3.28339264e-02 -7.20955282e-02  1.03687188e-02
 -2.56854799e-02  7.34634697e-02 -3.13583650e-02 -7.42303655e-02
  1.46351397e-01 -5.82959354e-02 -3.98799069e-02 -2.16858778e-02
 -4.52853739e-02  1.52698988e-02 -5.35765812e-02 -2.28074472e-02
 -4.30392325e-02  4.37231315e-03  8.60972144e-03 -3.17793265e-02
 -3.35152894e-02 -4.00187448e-02 -1.48281250e-02 -8.18757415e-02
  6.06942400e-02  5.30082844e-02  3.61761339e-02  6.36106953e-02
 -1.31342541e-02  2.37675887e-02  4.70502228e-02  1.54870618e-02
 -1.09096302e-03 -4.73196991e-02  1.08567096e-01 -7.46011768e-33
  4.40115556e-02  3.14475261e-02 -7.92553928e-03 -2.75925398e-02
 -1.48402695e-02 -2.92414017e-02 -7.94208422e-02 -6.23367466e-02
  7.10008526e-03 -2.21684668e-02  4.30103280e-02 -6.03817627e-02
  5.02606481e-02 -1.33291241e-02 -6.41166866e-02  4.55374382e-02
 -2.69201249e-02 -9.76494420e-03 -7.70056918e-02  2.81494074e-02
 -4.10171002e-02  4.17130664e-02  1.56785399e-02  3.28279957e-02
 -1.37023581e-02 -3.70858870e-02 -3.89889590e-02 -7.31624812e-02
 -4.05188948e-02 -7.55574107e-02 -5.44196367e-02  2.74718571e-02
 -1.55092739e-02  1.01763040e-01 -2.74403021e-02 -1.00263745e-01
  3.63548957e-02 -2.52692401e-02 -2.50537936e-02  1.00216202e-01
  2.88495813e-02  1.01695478e-01  4.88586575e-02  1.43921014e-03
 -6.00911155e-02 -2.61841677e-02 -1.06352884e-02 -1.12428501e-01
  5.18780351e-02 -5.76693080e-02  1.85114555e-02 -3.93428691e-02
 -5.61426356e-02 -2.28998810e-02 -1.47374114e-02  4.66292053e-02
  4.14536893e-03 -5.50160073e-02 -1.03192814e-01 -2.93498803e-02
  8.55123252e-02  7.48870894e-02 -4.68708798e-02 -1.92058124e-02
  1.03314422e-01 -4.64364775e-02 -7.90244490e-02  6.30275384e-02
  7.48605803e-02 -8.30657929e-02  6.90576360e-02 -3.73849310e-02
 -1.00713991e-01 -3.75231951e-02  2.28764280e-03 -9.63553563e-02
 -8.87571648e-02  2.26814095e-02  4.40391228e-02  5.11002094e-02
 -9.09823701e-02 -1.60870422e-02  3.69248390e-02 -4.09095995e-02
 -4.25639562e-02  2.63285910e-04 -1.16933687e-02 -3.98178101e-02
 -1.20119816e-02  5.82152344e-02 -4.42716293e-02 -8.63122419e-02
  2.51973551e-02 -4.89399256e-03 -6.75033825e-03 -6.39610818e-08
 -1.49366958e-02 -2.02249885e-02  4.83898334e-02 -3.31823267e-02
  6.85971454e-02 -4.77852337e-02 -1.56278629e-02 -2.41224356e-02
  6.74216496e-03 -2.27836147e-03 -1.30756176e-03  2.97320448e-02
 -9.33246613e-02  4.69821356e-02  1.77692063e-02 -3.56595218e-02
  1.74715668e-02  7.68793449e-02 -1.26429079e-02 -7.19588771e-02
  4.01381366e-02  1.43993068e-02 -1.03239857e-01  1.39041506e-02
  7.78717175e-02 -7.05999807e-02 -4.13671695e-02  3.81521471e-02
 -1.71742477e-02  1.08146988e-01  1.10649671e-02 -3.64528894e-02
 -2.08748784e-03 -6.49324805e-02 -2.93305255e-02  9.65155009e-03
  7.83749968e-02 -3.27901170e-03 -7.55929127e-02 -2.62051984e-03
  3.71682085e-02 -3.88177438e-03 -3.30016091e-02  1.83931664e-02
  4.87293378e-02 -3.10191959e-02  3.00249867e-02 -3.48503962e-02
 -4.10767086e-02 -3.15757990e-02 -1.77612975e-02  3.76209170e-02
 -2.56678406e-02  5.15209623e-02 -5.31071648e-02 -5.03470451e-02
 -1.91395320e-02  6.47896528e-02 -3.22281308e-02 -5.94803840e-02
  5.65468892e-02  1.39735024e-02  4.44173701e-02  2.63529439e-02]