[-5.97954914e-03  3.28477323e-02 -6.42374903e-03 -1.75476540e-02
 -2.31131092e-02  5.29214786e-03 -4.14357036e-02  6.43265471e-02
 -2.83718780e-02  5.05779171e-03  6.59586117e-02 -7.73794055e-02
 -3.20088007e-02  1.03249529e-03 -9.62866470e-02 -7.93242082e-03
 -6.33413941e-02  2.89274883e-02  1.74455773e-02  8.82782135e-03
  1.55613013e-02 -8.80990271e-03 -3.73671204e-02  3.26883490e-03
 -2.07006410e-02  8.73425901e-02  9.56940278e-03 -1.18236979e-02
 -3.10193133e-02 -5.54672219e-02 -3.01434975e-02  6.03440180e-02
  8.80574435e-02  1.18432648e-03 -1.36451600e-02 -8.94366130e-02
 -1.86447855e-02  6.25126213e-02  3.98980714e-02  5.97933717e-02
 -1.20676477e-02 -4.53079492e-02 -1.88097712e-02 -9.23710235e-04
  2.06526183e-02 -4.24437635e-02 -5.01587130e-02  6.83643892e-02
  3.56460512e-02  2.83853803e-02 -1.02824315e-01  3.95364873e-02
 -1.28308991e-02  4.33478914e-02 -1.09159509e-02 -5.80632873e-02
 -4.04704772e-02 -1.02933221e-01 -4.69899410e-03  5.31331170e-03
 -4.21519391e-02  8.15816000e-02 -4.34831940e-02 -6.20992333e-02
 -1.16692651e-02 -4.64393087e-02  1.22564519e-02  5.79242408e-03
 -5.13382219e-02  6.65862812e-03  6.65519461e-02 -2.33407915e-02
  8.20223838e-02  3.01837083e-02 -4.28198278e-02  2.22197920e-02
 -2.56233588e-02  2.26916112e-02 -7.97011033e-02 -1.21922508e-01
  2.76467204e-02  5.00095892e-04  6.10305145e-02 -4.33465093e-02
  1.56338550e-02 -2.77861091e-03  3.02265733e-02 -1.06597710e-02
  5.64851910e-02 -1.59731153e-02  1.63029563e-02  1.00031905e-01
 -9.32333320e-02  2.85011865e-02 -3.46597470e-02  1.89336706e-02
  1.76312346e-02  7.77500719e-02 -3.43055278e-02  5.80120236e-02
  5.05515710e-02 -9.94712859e-03 -7.99681917e-02 -2.67086588e-02
 -1.09744482e-01  3.06114554e-02  3.29547524e-02 -1.67097747e-02
  1.46296788e-02  1.51710920e-02 -7.87046850e-02 -4.60081510e-02
 -8.56296904e-03 -4.22765650e-02 -2.84413937e-02 -2.74603907e-02
 -4.48267534e-02 -3.73276807e-02 -4.00511622e-02  5.87114915e-02
  5.33866324e-02  9.60275065e-03 -4.39686626e-02  3.87346111e-02
 -5.70003167e-02  4.53669913e-02  7.23894686e-02  1.51691316e-32
  3.09213977e-02 -1.89726520e-03 -2.10735612e-02  5.15390411e-02
 -8.94754101e-03 -4.17783819e-02 -1.28941402e-01 -1.29618617e-02
 -3.79835628e-02 -5.41062355e-02 -7.39434585e-02 -2.15995610e-02
 -7.60149211e-02 -6.77855611e-02  4.01888341e-02  3.24844122e-02
  5.00757992e-02 -1.36518562e-02 -9.33277979e-03 -1.11095347e-02
 -3.04320157e-02  3.20864283e-02 -4.20511216e-02 -1.47350151e-02
  4.54463214e-02  1.96063802e-01  6.17464632e-03 -5.18750697e-02
 -2.90197562e-02  3.84414457e-02  3.31595391e-02 -2.14841608e-02
 -4.42234501e-02 -3.05832531e-02 -6.72981143e-02  2.55943984e-02
 -4.16626921e-03 -8.81554000e-03 -5.82519174e-02  6.33982271e-02
 -2.12805830e-02  1.26104895e-02  3.78385303e-03  4.17918228e-02
  2.33499985e-02 -1.34729524e-03  7.14702234e-02  3.39507982e-02
  1.17240280e-01 -2.68362463e-02 -9.52507854e-02 -5.88020906e-02
 -5.49290888e-02 -2.52623931e-02  3.10575571e-02 -4.38247481e-03
 -7.65707716e-02  1.91322360e-02  3.35516855e-02  1.98981422e-03
  6.62508979e-02 -1.01322755e-02 -1.93781108e-02 -1.93558373e-02
  3.42683196e-02 -1.01004383e-02 -4.05823365e-02  7.39246234e-02
  1.04159713e-01  2.12370194e-02 -7.60384575e-02  4.38214205e-02
  6.80994019e-02  5.01306774e-03  3.52382055e-03 -1.41641416e-03
  1.25986725e-01  1.18850702e-02  5.85942157e-03  6.10187165e-02
 -1.86044257e-02  1.94721036e-02  1.15128104e-02  7.88721908e-03
  3.87019739e-02  6.31663129e-02  7.56177083e-02  4.69132885e-02
 -4.36441042e-02  3.77713926e-02 -5.19230627e-02  6.00351114e-03
 -1.22251539e-02 -5.46822250e-02 -3.14934403e-02 -1.40184152e-32
  4.87200320e-02  1.76383276e-02 -2.42471769e-02  3.58109884e-02
 -4.26494051e-03 -1.76455956e-02 -4.95800562e-02  1.16955861e-01
  3.30932885e-02 -3.73351946e-02  1.05174147e-02 -9.22034383e-02
  1.52820498e-01 -3.09758056e-02 -2.39278395e-02  1.50040444e-02
 -1.71606131e-02  1.22747701e-02 -1.53092548e-01 -5.25590181e-02
 -6.56962693e-02  9.89884734e-02 -7.18223676e-02 -3.02588176e-02
 -8.52572173e-02  5.98976016e-02  3.49515378e-02 -3.99340093e-02
 -8.26638341e-02  6.01320416e-02  1.90917705e-03 -5.44615500e-02
 -5.71088567e-02  3.93432658e-03 -5.80081902e-02  6.01058602e-02
  3.42219435e-02 -1.13222469e-02 -7.00948611e-02  9.96805429e-02
  1.19692199e-02  2.55914908e-02  7.51277953e-02 -1.70240924e-02
 -2.41758898e-02  1.38560236e-02 -4.74336278e-03 -3.48680210e-03
  2.47273296e-02 -3.82632092e-02  1.29515231e-01  5.76617159e-02
 -1.27921999e-01  5.34063429e-02  7.89861009e-02 -7.46661648e-02
 -2.50190981e-02 -3.18949930e-02 -6.12389296e-02 -4.56927642e-02
 -1.46034220e-02  5.44449463e-02 -3.19948159e-02 -1.21045979e-02
  1.21246241e-02 -6.66248277e-02 -2.45513711e-02  4.47792225e-02
  3.68738547e-02  3.97321321e-02  1.00674532e-01 -6.31795228e-02
 -7.76738301e-02 -7.32622063e-03  7.89917912e-03  7.87904188e-02
 -3.17450310e-03  7.32875243e-02  1.80353224e-02  3.81833017e-02
 -2.30505485e-02 -5.96045703e-02 -4.50205877e-02  4.30027992e-02
 -6.01704456e-02  2.66470741e-02  3.04890629e-02 -4.69965786e-02
  2.60333233e-02 -1.99910626e-02  1.63872913e-02 -8.09517782e-03
 -2.32381113e-02 -4.79328865e-03 -2.38809381e-02 -6.83903139e-08
  3.05049401e-02 -1.92021448e-02 -2.45104712e-02  5.23344576e-02
  6.28659651e-02 -1.29961465e-02  1.36744045e-02  3.52217560e-03
 -6.25330815e-03  8.33298266e-02  7.58168846e-02  4.92215566e-02
 -4.26492728e-02 -5.83680645e-02  3.22604217e-02 -2.84937788e-02
  2.34262692e-03  8.97741839e-02 -8.51661991e-03 -8.37171227e-02
  1.01407222e-03  2.84065381e-02  8.28406774e-03 -1.19575448e-01
 -1.57393198e-02  5.08139562e-03 -7.17114806e-02 -5.93947470e-02
 -6.21960089e-02  2.33668578e-03 -2.70499522e-03  7.27538485e-04
  5.87018318e-02 -1.25431299e-01  3.57465521e-02  4.05055061e-02
 -4.37413827e-02  1.85309146e-02 -2.98701376e-02 -5.08908741e-02
  9.67100561e-02 -4.75533456e-02 -5.39925098e-02  4.43678461e-02
  1.71953216e-02 -1.91003457e-02  6.19785525e-02  2.74411663e-02
  4.97087687e-02 -6.29311800e-02 -7.40281567e-02 -3.46074067e-02
  9.87304375e-02 -2.46514603e-02 -2.54667327e-02  9.72902495e-03
  3.59365381e-02  7.31092272e-03  1.49833290e-02 -2.03671791e-02
  1.36708558e-01 -4.61675525e-02 -7.84356371e-02  3.73871960e-02]