[-2.92050168e-02 -1.66096613e-02 -8.37341398e-02  4.03580116e-03
 -2.85830181e-02  7.11600855e-03  5.50787710e-02  1.24069840e-01
  4.65317406e-02  6.57586828e-02  9.26802307e-02 -4.24231030e-02
 -8.38805176e-03  1.45249367e-02 -1.31780943e-02 -8.06925967e-02
  1.59630999e-02  3.70396376e-02 -4.08257730e-02  9.56352353e-02
  1.80054605e-01 -4.92923483e-02 -7.97215402e-02  2.13634875e-02
 -8.72605592e-02 -3.23548866e-03 -4.16406356e-02 -7.25538209e-02
 -4.65546846e-02 -2.98481658e-02 -4.72814217e-03  7.59357214e-02
  7.97826871e-02 -5.66772744e-02 -2.42874734e-02  7.91546777e-02
 -7.70440465e-03 -4.60093655e-03 -7.38088554e-03  1.28869461e-02
 -6.37380481e-02 -6.74173012e-02 -8.44902694e-02 -1.92535054e-02
 -1.84397760e-03 -2.98102666e-02  8.12847354e-03  2.78365519e-02
 -9.92013142e-02 -7.53002590e-04 -6.22229874e-02 -1.30208097e-02
 -5.44052236e-02  7.90703893e-02 -2.78300010e-02 -6.88981265e-02
  5.67360111e-02 -7.42058456e-02 -6.55791461e-02  1.07952384e-02
 -6.78692088e-02  4.43883836e-02  2.70335898e-02  3.45595856e-03
  6.74549714e-02  6.87314430e-03 -8.94285622e-04 -3.40169594e-02
 -1.97707005e-02  5.50498590e-02  3.28570306e-02 -5.25163151e-02
 -7.42216110e-02  5.25874682e-02  1.50659829e-02 -1.59691330e-02
 -2.75675096e-02  6.53612986e-02 -3.37649770e-02 -9.70895961e-02
  3.71475890e-02  1.02523249e-02 -3.30407731e-02 -2.00440474e-02
  1.23045417e-02 -8.31876532e-04 -4.42928374e-02  1.78198647e-02
  2.75759026e-03 -2.68506608e-03 -1.42641561e-02  5.82609773e-02
 -6.36730269e-02 -7.85003379e-02 -5.07880561e-03 -1.96455065e-02
 -3.40254568e-02 -1.53317535e-02  1.22584879e-01 -3.79160680e-02
 -8.96820147e-03  4.04500253e-02 -1.58121586e-02  2.84131244e-03
 -2.59422101e-02  1.03775403e-02 -1.11423703e-02 -1.01561435e-01
  1.74529981e-02  8.56429115e-02 -7.28010312e-02 -3.85898091e-02
 -4.50535603e-02  1.98497549e-02  3.26707624e-02  4.80101630e-03
 -4.01288383e-02 -4.58641201e-02  6.69828355e-02 -3.21944617e-03
  5.58108673e-04 -6.02203533e-02  5.76975197e-02 -6.14556037e-02
  9.13926587e-03 -6.23357370e-02  5.37899248e-02  6.24235108e-33
 -7.25384578e-02 -2.88783591e-02 -4.32233512e-02  7.85369277e-02
 -4.22000773e-02  2.13727560e-02  1.76540725e-02 -5.27575426e-03
  1.18582100e-01 -5.80127677e-03 -7.82814920e-02  5.27084656e-02
 -1.26245143e-02 -2.86056800e-03  6.87143207e-02  1.15314322e-02
  5.65682724e-02  2.28730440e-02  4.55094911e-02  4.22545820e-02
  1.07348412e-02  5.31835575e-03  6.43910142e-03 -2.45659403e-03
  3.44890021e-02  3.44271995e-02 -1.03101797e-01 -2.77767610e-02
 -4.21789847e-02  7.07592256e-03  7.71391019e-02 -1.22267315e-02
 -8.78707692e-03 -6.14195988e-02 -7.01762661e-02 -4.45750244e-02
  1.91232115e-02  1.14280991e-02  1.89458337e-02 -4.58079539e-02
 -5.77836037e-02 -5.69950715e-02  3.16402428e-02  3.91157493e-02
  3.91631313e-02  2.16056183e-02  2.28622705e-02 -7.42131844e-02
  2.44026482e-02  4.87861224e-02 -3.01018022e-02 -2.82135904e-02
  8.93029943e-02 -1.14811018e-01 -2.30309591e-02  3.14114504e-02
 -6.35533854e-02 -3.81256528e-02 -8.02807584e-02  2.98911817e-02
  5.70273586e-03 -4.90800990e-03 -3.15184705e-02 -3.90623137e-02
 -2.33850740e-02 -7.38226771e-02 -1.44670103e-02 -2.76047438e-02
  7.29429871e-02  3.48647200e-02 -1.32564321e-01  3.00488919e-02
 -3.85068841e-02  2.28930041e-02  3.83715443e-02 -5.11353742e-03
  2.22084131e-02 -3.72773805e-03 -4.35906313e-02  2.52275225e-02
 -3.55156437e-02  2.38885786e-02 -7.23547721e-03 -3.23642902e-02
  8.89613554e-02  8.61227419e-03  1.65181905e-02  2.41637621e-02
 -3.75885963e-02  7.02138022e-02 -3.22079891e-03  8.49565938e-02
 -5.17655089e-02  2.74048056e-02  1.15400597e-01 -1.01040374e-32
 -2.06760261e-02 -5.20413800e-04 -8.51559341e-02  4.67467979e-02
 -2.11049849e-03  2.18036282e-03 -1.68590003e-03 -2.62832083e-02
 -1.43173756e-02 -8.32993314e-02 -9.56335738e-02 -9.95043889e-02
  3.08537241e-02 -2.08360758e-02 -6.50677830e-02  1.09821167e-02
 -9.03436393e-02 -9.87131428e-03 -5.31099476e-02 -3.41472290e-02
  2.07227692e-02  1.03797808e-01  2.15700939e-02 -3.25786807e-02
 -2.93188579e-02 -2.70012412e-02 -5.77227846e-02 -4.20472436e-02
 -3.30791995e-02  5.50807603e-02  2.21496839e-02  2.13569049e-02
  3.90577735e-03  8.75719786e-02 -2.44912319e-02 -4.25939485e-02
  4.27392796e-02  1.65450685e-02  1.50042977e-02  6.14171438e-02
  3.16243842e-02  9.79970247e-02 -1.74420199e-03 -8.03132579e-02
 -1.82740912e-02 -1.93736851e-02 -3.42686400e-02 -1.19882904e-01
  6.18508868e-02 -7.60670528e-02  1.50578871e-01 -1.81971416e-02
 -6.31664023e-02 -4.05758731e-02  4.48919833e-02 -3.36287729e-02
  2.52905525e-02 -1.31567791e-01 -7.24392086e-02  1.43450461e-02
  4.56569530e-02  2.22786535e-02 -5.58154359e-02 -3.83028015e-02
  2.69036163e-02 -7.13850744e-03  2.32439153e-02 -8.60928837e-03
  2.42114607e-02  4.08705547e-02  2.11264491e-02 -4.64683659e-02
 -2.78505478e-02  2.63264868e-02  2.00499576e-02 -7.27703422e-02
 -5.17182052e-02 -5.43876104e-02 -5.51166162e-02  2.98959855e-02
 -5.48564605e-02 -5.25853671e-02  9.43196751e-03 -2.00448316e-02
 -9.25464183e-02  2.11282894e-02  1.67667423e-03  8.68415181e-03
 -1.63785256e-02 -2.40363237e-02 -9.81050953e-02  3.14770192e-02
 -4.47616614e-02  1.71886124e-02 -6.06398024e-02 -6.03230887e-08
  1.74563788e-02 -3.36098224e-02  5.29015660e-02 -2.79356427e-02
  5.43143786e-03  1.89499464e-02 -3.27411443e-02 -1.66444294e-02
  1.00824013e-02  1.26446830e-02 -8.89489055e-02  4.11306247e-02
 -6.59692846e-03  5.88003695e-02  3.93405221e-02 -2.98128594e-02
  1.10727951e-01  5.76071814e-02 -3.74792218e-02 -5.71546070e-02
  1.14038050e-01 -1.59038138e-02 -1.38928860e-01 -3.38160642e-03
  4.54438925e-02 -5.89270070e-02  9.60916746e-03  1.36692170e-02
 -3.01476400e-02 -1.46776820e-02  2.33139545e-02  1.63757615e-03
  8.45456049e-02  3.55861261e-02  1.38476277e-02 -4.19516079e-02
  7.20749050e-02  3.36713269e-02 -3.95670310e-02  6.70171231e-02
  7.08761737e-02  1.18675241e-02 -5.01118638e-02  3.14933658e-02
  4.41198051e-02  2.27634679e-03  1.23170856e-02  5.44056967e-02
 -2.28696018e-02  4.39490527e-02 -2.17048414e-02  1.54524073e-02
  2.20200680e-02  3.84566449e-02 -3.19125690e-02 -1.73880451e-03
  4.04157341e-02  1.20301694e-02 -3.03377528e-02 -3.58284339e-02
  1.40595779e-01  1.16057768e-01  5.80661148e-02 -6.79933652e-02]