[-5.07092513e-02  6.61637336e-02 -6.45372942e-02 -5.00542335e-02
 -5.32946736e-02  9.81120672e-03  2.42336802e-02  1.06302291e-01
  1.09849088e-02  8.73483345e-02  8.47920179e-02  5.16585913e-03
  1.02123590e-02  7.17038708e-03  3.74810100e-02 -1.23236524e-02
  2.70257182e-02  1.57023743e-02  1.31193325e-02 -1.07281627e-02
  8.66467282e-02 -6.81683607e-03 -4.37844507e-02  4.81918938e-02
 -1.46724075e-01 -1.05560431e-02 -3.79494131e-02 -1.51055958e-02
 -2.27028579e-02 -3.65234762e-02 -5.97952083e-02  2.17373087e-03
  2.89256703e-02  5.17038293e-02 -1.65310930e-02 -2.10487545e-02
  2.02951357e-02 -7.31228888e-02 -4.73399796e-02  2.89969314e-02
 -3.79670970e-02 -2.01824475e-02 -1.36307076e-01 -4.03214023e-02
 -2.14380641e-02 -2.42961124e-02  4.89683188e-02  5.80325089e-02
 -3.49280313e-02 -2.31646765e-02 -6.16933927e-02  7.85427727e-03
 -6.66761771e-02  4.04280908e-02 -1.23107769e-02 -5.79993241e-02
  3.87910032e-03  1.53506715e-02  2.10669655e-02 -7.98979774e-02
 -2.11711172e-02  4.09619734e-02 -6.22134916e-02  1.61764883e-02
  5.81808724e-02  3.27954739e-02 -3.75790708e-02  6.07301528e-03
 -2.04609390e-02  6.24621287e-02  4.35460284e-02 -1.03707276e-01
  3.70094776e-02  3.09494305e-02 -5.93715496e-02  3.24098952e-02
  1.13340896e-02  7.47336447e-02 -5.27530756e-05 -1.42110199e-01
 -1.33234321e-03  3.81586179e-02  1.86248624e-03 -5.45988977e-02
 -1.33639723e-02 -1.77663211e-02 -1.13625992e-02  1.06891701e-02
  1.28153145e-01  3.23582143e-02  5.17592169e-02 -2.08265055e-02
 -7.45353196e-03 -9.17000175e-02 -8.33862089e-03 -2.51668021e-02
 -1.78581849e-02 -2.86486428e-02  7.57387504e-02 -2.25093439e-02
  9.66204703e-02  8.71501341e-02 -6.68650940e-02 -1.35689322e-02
  1.45406567e-03  1.64218172e-02 -2.23359303e-03 -6.38720170e-02
  3.85079347e-02  1.07408643e-01 -6.81101903e-02 -2.41303146e-02
 -6.97199553e-02 -6.63956404e-02 -2.42000930e-02 -7.11306557e-02
 -2.66448613e-02 -8.80722830e-04  3.73517498e-02 -8.67211521e-02
 -2.94707380e-02 -2.88395565e-02  1.01673529e-02 -3.37700099e-02
  8.61787573e-02 -6.91338629e-02  1.52130704e-03  1.31340820e-32
  3.37479566e-03 -5.72305359e-02 -4.39635180e-02  2.91117802e-02
 -1.62813552e-02  4.52026278e-02 -3.00900321e-02  8.41513090e-03
  6.28401665e-03  1.00043550e-01 -5.35700545e-02 -2.45884284e-02
 -1.44618433e-02 -2.36840965e-03  9.01046395e-02 -3.70331630e-02
  2.39341985e-02 -6.99336827e-02  1.69555321e-02  3.04120015e-02
 -3.38143744e-02  2.07591821e-02 -1.53848194e-02 -7.68751046e-03
 -7.08230000e-05  3.96568216e-02 -6.59534931e-02 -1.70288235e-02
 -3.98580953e-02  2.09969953e-02  4.62145954e-02  1.31818540e-02
  3.95326614e-02  9.51650180e-03  5.70708793e-03 -2.99215931e-02
 -5.32131307e-02 -2.80947015e-02 -4.88814153e-03 -4.20472994e-02
 -3.10626198e-02 -3.42049040e-02  6.53416291e-02  1.52437240e-02
  8.80616438e-03 -7.02882931e-02  2.28179526e-02 -2.65210103e-02
  1.27981856e-01  2.91369334e-02 -1.61190797e-02 -2.14570966e-02
 -4.76651229e-02 -1.01006985e-01  1.02484711e-02  3.65126878e-02
 -1.31643862e-01  5.38977422e-02  1.06716678e-02 -4.10295464e-02
 -3.02756839e-02 -4.50243689e-02  3.30539164e-03 -3.68960500e-02
  6.69579546e-04 -2.79323496e-02 -3.74000706e-02  2.47416440e-02
  1.30026102e-01  4.88318037e-03 -5.84506281e-02  7.33395992e-03
  7.77591066e-03  6.82883486e-02  3.58864442e-02  2.50178147e-02
  8.96989554e-02  4.20677364e-02 -3.53748277e-02 -1.12210875e-02
 -5.11058867e-02 -6.54541561e-03  6.66314140e-02  6.03269925e-03
  1.03615403e-01 -5.65180730e-04  6.29873276e-02  2.10101698e-02
 -1.92384119e-03  1.06006391e-01  5.63958753e-03  6.42914325e-02
 -5.14888242e-02  5.57972640e-02  2.93700602e-02 -1.48423809e-32
 -9.59046837e-03 -1.86931621e-02 -9.03802216e-02 -3.49504165e-02
 -6.34024665e-02 -4.09723520e-02 -1.99417137e-02 -6.03197813e-02
 -4.93082181e-02 -9.51437131e-02 -7.86546767e-02 -9.82357189e-02
  1.24199212e-01 -4.92953556e-03 -9.38078985e-02  3.17908637e-02
 -2.03410238e-02 -4.71739210e-02 -5.63935749e-02  3.87466251e-04
 -2.64009126e-02  8.04256871e-02  5.76416776e-02  2.65487712e-02
  3.38288657e-02 -2.55419444e-02  1.06292069e-02  3.95800322e-02
 -7.86886886e-02  2.79119313e-02  7.70778358e-02  1.10616768e-02
  1.16174789e-02  6.58433288e-02 -2.34256983e-02 -4.70638052e-02
  1.23004109e-01  3.79951531e-03 -2.02153530e-02  7.27752671e-02
  5.19644730e-02  1.06268145e-01 -5.15574403e-03 -4.22137156e-02
 -7.37454221e-02  2.11069919e-02 -1.99670624e-02 -6.84922114e-02
 -1.15923211e-02 -5.97529672e-02  8.75917375e-02 -5.74338362e-02
  4.35470529e-02 -1.77996103e-02  3.76128107e-02 -4.54976922e-03
  5.56098018e-03 -9.96885896e-02 -4.70389389e-02  1.39251221e-02
  9.46654081e-02  4.77618091e-02  1.32244052e-02 -7.20447227e-02
  7.27549717e-02  1.95000693e-02 -1.62636172e-02  2.27143764e-02
 -2.36968659e-02  4.39999206e-03  4.33049239e-02 -9.15585011e-02
 -1.05485141e-01 -6.50798529e-02  2.25819964e-02 -4.81918715e-02
  9.87481698e-03  1.38013121e-02 -9.15144756e-02  3.32578570e-02
 -1.79752819e-02 -9.41482745e-03 -4.22799774e-02  3.81808169e-02
 -6.80298582e-02  7.36237615e-02 -2.42298041e-02  3.67119461e-02
 -1.53683675e-02  4.71914820e-02 -3.70676853e-02  5.46827260e-03
  2.81276777e-02  7.72942081e-02 -5.60887111e-03 -6.41480895e-08
 -6.73322123e-04 -6.06405400e-02  4.04268838e-02  7.87082501e-03
  3.76568809e-02 -4.87648472e-02 -7.45863421e-03 -9.01376829e-02
 -4.13373597e-02 -7.80313462e-03 -1.14293746e-03 -5.74978068e-02
 -1.14086360e-01 -1.35792838e-03  2.01136321e-02 -2.61848662e-02
  2.94087306e-02  2.24226341e-02 -4.75339293e-02 -1.72323864e-02
  5.88257201e-02 -3.64940464e-02 -9.69937444e-02  2.98624709e-02
  1.07646585e-01  3.86668816e-02 -9.22449306e-03 -7.22196251e-02
  1.44990170e-02  6.50593936e-02 -7.82279298e-03 -7.06254411e-03
 -1.89381733e-03 -1.51731689e-02 -7.40616098e-02 -3.43230926e-02
  9.41319987e-02  1.67811085e-02 -7.27800466e-03 -6.04452798e-03
  9.70040262e-02  2.44641434e-02 -3.64162447e-03  5.59704863e-02
  1.53223081e-02 -3.00585628e-02 -5.91963902e-02  5.80908582e-02
 -2.03877073e-02 -7.63884261e-02 -3.10326517e-02  2.24708617e-02
  9.58677232e-02  4.59352732e-02  2.68035699e-02 -6.41419068e-02
  8.45949724e-02  3.58379409e-02 -4.70743775e-02 -1.45311402e-02
  7.70309120e-02  3.90143730e-02  5.16245179e-02 -6.77231103e-02]