[-3.26410681e-02  1.11014843e-01 -5.90142421e-02  1.27994390e-02
 -1.11623466e-01  1.01395631e-02  4.40113358e-02  3.63726877e-02
  1.81470998e-02  4.39642891e-02  5.48209697e-02 -2.67083966e-03
 -2.49286089e-03  3.29112634e-03  1.94932446e-02 -4.13624495e-02
  3.29268016e-02  1.66973379e-02  3.64671905e-05  5.62129505e-02
  1.44583315e-01  2.94774435e-02 -6.24373071e-02  3.92033085e-02
 -9.31227431e-02 -5.08330390e-02 -6.40952587e-02  2.85728648e-02
 -3.47635075e-02 -2.29701977e-02 -2.72026490e-02  6.92370310e-02
  1.52049199e-01 -2.02999134e-02 -6.04227334e-02  1.49823884e-02
  4.19361591e-02 -4.78554517e-02 -2.35874560e-02  3.10394317e-02
 -6.80255592e-02 -4.70624752e-02 -4.43441011e-02 -4.81724329e-02
 -2.90980693e-02 -9.51731671e-03 -4.83716326e-03  3.36536616e-02
 -4.04391997e-02 -6.13762736e-02 -8.34383294e-02 -2.06093844e-02
 -1.44702438e-02  2.66401935e-02 -7.05680251e-02 -1.07138425e-01
 -2.77906992e-02 -1.08083095e-02 -1.54750478e-02  1.15018003e-02
  2.92272326e-02  5.79342805e-02 -4.16251905e-02  5.13689891e-02
  4.72185053e-02  6.02355339e-02 -4.88466583e-02 -2.09476948e-02
 -1.03116063e-02 -4.35843552e-03  3.17390934e-02 -6.05671145e-02
  4.74890471e-02  5.76188341e-02 -3.51745412e-02  7.15322644e-02
  1.51867690e-02  1.30494619e-02  3.33249010e-02 -1.39651909e-01
  4.08305451e-02  3.55053134e-02 -2.11242605e-02 -1.83395259e-02
  3.10789775e-02 -3.11959069e-02  3.72203104e-02 -1.98567496e-03
  5.02926782e-02  3.08469068e-02 -1.25075085e-02  3.84127647e-02
 -2.40385439e-02 -3.90216857e-02 -1.17366370e-02 -7.86059536e-03
 -6.98142350e-02 -8.87010917e-02 -3.24938372e-02 -1.69606623e-03
  5.63244373e-02  4.46552970e-02 -1.69696137e-02  4.92622005e-03
 -5.14989421e-02  2.34403405e-02 -1.56848263e-02 -7.42027164e-02
  4.57694679e-02  1.14378817e-01 -9.61831138e-02 -2.20763721e-02
 -9.65577886e-02 -8.52358639e-02 -2.31472477e-02  3.76155833e-03
 -2.62192339e-02  3.53908502e-02  1.00471765e-01 -4.34392393e-02
  4.45404314e-02 -8.13814551e-02  4.10541892e-02 -7.63972476e-02
  6.03216365e-02 -1.47405148e-01  6.14568070e-02  1.30231902e-32
 -4.96080890e-02 -1.31517611e-02 -2.86325291e-02  6.80347010e-02
 -4.25705872e-03  7.61446431e-02 -1.27051855e-02 -2.60173343e-02
  1.32999737e-02  4.65134643e-02 -7.00099468e-02  1.04839988e-01
  1.80700105e-02 -5.28541068e-03  7.61215240e-02  5.34429215e-02
  4.45156507e-02 -4.02030826e-04 -6.93791127e-03 -2.53970968e-03
  1.01952171e-02  3.72737348e-02  6.41087145e-02 -1.81342252e-02
  4.95957509e-02  3.71816680e-02 -4.44888249e-02 -6.60091564e-02
 -4.69232425e-02  5.85229732e-02  7.21109733e-02 -6.57901987e-02
  4.19234484e-02 -8.26373547e-02  8.85559712e-03  4.11968585e-03
  7.14385975e-03 -1.05913049e-02  1.47672463e-02  2.81226309e-03
 -1.15562789e-02  3.83894332e-02  3.55200702e-03  3.01822014e-02
  2.05675084e-02 -2.10429449e-03  4.84068096e-02 -5.33348136e-03
  5.46094403e-02  9.56987068e-02 -5.23056500e-02 -5.39517142e-02
 -6.58314973e-02 -4.94888760e-02 -1.59754027e-02  4.53080758e-02
 -1.50141222e-02  5.66689260e-02 -5.06314114e-02 -9.47099328e-02
  5.65334894e-02 -1.35371704e-02  2.25642249e-02 -8.82238895e-02
 -4.39972095e-02 -8.04765224e-02 -3.70510016e-03  1.32775754e-02
  7.85891786e-02  1.56162318e-03 -5.79806082e-02 -1.28782056e-02
 -4.72224578e-02  4.44618873e-02 -7.57027650e-03 -1.68934874e-02
  3.55687477e-02 -1.89479180e-02  5.14860116e-02  2.42754184e-02
  8.28566682e-03 -1.58345979e-02  4.67636213e-02 -2.83985175e-02
  9.95540177e-04  6.31156787e-02  5.57076558e-02  9.56245288e-02
  1.74649023e-02  1.51233539e-01  1.51262721e-02  1.14326999e-01
  3.39914672e-02  6.93019992e-03  2.00413242e-02 -1.52786906e-32
 -2.09962595e-02 -1.81903187e-02 -5.87120913e-02 -2.98312977e-02
 -3.28445248e-02 -4.28929552e-02 -2.36886200e-02  2.21734954e-04
 -6.27499521e-02 -4.58698012e-02 -1.67156234e-02 -1.30660549e-01
  8.67485851e-02 -2.93183960e-02 -5.73039576e-02  3.02886292e-02
 -4.60470952e-02 -5.66449575e-02 -4.33274880e-02 -1.12148831e-02
 -5.73016740e-02  8.25926140e-02 -1.28463302e-02  5.28394012e-03
  2.55902372e-02 -5.69775514e-02  5.42314630e-03  1.24535542e-02
 -6.57317713e-02 -1.49120865e-02  2.08744053e-02  4.54348465e-03
  1.45899155e-03  7.75048658e-02 -1.52082406e-02  5.01834322e-03
  1.09104455e-01 -4.78378609e-02 -1.08409096e-02  5.47994711e-02
  7.07965046e-02  1.22828081e-01 -5.15322313e-02 -6.25457689e-02
 -6.67213723e-02 -6.05061390e-02  2.68784479e-05 -8.69902372e-02
  2.68777218e-02 -1.93331894e-02  1.24927446e-01 -8.32471177e-02
 -1.04482817e-02 -6.17887676e-02 -4.16313112e-03 -1.63642857e-02
 -4.20320742e-02 -2.22391281e-02 -1.28296807e-01  3.42210829e-02
  6.08385652e-02 -1.57354958e-03 -6.27011731e-02  5.77737438e-03
  9.79443640e-02 -1.25676142e-02 -2.44968887e-02  6.34713992e-02
  2.20205393e-02 -6.38045743e-03  7.55462646e-02 -8.02130848e-02
 -1.18903190e-01 -9.12671015e-02 -4.44648638e-02 -1.56006133e-02
 -2.18745600e-02 -5.43152094e-02 -6.18864968e-02  7.65380124e-03
 -3.44200321e-02 -9.14940611e-03  1.32028945e-02 -2.30273269e-02
 -4.10042591e-02  3.01258657e-02 -1.72880664e-02  2.12180056e-02
 -4.15435657e-02  3.32610048e-02 -7.21234083e-02  5.40419715e-04
 -5.51654138e-02 -9.83738247e-03 -1.43341906e-02 -6.80423469e-08
  4.53822874e-02 -4.32188436e-02  1.76516101e-02 -2.47062445e-02
  2.31766608e-02 -4.75774519e-02 -2.47343909e-02 -7.18624294e-02
  5.31886704e-03  2.97398306e-02 -1.01862121e-02 -1.60176232e-02
 -3.52813862e-02  1.17906388e-02  5.79293109e-02 -2.30077431e-02
  7.51027763e-02  4.07190733e-02 -4.75565642e-02 -3.85426655e-02
  1.13134705e-01 -2.59304084e-02 -1.27152577e-01 -6.48344606e-02
  4.23314124e-02  1.97782237e-02 -5.95684312e-02 -1.50289172e-02
 -5.09544229e-03  2.89768837e-02 -1.54505344e-02 -2.52023581e-02
  2.27230061e-02 -4.21899222e-02 -3.18524279e-02 -3.76922172e-03
  1.36706894e-02  2.76936428e-03 -8.04315135e-03 -3.16835083e-02
  1.36631504e-01  8.34948570e-03  5.07256435e-03  3.67818289e-02
 -1.02223419e-02  2.77677085e-02  4.81640585e-02  4.41195257e-02
 -3.70410122e-02 -2.51695476e-02 -4.75479253e-02 -4.35447600e-03
  5.60451448e-02  2.51633134e-02 -4.70670201e-02 -6.71100765e-02
  3.58969904e-02  6.93121925e-02  1.08398101e-03 -2.43799984e-02
  4.91641387e-02  3.98183316e-02  1.81934629e-02 -5.38928546e-02]