[-2.25231573e-02 -6.57306537e-02 -8.72540548e-02 -1.22869588e-01
  8.96237500e-04  2.53174501e-03  8.45992491e-02  7.55432025e-02
  9.85517725e-03  3.04544140e-02  6.46677688e-02  3.74149457e-02
 -3.01512331e-02  5.27413678e-04  2.71649193e-02 -1.12403616e-01
  3.46020982e-02 -4.36674915e-02 -1.38520636e-05 -3.23016234e-02
  7.44274631e-02 -5.46083972e-02 -2.33769361e-02  1.24218715e-02
 -7.19695538e-02 -7.45135769e-02 -3.86553928e-02 -1.35800149e-03
 -5.57973683e-02 -3.53356749e-02  9.03998129e-03  1.00732140e-01
  9.02761742e-02 -4.71090805e-03 -6.87415376e-02  3.51382792e-02
  2.76082251e-02 -9.30908229e-03 -5.10263294e-02  6.67446032e-02
 -1.14371531e-01 -5.50550260e-02 -3.73037383e-02 -5.18293716e-02
  4.02967259e-02 -2.99247224e-02  1.94065459e-02  6.84290752e-02
 -7.25182071e-02 -4.67764065e-02  2.53601316e-02  2.92678215e-02
 -4.04552259e-02  3.71107496e-02  4.70285453e-02 -8.63226354e-02
 -7.08018020e-02 -1.55287664e-02 -8.18816666e-03  7.72309974e-02
 -4.39867228e-02 -3.64543274e-02 -6.02773763e-02  2.97336988e-02
  2.22195033e-02  6.36143982e-02  6.13700971e-03 -4.89520431e-02
  4.71591344e-03 -2.17233947e-03 -2.64463723e-02 -4.06408943e-02
 -5.17365225e-02 -4.06044312e-02 -4.38184775e-02  4.35533412e-02
  1.97975766e-02  7.39207566e-02  4.11357135e-02 -1.20841563e-01
  6.77801147e-02  9.76456627e-02  3.96236442e-02 -4.26384620e-02
  1.70739274e-02 -7.29562566e-02  1.46846222e-02  2.87953038e-02
  1.26506819e-03 -2.69296709e-02  2.38808617e-02  6.76624849e-02
 -1.42060649e-02  3.44517007e-02  1.38060544e-02  1.94787271e-02
 -1.71984471e-02 -1.59939557e-01  4.78589684e-02 -2.43338775e-02
  6.31885156e-02  3.55073041e-03  4.77158502e-02 -1.51315983e-02
 -8.94134268e-02 -1.91900693e-02  1.43867116e-02  8.37704018e-02
  3.85732763e-02  1.13940530e-01 -1.24534503e-01  1.57357622e-02
 -5.71164340e-02 -9.97878835e-02 -3.50541808e-02  3.55953686e-02
 -5.08988351e-02 -1.41992385e-03  1.06006108e-01 -4.58760001e-02
  8.35869345e-04 -1.43897757e-02  3.68759893e-02 -5.91677614e-02
  2.95240600e-02 -2.81988569e-02  1.39800673e-02  7.64694781e-33
 -5.86039759e-02  2.85137407e-02 -6.53992370e-02 -4.23748419e-02
  1.96158271e-02  1.07702322e-01 -2.07044054e-02  3.76461074e-02
  4.68509831e-02  2.57812198e-02 -7.21205100e-02  9.16428491e-02
 -4.12218496e-02  1.10416552e-02  1.34474829e-01 -3.33302319e-02
  7.50551838e-03  6.41322732e-02  3.42238657e-02 -2.68456284e-02
  3.40668783e-02 -4.16630097e-02  6.07900284e-02 -3.64425294e-02
  1.12110257e-01  2.62952293e-03 -5.40976226e-02  1.32422766e-03
 -3.11210621e-02  2.29954682e-02  7.08974972e-02 -6.89915195e-02
 -1.37288142e-02  1.78111736e-02 -1.57811902e-02 -5.43539226e-02
  4.43454972e-03 -4.20748182e-02 -2.07655244e-02 -3.74871418e-02
 -5.94338216e-02  2.89084725e-02 -2.81929746e-02 -2.48196386e-02
  5.00595570e-02 -5.05669340e-02 -2.09516771e-02 -6.75294325e-02
  4.05897759e-02  7.44078830e-02 -1.49699312e-03 -1.48297707e-02
 -5.55588678e-02 -4.61841673e-02 -3.32453884e-02  6.47638291e-02
 -7.26498440e-02  3.02942954e-02  3.22465901e-04  4.61958203e-04
 -3.55475359e-02 -1.99315418e-02  2.06731893e-02 -1.05003037e-01
 -4.01301682e-02 -9.25609376e-03  1.15097621e-02 -3.10445651e-02
  7.27249682e-02  5.66098988e-02 -4.89411280e-02  2.20737979e-02
  1.38675673e-02  8.01222865e-03  2.67569106e-02 -2.97936182e-02
 -3.26994248e-02  2.58100741e-02 -7.28048757e-02  7.41327628e-02
 -5.85465245e-02 -1.04622040e-02 -3.64461057e-02  5.76521130e-03
  2.90111825e-03  3.57366800e-02  3.87737714e-02  6.83733225e-02
 -2.26657763e-02  6.15637153e-02  1.59985628e-02  1.09915666e-01
  1.31736090e-03  6.54214770e-02  8.91122520e-02 -1.04252375e-32
 -6.73661828e-02  2.86012255e-02 -2.11660378e-02 -3.68565992e-02
  1.89466383e-02 -4.69900183e-02  2.45650411e-02 -5.55437207e-02
  1.74321868e-02 -6.71791360e-02 -3.11601330e-02 -5.43661006e-02
  6.04401994e-03 -3.66901010e-02 -9.80715603e-02 -2.59931460e-02
 -5.73776662e-02 -8.92567113e-02 -5.80919720e-02 -1.22971360e-05
  1.72444917e-02  3.90007459e-02  3.36091071e-02 -6.51739761e-02
  7.48449266e-02 -3.29815000e-02 -4.59627770e-02  3.18177268e-02
 -4.53480966e-02 -2.82708905e-04  8.43159929e-02  4.67925258e-02
 -6.98229969e-02  1.11074694e-01  2.78813913e-02 -6.47345409e-02
  1.11771606e-01  5.47889993e-02 -1.02459174e-02  9.88762453e-03
  1.04089200e-01  1.39525875e-01  1.48265352e-02 -4.06495295e-02
 -4.76709828e-02  6.36034133e-03 -1.77114736e-02 -5.16924448e-02
  1.96342990e-02 -3.10615227e-02  8.36014152e-02  1.14599047e-02
 -4.24053892e-02 -2.70753168e-02 -2.66849324e-02  2.23501008e-02
  2.99642198e-02 -2.32202895e-02 -1.49559587e-01  6.82397932e-02
  2.19277069e-02  6.75686635e-03 -4.24965322e-02  4.40046117e-02
  1.04022682e-01 -1.70009155e-02  5.84760075e-03  5.26766777e-02
  7.43441433e-02  3.13354954e-02  1.48231918e-02 -4.13047262e-02
 -1.97774842e-02 -6.89842040e-03  1.05407564e-02 -1.94409508e-02
 -1.99673083e-02  3.22469249e-02 -3.43858004e-02  5.29025532e-02
  5.38609223e-03  5.74733652e-02 -3.69939320e-02 -4.46494073e-02
 -3.78555618e-02 -6.70227408e-02 -3.46786752e-02 -2.09078528e-02
  2.66624428e-02 -4.91210073e-02 -6.61658123e-02  1.29246349e-02
 -4.65740077e-02  3.25347371e-02 -1.80622109e-03 -6.05436981e-08
 -1.31031843e-02 -4.56808060e-02  5.33004059e-03 -1.26654459e-02
  5.15930243e-02  5.48127107e-03 -2.69326288e-02  1.11975661e-02
 -9.11558233e-03 -5.82938567e-02  6.87915925e-03  3.84294651e-02
 -1.00049637e-01  6.22375086e-02  4.26890515e-02 -7.90157542e-02
  3.25545482e-02 -2.94702072e-02 -1.55258402e-02 -1.00055439e-02
  1.01004370e-01 -5.34186736e-02 -1.39163971e-01  2.23910157e-02
  3.12599763e-02 -6.51086047e-02  5.94651839e-03 -2.64052432e-02
 -5.76839689e-03  4.85627018e-02 -2.43211221e-02 -6.79361867e-03
  1.80441830e-02 -4.51860242e-02 -1.57715771e-02  1.53105306e-02
  1.84063520e-02  1.31497420e-02 -6.59391955e-02  4.59000468e-02
  1.23791210e-01 -9.16892663e-03  5.40724546e-02 -5.29106632e-02
 -2.72426102e-02 -2.39550881e-02 -6.20334558e-02  3.72758880e-03
  5.93853146e-02  7.46825291e-03 -2.14188285e-02  2.85715200e-02
  7.85732567e-02  1.27900729e-03 -2.32413709e-02 -7.03661665e-02
  2.44319085e-02 -3.15809436e-02  2.22288352e-02 -1.66480523e-02
  2.32177274e-03  2.61781737e-02  1.41678872e-02 -9.21551418e-03]