[-7.89662544e-03 -9.31902416e-03 -8.21967646e-02 -2.96216663e-02
 -6.59906715e-02 -8.43089540e-03  6.68579619e-03  7.29075521e-02
  5.12685068e-03  4.48845737e-02  8.94995853e-02 -2.25701258e-02
 -6.52815104e-02 -5.66457491e-03 -2.18882188e-02 -4.73218635e-02
  5.28535321e-02 -2.18652673e-02 -2.72644460e-02  3.83605137e-02
  1.05525576e-01 -6.88246340e-02 -3.52426581e-02  1.23822447e-02
 -1.82874699e-03 -7.24841133e-02 -1.05632767e-02 -1.81568749e-02
 -3.45608033e-02  4.10163449e-03 -1.73776019e-02  6.15414940e-02
  8.72159004e-02 -7.99574926e-02  7.08400160e-02  7.63872266e-03
  7.07464740e-02  4.94241156e-02 -6.65040629e-04  5.20958491e-02
 -7.61828795e-02 -5.47820218e-02 -4.40357029e-02 -8.62048417e-02
 -3.63175161e-02 -1.55855929e-02  9.20930132e-02  2.86913570e-02
 -5.67027517e-02  4.05657254e-02 -3.92868593e-02  2.74182390e-02
  8.81571788e-03  1.77269354e-02 -2.79499777e-02 -9.37172547e-02
 -3.85660562e-03  2.57560723e-02 -5.13203144e-02  4.16776948e-02
 -3.12135159e-03  3.73053811e-02 -4.24470417e-02 -1.95847731e-02
  1.01490952e-01 -2.80949343e-02  4.09562327e-03 -4.35247347e-02
 -7.54789785e-02  4.23183553e-02  2.03954075e-02 -9.89651009e-02
 -2.10744850e-02 -7.23559707e-02 -5.96019961e-02  2.59648636e-02
  3.27367447e-02  8.60244557e-02  5.85535029e-03 -1.61695212e-01
  1.26201380e-02 -2.27023419e-02  1.64316944e-03 -5.20493947e-02
 -5.85387461e-03 -2.31580180e-03 -4.87065203e-02  6.50384277e-02
  7.67733976e-02  2.24579331e-02  6.48771077e-02  4.26973850e-02
 -9.70104262e-02 -4.77637649e-02  1.92625374e-02 -3.50800194e-02
  7.74500659e-04 -4.34375070e-05  8.82953927e-02 -1.84865221e-02
  7.19970018e-02 -3.17761302e-02  2.39533950e-02 -2.50549987e-02
 -5.65699488e-02  2.54775230e-02 -5.17261168e-03 -3.14670876e-02
  7.07462877e-02  6.62034377e-02 -9.72398072e-02 -9.89980903e-03
 -2.84502059e-02 -4.07655239e-02 -5.50486557e-02  1.27927624e-02
 -6.13106899e-02 -2.87887473e-02  2.86004115e-02  2.12536082e-02
 -4.34492063e-03 -6.10167859e-03  3.44122276e-02 -2.94976663e-02
  1.82916620e-03 -3.50778922e-02 -2.37025004e-02  1.42521622e-32
 -2.23856326e-02 -3.77499759e-02 -1.85517520e-02 -1.27624534e-02
 -4.86800000e-02  2.56605744e-02 -3.72244045e-02  3.45302373e-02
  2.54262518e-02  3.75342667e-02 -1.42601412e-02  4.28474993e-02
 -9.65832639e-03 -2.88523063e-02  8.64961520e-02 -1.20247975e-02
 -1.77471563e-02 -1.79455783e-02  2.46650837e-02  2.47928477e-03
  5.36293797e-02  5.15600853e-03  3.50328232e-03  4.08811048e-02
  3.48853655e-02  4.34962101e-02 -3.90195549e-02 -1.39052803e-02
 -1.62252318e-02  5.21448217e-02  7.85063952e-02 -1.21443989e-02
  3.38584259e-02 -5.99940866e-02 -5.01476489e-02 -9.52882227e-03
 -2.76327450e-02  8.25794116e-02 -6.63745403e-02 -4.10763808e-02
 -1.81108247e-02  1.02922199e-02  9.22852829e-02  2.13367566e-02
  1.78670157e-02 -1.47844404e-02  6.01005442e-02 -3.82206105e-02
  9.61112678e-02  6.70632273e-02 -1.61412545e-02 -7.61805102e-02
 -2.32308023e-02 -1.15099467e-01 -2.15902589e-02 -3.66118886e-02
 -9.92303118e-02  1.81068350e-02 -4.16774414e-02 -8.56575593e-02
 -4.34819460e-02 -3.95559147e-02 -3.76155861e-02 -7.89869204e-02
 -1.02548122e-01  5.44936284e-02 -2.84057646e-03  5.55619746e-02
  9.04153362e-02 -2.54099281e-03 -7.02719539e-02  4.65616807e-02
 -2.30210088e-03  4.54032933e-03  6.80676997e-02  2.58910190e-02
  2.66067013e-02 -3.72194424e-02 -1.89789440e-02  3.29926573e-02
 -2.71557886e-02  1.43680931e-03 -1.26636019e-02 -3.08638755e-02
  9.45390612e-02  1.32906914e-01  2.38408837e-02  5.57282194e-02
  3.84303629e-02  9.58934333e-03  3.27640325e-02  6.43727034e-02
 -4.11212295e-02  2.71007884e-02  1.11443773e-01 -1.61411332e-32
  9.31314006e-03  3.51896174e-02 -4.58472520e-02  2.38796119e-02
  1.63813103e-02  2.21164506e-02 -3.42288613e-02  1.43009063e-03
 -2.24705245e-02 -1.21464863e-01 -5.70113920e-02 -1.15465440e-01
  5.22020832e-02  8.00184533e-02 -7.67000690e-02 -1.08929621e-02
 -1.21369615e-01 -6.84593841e-02 -1.20026814e-02 -1.93357635e-02
  3.70079540e-02  4.03308496e-02  7.30156526e-02  1.77074466e-02
  3.43891070e-03 -4.25561331e-02 -9.15762857e-02 -1.14536863e-02
 -1.37330289e-03  1.88602402e-03  3.73870358e-02  2.46862900e-02
 -3.51008996e-02  1.05590329e-01 -5.75147048e-02 -7.03892857e-02
  3.68651338e-02 -1.75327878e-03 -4.28420193e-02  8.47530216e-02
  9.17514339e-02  6.63446337e-02  1.97823476e-02 -6.96835816e-02
 -5.22235930e-02 -1.64866224e-02 -2.44817156e-02 -1.29498646e-01
  5.91462292e-02 -1.18197739e-01  1.37421787e-01  3.26081808e-03
 -6.51682019e-02  8.30967817e-03  1.38235362e-02  6.90208673e-02
  3.03015672e-02 -2.17899438e-02 -1.15431905e-01  3.85496300e-03
 -9.02686827e-03  3.12214587e-02  6.97427429e-03  3.72783467e-02
  9.90946591e-02 -9.22918785e-03  9.56317037e-03  4.62952740e-02
  2.84131709e-02 -4.92407009e-02  1.30143703e-03 -7.91464522e-02
 -7.18282312e-02  1.60465688e-02  2.36742627e-02 -6.58139400e-03
  5.79201616e-03 -6.02469146e-02  4.67594061e-03  8.46064836e-02
 -8.08116719e-02 -9.47814155e-03  1.69569347e-02 -1.78437997e-02
 -3.27767730e-02 -1.22490339e-02 -6.36411384e-02 -7.61190336e-03
  1.12135066e-02  3.81481461e-02 -1.90852471e-02  4.06865366e-02
  6.45706952e-02 -1.34807201e-02 -2.44584139e-02 -7.00001763e-08
  2.25196984e-02 -3.85942347e-02  3.49418037e-02  7.08339503e-03
  2.07077209e-02 -6.92457929e-02 -1.41327517e-04  2.23979936e-03
  4.87411488e-03  3.81934941e-02  2.47400329e-02 -1.65125902e-03
 -8.46390128e-02  1.28838010e-02 -3.96261215e-02 -5.81746772e-02
  2.83851270e-02  1.59583390e-02 -5.07215736e-03 -4.66916934e-02
  8.70648548e-02 -4.13307548e-02 -1.04508646e-01  5.08546457e-03
  6.62969844e-03 -3.94602306e-02 -1.77470837e-02  2.65766215e-02
  5.02593955e-03  2.05587433e-03 -6.75304979e-02  5.81105053e-02
  4.67035510e-02 -1.20760433e-01 -8.17997828e-02 -1.30435098e-02
  3.93916517e-02  1.72057673e-02 -7.21075460e-02  3.90401408e-02
  1.15427278e-01 -2.05231570e-02 -4.37040552e-02 -2.59231292e-02
  4.11667377e-02 -1.64409969e-02 -5.24508655e-02 -4.80853859e-03
  3.20281647e-02 -3.54458205e-02 -4.47465442e-02  5.21190725e-02
  9.69980583e-02  4.41183224e-02 -1.74863376e-02 -3.70917954e-02
  3.09016003e-04 -1.26947893e-03 -5.83356619e-02 -7.20668957e-02
  1.16630413e-01  2.76914723e-02  2.93048285e-02 -6.71139434e-02]