[-2.37043593e-02  6.30068034e-02 -1.28891820e-03 -2.21447274e-02
 -2.86218524e-02  1.58593711e-02  1.06102146e-01  6.52736500e-02
 -1.21747898e-02  8.58826414e-02  3.83302830e-02 -5.07817790e-02
 -1.94899645e-03  4.17834483e-02  3.02538145e-02  6.11246340e-02
  2.34452952e-02  2.23449953e-02 -8.72182250e-02  5.12329489e-02
  6.10067993e-02 -6.75016418e-02 -6.71088248e-02  3.12234070e-02
 -1.49766371e-01  7.20906705e-02  8.98023788e-03 -2.07520723e-02
 -1.20737655e-02 -6.44016489e-02 -9.00873262e-03  6.04953244e-02
  8.18912163e-02  3.58729623e-03 -2.37442538e-04 -1.03925373e-02
 -1.75746549e-02 -1.21011287e-01 -7.58921951e-02  7.61360079e-02
  5.14062345e-02  3.22031043e-02 -8.95766839e-02 -4.82329167e-02
 -3.19227241e-02 -2.24289354e-02  1.18694380e-01  4.06628437e-02
  4.87385020e-02 -3.56503353e-02 -4.99778874e-02  4.36873697e-02
 -1.32797927e-01 -1.21353781e-02 -4.78234068e-02 -6.47459785e-03
  5.64305373e-02 -1.21009098e-02  2.43693572e-02 -3.68676670e-02
 -1.89046413e-02 -5.33845462e-02 -6.46536984e-03  9.56270397e-02
  4.85357568e-02 -7.30714703e-04 -2.18356680e-02  1.94992553e-02
 -9.37566683e-02  8.09280276e-02 -3.22603993e-02 -4.80374023e-02
 -1.83057655e-02  8.61565322e-02 -8.61002482e-05  1.61236182e-01
 -1.74983535e-02 -2.54891091e-03  1.37814051e-02 -7.93552026e-02
  2.08942052e-02 -3.68999802e-02 -3.64825279e-02 -1.20560937e-01
  9.51908082e-02  1.80113632e-02  3.89590599e-02 -3.06593906e-03
  4.09929268e-02 -1.32728079e-02  3.65058444e-02  7.42541403e-02
 -5.09809554e-02 -2.20785011e-02  2.87103876e-02  3.03644314e-02
  1.59124769e-02 -5.23283146e-02  2.84180846e-02 -6.02114387e-03
  7.46933743e-02  1.13076523e-01  3.82114127e-02 -2.07383484e-02
 -5.36905155e-02  2.36317958e-03 -3.90217602e-02 -4.02197987e-02
  3.39466818e-02  1.01611301e-01 -6.49203733e-02 -8.08287710e-02
 -1.10888807e-02 -1.82149634e-02 -4.62634675e-02 -5.66201331e-03
 -2.80327979e-03 -8.65835547e-02  8.18915442e-02  2.08685771e-02
 -1.29143819e-02 -1.05699211e-01  1.73170309e-04  2.88831536e-02
  8.39981288e-02 -8.71737022e-03 -1.91946961e-02  1.75305161e-32
 -2.53864378e-02 -2.94617359e-02 -2.26316918e-02 -5.89839816e-02
  2.33140285e-03  3.91483232e-02 -1.99201386e-02  2.64811073e-03
  5.88664785e-03  3.21842246e-02 -7.72470385e-02  2.47244779e-02
  5.20892441e-02  3.95331979e-02  6.96568191e-02  3.13882306e-02
  1.04394615e-01 -7.85037726e-02 -5.53831868e-02 -2.49481499e-02
 -3.21173966e-02  2.88147293e-02  6.59993617e-03 -5.28526604e-02
 -3.66632827e-02  6.77888095e-02 -3.07918321e-02 -8.93810168e-02
 -1.49241798e-02  1.46760168e-02  3.17112580e-02  1.18625546e-02
  1.12438237e-03 -1.21537792e-02 -3.20906267e-02 -2.59816740e-02
 -5.43540437e-03 -2.40417216e-02 -6.57832623e-02 -1.26276137e-02
 -5.38379028e-02 -4.69034445e-03  7.64775798e-02  8.84669200e-02
  1.84673108e-02 -1.04040600e-01 -2.45273970e-02 -2.78493725e-02
  5.52099906e-02  6.22396683e-03 -1.53415930e-02 -2.13409718e-02
  7.73200765e-02 -6.84286729e-02  4.90518063e-02  3.35603133e-02
 -1.16665870e-01  4.46726717e-02 -2.25776415e-02 -4.26893160e-02
  1.37586212e-02  1.03960535e-03 -1.63467098e-02  2.17565037e-02
  8.07591015e-04 -6.94098556e-03 -7.44473562e-02  3.35526951e-02
  9.95527953e-02  2.67726537e-02 -1.67850759e-02  1.64429266e-02
 -2.62235347e-02  1.73057802e-02  8.89072008e-03  1.51510630e-02
  6.62253350e-02  7.79053848e-03 -9.86414179e-02  2.42818929e-02
 -3.01986951e-02 -2.55807769e-02  2.54963506e-02 -6.71975268e-03
  1.81166958e-02 -1.14246598e-02  6.21648170e-02  4.67619076e-02
  1.17244413e-02  5.98188080e-02  1.03317514e-01  3.78719606e-02
  2.87568830e-02 -6.05065897e-02  2.25274526e-02 -1.63498613e-32
 -1.81497559e-02  5.83980754e-02 -4.10823226e-02  8.87817889e-03
 -2.06133295e-02 -2.42197663e-02 -2.17884164e-02 -6.66658860e-03
 -6.05334751e-02 -1.35517642e-01 -1.10847704e-01 -6.18493445e-02
  1.49417728e-01 -3.41470018e-02 -1.45337284e-02  5.71278371e-02
 -3.91024090e-02  1.25119463e-02  1.92956217e-02 -2.29675956e-02
 -2.82756183e-02  5.75513579e-02  5.34434095e-02  2.80562602e-02
  2.43627727e-02 -1.03266515e-01  2.72029694e-02 -2.80611888e-02
 -4.36971933e-02  3.79609466e-02  3.23234461e-02  6.05929010e-02
  2.50805784e-02  7.82519132e-02 -1.69772971e-02  4.40694904e-03
  5.66057675e-03 -2.62695774e-02  3.28370184e-02  5.99562712e-02
 -2.23870873e-02  5.33261895e-02 -6.82564825e-03 -1.12830669e-01
 -7.18676858e-03  1.78577788e-02  2.09198836e-02 -5.12752980e-02
 -7.24167600e-02 -8.11323337e-03  1.95241831e-02 -5.54207675e-02
 -2.44699270e-02 -7.83550441e-02  9.15300176e-02 -2.99782623e-02
  4.04264107e-02 -1.13314688e-01 -6.28926307e-02 -1.75476409e-02
  6.65411353e-02  1.62039194e-02 -1.20876348e-02 -9.82205719e-02
  3.23935188e-02  1.88793130e-02 -2.43394114e-02  2.47585811e-02
 -7.88052455e-02  5.74371628e-02  5.05176112e-02 -5.41604497e-03
 -1.57350525e-01 -1.05323561e-03 -1.01850368e-02 -1.05488384e-02
 -1.95215419e-02  8.39577988e-02 -3.80306803e-02 -6.31932577e-04
 -6.19396940e-02 -2.76549757e-02 -1.83412526e-02  1.02765057e-02
 -5.62773384e-02  4.63716760e-02 -1.98411383e-02  7.95284566e-03
 -1.72570925e-02 -1.94560606e-02 -4.80318395e-03 -6.62796712e-03
  1.81230418e-02  4.95216511e-02  2.10998040e-02 -5.86108371e-08
 -2.01834608e-02 -7.16800317e-02  2.76701506e-02  4.38449252e-03
  7.33323768e-02 -1.04387701e-02 -5.98268025e-03 -7.01647103e-02
 -7.22423289e-03 -1.37822004e-02  4.52662148e-02 -6.69913664e-02
 -2.94684675e-02  1.81434657e-02  7.80295767e-03  6.27044141e-02
  3.73091586e-02  4.83215973e-02 -2.42917575e-02  7.61212921e-03
  1.93335116e-02  1.59529280e-02 -1.30198104e-02  1.29008014e-02
  4.27627824e-02  1.07327048e-02 -2.60857726e-03 -2.89143100e-02
 -2.67165527e-03 -2.99185272e-02 -4.51443307e-02 -4.91606221e-02
  4.93345112e-02 -2.61694547e-02 -7.72174746e-02 -6.98450804e-02
  9.86296237e-02 -4.91945655e-04 -4.44487222e-02 -2.14123316e-02
  1.44694254e-01 -2.34524272e-02  7.67661585e-03 -5.42936549e-02
  1.57322781e-03  7.25664431e-03  6.17845431e-02 -5.13383970e-02
 -3.34092267e-02 -3.18786055e-02 -3.21719423e-02  1.41508342e-03
  2.47013178e-02  1.33366110e-02  2.03796849e-02 -7.02561364e-02
 -1.83322653e-02  4.83885640e-03  2.80271377e-03 -1.14231622e-02
  5.54593615e-02  1.32069349e-01 -8.75543896e-03 -6.95041344e-02]