[-3.45851039e-03  7.09578488e-03 -5.04565910e-02 -1.15964767e-02
  5.26996702e-03  3.43445726e-02  4.31840345e-02  9.04824659e-02
  4.51330561e-03  6.66398033e-02  4.42794040e-02 -3.58816311e-02
  9.72297974e-03  4.08603698e-02 -6.33052140e-02 -4.92913462e-02
  1.85236223e-02 -3.22349519e-02 -2.78677512e-02  2.41267309e-02
  1.08004168e-01 -3.62684876e-02 -4.58087660e-02  4.46378812e-03
 -5.14259934e-02 -4.90733348e-02 -6.32320270e-02 -1.45622455e-02
 -3.40122990e-02 -1.32837379e-03 -4.92616668e-02  5.56358211e-02
  7.35287294e-02  4.82578091e-02  1.53966881e-02  1.23922778e-02
  7.66269490e-02  2.37152558e-02 -6.54780567e-02  2.00104229e-02
 -1.07974462e-01 -1.16693825e-02 -7.13860914e-02 -1.84450541e-02
  1.51196579e-02 -2.52528209e-02  8.59372038e-03 -5.58475405e-02
 -1.15597621e-01  1.24427201e-02 -8.36921781e-02 -5.39285727e-02
 -1.46611675e-03  3.38674486e-02 -5.79759814e-02 -7.20728114e-02
  6.73033297e-02  1.35629450e-03 -3.20106745e-02  3.11544146e-02
  3.16367745e-02 -2.50466596e-02 -5.14552668e-02 -2.20951647e-03
  8.13963860e-02 -1.14776776e-03 -8.34887624e-02 -7.33793080e-02
 -3.10799386e-03 -4.44470942e-02 -6.05242290e-02 -6.57700598e-02
  1.27325244e-02  6.97941855e-02  7.93524180e-03  1.13487514e-02
 -2.59417691e-03  5.52447177e-02  4.40421216e-02 -1.36200055e-01
  3.18296477e-02  7.14473650e-02 -4.89035398e-02  7.40836188e-03
 -2.17950456e-02 -4.52196114e-02 -3.14216167e-02  4.08764323e-03
  7.07551315e-02  1.77471898e-03  7.03955889e-02  6.15528412e-02
 -7.43047893e-02  2.10929681e-02  7.10333372e-03 -6.85278624e-02
  9.47753713e-03 -3.86386216e-02  5.32448962e-02 -3.68084647e-02
 -5.06684091e-03 -1.69761367e-02  2.68204901e-02 -2.77495710e-03
 -3.01375668e-02  3.92352184e-03  3.65907736e-02 -5.11560515e-02
  2.95343194e-02  5.92341721e-02 -2.55982634e-02 -6.00153022e-03
 -1.49038985e-01 -9.94399413e-02 -6.85285181e-02  5.19329272e-02
 -1.09688498e-01  3.01219579e-02  4.80157472e-02 -3.75735527e-03
 -1.38250794e-02 -1.24217812e-02  2.29392238e-02 -1.32548526e-01
  4.89470102e-02 -6.12051189e-02  2.52207834e-02  9.83770267e-33
  9.29943100e-03  4.82868031e-02 -6.93021342e-02  9.55958664e-02
  7.14528859e-02  7.71345794e-02  1.49223097e-02  1.97106674e-02
  7.81877860e-02 -2.78190821e-02 -5.95890023e-02  9.44881514e-02
 -1.66078899e-02 -5.38410693e-02  7.96912760e-02 -2.48014070e-02
  1.09087136e-02  8.06361288e-02 -5.19252792e-02  3.08504235e-02
  3.47038060e-02 -1.80297699e-02  4.38587135e-03 -4.64734100e-02
  5.88427894e-02  3.74934822e-02 -6.80750608e-03  2.69589457e-03
  5.05602099e-02  2.51982138e-02  4.80693839e-02 -4.74234670e-02
  2.27965303e-02 -2.48735920e-02  5.07795103e-02 -7.75174052e-03
  9.39744618e-03 -1.01435673e-03  7.33177066e-02 -1.11386711e-02
 -4.93071638e-02 -1.12480670e-02  1.49416074e-01 -2.29234807e-02
  5.26768081e-02 -4.06887345e-02  9.26855206e-02  1.17979562e-02
  9.61035490e-02  5.28781526e-02  7.55689165e-04 -1.47175742e-02
 -2.88397446e-02 -4.16523591e-02  4.94089862e-03 -1.34748174e-02
  2.98739653e-02  2.41633561e-02 -8.78838764e-04 -4.04238328e-02
 -2.33588628e-02 -4.02594209e-02 -5.35836890e-02  4.94681066e-04
  7.51024927e-04 -1.25275627e-01  2.56989095e-02 -1.08449569e-03
  1.38268366e-01 -2.48697978e-02 -1.05985850e-01  2.54606176e-03
  2.57004611e-02  4.05672528e-02 -8.27478468e-02  1.98366400e-02
  7.55390525e-03  2.53562331e-02 -5.53555265e-02 -5.28507568e-02
 -8.66953135e-02  4.87367995e-02 -2.07428075e-02 -3.81478667e-02
 -1.11636762e-02  7.37055764e-02  1.64163355e-02  6.30588308e-02
  2.99831200e-02  6.19446971e-02  4.14992757e-02  8.42095613e-02
 -2.53113601e-02  1.04630180e-01  1.45983566e-02 -1.13885316e-32
 -3.23385466e-03 -4.09512930e-02  1.21575678e-04  2.17053853e-02
  5.97009156e-03  3.19541916e-02 -2.46032197e-02 -1.07760280e-02
 -2.21230369e-02 -9.57284272e-02  1.82110947e-02 -9.80980396e-02
  4.27203029e-02  2.29823496e-03 -4.87427786e-02  4.88830246e-02
 -9.81379896e-02 -3.58050205e-02 -2.34104227e-02 -2.83214496e-03
  5.54722548e-02  3.20249312e-02 -4.86174859e-02  3.40055525e-02
 -1.49297314e-02 -3.41921784e-02 -5.05064167e-02 -6.41605183e-02
 -8.11973028e-03  3.36132236e-02  1.87029131e-02 -4.53746654e-02
 -7.23164529e-02  1.51215672e-01 -1.93176474e-02 -7.00172335e-02
  4.48659621e-02 -6.95831627e-02 -4.40578116e-03  1.64517105e-01
  8.46805945e-02  4.27053235e-02 -3.09789390e-03 -4.75060605e-02
 -4.56045568e-02 -3.85793038e-02  1.51747116e-03 -1.34545043e-01
  4.10329513e-02 -9.20632854e-03  8.29013735e-02 -5.35875335e-02
 -2.74192914e-02 -6.61420003e-02 -2.67015751e-02 -4.72214678e-03
  6.00108551e-03 -4.01714221e-02 -5.85468784e-02  8.89711455e-03
  1.01423785e-01  2.03271769e-02 -4.32374363e-04  1.42624462e-02
  3.99171226e-02  7.99376741e-02 -1.43424515e-02  1.02109812e-01
 -3.19119208e-02 -9.72053595e-03  9.27473791e-03 -5.46823181e-02
 -6.37005344e-02 -1.23457283e-01 -3.31154428e-02 -7.24636018e-02
 -4.30431329e-02 -3.06783058e-02 -8.93715024e-02  3.09865195e-02
 -2.57777460e-02  2.78601446e-03 -1.09108463e-02 -1.49490247e-02
 -1.77031979e-02  3.61878686e-02  3.81569639e-02 -7.81324785e-03
 -5.37102968e-02 -2.26326510e-02 -9.89674255e-02  2.64888629e-02
  3.15067098e-02  3.06685874e-03 -2.84694303e-02 -6.49319674e-08
 -2.16820613e-02 -1.51608866e-02  1.05226729e-02 -4.41640392e-02
  6.35516793e-02 -3.80492322e-02 -6.14185818e-02  5.65785579e-02
  2.05275770e-02  4.56616171e-02 -3.46014719e-03 -1.21587746e-01
 -6.17383979e-02 -2.24896874e-02  9.27862152e-02 -2.39792913e-02
  1.21465954e-03  3.45818512e-03 -1.72085431e-03 -3.30616198e-02
  1.05157495e-01 -1.39929438e-02 -5.94721735e-02  3.21300402e-02
  2.06289603e-03  7.32556963e-03  2.91709136e-03  7.61931390e-02
 -2.82766055e-02  6.36616498e-02 -4.08658460e-02 -1.87469192e-03
  4.53907140e-02 -2.29036603e-02 -4.14087400e-02  2.12497972e-02
  4.59077321e-02  3.40094864e-02 -1.68413892e-02  4.31337431e-02
  3.99111472e-02  4.74832952e-03 -3.56200412e-02  3.32577340e-02
  1.07575161e-02 -2.85457727e-02 -4.19387892e-02 -7.18716253e-03
 -1.58199240e-02 -6.84915558e-02 -6.72197118e-02  1.45389093e-03
  5.16119562e-02  6.93611801e-02 -7.42703080e-02  1.04925977e-02
 -2.66940845e-03  2.74364501e-02 -3.94208431e-02 -2.81179440e-03
  2.18697935e-02  4.60823178e-02  2.78420094e-02 -3.02845030e-03]