[-1.91476122e-02  7.77799189e-02 -7.24052563e-02 -6.98627606e-02
 -1.05713189e-01  4.47733365e-02 -1.19589698e-02  1.15904026e-01
 -1.94308050e-02  7.88469315e-02  7.50237107e-02  3.85633600e-03
 -5.57256192e-02  2.35675909e-02 -3.33162174e-02 -6.64219074e-03
  5.55507652e-02  1.98533442e-02  2.17000376e-02  2.84940470e-02
  1.10239550e-01 -7.37828389e-02 -5.34121357e-02  2.59319935e-02
 -4.20218483e-02 -2.02180427e-02 -5.09727150e-02  3.60208494e-03
 -1.51138855e-02  2.31712647e-02 -4.21310961e-03  5.19697592e-02
  2.22408678e-02 -3.53094079e-02  6.61409125e-02 -6.31992742e-02
  6.30855337e-02 -1.84627324e-02 -4.17538285e-02  9.42760557e-02
 -5.24200946e-02 -6.06798194e-03 -7.19915628e-02 -5.85727878e-02
 -1.97076481e-02 -5.93035147e-02  5.03551550e-02  4.93248440e-02
 -8.36746618e-02  2.23773569e-02 -2.57282611e-02  2.46093445e-03
  7.81864487e-03  2.46034153e-02 -1.13338688e-02 -1.04904987e-01
 -4.23116647e-02 -1.20172817e-02 -2.60133874e-02  1.99803384e-03
 -4.67828661e-02  4.83234711e-02 -9.09317508e-02 -4.78100590e-03
 -4.86508086e-02 -3.47170718e-02  9.72201955e-03 -2.53649279e-02
 -9.04017687e-03  4.54472601e-02  3.71122621e-02 -1.01048216e-01
  9.14411433e-03 -8.88465717e-03 -6.73929155e-02  6.98877797e-02
  1.12970658e-02  4.65164222e-02 -8.03938322e-03 -2.49082297e-01
  4.09898497e-02  2.80937813e-02  6.28376845e-03 -1.03708029e-01
  8.03592429e-03 -3.92605998e-02  3.48089114e-02  2.69356575e-02
  7.86099061e-02 -2.03021038e-02  8.35898295e-02  6.14316612e-02
 -4.83848229e-02 -4.68449369e-02 -4.58619045e-03  3.08119021e-02
 -1.83309168e-02  4.06529047e-02  8.66548195e-02  4.52806428e-03
  8.12412873e-02  2.51746606e-02 -7.29561821e-02  4.17126459e-04
 -4.17374335e-02  2.04813331e-02  9.00912471e-03 -4.18044589e-02
  2.08308399e-02  6.90400153e-02 -7.36012459e-02 -1.07295683e-03
 -1.22424522e-02 -5.14476858e-02  1.37430532e-02  8.43887497e-03
 -4.52806838e-02  2.88770180e-02  8.47421810e-02 -1.12239476e-02
  7.91527890e-03  9.12829477e-04  2.35861167e-02 -4.94193844e-02
  5.28957024e-02 -2.94017326e-02 -3.11118439e-02  9.97837335e-33
 -4.13737202e-04 -5.04969768e-02 -5.43247089e-02  5.42929955e-03
 -5.51256984e-02  1.87862311e-02  8.47592764e-03  4.55839671e-02
  3.18178795e-02  4.27277721e-02 -3.80440131e-02  2.56492496e-02
 -6.94795093e-03 -8.81307274e-02  7.01366290e-02  5.25707118e-02
  4.64043841e-02 -1.07803789e-03  1.46245314e-02  1.68431131e-03
  1.83842834e-02 -1.08932303e-02  8.80721398e-03  2.12790463e-02
 -9.57192946e-03  8.51351097e-02 -6.53055981e-02  1.85783990e-02
 -5.29372543e-02  5.83977327e-02  5.42302616e-02 -1.76665951e-02
  7.14537948e-02 -4.14302498e-02 -2.40824185e-02  4.98300930e-03
 -1.89558081e-02  4.30543646e-02 -2.34077368e-02 -2.52637770e-02
 -7.29403421e-02 -3.78843918e-02  4.97016385e-02  1.84991620e-02
  6.66940138e-02 -4.79946993e-02  3.62609103e-02 -3.12666185e-02
  1.12236500e-01  2.46402938e-02  1.64731173e-03 -4.72224206e-02
 -6.36708140e-02 -2.45676618e-02  6.71444694e-03 -9.87435970e-03
 -1.23998970e-01  1.58846695e-02  5.66202495e-03 -4.56955209e-02
 -9.33746691e-04  9.21924692e-03 -7.53473192e-02 -1.05100346e-03
 -4.56901863e-02 -4.09483500e-02 -3.04403156e-02  2.23344881e-02
  9.74651650e-02  2.72911275e-03 -9.86293927e-02  1.39395716e-02
 -5.21772951e-02  2.10648198e-02  4.66123633e-02 -4.23189439e-02
  1.05474815e-01 -1.48461936e-02  4.20217635e-03  6.68013841e-02
 -4.46530655e-02 -1.18881054e-02  4.89857048e-03 -1.71510112e-02
  5.72439134e-02  1.27722370e-02  2.11817827e-02  3.04787923e-02
  2.13337746e-02  2.56485995e-02  1.82815436e-02  2.27947719e-03
 -3.93509604e-02  5.38453087e-02  6.39445037e-02 -1.29715978e-32
 -5.43350279e-02  2.53508519e-02 -8.06051418e-02  3.23642641e-02
 -9.35824495e-03 -1.46473153e-03 -1.16635384e-02 -5.02264835e-02
 -1.56406481e-02 -1.25526518e-01 -7.63394609e-02 -1.10449329e-01
  7.51038566e-02 -8.28239042e-03 -9.13257152e-02  1.83213484e-02
 -9.53844935e-02 -8.41102153e-02 -5.34467697e-02 -1.75110903e-02
  4.84167449e-02  5.79337180e-02  2.76075788e-02 -1.19816177e-02
  2.32287515e-02 -5.94552085e-02  5.10350801e-03 -8.95889774e-02
 -3.96624394e-02  1.85108948e-02  5.98832592e-02  1.01739736e-02
 -2.29277033e-02  1.09844677e-01 -4.38604578e-02 -9.43535119e-02
  6.71764538e-02 -9.05865654e-02 -3.73597518e-02  5.78731038e-02
  4.26298790e-02  9.38537121e-02  2.88322810e-02 -6.31813183e-02
 -4.10308503e-02 -1.73592195e-02  8.27943347e-03 -1.25524864e-01
  1.15659110e-01 -9.76026207e-02  9.67872590e-02 -2.23072879e-02
 -3.66898626e-02 -1.22774728e-02  4.36175428e-02 -5.27811609e-02
 -3.99409942e-02 -4.14660387e-02 -6.38705641e-02  7.49946684e-02
  8.95556882e-02  6.19650632e-02 -4.45109122e-02  4.01255302e-02
  1.07932791e-01  8.69207270e-03 -2.18669381e-02  7.65455589e-02
  5.11795469e-03  1.06980428e-02  6.74229488e-02 -7.57305846e-02
 -1.24906875e-01 -8.59308392e-02 -1.11845508e-02 -9.83536360e-04
 -9.47333872e-03  6.39235647e-03 -6.98210970e-02  4.58509922e-02
 -3.90833989e-02 -1.59274600e-02 -2.53526513e-02  1.93027128e-02
 -3.62019762e-02  4.50520664e-02 -3.39086950e-02  2.77881324e-03
 -3.52504710e-03  8.81266892e-02  1.36800967e-02  6.29779999e-04
  5.21067120e-02  2.03293152e-02  6.59412984e-03 -6.46236984e-08
  2.87730736e-03 -1.97237618e-02  3.52939628e-02  4.63423654e-02
  6.03733491e-03 -1.83779784e-02 -3.95633727e-02  2.25392245e-02
 -1.85540691e-02  3.95164602e-02  8.27285275e-02 -1.86166470e-03
 -8.13609660e-02  2.50894605e-04  8.77958350e-03 -8.61992985e-02
  8.63373503e-02  2.97279246e-02 -2.98646018e-02 -2.71691754e-02
  4.32731919e-02 -1.44104967e-02 -8.62211436e-02 -3.83187011e-02
 -1.55640561e-02 -4.11478709e-03 -2.74854451e-02  3.76506820e-02
 -9.72105935e-03  2.59667039e-02 -4.04786784e-03 -9.73596796e-03
  4.34894152e-02 -1.04582004e-01 -1.59824491e-02 -2.57401429e-02
  8.88223480e-03  2.16642302e-02 -2.40250044e-02  3.23579647e-02
  5.55368736e-02 -1.90793574e-02 -7.33519904e-03  7.83397816e-03
  2.64563039e-02 -2.49194149e-02 -6.28462583e-02  4.70630117e-02
 -6.16754312e-03 -3.65957282e-02 -3.38746607e-02  1.76412873e-02
  3.68650630e-02 -8.43227096e-03  4.01719287e-02 -2.89510433e-02
  5.64547479e-02  1.99645595e-03 -8.03337768e-02 -8.53938162e-02
  1.00516118e-01  2.08173692e-02  3.29113677e-02 -2.88013536e-02]