[ 1.82464477e-02  6.39791936e-02  2.79538427e-03 -7.26763979e-02
 -1.01563394e-01  2.62629688e-02  2.23372993e-03  9.98440683e-02
  1.01195173e-02  8.12253579e-02  6.64309487e-02 -5.86350709e-02
 -8.07022117e-03  2.38900003e-03 -1.16878012e-02 -4.22635041e-02
  8.20142850e-02 -2.81087123e-04 -6.27919808e-02  6.61965832e-02
  1.06753670e-01 -2.55230758e-02 -4.74348553e-02  2.06931178e-02
 -8.72785076e-02 -1.50110088e-02 -6.75237700e-02  2.35235188e-02
  8.18372238e-04 -3.96392904e-02 -3.76247428e-02  9.06283334e-02
  4.78067510e-02 -5.11278026e-02  6.99948811e-04 -1.02384714e-02
  1.39173400e-02 -4.95846234e-02 -2.43918486e-02  4.22972366e-02
 -7.17935264e-02 -8.16167891e-02 -4.41404097e-02 -3.71265300e-02
  3.18789594e-02 -1.17773982e-02 -3.19795795e-02  4.69674133e-02
  8.49195942e-03  2.53705848e-02 -1.31579727e-01 -2.36487538e-02
 -1.37630273e-02  5.50682545e-02 -1.29260514e-02 -2.86942702e-02
 -2.54359599e-02  1.43263396e-02  1.19500654e-03 -7.35888779e-02
 -5.14071621e-02  3.39276828e-02 -7.41855800e-02  4.61070314e-02
  5.17146587e-02 -3.73011082e-02  9.34251864e-03 -1.01647470e-02
 -6.49040863e-02  8.36538598e-02  7.52222091e-02 -4.25538681e-02
  3.94517630e-02 -9.24366002e-04 -1.76686270e-03  4.82252613e-02
 -2.97263265e-02  6.54547587e-02  5.39632440e-02 -1.27745330e-01
  4.02613245e-02  1.58017725e-02 -2.99415346e-02 -3.81334722e-02
 -1.53523711e-02 -6.61699846e-02  2.96854526e-02  3.18879411e-02
  8.74996781e-02 -3.60029116e-02  7.94043615e-02  6.54132515e-02
 -2.59972811e-02 -5.95287271e-02  1.81462534e-03  4.07045372e-02
 -5.26011735e-02  2.61509456e-02  8.26224163e-02  6.83934288e-03
  4.33664322e-02  2.04113070e-02 -1.16924504e-02  1.79397147e-02
 -9.84601825e-02 -3.13732395e-04 -4.03947718e-02  8.10587034e-03
  2.45990958e-02  3.84582952e-02 -2.03801133e-02 -1.89995077e-02
 -7.71790445e-02 -5.48657775e-02 -4.69048619e-02  6.00903574e-03
 -1.67252831e-02 -2.18622647e-02  3.67411487e-02 -3.75726111e-02
  5.39170252e-03 -7.13640871e-03 -1.11711146e-02 -5.70504852e-02
  3.81728336e-02 -5.17039523e-02  3.92759405e-02  1.21442525e-32
 -3.21221575e-02 -1.03873268e-01 -2.17488371e-02  2.68781325e-03
 -3.20717618e-02 -3.26757357e-02 -2.83582080e-02  3.83510180e-02
  3.69018540e-02  4.02258784e-02 -8.55101347e-02  5.67375086e-02
 -2.02820580e-02 -3.44115570e-02  3.75594385e-02 -1.73225235e-02
  1.83103196e-02  5.80470003e-02 -3.66548747e-02 -1.69806313e-02
  2.00915821e-02 -3.99050908e-03  1.07833110e-02 -3.20101976e-02
 -1.09115746e-02  1.09512448e-01  3.06320400e-03 -1.95778646e-02
 -7.58023784e-02  2.65872739e-02  8.69135410e-02 -3.42012160e-02
  2.33710483e-02 -4.55342904e-02 -7.10566863e-02  1.65416095e-02
 -2.46740449e-02  5.63873211e-03 -1.33280093e-02  2.78175697e-02
 -1.15993619e-01  2.61763893e-02  5.43756224e-02  7.93705974e-03
 -1.34098425e-03 -5.21598868e-02  3.34650539e-02 -1.57572757e-02
  1.40527964e-01  1.08389184e-01 -4.79776450e-02 -3.68669294e-02
  8.08706321e-03 -2.02192310e-02 -4.15691882e-02  3.99465710e-02
 -9.65046585e-02  8.67918879e-02 -5.64976931e-02 -5.92695214e-02
  8.80428962e-03 -3.33307823e-03 -3.63433249e-02  3.39617059e-02
 -4.93025035e-02 -6.22782595e-02  4.40631434e-03  2.94160214e-03
  1.06090061e-01 -1.00048201e-03 -1.04685217e-01 -4.75454070e-02
  3.24160755e-02  4.63456027e-02  5.18401004e-02 -4.33112383e-02
  1.04741015e-01 -4.31494974e-02 -4.30324785e-02 -3.35659198e-02
 -5.40291779e-02 -8.68946081e-04 -1.01761505e-01  6.27074158e-03
  7.28588849e-02  6.08437695e-02  8.28007534e-02  3.17139551e-02
 -1.73762105e-02  5.58339506e-02 -1.22797256e-03  4.20406051e-02
 -4.51850183e-02  2.96490863e-02  4.96003553e-02 -1.45600125e-32
  6.64537493e-03  1.96892917e-02 -1.65160093e-02  6.49724379e-02
  3.87250297e-02  5.33338524e-02  7.31275752e-02 -4.41413298e-02
 -3.94086726e-03 -7.72434697e-02 -3.19667719e-02 -3.95490825e-02
  3.13412100e-02  1.13412580e-02 -1.20712228e-01  6.49062842e-02
 -1.03761658e-01 -2.68091150e-02 -5.88940978e-02  2.81452872e-02
 -5.97245409e-04  1.51447222e-01  6.29491210e-02  7.19339540e-03
 -5.16059517e-04 -7.73649067e-02 -2.16837227e-02 -1.28439246e-02
 -3.50027531e-02  2.63972525e-02  7.28632184e-03 -6.88872412e-02
 -6.12385198e-02  8.45054761e-02 -4.55315895e-02 -5.78651801e-02
  6.19893707e-02 -5.89890368e-02 -1.79603063e-02  1.00741662e-01
  1.63338799e-02  6.62088990e-02  2.09188890e-02 -3.31336670e-02
 -3.83955613e-02 -3.56905162e-02  1.28620807e-02 -1.24938987e-01
  4.21322286e-02 -1.02142118e-01  8.03793892e-02 -5.15843648e-03
 -2.35625170e-02  1.12156421e-02  5.64309172e-02 -2.55116448e-02
 -5.20000011e-02 -1.13804646e-01 -1.18956193e-01  2.49119271e-02
  5.23115583e-02  2.68189404e-02 -1.15121556e-02 -6.99081123e-02
  1.20187238e-01  2.63989940e-02 -3.32586914e-02 -2.64525600e-02
 -8.11143499e-03 -4.17037343e-04  3.03618498e-02 -5.26359156e-02
 -2.30940320e-02 -3.84673253e-02  3.23371291e-02 -6.58091158e-03
 -3.50496657e-02 -3.14348117e-02 -3.45614329e-02 -1.45594608e-02
  4.11836430e-03 -2.02293023e-02 -3.59176137e-02 -7.69023448e-02
 -8.36250037e-02  4.34956662e-02 -1.90278795e-02 -1.41944003e-03
 -2.05213223e-02  6.17641397e-02 -6.64653257e-02  2.46581547e-02
  7.33174160e-02  3.45602520e-02 -4.38135713e-02 -6.34404955e-08
  3.85986152e-03 -2.88433768e-02  7.67224468e-04  3.76257375e-02
 -2.38737892e-02 -2.12990884e-02 -4.49863374e-02 -2.52161473e-02
 -4.85401340e-02 -3.58346757e-03  1.23060457e-01 -1.83123294e-02
 -8.82291570e-02  2.27831062e-02 -2.21217796e-02 -2.32169423e-02
 -7.08416896e-03  8.61918181e-02 -6.54810369e-02 -7.08336607e-02
  4.11892980e-02 -2.62195077e-02 -4.05402184e-02 -3.16229686e-02
  5.12574166e-02  3.45398933e-02 -3.40819471e-02  3.32971439e-02
 -1.93240624e-02 -2.86544859e-03  2.69821775e-03 -2.21623089e-02
  1.73627455e-02 -4.96880114e-02 -2.38676090e-02  9.37727280e-03
 -6.88958690e-02  6.87908828e-02  3.73766874e-03  5.53290881e-02
  4.09424268e-02 -1.19290417e-02 -2.64351517e-02  2.68084835e-02
  1.25119993e-02 -3.73080485e-02 -7.98507258e-02  6.56767637e-02
 -2.35200264e-02 -4.56954241e-02 -1.24723874e-02 -7.79365674e-02
  6.38675177e-03  2.34811809e-02  6.46223174e-03  2.73107551e-02
  7.85823837e-02  5.56841157e-02 -3.93806435e-02 -1.27155357e-03
  1.11971125e-01  1.13717183e-01 -4.95094061e-03 -8.45433250e-02]