[-9.97719914e-03  3.78159918e-02 -6.88456595e-02 -6.67569041e-02
 -2.60230638e-02  8.11338983e-03  1.72797944e-02  8.28968287e-02
  1.10541307e-03  9.30722579e-02  1.11299925e-01 -3.03767510e-02
 -5.81698259e-04 -8.34917370e-03 -1.56523474e-02 -3.82673927e-02
  4.39365134e-02  1.44643374e-02 -5.85356727e-02  1.41075909e-01
  1.77457422e-01 -4.67485674e-02 -4.87191714e-02  8.42526779e-02
  1.95534993e-03  2.51694769e-02 -3.77521552e-02 -5.44376485e-02
 -6.92818165e-02 -1.78639628e-02  1.71458144e-02  7.88841769e-02
  1.06034517e-01 -5.24004996e-02  9.29042697e-02  1.63780656e-02
  1.04450263e-01 -2.57672761e-02 -1.47467991e-02  4.54974249e-02
 -9.77603495e-02  7.14265602e-03 -3.51614393e-02 -2.34021172e-02
  1.39205158e-03 -4.74294126e-02  5.53761758e-02  3.49751040e-02
 -2.49330290e-02  6.93305722e-03 -2.97507085e-03  2.02890951e-02
 -8.23805705e-02  7.34897777e-02  1.65268499e-02 -8.96587446e-02
 -4.22072113e-02  1.40634859e-02 -3.52958441e-02 -7.30707310e-03
 -9.54592451e-02  3.74840572e-02  1.77204628e-02 -3.14685539e-03
  3.06035671e-02 -2.02199053e-02  1.62894279e-02 -6.50033355e-02
 -9.34150368e-02  3.05001624e-03  2.11766958e-02 -4.99446318e-02
  3.19281965e-02 -8.51959214e-02 -3.23604867e-02  3.02635692e-02
  4.52097170e-02  8.24976489e-02 -5.17964773e-02 -1.52185172e-01
  4.19684090e-02  2.03614421e-02  9.12456959e-03 -5.33559471e-02
 -7.65037350e-03 -2.25763936e-02 -1.03807636e-02 -1.47085655e-02
  4.99999896e-02  3.87130193e-02  3.70688736e-02  6.82353228e-02
  6.43434143e-03 -7.32386783e-02 -2.23105861e-04 -1.66045886e-03
  5.63138397e-03 -2.97799204e-02  6.99058622e-02  1.34397112e-03
  7.65097514e-02  2.62015667e-02  4.61119153e-02 -3.56015600e-02
 -7.02567538e-03 -1.49158612e-02 -4.14863937e-02 -6.81874156e-02
  2.50859279e-02  7.89135620e-02 -8.57260451e-02 -3.84912863e-02
 -8.68782550e-02 -2.89034918e-02 -3.60495150e-02  4.98625776e-03
 -1.83912907e-02 -9.20875520e-02  9.48129669e-02 -2.20954604e-02
  3.98841463e-02 -6.45753369e-02  5.12930080e-02 -3.84033099e-02
  5.55940494e-02 -4.70091496e-03  5.80473468e-02  6.20050274e-33
 -3.89970094e-02 -8.14856663e-02  2.09884092e-05 -2.97779497e-02
 -6.09511957e-02  9.07407328e-03 -2.24369727e-02  6.00138493e-02
  7.13273734e-02  1.97961424e-02 -9.39385127e-03  7.09924921e-02
  6.60425099e-03 -1.15846787e-02  1.04029663e-01 -4.58697230e-02
 -2.52421480e-02  7.89785292e-03  2.45770328e-02  3.14911604e-02
 -1.53839616e-02  1.23473248e-02  5.86340837e-02 -6.05943725e-02
  3.01901884e-02  6.07414916e-02 -3.83383930e-02  1.75438274e-03
 -4.70499806e-02  3.70821208e-02  8.54246914e-02  2.49202270e-02
  3.20447087e-02 -2.41494495e-02 -7.93087482e-02 -8.40064883e-03
 -1.09024104e-02  5.43627702e-02 -3.59163582e-02 -3.54038216e-02
 -6.72118068e-02 -1.32677285e-02  4.76917252e-02  6.50977194e-02
  8.02216977e-02 -4.62910980e-02  1.03332877e-01 -4.98898234e-03
  7.15144649e-02 -3.59414704e-03  8.41914304e-03 -3.90350856e-02
  5.12385042e-03 -1.04494326e-01 -4.03200276e-02 -2.32835468e-02
 -6.69161901e-02  2.70126341e-03 -9.29847211e-02 -1.12302020e-01
  2.35914104e-02 -6.42986074e-02 -2.92865979e-03 -2.33568773e-02
  5.76121453e-03 -6.56253053e-03 -6.52924404e-02  8.01982731e-02
  1.37632445e-01  3.62194516e-02 -5.64441606e-02 -4.46125455e-02
 -4.83449772e-02  2.49224585e-02  5.51106706e-02  1.93575211e-02
  8.82335082e-02 -1.09753404e-02 -7.08192438e-02  7.50316679e-03
 -2.54014712e-02 -5.38707292e-03 -1.82667710e-02 -3.72933201e-03
  1.21811360e-01  8.73926505e-02  3.03766634e-02  4.04947475e-02
 -1.01166395e-02 -2.38910113e-02  3.41125540e-02  4.56226133e-02
 -2.12969593e-04 -1.32803442e-02  8.67844000e-02 -9.81401646e-33
  9.00840107e-03  6.03589043e-02 -4.67742793e-02  2.21820232e-02
 -2.25507170e-02 -8.83673131e-03 -7.12722242e-02 -7.96461478e-03
 -4.43393178e-02 -9.18725356e-02 -1.05887659e-01 -1.04575045e-01
  2.23895069e-02 -1.41285197e-03 -5.63602187e-02  9.37414169e-03
 -5.20116054e-02 -3.35088298e-02 -4.51430343e-02 -3.27797869e-04
 -1.87910497e-02  4.30831164e-02  4.67693284e-02  1.10030398e-02
 -4.04395796e-02 -5.25169484e-02 -8.14046860e-02 -5.58459051e-02
 -1.85479484e-02 -2.91065332e-02  1.87241305e-02  1.21028414e-02
 -1.47249680e-02  4.57723662e-02 -9.25271064e-02 -8.93909633e-02
 -2.31764428e-02 -7.02138841e-02 -6.85699284e-02  7.15854019e-02
  3.75638567e-02  6.14075959e-02  8.73566419e-03 -3.09601612e-02
 -5.23419119e-02 -3.22139896e-02 -3.40333916e-02 -1.06769085e-01
  5.38946055e-02 -4.48478535e-02  1.19408891e-01 -3.33119556e-02
 -6.28470406e-02  1.37661863e-02  4.84783202e-02  2.60664150e-02
 -1.29035590e-02 -2.98275463e-02 -4.36729938e-02 -2.86353771e-02
  3.28833535e-02  3.58885042e-02 -4.92269993e-02 -4.03124653e-02
  6.53673932e-02 -2.49626972e-02  1.25782653e-05 -1.80068091e-04
  4.09861505e-02  1.41459331e-02  2.74423342e-02 -4.62051257e-02
 -1.25650778e-01 -4.42361040e-03 -1.84363946e-02  3.00202128e-02
  4.13926784e-03 -3.87471616e-02 -7.85978686e-04  3.47591229e-02
 -1.39911016e-02 -3.51381041e-02 -3.30689885e-02 -6.70668110e-02
 -7.86557719e-02 -3.99105176e-02  1.36526795e-02 -3.41251045e-02
 -1.33826490e-02  4.99731414e-02 -1.65852476e-02  5.27443588e-02
  1.72300283e-02  5.03694713e-02 -6.40779883e-02 -5.54132278e-08
  3.30541320e-02 -2.26882305e-02 -6.68231770e-03  2.89824679e-02
  8.95075221e-03 -7.64142051e-02  2.17885133e-02 -6.14804216e-04
 -4.53434736e-02 -1.40889944e-03  6.36873990e-02  6.04691543e-03
 -4.60344031e-02 -2.24656705e-02  5.99868409e-03 -4.24211361e-02
  3.20333354e-02  4.04866301e-02 -6.71011955e-02 -9.71758366e-03
  4.79670092e-02 -3.56493369e-02 -1.02478147e-01 -1.55587485e-02
  3.31031717e-02 -3.93956564e-02 -2.19053682e-02  4.92496416e-02
  1.82329733e-02  2.21629795e-02 -9.08720121e-03 -9.79833398e-03
  3.36602107e-02 -1.19512215e-01 -7.52780065e-02 -2.75494605e-02
  6.56573623e-02  3.55036114e-03 -8.28702375e-03  3.49257793e-03
  1.27115503e-01 -2.90606152e-02 -5.09113856e-02 -5.39494120e-03
  6.03817170e-03 -2.78650634e-02 -2.77507715e-02  5.80858402e-02
 -1.94775369e-02 -1.42632099e-02 -2.78756209e-02  2.99624726e-02
  4.06475961e-02  7.48111634e-03  9.27996542e-03  3.14938161e-03
  4.78714816e-02  1.77579336e-02 -5.66375516e-02 -2.44570952e-02
  1.13404393e-01  8.47113505e-02  5.07130735e-02 -2.49322504e-02]