[-1.33409910e-02  2.90601123e-02 -1.11612596e-01 -1.62227806e-02
 -2.09583119e-02  3.25063989e-02 -1.74413957e-02  1.32639378e-01
 -4.26914692e-02  7.94470161e-02  1.11672990e-01 -7.60018229e-02
 -5.56262434e-02  2.67570857e-02 -2.92141642e-02 -7.12375119e-02
 -7.94151146e-03 -2.10803691e-02  1.30016974e-03  6.89712018e-02
  8.82302150e-02 -6.31798953e-02 -8.34778100e-02  7.46343583e-02
 -1.01746097e-01  6.92355484e-02 -2.98712682e-02  9.14700795e-03
 -5.78399412e-02  3.98819009e-03 -3.15925814e-02  4.28907946e-02
  7.49022663e-02 -4.68578860e-02  4.77346554e-02 -3.84411998e-02
  3.35569382e-02 -4.17349003e-02  2.41935588e-02  1.87600646e-02
 -3.21122184e-02 -2.62333211e-02 -1.07069246e-01 -4.44865897e-02
  3.99036333e-03 -7.72209838e-03  6.15103133e-02  7.53751248e-02
  2.29851361e-02 -4.77153547e-02 -1.16766123e-02  3.88489328e-02
 -3.67004052e-02 -5.03973179e-02 -4.62862179e-02 -7.90567696e-02
 -1.26424683e-02 -5.74879311e-02  1.60683841e-02  2.03190502e-02
 -2.80120363e-03 -1.92635264e-02  2.18195212e-03  2.44337767e-02
 -2.91240085e-02 -5.16907386e-02 -6.44870251e-02 -4.88051288e-02
 -1.10690603e-02 -4.83177938e-02  2.89839935e-02 -7.36225173e-02
  7.08281174e-02 -3.08611244e-03  1.73092503e-02  7.74064884e-02
  3.22044604e-02  8.33410844e-02  2.42915843e-02 -1.19736753e-01
  5.57379574e-02 -4.92285080e-02 -3.24613936e-02 -4.76903282e-02
 -5.60124032e-03 -1.28279515e-02  3.40047479e-02 -1.26407454e-02
 -1.21820280e-02  1.48983784e-02  2.91259331e-03  4.36178893e-02
 -3.97812054e-02 -2.37399470e-02  3.36906612e-02 -1.93764605e-02
 -8.89391545e-03  2.90997270e-02  6.85411096e-02 -1.40963132e-02
  3.46272662e-02  5.80137875e-03  5.17963665e-03  2.20808256e-02
 -5.77594265e-02  4.52218838e-02 -1.11623602e-02 -6.89623654e-02
  4.04063463e-02  6.86126351e-02 -1.46977857e-01 -2.23077219e-02
 -2.96237953e-02 -3.83834653e-02 -6.09860718e-02  2.46739872e-02
 -1.02801532e-01 -8.04717466e-02 -4.42835577e-02 -2.83266976e-02
  4.56881560e-02 -5.13022877e-02  6.84141442e-02  8.78177234e-04
  4.44722883e-02 -3.28800082e-02  9.35581550e-02  1.07160695e-32
 -5.59686273e-02 -4.04136702e-02 -6.68200403e-02  1.85478025e-03
  3.65637057e-02  4.52330820e-02 -3.66315916e-02 -4.54155030e-03
  8.17727670e-02  6.82286278e-04 -8.91070738e-02  2.68779397e-02
 -5.68489060e-02  2.28497852e-02  5.14506437e-02  8.46772268e-02
  1.88610926e-02 -4.48017269e-02 -9.99976136e-03 -3.45046595e-02
 -2.05962285e-02 -4.59411591e-02  2.46635880e-02 -2.72153527e-03
  1.33222207e-01  1.47692502e-01 -6.24958910e-02 -9.51876119e-02
 -1.06512532e-02  3.75887267e-02  8.81879963e-03 -1.32392636e-02
 -2.66086161e-02 -1.43885827e-02 -9.32109952e-02 -5.73673099e-02
 -1.04620960e-02  8.06938577e-03 -4.91667613e-02  1.87779814e-02
 -3.00067905e-02  3.81007814e-03  2.04999205e-02  3.04315183e-02
 -1.91329082e-03 -4.24533384e-03  5.29082604e-02  1.15218849e-04
  9.86182019e-02  4.41646203e-02 -1.07089765e-02 -1.10008664e-01
 -6.37326017e-02 -5.15427738e-02  2.60933070e-03  3.12980972e-02
 -3.78391407e-02  3.39037664e-02 -3.46081965e-02 -8.86862576e-02
 -5.62479952e-03  3.32258083e-03 -1.43923275e-02  4.68584262e-02
 -4.49443273e-02 -1.47064440e-02 -1.24387734e-03  1.07679784e-01
  9.19380486e-02  1.52466074e-02 -4.10056114e-02 -3.10462490e-02
 -1.84562244e-02 -3.75635028e-02 -3.44611816e-02 -2.11340766e-02
  9.31002423e-02  5.65676354e-02 -8.18609893e-02  5.74584380e-02
 -1.71317589e-02  3.34049687e-02  6.25122339e-02 -2.37332154e-02
  5.49218468e-02  4.03598882e-02  3.40276700e-03  5.70072979e-02
  2.11879909e-02  3.23686041e-02 -5.55798374e-02  8.09716731e-02
 -1.87602919e-02  7.75552029e-03  8.69047865e-02 -1.39738463e-32
  6.82332814e-02  4.61186655e-03 -7.26820156e-03 -2.18475494e-03
  2.90438277e-03  1.40485615e-02 -8.75181109e-02  1.19702390e-03
 -2.34738644e-02 -1.01973429e-01 -9.80352908e-02 -3.91726084e-02
  1.14830412e-01 -7.31774559e-03 -2.93095037e-02  3.42359208e-02
 -1.83500219e-02 -1.67549327e-02 -5.89203238e-02 -1.10234758e-02
  2.18250919e-02  1.21098990e-02  1.04771405e-02 -7.31382817e-02
 -3.98182543e-03 -4.30964455e-02 -1.80070568e-02  1.76528823e-02
 -4.12335098e-02 -1.83980968e-02 -1.30293965e-02  4.59235273e-02
 -5.57761057e-04  1.13699779e-01  1.71335191e-02  6.85764197e-03
  4.93966341e-02  6.35726228e-02 -6.49404004e-02  7.09761679e-02
  5.54008931e-02  1.09362146e-02  9.13053472e-03 -1.68622732e-02
 -3.35190780e-02 -4.86683622e-02 -1.73990354e-02 -1.38373047e-01
  8.98431391e-02 -3.06230206e-02  1.00559793e-01 -5.72780743e-02
 -8.62417221e-02  5.90351503e-03 -3.25949048e-03  9.61290020e-03
  6.85832575e-02 -4.46672477e-02 -4.93957885e-02 -3.38170193e-02
  8.87680873e-02  3.45282294e-02 -9.11749303e-02 -7.60300979e-02
 -8.62314552e-03 -3.70845161e-02 -5.97540066e-02 -1.33319078e-02
  1.83901843e-02  2.49881856e-02  8.63550231e-02 -6.27242625e-02
 -6.80580661e-02  7.99458176e-02 -4.67514656e-02  1.30249700e-02
 -5.17282113e-02  7.22417012e-02  2.94979308e-02  6.33052886e-02
 -8.45847279e-02  2.70657311e-03  2.14288533e-02  3.01502142e-02
 -7.33632967e-03  7.99796954e-02 -3.19379792e-02 -4.66927066e-02
 -1.59425084e-02  1.43158259e-02  4.05979380e-02  5.20833246e-02
  6.24279678e-02 -1.46673424e-02 -4.17463370e-02 -7.17101614e-08
  2.72133015e-02  1.42705897e-02  5.11444956e-02  8.92266557e-02
  5.07922145e-03 -1.01414122e-01 -4.35357802e-02 -5.46343774e-02
 -2.80304998e-02  1.15747442e-02 -3.01442146e-02 -2.27276073e-03
 -6.21378496e-02  5.82469665e-02 -4.57814485e-02 -5.96761666e-02
 -3.92832048e-02  6.54772520e-02 -1.69817694e-02 -4.94962148e-02
 -3.30501795e-02 -9.49253514e-03 -3.64226885e-02 -2.04364862e-02
  1.50702626e-03 -8.25853348e-02 -2.01243013e-02 -4.81298491e-02
 -8.54115747e-03 -2.33559273e-02 -4.96655330e-02 -6.64263032e-03
 -2.68116198e-03 -1.01809822e-01 -1.70904794e-03 -1.76348165e-02
  6.27326444e-02  3.43771302e-03 -1.09561905e-01 -7.01053739e-02
  1.26730025e-01 -4.28398559e-03 -3.54542509e-02 -7.80159160e-02
  6.05061352e-02  1.32031078e-02 -2.06478778e-02 -3.16757932e-02
  2.31634676e-02  3.22503708e-02 -1.76845044e-02  1.45587577e-02
  3.33161689e-02  5.90294935e-02  5.63159697e-02  5.26053132e-03
  6.34104945e-03  1.43275391e-02  3.39386836e-02  6.44115917e-03
 -2.24610860e-03  3.41376066e-02 -5.25719076e-02  3.81697901e-04]