[-5.30703999e-02  1.52474362e-03 -1.69114042e-02 -2.35449877e-02
 -3.06384917e-02 -6.18660860e-02  1.62303483e-03  1.15862951e-01
 -1.42550189e-02  2.85328552e-02  2.73541324e-02 -3.08104753e-02
  3.81579855e-03  4.69489247e-02 -5.07481955e-02 -6.22575246e-02
 -2.01217327e-02 -5.74831329e-02 -3.40037942e-02 -1.32153900e-02
  9.38335657e-02  1.56731103e-02 -1.44284591e-01 -5.41270012e-03
 -5.05377576e-02 -3.71530168e-02 -6.61973376e-03  5.00048287e-02
 -1.56102441e-02  1.30802831e-02 -1.88615173e-02  9.25146490e-02
  6.14058785e-03  4.02732715e-02  4.16641124e-02  1.77492853e-02
  5.83142489e-02 -2.56395917e-02 -9.74515304e-02 -1.08844966e-01
 -4.27349135e-02 -2.12647971e-02 -2.90809982e-02 -6.03158027e-03
  1.20905479e-02 -5.07913716e-02  2.36713402e-02 -5.75553365e-02
 -7.17224702e-02 -7.07323775e-02 -1.02536403e-01 -4.29746844e-02
 -2.51637045e-02  1.26903933e-02 -6.51692823e-02 -5.83019108e-02
  4.53101508e-02 -4.33286019e-02  4.90693003e-03  4.37991954e-02
  1.29375532e-02 -5.57798333e-02 -2.95785698e-03 -7.39633245e-03
  5.07734939e-02  1.32433381e-02  2.86651347e-02 -7.37558231e-02
  3.27339657e-02 -1.95097309e-02 -4.55571599e-02 -2.53736246e-02
 -2.24624085e-03  5.25674745e-02 -4.75977324e-02  5.22085764e-02
  3.00667379e-02  3.76826413e-02  6.81189001e-02 -1.22451499e-01
  4.35571186e-02  5.74209802e-02 -2.79698819e-02 -3.09229679e-02
 -1.28506599e-02  3.18912236e-04 -6.75037131e-02 -3.86109650e-02
  6.48940951e-02 -1.23352148e-02  3.30607928e-02  1.15633092e-03
 -7.41600022e-02  3.73996161e-02 -5.08546224e-03 -3.73731181e-02
  1.00963444e-01 -1.81749500e-02  7.83179924e-02 -4.03801585e-03
  3.92740257e-02 -3.03066764e-02  1.19467610e-02 -2.91835833e-02
 -6.71552122e-02 -1.25060864e-02  1.95794962e-02 -1.48694648e-03
 -7.62672024e-03 -7.89068732e-03 -2.66889520e-02 -8.59772600e-03
 -4.09028344e-02 -1.05356351e-01 -4.30137031e-02  4.66145463e-02
 -5.54149784e-02 -5.51392930e-03  1.02927694e-02 -7.68283680e-02
 -4.13715690e-02 -4.32743020e-02  1.13204308e-02 -1.36772960e-01
  1.25746697e-01 -3.13018821e-02  8.40403978e-03  8.58603041e-33
 -2.04552198e-03 -5.72017245e-02 -6.44488409e-02  3.32049169e-02
  2.28874036e-03  2.79384162e-02  5.37621453e-02  4.45539169e-02
  7.19048232e-02 -1.39004886e-02 -2.82978341e-02  2.74874810e-02
 -2.93333400e-02 -8.72335956e-02  4.64475304e-02  2.57263277e-02
  2.23118998e-02  3.17946300e-02 -8.10153112e-02  5.43987155e-02
  2.09444351e-02 -8.25573355e-02  2.86862068e-02 -3.57114114e-02
  3.29461507e-02  5.44448681e-02 -1.26330340e-02  2.14128569e-02
  3.40238959e-02 -2.37190491e-03  1.07752182e-01 -7.14299269e-03
 -1.62368473e-02  1.70488693e-02  3.22840139e-02  1.95124373e-02
 -3.13671641e-02  1.27881821e-02  6.65337685e-03  4.06002812e-02
  3.42785530e-02  2.45338622e-02  6.93357140e-02 -1.03141330e-02
  1.27875149e-01 -8.65147859e-02 -2.50340952e-03  4.87299785e-02
  4.91525009e-02  4.55621369e-02 -3.00518237e-02  1.41995279e-02
 -1.02950158e-02 -4.56430428e-02  1.95813533e-02  8.26399699e-02
  4.44773920e-02  1.62931029e-02 -8.70476104e-03  1.61911715e-02
 -9.80258808e-02 -5.70489541e-02 -4.89894003e-02  9.81870573e-03
  3.83823253e-02 -3.77046056e-02  7.29766637e-02  1.86576396e-02
 -1.18271295e-04  6.97734132e-02 -1.12647340e-02 -6.45447373e-02
  7.37634748e-02  4.68970984e-02 -3.01840287e-02 -1.62027720e-02
 -1.11234663e-02  1.90025289e-02 -9.78606790e-02 -2.07541790e-03
 -1.09051317e-01  4.75185141e-02 -6.13252781e-02  4.08638865e-02
 -1.54522602e-02  2.74293795e-02 -4.46841717e-02  5.07072844e-02
  2.80169379e-02  1.81214418e-02  3.60169969e-02  8.66950899e-02
 -5.46890125e-02  7.17922077e-02  4.15985845e-02 -9.19969870e-33
  1.27130654e-02 -3.44122797e-02  1.34986416e-02  3.09229381e-02
 -5.73828667e-02  1.34852836e-02 -1.40011143e-02  9.98541154e-03
 -1.33799417e-02 -7.77196214e-02  1.23501485e-02  1.70062631e-02
  4.27659899e-02 -6.70494437e-02 -1.88370682e-02  4.63934392e-02
 -6.15895130e-02 -2.91170161e-02  7.59197772e-02  8.44146684e-02
  1.88614521e-02  3.91785502e-02 -4.97990064e-02 -3.69576029e-02
  1.59032792e-02 -3.66745032e-02 -3.50118168e-02 -1.66916624e-02
 -9.43248440e-03  1.24002127e-02  8.29157606e-02  3.91283724e-03
 -9.35311336e-03  1.26761824e-01  1.27744311e-02 -5.69405891e-02
  9.22767669e-02 -1.43239543e-01  5.85790304e-03  5.78188561e-02
  5.31633273e-02  5.12903184e-02 -3.76239675e-03 -6.82567013e-03
 -1.92178283e-02 -1.11298831e-02  1.79579239e-02 -1.33216977e-01
  4.19582464e-02  3.98870558e-03  1.15692265e-01 -6.49260432e-02
 -1.62695255e-02 -6.03317358e-02  1.58428382e-02  1.01736495e-02
  2.78313085e-02 -3.40279266e-02 -6.09798692e-02  8.25699128e-04
  1.70789912e-01 -2.03808937e-02 -1.07337479e-02 -3.09440810e-02
  3.86564876e-03  1.37220874e-01  5.90213686e-02  7.34370053e-02
  3.80318947e-02 -6.94912449e-02 -2.33886223e-02 -1.86807141e-02
 -5.86721562e-02 -1.16919644e-01  2.94151530e-03 -4.78985719e-02
 -7.57517368e-02  1.35123162e-02 -6.85535446e-02  2.25286670e-02
 -3.97389717e-02  1.28480315e-03 -6.19772375e-02  4.99066431e-03
  1.86993238e-02  1.07495775e-02  4.79461905e-03 -1.26316119e-02
 -1.30671170e-02 -4.27871384e-02 -6.71930537e-02  5.92243709e-02
  1.96780581e-02  4.07564230e-02 -4.16632406e-02 -5.85449271e-08
 -2.39730384e-02 -2.21361164e-02 -5.94261810e-02 -5.04104570e-02
  4.68297116e-02  1.23578357e-03 -4.67978083e-02  3.60773131e-02
 -3.82223465e-02  6.93362281e-02 -4.93984763e-03 -1.25567675e-01
 -6.33184686e-02  3.76182981e-02  5.41728362e-02 -9.68047902e-02
 -2.93581858e-02  1.90515537e-02 -7.80327991e-02 -1.57591384e-02
  1.22329250e-01 -5.16987778e-03  7.68521219e-04  4.97437306e-02
  6.79000765e-02 -6.76840395e-02  7.63808936e-02  5.50390966e-02
  3.77850141e-03 -3.43004316e-02 -1.09258369e-01  1.51134524e-02
  9.10577253e-02  3.18539962e-02  4.73579355e-02  4.88151498e-02
  1.02301024e-01  8.34769234e-02  3.99710909e-02  4.06146497e-02
  2.79652383e-02  2.55938582e-02 -7.58120045e-02 -8.32596794e-03
  2.29909550e-02 -2.26933006e-02 -7.93935359e-02  5.83177293e-03
  6.62690448e-03 -5.41180223e-02 -5.24392165e-02  2.29698000e-03
  3.19043472e-02  4.09054048e-02 -4.27577794e-02  3.24960090e-02
 -1.86320022e-02 -3.97925358e-03  1.76165011e-02  5.52417077e-02
  4.38730195e-02  2.83197574e-02 -3.06370319e-03 -2.69904081e-02]