[-1.76033918e-02  4.40082178e-02 -2.38095671e-02 -8.99715871e-02
 -8.55899230e-02  1.85576864e-02  3.42434761e-03  1.15342602e-01
  1.08109862e-02  9.07016695e-02  7.57810473e-02  1.20555889e-02
  8.88134073e-03  1.28424736e-02 -3.10377032e-02 -5.24553172e-02
  6.21078424e-02 -4.55315635e-02  1.21738156e-03  3.06018014e-02
  1.29768699e-01 -2.17112992e-02 -5.60189709e-02 -3.91768031e-02
 -6.56436831e-02 -5.53004257e-02 -6.00785688e-02 -5.00113517e-03
 -4.44634855e-02 -3.48601155e-02 -6.83014747e-03  9.40281823e-02
  1.20626828e-02 -2.50025168e-02  6.77150413e-02  9.81765892e-03
  6.89182058e-02 -3.67044918e-02 -4.68774363e-02  6.20783530e-02
 -1.64465848e-02 -5.84000945e-02 -4.98279631e-02 -5.33669479e-02
  1.37653146e-02 -3.90117355e-02  1.14211421e-02 -1.76263135e-02
 -7.02397525e-02 -4.07553762e-02 -8.42988715e-02 -2.25534965e-03
  3.27396579e-02  4.53903005e-02 -6.20069355e-02 -7.51734972e-02
 -9.41281393e-03  5.59948571e-02 -1.44329679e-03 -7.12038763e-03
  3.81812541e-04  3.38338166e-02 -6.51411712e-02  2.16882210e-02
  4.22957800e-02 -3.71881463e-02  3.62423174e-02 -5.61850891e-02
 -2.30585560e-02  4.37840633e-02  1.05861388e-02 -8.81210789e-02
  1.22044655e-02 -1.44856179e-03  8.67521577e-03  6.36648759e-02
 -5.50372619e-03  5.01635522e-02  8.92651975e-02 -1.58105701e-01
 -9.31739900e-03 -7.70925032e-03 -4.40311879e-02 -2.80130114e-02
 -1.17018381e-02 -4.61598076e-02  9.64877754e-03  1.38714220e-02
  4.18995544e-02 -3.60527448e-02  8.95782113e-02  9.30517092e-02
 -3.62003520e-02  2.68342756e-02  2.93635428e-02 -1.60551779e-02
 -3.16934288e-02 -4.10040375e-03  9.19771641e-02  6.44378550e-03
  4.54342701e-02  1.97184775e-02 -3.21651530e-03  6.47174865e-02
 -5.53856082e-02  2.29686107e-02 -2.50071045e-02 -4.96002361e-02
  6.49094954e-02  3.46068032e-02 -3.30370218e-02  8.08921829e-03
 -8.99195299e-02 -6.45863935e-02 -2.76440661e-02  7.04002753e-02
 -3.19520459e-02  4.19584615e-03  2.73791607e-02  2.02595964e-02
 -6.59915106e-03 -3.41469981e-02 -7.42711350e-02 -8.56343359e-02
  7.41518363e-02 -1.22263180e-02  5.17711118e-02  1.24910836e-32
  1.90372523e-02 -2.21385378e-02 -4.22904640e-02 -1.41082872e-02
  9.17868863e-04  8.43409747e-02 -5.26287965e-03  7.01659322e-02
  3.31708007e-02 -5.36257774e-03 -8.20583701e-02  5.71141019e-02
 -6.19549630e-03 -3.21917757e-02  7.25155100e-02 -4.52650189e-02
  1.23445699e-02  7.35686533e-03 -4.65243533e-02  9.63666569e-03
  8.41370411e-03 -4.88412715e-02  1.08340746e-02 -1.75564159e-02
  2.25065136e-03  6.35288581e-02 -1.86961293e-02 -3.10126413e-02
 -2.27695741e-02  2.47336514e-02  4.42532152e-02 -3.83578762e-02
  2.40415800e-02 -8.25238600e-03 -3.69864590e-02  4.27957848e-02
 -1.24691958e-02  2.16682740e-02 -5.52684255e-03  1.68215856e-02
 -7.76228234e-02  4.13969904e-02  8.58934671e-02 -4.26516077e-03
  5.46051227e-02 -4.35538217e-02  1.15363682e-02 -6.01468869e-02
  1.06757425e-01  5.99936619e-02 -6.74578920e-02 -1.14625767e-02
 -2.42182855e-02 -3.69363166e-02  3.51195298e-02  2.96035316e-02
 -5.78585938e-02  7.28363767e-02 -1.65208988e-02 -6.84523806e-02
 -1.37104951e-02 -4.36914805e-03 -6.31900504e-02  2.83308495e-02
 -3.42940614e-02 -6.94895610e-02 -1.20058572e-02 -3.29943583e-03
  8.23403075e-02 -6.42647594e-02 -1.15175471e-01  2.27844957e-02
  4.82213423e-02  4.35835645e-02 -7.69200176e-03 -1.20585030e-02
  1.59143303e-02  1.98935214e-02 -4.85311337e-02 -1.06350817e-02
 -5.94638586e-02  4.65672389e-02 -5.93552403e-02 -1.96915753e-02
  3.49303074e-02  6.37370571e-02  6.23817481e-02  6.93298876e-03
  1.60379428e-02  7.80463517e-02  5.35070710e-02  4.12688032e-02
 -4.19728197e-02  6.67891800e-02  5.12099303e-02 -1.38491043e-32
 -5.73510714e-02 -2.89758351e-02 -2.73704398e-02  4.16427329e-02
  5.28615676e-02  4.46947701e-02  8.07949528e-02  8.76328051e-02
 -6.11534603e-02 -9.04491544e-02 -8.99946876e-03 -7.74431378e-02
  6.91013783e-02 -2.84230560e-02 -8.17730427e-02  3.17415930e-02
 -1.26737580e-01 -1.81405079e-02  2.39220657e-03  7.67293945e-02
  1.01948902e-01  1.00258403e-01  4.46010232e-02  5.43588847e-02
 -1.48877641e-02 -7.67007694e-02 -3.45126763e-02 -6.14516400e-02
 -5.03292643e-02 -5.31417690e-03  1.61289982e-02 -1.40400613e-02
 -9.72812995e-02  1.55675262e-01 -1.68027636e-02 -6.05285987e-02
  8.30918923e-02 -5.35201952e-02 -2.11803569e-03  1.04559489e-01
  1.02499768e-01  5.50294630e-02  2.91334186e-02 -3.44707593e-02
 -3.47351916e-02  1.22833978e-02 -3.39565575e-02 -1.21706717e-01
 -2.55351700e-02 -7.28339478e-02  7.02737197e-02 -1.47796789e-04
 -9.47591942e-03 -1.63767524e-02  4.42104898e-02 -5.34079336e-02
 -2.84959804e-02 -6.92704022e-02 -1.20605268e-01  7.89397880e-02
  1.10780984e-01  3.10821775e-02 -4.26513106e-02  1.40343131e-02
  1.07110560e-01  4.79898490e-02 -2.06759349e-02  6.92623779e-02
  3.27627175e-02  3.28388624e-02  5.68664670e-02 -7.32203647e-02
 -2.89723855e-02 -8.56664181e-02  5.02485335e-02 -3.32625397e-02
 -8.14964175e-02 -3.55468923e-03 -1.00110956e-01  2.13088226e-02
  5.16901445e-03  2.65541244e-02 -2.96027139e-02 -6.58484595e-03
  1.61333121e-02 -8.26484931e-04  2.54959278e-02 -3.19153182e-02
 -2.57485397e-02  3.37361358e-02 -9.67930406e-02  9.55811515e-03
  3.80851515e-02  2.60149427e-02 -2.77669504e-02 -6.99020148e-08
  1.64811220e-02 -3.65447290e-02  2.31242646e-02 -7.37429655e-04
 -8.79470899e-04 -6.82560429e-02 -3.66846398e-02 -2.20267326e-02
 -2.23290250e-02  3.90493423e-02  8.02103728e-02 -6.95734844e-02
 -6.28831983e-02 -4.55787359e-03  4.83811125e-02 -2.03199293e-02
  2.88736019e-02  4.45214808e-02 -2.47389209e-02 -1.38457576e-02
  5.10827675e-02 -2.92116813e-02 -7.55728036e-02  6.94821880e-04
  2.58531831e-02  5.46244457e-02 -3.47879194e-02  2.28924919e-02
 -5.83536029e-02  3.85071188e-02 -4.70217057e-02  4.63190209e-03
  2.11881977e-02 -5.08361533e-02 -9.33708996e-02  1.86513073e-03
 -3.02460119e-02  5.49799129e-02 -3.02161500e-02  6.04904164e-03
  3.84069234e-02 -5.63316606e-02 -1.71462186e-02 -1.73916596e-05
  7.31370375e-02 -7.14793280e-02 -6.43793792e-02 -7.28379004e-03
  2.67498977e-02 -6.20513633e-02 -5.91440573e-02 -6.08801246e-02
  3.97343561e-02 -4.49244641e-02 -2.73754355e-02 -2.56516244e-02
  7.37384185e-02  2.68063750e-02 -9.56819877e-02 -4.64373715e-02
  7.37940744e-02  5.40006161e-02 -1.96235441e-02 -3.00305486e-02]