[ 5.50042791e-03  5.31123765e-03 -9.14508030e-02 -6.92853257e-02
 -1.22144260e-02  2.11057961e-02  3.11027914e-02  9.62207243e-02
  3.45039591e-02  7.05780312e-02  9.19865891e-02 -1.03953388e-02
 -4.70601674e-03  1.25584165e-02  3.54719199e-02 -5.33599630e-02
  5.30823916e-02 -9.48658958e-03  1.04400711e-02  7.19016269e-02
  1.84439808e-01  1.33855967e-02 -4.13721465e-02  6.20269999e-02
 -6.19115233e-02 -3.70098948e-02 -4.22773138e-03  2.27919836e-02
 -3.81379426e-02 -1.33316088e-02 -4.65073660e-02  6.32407740e-02
  6.72668666e-02 -2.27043983e-02  1.60573646e-02 -6.90412447e-02
  4.06886227e-02 -4.14777510e-02 -2.97335479e-02  6.80220723e-02
 -8.71065110e-02 -1.00838849e-02 -9.67295468e-02 -1.78998187e-02
  3.84492893e-03 -2.15787557e-04  3.24062556e-02  4.78964858e-02
 -4.55926806e-02  1.97401661e-02 -8.34490731e-03  1.10441912e-02
 -5.77395819e-02  2.57461723e-02 -1.74915418e-02 -1.34260759e-01
 -2.02594465e-03  1.94241963e-02 -5.54840714e-02  8.78224373e-02
 -8.94252677e-03  4.29724194e-02  8.09379760e-03  1.83835402e-02
  3.40345055e-02  1.76803079e-02 -1.20510701e-02 -5.49402200e-02
 -2.41609104e-02 -4.36455645e-02 -2.60831192e-02 -4.89475690e-02
  2.54064910e-02 -3.19879036e-03 -6.44446537e-02  5.69121316e-02
  2.86397655e-02  6.87042922e-02 -2.66592912e-02 -2.11990908e-01
  5.39880134e-02  5.13154082e-02 -4.59215268e-02 -6.93230852e-02
  9.19199735e-03 -1.46618998e-02 -2.53373068e-02  3.54520790e-02
  5.18452227e-02  2.29102280e-02  7.04793707e-02  3.00806742e-02
 -4.44935933e-02 -5.19187413e-02  2.93125547e-02 -2.70142443e-02
 -2.18872149e-02 -5.64599372e-02  2.44012605e-02 -6.48051798e-02
  5.25530353e-02  2.17899382e-02 -3.86519134e-02  4.07181084e-02
  1.63372755e-02  2.89065931e-02  2.59500686e-02 -8.22127908e-02
  6.38385117e-02  1.30200788e-01 -5.52928410e-02 -5.29269427e-02
 -1.19151063e-01 -8.33563954e-02 -1.04413152e-01  2.90019270e-02
 -6.13078922e-02 -3.32579203e-02  8.39466751e-02 -4.32585403e-02
 -2.30849776e-02 -4.46894057e-02  6.05994724e-02 -5.70073053e-02
  4.06501777e-02 -6.80867583e-02  5.56931160e-02  1.03269177e-32
 -4.32068929e-02 -3.01447581e-03 -3.57252210e-02  8.08100626e-02
 -2.42169295e-02  4.41363379e-02 -3.80291156e-02 -1.37815895e-02
  3.96120064e-02  2.56621093e-02 -9.33628902e-02  7.21342266e-02
  3.51823168e-03  2.52720248e-02  1.20158494e-01  2.73589808e-02
  3.16230990e-02  1.83478277e-02  6.84764758e-02  2.54303347e-02
  3.14320475e-02 -1.60344597e-02  2.18453980e-03 -3.03867701e-02
  6.06691688e-02  9.51827168e-02 -1.20485537e-01 -2.56467052e-02
  1.30898347e-02  2.60534827e-02  7.75611550e-02 -2.88297534e-02
  5.29820099e-02 -2.77080946e-02  3.46258609e-03 -5.31021766e-02
  2.07842197e-02 -5.97779313e-03 -2.51151547e-02 -4.11775783e-02
 -3.72191593e-02 -2.23363563e-02  6.47987202e-02  2.30959896e-02
  3.17178946e-03 -8.04123506e-02 -4.52357903e-03  3.72641608e-02
  1.04237422e-01  2.38450002e-02 -4.22608433e-03 -1.45533970e-02
 -2.67957747e-02 -1.27849221e-01  7.54857250e-03 -1.62182450e-02
 -8.76164138e-02  3.15733850e-02 -8.34805239e-03 -2.18638573e-02
 -4.17052507e-02  2.95950603e-02 -2.87767239e-02  6.75817300e-03
 -3.91038619e-02 -5.01532927e-02 -3.19488533e-02 -1.29856048e-02
  1.14640854e-01  3.09407222e-03 -1.06794566e-01 -1.29972883e-02
 -1.37118511e-02  3.34184282e-02 -1.89707093e-02 -9.30087641e-03
 -7.33985379e-03  1.24966828e-02 -1.79894436e-02 -1.49522955e-02
  3.03593639e-04 -1.20211449e-02  4.33648303e-02  2.70807482e-02
  1.60891246e-02  6.09542951e-02  2.43751090e-02  1.07542835e-01
  5.29074892e-02  3.16835083e-02  6.05160594e-02  1.09402768e-01
 -3.52562260e-04  2.64356714e-02  6.94578737e-02 -1.35448320e-32
 -5.97084174e-03  1.44809810e-02 -3.49540189e-02 -4.61917482e-02
 -3.46806049e-02  1.83469392e-02  9.23188217e-03 -8.00039545e-02
 -5.14299423e-02 -1.01446584e-01 -3.57420966e-02 -1.13148451e-01
  6.44214451e-02 -6.49364740e-02 -5.15239276e-02 -2.19142833e-03
 -1.53881624e-01 -3.44323032e-02 -4.54210714e-02  1.22140273e-02
  2.44217571e-02 -1.15029626e-02  3.18851955e-02 -6.27882481e-02
  1.71366632e-02 -8.94275829e-02 -3.50614004e-02 -4.68051014e-03
 -3.21129747e-02 -2.79867966e-02 -1.53873470e-02 -1.82756577e-02
 -2.39337496e-02  8.97893608e-02 -5.20604923e-02 -7.07886741e-02
  8.80230814e-02 -1.24911768e-02 -3.36868339e-03  5.84175326e-02
  6.58556223e-02  1.04310460e-01  1.64029412e-02 -4.60790917e-02
 -6.79964721e-02 -5.33327684e-02 -5.54346293e-02 -1.09742329e-01
  3.04967090e-02 -3.59038524e-02  1.02578297e-01 -6.09207228e-02
 -1.07007818e-02 -5.48210517e-02  4.42135744e-02  4.83101234e-02
 -1.96404327e-02 -6.69445470e-02 -1.41310086e-02  1.46905771e-02
  7.67444372e-02  1.95482317e-02 -2.25676931e-02  3.03957257e-02
  9.50767323e-02 -1.72788762e-02 -2.15355493e-02  5.86066395e-02
  3.28427628e-02 -4.90693115e-02  3.01443692e-02 -9.01692063e-02
 -5.11000790e-02 -6.96549341e-02  1.06259128e-02 -6.02831990e-02
 -3.82484635e-03 -4.58291639e-03 -1.68378912e-02  4.36348431e-02
 -1.88631024e-02  1.19178295e-02 -3.35003585e-02  2.86447839e-03
 -6.16302423e-04  3.81106399e-02 -7.48907123e-03  3.22364084e-02
 -9.42094438e-03 -4.71325358e-04 -6.73873723e-02  4.92271706e-02
  3.95650230e-03  5.49739636e-02 -6.30942360e-02 -6.48508021e-08
  1.93699207e-02 -1.77802481e-02  4.79469262e-02 -1.43791633e-02
  4.63376865e-02 -5.20632826e-02  1.54108433e-02 -1.48469107e-02
  2.88638268e-02  2.56454740e-02  3.29239517e-02 -1.16953533e-02
 -9.56363678e-02 -2.04390660e-02  2.50232723e-02 -3.12030446e-02
  4.33202498e-02 -8.26757122e-03 -1.02399616e-02 -3.73300835e-02
  4.15343828e-02 -5.40929809e-02 -9.86382812e-02 -3.01071648e-02
  7.93663636e-02 -2.13001873e-02 -4.78869714e-02  1.92097276e-02
  6.54045446e-03  7.22377896e-02 -5.09322807e-02 -3.88373993e-02
  2.03465670e-02 -4.51673642e-02 -6.06596656e-02 -9.31622833e-03
  5.41108474e-02  3.33268493e-02 -5.00415005e-02  3.98289189e-02
  7.88650438e-02 -1.38323465e-02 -4.56808582e-02 -2.74137277e-02
  5.66590503e-02  2.67321849e-03  9.83388280e-04  1.92667656e-02
 -3.47571261e-02  6.64937659e-04 -1.03929974e-01  3.47447093e-03
  4.21046652e-02  4.05406877e-02 -5.83530078e-03 -3.64506170e-02
 -1.46770235e-02 -4.59837355e-03  6.92036794e-03 -2.45050751e-02
  4.03900445e-02  7.36268163e-02  3.08842920e-02 -2.58022845e-02]