[ 3.51390168e-02  1.90421045e-02 -3.23061310e-02 -9.62064229e-03
 -4.14175503e-02  3.60744447e-02 -3.15806419e-02  6.28326982e-02
 -5.16220406e-02  5.48637398e-02  1.09412663e-01 -2.63083279e-02
 -5.17298169e-02  5.24131320e-02 -2.72029936e-02 -4.92191948e-02
  5.98776303e-02 -3.52930576e-02  8.39188695e-03  7.44522130e-03
  8.99256691e-02 -7.36644864e-02 -5.79580925e-02  1.46872941e-02
 -8.70633200e-02  3.57807963e-03 -6.93361610e-02 -4.31424789e-02
 -2.89421715e-02 -2.51662340e-02 -3.55107822e-02  5.52616306e-02
  6.03778437e-02  9.37556196e-03  2.54270881e-02  4.85135056e-02
  5.87677881e-02 -3.86915822e-03  2.54093274e-03  9.06845927e-02
 -4.41622995e-02 -2.23927591e-02 -4.05154377e-02 -1.05461814e-01
 -1.73358303e-02 -3.75674330e-02  3.47471498e-02 -3.18281017e-02
 -1.68026034e-02 -4.15572189e-02 -3.17253731e-02 -1.93569437e-02
 -3.09036439e-03  6.27630278e-02 -9.93276201e-03 -4.95334119e-02
  2.02352926e-02 -3.01396996e-02 -3.17804031e-02  9.39224660e-02
 -4.09955271e-02  5.26031069e-02 -3.06611955e-02  1.50969131e-02
  8.09334964e-02 -7.26967528e-02 -5.23293652e-02 -3.88317369e-02
 -3.39989178e-02  1.33251427e-02  1.92133640e-03 -7.17709959e-02
 -4.79292916e-03  7.83085078e-02 -1.17663732e-02  1.00531196e-03
  2.20443029e-03  6.82839155e-02  6.50315955e-02 -1.77515715e-01
  2.85331253e-02  1.57047566e-02 -1.15133952e-02  2.04861118e-03
 -5.43299057e-02 -2.06128024e-02 -3.44846919e-02 -3.09204422e-02
  8.98672864e-02 -1.53810680e-02  4.47621895e-03  5.73679060e-02
 -8.21935236e-02  1.60914997e-03 -4.99482267e-02 -4.60341685e-02
 -9.98884905e-03  2.79904548e-02  8.47224053e-03 -3.34832259e-02
  1.34813692e-02 -3.10430545e-02  1.66771356e-02  4.55208234e-02
 -6.56021610e-02 -6.88900985e-03 -9.75117832e-03  3.98871431e-04
 -4.07404639e-02  1.31198585e-01 -7.07107112e-02  1.38643868e-02
 -9.91374850e-02 -5.52600026e-02 -4.96951938e-02  3.48543637e-02
 -8.48922580e-02 -2.71157548e-02 -3.02513838e-02  5.19250669e-02
  5.29596582e-02  1.43837398e-02  6.27644509e-02 -2.92563979e-02
 -1.21101616e-02 -6.20037615e-02  1.32763106e-02  1.08972565e-32
  1.71702262e-02 -3.22481655e-02  4.01418731e-02  7.35579506e-02
  6.05276832e-03  3.19131240e-02 -3.42997946e-02  4.38174717e-02
  6.21987134e-02  5.95040172e-02 -4.94833551e-02  5.09256497e-02
  5.16382884e-03  1.90332979e-02  4.60713282e-02 -2.77345330e-02
  4.58880328e-02  3.20989266e-02 -3.49504165e-02  6.23083524e-02
  3.14396657e-02  4.53642085e-02 -1.90784074e-02 -2.95614917e-02
  7.78551772e-02  4.43961993e-02 -4.17377502e-02 -3.28602158e-02
 -2.82653142e-02  5.01258187e-02  8.41900799e-03 -1.81838672e-03
 -1.12795103e-02 -7.11563751e-02 -7.12374002e-02 -1.25647141e-02
 -2.40065772e-02 -5.48964143e-02 -5.04207835e-02 -4.66174595e-02
 -5.15611023e-02 -5.17335348e-03  8.43471512e-02  1.86451816e-03
  4.81989831e-02 -7.37218838e-03  1.45129338e-01 -3.24176364e-02
  7.22896308e-02  1.08851567e-01 -7.57953823e-02 -6.54740781e-02
  1.04185112e-03 -3.79111618e-02  1.82425380e-02  3.50221470e-02
 -8.74521770e-03  4.30120751e-02 -3.39432657e-02 -6.32612035e-02
  1.08772889e-02 -7.42643178e-02 -8.57499391e-02  2.54053064e-02
  1.82678550e-02 -9.56393182e-02  6.26344047e-03  1.76821128e-02
  1.66013524e-01  4.33619916e-02 -1.31125614e-01  1.13545358e-02
  3.29904892e-02  5.20359762e-02  3.31177525e-02 -1.06098391e-02
  2.62168050e-02 -1.03724934e-02 -7.70495310e-02  1.25714336e-02
 -7.14139566e-02  5.10472134e-02 -1.10565377e-02 -4.88164425e-02
  1.20778777e-01  6.24979548e-02  6.38853684e-02  3.44788246e-02
 -8.03015660e-03  1.12558261e-01 -3.25130150e-02  5.14834300e-02
 -2.87684742e-02  7.47441575e-02  7.94486888e-03 -1.53520694e-32
  2.17195023e-02  2.74075828e-02 -2.58413572e-02 -3.10791507e-02
  7.23842457e-02  2.57835798e-02  1.87803395e-02  3.50925722e-04
 -5.42447418e-02 -7.15017021e-02 -2.43377108e-02 -8.93868729e-02
  9.64423865e-02  1.27260806e-02 -8.09144899e-02  2.02385578e-02
 -1.00915380e-01 -5.13945781e-02 -8.17021821e-03  2.59696948e-03
 -3.50523810e-03  1.22111067e-01  3.15086581e-02 -4.64126840e-03
 -9.75397043e-03 -8.49333480e-02  5.95462089e-03 -4.68606800e-02
 -6.70485571e-02  1.17167169e-02 -1.71699766e-02 -2.14092759e-03
 -5.49188480e-02  1.25208452e-01 -5.10268845e-02 -1.75946839e-02
 -2.27286480e-02 -7.19362451e-03 -3.58483493e-02  1.18730374e-01
  4.06541824e-02  4.30382155e-02  1.96095090e-02 -6.69735223e-02
 -6.51060045e-02 -9.39083993e-02 -5.65615930e-02 -1.03264086e-01
  1.54188843e-02 -5.45563214e-02  2.50585973e-02 -3.64029780e-02
 -8.30654800e-02 -7.44681386e-03  5.55944964e-02 -7.98968375e-02
  9.01875831e-03 -9.02340934e-02 -9.91212577e-02  6.24811044e-03
  1.01149119e-01  2.13339292e-02 -4.09498289e-02  3.68951149e-02
  2.51205694e-02 -5.86369410e-02 -7.46470457e-03  3.07429396e-02
  9.81206261e-03  1.27119420e-03  4.18717898e-02 -6.63084164e-02
 -5.13263457e-02 -3.72772710e-03 -2.17217449e-02 -5.08880652e-02
 -4.88296933e-02 -5.17549887e-02 -1.90715771e-02 -5.97740803e-03
 -5.32861464e-02 -9.98132974e-02  3.05142403e-02 -3.68810482e-02
 -8.77813026e-02  4.24988046e-02 -9.37667489e-03  8.25599954e-03
  3.36072668e-02  3.34066004e-02 -5.55139892e-02 -3.14528495e-02
  1.56746840e-03 -3.16526927e-02 -4.24039029e-02 -6.55767352e-08
  3.66215557e-02  1.60769988e-02  4.60990146e-02 -9.12236236e-03
 -1.99605096e-02 -8.78203213e-02 -6.50643706e-02 -1.55251352e-02
  4.01750132e-02  3.89802158e-02  1.04631474e-02  4.20614262e-04
 -4.91284207e-02 -3.15507837e-02  8.65001455e-02 -5.06920516e-02
  4.41716127e-02  6.84291273e-02 -1.24989785e-02 -3.87001149e-02
  3.55152041e-02 -3.26502286e-02 -1.13379575e-01 -1.13358544e-02
  1.71120632e-02  1.73427630e-02 -5.56178316e-02  2.09671427e-02
 -2.31550373e-02  5.38163036e-02  9.17374808e-03 -2.17214338e-02
  2.44729631e-02 -1.08245656e-01 -3.05775534e-02 -9.03991703e-03
 -2.79920362e-02 -6.39200732e-02 -4.97557372e-02  3.19588184e-02
  1.10629730e-01 -7.62617309e-03  1.12849651e-02  1.23235965e-02
  6.86406856e-03  3.44355926e-02 -9.35709849e-03  5.98565489e-02
  2.60174362e-04 -4.87340651e-02 -5.78526892e-02 -9.37394239e-03
  2.33864915e-02 -7.51295080e-03  6.28969073e-03  1.31245023e-02
  5.67266420e-02  7.71333603e-03 -8.58725011e-02  2.60480749e-03
  7.73635134e-02  3.38727981e-02  2.42721196e-02 -3.93989012e-02]