[-3.03469449e-02  2.64780298e-02 -6.42393157e-02 -1.63407754e-02
 -2.69187521e-02  5.25773279e-02 -3.88951134e-03  1.23953998e-01
 -8.84481240e-03  3.15296724e-02  6.89473227e-02 -3.41411345e-02
 -9.37321037e-02  8.10180008e-02  9.65946727e-03 -4.88879010e-02
 -5.07826582e-02 -1.11079682e-02 -8.94558989e-03  3.50651070e-02
  7.06360489e-02 -2.23184936e-02 -6.55933395e-02  1.77253541e-02
 -1.13877818e-01  1.09096682e-02 -2.42343713e-02 -4.44700494e-02
 -8.18121359e-02  5.76703921e-02 -6.11669421e-02  8.25849324e-02
 -2.10436434e-02 -2.20795814e-02  8.69718660e-03 -4.95396927e-02
  8.15732125e-03 -5.63414805e-02 -1.18951267e-03  6.42215163e-02
 -5.57634942e-02 -9.09549464e-03 -1.37641039e-02 -5.84057532e-02
 -1.41449843e-03 -2.99151167e-02  6.26375377e-02  8.65924656e-02
  3.19265649e-02  4.10751477e-02 -8.51623863e-02  4.31775488e-02
 -6.92734867e-02  3.18823531e-02  3.21270302e-02  2.23200559e-03
  2.78809894e-04 -5.64017333e-02  9.24056675e-03  1.48662478e-02
 -3.12004983e-02  4.42068232e-03 -9.14734006e-02  4.55272710e-03
 -2.37418804e-02 -4.72359546e-03  1.12240426e-02 -5.28160185e-02
 -5.08113578e-02  5.07678874e-02  2.61953156e-02 -6.07620813e-02
  1.94398966e-02 -9.56269447e-03 -4.85819876e-02  4.85859029e-02
  4.34888236e-04  1.06245898e-01 -6.72440184e-03 -1.37169883e-01
  1.27319861e-02 -4.58131246e-02  2.01517791e-02 -5.01157418e-02
  2.75831316e-02 -9.87072010e-03  3.22180353e-02 -2.30783802e-02
  5.88806383e-02  1.79217365e-02  9.02292505e-02  6.77783266e-02
 -6.16975576e-02 -4.38347785e-03  5.03099561e-02 -2.62317117e-02
  4.19867458e-03 -7.56316120e-03  5.18036224e-02 -7.53677636e-03
  1.24158666e-01 -3.84862013e-02  1.25707937e-02  5.36715128e-02
 -5.26083037e-02  5.07644713e-02 -2.23167073e-02 -3.37919360e-03
  4.82351780e-02  5.24617322e-02 -1.32738978e-01 -3.75185721e-02
  3.50007229e-02 -4.27615941e-02 -8.85784552e-02 -1.88098289e-02
 -4.65274341e-02 -4.68874499e-02 -5.60117103e-02  8.31321776e-02
  6.00784011e-02 -1.98445469e-02 -3.59982550e-02  3.42138037e-02
  2.70043369e-02 -6.15139604e-02  3.61629054e-02  8.65553519e-33
  3.29207927e-02 -5.36811426e-02  8.32248386e-03  2.71510822e-03
  4.70073298e-02  8.15387517e-02 -5.11104800e-02  4.46882844e-03
 -4.67359461e-02 -5.73196039e-02 -9.44237858e-02  1.34894773e-02
 -8.14987123e-02 -8.32377747e-02  6.20065778e-02  1.11737229e-01
 -3.11516300e-02 -5.90586662e-02  2.90623177e-02  3.05742491e-03
  3.21533307e-02 -3.89765389e-03  6.22769408e-02  5.05786054e-02
  3.23215835e-02  1.26199901e-01 -6.30838051e-02 -1.22171193e-01
 -5.72154000e-02  4.02680822e-02 -1.35610187e-02 -7.47251362e-02
 -5.20437583e-02 -1.58643536e-02 -2.89821047e-02 -1.02910551e-03
  6.97174761e-03 -3.54874358e-02 -9.70060080e-02  9.81690269e-03
  1.44133912e-02  2.77551282e-02  4.54972573e-02  8.69105533e-02
  4.25817482e-02 -2.57975589e-02  3.72178331e-02  1.54648945e-02
  1.26766339e-01  8.42139199e-02 -7.71535560e-02 -1.04728386e-01
 -7.33219907e-02 -2.52420101e-02 -8.28687008e-03 -1.96333649e-03
 -1.03163958e-01  5.87425083e-02  4.99176560e-03 -3.81060243e-02
  3.16724814e-02 -2.52286270e-02  2.60320609e-03 -1.80403218e-02
 -6.54285252e-02  5.23840357e-03 -2.10607017e-04  4.36640121e-02
  8.71433243e-02 -2.10440904e-02 -4.41095717e-02  1.31979855e-02
  3.50191332e-02 -2.24624528e-03  8.83886311e-03 -3.17238667e-03
  9.29066315e-02 -6.69026980e-03 -4.27710377e-02  4.00893576e-02
 -3.54134291e-02  1.24850208e-02  2.98713110e-02  1.11388108e-02
  1.89727247e-02  6.13533817e-02  3.96535620e-02  1.96663588e-02
 -1.85041223e-02  3.33880782e-02  7.72727514e-03  6.14233129e-02
 -1.32916104e-02  1.01710083e-02  4.72330786e-02 -8.27021989e-33
  4.26393598e-02 -1.00853071e-02 -6.85481448e-03  7.64263198e-02
  3.72196920e-02 -7.92019665e-02 -8.15796480e-02  2.00674497e-02
  6.27168864e-02 -1.09020256e-01 -4.99365367e-02 -6.73953220e-02
  1.34521469e-01 -2.02950221e-02 -5.74457012e-02  3.74871008e-02
 -7.26018706e-03 -2.79223640e-02 -6.78538531e-02 -5.63597865e-02
 -5.27240187e-02  5.27305901e-02 -6.46307599e-03 -4.63074930e-02
  2.93179676e-02 -1.08619705e-02  5.01004606e-02 -5.55711761e-02
 -3.73142362e-02  1.13530280e-02  6.67361468e-02  1.61796566e-02
 -6.67584762e-02  5.08598723e-02  2.10752115e-02  2.27200724e-02
  1.32453457e-01  7.23233521e-02  7.35957129e-03  1.16619132e-01
  9.42076966e-02  1.15081474e-01  3.30804288e-02 -7.33405799e-02
 -3.71098705e-02  6.71664476e-02 -4.77713458e-02 -3.20492685e-03
  1.68853998e-02 -5.20771407e-02  9.58345681e-02 -4.55738530e-02
 -7.27471858e-02  8.96772929e-03  8.44903477e-03  1.27567910e-03
  5.65303788e-02 -2.50925533e-02 -8.22470337e-02 -6.13077777e-04
  4.29556966e-02  7.15283751e-02 -8.66329446e-02 -6.31909668e-02
  1.25272246e-02  1.94480214e-02 -3.87915783e-03  5.46796396e-02
  3.28402855e-02  2.49189977e-02  1.98129117e-02 -1.52508780e-01
 -2.89084427e-02  3.64941023e-02  4.24936553e-03  2.43466068e-02
 -3.61261405e-02  6.68724850e-02  5.19798063e-02  4.41062897e-02
  6.14594342e-03 -8.88171420e-03  5.83286816e-03  4.30976637e-02
 -1.26360161e-02 -2.94442121e-02 -3.60393375e-02 -3.66581716e-02
 -1.43913943e-02 -1.75367808e-03  3.38243209e-02 -9.35560837e-03
  4.88730147e-02  1.67464782e-02 -4.94940113e-03 -5.93211205e-08
  6.83532730e-02 -5.78334033e-02 -5.08860610e-02  2.52085216e-02
  8.10606703e-02 -5.57252392e-02  8.00288469e-03  4.35315892e-02
  1.72582585e-02  7.01875165e-02  6.44206107e-02  2.16205558e-03
 -8.74389261e-02 -1.16484845e-03 -9.51703731e-03  2.20166631e-02
  1.99789777e-02  1.55896032e-02 -3.51319276e-02 -2.94323880e-02
  2.73474921e-02 -2.89512854e-02 -6.32566139e-02 -9.20084491e-03
 -4.52760309e-02 -8.97776801e-03 -4.14165631e-02  6.52211718e-03
  1.16956634e-02 -4.96320948e-02 -4.12876122e-02  3.86096649e-02
  4.69775982e-02 -8.81959051e-02 -6.36901855e-02 -3.76383662e-02
  7.97222089e-03  1.31620253e-02 -4.28633504e-02  2.34578978e-02
  1.30023986e-01 -6.01592381e-03 -5.52938553e-03 -3.49908248e-02
  2.65138522e-02 -3.87963653e-02  4.28515300e-02  1.43811675e-02
  5.33279628e-02  2.59376019e-02 -5.46485819e-02  6.33512884e-02
  8.03586170e-02  3.72458547e-02 -3.70208174e-02 -2.92940494e-02
  4.97533083e-02 -5.47882821e-03 -4.17141132e-02 -3.92946489e-02
  6.57953396e-02  1.14606163e-02 -1.33167747e-02 -2.08036450e-04]