[-8.96807946e-03  1.61182713e-02 -3.49007696e-02 -8.03153813e-02
 -4.11232077e-02 -2.35324111e-02  1.02269575e-01  5.73617481e-02
  2.05247719e-02  6.38058409e-02  1.02726303e-01 -3.68549190e-02
 -3.57388728e-03  4.63837478e-03 -1.39694279e-02 -3.18474025e-02
 -6.00490496e-02 -2.84779631e-02 -1.51001953e-03  6.44084588e-02
  5.80910593e-02  2.18260405e-03 -5.52079156e-02  4.66127880e-02
 -1.27092481e-01  2.48985812e-02 -3.53826769e-02 -2.76740156e-02
 -9.05162990e-02 -8.21434110e-02  1.06250038e-02  1.27668485e-01
  9.67493951e-02  2.69334819e-02 -1.51410587e-02  1.39345266e-02
  3.86527888e-02 -5.71906082e-02 -6.18834458e-02  5.09435311e-02
 -6.15480840e-02 -2.42859833e-02 -1.14280507e-02 -1.07924044e-02
 -1.58179551e-02 -6.48097917e-02  7.63692930e-02 -8.46911687e-03
  1.88170783e-02 -2.84470581e-02 -8.95041600e-02  5.54118585e-03
  2.44966447e-02  4.32187393e-02 -6.00731112e-02 -1.71383414e-02
 -2.31793113e-02  1.03637623e-03  1.67697240e-02  2.96226032e-02
  1.31561700e-02  8.69367085e-03 -2.13094410e-02  2.11968981e-02
 -2.90099718e-02  4.82559353e-02 -5.72845601e-02 -4.90811467e-02
 -8.86105094e-03 -1.43941101e-02  1.16604688e-02 -7.31227221e-03
  1.09855579e-02 -6.25993358e-03 -5.75670861e-02  1.40571073e-01
 -1.97932255e-02 -1.27033368e-02  1.46840950e-02 -6.71715736e-02
 -2.17212029e-02 -2.97766272e-02 -4.79265936e-02 -4.94050980e-02
  2.61511132e-02  3.86602134e-02  9.06214491e-03  3.88773084e-02
  1.40807068e-03  4.53413557e-03  1.42484680e-02  3.20024081e-02
 -1.24487847e-01 -2.93529909e-02 -4.83030733e-03 -1.10966377e-02
 -2.73535233e-02 -8.15848336e-02  2.03016605e-02 -2.02077292e-02
  3.84355448e-02  2.91712508e-02 -1.50766177e-02  3.94262634e-02
 -8.83979499e-02  2.70234030e-02 -1.88275464e-02 -8.29329267e-02
  4.52872738e-02  6.18387572e-02 -9.89722013e-02 -2.58124117e-02
 -7.99503475e-02 -1.72988176e-02 -6.53397515e-02 -3.71058360e-02
 -5.43981642e-02 -4.93146330e-02  8.97697210e-02  9.33480542e-03
  2.02362277e-02 -4.99291047e-02  3.70317139e-02 -1.78800290e-03
  1.01858526e-02 -5.64582609e-02  3.77730988e-02  1.51560704e-32
 -7.49828294e-02  1.46911619e-02 -2.67894492e-02  1.88308454e-03
  1.05161585e-01  1.34435399e-02 -5.69927767e-02 -4.08742949e-02
  4.09672335e-02 -2.03425623e-02 -1.23765074e-01  1.08238667e-01
 -7.37620797e-03  4.69223550e-03  1.08089887e-01 -2.31515281e-02
  6.37093261e-02 -7.07919747e-02 -2.97178663e-02 -7.91394114e-02
 -6.86572865e-02  1.40584288e-02  6.77321199e-03 -3.07172332e-02
  4.06235233e-02  5.02105206e-02 -6.20033816e-02 -3.50798890e-02
  4.35842462e-02  3.99034806e-02  5.06127104e-02 -2.86614839e-02
  2.08417606e-03 -2.38051210e-02 -8.44385289e-03 -3.14334445e-02
  2.74832323e-02  7.84861762e-03 -4.56651933e-02 -1.03698075e-02
 -3.61707481e-03 -7.21941283e-03  4.25956883e-02  6.54168949e-02
  3.78556475e-02 -5.24957441e-02 -4.08610590e-02  5.46754040e-02
  1.18690789e-01  3.64455804e-02 -4.48972657e-02 -6.27205223e-02
  2.21615992e-02 -8.30630884e-02  3.95222977e-02 -9.94265173e-03
 -1.08728744e-01  1.57578904e-02 -5.75258359e-02 -8.80121533e-03
 -6.85755629e-03  3.05262897e-02  2.09125429e-02 -2.05103662e-02
 -4.48514037e-02 -6.07508458e-02 -3.21240700e-03  2.13211160e-02
  1.05237283e-01  6.23312667e-02 -3.40211689e-02  1.02996519e-02
 -2.82742605e-02  4.21736725e-02  3.40417437e-02  2.18256079e-02
  3.23751196e-02  1.65466517e-02 -1.05421089e-01  5.16184494e-02
 -3.51324095e-03 -2.89525315e-02  1.81752606e-03  4.55652140e-02
  5.89917377e-02  1.06917752e-03 -2.28011119e-03  4.34432812e-02
 -1.56239327e-02  8.25632587e-02  4.10537794e-03  1.53834626e-01
  2.07962878e-02 -9.97015624e-04  3.90835144e-02 -1.62024014e-32
 -2.14890577e-02  5.38080260e-02 -6.01822734e-02 -1.61277484e-02
 -3.70313600e-02 -4.85285884e-03  2.94280648e-02 -1.97235383e-02
 -3.75236832e-02 -1.18391074e-01 -1.43366113e-01 -6.84398785e-02
  7.05269575e-02 -7.66128674e-02 -5.64653128e-02 -5.12643903e-03
 -4.78301570e-02 -5.29930219e-02 -3.93522792e-02 -1.45583255e-02
 -7.16373175e-02  9.37928706e-02  3.96983931e-03 -7.21841399e-03
  1.60754342e-02 -2.67850310e-02  1.90508254e-02  4.98345084e-02
 -9.46973041e-02 -3.13455388e-02  4.12780382e-02  3.66476998e-02
  2.88696140e-02  1.58254981e-01  1.28662335e-02  5.32160364e-02
  1.02005087e-01 -1.38504952e-02  2.02878509e-02  9.60912481e-02
  1.05545945e-01  6.58634305e-02  2.25838665e-02 -1.45357087e-01
 -5.13117351e-02  2.54141018e-02 -2.31618155e-02 -6.98972568e-02
 -4.66060229e-02 -2.44060811e-02  1.04838327e-01 -2.78109033e-02
 -5.13983220e-02 -7.94718042e-02  7.26081356e-02 -2.51281578e-02
  1.02630910e-02 -1.02835380e-01 -4.33285870e-02 -2.39881575e-02
  1.01338372e-01 -6.03264086e-02 -3.40862535e-02 -2.52581723e-02
  4.13006246e-02 -2.54381243e-02  1.36227580e-03  5.74795641e-02
 -8.35259445e-03  6.23303168e-02  1.09428942e-01 -2.75798030e-02
 -7.11722076e-02  3.15425247e-02 -3.32106021e-03  1.80270039e-02
 -7.40026310e-02 -7.25421216e-03 -3.05272117e-02 -2.37140711e-02
 -2.84860041e-02 -1.90830696e-02 -3.20721790e-02  1.44143607e-02
 -2.60776598e-02  3.86991836e-02 -2.78782360e-02 -1.28262127e-02
 -3.24051976e-02  1.45776598e-02  5.95170259e-03  4.08277661e-02
  1.69478194e-03  1.95631385e-02 -3.34268883e-02 -6.52737597e-08
  2.69933380e-02 -6.64697737e-02  1.75868049e-02  9.15906299e-03
 -8.04864569e-04 -5.14076017e-02  3.97470333e-02 -1.25145772e-03
  6.08613761e-03 -4.72226217e-02 -3.15090381e-02 -2.70942412e-02
 -1.02730757e-02  8.61571059e-02  6.64711222e-02  1.52725941e-02
  7.48504177e-02  3.13205607e-02 -2.96424422e-02 -5.28771654e-02
  3.97210903e-02  1.63737424e-02 -9.77679715e-02  3.58164753e-03
 -1.17102293e-02  2.14013224e-03  2.64178985e-03  1.54541405e-02
 -4.68128361e-02  1.40714636e-02  2.01187339e-02 -4.91840616e-02
  3.65542211e-02 -5.58362082e-02 -2.80390382e-02 -2.31324323e-02
  1.50378123e-02 -1.21139018e-02 -6.47858828e-02  3.22168432e-02
  9.53598693e-02  4.39775549e-02 -1.55327348e-02 -4.26921546e-02
  3.03006801e-03 -4.13882658e-02  3.48936357e-02 -1.19112413e-02
 -3.08828242e-02  1.43699087e-02 -1.40322866e-02  7.69283101e-02
  8.27164128e-02  4.39551100e-02 -8.24145451e-02 -7.78830424e-02
  5.99432252e-02  1.51943574e-02 -3.16264629e-02 -2.23384015e-02
  3.13963480e-02  1.33371830e-01 -2.78759729e-02 -5.40711135e-02]