[-6.82588015e-03  1.23566836e-02 -7.43338838e-02 -2.62861848e-02
 -5.07439561e-02 -1.67983659e-02  3.30803245e-02  1.26804784e-01
  3.64204273e-02  2.73304731e-02  5.57652004e-02 -1.35314152e-01
 -3.30483653e-02  2.17733700e-02 -3.92803028e-02 -2.87159625e-02
  8.46381672e-03  3.90170403e-02 -5.70543595e-02  1.77225154e-02
  1.40893504e-01 -1.43809794e-02 -2.05751751e-02  4.59629856e-02
  4.98942658e-03  3.76309231e-02 -1.07290879e-01  4.40170988e-02
 -5.66515289e-02 -7.42481872e-02 -7.03118816e-02  8.30978751e-02
  1.39986917e-01 -9.33393538e-02  1.88550688e-02  1.73603898e-04
 -3.90965119e-02 -5.81433065e-02 -2.23178715e-02  8.74807015e-02
 -5.12857139e-02  1.35756377e-02  3.80418934e-02  1.88787162e-04
 -4.21427079e-02 -5.10365441e-02 -4.95765023e-02  5.58208711e-02
  2.89864168e-02  2.84559876e-02 -6.36174390e-03  7.03314841e-02
 -6.93797320e-02  8.14886093e-02  5.00873700e-02 -5.52079007e-02
 -7.25304410e-02 -5.22040725e-02  1.63091403e-02  1.37282563e-02
  7.20420778e-02  6.18694052e-02 -4.16100174e-02 -6.52204379e-02
  2.71453075e-02 -2.37997957e-02 -6.82675391e-02 -5.36571257e-02
 -9.00673717e-02  2.89132334e-02  8.32899734e-02  6.40831655e-03
  1.86862946e-02  3.84473205e-02 -5.50601855e-02  4.94689345e-02
  4.86545935e-02  1.26777915e-03  1.29276328e-02 -7.76264146e-02
  1.24411592e-02  8.39224905e-02  1.14798825e-02 -5.47376461e-02
  4.47307453e-02  2.18355786e-02  1.36815319e-02  2.30978262e-02
  6.45601284e-03  9.83875804e-03  9.53594446e-02  7.53796101e-02
 -6.50357902e-02 -3.38936225e-02 -4.37862352e-02 -9.64195840e-03
  1.01366341e-02  1.92770120e-02  3.62612568e-02 -3.89765427e-02
  8.61752406e-02 -3.21564078e-03 -4.50229160e-02 -6.24642670e-02
 -1.04515962e-01 -7.35599874e-03  3.88919301e-02  4.49546278e-02
  6.61589429e-02  7.40032345e-02 -1.15741864e-01 -1.13836257e-02
 -3.66695002e-02  5.65004209e-03 -9.24735740e-02  1.35120628e-02
 -1.00872898e-02 -1.77483931e-02 -4.55357251e-04 -4.76194499e-03
  2.41290107e-02 -2.91299503e-02  6.12944216e-02 -1.94032080e-02
  1.69094894e-02 -3.25669721e-02  1.14866816e-04  1.99440367e-32
  4.61333850e-03 -1.38658462e-02 -3.56125608e-02  6.11754097e-02
  1.03725931e-02  2.53418484e-03 -8.85093287e-02 -1.83898641e-03
  2.71198619e-02 -5.33255637e-02 -1.27781942e-01  8.42212588e-02
 -1.32057723e-02  2.64761616e-02  8.05040076e-02  6.35047257e-03
  3.52201834e-02 -6.34734035e-02 -6.23707147e-03 -2.80875396e-02
 -4.02517356e-02  1.59488842e-02  5.11810882e-03 -8.47182516e-03
 -4.83788876e-03  1.21026531e-01 -2.80944705e-02 -1.10804196e-02
 -1.00913666e-01  6.65833578e-02  5.89958876e-02  1.47406692e-02
 -5.21307625e-02 -4.00760435e-02 -1.49068404e-02 -9.72249825e-03
  7.83365592e-02 -1.40628789e-03 -6.59215823e-02  4.89266478e-02
 -2.98698731e-02  6.57297745e-02  6.34717122e-02  2.48074755e-02
  5.60062416e-02 -5.10489531e-02  4.78906073e-02  6.16294220e-02
  1.24034800e-01  6.18829355e-02 -9.05220062e-02 -5.48296189e-03
  4.19665910e-02 -4.28293385e-02 -5.76280504e-02  3.61099914e-02
 -5.96744381e-02  5.63595630e-02 -4.01649140e-02 -2.84944363e-02
 -4.89838384e-02  4.28419299e-02  3.38985398e-02 -1.29572172e-02
 -5.13009168e-03  4.71972674e-02 -8.67644027e-02  2.96495594e-02
  9.19036642e-02 -7.94431474e-03 -5.74725978e-02 -1.97050180e-02
  7.33089726e-03  1.56060895e-02 -6.43252162e-03  5.45462780e-03
  7.04928190e-02 -1.33214341e-02  2.67528783e-04  6.83196238e-04
 -3.29966992e-02  2.42979936e-02 -8.70744756e-04 -4.51096743e-02
  1.00097926e-02  4.77043018e-02  3.20957564e-02  4.24723886e-02
 -2.67828582e-04  4.18231077e-02  1.09818252e-02  1.22369826e-03
 -1.27029652e-02 -6.14626855e-02 -5.01594916e-02 -1.88058143e-32
  7.74957589e-05  7.12712109e-02 -3.07769496e-02  2.23199595e-02
  1.18363472e-02 -1.37419533e-02  2.38755625e-02 -9.10761766e-03
  3.61690973e-03 -1.04756646e-01 -9.85887274e-03 -3.34172733e-02
  3.85745727e-02 -5.85530475e-02 -1.39602143e-02  4.81949560e-02
 -8.02661106e-02  4.15931568e-02 -7.54439458e-02 -8.85514691e-02
 -3.36674005e-02  8.08802247e-02  3.83141078e-02 -2.34689303e-02
 -2.16374025e-02  1.57617722e-02 -8.71851593e-02 -1.13714263e-01
  1.93466712e-02 -3.42565440e-02  5.07361554e-02  5.44891320e-03
 -4.07867134e-02  4.05188501e-02 -3.31207328e-02 -6.55384064e-02
  6.30585477e-02 -3.38985473e-02  3.49593349e-02  9.78617668e-02
  3.68480645e-02  2.35754009e-02 -4.02589608e-03  2.82194978e-03
  1.27368784e-02 -5.15365489e-02  4.59789857e-02 -8.83704871e-02
  5.86696193e-02  7.65171461e-03  1.03687018e-01 -5.69707453e-02
 -9.18785334e-02  6.20665327e-02  5.58024757e-02 -1.56311356e-02
 -8.24985933e-03 -2.09883191e-02 -1.23025000e-01  4.13125800e-03
  1.95400957e-02  6.87742159e-02  1.58541314e-02 -4.18873951e-02
  1.27661169e-01  3.00748143e-02 -1.34484516e-02  4.33145911e-02
  5.78547567e-02 -1.46417841e-02  7.76654482e-02 -5.38453981e-02
  4.47368948e-03 -7.51248971e-02  1.08662033e-02 -5.77210635e-02
 -4.25875410e-02  1.46123404e-02  3.06092557e-02  6.02983348e-02
 -8.86106864e-02  5.95002761e-03  1.19752837e-02  1.99624691e-02
 -4.99765426e-02 -4.60016429e-02 -1.91760249e-02  1.35406777e-02
 -3.00113950e-02  6.20363057e-02 -4.43860777e-02 -5.43500017e-03
  7.83748776e-02  5.19767590e-02  6.54931441e-02 -7.48651914e-08
  3.03626638e-02 -1.62128974e-02 -6.84570447e-02  6.03313632e-02
  2.16158628e-02 -3.48561537e-03 -7.44538009e-02 -1.69389863e-02
  9.02656931e-03  4.32521738e-02  2.13785022e-02  5.77014871e-02
 -8.38966966e-02  1.12273181e-02 -3.81377488e-02 -4.79650125e-02
  4.87490930e-02  6.64259195e-02 -2.77308375e-02 -1.08285239e-02
  5.45172244e-02 -2.28058770e-02 -1.49051752e-02 -4.94454317e-02
 -6.60398304e-02 -6.80841804e-02 -7.01308250e-02 -1.79328732e-02
 -1.28375161e-02  1.22500248e-02 -2.37683225e-02 -1.41106350e-02
  9.43852495e-03 -7.55283386e-02  3.13183846e-04  1.50247058e-02
 -3.86014394e-02  4.49447185e-02 -3.31024900e-02  1.88085753e-02
  7.51603395e-02 -1.23721346e-01 -5.25852963e-02  5.80621026e-02
  5.89657910e-02 -4.97988127e-02 -7.95707703e-02  7.76931792e-02
 -3.66105698e-02 -7.60632977e-02 -2.86113750e-02 -3.13301720e-02
  2.35278695e-03 -3.08682341e-02 -7.19519928e-02 -1.21769579e-02
  1.47540355e-02  2.67261546e-02  3.03461086e-02 -8.15278944e-03
  2.92409118e-02 -1.55588211e-02 -5.81616201e-02 -8.29970539e-02]