[-3.16677652e-02  6.55989498e-02 -7.41606727e-02 -5.10472581e-02
 -4.55871075e-02  2.22197443e-04  6.65729716e-02  1.13368064e-01
  7.15672076e-02  9.26158875e-02  8.22027624e-02 -6.88784057e-04
  3.03832795e-02  1.56864524e-03  1.35644926e-02 -4.62785698e-02
  4.85850312e-02  3.87868215e-03  2.80889235e-02  9.48712677e-02
  1.05192110e-01 -3.47859710e-02 -6.74056113e-02  5.64504080e-02
 -1.03821740e-01 -2.47336384e-02  7.74812186e-03 -1.94361787e-02
 -8.38593990e-02 -6.24843612e-02 -5.08111902e-03  2.88949534e-02
  1.29185036e-01 -3.03646047e-02  2.83834655e-02 -3.69060934e-02
  5.15287444e-02  2.55001034e-03 -3.28705795e-02  7.76890144e-02
 -5.00846542e-02 -4.82677184e-02 -1.02503151e-01 -4.13116999e-02
 -1.98534299e-02 -3.80591042e-02  3.50477695e-02  5.49723171e-02
 -4.90588194e-04 -3.16200480e-02 -8.87106284e-02 -3.38701457e-02
 -5.06440997e-02 -2.40441002e-02 -1.95791433e-03 -6.79620281e-02
 -1.48256402e-02  4.39096475e-03 -1.31476065e-02  9.35045350e-03
  1.46684824e-02  8.32093321e-03 -4.70874570e-02  4.02810276e-02
  7.37499371e-02  6.10539578e-02 -3.60528529e-02  1.16355233e-02
 -3.54820602e-02  6.15949742e-02  6.47840276e-02 -1.02192149e-01
 -2.78446800e-03  1.74730886e-02 -3.14451605e-02  5.28551973e-02
  4.09315154e-02  5.39806634e-02 -2.06245463e-02 -2.22549170e-01
 -7.95411691e-03  7.99501389e-02 -5.64859025e-02 -3.85523699e-02
  1.83256697e-02 -2.17387080e-02  9.52075515e-03  3.03126238e-02
  5.86960688e-02 -2.08227001e-02  2.63440777e-02 -1.56903900e-02
 -1.17929660e-01 -3.20982561e-02  3.38712186e-02 -1.71197895e-02
 -1.60930306e-02 -7.33891204e-02  1.17784396e-01 -4.50578332e-02
  8.53837430e-02  5.75745106e-02  2.50951741e-02  4.51759342e-03
 -3.71664055e-02 -1.05164815e-02 -7.48343719e-03 -2.16718148e-02
  4.40916084e-02  1.20996557e-01 -9.08884108e-02 -2.98510119e-02
 -9.65096280e-02 -6.70846775e-02 -5.95221967e-02 -5.43602463e-03
 -5.50190471e-02 -4.06265073e-03  4.59639244e-02 -3.85494865e-02
  3.32777214e-04 -5.01305163e-02  5.10830320e-02 -6.55196607e-02
  3.53858471e-02 -1.77153740e-02  1.63009223e-02  9.35566917e-33
 -7.29155093e-02 -7.96978995e-02 -5.37714511e-02  2.54443362e-02
 -1.16697270e-02  2.33140192e-03 -3.82491164e-02 -3.94317554e-03
  5.85464835e-02  8.89860988e-02 -5.63896447e-02  8.27362761e-02
  9.23354120e-04  2.78844815e-02  1.01254299e-01  8.48347694e-03
  1.85750723e-02 -3.33232731e-02  1.54166138e-02 -3.12496144e-02
 -3.59773710e-02  2.92899087e-02  3.24519686e-02 -4.77362461e-02
  5.47566786e-02  5.06016016e-02 -5.31145670e-02 -1.29743274e-02
 -3.02159693e-02  4.45498973e-02  3.46162692e-02 -2.46729404e-02
  1.87958535e-02 -2.51601581e-02 -2.81168837e-02 -6.64931955e-03
 -5.71396239e-02 -2.42542904e-02 -6.41590962e-03 -3.29012126e-02
 -4.55103666e-02 -2.89149117e-02  3.65756005e-02  1.94905270e-02
  2.14136895e-02 -4.36547324e-02  2.97908615e-02 -2.32547373e-02
  6.08283244e-02  2.95260847e-02 -2.35822368e-02 -8.24570060e-02
 -1.89239923e-02 -1.00129090e-01 -2.62639932e-02  5.36746494e-02
 -6.85414523e-02  8.78155138e-03 -4.38397191e-02 -6.02712296e-02
 -6.81452900e-02 -3.01552867e-03 -1.28759444e-03 -5.46974353e-02
 -5.89947477e-02 -1.57761872e-02 -2.24188976e-02 -9.84645798e-04
  1.14774413e-01  4.19309884e-02 -5.84875122e-02 -1.12796118e-02
 -5.04235104e-02  3.05521563e-02  2.46684533e-02  1.19775403e-02
  2.57026870e-02  2.75432263e-02 -4.43558432e-02  5.18296883e-02
 -2.47243792e-02 -3.17309499e-02  5.59344376e-03  1.27207497e-02
  3.69510055e-02  1.04709335e-01  4.70432192e-02  5.48087209e-02
  8.15488305e-03  7.27003515e-02 -2.24125013e-02  9.37160105e-02
 -4.61744070e-02  1.46597507e-03  4.99505363e-02 -1.27229719e-32
 -1.55031262e-02  1.71619356e-02 -4.49388623e-02 -3.36759165e-02
 -8.65331385e-03  1.04804793e-02 -4.54419851e-02 -7.48901293e-02
 -9.59202573e-02 -8.28265846e-02 -8.03577006e-02 -6.85909986e-02
  5.89217469e-02 -4.84960750e-02 -6.90181553e-02  4.62359115e-02
 -6.11908175e-02 -6.24611005e-02 -3.40186618e-02 -1.75871253e-02
 -2.84533817e-02  7.25577027e-02  2.90115178e-02 -4.15680222e-02
  6.51688650e-02 -5.91570400e-02 -2.92748343e-02  5.85889034e-02
 -3.27327102e-02 -9.58429277e-03  5.02173901e-02  5.25030084e-02
  5.17400820e-03  9.90954787e-02 -2.19075475e-02  1.95910763e-02
  6.52242601e-02 -1.77204944e-02 -3.81722599e-02  8.51906314e-02
  6.59900382e-02  8.75225440e-02  6.58314005e-02 -3.14026847e-02
 -3.67068686e-02  9.84580220e-06 -1.46406041e-02 -8.38054195e-02
  1.11867199e-02  5.67097962e-03  1.26513779e-01 -2.06389129e-02
  3.10605089e-03 -3.13064232e-02  4.57671247e-02 -2.05082186e-02
  3.09486501e-03 -6.09233081e-02 -7.33283386e-02  2.01434549e-02
  6.04436100e-02  1.20522575e-02 -1.81185883e-02 -3.78324278e-02
  3.94901931e-02 -5.51765412e-02 -4.05127741e-02  1.17604360e-02
 -1.98774394e-02 -1.50005950e-03  6.66842312e-02 -3.42671014e-02
 -1.38263419e-01 -8.20048377e-02 -4.48505469e-02  2.30177734e-02
 -3.69474627e-02  1.02170371e-02 -3.06831840e-02  2.60983817e-02
 -2.17548665e-02 -2.26214826e-02  3.07780858e-02  1.02214618e-02
 -8.83770660e-02  5.88249490e-02 -5.50531745e-02  7.06472155e-03
 -3.66821396e-03  5.10380231e-02 -5.28772846e-02  3.59797329e-02
  8.05640500e-03  5.65595329e-02 -3.06565072e-02 -6.41547828e-08
 -7.07661966e-03 -3.96485254e-02  8.87278765e-02 -6.68111257e-03
  2.63496898e-02 -8.30012560e-02 -1.95832979e-02  1.57592148e-02
 -1.54664309e-03  4.54906337e-02 -1.69055946e-02  9.40159149e-03
 -8.65934417e-02  3.32710743e-02 -3.46076377e-02 -3.14373821e-02
  9.78920534e-02  2.55536400e-02 -4.84798700e-02 -9.19971894e-03
  9.39009190e-02 -1.04661547e-02 -1.53339386e-01 -1.62448864e-02
  6.78773597e-02 -5.65936342e-02 -1.80047248e-02 -5.56906834e-02
 -2.16854513e-02  7.57236173e-03 -3.14186588e-02  3.98953212e-03
  9.36986506e-03 -6.17601983e-02 -3.70643996e-02 -3.25653143e-02
  4.94035818e-02  1.38171250e-02 -2.57416144e-02  2.27603428e-02
  1.11620337e-01  1.25639252e-02 -8.08814261e-03 -6.55819429e-03
 -3.07693947e-02 -1.76653061e-02 -2.65903417e-02  5.67345396e-02
 -3.62179801e-02  1.01186661e-02 -6.82076067e-02  1.68031547e-02
  7.31439814e-02  1.94003843e-02 -3.96005053e-04 -4.38966826e-02
  2.23454535e-02  1.51417032e-02 -1.50906732e-02  1.20192375e-02
  7.77896792e-02  8.14158395e-02  5.27511500e-02 -2.33958326e-02]