[ 1.39591461e-02  5.89940511e-02 -7.43291676e-02 -5.73982671e-02
 -7.10094869e-02  6.36349991e-02 -1.43334924e-04  5.05025573e-02
 -7.06649246e-03  4.78511415e-02  1.21052347e-01 -7.33365938e-02
 -6.39036819e-02 -1.93320177e-02  3.29714827e-02  4.16111574e-03
  5.30650504e-02  5.35506830e-02 -1.88292097e-02  6.99259117e-02
  1.36846796e-01 -4.90042195e-02 -5.03037311e-02  6.11910261e-02
 -5.46487495e-02  4.09629382e-02 -4.69786748e-02  6.94445893e-02
 -2.06987429e-02 -2.83316504e-02 -4.07813191e-02  1.32439241e-01
  9.00585353e-02 -1.25862127e-02 -2.91567557e-02  5.12783788e-03
 -2.40807328e-02  1.79426521e-02 -4.07559834e-02  9.74974632e-02
 -5.09599000e-02 -1.75356865e-02 -5.14297970e-02 -5.77449389e-02
  2.57259770e-03 -5.97757138e-02  7.62815960e-03  5.23369424e-02
  2.74910014e-02 -1.09720482e-02 -8.33685249e-02 -4.27927524e-02
 -2.31362451e-02  2.12780014e-02  1.15193520e-02 -4.70730141e-02
 -2.49387063e-02 -6.04179427e-02  1.91462619e-04 -1.74447168e-02
 -2.85672452e-02  4.10950556e-02 -3.25189196e-02  3.04905716e-02
 -1.76448878e-02 -1.14904940e-02  5.03758609e-04 -3.65952589e-02
 -1.00834079e-01  5.25536435e-03  2.87220851e-02 -4.44245376e-02
  3.90224159e-02  2.40228157e-02 -2.62244735e-02  8.40546563e-02
  3.26848663e-02  2.22315900e-02  2.34793336e-03 -1.57917336e-01
  3.58206406e-02  7.43632317e-02  3.01169883e-02 -3.60943079e-02
 -2.08294839e-02 -4.51022647e-02  3.35455984e-02  8.75128433e-03
  9.48148742e-02  2.37930808e-02 -2.22387295e-02  5.41046187e-02
 -3.57050332e-03 -8.74752924e-02  7.73560703e-02  4.94487062e-02
 -3.66979539e-02 -8.75634104e-02  6.37305975e-02 -3.84079926e-02
  6.00769557e-02 -1.11013213e-02  2.82826833e-02  1.77256018e-02
 -2.67082267e-02  1.63635369e-02  1.13701588e-02 -3.24825309e-02
  3.39098647e-02  1.36520281e-01 -8.71818140e-02  1.13177637e-03
 -1.14219729e-02 -3.13490778e-02 -2.15330590e-02 -1.48297837e-02
 -3.01031466e-03 -4.60198037e-02  6.86527491e-02 -1.17105814e-02
  7.77913928e-02 -2.53069066e-02  1.03796899e-01  2.66438425e-02
  1.62798818e-02 -7.99371600e-02  3.97293605e-02  8.97211198e-33
 -1.51444934e-02 -6.61213398e-02 -1.22740185e-02  4.83302996e-02
 -2.17738133e-02  1.42195439e-02 -3.43439355e-02  4.12618481e-02
  3.17540839e-02  1.32933995e-02 -1.09539755e-01  7.16957077e-02
  2.71290597e-02  7.66562596e-02  1.08432718e-01  3.60658020e-02
  1.00499000e-02  2.26626266e-02 -2.39629187e-02 -1.88695360e-02
 -1.29308235e-02  1.70245133e-02 -5.62555017e-03  1.91868357e-02
 -2.96422355e-02  5.68760298e-02 -2.49514151e-02 -8.63214657e-02
 -9.09297094e-02  3.53074633e-02  3.72210294e-02  1.75039265e-02
  1.00207284e-01 -1.00536533e-01 -4.71078306e-02 -6.86004711e-03
 -1.18518472e-02  2.26207692e-02 -1.75014045e-02  3.62933390e-02
 -7.45674595e-02 -2.10337900e-02  3.95797715e-02  2.14194302e-02
  2.94814967e-02 -7.33713955e-02  6.75556660e-02 -2.20919158e-02
  9.94077511e-03  7.34499544e-02 -3.76809165e-02 -1.21336281e-02
 -2.94874422e-02 -2.66672447e-02 -7.94152170e-02  3.93091887e-02
 -8.05237815e-02  6.89313859e-02 -8.45109224e-02 -6.19657226e-02
 -4.61447649e-02  3.73260211e-03  2.41457187e-02 -4.51076515e-02
 -1.03750475e-01 -3.81246991e-02  5.63805271e-03  2.77523007e-02
  8.54820907e-02  3.45472991e-02 -6.26646578e-02 -3.79952155e-02
 -4.95275855e-02 -1.61767472e-02  1.19298007e-02 -1.26801496e-02
  7.42071047e-02 -1.57978944e-02 -6.25397116e-02  2.22994816e-02
 -6.03979006e-02  5.01882620e-02 -8.70435406e-03 -7.19270632e-02
  5.24716713e-02  5.60383964e-03  6.47867024e-02 -7.69014470e-03
 -2.97421608e-02  2.40570456e-02  6.02144599e-02  9.75951776e-02
  2.44989544e-02  1.73729826e-02  5.39027117e-02 -1.21544125e-32
 -3.03473119e-02  3.30487937e-02 -2.03869604e-02 -4.15767194e-04
  1.41239248e-03 -1.02482121e-02 -9.27420892e-03 -2.09276136e-02
 -8.03973302e-02 -1.11111037e-01 -7.81654641e-02 -1.10161759e-01
  3.61783663e-03 -6.14047162e-02 -6.32224157e-02  4.08851616e-02
 -4.68185470e-02  4.17071208e-03 -4.08422053e-02 -2.30376460e-02
  2.14739447e-03  4.39780019e-02  3.62016000e-02  4.17741835e-02
  2.60708928e-02 -4.71996740e-02 -2.13453788e-02 -3.10815796e-02
 -2.75213700e-02  2.86250096e-02  7.80421495e-02  1.85881164e-02
  1.99709982e-02  7.38986060e-02 -2.65139863e-02  1.21342102e-02
  6.09588213e-02 -3.99961956e-02 -4.30918150e-02  5.88505901e-02
  1.03695847e-01  1.01181027e-02 -1.36193242e-02 -9.03960764e-02
 -9.62159336e-02 -3.03251226e-03  3.80858853e-02 -1.21699646e-01
  1.04775894e-02 -1.12852208e-01  1.31509796e-01 -5.52161336e-02
 -5.19398563e-02  6.33232147e-02  1.17677832e-02 -2.78408621e-02
 -1.71400569e-02 -6.08993061e-02 -6.95387200e-02  1.71097238e-02
  6.32694140e-02  2.52696071e-02 -1.94541104e-02 -3.26962359e-02
  9.01862681e-02  4.78967297e-04  1.61382295e-02  5.05118594e-02
 -2.18460672e-02 -1.84354989e-03  2.20130235e-02 -1.08860983e-02
 -1.08773008e-01 -4.45690118e-02  8.77017807e-03 -5.95053025e-02
 -1.06145954e-02 -6.80465624e-02 -3.15144882e-02 -7.14322971e-03
 -8.04513469e-02 -6.95580691e-02 -1.75657459e-02 -4.50888984e-02
 -1.03927918e-01  4.94581880e-03 -2.42402442e-02  2.53911838e-02
 -3.83582115e-02  8.32312554e-02 -5.72605468e-02  4.82607484e-02
 -3.53316478e-02 -4.29013446e-02 -5.81819490e-02 -5.92661529e-08
  6.21385276e-02 -2.40953378e-02  7.00548068e-02  3.14781740e-02
 -3.82969715e-02 -2.52604298e-02  1.28192073e-02  9.74935852e-03
  1.40598174e-02  5.53578958e-02  2.89320424e-02 -3.05171013e-02
 -2.17163172e-02  3.26282606e-02  3.55378650e-02 -2.69779377e-02
  4.25267182e-02  8.79775807e-02 -2.83713918e-02 -5.19148037e-02
  6.92706183e-02  2.84855980e-02 -1.22694314e-01 -3.15323025e-02
 -2.00543809e-03 -2.74681300e-03 -3.42148095e-02  6.34872839e-02
 -1.21430000e-02  1.50020351e-04  1.46228345e-02 -5.58060408e-03
  3.12137930e-03 -8.89621377e-02 -3.83787192e-02 -3.27912942e-02
  6.05354607e-02 -2.88135186e-02 -1.35015964e-03 -1.74446758e-02
  7.84123242e-02 -3.71101238e-02 -3.21936198e-02 -2.46972535e-02
 -2.07413118e-02 -4.10360694e-02 -3.94817814e-02  5.82261086e-02
  7.58942263e-03 -5.00706099e-02 -1.85703095e-02  2.61088554e-02
  3.83563899e-02  7.20761865e-02 -2.95375176e-02 -1.00554392e-01
  7.06928447e-02  8.36664287e-04 -1.44373048e-02 -3.26616913e-02
  1.01537965e-01  2.39231382e-02  6.79193391e-03 -2.48291828e-02]