[-7.91057479e-03  6.53893277e-02 -3.80696729e-02 -1.12615954e-02
 -8.11095163e-02  4.38323803e-02 -3.18651386e-02  5.96012995e-02
 -3.28452252e-02  1.03102967e-01  4.32718247e-02  2.53962502e-02
 -3.39710154e-02 -7.07334606e-03  4.79017571e-02  3.71372880e-05
  5.20833284e-02  3.77603583e-02 -8.30730889e-03  5.97599857e-02
  1.66863844e-01 -7.55531490e-02 -8.40550512e-02  5.40653765e-02
 -6.89594746e-02  6.25237683e-03 -8.94077644e-02 -1.15176169e-02
 -2.93932557e-02 -4.03023325e-02 -1.04863634e-02  1.02470152e-01
  2.20791437e-02 -4.15845290e-02  9.08624232e-02 -1.95710082e-02
  1.95966568e-02 -5.51211135e-03 -2.05493551e-02  3.87862772e-02
 -7.56686330e-02 -4.13888283e-02 -8.85291845e-02 -5.35399467e-02
 -2.14999635e-02 -4.71728668e-02  5.88798188e-02  1.12431459e-01
  8.57332442e-03  1.37523236e-02 -4.93414700e-03  1.35887116e-02
 -7.55933225e-02  1.35675063e-02  4.75177122e-03 -3.25722396e-02
 -8.53214692e-03  2.24863756e-02  3.15531306e-02 -3.12874876e-02
 -2.74129827e-02  1.68236627e-04 -2.94412021e-02 -2.97604688e-02
  3.54400575e-02 -2.15448048e-02 -6.20785989e-02 -4.12438028e-02
 -3.39485034e-02  6.27393350e-02  4.66984622e-02 -9.37229693e-02
  4.74050157e-02 -5.69751002e-02  2.29760102e-04  4.88740159e-03
  3.16649452e-02  8.64417404e-02  3.56967375e-02 -2.07455099e-01
  4.67036217e-02 -1.47269070e-02 -2.51391865e-02 -1.05946921e-01
  2.49939933e-02 -3.85209434e-02 -3.47350687e-02  2.61567309e-02
  1.30534023e-01  1.51594412e-02  2.92988680e-02  8.43153596e-02
 -1.96093284e-02 -3.67518924e-02  1.63262766e-02 -3.50716636e-02
  8.21554940e-03 -2.19714362e-02  4.17589806e-02 -4.67275688e-03
  1.08509190e-01  3.90034504e-02 -3.21819000e-02 -9.12946369e-03
  3.48424390e-02 -6.56430330e-03  1.79463495e-02 -4.56827432e-02
  1.95064507e-02  5.46908304e-02 -6.70309961e-02 -4.79494035e-02
 -1.34146130e-02 -1.23547368e-01 -9.18984488e-02 -2.11795443e-03
 -3.83094735e-02 -3.33355591e-02 -1.93349514e-02 -5.97295687e-02
  1.46830091e-02 -1.73947662e-02  4.35907580e-02 -2.53984276e-02
  5.43139353e-02 -6.65299743e-02 -2.95103807e-02  1.14234563e-32
  1.37937581e-02 -4.07774411e-02  7.96709862e-03  1.92665923e-02
 -9.97672975e-03  2.62268800e-02 -1.67740341e-02  4.22247946e-02
  5.61729632e-02  5.55189848e-02 -5.24858348e-02  1.64999589e-02
 -1.74613930e-02  2.76442058e-02  1.29038498e-01 -6.05620854e-02
  2.51664035e-02 -5.95813210e-04  3.41858976e-02  1.48580419e-02
  8.95679649e-03 -4.49102223e-02 -6.66136574e-03 -3.77002545e-02
  4.53988239e-02  7.29364604e-02 -6.16538078e-02  1.45337237e-02
 -3.23333852e-02  6.00849390e-02  3.30188461e-02 -2.52489187e-02
  2.39238199e-02 -5.29751033e-02 -6.52731583e-02 -3.38389762e-02
 -6.16209432e-02  1.46121914e-02 -3.80882658e-02 -3.58379036e-02
 -8.68896022e-02  2.49049999e-02  6.35371357e-02  9.62638576e-03
  2.77010836e-02 -5.05413562e-02  6.43695891e-02  1.22188684e-02
  1.01428695e-01  3.22408415e-02 -1.57501607e-03 -3.66214179e-02
 -6.28299937e-02 -1.62502006e-02 -2.40446292e-02 -2.40692981e-02
 -1.15280576e-01  3.71774063e-02 -3.07726320e-02 -6.35045469e-02
  2.24839393e-02 -3.69920731e-02 -3.54599059e-02 -2.61340197e-02
 -1.10305384e-01 -1.13590993e-02 -2.02173907e-02  4.68196236e-02
  9.18671489e-02  4.75090705e-02 -6.69690073e-02  1.13786198e-02
  1.68348523e-03 -1.07934847e-02  4.70549092e-02  8.80473852e-03
  1.17471732e-01  4.69537899e-02 -4.03869413e-02  2.01272201e-02
 -3.76875186e-03 -5.22141829e-02 -2.48750653e-02 -2.01905128e-02
  4.38887030e-02  6.07009754e-02  5.02382852e-02  4.97523099e-02
  2.38026045e-02  1.95174925e-02  1.29582621e-02  5.32389954e-02
  1.52369095e-02  3.31602208e-02  9.82667580e-02 -1.39831195e-32
  3.00491396e-02  9.96794458e-03 -8.43996741e-03 -6.42312840e-02
 -1.19098052e-02  2.30567828e-02 -8.61296605e-04 -5.17437868e-02
 -6.39034063e-02 -1.35255679e-01 -6.30159900e-02 -4.89030853e-02
  5.87921776e-02  2.49506515e-02 -1.12961940e-01  2.59573609e-02
 -3.34086083e-02 -5.30346185e-02  2.15764828e-02 -4.75734845e-02
 -4.17506061e-02  5.84315397e-02  3.30548175e-02  1.56840310e-03
  5.17329052e-02 -8.77440870e-02 -7.32077584e-02  9.79477912e-03
 -1.34574967e-02  3.22711319e-02  4.32525538e-02  3.77258062e-02
 -5.47729805e-02  1.13644361e-01 -2.41501909e-02 -5.34417704e-02
  6.57190606e-02 -3.27715613e-02 -3.45147331e-03  9.69856158e-02
  1.13656707e-01  5.63015118e-02  8.63633957e-03 -2.70623621e-02
 -5.48999198e-02 -2.07765121e-03 -1.63877907e-03 -1.01456806e-01
  3.67824472e-02 -1.12546772e-01  1.16203956e-01 -5.09144813e-02
 -3.88599522e-02  1.59606710e-02  4.85533774e-02 -7.33763166e-03
 -1.01926541e-02 -5.91265075e-02 -2.23655645e-02  3.51005308e-02
  2.51375232e-02  2.12146547e-02 -5.77736124e-02 -4.38111424e-02
  4.93469760e-02 -2.84814779e-02  1.31741678e-03  2.01268261e-03
  6.75264969e-02 -1.46946823e-02  7.10040852e-02 -6.81244135e-02
 -1.38994053e-01  2.90096272e-02 -4.17273976e-02  2.66158357e-02
  4.50884737e-02 -2.52340063e-02 -1.63437612e-02 -2.03433577e-02
 -3.94322202e-02 -1.37734634e-04 -8.45964474e-04 -2.35118344e-02
 -3.85056995e-02  2.02549193e-02 -1.41834514e-02 -3.09356265e-02
 -1.57077564e-03  8.11315700e-02 -7.66574591e-02  1.06173204e-02
  9.35603902e-02 -2.29949560e-02 -2.25619096e-02 -5.92383351e-08
 -2.02975757e-02 -4.09276076e-02  7.23673999e-02  8.00919998e-03
  3.01772133e-02 -3.09248473e-02 -3.46859358e-02 -9.69229266e-03
  5.04437089e-02  8.55972338e-03  2.22100094e-02 -1.67568587e-02
 -3.30756716e-02 -3.25922668e-02 -3.09465546e-03 -3.44130695e-02
  5.04095554e-02  1.78726446e-02 -3.43735740e-02 -5.74498661e-02
  5.32680005e-02 -3.52897272e-02 -1.04116201e-01 -2.90844962e-02
  2.85744183e-02 -3.95350605e-02  4.13742848e-02 -1.10840762e-03
 -1.32475467e-02  1.54297147e-02 -2.39425432e-02  6.00214582e-03
  2.16921698e-02 -9.23345163e-02 -5.16088977e-02 -5.14819883e-02
  5.75444810e-02  1.99418627e-02 -6.54812902e-02 -1.45652769e-02
  8.37427378e-02 -2.31855083e-02 -4.26711813e-02 -2.99543738e-02
  2.41733883e-02 -6.25981092e-02 -3.41192745e-02  9.42033436e-03
 -3.36483195e-02 -3.50080617e-02 -3.97876874e-02  2.75419969e-02
  9.14222002e-02  4.94416356e-02  3.15023437e-02 -7.79942051e-02
 -1.13807740e-02  3.89055200e-02  5.95647935e-03 -3.81485298e-02
  1.33796260e-01  8.83580372e-02  2.21174732e-02 -3.19572389e-02]