[-8.14984180e-03  7.79483095e-02 -7.08337650e-02 -6.59487024e-02
 -1.00194022e-01  2.98991194e-03  2.48232130e-02  2.83736028e-02
 -6.11080751e-02  1.00844212e-01  8.62498507e-02 -3.33980210e-02
 -7.95182660e-02 -4.75773588e-02  4.88367900e-02 -6.45535253e-03
  1.79749560e-02 -2.29632184e-02 -1.26492260e-02  1.15687381e-02
  1.11644253e-01 -5.52882254e-02 -9.04617533e-02  7.52122179e-02
  1.98448002e-02 -4.91336435e-02 -4.38686386e-02  6.50549829e-02
 -9.27155614e-02 -3.35158855e-02  1.15790078e-02  8.14302415e-02
  8.20582509e-02 -1.72017619e-03  3.63535061e-02 -7.93777499e-03
  6.23631142e-02 -4.78627309e-02 -1.32243410e-02  6.20138310e-02
 -3.92160378e-02 -3.21304500e-02 -6.80176169e-02 -7.48801306e-02
 -7.33282045e-02 -5.19607924e-02  5.57807721e-02  1.88849512e-02
 -3.44863869e-02 -2.99486076e-03 -1.98884178e-02  4.63707447e-02
 -3.06592099e-02 -1.55746778e-02 -2.74403486e-02 -5.39478585e-02
 -1.91552863e-02  1.10028805e-02  2.08315216e-02  6.31587356e-02
 -6.72107609e-03  3.70374322e-02 -5.68871908e-02  2.28534397e-02
  7.14258403e-02 -8.80490765e-02  1.74960382e-02 -3.03773042e-02
 -7.24937022e-02 -5.59431454e-03  4.20664698e-02 -9.61996019e-02
 -8.43914784e-03 -3.21586803e-02 -6.46918267e-02  2.88547333e-02
  2.61900835e-02  1.17430538e-01  5.89092970e-02 -1.10681176e-01
 -1.00688394e-02 -9.15296376e-03 -5.17574046e-03 -1.27265751e-02
 -5.82241602e-02  2.99979281e-03 -4.40402068e-02  4.15424025e-03
  6.81907535e-02  4.31176051e-02  5.93272932e-02  1.06498539e-01
  1.73490532e-02 -1.36606838e-03 -4.50296476e-02  5.48707601e-03
  6.65225834e-02 -4.12919372e-03  6.28748983e-02  4.02191542e-02
  5.45283519e-02  5.78663088e-02  5.11903539e-02  2.60230675e-02
 -5.50101250e-02  4.95048054e-02  3.64107899e-02  1.61372460e-02
 -2.65513174e-02  5.80485016e-02 -9.13446024e-02 -8.71080812e-03
 -5.39072305e-02 -7.59331807e-02 -6.65814430e-02  7.42631331e-02
 -6.53794259e-02 -2.04978101e-02  6.95277900e-02 -5.20985350e-02
  4.35526296e-02 -4.52613644e-02 -1.34047223e-02 -6.35122508e-02
  1.81470178e-02 -3.43766622e-02  2.57214215e-02  1.19571785e-32
  1.12243299e-03 -3.47536057e-02 -1.40963430e-02  3.75037417e-02
 -6.41545653e-02  2.61351485e-02  4.29338776e-03  4.18857224e-02
 -1.02138156e-02  2.84056948e-03 -4.41938005e-02  7.54089653e-03
 -4.46875999e-03 -4.82598953e-02  1.05874471e-01  6.12292811e-03
 -5.42752706e-02  1.56305172e-02  1.81340929e-02  3.46230380e-02
  5.29473787e-03 -1.56759433e-02  2.55676601e-02 -3.70032564e-02
  5.72937541e-02  2.55353749e-02 -3.95662747e-02 -2.49067135e-02
 -2.93961950e-02  7.05735087e-02  8.02170038e-02  6.63203970e-02
  7.48979375e-02 -1.16009228e-01 -5.20063750e-02 -3.67333703e-02
  1.53067964e-03  5.24010211e-02 -1.29002094e-01 -5.68648800e-03
 -6.05609035e-04  1.25562437e-02  1.01441339e-01  2.14016624e-02
  4.21695644e-03  3.66676343e-03  1.06093541e-01  1.80664249e-02
  1.06628507e-01  9.19601917e-02 -5.52787520e-02 -4.32270952e-02
 -5.59358746e-02 -5.79405762e-02 -2.72445614e-03 -8.98097362e-03
 -7.69173950e-02  2.50343187e-03 -5.65816127e-02 -8.85559767e-02
  1.55661916e-02 -1.41468681e-02 -1.19254934e-02 -3.12767387e-03
 -3.94823663e-02  2.03356966e-02  1.26330256e-02  8.53304416e-02
  1.32047534e-01  3.20763439e-02 -5.69351651e-02 -4.55327518e-02
 -2.48786658e-02  2.89938189e-02  5.91965094e-02  3.42121162e-02
  7.25256056e-02 -4.89725471e-02 -6.13360703e-02  1.80628430e-02
 -1.72065031e-02 -1.80572383e-02  1.29549149e-02 -3.63752954e-02
  9.83648896e-02  6.96873516e-02  6.65083379e-02  1.51401097e-02
  6.92444220e-02  9.58978832e-02  3.23507516e-03  4.57433723e-02
  1.32933026e-02  1.59052461e-02  8.42155665e-02 -1.33166480e-32
  4.53795865e-02  5.96946198e-03 -1.90586261e-02  1.81944971e-03
 -2.75897584e-03  1.09689042e-03 -1.88190080e-02  7.71209132e-03
 -3.69869135e-02 -4.84900549e-02 -3.80381867e-02 -7.98296481e-02
  1.04627095e-01  4.69473982e-03 -3.36205773e-02 -8.19452014e-03
 -5.06383106e-02 -1.08349480e-01 -2.00112425e-02  1.08770905e-02
  2.89384890e-02  5.82254678e-02 -7.31678680e-03  1.81153473e-02
  2.42726617e-02 -7.10155293e-02 -7.47909397e-02 -7.03264177e-02
 -5.46606854e-02  1.25730620e-03  4.98689674e-02 -5.25052175e-02
 -3.67146991e-02  1.35599121e-01 -7.57566243e-02 -6.19263910e-02
  2.40986403e-02 -3.84797007e-02  2.92352438e-02  6.51939958e-02
  8.04943265e-04  2.68059745e-02  3.50005329e-02 -2.83226091e-02
 -2.33373623e-02 -9.63787455e-03 -1.30662341e-02 -6.89225048e-02
  1.16965908e-03 -8.70065093e-02  8.84687081e-02 -2.20024195e-02
 -7.35644326e-02 -5.42682707e-02  9.21056271e-02 -4.07308787e-02
  4.10641283e-02 -4.60593030e-02 -1.01959869e-01  1.20131103e-02
  8.45123455e-02  3.47501859e-02 -1.15691563e-02 -3.40759084e-02
  5.61570823e-02 -4.63647209e-02 -2.58789826e-02 -1.16508380e-02
  6.35858923e-02  9.72853508e-03  2.12161448e-02 -1.02683082e-01
 -1.47827625e-01 -8.16597976e-03 -2.62552220e-02 -3.61599624e-02
 -3.54553983e-02  1.62590183e-02  2.15099491e-02  3.66154052e-02
 -3.98536678e-03  9.60008055e-03 -6.18179736e-04 -7.75183439e-02
  1.28689241e-02 -6.56775711e-03 -1.37674371e-02  1.15720117e-02
  2.64458191e-02  5.75375594e-02  1.32243056e-03 -2.14931252e-03
  2.14521065e-02  2.12649610e-02 -3.39219272e-02 -6.31747810e-08
  5.80084398e-02 -1.63286440e-02 -3.33495066e-02  3.09664812e-02
 -1.60895903e-02 -8.99434909e-02  4.96707624e-03 -1.40884081e-02
  3.79521511e-02  4.63737138e-02  5.64091653e-02 -1.69055462e-02
 -3.63602601e-02  2.89773792e-02 -8.50100443e-03 -7.67259672e-02
  3.85587960e-02  5.25141135e-02 -6.20741360e-02 -5.77368625e-02
  6.73574060e-02 -4.94701304e-02 -1.04704581e-01 -1.64937675e-02
 -6.06616819e-03 -2.81976070e-02 -1.87014882e-02  7.26656243e-02
  5.58758201e-03  1.11427307e-02 -2.75641866e-02  2.25675702e-02
 -9.66466311e-03 -9.17971656e-02 -2.05296110e-02 -2.17222166e-03
  1.64751876e-02  2.07530968e-02 -5.38531505e-02 -4.55467068e-02
  1.15970619e-01 -5.83215468e-02 -1.01016596e-01 -2.36656461e-02
  2.11779382e-02 -1.81342510e-03 -2.50920597e-02  2.17585508e-02
 -5.44016436e-02 -4.75588739e-02 -5.01448251e-02  7.43244169e-03
  5.57596833e-02  8.77416693e-03  1.93634983e-02 -3.74018177e-02
 -1.53239015e-02  4.17926051e-02 -4.60160002e-02 -8.37401450e-02
  9.42360386e-02  1.26109412e-02  6.34492980e-03 -4.81374487e-02]