[ 2.44806278e-02 -1.66871380e-02  2.62781400e-02  1.67330205e-02
 -6.21799342e-02  1.28938518e-02  2.92186178e-02  9.84428227e-02
  3.06008663e-02  5.11279330e-02  7.01088756e-02 -8.96174982e-02
  1.37213301e-02 -2.99393777e-02  2.08784156e-02 -3.21795121e-02
  5.35809100e-02  2.45231241e-02 -7.51890391e-02  2.16203146e-02
  1.05018072e-01 -1.22172777e-02  2.49514077e-02 -1.35353263e-02
 -1.87752414e-02  1.00465445e-02 -2.98620388e-02 -1.56057533e-02
 -2.83020199e-03 -7.17044622e-02 -6.35946020e-02  8.43007714e-02
  9.29331109e-02 -4.61659953e-02 -1.69032644e-02 -3.40993679e-03
  8.02057795e-03 -4.86983322e-02 -4.91132773e-03  3.93968113e-02
 -5.92424721e-02 -5.28974384e-02 -2.11108886e-02 -4.11735252e-02
 -8.22900608e-03 -3.97184044e-02 -7.73077682e-02 -1.15751754e-02
  3.67706758e-03 -1.08023575e-02 -9.22871381e-02  4.09855992e-02
 -5.47277257e-02  1.25290109e-02  2.09686682e-02 -7.84379691e-02
 -1.78914815e-02 -3.32092829e-02  4.93325517e-02 -1.77321564e-02
 -1.78464372e-02  5.37274666e-02 -7.71082044e-02  7.01693073e-03
  8.64362568e-02  6.02721795e-03 -1.54775726e-02  3.49207991e-03
 -7.42192864e-02  5.01854569e-02  4.15555947e-02 -2.14169826e-02
  2.23923754e-02  4.20038290e-02  2.59281299e-03  2.05864813e-02
  2.38388050e-02  2.66975425e-02 -5.25196865e-02 -6.60515204e-02
  5.93005563e-04  1.04461228e-02 -2.43964065e-02 -4.28501628e-02
 -2.87482869e-02 -4.41504121e-02  2.80205626e-02  2.99724136e-02
  8.89943689e-02  2.27971142e-03  3.32868248e-02  7.74612948e-02
 -1.14808917e-01 -2.47508883e-02  8.20367783e-02  5.57423420e-02
 -1.17027219e-02 -2.25678529e-03  2.23019682e-02 -2.32144874e-02
  4.42031175e-02  2.33298931e-02 -7.08684176e-02 -8.97634868e-03
 -1.11213431e-01 -8.37137029e-02 -2.80639697e-02  3.70816737e-02
  2.80537549e-02  5.97765669e-02 -7.41747767e-02 -5.81701733e-02
 -7.85665661e-02 -5.35601191e-02 -5.08460999e-02 -3.79954949e-02
  7.49568222e-03 -4.11246829e-02  8.68533105e-02 -3.70185077e-02
  2.54664756e-02 -1.13297496e-02  7.41388425e-02 -3.20752077e-02
 -8.72040808e-04 -5.87021299e-02  6.32339343e-02  1.45150953e-32
 -5.35558872e-02 -1.02482289e-01 -2.82376334e-02  3.18791904e-02
 -1.27896713e-02  2.71479221e-04 -9.21618864e-02  3.51816267e-02
  1.79771427e-02 -4.17469721e-03 -1.11605592e-01  5.13111614e-02
 -1.16195582e-01  2.84914114e-02  9.02790651e-02 -5.66271208e-02
  1.01673156e-02  8.11270159e-03  3.29215936e-02 -5.41035682e-02
 -3.72015573e-02  1.85053498e-02  8.05858616e-03 -4.36093807e-02
  1.11116664e-02  6.05059713e-02  1.35532394e-02 -1.90354772e-02
 -6.25329167e-02  2.66401041e-02  4.44790833e-02  1.23592804e-03
 -1.45880505e-02 -5.57504930e-02 -9.51124057e-02  2.85981018e-02
  1.10960696e-02  2.23070681e-02 -5.14144357e-03  2.11246610e-02
 -6.30183145e-02  3.61137390e-02  8.95748809e-02  8.62625986e-03
 -2.39085387e-02 -2.84067579e-02 -5.82935521e-03 -4.36773337e-02
  1.44340560e-01  5.89402504e-02 -3.57735045e-02 -4.77755889e-02
  5.83822466e-02 -4.03758548e-02  1.44428406e-02  6.53480738e-02
 -8.26067924e-02  6.47910982e-02 -5.49624339e-02 -1.59622617e-02
  5.45206806e-03  6.94492972e-03  1.34400157e-02 -1.07256072e-02
  2.39078738e-02  4.56161797e-02 -1.25974985e-02 -1.12807443e-02
  1.08451515e-01 -2.83405860e-03 -7.83365443e-02 -6.96348473e-02
 -1.18738189e-02  3.78913730e-02  3.47348377e-02 -2.72285938e-02
  9.08323899e-02  4.57115807e-02 -2.22197641e-03 -2.56415345e-02
 -3.56993340e-02 -5.06729744e-02 -3.45575288e-02 -2.59550698e-02
  7.65669197e-02  3.79470736e-02  2.85464097e-02  3.37006301e-02
 -4.55075735e-03  5.34201302e-02  2.07170189e-04  6.50176704e-02
 -2.16411967e-02  3.23809236e-02 -7.58783100e-03 -1.54749511e-32
 -1.54204201e-02  6.64200485e-02 -8.58001504e-03  4.31942865e-02
  3.25843878e-02 -6.68225717e-03 -1.95903908e-02 -4.37267423e-02
  4.01984900e-02 -3.06617320e-02 -3.76941524e-02 -4.89171445e-02
  4.39084768e-02 -7.18775541e-02 -1.40173107e-01  4.54070754e-02
  1.00194570e-03 -4.31397231e-03 -5.38090840e-02  3.53615358e-02
 -5.89444153e-02  9.88054425e-02  4.05727588e-02  2.22311821e-02
  9.15725902e-03  2.15616333e-03  1.33734755e-03 -1.48460250e-02
 -8.20552781e-02 -1.49874659e-02  8.25071484e-02 -4.84597944e-02
 -2.38854289e-02  6.87882155e-02 -9.02120918e-02 -2.82188482e-03
  5.55691458e-02 -1.60504989e-02 -5.83272688e-02  1.30018294e-01
  6.08861353e-03  7.14142323e-02  2.22380534e-02 -6.60311505e-02
 -4.23116349e-02 -2.07113791e-02  6.34424910e-02 -1.02882192e-01
  2.98725255e-02 -6.93500713e-02  1.43822491e-01  1.06840665e-02
 -5.43882065e-02  2.04130057e-02  3.83786224e-02 -4.86095883e-02
 -2.37901751e-02 -1.15820639e-01 -9.62843820e-02 -3.40244807e-02
  7.41843805e-02  5.96223027e-02  2.04123091e-02 -1.21540919e-01
  9.43727791e-02  2.42688805e-02 -5.70409708e-02  3.61474194e-02
 -3.17265764e-02 -1.14388689e-02  9.94945765e-02 -6.92693666e-02
 -7.54621252e-02 -5.11385426e-02  1.60695147e-02 -1.78390592e-02
 -2.77490132e-02  2.31657103e-02  3.59992646e-02 -1.24258706e-02
 -5.40900826e-02  1.31661305e-02 -7.34891146e-02 -1.11061983e-01
 -1.62426397e-01  1.19438926e-02 -2.05210713e-03 -1.30649060e-02
  6.07765326e-03  9.69634131e-02 -5.46113886e-02  3.13509181e-02
  5.43609858e-02  5.77551872e-02 -3.47952880e-02 -6.24317664e-08
  1.20144198e-02 -4.39758487e-02 -2.77923625e-02  6.32152483e-02
 -1.31058646e-02  8.83961748e-03 -2.91602015e-02 -3.60204130e-02
 -1.09501816e-02 -2.22038198e-02  6.99465210e-03  2.62396969e-02
 -5.48102111e-02  2.02688444e-02 -4.92085554e-02 -8.21851417e-02
  2.29364913e-02  1.06596887e-01 -5.27329110e-02 -3.44614387e-02
  5.41790351e-02  1.63672846e-02 -1.58860069e-02 -7.73376599e-02
  6.10021390e-02  2.83075087e-02 -3.99844088e-02 -1.69071164e-02
  4.47415281e-03  4.93379869e-02 -3.02174576e-02 -2.68333834e-02
  1.79382116e-02 -5.11276536e-02 -1.02303037e-02  8.69056908e-04
 -3.96526754e-02  5.27606113e-03 -5.21757714e-02  9.81045291e-02
  5.31221963e-02 -1.55215217e-02 -4.57632206e-02  3.20702679e-02
  5.91732981e-03 -3.62419449e-02 -6.86679408e-02  1.29776046e-01
 -5.12207765e-03 -5.87613788e-03  1.83023494e-02 -5.39763011e-02
  3.05329766e-02  2.37610093e-05 -1.17503880e-02  1.16196591e-02
  1.06249703e-02  1.06558666e-01 -2.29662936e-02  5.49024949e-03
  9.27004516e-02  5.62112182e-02  2.99176015e-02  6.45429129e-03]