[ 2.60442942e-02  3.15402225e-02 -4.91971523e-02 -6.66987821e-02
 -6.60511553e-02  3.03530190e-02  5.94480187e-02  9.34676006e-02
 -1.82705447e-02  4.70449030e-03  9.24637243e-02 -7.59600177e-02
 -3.20862830e-02  2.79986952e-02 -1.07402168e-02 -1.32719185e-02
  5.65203689e-02  7.60889146e-03 -7.34648630e-02  7.25490525e-02
  1.36052385e-01  7.62560591e-03 -8.07602033e-02  9.03675333e-03
 -4.15833294e-02 -5.60331997e-03 -5.58178611e-02  1.68881658e-02
  6.40657684e-03 -5.15378714e-02 -3.71157611e-03  5.77475317e-02
  9.28068012e-02 -6.93033859e-02  5.53904660e-03 -6.60201088e-02
  4.42642085e-02 -7.92132467e-02  2.31078900e-02  4.74528857e-02
 -1.57481078e-02  2.37332322e-02 -1.01920769e-01  3.83897908e-02
  3.28898639e-03 -4.79742102e-02 -8.22029822e-03  3.29769403e-02
  8.63518659e-03  2.71982886e-02  9.63436626e-03  2.60058455e-02
 -3.87887135e-02  8.93178210e-02  5.24544436e-03 -3.33148167e-02
 -7.22826570e-02 -4.68991771e-02  2.19325032e-02 -1.74813997e-02
 -4.32785042e-02  2.49157101e-02 -4.30703610e-02 -9.75292921e-03
  1.08740956e-03  1.51213733e-02 -6.05123043e-02 -6.65795878e-02
  1.34503609e-02  5.67409322e-02  7.51287956e-03 -4.04443443e-02
 -1.69093274e-02  2.35834531e-02 -5.97421154e-02  7.75190741e-02
  2.45080143e-02  5.53289838e-02 -6.54436508e-03 -2.26035863e-01
 -2.05694344e-02  5.50868586e-02 -2.85159145e-02 -5.24750166e-02
  7.72488192e-02 -1.76666081e-02 -4.10615243e-02  1.96707882e-02
  4.65210807e-03  3.68034504e-02  8.01148042e-02  3.44083309e-02
 -4.98783439e-02 -3.29593010e-02 -7.58082373e-03 -7.56624863e-02
 -7.59571716e-02  2.17896104e-02  2.51421686e-02  1.06258206e-02
  9.24051926e-02  2.71905977e-02 -7.51120523e-02  4.41790000e-03
 -9.31610912e-02 -7.10082427e-03  4.89279591e-02  3.99738774e-02
  5.88581152e-02  1.30906358e-01 -7.43702054e-02  2.42041480e-02
  8.31451267e-03 -4.05649431e-02 -1.14969283e-01  6.92153722e-02
 -3.43201961e-03 -3.04130334e-02  1.01322025e-01 -7.12707192e-02
  8.27475172e-03 -4.33560349e-02  6.22014068e-02 -7.67520741e-02
  2.62464266e-02 -9.15052444e-02 -5.57090063e-03  1.07529602e-32
 -9.52093825e-02 -5.19652814e-02  2.72843111e-02  9.74369515e-03
  3.29713598e-02  3.23871970e-02 -8.81667286e-02  6.58145128e-03
  4.63806503e-02 -5.03720865e-02 -7.93579444e-02  3.38743143e-02
 -6.80207238e-02 -2.96531916e-02  6.12513982e-02  1.87764466e-02
  6.38379976e-02  1.44844670e-02  1.19074751e-02 -1.73083562e-02
 -3.26231308e-02 -4.22704853e-02 -6.41447380e-02  3.48933227e-02
  2.45321915e-03  5.27589768e-03 -3.13813873e-02 -1.54801896e-02
  9.27436445e-03  5.63842170e-02  7.10022897e-02  1.42641447e-03
  2.16444582e-02 -3.12925987e-02 -7.95659646e-02 -4.08691876e-02
  6.09313473e-02 -5.85252233e-03 -1.13716843e-02  2.95105786e-03
 -6.05477877e-02 -1.72398631e-02  7.14103505e-02  5.94571084e-02
  4.03204188e-02 -8.75995904e-02  3.13787572e-02  4.25498411e-02
  6.77408054e-02  7.16110840e-02 -8.83388370e-02 -8.07378814e-02
  1.19381426e-02 -5.25422692e-02 -1.61290281e-02 -3.53452638e-02
 -1.18515290e-01  5.56713417e-02 -1.53246159e-02 -1.33986548e-02
 -3.06021050e-02  5.44773079e-02  1.74313355e-02 -6.33963523e-03
 -3.38265970e-02 -1.64454198e-03 -4.83940952e-02 -2.61894544e-03
  8.53673518e-02 -8.61815084e-03 -7.22002760e-02 -1.59419551e-02
  1.06312381e-02  8.34290981e-02  1.39852632e-02  1.07737945e-03
  1.94650330e-02  4.94979918e-02  4.42032740e-02 -2.78214924e-02
 -2.30652187e-02  4.39995937e-02 -1.03332130e-02  5.03396569e-03
  5.91895133e-02  2.68136375e-02  2.53632348e-02  4.42753546e-02
 -3.99292558e-02  3.30517627e-02  6.81006387e-02  5.40217645e-02
 -2.17633061e-02  2.63107866e-02  7.60058537e-02 -1.24645762e-32
  4.42452170e-02  9.35598686e-02 -3.88310552e-02 -2.94237789e-02
 -5.59213292e-03  1.66145712e-02  2.27427464e-02 -7.27768391e-02
  8.45782086e-03 -1.21792234e-01 -1.45880664e-02 -3.04052830e-02
  1.41786039e-01 -4.02837098e-02 -4.20411378e-02 -9.42200795e-03
 -7.03183636e-02  7.27979932e-03 -5.64453416e-02 -3.28029459e-03
  1.16148079e-02  2.06864811e-02  3.05020232e-02 -5.12928236e-03
 -4.59131505e-03  1.40167512e-02 -8.39142054e-02  3.99065986e-02
 -9.98182804e-04  2.04943698e-02  1.13013536e-02  2.82501243e-03
 -5.26723340e-02  7.68794045e-02  3.15843662e-03 -7.90842772e-02
  1.68498866e-02  2.40818709e-02 -3.50279734e-02  1.07580438e-01
  1.17753595e-02  8.47320724e-03  7.64679834e-02 -3.36056836e-02
 -2.16884930e-02 -1.12786042e-02  9.99823138e-02 -1.81597903e-01
  4.54306379e-02 -5.71603850e-02  8.24640319e-02  1.89289860e-02
 -3.03182080e-02  4.56222408e-02  5.22570871e-02  3.02155167e-02
  2.59763226e-02 -7.96565786e-02 -4.90350090e-02 -1.51271131e-02
  5.91895878e-02  1.14987627e-01 -6.83372002e-03 -4.83739041e-02
  2.73334403e-02 -4.53196093e-02 -1.46729546e-02  4.28985022e-02
  5.81054129e-02 -5.73269948e-02 -4.31887396e-02 -8.30730647e-02
  8.06317758e-03 -8.81885365e-02 -2.23624650e-02  5.32507664e-03
  6.58385977e-02 -2.34993007e-02  2.12664455e-02 -1.43937245e-02
 -9.83259678e-02 -1.45940753e-02  5.51485969e-03  1.44527424e-02
 -9.50063542e-02 -4.74482449e-03 -5.30852675e-02 -2.30273101e-02
  1.91323474e-04  8.16073120e-02 -4.71490398e-02  4.09307219e-02
  6.85592443e-02  8.03698413e-03 -3.45253572e-02 -6.11870590e-08
  1.13307266e-02 -3.13592441e-02  2.02384386e-02  8.92414711e-03
  3.64188477e-02  4.39356780e-03 -9.91939381e-02 -4.36817743e-02
 -5.03611490e-02  2.48469375e-02  3.84384580e-03  1.06651839e-02
 -1.02530442e-01 -3.11821476e-02 -5.12468591e-02 -6.75703436e-02
  6.57460839e-02  4.39312905e-02 -2.29560696e-02 -6.24324239e-05
 -1.64490696e-02 -3.21421511e-02 -4.44150567e-02 -1.06371399e-02
  2.97871511e-02 -2.78696287e-02  2.65539829e-02 -1.56760085e-02
  2.82720439e-02  3.00789028e-02  2.87610688e-03  2.06641722e-02
 -2.95389298e-04 -2.06490830e-02 -1.19998008e-02 -5.91085553e-02
 -3.63220833e-02  7.05900937e-02 -5.83272334e-03  7.72953918e-03
  9.01106670e-02 -1.16277352e-01 -4.36869599e-02  3.69282514e-02
  6.62534684e-02 -4.93162218e-03 -6.97460352e-03  7.45782405e-02
 -8.00661594e-02 -5.84327336e-03  6.86454168e-03 -2.11964473e-02
  6.10386617e-02 -3.95231545e-02 -4.06180918e-02 -1.82395987e-02
 -2.32794117e-02 -5.91897452e-03 -3.93276550e-02  1.22453263e-02
  1.55038089e-02  4.13241573e-02 -2.19222941e-02 -3.62247489e-02]