[-6.52188137e-02  7.37500638e-02 -4.41847220e-02 -1.01973511e-01
 -8.10816363e-02  1.89065151e-02 -5.21801077e-02  9.54733789e-02
  1.26341740e-02  6.96770400e-02  3.20591293e-02 -1.02192657e-02
  6.32679323e-03 -1.08253025e-02 -2.31308565e-02 -7.04778060e-02
 -1.11255115e-02 -3.80292069e-03  2.87006795e-02  5.77374287e-02
  8.45903754e-02 -4.08508480e-02 -6.46385998e-02  2.34608557e-02
 -8.93905982e-02  1.77485608e-02 -5.42327352e-02  2.38783434e-02
  9.29398462e-03 -4.88969237e-02 -4.30658162e-02  3.73271741e-02
  2.02313182e-03 -3.61602046e-02  9.30566061e-03 -1.34470155e-02
  8.35626647e-02 -3.11713498e-02 -2.87102070e-02 -1.88895036e-03
 -1.17713688e-02 -9.00834054e-03 -5.13906442e-02 -3.08358185e-02
  3.91511805e-02  1.82470474e-02  2.91485246e-02  5.42114303e-02
 -6.98431283e-02 -7.48391123e-03 -6.29736111e-02 -7.83200935e-02
  6.47721067e-02 -1.09546594e-02 -6.72696903e-02 -5.86568341e-02
  1.89711154e-02  2.31601633e-02  3.25960852e-02 -2.63985079e-02
 -3.54864001e-02  2.21359078e-02 -1.13239631e-01  3.50068845e-02
 -1.30052294e-03 -8.85951519e-03 -9.85488389e-03 -3.06164064e-02
 -2.66231410e-02  2.91888509e-02  8.57586320e-03 -6.32817745e-02
  3.04382294e-02 -2.15513445e-02 -5.66198640e-02  3.24023329e-02
 -6.82560280e-02  7.69427866e-02  3.56664062e-02 -1.36366889e-01
  5.18251434e-02  4.95111803e-03 -2.51434129e-02 -5.26961684e-02
 -1.88768655e-02 -3.24146301e-02 -1.44557077e-02  7.47012720e-02
  6.68210462e-02 -5.34490822e-03  7.56090134e-02  6.17734008e-02
 -7.49147404e-03 -1.65367611e-02  1.16132209e-02  5.73207485e-03
  2.30577262e-03  5.66143319e-02  1.14378326e-01  2.71499902e-02
  8.47127736e-02  2.69092266e-02 -6.29830584e-02  7.97501281e-02
  3.57825216e-03  5.15817627e-02 -7.12942109e-02 -5.71124442e-02
  3.35043371e-02 -3.83153521e-02 -6.99667633e-02  2.38141008e-02
 -7.33395517e-02 -1.08154275e-01 -8.30172226e-02  3.17240506e-03
 -8.34401920e-02 -1.03137214e-02 -1.05901267e-02 -3.72701809e-02
  7.09815277e-03 -4.80130203e-02 -2.76573543e-02 -8.36847648e-02
  1.10713348e-01  2.95362249e-02  8.45210403e-02  7.57881909e-33
 -1.03666051e-03 -7.28507489e-02 -5.01472875e-02 -2.29552947e-02
  2.43621822e-02  3.49694639e-02 -6.52841255e-02  3.06386556e-02
  2.18343846e-02  1.37000661e-02 -5.56331165e-02  5.23425057e-04
 -1.24640972e-03 -9.31309834e-02  1.17444925e-01  9.16315801e-03
  4.76254597e-02  5.38052153e-03 -3.55785303e-02 -1.66882593e-02
  3.58336023e-03 -3.60960215e-02  2.02847589e-02 -1.88490953e-02
  1.41990162e-03  1.44951552e-01 -3.94622870e-02  1.27286254e-03
 -2.54279748e-02  3.55779864e-02  6.28132597e-02 -9.62903202e-02
  7.79156573e-03  3.65247391e-02  2.34969202e-02 -2.27130968e-02
 -7.71040702e-03 -3.03785130e-02  4.35679406e-02  3.18442774e-03
 -9.13453847e-02 -3.42019275e-02  1.28280837e-02  4.19908278e-02
  4.63066157e-03 -6.31824061e-02  1.96205154e-02 -7.43297935e-02
  1.07893936e-01  1.10243529e-01 -8.47361691e-04 -3.20028700e-02
 -6.21701442e-02 -3.94868590e-02  9.69343260e-03  4.53226641e-02
 -1.00715645e-01  6.06885292e-02 -3.89004610e-02 -1.77887902e-02
  2.80614123e-02  1.70203540e-02 -4.72698696e-02 -6.58289704e-04
 -5.49455918e-02 -9.85319540e-02  2.19484363e-02 -2.31135171e-02
  9.67793912e-02 -3.34062576e-02 -6.92270398e-02 -2.90072188e-02
  2.92574894e-03  7.06531927e-02 -2.50326563e-02  1.44018596e-02
  6.37766570e-02  1.33009609e-02 -5.92291690e-02  1.40087549e-02
 -7.90677816e-02  5.02695441e-02 -2.49336679e-02 -2.40112208e-02
  5.08646034e-02  1.92215201e-02  2.31110808e-02  1.87372584e-02
  2.62963939e-02  6.59942925e-02 -2.50006374e-02  4.08124551e-02
 -3.37291658e-02  7.76141882e-02  6.09806515e-02 -1.04947592e-32
 -7.06691155e-03 -6.02278151e-02 -5.22704571e-02 -9.92966001e-04
 -3.11313886e-02  4.01032828e-02  3.45905796e-02 -4.97615337e-02
 -7.38717541e-02 -1.06909715e-01 -7.70627633e-02 -9.24653094e-03
  1.02207460e-01  5.42954765e-02 -4.82745357e-02  4.80921268e-02
 -7.02596754e-02 -1.43659711e-02 -4.07228619e-02  2.46666390e-02
  7.12989643e-02  8.78340080e-02  1.66620109e-02  2.98481639e-02
  1.97447855e-02 -9.07736048e-02 -2.23431438e-02 -6.68556690e-02
  1.41425729e-02  3.63733321e-02 -2.71456502e-02 -3.30506116e-02
 -5.11396602e-02  1.06115699e-01  9.26833879e-03 -5.34270145e-03
  1.23298138e-01 -2.03535184e-02 -3.42818499e-02  8.57091844e-02
  1.87335927e-02  1.03704564e-01  1.46814315e-02 -4.03892323e-02
 -5.66393230e-03  3.15535888e-02 -5.94044439e-02 -6.04152121e-02
  2.02247966e-02 -3.52268443e-02  3.04387808e-02  2.77264928e-03
  3.54069360e-02 -3.27823907e-02  6.27788901e-02 -9.20168236e-02
 -5.71884811e-02 -6.86367378e-02 -9.36781242e-02  2.91793495e-02
  9.29627642e-02  1.36925355e-02 -9.52476636e-02 -1.55879483e-02
  1.35308728e-01  6.62179217e-02 -6.44503310e-02  1.55948233e-02
 -2.28637215e-02  7.85501208e-03  4.89732362e-02 -7.52232298e-02
 -1.37988850e-01 -3.07640284e-02  5.48254140e-03  1.14671502e-03
 -4.51224484e-02 -3.05147562e-02 -1.05228908e-01  1.57036614e-02
 -4.00262699e-02  6.20163754e-02 -1.22062955e-02 -2.92322729e-02
 -3.23560722e-02  8.22031572e-02  1.56426709e-02 -4.21532467e-02
 -1.76046137e-02 -1.45949582e-02 -2.08856426e-02 -5.06931683e-03
  1.22689456e-02  5.58535233e-02 -3.78125235e-02 -5.88966032e-08
 -1.03465468e-02 -3.89230587e-02  1.12603279e-02 -1.42682984e-03
  7.28649972e-03 -7.38886148e-02  2.67696148e-03 -5.22911455e-03
 -1.74098089e-02  3.88087593e-02  1.02493666e-01 -6.80926964e-02
 -2.73008030e-02 -2.59693805e-02  3.70856673e-02  1.04176602e-03
 -1.14870910e-02  7.48462752e-02 -3.77328582e-02 -1.55373793e-02
  1.02575734e-01 -1.47994421e-02 -3.53471190e-02 -1.85942594e-02
  5.31774163e-02 -3.67491469e-02 -2.72273738e-03  3.55470367e-02
 -1.37308687e-02  2.62600053e-02  2.19304170e-02  3.10714764e-04
  9.81849805e-03 -3.95654663e-02  1.02405185e-02  1.05885388e-02
 -2.69053299e-02  1.03893869e-01  4.11503948e-02  2.70376131e-02
  9.98001825e-03 -2.69537140e-03 -1.81772970e-02  2.31990609e-02
  3.18540782e-02  3.35196406e-02 -3.02838162e-02  5.67132095e-03
  2.86857206e-02 -9.10309404e-02 -3.88747156e-02 -4.99995537e-02
  7.28392154e-02  4.19042632e-02  2.41599455e-02  3.27012725e-02
  9.86244977e-02  1.01051684e-02 -2.47350391e-02 -1.65031441e-02
  5.80148175e-02  1.12250939e-01  6.14251127e-04 -3.29600051e-02]