[ 1.22124823e-02  2.58481428e-02 -4.18204479e-02 -5.51244356e-02
 -7.64890462e-02  1.72092039e-02 -2.49513257e-02  7.22027943e-02
 -1.20753227e-02  5.52833565e-02  1.14237748e-01 -4.00365666e-02
 -5.56091070e-02  1.95618253e-02  5.53394342e-03 -5.57721704e-02
  6.60915077e-02 -3.50045189e-02  2.67775962e-03  3.06677036e-02
  1.05426408e-01 -4.19813730e-02 -6.67726025e-02  1.50263561e-02
 -9.34963673e-02  7.68089620e-03 -7.80300722e-02 -2.99307015e-02
 -2.55885608e-02 -1.51866153e-02 -2.64063403e-02  1.07914418e-01
  7.95865506e-02 -1.51596740e-02 -2.29043625e-02  2.36597285e-02
  5.55633940e-02  4.22093784e-04 -1.80995278e-02  1.16566300e-01
 -4.36572693e-02 -3.39708365e-02 -2.44506765e-02 -1.04557119e-01
  2.32019555e-03 -3.29428874e-02  2.42432151e-02 -1.60656311e-02
 -5.58728445e-03 -5.34869963e-03 -3.77294943e-02 -1.21866642e-02
 -2.55823918e-02  6.10016845e-02 -5.12332208e-02 -4.60178256e-02
  4.62059490e-02 -1.12779234e-02 -4.91090491e-02  9.10654142e-02
 -8.19297209e-02  9.44024473e-02 -4.65619639e-02  2.38484088e-02
  8.16688091e-02 -3.37140746e-02 -1.88150946e-02 -5.27284592e-02
 -3.75542901e-02  6.78558135e-03  1.26004033e-02 -7.32798278e-02
  6.94612861e-02  8.79603475e-02 -6.93260059e-02  4.22142399e-03
  6.00610301e-03  3.52530219e-02  3.81193943e-02 -1.82872131e-01
  3.38292643e-02  4.16314006e-02 -2.77941953e-02 -2.36479156e-02
 -2.45692488e-02  1.89759824e-02 -5.07212915e-02  9.89897456e-03
  5.66087030e-02 -2.51984932e-02  2.07770690e-02  6.36267588e-02
 -9.20479894e-02  9.75547126e-04 -7.68165058e-03 -4.66727838e-02
 -1.99374277e-02  2.12585907e-02  1.10175950e-03 -4.11575548e-02
  2.75929049e-02 -1.11942682e-02  1.18747419e-02  4.64942679e-02
 -6.26102760e-02 -2.04813126e-02  4.54481132e-03  1.77649129e-02
 -2.75024655e-03  9.70958173e-02 -1.05787493e-01  1.84440557e-02
 -8.26808363e-02 -5.10931872e-02 -4.35424224e-02  1.62147190e-02
 -6.90081269e-02 -4.73161042e-02 -1.91003978e-02  2.42484845e-02
  4.49666902e-02 -4.45388863e-03  6.04798235e-02 -5.18091470e-02
 -1.12138996e-02 -6.17119931e-02  6.92951232e-02  1.17134537e-32
 -3.10932472e-03 -1.21667190e-02  4.30966243e-02  5.86755350e-02
  4.36025485e-03  4.99005727e-02 -5.21823764e-02  4.59278896e-02
  7.08686635e-02  7.64709190e-02 -6.01842999e-02  5.90204857e-02
 -7.36698695e-03  2.34506410e-02  5.26959039e-02  3.24244723e-02
  6.66117808e-03  4.24382603e-03 -3.94026861e-02  4.89840731e-02
  3.01321149e-02  2.05432884e-02 -1.12957717e-03 -2.05855095e-03
  6.41077533e-02  8.75079334e-02 -5.24396710e-02 -2.34267097e-02
 -2.91611739e-02  4.05094586e-02  1.53740933e-02 -2.39184368e-02
  1.32182185e-02 -1.04435749e-01 -6.35887384e-02 -2.16792477e-03
 -2.20087618e-02 -2.01024543e-02 -5.84812425e-02 -3.04833595e-02
 -2.31530964e-02 -1.00166360e-02  6.11924641e-02  5.51670976e-02
  4.09122929e-02 -3.46702151e-03  7.55551755e-02 -4.74634841e-02
  1.04159765e-01  8.73848498e-02 -6.35459945e-02 -5.27468808e-02
 -2.79784556e-02 -4.71861959e-02  4.49505082e-04  3.71326208e-02
 -7.08947703e-03  5.15108295e-02 -7.62496144e-02 -7.51676932e-02
  1.83425210e-02 -6.11576214e-02 -5.49372211e-02  1.63779240e-02
 -1.04775233e-02 -1.06443085e-01 -1.04494365e-02 -7.38837570e-03
  1.59034073e-01  5.01982030e-03 -1.21534228e-01 -2.46748738e-02
 -1.63057894e-02  4.64106724e-02  3.19408327e-02 -1.55901005e-02
  3.67049910e-02 -7.72208627e-03 -7.52784386e-02  1.11367665e-02
 -4.97583896e-02  4.43686098e-02  9.44547448e-03 -4.64981571e-02
  1.38705283e-01  7.61381835e-02  8.22549611e-02  1.82209834e-02
 -5.49251251e-02  8.31433609e-02 -1.95182841e-02  6.48536608e-02
 -2.88478825e-02  5.12903556e-02  3.39112170e-02 -1.58675956e-32
 -8.70068464e-03  3.86390351e-02 -6.46304861e-02 -1.60829991e-03
  3.85686010e-02  4.74792585e-04  2.86026131e-02  1.81235485e-02
 -4.76052798e-02 -6.24899194e-02  4.61223023e-03 -8.12452063e-02
  7.86806494e-02 -3.29587865e-03 -5.75548373e-02  1.01372842e-02
 -1.05057552e-01 -9.16255731e-03 -2.04541590e-02  3.27550359e-02
 -2.62604607e-03  9.96323153e-02  9.05502215e-03 -1.20080113e-02
 -8.93078279e-03 -7.60295242e-02  2.11564125e-03 -5.26343994e-02
 -3.33609469e-02 -2.78917979e-02 -3.23955752e-02  1.16110072e-02
 -1.19761145e-02  1.39097556e-01 -2.60484070e-02 -1.29595278e-02
  1.37814209e-02 -1.85319185e-02 -6.40061125e-02  8.78398567e-02
  2.97419522e-02  6.38394654e-02  1.65755507e-02 -6.93209991e-02
 -9.24835354e-02 -6.34235740e-02 -4.55234796e-02 -1.01981215e-01
  1.48325777e-02  3.65266856e-03  9.48179364e-02 -5.67141436e-02
 -5.64529151e-02 -1.38453115e-02  6.74708113e-02 -6.41088709e-02
  1.27955833e-02 -1.05816908e-01 -1.05877049e-01  1.28021929e-02
  9.53475311e-02  3.98890376e-02 -5.69512025e-02 -1.37868561e-02
  2.41912324e-02 -2.11032927e-02  2.80319713e-02  6.61078170e-02
  3.13940868e-02 -2.76501873e-03  7.07339868e-03 -5.16852513e-02
 -7.80377313e-02 -3.14272828e-02 -3.22031602e-02 -7.03137442e-02
 -6.92204237e-02 -3.03443931e-02 -2.42058281e-02 -2.12779343e-02
 -7.39310756e-02 -1.07581936e-01  1.73106920e-02 -3.20155583e-02
 -7.39459619e-02  1.77991535e-06 -7.87126273e-03 -1.82961915e-02
  2.16668900e-02  6.23739772e-02 -4.20615822e-02  1.29174059e-02
 -8.96570180e-03 -4.68287431e-02 -4.18277420e-02 -6.69918236e-08
  3.25410441e-02 -5.90639981e-03  5.80865890e-02 -1.74502209e-02
 -2.60367189e-02 -1.12923175e-01 -1.13691762e-02 -2.48828512e-02
  2.40234416e-02  2.92553976e-02  2.26801839e-02  1.41895991e-02
 -3.98233272e-02 -2.64471825e-02  7.35939145e-02 -5.82327582e-02
  1.57181378e-02  6.82135522e-02 -1.99060626e-02 -3.89386602e-02
  6.19830117e-02 -3.03998981e-02 -6.52788281e-02 -2.75573134e-02
  2.63620242e-02  1.79710463e-02 -4.16825451e-02  3.00164074e-02
 -1.07664913e-02  2.68652607e-02  2.21676566e-02 -3.00728697e-02
  1.47249512e-02 -1.12897553e-01 -4.82179672e-02  1.59823464e-03
 -5.76330116e-03 -3.87088396e-02 -3.55605446e-02  2.52790283e-02
  1.04118787e-01 -6.16749041e-02 -2.04714835e-02  1.22482302e-02
  1.95320360e-02 -4.00933018e-03 -5.49444463e-04  7.74012432e-02
  2.47979015e-02 -3.29620764e-02 -8.71787891e-02  1.96960978e-02
  2.50694733e-02 -1.74472127e-02 -2.88769882e-02  1.25465067e-02
  8.46887752e-02  1.17844865e-02 -5.05623035e-02  6.05333503e-03
  7.28853419e-02  3.71402688e-02  1.81455128e-02 -6.51264340e-02]