[ 3.47894314e-03  7.57716130e-04 -6.01238050e-02 -4.47889902e-02
 -1.29880970e-02 -1.72728840e-02  8.94477963e-02  8.20520073e-02
  6.17251061e-02  3.55606191e-02  6.11713901e-02 -5.30143455e-02
  1.44633222e-02  8.37914348e-02  4.72855940e-02 -1.03053585e-01
  8.27215537e-02 -3.63373980e-02 -3.89084741e-02  4.05060453e-03
  1.32527381e-01 -5.38256913e-02 -3.97485457e-02  4.04925495e-02
 -8.77439678e-02 -5.03846630e-02 -1.56050660e-02 -1.26900924e-02
 -6.84731901e-02 -3.39880660e-02 -5.76973110e-02  4.27746736e-02
  9.53318477e-02 -1.96548440e-02 -5.98605722e-02 -2.45138090e-02
  7.31655490e-03 -6.93138465e-02 -3.19731459e-02  9.78471860e-02
 -1.01503335e-01 -3.02545652e-02 -5.25172241e-02 -4.78856452e-02
 -3.47299129e-03 -3.45017686e-02 -2.74147867e-04  3.65549736e-02
 -1.90950949e-02  4.70537357e-02 -2.65586823e-02  9.15227272e-03
 -1.74381528e-02  2.02270001e-02  2.58223396e-02 -1.54780224e-01
 -1.60837434e-02  3.60228345e-02  1.52421428e-03  2.45790854e-02
 -5.27401157e-02 -4.05897014e-03 -2.90812701e-02  1.19966697e-02
  6.73501566e-02 -1.58574600e-02 -8.87778625e-02 -2.02883705e-02
 -1.23976646e-02  1.51154380e-02  4.18712534e-02 -5.89291863e-02
  6.07655458e-02 -2.42323466e-02 -3.98786739e-02  3.68465297e-02
  3.48067433e-02  5.28429449e-02 -2.05623861e-02 -1.53685600e-01
  3.78590710e-02 -5.77050075e-02 -2.01375578e-02  1.07686408e-02
  4.20030160e-03 -2.32306477e-02 -9.21200588e-03  3.19093745e-03
  5.81911355e-02  4.27590720e-02  2.34460738e-02  7.50838639e-03
 -2.09483467e-02 -3.23591605e-02  9.38942097e-03  1.44239217e-02
 -9.04217884e-02 -5.83382584e-02  2.15047635e-02  6.98514469e-03
  2.89336294e-02  4.28054258e-02  2.34801378e-02  1.14406105e-02
  2.82443361e-03 -1.95867829e-02 -5.27036935e-02 -3.69963050e-02
  3.05917989e-02  1.65291429e-01 -1.41392142e-01 -3.76056097e-02
 -1.09185353e-01 -8.64584446e-02 -7.32563585e-02 -5.60654588e-02
 -1.78531110e-02 -8.15485045e-02  2.13641934e-02 -4.77497019e-02
  2.84058955e-02 -6.22863844e-02  1.76745113e-02 -6.03969656e-02
  7.66684711e-02  1.57396272e-02  5.82745001e-02  7.97386675e-33
 -7.85878897e-02 -4.25150394e-02  1.08751580e-02  1.15642305e-02
  3.40130879e-03 -6.28741970e-03 -2.44980399e-02  1.74192004e-02
  5.77353984e-02  2.65174638e-03 -9.22977999e-02  1.33435592e-01
  1.26104793e-02  2.17209458e-02  1.02910265e-01  7.74133950e-03
  4.35543358e-02  6.51248591e-03  1.04177445e-02 -3.37063037e-02
 -2.43800655e-02  3.33559588e-02  5.90581037e-02 -3.02868225e-02
  4.16414514e-02 -3.93022841e-04 -2.41770707e-02 -2.30774470e-02
 -1.43065332e-02  3.27099971e-02  9.03625041e-02 -3.85755710e-02
  2.46155206e-02 -9.89470538e-03 -7.97861293e-02 -1.07022300e-02
 -9.15152859e-03  1.93721568e-03 -1.42142801e-02 -4.98040952e-02
 -1.61810871e-02 -1.78045072e-02  3.28101441e-02  9.93811116e-02
 -1.96749549e-02 -7.15640781e-04  2.42422242e-02 -5.81160150e-02
  6.65040687e-02  5.85371964e-02 -2.86903922e-02 -3.35626006e-02
 -4.11660783e-02  2.79522035e-03 -1.03083961e-02  6.84064999e-02
 -4.12064269e-02 -7.98473414e-03  4.88824695e-02 -9.04311091e-02
 -3.29083055e-02 -6.40089661e-02  7.02996477e-02 -5.23226857e-02
  6.20949380e-02 -1.56627130e-02  3.77754569e-02  1.74436048e-02
  5.04497513e-02  4.58990037e-02 -2.87569333e-02 -3.04327765e-03
 -1.18543031e-02  3.35525684e-02 -9.58726648e-03  2.26017437e-03
  8.40219632e-02 -1.37536414e-02  1.62328426e-02  5.34442589e-02
 -5.49578480e-02 -8.45335498e-02  3.26615088e-02 -3.38698849e-02
  3.46018076e-02  9.39077437e-02  3.68908942e-02 -7.82784447e-03
  2.33783782e-03  7.63573349e-02 -6.12433329e-02  1.30751833e-01
 -8.45437944e-02  8.74518678e-02  4.70851734e-02 -1.18223669e-32
 -8.96810368e-02  8.42154995e-02 -5.09032384e-02  2.11213529e-02
 -3.23784277e-02 -1.61167867e-02 -6.86415359e-02 -3.64582762e-02
  5.02489274e-03  5.76747116e-03 -1.22067407e-01 -7.70710334e-02
  1.93522405e-03  2.01560184e-02 -9.60276648e-02  2.08915342e-02
 -5.19997403e-02 -2.69241016e-02 -7.54918307e-02 -3.12145818e-02
 -6.28656000e-02  1.14134565e-01  1.87592860e-02  8.39032326e-03
 -1.28306756e-02 -2.77029425e-02 -2.09509805e-02 -6.71735182e-02
 -5.85868508e-02 -5.50154038e-02  3.68601643e-02  2.93346285e-03
  1.17842555e-02  8.00884739e-02 -9.71296150e-03 -1.71381012e-02
  1.04299448e-01  6.71167970e-02 -6.01056404e-02  7.19899908e-02
  5.05099595e-02  6.37309253e-02  2.31938753e-02 -8.76109004e-02
 -7.81501606e-02 -3.76701094e-02 -2.74257921e-02 -1.22315787e-01
  5.12448624e-02 -6.18550777e-02  9.60280821e-02 -6.79805055e-02
 -5.53274639e-02  6.19118698e-02  3.79211153e-03  2.93604936e-02
 -2.95100920e-02 -7.49776438e-02 -6.97367042e-02 -8.48112442e-03
  9.79996994e-02  4.79213893e-02 -1.02667451e-01 -2.80913692e-02
  6.34825081e-02 -2.92594428e-03  1.71688832e-02 -6.11053407e-03
 -2.08678283e-02  3.44659351e-02  1.59794763e-02 -6.90787658e-03
  1.95047935e-04 -1.27768768e-02 -3.98969129e-02 -5.67384288e-02
 -2.61918809e-02  4.76465672e-02  8.02108832e-03  3.58964712e-03
  3.98500338e-02 -1.24491786e-03 -4.23805937e-02 -4.99460846e-02
 -1.14443861e-01 -2.10227631e-02  7.69462883e-02  4.54085954e-02
 -5.12121320e-02  3.26399654e-02 -7.54604042e-02  3.58486511e-02
 -9.82606504e-03  1.17232166e-02 -1.30072553e-02 -6.36015969e-08
 -8.06946307e-04 -4.48561832e-02  6.07246906e-02  6.67475685e-02
  1.46177523e-02 -7.30438828e-02  3.41263571e-04  7.14289621e-02
  5.76884579e-03  4.07390390e-03 -2.72675958e-02  7.87824765e-03
 -1.01951130e-01  9.84857045e-03 -4.93177073e-03 -4.82780337e-02
  4.30362448e-02  3.52943167e-02 -1.30900154e-02 -6.69457093e-02
  4.46318127e-02  1.13303615e-02 -2.96316538e-02 -3.83825898e-02
  5.44994250e-02  8.84428993e-03 -1.73447039e-02  6.54849596e-03
  1.02950644e-03  2.39023734e-02 -5.74283414e-02 -4.82884049e-02
 -1.00568067e-02 -6.40413389e-02 -2.09437553e-02 -5.34130773e-03
 -4.64444682e-02 -6.38426542e-02 -3.50216255e-02  3.78285013e-02
  3.94640006e-02 -3.32208313e-02 -1.66016612e-02  5.92718087e-03
  4.43466194e-02 -1.32109824e-04 -6.33051619e-02  5.45732751e-02
 -2.64367796e-02 -2.71747485e-02 -3.23217995e-02 -8.76321364e-03
  4.68625389e-02  5.01070507e-02  8.89199786e-03 -4.64095548e-02
  4.57723252e-02 -1.31298071e-02 -1.70795573e-03  4.40239459e-02
  8.19653049e-02  7.67914485e-03 -3.25503759e-02  9.96145885e-03]