[ 3.35945003e-02  2.36238353e-02 -4.45059985e-02 -4.64234203e-02
 -6.71504959e-02  3.19459774e-02 -2.04059556e-02  9.69887972e-02
 -3.79944108e-02  6.22105859e-02  1.28566056e-01 -2.01638099e-02
 -2.41750702e-02  4.97744381e-02 -2.66213855e-03 -8.66343081e-02
  5.42719997e-02 -4.13763188e-02 -5.33469347e-03  3.03608254e-02
  1.14565454e-01 -5.74043803e-02 -6.72730207e-02  1.93977263e-02
 -7.42413774e-02 -1.84047520e-02 -8.47089216e-02 -1.17642973e-02
 -3.84336896e-02 -2.50476655e-02 -3.80740687e-02  8.41840506e-02
  6.90160021e-02  7.86533114e-03  2.28071050e-03  1.31512368e-02
  3.97923253e-02 -2.13300325e-02 -1.20703904e-02  9.76738483e-02
 -6.39725775e-02 -5.43188378e-02 -5.86954392e-02 -8.27818215e-02
 -1.07511692e-02 -2.63006100e-03  3.48234251e-02 -4.02424261e-02
 -1.64611489e-02 -2.21561315e-03 -3.04066110e-02  7.90418126e-05
 -2.76944861e-02  5.97465187e-02 -1.07000936e-02 -6.49392977e-02
 -8.06762092e-03 -2.53859665e-02 -3.39747816e-02  9.32442993e-02
 -5.26845008e-02  6.70963749e-02 -3.69086340e-02  3.26896906e-02
  7.38108754e-02 -5.08673340e-02 -1.57999545e-02 -4.18763719e-02
 -3.33964787e-02 -1.00359488e-02  1.87988617e-02 -6.76873848e-02
  4.48077777e-03  8.20088908e-02 -4.81357314e-02  2.90622972e-02
  2.54807919e-02  6.24596998e-02  4.78817821e-02 -1.90277949e-01
  1.00804791e-02  2.37741917e-02 -7.01264245e-03 -5.12491632e-03
 -3.89462858e-02 -6.98234467e-03 -3.46430987e-02 -1.93003565e-02
  9.21142846e-02 -1.93057824e-02  1.57577675e-02  6.06566742e-02
 -8.71932879e-02  1.33457575e-02 -2.16887388e-02 -4.29189652e-02
 -1.46361664e-02  2.15261541e-02 -1.55242684e-03 -5.05812801e-02
  1.24844247e-02 -3.06871161e-02  2.43071038e-02  4.84694168e-02
 -6.34404793e-02 -1.61980111e-02 -3.62645509e-03  1.67706404e-02
 -3.67201716e-02  1.09521002e-01 -1.03247292e-01  3.33918212e-03
 -8.52240548e-02 -6.90901279e-02 -8.45596716e-02  3.20599973e-02
 -8.59859288e-02 -5.42325750e-02  9.09749977e-03  3.43643278e-02
  4.08699475e-02  1.68288462e-02  6.24255538e-02 -4.78922725e-02
 -6.66635809e-03 -4.71824408e-02  5.03801964e-02  1.17376358e-32
 -1.97360441e-02 -4.02726978e-02  2.75334194e-02  8.27485099e-02
 -1.39935091e-02  2.78848130e-02 -4.75673787e-02  3.04589011e-02
  4.63802777e-02  6.41213581e-02 -6.03024364e-02  5.40664978e-02
 -9.25960112e-03  1.84328184e-02  8.38345587e-02  3.11368890e-03
  4.28417176e-02  7.47201219e-03 -2.25549489e-02  6.40231296e-02
  2.15437729e-02  4.03697938e-02  1.84975136e-02 -2.70323530e-02
  7.78261274e-02  5.63786104e-02 -4.17328700e-02 -2.66821049e-02
 -4.95576262e-02  4.66492660e-02  2.35197823e-02 -1.03692887e-02
 -3.96858342e-03 -7.70464689e-02 -7.62109905e-02 -1.38612594e-02
 -9.31823347e-03 -3.74526307e-02 -6.44899383e-02 -4.28399146e-02
 -1.52354445e-02 -8.74423049e-03  6.98667318e-02  3.20289321e-02
  6.63165748e-02 -3.78099619e-03  1.23061828e-01 -2.33189929e-02
  7.64772892e-02  9.35037136e-02 -7.34914914e-02 -2.40757391e-02
 -2.52457298e-02 -4.04145680e-02 -1.12321017e-04  4.57644910e-02
 -3.58310193e-02  3.10462005e-02 -7.83939064e-02 -5.71887828e-02
 -7.47131789e-03 -6.29923865e-02 -4.19289283e-02  2.41803210e-02
  2.43649464e-02 -8.95537063e-02  1.49654634e-02  1.71911269e-02
  1.39973685e-01  3.73536646e-02 -1.09664492e-01 -3.25258635e-02
  3.41342129e-02  4.74077985e-02  6.88281804e-02 -7.16702128e-03
  5.01873493e-02 -1.26620634e-02 -6.61609471e-02 -4.44651907e-03
 -5.25956228e-02  6.25512451e-02 -2.39354689e-02 -1.71528179e-02
  1.20493941e-01  5.56693785e-02  7.68056139e-02  3.17527689e-02
 -1.46847889e-02  8.70999247e-02 -3.06721982e-02  6.17515966e-02
 -5.26291840e-02  5.12385927e-02  3.12801562e-02 -1.60422256e-32
  1.72799472e-02  4.01477627e-02 -3.38247418e-02 -1.09961396e-03
  5.85544705e-02  2.77559608e-02  3.01390979e-02 -1.64080132e-02
 -5.13637289e-02 -5.31026684e-02 -1.49207534e-02 -8.55937526e-02
  8.45568478e-02 -8.61674920e-03 -8.04600418e-02  2.08254047e-02
 -1.18142731e-01 -3.19846831e-02 -7.72469724e-03  3.79250348e-02
  1.42894201e-02  1.17564462e-01  1.58680379e-02 -3.11796404e-02
  1.54204678e-03 -7.69745857e-02 -1.26978029e-02 -3.70513983e-02
 -6.14967532e-02 -1.27229560e-02 -2.06659101e-02 -9.88960452e-03
 -5.87596595e-02  1.37418032e-01 -5.73157556e-02 -3.24074477e-02
 -5.71644679e-03 -6.41453825e-03 -1.63716096e-02  9.41893309e-02
  4.63479236e-02  2.40374077e-02  2.41290089e-02 -9.00631920e-02
 -6.85496852e-02 -9.44234505e-02 -4.88568693e-02 -1.13379732e-01
  4.69543412e-02 -3.24889757e-02  6.96001276e-02 -2.17434578e-02
 -9.98635665e-02 -1.37444846e-02  5.81258014e-02 -9.52863321e-02
 -2.97789113e-03 -1.01871721e-01 -1.16379477e-01  1.37480740e-02
  1.21832535e-01  3.85402367e-02 -4.94917668e-02  1.21247228e-02
  2.21856479e-02 -4.66726869e-02  1.81025676e-02  3.58142331e-02
  1.06522709e-03 -1.82616673e-02  3.08937468e-02 -8.23633447e-02
 -3.69393937e-02 -2.27088183e-02 -1.84977651e-02 -5.93470521e-02
 -2.98858322e-02 -3.69710661e-02 -1.02813086e-02 -1.97230671e-02
 -3.34654674e-02 -1.05066612e-01  1.35607105e-02 -1.56220095e-02
 -8.14031512e-02  5.16476706e-02 -7.35902088e-03  1.35557512e-02
  3.31787653e-02  4.14849333e-02 -5.65927550e-02 -1.65051855e-02
  1.43517787e-02 -2.81983949e-02 -4.13092226e-02 -6.81920866e-08
  3.97916734e-02  3.24844085e-02  4.26666141e-02  1.35335103e-02
 -1.12868631e-02 -8.63268673e-02 -5.99217862e-02  3.30069032e-03
  2.16995720e-02  1.74338538e-02  1.10228499e-02  2.08003595e-02
 -4.72296476e-02  2.72957841e-03  4.21506241e-02 -6.40709773e-02
  1.55484276e-02  7.02929646e-02 -2.14394704e-02 -5.05851172e-02
  2.80430224e-02 -3.94074842e-02 -9.74554643e-02 -1.74514055e-02
 -8.20667110e-03  4.97085229e-03 -4.81167398e-02  1.38258850e-02
 -7.11928122e-03  5.17635718e-02  2.38748677e-02 -4.32455800e-02
  3.47087309e-02 -1.15186773e-01 -3.94608378e-02 -2.15567928e-02
 -1.77321751e-02 -2.70549320e-02 -5.70582412e-02  3.22364829e-02
  9.40164179e-02 -4.70126979e-02 -1.14190588e-02  1.81484539e-02
  7.83031527e-03  4.29070853e-02 -4.12837341e-02  7.03220442e-02
 -8.46369378e-03 -1.28285289e-02 -5.00142500e-02  4.23681550e-03
  2.55070776e-02 -1.61316432e-02 -9.48058069e-03  1.79085806e-02
  6.21183477e-02  4.12849197e-03 -4.56886329e-02  2.21023709e-03
  5.23310192e-02  6.39692508e-03 -1.44182164e-02 -5.21904528e-02]