[-4.97834012e-02  2.04828959e-02 -7.65721202e-02 -4.02379632e-02
 -6.70583770e-02  3.96908708e-02 -2.11086851e-02  7.91110769e-02
 -3.14701200e-02  5.59287295e-02  7.59392083e-02  3.94521616e-02
 -3.06679048e-02  1.44599946e-02 -5.79745322e-03 -3.15835029e-02
 -4.76516178e-03  9.29778144e-02  8.29594024e-03  8.96793790e-03
  1.58730209e-01 -4.79526334e-02 -3.04989088e-02  5.00174761e-02
 -7.41883740e-02 -1.17261335e-02 -5.18468954e-02 -1.02352891e-02
 -4.93794233e-02 -5.63964881e-02 -4.10618335e-02  5.09333052e-02
  1.50990160e-02 -3.62182059e-03  2.23080907e-02  9.07926336e-02
  1.89035535e-02 -1.32805808e-02 -2.80105229e-02  3.78419980e-02
 -1.00214586e-01 -9.21254791e-03 -4.79201786e-02 -5.99025562e-02
  4.32151258e-02 -2.40949206e-02  1.34322681e-02  5.34973927e-02
 -7.51078799e-02 -7.60313049e-02  5.07059693e-03 -1.05900066e-02
 -3.03049684e-02  3.93975079e-02 -9.31504276e-03 -4.71684821e-02
 -2.60967985e-02 -4.01285365e-02 -1.44587830e-02 -9.60361212e-03
 -4.71827090e-02  1.89558715e-02 -7.33211488e-02 -1.13105075e-02
 -6.72312081e-02  3.43734771e-02 -3.69481444e-02 -5.16663715e-02
 -1.30576072e-02  8.48605782e-02  1.38586173e-02 -6.61185756e-02
  1.86248682e-02 -4.87289131e-02 -5.68999127e-02  4.56828661e-02
  4.42448407e-02  5.50195388e-02  3.71680669e-02 -1.93618447e-01
  7.14284331e-02  6.38366416e-02  1.59708615e-02 -7.00611547e-02
  3.01695019e-02 -6.34032562e-02  1.95244141e-02  3.16512436e-02
  1.15322068e-01  2.05377508e-02  4.20547239e-02  5.56505807e-02
 -3.86177115e-02 -4.22602221e-02 -1.68971624e-02 -2.60891691e-02
 -3.65140736e-02 -1.05422571e-01  6.78990856e-02 -8.72107875e-03
  5.95133156e-02 -2.54701916e-02 -2.17531156e-02 -3.43289673e-02
 -4.23249118e-02 -2.16178875e-02  1.00721084e-02 -9.28700028e-04
 -1.54564325e-02  6.73470274e-02 -1.06500000e-01 -7.93227181e-03
 -1.61625277e-02 -5.79331294e-02 -3.31341196e-03  4.54344973e-02
 -4.23838459e-02 -2.55752169e-02  4.64958549e-02 -2.34003272e-02
  4.67443746e-03  1.91983636e-02  4.76638712e-02 -8.42729397e-03
  4.78194989e-02 -9.64321941e-02 -5.93135171e-02  9.48563917e-33
  4.23497870e-04 -8.19373578e-02 -3.37011106e-02 -3.90701406e-02
  2.30469182e-02  4.93658297e-02  1.29227852e-02  3.76122147e-02
  2.04206612e-02  7.95649290e-02 -2.18123365e-02  4.22742441e-02
 -3.53788510e-02  1.26893865e-04  1.03426382e-01 -6.71902746e-02
  3.30463573e-02  3.02731227e-02  2.63045309e-03 -1.86315831e-02
  2.22864212e-03  3.67283113e-02  4.05779220e-02 -1.31875286e-02
 -2.83385143e-02  5.07621169e-02 -6.10073581e-02  6.33073552e-03
 -6.98977187e-02  5.46789840e-02  3.82822305e-02 -3.22515741e-02
  3.08141615e-02 -1.90199744e-02 -1.02641352e-01 -2.15746686e-02
 -2.90175974e-02 -5.11658471e-03 -1.83860101e-02 -4.88509201e-02
 -3.29695418e-02  3.48709263e-02  1.88001357e-02 -1.38922473e-02
  5.87161370e-02 -4.81603332e-02  5.27901165e-02 -3.86199430e-02
  1.55798132e-02  6.42042607e-02  3.16392705e-02 -4.94389888e-03
  3.00356802e-02 -6.65511340e-02 -2.06832923e-02  2.65015289e-03
 -1.12295292e-01  5.27730845e-02 -6.66376874e-02 -6.54271767e-02
  1.87893342e-02 -6.80579711e-03 -3.82899232e-02 -7.11147338e-02
 -2.85735745e-02 -3.03873681e-02  8.77057109e-03 -5.52908378e-03
  6.55414462e-02  5.56969829e-02 -8.24410021e-02  2.39832103e-02
 -2.61736512e-02 -1.36885862e-03  5.80831990e-02 -6.05069250e-02
  6.21554367e-02 -3.42195071e-02 -8.42244551e-02  2.98107532e-03
 -2.75683980e-02  1.47349378e-02 -4.21630405e-03 -3.44063379e-02
  8.11124444e-02 -1.28061641e-02  6.62911981e-02  3.17317955e-02
  1.92544970e-03  4.24691774e-02 -1.89360604e-02  3.97062041e-02
  2.46712612e-03  9.16101336e-02  1.28267527e-01 -1.18981378e-32
  2.25612540e-02  2.18484756e-02 -4.48138975e-02 -2.76613235e-02
 -4.16441821e-02  2.16732011e-03 -4.01105061e-02 -4.64993306e-02
 -3.50611061e-02 -1.08404048e-01 -1.04833446e-01 -1.09677292e-01
  4.89778481e-02  2.16342881e-02 -7.41736367e-02 -4.78614159e-02
 -7.61883631e-02 -4.11460921e-02 -3.80043052e-02 -3.40159400e-04
  3.23801413e-02  1.08879462e-01  2.87934509e-03 -9.39606037e-03
  4.73184474e-02 -4.25757654e-02 -2.79216841e-02  6.62663877e-02
 -7.08116442e-02 -3.62519734e-02  7.35134184e-02  1.53335873e-02
  1.56501634e-03  9.14588347e-02 -1.95657928e-02 -5.51232025e-02
  7.88165331e-02 -1.34543877e-03 -3.26231569e-02  8.02329481e-02
  6.26533180e-02  1.13762148e-01  3.20943557e-02 -4.78388257e-02
 -5.09308241e-02  3.51520581e-03  4.25703339e-02 -8.53317678e-02
  4.10650373e-02 -1.03110574e-01  5.26157320e-02 -6.54782429e-02
 -5.80206187e-03 -2.11665500e-02  5.02533093e-02 -7.33500421e-02
  2.03504078e-02 -8.42203125e-02 -8.33555833e-02  5.50565980e-02
  5.65031394e-02 -1.54751707e-02 -6.35716319e-02  2.87822578e-02
  1.49461836e-01  1.31695326e-02 -1.30041242e-02  1.94209106e-02
  9.41043198e-02  3.90119851e-02  6.17782632e-03  2.62004300e-03
 -9.60827470e-02 -2.78459601e-02  1.49314525e-02 -6.82880217e-03
 -3.60762961e-02 -6.76388890e-02 -5.17983064e-02 -4.67837453e-02
  1.26131987e-02 -7.73930848e-02 -9.65365581e-03 -2.80421134e-02
 -4.55066338e-02 -3.07414075e-03 -1.03066908e-02  9.00918841e-02
  3.88958678e-02  8.30732882e-02 -1.60440076e-02  5.21348324e-03
  1.17679641e-01  1.56711228e-02  6.71838131e-03 -5.91972587e-08
 -1.54353296e-02 -1.14095602e-02  1.11166053e-02 -7.33906496e-03
  4.51596454e-02 -7.64254201e-03 -2.02439204e-02 -1.40433926e-02
 -2.73443852e-02 -4.01726440e-02  2.00629625e-02 -1.96447726e-02
  1.25980768e-02  5.45714684e-02  6.03897423e-02 -6.97030351e-02
  8.98552835e-02  5.69132157e-02 -2.17540953e-02 -5.99338580e-03
  6.40369803e-02 -3.24094407e-02 -1.34990036e-01 -2.35822145e-02
  3.88576253e-03 -1.49613023e-02 -8.00349470e-03  3.49564245e-04
 -4.24676836e-02  5.58497012e-02  3.15854885e-02  3.75300013e-02
  6.99222237e-02 -5.20205423e-02 -2.06264611e-02  1.73433020e-03
  3.55099849e-02  5.73641481e-03 -1.39956577e-02 -6.91094249e-03
  1.43448427e-01  3.49016637e-02 -4.73264279e-03 -1.80573165e-02
 -1.70789845e-02 -5.73372021e-02 -4.82280785e-03 -6.87204767e-03
  2.33477005e-03 -2.99348906e-02 -4.66082804e-02  7.77737200e-02
  2.20358633e-02 -5.17259724e-03  1.19056953e-02 -5.09641357e-02
  4.24817987e-02  1.85942929e-02 -1.98390130e-02 -5.39007150e-02
  1.34936318e-01  6.83303699e-02  4.19769883e-02 -2.92356070e-02]