[-5.82560077e-02  1.74241737e-02 -6.41825423e-02 -7.95689076e-02
 -9.24512520e-02  3.54395732e-02  3.04547139e-02  8.24016929e-02
  2.47601848e-02  8.04940015e-02  7.77453110e-02  3.31123993e-02
 -1.76879705e-03  4.85676862e-02  6.23356597e-03 -6.48072409e-03
 -3.04422081e-02  2.95847580e-02 -8.63503590e-02  9.07143131e-02
  6.16195537e-02  6.96584955e-03 -1.06819019e-01  7.48032779e-02
 -1.23990327e-01  1.22064464e-02 -3.61943357e-02 -1.19029544e-02
  8.31011124e-03 -7.11822137e-02  1.08140288e-02  4.64493111e-02
  9.48804170e-02  2.19501555e-03 -3.27403992e-02 -3.39376368e-02
  6.50130361e-02 -8.87244120e-02 -1.16312373e-02  4.09030095e-02
 -2.51722522e-02 -6.05805740e-02 -5.52898720e-02 -3.77058126e-02
 -7.16034845e-02 -4.31535393e-02  4.62003164e-02  8.58859718e-02
  1.92940999e-02 -2.01578327e-02 -4.40272614e-02  5.11535406e-02
 -1.07466474e-01  1.74220260e-02 -1.55318622e-02 -6.68762997e-02
  2.34051291e-02  3.39252874e-02 -1.88983716e-02  4.20519188e-02
  1.98653843e-02  9.15667936e-02  1.08788498e-02  6.99621588e-02
  6.39706943e-03 -2.58720238e-02  3.28788534e-02 -4.62186038e-02
 -7.10646808e-02  5.88819496e-02  2.71266443e-03 -1.10938050e-01
  3.20733525e-02  8.18154365e-02 -3.51287536e-02  7.67591074e-02
  4.36816067e-02  4.10491303e-02  1.61856897e-02 -1.07457891e-01
 -6.98335543e-02  2.99425926e-02 -4.33697328e-02 -6.90090284e-02
 -3.06398068e-02 -2.11193953e-02 -3.64840813e-02  8.88396800e-03
  6.89216331e-02  1.77812949e-03  1.36287920e-02  3.27663347e-02
  7.54871592e-03 -7.41849169e-02  9.05398745e-03 -1.07039148e-02
  7.51049593e-02 -2.09742393e-02  6.04224019e-02 -6.09434582e-02
  5.01890741e-02 -8.42941273e-03 -1.33101679e-02  5.51788653e-05
 -6.74003810e-02  2.01604497e-02 -3.15311253e-02 -6.51694760e-02
  6.20008186e-02  8.83870646e-02 -7.31455460e-02 -3.57952677e-02
 -3.71821932e-02 -1.29510313e-02 -7.03618973e-02  3.40211317e-02
 -4.18293066e-02 -1.22519890e-02  3.77205834e-02 -2.61609815e-02
 -1.31624825e-02 -7.08263516e-02  5.57724014e-02 -4.51450571e-02
 -1.40178567e-02 -8.33885074e-02  8.98920093e-03  1.09260312e-32
 -1.16230085e-01 -6.61557093e-02 -2.96110846e-02  5.85819595e-02
 -3.93994302e-02  5.02533466e-03 -2.47917492e-02  3.36640961e-02
 -2.61262599e-02  1.57562718e-02 -5.14082015e-02  9.37350839e-02
 -2.15591360e-02  1.03064813e-01  8.70210975e-02  3.31657194e-02
 -4.29433808e-02 -3.15710679e-02 -4.71436325e-03  2.94626448e-02
  3.18159238e-02  3.42375636e-02  4.76449616e-02  4.96067759e-03
  1.40702147e-02  7.73556232e-02 -1.88939925e-02 -9.16941762e-02
 -2.65320558e-02  4.27688025e-02  3.85625437e-02 -5.89558594e-02
  5.81845455e-03 -1.89510603e-02 -8.88006017e-02  4.21289988e-02
 -1.03907790e-02  4.86988053e-02 -3.63333896e-02 -4.48965281e-03
  1.88019592e-02 -2.51741540e-02  1.67673286e-02  3.06990612e-02
  3.05688977e-02 -6.97459048e-03  5.93726039e-02 -4.87126485e-02
  2.13658996e-02  5.60880043e-02 -9.62886214e-02 -8.74953568e-02
  1.87289882e-02 -1.07686318e-01  1.05331652e-02 -7.82493595e-03
 -1.77411765e-01  5.79260513e-02 -4.51872386e-02 -5.36719337e-02
 -1.93165299e-02  3.20260264e-02  2.24375236e-03 -3.59814405e-03
 -1.51916686e-02 -4.84491773e-02 -7.38192163e-03 -3.23266946e-02
  8.64237770e-02  3.52258645e-02 -3.78372259e-02  6.59383461e-02
 -6.91731870e-02  5.24673462e-02  1.76390223e-02 -1.60844414e-03
  3.72332782e-02  2.82780849e-03 -3.28802466e-02  2.41064699e-03
 -1.19616859e-01 -1.03496260e-03  1.60438307e-02  4.29097079e-02
  8.13106894e-02  6.39356375e-02  4.18566214e-03  5.37672155e-02
 -2.65192557e-02  6.64235353e-02  1.50275454e-02  1.69043299e-02
 -2.35347403e-03 -4.23174240e-02  1.12991393e-01 -1.47289942e-32
  4.42549847e-02 -3.70401889e-03 -2.57500121e-03  1.40529638e-02
 -6.76433416e-03 -8.45438987e-03 -5.59226908e-02  1.20601952e-02
 -5.44953048e-02 -1.24040149e-01 -6.87133148e-02 -5.40916324e-02
  8.84898230e-02 -1.66568495e-02 -3.89953516e-02 -3.08946166e-02
 -4.83474508e-02 -7.80887082e-02 -2.59066150e-02 -3.15083982e-03
 -6.88276114e-03  2.77991910e-02 -1.20955296e-02 -4.31083608e-03
 -1.66370887e-02 -1.05230488e-01 -3.28831449e-02 -5.61330579e-02
 -3.41221690e-02  2.49074586e-02  7.05376342e-02  4.63650078e-02
 -1.99180301e-02  7.32332170e-02 -2.97883768e-02 -5.67411520e-02
  7.04921503e-03  3.11027225e-02 -2.36286279e-02  3.45912599e-03
  1.31721208e-02  7.85629526e-02  5.14561422e-02 -3.33446898e-02
 -6.06463477e-02 -6.40948936e-02 -6.09044582e-02 -1.25519603e-01
  2.88129766e-02 -2.20442247e-02  1.19813368e-01 -3.31902653e-02
 -7.25481138e-02 -5.46728969e-02  1.90575775e-02  1.46124251e-02
  5.58856167e-02 -4.94116619e-02 -5.11892624e-02 -9.24318098e-03
  7.24990889e-02  9.43042859e-02 -1.64142493e-02 -1.05653316e-01
  6.09418377e-03  3.90603836e-03 -4.81589101e-02  2.17384677e-02
  6.76337164e-03 -2.69080885e-02  1.25693902e-01 -1.40094534e-01
 -6.60586655e-02  3.32361460e-02  2.26371065e-02 -5.99214770e-02
 -2.08224449e-02  4.02754210e-02  4.23944965e-02  3.57450694e-02
 -3.07468306e-02 -6.47300482e-02 -1.06347157e-02  3.67425792e-02
 -3.03577613e-02  4.40805294e-02 -3.15366909e-02  7.36502977e-03
  1.29482597e-02  4.46652733e-02  2.19155047e-02  2.76330188e-02
  5.76076563e-03  3.24926116e-02 -4.01648395e-02 -6.11835773e-08
 -2.76869256e-03 -7.55928904e-02  2.72969175e-02  4.63063270e-02
 -5.84926605e-02  3.64285298e-02 -1.61895137e-02 -3.44612934e-02
 -3.83551778e-05  2.68659145e-02  4.87992465e-02 -4.66640592e-02
 -3.93454023e-02  4.08998467e-02 -9.33932979e-03  2.22497806e-02
  3.05643398e-03  6.63940012e-02 -2.14460529e-02 -1.14906421e-02
 -2.25951262e-02 -5.61327226e-02 -5.82663976e-02  1.48644792e-02
  4.55803797e-02 -1.07546924e-02 -1.41227534e-02 -6.65675998e-02
  5.28504476e-02  6.00231392e-03 -4.41152900e-02  2.69947629e-02
 -2.42895726e-02 -3.02397162e-02 -5.62345572e-02 -3.88470143e-02
  5.00861593e-02 -2.98374835e-02 -4.58372347e-02  1.00258635e-02
  1.45459220e-01 -5.16705262e-03  4.23715031e-03 -5.47172241e-02
  4.53102812e-02 -2.79385354e-02 -1.23633526e-03  4.75342721e-02
 -8.05908162e-03  2.77806800e-02 -6.31485358e-02  2.25514360e-02
  2.61726528e-02  2.58791316e-02 -3.88771631e-02 -1.78045724e-02
  2.78155543e-02 -5.25199808e-03  9.57888085e-03 -1.18562412e-02
  6.89199865e-02  6.66678250e-02  1.17303848e-01 -4.29299921e-02]