[ 1.95495114e-02  6.91703632e-02  8.03935865e-04 -4.27521430e-02
 -6.74556121e-02  4.92953463e-03  1.26556214e-02  6.56733215e-02
  5.90756163e-03  9.19800103e-02  1.35401905e-01  1.07406056e-03
 -2.04382297e-02  2.03117821e-02  5.38156368e-03 -2.03841832e-03
  5.32458313e-02  4.77212062e-03  1.88174173e-02  8.80271122e-02
  1.59447297e-01 -4.90710102e-02 -9.59796906e-02  6.15700670e-02
 -2.04289835e-02 -2.51091197e-02 -8.06408823e-02  7.98791647e-03
 -4.91358489e-02 -8.83688591e-03 -7.93175714e-04  3.26851122e-02
  1.29386395e-01 -4.69780564e-02  6.99099675e-02  6.16833717e-02
  3.95308435e-02 -4.26800922e-02 -6.35153707e-03  5.10092340e-02
 -7.01072812e-02 -6.06905334e-02 -6.71015978e-02 -7.04735219e-02
 -2.97498219e-02 -2.71944627e-02  6.89321384e-02  5.32425717e-02
 -2.36461796e-02 -3.95273864e-02 -3.43970619e-02 -2.45245006e-02
 -1.03680585e-02  1.38458638e-02 -1.00963572e-02 -6.56904131e-02
 -5.49465455e-02 -1.00285411e-02 -1.23932690e-03 -5.32455295e-02
 -5.53417094e-02  3.87392081e-02 -1.49312429e-02 -2.90459041e-02
  7.81840757e-02 -1.13024553e-02  1.56010380e-02 -4.61455286e-02
 -4.55537364e-02  4.63884175e-02  9.04564559e-02 -4.26823571e-02
 -3.32046114e-03  1.34993289e-02 -2.84599736e-02  7.26562813e-02
 -3.69669357e-03  5.79221770e-02 -2.39460599e-02 -1.87892556e-01
 -7.94350076e-03  1.55295674e-02 -3.03765815e-02 -7.97258466e-02
 -5.60203865e-02  4.07991419e-03 -1.28382500e-02  9.98729561e-03
  9.22672302e-02 -2.91111823e-02 -9.69461817e-03  1.51558286e-02
 -4.97180521e-02 -1.67489033e-02 -1.47492848e-02 -5.18907942e-02
 -4.40296307e-02  1.13806073e-02  1.41339432e-02 -2.53844243e-02
  1.06101237e-01  5.15579283e-02 -2.85669626e-03 -7.61664100e-03
  2.57697562e-03  5.88494400e-03 -6.79127350e-02 -8.74358118e-02
  1.48500279e-02  1.03540719e-01 -5.75947165e-02 -2.85258610e-02
 -6.25618100e-02 -5.04370332e-02 -8.78431275e-02  4.85215709e-02
 -1.03784598e-01 -5.69945648e-02  2.23759189e-02 -6.58432543e-02
  3.00233457e-02 -1.55686662e-02  1.61145739e-02 -3.99238020e-02
 -9.94113274e-03 -3.83987017e-02  2.74914689e-02  7.72626649e-33
 -1.95471719e-02 -7.78680444e-02  3.49056982e-02 -8.93201120e-03
  2.88884640e-02 -3.37801240e-02 -1.57108121e-02  9.09018982e-03
  1.32242218e-02 -1.37875117e-02 -1.45438127e-02  1.68184098e-02
 -1.03910482e-02 -1.14337243e-02  1.23430148e-01 -5.36878258e-02
  1.11110188e-01  1.54891135e-02  5.32076992e-02  4.62778769e-02
 -1.05406754e-02 -2.09565070e-02 -6.61061108e-02 -1.79416705e-02
  6.19963277e-03  7.71451071e-02 -5.17059639e-02 -9.38902237e-03
 -3.65602598e-02  6.61705062e-02  4.52525616e-02  2.53323838e-02
  3.45541500e-02 -4.08348516e-02 -9.17697474e-02 -5.64936735e-02
 -4.26379126e-03 -2.59699356e-02 -6.65488541e-02 -5.25521338e-02
 -6.51985779e-02  8.21598340e-03  1.93583742e-02  5.34429513e-02
 -2.03767070e-03 -6.85972646e-02  6.27036393e-02 -3.55819333e-03
  7.93859661e-02  5.71315475e-02 -1.19067915e-02 -5.45193516e-02
 -4.04037535e-02 -5.89939319e-02 -4.23037410e-02 -6.33555371e-03
 -7.70446435e-02  2.19908077e-02 -1.83063373e-02 -6.33179992e-02
  5.40845655e-03 -2.40976084e-02 -3.70482774e-03  1.70394778e-02
 -3.80175821e-02 -5.02678268e-02  5.65182157e-02  1.04204856e-01
  1.28069445e-01  7.19809756e-02 -5.44672199e-02  5.48246375e-04
 -6.86925650e-02  1.05994232e-02  2.26213094e-02 -9.91722941e-03
  8.72546211e-02  2.98470841e-03 -1.16104465e-02  3.34937833e-02
 -6.16439246e-02 -2.77721602e-02 -7.75544047e-02  1.18491435e-02
  4.47952002e-02  7.18797147e-02  6.67631775e-02  5.41939959e-02
  2.73763668e-03  4.68126126e-02 -1.81061227e-03  9.20745805e-02
 -2.90865339e-02 -1.06754550e-03  1.51362894e-02 -1.17255775e-32
 -7.40814535e-03  1.27154347e-02 -2.94033643e-02  2.25600394e-04
 -1.29964948e-02  2.04629283e-02  3.29880230e-03 -3.23588587e-02
 -9.71564800e-02 -1.12220764e-01 -1.53631777e-01 -8.06715414e-02
  6.92153350e-02  1.38933519e-02 -1.11060604e-01  5.65088391e-02
 -6.13024272e-02 -4.20661755e-02 -3.86483259e-02 -1.68550815e-02
 -8.74829758e-03  1.08029269e-01  7.79812038e-02  1.20448777e-02
 -2.01179888e-02 -8.85231644e-02 -5.04385419e-02 -9.92620178e-03
 -8.48461017e-02 -3.88288684e-03  4.68291454e-02  6.23765662e-02
 -3.25608552e-02  7.74577186e-02 -6.71166927e-02 -4.21615057e-02
  5.20017706e-02 -2.19810288e-02 -8.56806897e-03  8.14030319e-02
  3.42882387e-02  4.17759046e-02  2.05462407e-02 -3.07007693e-02
 -7.68755674e-02 -2.36798860e-02  1.05649782e-02 -1.24099828e-01
  9.28488299e-02 -5.95660023e-02  6.41086027e-02  5.42508555e-04
 -2.85714194e-02  1.03336805e-02  2.50856485e-03 -3.30818631e-02
 -3.55550647e-02 -8.07772949e-02 -1.72393788e-02 -1.25693642e-02
  2.64783558e-02  3.36041786e-02 -7.72809312e-02  1.73881687e-02
  9.67556462e-02 -4.09574695e-02  7.59221520e-03  1.73332973e-03
  1.38232708e-02 -2.95818094e-02  5.24621829e-02 -2.31073853e-02
 -3.70355099e-02 -2.05392223e-02 -1.25095844e-02 -3.06730568e-02
 -7.72491843e-03  4.87855030e-03 -1.99089851e-02  5.12694661e-03
 -2.90358104e-02 -1.62335783e-02 -1.70624219e-02 -3.45137045e-02
 -5.06236441e-02 -7.16884295e-03 -2.36475952e-02 -1.33877313e-02
 -3.03921588e-02  1.09828487e-01 -4.93971668e-02  4.72762436e-02
  1.53897395e-02  9.46886092e-03 -8.33906010e-02 -5.91594791e-08
  1.87677648e-02 -3.66663141e-03  6.28485084e-02  3.47794332e-02
  3.16450857e-02 -5.16628288e-02  2.27445886e-02  6.02108836e-02
  3.26612554e-02  2.37499233e-02 -1.15109943e-02 -2.96144262e-02
 -5.11619300e-02  1.94240659e-02  1.42331962e-02 -6.06221668e-02
  8.57103765e-02  2.97841690e-02 -6.28904253e-02 -2.34946497e-02
  3.75479683e-02 -2.52354350e-02 -6.81507960e-02 -4.50838730e-02
  3.50174978e-02 -4.01213542e-02  1.26761431e-02  1.85194444e-02
 -1.25807086e-02  3.90008911e-02 -3.21945432e-03  1.68215809e-03
  5.80830388e-02 -5.79113849e-02  1.13309016e-02 -4.96133119e-02
  2.78722104e-02  4.00168486e-02 -7.50173479e-02 -2.49207821e-02
  5.32746278e-02 -8.34117010e-02 -1.28569435e-02  3.97570152e-03
  8.61239270e-04  9.11306962e-03 -5.59669584e-02  8.60517919e-02
 -1.53165683e-02 -1.07396645e-02 -4.78575677e-02  8.19941517e-03
  5.67210987e-02  4.41434644e-02  4.26340699e-02 -1.13744708e-02
  7.86211640e-02 -1.14171766e-02 -6.03224523e-03 -3.60368863e-02
  1.62119165e-01  8.80040228e-02  1.95848513e-02 -3.03602368e-02]