[-3.45621407e-02  3.50803211e-02 -6.48108721e-02 -9.66072902e-02
  1.78088876e-03 -8.08117166e-03 -2.76565682e-02  3.02230567e-02
 -1.67695582e-02  5.48174903e-02  1.68454051e-02 -7.89997354e-03
 -7.49956891e-02 -3.27804103e-03  2.64144279e-02 -4.96090166e-02
  6.92268312e-02 -2.77503603e-03  5.45093901e-02  3.67088355e-02
  1.60773322e-01 -3.07906121e-02 -6.48063421e-02  3.23842056e-02
 -1.15931921e-01 -4.51862030e-02  4.68993065e-04 -3.74982902e-03
 -8.79150182e-02 -4.51004878e-02 -4.61597368e-02  3.25220414e-02
 -2.91522928e-02 -1.22994855e-02  5.66135459e-02 -3.68649662e-02
  7.19727650e-02 -2.72633526e-02 -1.28734605e-02  6.71152920e-02
 -5.09342328e-02 -4.90448996e-02 -7.89201036e-02 -6.94927424e-02
 -9.08199511e-03 -4.45415750e-02  9.88288224e-02  1.80689618e-02
 -5.03102690e-02 -3.94408107e-02 -3.99884060e-02  2.42005028e-02
 -3.88819799e-02 -2.92379409e-02 -2.07085833e-02 -3.67859006e-02
 -3.58976237e-02  1.03914859e-02  1.15255658e-02  2.18496360e-02
 -5.66309541e-02  4.65538874e-02 -7.86899403e-02 -4.71026928e-04
  8.52932632e-02 -8.95648375e-02  7.11036427e-03  4.39195670e-02
 -4.56105955e-02  2.03026645e-02  6.23574108e-02 -8.73507932e-02
  2.26262528e-02 -5.71770966e-02 -1.06183218e-03  7.07802847e-02
 -1.48308706e-02  8.25519040e-02  3.19240615e-02 -1.70658201e-01
  6.84242183e-03 -3.09097562e-02 -1.92559678e-02 -4.41948101e-02
 -8.69285129e-03 -3.89931351e-02  1.79121625e-02  4.16787751e-02
  1.14186764e-01  2.13326588e-02  1.18290797e-01  8.02711844e-02
 -4.27559279e-02  9.85988136e-03  2.35198974e-03 -1.28799397e-02
  1.95662901e-02  1.25133526e-02  9.01607797e-02  4.08074819e-02
  1.22205406e-01  6.14076480e-02 -2.75417287e-02 -4.06210534e-02
  4.64775320e-03  3.91270109e-02 -2.23144866e-03  3.51618603e-02
  8.65661502e-02  6.33213222e-02 -7.46108294e-02 -1.53133748e-02
 -7.21916333e-02 -9.00122821e-02 -6.78414181e-02  2.02128943e-02
 -2.94817928e-02 -2.42297743e-02  4.71918471e-02 -2.51039267e-02
  4.85707670e-02 -3.57518233e-02 -3.18082701e-03 -1.45357624e-02
  4.85343896e-02  6.22745650e-03 -3.99818365e-03  1.02582350e-32
 -2.36735679e-03 -5.49092107e-02 -3.07207890e-02 -3.80672626e-02
 -7.12461397e-02  5.71618490e-02 -6.83506355e-02  5.92284277e-02
 -2.84712370e-02  6.80388436e-02 -6.64634779e-02  3.10018677e-02
 -2.63916142e-02  1.06035573e-02  7.58178458e-02 -4.62369323e-02
  9.68179572e-03  2.42127273e-02  1.14040431e-02 -1.12154856e-02
  1.04448050e-02 -3.29908952e-02  1.72311056e-03  3.16103101e-02
 -1.36997281e-02  1.02406323e-01 -6.29132167e-02  9.25760251e-03
  1.00792628e-02  5.57096079e-02  1.00121163e-01 -2.47992110e-02
  4.03416418e-02  9.09341127e-03 -9.36055705e-02 -3.64115485e-03
 -6.37394423e-03  3.99473263e-03 -1.15622478e-02 -3.87560315e-02
 -5.23397513e-02  1.97399706e-02  3.57711576e-02  3.62927802e-02
  1.78478695e-02 -4.91593592e-02  5.14960997e-02 -2.90519074e-02
  8.22790265e-02  4.90166992e-02 -4.41502146e-02 -5.62277213e-02
 -2.20231060e-02 -4.75517400e-02  2.74055619e-02 -9.93717648e-03
 -8.32353085e-02  3.52419615e-02  1.42465290e-02 -6.54764771e-02
 -4.30718213e-02 -2.56956182e-02 -3.83078866e-02  1.17656449e-02
 -1.09003168e-02 -2.24530622e-02  2.47027390e-02 -2.80344364e-04
  1.08640634e-01 -2.13313214e-02 -7.36450404e-02  1.74904559e-02
  2.65145339e-02  2.98177246e-02 -1.79068632e-02 -3.66948196e-03
  5.44484444e-02  4.58012559e-02 -3.09233461e-02  2.97138374e-02
 -6.64711520e-02  4.20524217e-02 -1.49723620e-03 -2.55346708e-02
  6.75392970e-02  6.21961243e-02  3.57982740e-02  5.35827614e-02
 -9.30876238e-04  2.29064729e-02  3.20787169e-02  6.32183030e-02
  2.34560594e-02 -1.70122385e-02  8.60633180e-02 -1.18655355e-32
  1.42165301e-02  1.83918830e-02 -9.56846401e-02 -2.43899729e-02
  3.01058479e-02  4.04436374e-03 -2.11520381e-02 -3.68386768e-02
 -7.85227194e-02 -1.18446261e-01 -6.54841885e-02 -1.06279783e-01
  9.03069973e-02  1.41135696e-02 -6.80917352e-02 -1.15891183e-02
 -3.63335833e-02 -7.16567039e-02 -6.26627877e-02  9.44834575e-03
  1.87495947e-02  1.00512728e-01  5.34124412e-02  1.42615167e-02
  2.30743363e-02 -8.81593898e-02 -7.22005544e-03 -3.49119492e-02
 -1.96911721e-03 -1.97365927e-03  2.01977044e-02  2.46719941e-02
 -5.99655323e-02  1.69108972e-01 -1.27196182e-02 -3.17367576e-02
  6.18656948e-02 -1.57119520e-02 -2.58008223e-02  1.34614423e-01
  6.93758503e-02  8.68353695e-02 -3.17905173e-02 -7.84528628e-02
 -5.26986830e-02  2.48191934e-02 -3.11497431e-02 -1.12574153e-01
  3.27544101e-02 -1.04767732e-01  6.92897961e-02 -2.63198577e-02
 -2.06557326e-02 -6.51924312e-02  8.34877864e-02  6.83617173e-03
 -3.02318912e-02 -6.01103082e-02 -9.47866067e-02 -9.06286016e-03
  7.45909065e-02  3.92524302e-02 -3.60118300e-02 -3.10104303e-02
  9.61488113e-02  3.41288149e-02 -1.11629860e-02 -1.05470233e-02
  5.41024506e-02  2.00632550e-02  6.01787120e-02 -4.21949700e-02
 -8.95771086e-02 -2.07419228e-02 -2.86673196e-03 -1.39859412e-02
  3.10758706e-02  3.21105048e-02 -3.60252224e-02  2.91199163e-02
 -3.52760553e-02  3.85427801e-03  4.74898703e-03 -3.21169272e-02
 -8.03376734e-03  4.10974585e-02 -1.83180757e-02  1.35749613e-03
  4.43015946e-03  6.91553354e-02 -4.61520813e-02 -9.97205824e-03
  7.78309181e-02  5.25132269e-02 -2.98496950e-02 -6.67047004e-08
  2.80058067e-02 -7.63232186e-02 -6.84279366e-04  6.12094291e-02
 -2.01123897e-02 -6.37040101e-03 -2.41412893e-02 -1.95147768e-02
 -2.90960763e-02  8.30202475e-02  7.81529322e-02  1.39841635e-03
 -6.33771643e-02  3.52700353e-02 -1.91400517e-02 -1.59963202e-02
  1.75589608e-04  4.17704768e-02 -5.71800992e-02 -5.15300743e-02
  3.48438844e-02  2.74734851e-02 -9.22139585e-02 -2.57151872e-02
  4.89511900e-02  7.47071905e-03 -6.12401068e-02 -2.48073414e-03
 -6.33610121e-04  1.70403235e-02 -4.71207835e-02  9.48900729e-03
  7.21843494e-03 -1.09937876e-01 -1.27969095e-02 -3.27266976e-02
 -1.68713816e-02  6.83816075e-02 -2.94950679e-02  3.05713806e-02
  1.11978099e-01 -5.29328398e-02 -4.64828163e-02 -3.37086245e-02
  5.97934127e-02 -5.83760403e-02 -6.55195490e-02  4.16973084e-02
  1.74797047e-02 -2.14166287e-02 -7.82489553e-02  2.12944262e-02
  4.97169346e-02  3.21657746e-03  2.16838196e-02 -1.72731206e-02
  2.95904167e-02 -1.71798039e-02 -6.55771270e-02 -3.05038020e-02
  1.14774957e-01  3.80444303e-02  4.65090061e-03 -2.49838177e-02]