[ 4.29035015e-02  2.69051827e-02 -3.34656686e-02 -8.00500736e-02
 -7.90589675e-02  1.32472059e-02 -1.24560306e-02  1.20065719e-01
 -1.63670890e-02  5.53363003e-02  5.30764759e-02 -3.27328667e-02
 -2.80956719e-02  2.46749539e-02 -7.49240890e-02 -3.98252904e-02
  6.89676180e-02 -1.50113795e-02  8.36337544e-03  1.11341827e-01
  4.67565991e-02 -8.06085765e-02 -1.74746886e-02 -2.66701970e-02
 -3.56937759e-02  2.85567511e-02 -7.16296434e-02  1.21245254e-02
 -6.58349320e-03 -4.94588949e-02 -2.55310908e-02  1.39735073e-01
 -1.59883611e-02 -7.55674914e-02 -3.08945938e-03 -6.11718893e-02
  3.00334878e-02 -4.60908040e-02 -2.66636554e-02  5.74153289e-02
  3.61073874e-02 -7.14016855e-02 -5.79027459e-02 -3.59602906e-02
  3.32247950e-02 -7.57042617e-02 -5.40876351e-02  8.09976459e-02
  2.65297364e-03  3.00752465e-02 -1.03729635e-01 -3.45855244e-02
 -2.74437899e-03  5.32538593e-02 -7.01893941e-02 -4.78812456e-02
 -1.11771952e-02 -1.18462713e-02 -1.10875035e-03 -2.83268234e-03
 -2.09903475e-02  4.88468222e-02 -6.42213523e-02  1.11358808e-02
  2.44555119e-02 -3.97434197e-02  1.94923375e-02  2.12086495e-02
 -3.22568677e-02  3.46087143e-02  3.97469066e-02 -6.37689829e-02
  3.47894914e-02  2.11124923e-02 -2.33207364e-02  4.25187200e-02
 -1.19896689e-02  6.09109402e-02  5.60367629e-02 -1.67095914e-01
  4.53987904e-02  7.38971913e-03 -3.48212793e-02 -3.26882452e-02
  1.24078672e-02 -1.89715959e-02  8.66214558e-03  2.35692691e-02
  7.18837902e-02 -1.52898431e-02  7.78265595e-02  1.12550452e-01
 -7.45949969e-02 -1.60792600e-02  4.41589355e-02 -1.60684146e-03
 -5.57486340e-02  5.26216626e-02  6.23280220e-02 -7.73857487e-03
  5.15202247e-03 -2.34003197e-02 -3.12269013e-02 -2.14325693e-02
 -1.27295643e-01 -1.09829605e-02  4.83768247e-03  3.31804447e-04
  1.29703563e-02  3.26572917e-02 -7.53589943e-02 -7.83964619e-03
 -1.23872915e-02 -9.20178890e-02 -3.10239159e-02  5.39901331e-02
 -1.58258341e-02 -3.20048332e-02  7.87915755e-03  2.58510783e-02
 -6.64510950e-03  3.26081961e-02 -2.45089661e-02 -1.54343965e-02
  5.34439012e-02 -3.50913145e-02  3.49678770e-02  1.44908875e-32
  1.63640454e-02 -7.71543458e-02 -4.55141952e-03  2.81466600e-02
  1.27352448e-02  8.15653279e-02 -4.17754427e-02  4.95923832e-02
 -4.43882607e-02 -4.19269018e-02 -1.20654039e-01  3.96376811e-02
 -1.44875543e-02 -2.69979239e-02  2.87982002e-02  5.86236455e-03
  5.97404726e-02  2.22182255e-02 -4.85069342e-02 -5.22101782e-02
  3.91026400e-02 -1.10602295e-02 -2.99069621e-02  3.91492546e-02
 -4.54714820e-02  1.18408523e-01 -2.16049515e-02 -3.27025875e-02
 -3.45024280e-02  3.04333773e-02  8.26875791e-02 -2.48869658e-02
  1.55946119e-02 -4.81757633e-02 -3.89653407e-02  5.72386906e-02
 -4.08280268e-02  2.33283429e-03 -2.25388892e-02  3.82628813e-02
 -1.01826087e-01  2.12018117e-02  8.01728815e-02  1.79517660e-02
  5.25830779e-03 -4.98295650e-02 -1.50674339e-02 -4.72001843e-02
  1.28999844e-01  2.56860126e-02 -5.63863292e-02 -2.55964249e-02
 -1.03203125e-01  1.87844429e-02 -1.29955253e-02  6.24168664e-02
 -1.38787821e-01  7.89075866e-02  1.75172947e-02 -6.72371238e-02
 -1.16062071e-02  8.77588168e-02 -7.62444735e-02  2.92818118e-02
  1.95118424e-03 -2.92945877e-02 -2.40357816e-02 -3.08460034e-02
  9.35166329e-02 -4.25652303e-02 -6.23842403e-02  3.35121294e-03
  4.39709611e-02  5.43829650e-02  4.93827797e-02 -2.48720143e-02
  2.09520496e-02  2.43843812e-02 -1.80631839e-02  4.23878152e-03
 -9.81792584e-02 -1.70358345e-02 -4.28978652e-02  4.70733596e-03
  6.89401105e-02  6.19259998e-02  8.93471390e-02  8.76309909e-03
 -1.49232596e-02  5.04469648e-02  3.35040577e-02 -5.08291200e-02
 -3.03962864e-02  3.70533997e-03 -1.54759092e-02 -1.60985083e-32
 -1.08736968e-02  1.70264170e-02 -1.99262449e-03  3.54533754e-02
  5.61064892e-02  6.19698390e-02 -1.76568683e-02  5.01117250e-03
  2.58632116e-02 -3.53544876e-02  2.59350259e-02 -3.13865915e-02
  9.15051922e-02  1.11485628e-04 -6.63074255e-02  6.17288984e-03
 -4.22690324e-02 -1.36646414e-02 -1.01487689e-01 -1.03400350e-02
 -4.54418212e-02  6.46785796e-02  8.41549858e-02  1.07698381e-01
 -6.48386125e-03 -3.38513181e-02  2.82121934e-02 -5.23468032e-02
 -7.74141178e-02  2.05110423e-02  1.50092887e-02 -4.12341282e-02
 -1.04975596e-01  8.61590877e-02 -1.05977990e-02 -4.54686545e-02
  3.16169783e-02 -2.87406854e-02 -1.36436513e-02  5.00058644e-02
  2.00763787e-03 -1.78275499e-02  2.88803931e-02 -2.92580971e-03
 -3.99034172e-02 -1.19149564e-02 -3.85810770e-02 -1.11116849e-01
  2.95844823e-02 -7.99640641e-02  9.17688236e-02  1.02760166e-01
 -2.09071152e-02  1.81905553e-02  8.06017742e-02 -4.78711762e-02
 -8.89458582e-02 -7.19161555e-02 -1.28412172e-01  8.02484006e-02
  1.17063776e-01  1.04387127e-01 -6.32175803e-02 -3.08172386e-02
  1.18884332e-01 -2.94185244e-03 -8.61967877e-02  6.01684675e-02
  4.59284708e-02  2.24702782e-03  7.65718073e-02 -3.20951752e-02
 -7.56929815e-02 -5.43210655e-02  2.86104847e-02  2.03891322e-02
  7.91824888e-03 -2.45771538e-02 -3.94977294e-02  2.71479245e-02
  9.38656740e-03 -6.88388497e-02 -2.24242602e-02  1.17025813e-02
 -4.16806303e-02 -4.81746793e-02  1.36201866e-02 -5.53017482e-02
 -1.52264433e-02  5.95945306e-02 -3.91244292e-02 -9.73100978e-05
  4.80691949e-03 -2.74211750e-03  6.75775111e-02 -6.24853058e-08
  9.31932405e-03 -5.27883181e-03  4.20324914e-02  6.37414083e-02
  3.18864919e-02 -2.79153977e-02 -5.49392104e-02  3.95898055e-03
 -6.76702410e-02  4.05489095e-02  1.10196292e-01 -4.46732603e-02
 -7.71641582e-02 -3.59354243e-02 -4.05369978e-03 -6.49006441e-02
  1.40428618e-02  1.07430398e-01 -3.42737436e-02 -2.44045015e-02
  9.81315970e-04  5.09895571e-03 -6.27519712e-02 -7.46299922e-02
  5.40881464e-03  8.87813699e-03  2.76445574e-03 -3.24169248e-02
 -1.61136445e-02  2.88065244e-02  1.68619845e-02 -4.36833203e-02
  1.65822562e-02 -2.17400976e-02 -7.04961270e-02  2.34409589e-02
 -4.95340042e-02  3.84457074e-02  5.56168798e-03  1.18978778e-02
  9.00972262e-02 -3.42150778e-02 -3.80636216e-03  2.45274585e-02
  2.39778664e-02 -5.19987158e-02 -4.23957556e-02 -5.36979968e-03
  4.87885550e-02 -9.64300409e-02 -3.20181549e-02 -3.77239008e-03
  5.75828850e-02 -2.98476685e-02 -1.81262009e-02  1.08424127e-02
  4.40024063e-02  5.55947945e-02 -7.51433969e-02  8.32282752e-03
  6.91670477e-02 -1.42894909e-02  3.19587588e-02  4.50105369e-02]