[-1.65133495e-02  6.77718595e-02 -4.29650806e-02 -4.70102951e-02
 -1.17265224e-01  7.76270498e-03  2.77866144e-02  1.02571718e-01
  3.36290225e-02  6.89676329e-02  9.48454514e-02 -2.82670520e-02
  3.96880060e-02  1.21670831e-02 -1.66154385e-03 -7.00687096e-02
  5.70379496e-02 -1.85991470e-02 -4.79071727e-03  3.22234295e-02
  9.97145250e-02 -6.01885282e-02 -9.03695598e-02  4.53843176e-02
 -1.24523126e-01 -9.00117122e-03 -9.97085124e-02  6.74837083e-02
 -3.00328974e-02 -5.60319535e-02 -8.18353817e-02  4.66588847e-02
  8.83176774e-02  2.19612885e-02 -2.04822123e-02  1.08465645e-02
  2.07020119e-02 -6.38273731e-02  1.13359559e-02  1.92329641e-02
 -1.11121900e-01 -6.17769137e-02 -1.08817846e-01 -7.53715858e-02
 -1.84633452e-02 -2.99373525e-03  3.90668865e-03 -1.41215362e-02
 -3.91717665e-02 -3.40784565e-02 -4.34082784e-02 -3.17346603e-02
 -2.53097862e-02  2.61196904e-02 -4.90615256e-02 -1.81224998e-02
  1.57372970e-02  2.00989586e-03  2.54965071e-02  7.95174763e-03
  3.27362977e-02  4.96563353e-02 -1.36546278e-02  5.52922748e-02
  3.93520817e-02 -4.00251746e-02 -8.98522288e-02 -3.14985514e-02
 -4.19631489e-02 -1.91382866e-03  1.90071128e-02 -7.16079623e-02
  3.73961627e-02  5.66595942e-02 -2.99532674e-02 -8.33019614e-03
  1.46472426e-02  1.05972318e-02  4.01939340e-02 -1.08914487e-01
  6.78415131e-03  1.21701052e-02 -3.18299197e-02 -1.13698270e-03
 -7.08547095e-03 -2.27877423e-02  1.51753742e-02 -8.13197531e-03
  7.84606412e-02 -3.42426146e-03  2.85532493e-02  3.13316211e-02
 -4.68653627e-02 -7.18968511e-02 -1.99155118e-02 -3.89836654e-02
 -1.40189361e-02  1.13037676e-02  6.91803684e-03 -3.17044295e-02
  5.41076213e-02  5.71031682e-02  6.28487542e-02  8.35218504e-02
 -5.84399998e-02 -1.89994164e-02  3.29669788e-02 -3.23887616e-02
  6.31200848e-03  6.83808625e-02 -6.80682212e-02 -4.35183458e-02
 -1.17930993e-01 -6.36452809e-02 -9.10202339e-02  2.81719230e-02
 -3.61702889e-02 -4.19325083e-02  2.77011693e-02 -1.16542997e-02
  3.87415066e-02 -3.96611169e-02  1.41855776e-02 -1.15618743e-02
  6.76233973e-03 -2.39405874e-02  7.74069950e-02  9.38340790e-33
 -6.05916046e-02 -1.02970097e-02  2.68063322e-02  5.72193339e-02
  3.06544900e-02  2.88893003e-02 -4.99914400e-02  5.02668582e-02
  9.51825455e-02  6.19309805e-02 -7.21158460e-02  7.79401287e-02
  3.02059539e-02 -7.41527835e-03  7.97234550e-02 -3.04515250e-02
  2.06969492e-02  1.41686285e-02 -4.92368918e-03  7.54253333e-03
 -2.06839554e-02 -4.01453339e-02  8.18161573e-03 -5.20211346e-02
  7.91589916e-02  2.53045149e-02 -4.98556383e-02 -8.02434608e-03
 -1.81538276e-02  3.27926762e-02  7.95890540e-02 -2.46255081e-02
  2.13994794e-02 -2.20395476e-02 -1.93355493e-02 -8.57080221e-02
  7.54247280e-03 -5.69977844e-03 -2.08134912e-02 -3.06078270e-02
 -5.24114557e-02 -7.16273487e-03  7.41056353e-02  2.39279158e-02
  4.19410653e-02 -2.09332611e-02  1.12776905e-01  6.29895329e-02
  8.14528689e-02  5.07238619e-02 -1.83292739e-02 -1.12961242e-02
 -5.01570813e-02 -3.40344943e-02 -1.16808508e-02  4.78477031e-02
  2.42027524e-03 -8.22869875e-03 -5.43099903e-02 -7.20132422e-03
 -5.20866551e-02  2.27845390e-03 -2.90443329e-03  3.01767346e-02
  2.36386247e-03 -8.52363482e-02 -1.11828186e-02 -2.15768609e-02
  1.43710196e-01  7.58371828e-03 -1.15584977e-01 -3.82467210e-02
  2.54609995e-02  5.61505929e-02  1.61704868e-02  7.54863257e-03
  3.53264846e-02 -1.82672627e-02 -6.20552637e-02  8.36202875e-03
 -6.92040175e-02 -8.54689919e-04 -4.40688571e-03 -5.09321801e-02
  5.28033450e-02  2.31579505e-02  7.34687969e-02  5.02376035e-02
  2.01604329e-02  1.15377836e-01 -2.00651214e-02  1.23868071e-01
 -2.82563027e-02  5.16551249e-02  7.70753697e-02 -1.23588875e-32
  1.71101205e-02  4.49266611e-03 -3.86256464e-02 -4.63865101e-02
 -2.27671042e-02  3.60700153e-02  3.14791612e-02 -9.66919363e-02
 -2.50968821e-02 -2.71632951e-02 -1.27952872e-02 -5.05465195e-02
  7.11460039e-02  7.94981432e-04 -6.96639419e-02  5.08176051e-02
 -1.07585333e-01 -1.46055864e-02 -4.33001108e-02  1.48213087e-02
 -2.29131518e-04  1.04508996e-01  6.27788007e-02 -2.72536725e-02
 -7.77453603e-03 -1.95889622e-02 -4.75213192e-02 -2.18573716e-02
 -6.56004027e-02  2.30791960e-02 -3.93161289e-02 -5.16212545e-02
  1.51351234e-02  1.59266561e-01 -4.66036648e-02 -5.96562289e-02
  2.85190325e-02 -2.24258602e-02  1.02713583e-02  7.24675432e-02
  5.02281561e-02  4.45295535e-02  4.36962806e-02  2.36204965e-03
 -5.36201671e-02 -8.58086869e-02 -1.03551513e-02 -1.08330190e-01
 -4.15109396e-02 -6.88918084e-02  4.31652665e-02 -1.01152360e-01
 -8.39047730e-02 -5.83697595e-02  4.44376804e-02  3.07986289e-02
 -1.23668415e-02 -8.74070600e-02 -1.21071495e-01 -1.66090354e-02
  1.34857461e-01  1.59017555e-02  1.76039953e-02 -4.80305357e-03
  6.21704757e-02 -3.94455045e-02  3.34789045e-02  2.10917946e-02
  4.63553518e-02 -6.38511777e-02  1.07003213e-03 -5.06593622e-02
 -6.75188303e-02 -6.13451190e-02 -2.71154698e-02 -7.07139596e-02
 -5.93203073e-03 -3.29031162e-02 -2.96594109e-02 -1.65763907e-02
 -8.41639861e-02 -7.30770116e-04 -1.59095395e-02 -7.93185607e-02
 -1.11818999e-01  5.77481464e-02 -4.89701517e-02  6.43305704e-02
  2.03330908e-02  1.89129505e-02 -1.19060501e-01  6.27652481e-02
  1.43041573e-02  6.03218051e-03 -3.45244631e-02 -6.35520010e-08
 -2.48641539e-02 -2.81518325e-02  2.92596053e-02  2.57216580e-02
  4.00776863e-02 -1.24133132e-01 -1.50294146e-02 -1.52061693e-02
 -1.18246228e-02  4.98966798e-02  5.05731441e-04  2.17919461e-02
 -4.85712849e-02  5.63440546e-02  2.97832359e-02 -2.23649349e-02
  5.30128069e-02  4.44131605e-02 -3.23907137e-02 -5.38829975e-02
  9.67223272e-02 -3.81877720e-02 -7.20755830e-02  1.73293389e-02
  3.68706994e-02 -1.83857009e-02 -7.88593516e-02  1.87938493e-02
 -7.73492409e-03  4.73080464e-02  5.71230613e-02 -1.78170893e-02
  5.16610481e-02 -3.19179632e-02 -2.63250936e-02 -2.50681136e-02
  1.27286557e-02  2.43667215e-02 -5.68348244e-02  4.26928066e-02
  9.48691368e-02 -1.07997023e-02 -4.89731841e-02  1.93540324e-02
  8.57378182e-04  3.36962603e-02 -2.63822097e-02  7.85394087e-02
 -4.77720946e-02 -2.32855882e-02 -5.14539592e-02 -3.86438519e-02
  5.33720553e-02  3.80290523e-02  1.00369900e-02 -3.76626663e-02
  1.59354229e-02  1.80178005e-02 -1.53215164e-02  2.37486698e-02
  3.61695588e-02  8.30039158e-02  1.39975445e-02 -7.09401220e-02]