[-1.54157830e-02  3.48197073e-02  4.06672396e-02 -3.61768231e-02
 -1.08946122e-01 -2.17061099e-02 -2.20412873e-02  5.99971786e-02
  2.13868525e-02  9.68845710e-02  1.12519361e-01 -4.30687033e-02
 -4.17155549e-02  4.03376743e-02 -7.80165419e-02  3.49794477e-02
 -2.83390973e-02 -6.07468002e-02  2.18421891e-02  8.67839381e-02
  6.62492812e-02 -3.22068878e-03 -6.19724207e-02  8.88685230e-03
 -8.13008249e-02  1.01573728e-01 -6.38666004e-02  9.27830872e-04
 -1.92198958e-02  6.22012839e-03 -3.07565257e-02  1.12490669e-01
  2.61569954e-02 -8.88476819e-02 -1.45110134e-02 -2.31185909e-02
  2.83924602e-02 -4.49473634e-02  3.69788855e-02  1.16627805e-01
  4.31987131e-03 -1.08994022e-02 -2.55481992e-02 -5.12548909e-02
 -5.00762723e-02 -1.68745779e-02  8.06518868e-02  5.55070601e-02
  1.42042842e-02 -4.45862561e-02  2.99110841e-02  8.92291740e-02
 -6.12673424e-02 -1.45593574e-02 -1.99423525e-02 -5.63827194e-02
 -1.13478024e-02 -5.48293367e-02 -4.82849265e-03  3.04793138e-02
  4.17171977e-02  6.77015707e-02 -5.93128465e-02 -1.13314455e-02
  5.48566915e-02 -2.86081322e-02 -3.48642208e-02  7.63388677e-03
 -9.57433321e-03 -3.33535746e-02  8.12746678e-03 -7.54231587e-02
  7.28869215e-02 -2.17149723e-02 -3.53499353e-02  7.54902735e-02
  5.85702732e-02  3.54356542e-02 -1.24232862e-02 -1.42328069e-01
 -2.17028074e-02  1.80357636e-03  5.51973991e-02 -3.57656702e-02
  4.53607775e-02 -1.12537500e-02  5.10784499e-02 -1.29612628e-02
  3.98633908e-03 -2.22677621e-03  2.93848086e-02  7.52572715e-02
 -5.25832027e-02 -1.97547283e-02  3.01761124e-02  1.00136865e-02
 -4.23192382e-02 -8.86278693e-03 -2.01532152e-02  1.04799485e-02
  8.62730667e-03 -4.94814031e-02 -2.15478241e-02 -2.01431736e-02
 -8.01635012e-02 -9.05533973e-03 -1.67533942e-02 -2.57916488e-02
  6.82577193e-02  8.51220712e-02 -1.06191829e-01 -1.03820683e-02
  7.59189716e-03  2.76059248e-02 -6.16835169e-02 -5.56747727e-02
 -5.27972989e-02 -8.88039470e-02  4.52037342e-03  4.63472353e-03
  7.22726211e-02 -1.12269945e-01 -4.53316942e-02 -3.28495656e-03
  4.69160117e-02 -3.26371267e-02  6.05307519e-02  1.05384913e-32
  6.05195463e-02 -4.97321747e-02  1.67845916e-02 -1.91989895e-02
  5.06558046e-02  6.05281219e-02 -1.21407069e-01 -1.05945515e-02
  2.83102542e-02 -7.82335352e-04 -1.13956437e-01  4.87349071e-02
 -6.25424646e-03  1.95653886e-02  3.08755282e-02  3.43078077e-02
  7.96631444e-03 -5.62637076e-02 -3.34585421e-02 -3.90811078e-02
 -2.47316547e-02  4.24155965e-02 -3.19986492e-02  1.67574193e-02
  2.55330652e-02  1.13254480e-01 -5.26376031e-02 -1.12768576e-01
 -2.44109407e-02  4.09747474e-02  2.84407251e-02 -2.07428150e-02
 -5.03896885e-02 -2.99852137e-02 -9.83945504e-02 -1.23914587e-03
  4.39214520e-02 -1.61731187e-02 -1.30414069e-01 -1.29472660e-02
  5.26312217e-02  1.43482648e-02  7.14376718e-02  5.01713343e-02
  6.59599230e-02 -1.38044674e-02  8.10582191e-02 -2.72240257e-03
  6.06402084e-02  9.33812335e-02 -4.99430187e-02 -1.92293152e-02
 -8.81819427e-03 -3.41534540e-02  1.89405959e-02  2.91607287e-02
 -1.33717641e-01  3.24311554e-02 -2.93823760e-02  8.65108799e-03
  2.90688034e-03  5.39325550e-02 -1.26494057e-02  1.21293748e-02
  3.92499343e-02  1.23597402e-02 -5.04192989e-03  4.03686464e-02
  9.97755378e-02 -2.05734205e-02 -5.67338914e-02  6.66535646e-02
  1.02685578e-03  4.73301522e-02 -7.32852668e-02  5.48411114e-03
  6.33525997e-02  3.44114862e-02  1.69377141e-02  5.44735827e-02
 -4.03052568e-02  2.59385202e-02  5.50992899e-02 -5.63423187e-02
  6.79111034e-02  4.54291403e-02  6.75783530e-02  1.69615969e-02
 -1.12472745e-02  7.37664998e-02 -5.08515611e-02  8.70313644e-02
 -8.86490941e-02 -6.80608070e-03 -2.78388429e-02 -1.14500871e-32
  2.41812803e-02 -6.64644912e-02 -8.72561708e-03 -1.99704040e-02
 -2.32747495e-02  1.06086703e-02 -4.52452824e-02  1.00689538e-01
 -2.70754211e-02 -1.24934047e-01 -5.59553504e-02 -5.13025485e-02
  1.08362913e-01 -1.44391153e-02 -6.29039248e-03 -2.61747651e-02
 -1.71667915e-02 -3.43947746e-02 -1.16304241e-01 -2.68946756e-02
  1.82771198e-02  7.66437799e-02 -1.67474281e-02 -1.17998449e-02
 -3.95498760e-02 -2.51271315e-02  4.85751852e-02 -4.53966968e-02
 -6.86310753e-02 -5.28828278e-02  5.52121960e-02  7.01485798e-02
 -6.10583164e-02  9.40243080e-02  1.82242517e-03  5.24992980e-02
  9.96251479e-02  9.69669688e-03 -4.76095043e-02  6.01812787e-02
  7.25713670e-02  6.19260296e-02  3.12128477e-02 -6.65608421e-02
 -1.42932367e-02  2.89927423e-02 -5.84877357e-02 -3.30816209e-02
  1.48484968e-02 -7.03380629e-02  8.75966847e-02 -6.63408041e-02
 -3.03351935e-02 -6.53247023e-03  5.81354760e-02 -5.68012707e-02
  4.01587933e-02 -8.36901069e-02 -3.61536480e-02  1.19172167e-02
  3.05660963e-02  8.71849526e-03 -7.13898540e-02 -6.29168153e-02
  4.15602066e-02  5.67972718e-04  4.99568414e-03  6.70206221e-03
  8.96140859e-02  3.71917039e-02  8.25070366e-02 -4.39126454e-02
 -2.76173577e-02 -3.89245786e-02  4.33381796e-02  3.33215892e-02
 -3.21343392e-02  2.03702785e-02  2.97903717e-02  1.77103523e-02
 -5.60412789e-03 -1.24511402e-02  5.43897692e-03  3.01911533e-02
 -3.14007550e-02  7.93564320e-02 -4.22974825e-02 -7.48361126e-02
 -2.36590579e-02 -8.45857779e-04 -2.28351075e-02 -4.02573608e-02
 -2.97920275e-02  5.65624014e-02  3.24463546e-02 -6.57752395e-08
  6.14750199e-02  1.23966541e-02  3.64032723e-02  4.92408499e-02
 -2.28411402e-03  2.56231031e-03  1.53100640e-02  1.02748405e-02
 -2.10724883e-02  5.76484315e-02  8.26873556e-02 -8.68984219e-03
 -6.08831123e-02  5.82751594e-02 -1.04421312e-02 -8.81923549e-03
  6.41550496e-03  3.54347960e-03 -5.58296517e-02 -7.81893730e-02
  8.06587469e-03 -4.14284058e-02 -1.76010914e-02 -1.16457809e-02
 -1.38322450e-02 -7.46042430e-02 -1.24896886e-02 -4.76650558e-02
 -3.15393507e-02 -1.91315692e-02 -2.22550575e-02 -1.01481229e-02
  1.10391472e-02 -4.86406125e-02 -2.15646066e-02 -6.73356056e-02
  4.21995595e-02  1.44817559e-02 -5.87542206e-02 -2.82006431e-02
  1.26869425e-01 -3.55078205e-02 -3.33529972e-02 -1.31140242e-03
  1.18686847e-01 -4.72994521e-02  2.61740908e-02  5.12278751e-02
  1.33279832e-02 -1.35220960e-01 -1.83545444e-02  6.06846921e-02
  3.00636832e-02  4.10888866e-02 -9.39362943e-02 -2.44225562e-02
  6.42983690e-02  5.07558743e-03  1.39123434e-02  3.59114483e-02
  3.22159044e-02  4.10921732e-03 -9.38422754e-02 -1.41499527e-02]