[-2.52315705e-03  1.58312246e-02  1.97396465e-02 -9.20412131e-03
 -3.44202593e-02  1.87345955e-03  6.61435127e-02  1.01274148e-01
 -7.77109433e-03  6.31535649e-02  1.27991527e-01 -9.49293561e-03
 -7.77002843e-03  8.27423111e-02  2.26060767e-02 -1.01643920e-01
  1.11330882e-01 -1.61339473e-02 -5.34257665e-02  1.40699912e-02
  1.15538530e-01 -5.34079261e-02 -5.73804080e-02  3.20507735e-02
 -1.26992375e-01 -3.89743671e-02 -5.77272885e-02  8.89670383e-03
 -5.04735671e-02 -1.88241247e-02 -7.29737207e-02  3.62569280e-02
  7.12130666e-02 -1.67979915e-02 -4.96413037e-02  5.49508445e-02
  1.27745615e-02 -5.20686582e-02 -2.58585662e-02  6.54656067e-02
 -1.26707345e-01 -6.70408309e-02 -9.73044783e-02 -8.56623501e-02
 -1.63782586e-03 -3.48551236e-02  2.28798632e-02 -2.69367974e-02
  2.23405147e-03 -8.64108559e-03 -2.07275022e-02  1.74651574e-02
  4.30451240e-03 -5.88023663e-03  2.75341868e-02 -6.33012503e-02
 -3.20765078e-02 -3.94028053e-03  1.74053460e-02  1.29960179e-02
 -6.77568913e-02 -1.52927283e-02 -1.44214248e-02  1.60548016e-02
  8.58853757e-02  1.02548569e-03 -7.60830045e-02 -3.34753096e-03
  2.63563998e-04  1.22701831e-03  7.32328072e-02 -6.63027763e-02
  3.91974226e-02  2.92290784e-02 -4.13410291e-02  1.46223698e-02
  4.20407578e-02  3.94430496e-02 -2.62679718e-02 -1.10337175e-01
  2.90602967e-02 -5.21481670e-02 -2.33177170e-02  3.47621068e-02
  1.12521099e-02  1.50375103e-03  6.37040799e-03  3.94195355e-02
  9.24515724e-02  4.90743406e-02  1.46038495e-02  9.24674794e-02
 -6.04741797e-02 -5.54078966e-02 -3.15276198e-02 -5.74292755e-03
 -9.60780382e-02 -1.69234944e-03 -2.23199208e-03 -2.97132470e-02
  7.13225529e-02  2.76612174e-02  1.81805566e-02  7.51571506e-02
 -1.41609646e-02 -1.89588442e-02 -1.57373641e-02 -6.81175366e-02
 -1.24347322e-02  1.39507204e-01 -7.63817206e-02 -3.14076729e-02
 -5.89918904e-02 -7.12900013e-02 -1.11814864e-01 -2.74876691e-03
 -8.69874060e-02 -6.52706251e-02 -3.04263690e-03 -1.53829262e-03
  4.84228097e-02 -2.03138348e-02  7.12855384e-02 -7.54118934e-02
  5.74802011e-02  1.88553948e-02  7.28081092e-02  5.65288695e-33
 -6.32778406e-02 -4.13260050e-02  9.07206093e-04  1.22033460e-02
 -4.63519199e-03  5.56800468e-03 -2.63578333e-02  8.61020293e-03
  6.86817542e-02 -8.59142561e-03 -2.41532493e-02  5.67002110e-02
 -8.16793460e-03 -5.95235638e-02  6.18262216e-02 -4.37593162e-02
  1.25767300e-02  2.79532652e-03 -1.39393732e-02  7.05392333e-03
 -6.08734824e-02 -4.22938205e-02  1.56122707e-02 -3.96748967e-02
  3.75383310e-02  1.62520539e-02 -3.82104963e-02  2.08261739e-02
  9.36444290e-03  2.31679734e-02  6.99923635e-02  1.14640994e-02
 -1.90562904e-02 -2.75328346e-02 -8.80439505e-02 -7.31375115e-03
 -6.95315364e-04 -1.43637359e-02 -3.07341721e-02 -3.21978442e-02
 -5.34604378e-02 -1.78675968e-02  3.03293671e-02  6.09982722e-02
 -7.72313261e-03 -5.20354733e-02  5.32263964e-02 -2.53911428e-02
  6.99774474e-02  6.32095039e-02 -4.14674021e-02 -2.48553455e-02
 -1.25952186e-02 -6.08649254e-02 -3.05730738e-02  7.19268620e-02
  1.68981019e-03  1.94215833e-03 -4.94900122e-02 -3.43788415e-02
 -1.79935917e-02 -7.43474737e-02  2.69645471e-02 -1.46751255e-02
  1.06460586e-01 -5.41077331e-02  5.47846071e-02  1.92280039e-02
  7.95482919e-02 -7.59454304e-03 -5.18982038e-02 -2.18070932e-02
  1.79365780e-02  1.76539943e-02  5.11260815e-02  7.53807230e-03
  9.14022103e-02  2.62569025e-04 -2.55813841e-02 -4.13079327e-03
 -5.79854846e-02 -6.82042465e-02 -2.15583779e-02 -2.64696479e-02
  1.36478662e-01  4.06576879e-02  3.98804024e-02  7.20036507e-04
 -2.87304688e-02  4.94565070e-02 -1.76407378e-02  1.43030718e-01
 -1.09349541e-01  8.28148350e-02  5.35278730e-02 -9.11509029e-33
  4.28114831e-03  8.75702277e-02 -3.05144116e-02  3.22343782e-02
  8.31169914e-03 -7.49060605e-03  1.20411366e-02 -7.38633052e-02
 -1.98794845e-02 -2.17282493e-03 -8.35688263e-02 -1.06814764e-01
  5.42635322e-02 -1.38189159e-02 -8.05715546e-02  4.98279668e-02
 -6.57415986e-02  4.62755654e-03 -4.16692235e-02 -1.38922995e-02
 -4.81162891e-02  6.93333074e-02  1.81351192e-02  2.89327465e-02
 -2.98487209e-02 -1.36806741e-02 -2.66304817e-02 -4.22367193e-02
 -1.02055587e-01 -5.20085655e-02  2.40774713e-02 -2.07442176e-02
  3.19782160e-02  1.38237536e-01 -2.73884572e-02  1.76064614e-02
  4.84852009e-02  2.19303067e-03 -2.78879255e-02  9.94526967e-02
  7.93402493e-02  6.32108152e-02  9.35435295e-03 -7.07771182e-02
 -1.11335754e-01 -5.33925071e-02  8.66022799e-03 -9.15152952e-02
  1.91691406e-02 -6.66296706e-02  1.01340987e-01 -5.32416068e-02
 -3.81572135e-02  5.64081478e-04  5.58252260e-02  4.53179609e-03
  2.18534656e-02 -1.12588376e-01 -8.19082409e-02 -4.13355343e-02
  1.38933659e-01  4.84290607e-02 -8.02024901e-02  1.04860030e-03
  2.21208688e-02 -5.19372411e-02 -5.48674958e-03 -3.21058892e-02
 -9.76684131e-03 -9.19858750e-04 -2.78154407e-02  6.75411243e-03
  8.77573062e-03 -4.80327532e-02 -5.07599115e-02 -4.59844470e-02
 -1.49154961e-02  3.67758796e-02  1.10032568e-02 -4.61283475e-02
 -8.64816643e-03  2.79226410e-03 -4.13160138e-02 -4.97108027e-02
 -1.00284368e-01  6.26016185e-02  1.26984129e-02  3.52513380e-02
  3.42326686e-02  5.96457347e-02 -7.15699270e-02  7.27742463e-02
  2.81451885e-02  6.48312718e-02 -5.33667170e-02 -5.65192337e-08
  2.49783229e-02 -6.72448799e-03  3.16410735e-02  4.36526462e-02
  4.33384366e-02 -5.72256334e-02  1.47793675e-02  1.84995886e-02
 -1.90028567e-02  4.40392680e-02 -3.29810716e-02  4.62525375e-02
 -7.12723508e-02  4.83600125e-02  1.63039584e-02 -7.29437619e-02
  4.66276519e-02  4.65942957e-02 -4.12434824e-02 -4.87478003e-02
  7.42118731e-02 -4.05802913e-02 -5.53723425e-02  3.51953460e-03
  5.19958735e-02 -2.70954259e-02 -6.66761175e-02  9.88421496e-03
 -1.21916682e-02 -4.82599746e-04 -4.21655253e-02 -7.49784634e-02
  2.97589470e-02 -9.97816399e-02 -7.99003616e-03  3.78844998e-04
 -5.85262403e-02 -1.81054771e-02 -2.58096401e-02  1.98536441e-02
  1.16690621e-02 -2.50631385e-03 -4.83239852e-02  2.97566541e-02
 -7.37656839e-03 -5.49092144e-03 -9.70743522e-02  5.49270771e-02
 -3.52670997e-02 -3.75314169e-02 -3.32706384e-02 -4.27204072e-02
  6.83586448e-02  1.66257359e-02  3.39680240e-02  2.83522308e-02
  6.52972460e-02  3.62369716e-02 -1.37207955e-02  1.14143407e-02
  3.65378000e-02  8.43037367e-02 -3.45335491e-02 -3.51799019e-02]