[ 2.76034940e-02  2.30572242e-02 -7.49778375e-03 -6.33535087e-02
 -4.54052016e-02  4.75221910e-02  9.32365470e-03  8.66397843e-02
  1.67013370e-02  7.91754127e-02  8.41465741e-02 -7.83949643e-02
 -9.96813923e-03  1.47821223e-02 -4.94055226e-02 -3.79716977e-02
  5.17484322e-02  1.53115755e-02 -5.53556457e-02  3.42976451e-02
  1.05135076e-01 -3.80432978e-02 -4.82422821e-02  1.78385731e-02
 -6.28367737e-02 -1.20927894e-03 -6.29307255e-02  4.65377280e-03
 -5.12770526e-02 -6.03625812e-02 -2.76535936e-02  8.11843425e-02
 -1.19505322e-03 -7.93511793e-02  1.84675530e-02 -9.60101094e-03
  3.03195580e-03 -4.18619886e-02 -1.58912949e-02  4.77358699e-02
 -8.24953765e-02 -5.22759520e-02 -5.88624552e-02 -1.82268396e-02
  4.01564129e-02 -1.95909254e-02 -5.36624379e-02  6.03600666e-02
  4.94998097e-02  1.36324558e-02 -7.06726089e-02 -2.59391149e-03
 -3.36377285e-02  6.60921782e-02 -1.27067342e-02 -2.09273007e-02
 -2.03377176e-02 -3.37616876e-02  9.90435202e-03 -4.75959592e-02
 -4.53852210e-03  5.55181764e-02 -7.78931677e-02  3.43723185e-02
  3.57879475e-02 -6.55620694e-02  2.99596209e-02 -2.53763106e-02
 -8.15177411e-02  8.36600736e-02  4.38765846e-02 -6.94871917e-02
  4.37823944e-02 -2.20363848e-02 -2.63441540e-02  5.35081178e-02
 -4.61736601e-03  5.23486510e-02  6.60254806e-02 -1.10558376e-01
  5.51923923e-03 -6.20015059e-03  1.36928260e-02 -5.95125705e-02
  4.80995933e-03 -6.97180331e-02  6.49426356e-02  3.75685841e-02
  1.20703146e-01 -1.40518593e-02  5.35553321e-02  1.19545482e-01
 -3.99966985e-02 -5.26018776e-02  2.45842524e-02  1.38589460e-02
 -6.26514703e-02  3.81023102e-02  7.37286583e-02  8.27605464e-03
  3.32100242e-02  1.04270624e-02  1.16625074e-02 -9.86342039e-03
 -1.00731783e-01  8.57462175e-03 -9.76696331e-03  1.39243361e-02
  5.79911508e-02  6.49443790e-02 -6.33965433e-02 -3.43690999e-02
 -6.93935528e-02 -3.47230360e-02 -3.16096395e-02  4.58421670e-02
  4.18334547e-03 -5.93237840e-02  7.01361941e-03 -2.42006071e-02
  3.38371843e-02  4.71103936e-03 -3.76996398e-03 -4.68615890e-02
  1.29313711e-02 -7.43998168e-03  3.03429589e-02  1.45299110e-32
 -4.60605063e-02 -9.20625106e-02 -3.39064300e-02 -6.90057408e-04
  1.61560252e-02 -6.20224420e-03 -2.84308847e-02  4.69937436e-02
  2.10250933e-02  1.16487406e-02 -7.85847455e-02  4.21181954e-02
 -4.27060798e-02 -5.30351996e-02  4.46651243e-02 -9.65355895e-03
  7.60642141e-02  3.67450751e-02 -3.20279077e-02 -3.33845057e-02
  4.15350311e-02  4.27445024e-02  2.87118908e-02 -4.09021936e-02
 -3.19286361e-02  1.13847144e-01 -2.08468307e-02 -1.03497924e-02
 -6.36759624e-02  5.03205545e-02  6.52518868e-02 -3.55503596e-02
 -1.67073347e-02 -6.47772625e-02 -7.34835193e-02 -3.95562537e-02
  2.14132667e-03  1.12980427e-02 -2.09547728e-02  3.62184234e-02
 -1.09767385e-01  3.07038855e-02  2.73263697e-02  2.32552551e-02
 -8.89974553e-03 -9.15993005e-02  6.27537668e-02  7.11547071e-03
  1.23431846e-01  9.55471769e-02 -6.36729971e-02 -4.47377190e-02
 -9.84249264e-03 -3.40580046e-02 -4.55584973e-02  8.15408006e-02
 -1.30209252e-01  8.16405863e-02 -5.69630899e-02 -1.08510375e-01
  3.28737833e-02  3.13394144e-02 -1.13794366e-02  1.27280476e-02
  3.10111884e-03 -2.29616929e-02  5.44878514e-03  3.14274803e-02
  1.03716962e-01  1.63342785e-02 -1.01421207e-01 -1.59954336e-02
  5.90661466e-02 -7.25355186e-03  2.81345770e-02 -6.60530925e-02
  1.07083634e-01 -4.43026647e-02 -2.41644662e-02 -1.13888653e-02
  7.01360032e-03  1.62749123e-02 -7.82755613e-02 -9.12923133e-04
  7.76162297e-02  5.96171059e-02  7.66484737e-02  1.55617166e-02
 -4.11303528e-02  3.87253463e-02  1.21205896e-02  5.68002183e-03
 -1.42142670e-02  9.25645977e-03  4.29173373e-02 -1.57363473e-32
 -7.47281639e-03  3.64995562e-02 -9.40357987e-03  5.36070298e-03
  2.27359459e-02  1.57324411e-02  6.83837384e-02 -2.06489861e-02
 -1.69469398e-02 -8.17815512e-02 -6.21988438e-02 -1.45009765e-02
  4.10779193e-02  2.82230396e-02 -1.03321590e-01  6.06501400e-02
 -6.09786734e-02 -3.50430198e-02 -1.04893960e-01  3.08382027e-02
  2.34525017e-02  1.34453878e-01  2.47557256e-02  3.70244519e-03
 -8.11574049e-03 -2.22604275e-02  1.05551565e-02 -1.59462225e-02
 -4.41892967e-02 -1.13429772e-02  4.66797091e-02 -6.42289817e-02
 -3.57019491e-02  7.18710944e-02 -3.91714796e-02 -5.78299426e-02
  2.24860609e-02 -6.85145259e-02 -4.59962226e-02  1.22082815e-01
  4.43623066e-02  6.65564388e-02  1.52987698e-02 -1.52427237e-02
 -2.00573113e-02 -2.20003482e-02  2.23064683e-02 -9.56051126e-02
  3.29579227e-02 -1.18655160e-01  9.42637995e-02 -1.09329289e-02
 -7.25478753e-02  3.36694606e-02  5.89490384e-02 -2.15312038e-02
 -2.05676761e-02 -8.68126452e-02 -1.33910120e-01 -1.31828850e-02
  2.38415636e-02  4.71620113e-02 -7.62931909e-03 -3.59868482e-02
  1.46764532e-01  1.06643410e-02 -6.26268312e-02 -3.80033776e-02
 -1.96483694e-02  1.90190263e-02  4.94753942e-02 -1.87295619e-02
 -9.63620618e-02 -8.71346369e-02  5.25792912e-02  4.83449288e-02
 -5.97954318e-02 -3.42922956e-02 -3.31236273e-02  3.90696991e-03
 -2.37365775e-02 -1.65710859e-02 -1.37536786e-02 -9.75068733e-02
 -5.57746850e-02 -2.51608621e-02 -4.21890430e-02  2.51404420e-02
  4.40820819e-03  5.84624633e-02 -2.20643114e-02 -2.33345665e-03
  1.22913405e-01  3.30728889e-02 -4.27244455e-02 -6.12496791e-08
  2.39119865e-02 -1.96427424e-02 -1.98566094e-02  3.91346291e-02
 -1.66033711e-02 -5.60071878e-02 -5.94339781e-02 -2.57725399e-02
 -2.32478082e-02  4.56051622e-03  1.10300794e-01  5.02884202e-03
 -8.75257775e-02  5.31470552e-02 -1.10161910e-02 -2.88385972e-02
  3.88290882e-02  6.80170432e-02 -5.98070063e-02 -7.46094063e-02
 -5.41588385e-03 -7.04049831e-03 -3.61278988e-02 -2.67049167e-02
  3.26971561e-02  3.79123315e-02 -2.15962213e-02  1.18992487e-02
 -7.59179471e-03  1.75884981e-02  5.86106163e-03 -3.31052803e-02
  2.40647420e-02 -2.55047735e-02 -1.13673704e-02  6.78809080e-03
 -1.86106972e-02  8.40548277e-02 -3.69967110e-02  1.98888276e-02
  8.24749321e-02 -2.47104205e-02 -5.22023104e-02  1.82642341e-02
  3.79977264e-02 -2.49874797e-02 -7.27233365e-02  3.89671326e-02
 -8.69208016e-03 -2.02662237e-02 -3.55743729e-02 -8.35366771e-02
 -3.85948122e-02  2.88163759e-02  1.59104895e-02 -8.66036210e-03
  6.01011589e-02  1.26301106e-02 -6.01447634e-02  1.21162431e-02
  1.19085141e-01  8.61524194e-02 -8.65966268e-03 -9.16701779e-02]