[-5.60673811e-02 -1.14488807e-02 -3.93479615e-02 -4.59648706e-02
 -5.69946691e-02  1.94128398e-02  1.90257113e-02  9.36565846e-02
 -2.10034736e-02  6.25694245e-02  1.10985123e-01 -5.27006313e-02
  5.62223233e-02  2.81600952e-02 -3.82976271e-02 -1.08189940e-01
  4.38070223e-02 -3.18349828e-03  2.00008713e-02  7.22585944e-03
  1.28043681e-01 -6.97406977e-02 -2.67625079e-02  5.12971804e-02
 -1.13952003e-01 -4.26655598e-02 -1.00697346e-01  1.22897802e-02
 -5.40428720e-02 -3.77141349e-02 -3.40680778e-02  5.25507107e-02
 -1.67274419e-02 -7.27465078e-02 -6.00055717e-02  9.62540731e-02
 -5.84705640e-03 -1.95245314e-02 -9.04013813e-02  2.23904271e-02
 -6.67609796e-02 -4.27681133e-02 -6.79961219e-02 -8.65016207e-02
  4.57732864e-02  4.93803658e-02  1.21166352e-02 -5.56988977e-02
 -3.81907448e-02 -2.87704915e-02 -4.23511304e-02 -2.22433079e-02
  6.47706985e-02  3.42816822e-02 -3.70760225e-02 -7.48272939e-03
  4.59476262e-02 -4.29614224e-02  4.50631417e-02  2.80600134e-02
 -3.14245606e-03  5.87842800e-02 -3.00506521e-02 -8.21026228e-03
  7.74574801e-02 -5.53499535e-02 -6.67643771e-02 -1.85982846e-02
 -2.45670266e-02 -5.95992384e-03  5.72583862e-02 -1.15890265e-01
 -1.24463337e-02  4.28778715e-02 -3.40421237e-02  4.92411293e-02
  5.70931798e-03  1.82929460e-03  4.45314869e-02 -1.08234912e-01
  2.46331338e-02  2.66651902e-02  5.02037350e-03 -1.81735381e-02
  2.60323826e-02 -3.02065779e-02  2.99554095e-02 -2.26715263e-02
  7.69006908e-02  6.26078397e-02  9.32485238e-02  8.22112337e-02
 -8.15489814e-02 -2.81026959e-02 -1.64649133e-02 -1.04340864e-02
 -4.82421331e-02  3.65029275e-02  3.82328853e-02 -5.07253408e-02
  2.47541536e-02 -2.31253617e-02  1.97478049e-02  2.79809870e-02
 -5.04673123e-02  3.83415520e-02  3.58660123e-03 -2.15823278e-02
  2.45779026e-02  8.40457082e-02 -9.45540369e-02 -4.32302654e-02
 -1.16649382e-01 -8.81912783e-02 -3.98844145e-02  1.10708110e-01
 -1.22763582e-01 -3.46201472e-03 -2.47165672e-02 -3.72491032e-02
  6.83084801e-02 -2.82656644e-02  3.01237628e-02 -4.83185500e-02
  9.07233208e-02 -9.35295895e-02  6.78142905e-02  1.26680308e-32
 -1.96486879e-02 -1.29404489e-03 -4.76966389e-02  5.95342703e-02
  2.97215972e-02  3.50975059e-02  2.88168397e-02  9.03408676e-02
  6.96503967e-02 -1.86976902e-02 -3.81990033e-03  9.37164575e-02
  2.41991505e-03 -5.44929057e-02  2.78195348e-02 -8.33872333e-02
  1.48603646e-02 -3.37584354e-02 -9.25695430e-03  1.42268678e-02
  5.74802747e-03 -1.17240176e-02  1.84249952e-02 -4.46788594e-02
  7.13268965e-02 -1.53051838e-02 -6.21585771e-02  1.60849802e-02
 -1.59221161e-02  4.61648032e-02  6.40430674e-02 -1.07605057e-02
 -2.75431275e-02 -2.38464791e-02 -1.78073961e-02 -1.82126835e-02
  1.47650540e-02 -4.23257537e-02 -3.31433937e-02 -2.99943294e-02
  7.33440043e-03 -3.29276919e-03  6.10122383e-02  9.42147058e-03
  3.13804392e-03 -3.71158198e-02  1.13078490e-01 -2.47625206e-02
  3.31048295e-02  3.62902544e-02 -1.03344079e-02 -2.02696379e-02
 -1.79446489e-02 -8.01183879e-02  2.21932698e-02  2.47981753e-02
 -5.02392799e-02  3.59603390e-02 -1.90091617e-02 -5.78857698e-02
 -5.27031496e-02 -6.39857678e-03 -5.54143712e-02  6.24848083e-02
  3.63464206e-02 -4.52709794e-02  8.80064536e-03  8.99923686e-03
  1.37308791e-01 -2.74378471e-02 -1.03231229e-01  2.44048162e-04
  4.95100431e-02  1.17959809e-02 -3.15949172e-02  8.78497493e-03
 -5.11616794e-03  2.43333224e-02 -9.93094370e-02 -1.54202031e-02
 -8.86487067e-02  2.34030206e-02 -5.58408871e-02  2.86455024e-02
  1.42571017e-01  1.83732472e-02  3.98694724e-02  2.76877405e-03
  4.49953787e-02  8.23287368e-02  3.90139520e-02  8.64569936e-03
 -1.19518563e-02  4.16971110e-02  1.25925578e-02 -1.31756254e-32
  5.03211543e-02  2.51847710e-02  7.20912183e-04  4.91852462e-02
  6.74448088e-02  2.65655592e-02  3.25048622e-03 -1.15595544e-02
 -5.93685098e-02 -5.28525710e-02 -5.46071157e-02 -8.50809813e-02
  5.54758124e-02 -3.65267252e-03 -3.26656252e-02 -7.93739746e-05
 -7.01827481e-02  1.44709069e-02 -3.70654911e-02  1.80191807e-02
  4.77368422e-02  8.86725262e-02  1.85262542e-02  7.35347066e-03
 -1.96931306e-02 -2.10566306e-03 -6.12373687e-02  3.52850035e-02
 -4.16057073e-02  3.57736200e-02 -1.72074921e-02 -8.64221081e-02
 -4.49282899e-02  1.40718549e-01 -3.86506878e-02 -9.70935449e-03
  2.91242078e-02  3.17773148e-02 -1.14634428e-02  1.25604451e-01
  7.38902763e-02  2.25927085e-02  2.11441480e-02  1.68202929e-02
 -1.84917208e-02 -7.22743869e-02 -2.08655279e-02 -4.19780947e-02
  4.54944558e-03 -2.35801693e-02  6.32421300e-02 -4.59841192e-02
 -3.30729149e-02 -5.27502745e-02  6.89457953e-02 -4.55288328e-02
  6.02496937e-02 -9.15644988e-02 -1.28528163e-01 -1.88934654e-02
  1.76177755e-01  3.71466875e-02 -2.56290268e-02  1.03016690e-04
  6.34768903e-02 -2.58572549e-02  1.12149045e-02  6.58575669e-02
  4.18026634e-02 -3.68378870e-02  1.15142623e-02 -6.00638725e-02
  4.51165400e-02 -7.48887807e-02  6.44072192e-03 -5.17444387e-02
 -3.23354127e-03 -2.90004127e-02 -3.31817358e-03 -5.90871181e-03
 -5.06677888e-02 -3.19764502e-02  3.00446525e-02 -4.18690890e-02
 -3.19556221e-02  8.55861083e-02 -2.54915357e-02  1.10526299e-02
  3.52167189e-02 -5.55193350e-02 -3.90465930e-02  5.27810268e-02
  7.59721026e-02  2.46070661e-02  4.19237427e-02 -6.48995240e-08
 -4.84748685e-04  3.85180265e-02  8.80303010e-02 -4.51428108e-02
  7.26810247e-02 -6.90230653e-02 -5.55301178e-03 -5.04835285e-02
 -4.80239503e-02  2.80223191e-02  3.42042223e-02 -3.57559621e-02
 -8.75017513e-03 -4.15388308e-02  6.03828654e-02 -5.88384569e-02
  3.65273319e-02  8.90285596e-02 -5.70070930e-02 -6.22975864e-02
  4.69757430e-02 -7.46622160e-02 -6.00517057e-02 -6.84093626e-04
 -1.83914080e-02 -2.33834088e-02 -4.45613675e-02 -1.94396041e-02
 -6.28035888e-02  3.22132930e-02 -1.43978875e-02 -7.17274770e-02
  9.36441869e-02 -2.75779255e-02  4.18860205e-02 -1.50426868e-02
 -3.43554877e-02 -9.37403354e-04  4.10973886e-03  1.19924452e-02
  7.13872761e-02  6.75926208e-02 -6.98133092e-03  5.25176600e-02
 -1.31215686e-02  4.45413543e-03 -4.54604030e-02  5.88749303e-03
 -3.77102522e-03 -4.36078981e-02 -7.40221068e-02 -4.15830202e-02
  3.64142656e-02  9.09267832e-03  1.90752428e-02  3.80383320e-02
  1.86588187e-02  7.29469955e-03 -6.23506121e-02  7.60328025e-03
  5.44961095e-02  7.13856816e-02 -1.56718008e-02 -3.27262171e-02]