[-7.26573914e-02  2.15138197e-02 -1.24998367e-03 -6.41678199e-02
 -7.64035657e-02 -2.43596104e-03 -2.66963081e-03  9.29284021e-02
  1.04123093e-02  7.80229792e-02 -1.74288210e-02  5.05692419e-03
  1.85419880e-02  2.01632995e-02 -3.85537148e-02 -2.58892011e-02
  6.91099325e-04 -7.16165304e-02 -1.90771259e-02  5.96171357e-02
  8.75510126e-02 -1.87643655e-02 -1.31604761e-01 -1.95589904e-02
 -4.31823991e-02 -4.00156304e-02 -5.31878956e-02 -2.19499599e-03
 -2.16663140e-03  8.93673021e-03 -4.55401428e-02  7.73227885e-02
 -5.77885695e-02  4.04493921e-02  5.62150329e-02 -1.40580097e-02
  7.96237886e-02 -3.15635912e-02 -8.86071771e-02 -7.64889494e-02
 -1.37334904e-02 -3.45840715e-02 -5.59113920e-02 -1.81546044e-02
  5.07766493e-02 -3.03562526e-02  9.05159116e-03 -2.64112484e-02
 -7.99286366e-02  1.70600284e-02 -1.59113824e-01 -6.74029440e-02
  1.33988671e-02  3.65337096e-02 -3.63650844e-02 -4.06553708e-02
  8.53535086e-02  8.62391945e-03  1.61529481e-02 -3.33814509e-02
  2.27611642e-02 -7.98505098e-02 -8.99733752e-02  1.96909625e-02
  3.35763842e-02  4.46105972e-02  7.88781140e-03 -5.97554035e-02
 -7.82117248e-03  9.54146218e-03 -3.78561765e-02 -4.17886227e-02
  2.09982283e-02  1.96570922e-02 -1.86908469e-02  7.11179376e-02
 -3.04308888e-02  4.89455042e-03  8.61595720e-02 -1.65881008e-01
  4.09599207e-02  6.72021508e-02 -7.49878362e-02 -2.89037228e-02
  4.11502970e-03 -3.15457545e-02 -5.81760928e-02  1.27393147e-02
  6.91900849e-02 -2.84190811e-02  4.32840064e-02 -2.27356635e-04
 -2.57893819e-02  1.24467872e-02 -1.17444368e-02 -4.70880084e-02
  4.07466069e-02 -1.67350248e-02  7.65104517e-02  6.74943812e-03
  3.17337215e-02 -1.35758109e-02  1.71351235e-03  2.19872613e-02
 -6.79923072e-02  2.19211485e-02 -1.48245795e-02 -1.49393091e-02
 -3.77779244e-03 -4.42368761e-02 -1.81080066e-02  3.13669816e-03
 -6.33225888e-02 -1.07533187e-01 -2.21327934e-02  4.97717075e-02
 -8.30032006e-02  1.70400813e-02  3.50189880e-02 -3.72158550e-02
 -3.42928320e-02 -2.63325851e-02 -3.47227156e-02 -1.34951860e-01
  5.86713478e-02  1.27911419e-02  3.48434597e-02  1.15259646e-32
  1.64515600e-02 -4.89964262e-02 -4.21419293e-02  2.83301133e-03
  5.11634499e-02  2.75037941e-02  3.01384274e-02  4.91945595e-02
  4.45457436e-02 -5.97174698e-03 -6.00362606e-02  2.28549279e-02
 -2.43163630e-02 -1.01196215e-01  8.71818438e-02 -1.27053179e-03
  2.32281126e-02  5.65746725e-02 -6.50717765e-02  4.37620729e-02
  6.07540905e-02 -4.79605086e-02 -4.46283817e-03 -3.55601311e-02
 -1.73080154e-02  6.52297288e-02 -3.58145162e-02  2.43035257e-02
  2.40124241e-02  1.83723290e-02  2.70773321e-02 -3.33288349e-02
  1.14289415e-03  3.58744375e-02  1.54458219e-02  8.51018913e-03
 -6.64277747e-02 -1.34003311e-02  7.99282268e-02  1.83496978e-02
 -6.80569410e-02  1.45970704e-03  8.00386295e-02 -4.23816629e-02
  8.87434036e-02 -9.00987014e-02  8.63120053e-03 -1.87108666e-02
  9.85666960e-02  5.00764549e-02 -1.76643003e-02  3.04048471e-02
 -2.19048634e-02 -4.66837734e-03  1.39030972e-02  1.12125007e-02
  1.57034453e-02  5.62235117e-02  1.91992577e-02  2.90356670e-02
 -2.98397727e-02 -6.48964569e-02 -6.39398620e-02  2.12596986e-03
 -2.10475121e-02 -5.84270135e-02  6.66794926e-02 -1.85600552e-03
  7.65185244e-03  2.56730104e-03 -3.91418412e-02 -3.58846560e-02
  5.55168577e-02  2.75330152e-02  5.55566465e-03 -2.08954047e-02
  7.52963219e-03  1.28693646e-02 -7.94761553e-02 -3.29036266e-02
 -1.07773505e-01  8.49921852e-02 -5.21521531e-02  2.00126953e-02
 -1.78464092e-02  4.36960198e-02 -4.47646296e-03  1.59194041e-02
  3.69537249e-02  4.34609614e-02 -1.37450565e-02  4.35672551e-02
 -6.66496456e-02  1.00533836e-01  3.25871967e-02 -1.22893534e-32
  7.91777018e-03 -6.87087849e-02  2.57518310e-02  3.37343216e-02
 -3.41438055e-02  4.88856547e-02  3.15369181e-02 -9.41602327e-03
 -2.63191499e-02 -1.00336231e-01  2.75121424e-02 -1.17493086e-02
  5.86876385e-02 -8.23506527e-03 -1.78722870e-02  6.04259260e-02
 -7.75546208e-02 -3.53964455e-02  4.05383930e-02  6.40444905e-02
  1.06355593e-01  5.33325411e-02 -3.23118493e-02  4.68387380e-02
  1.08917840e-02 -7.27941766e-02 -3.48626971e-02 -4.60098498e-02
  2.21308172e-02  4.09470722e-02  5.63771538e-02 -1.70394648e-02
 -6.26568571e-02  1.28095374e-01  5.62298559e-02 -3.15637477e-02
  1.14780694e-01 -1.33900061e-01 -8.99418164e-03  9.70864892e-02
  8.27463046e-02  4.06275392e-02  1.48373358e-02  3.87169831e-02
  1.69148371e-02 -2.19694227e-02 -3.74512859e-02 -1.25905588e-01
  3.26780416e-02 -3.11001223e-02  8.81071091e-02 -1.74591672e-02
  4.59051225e-03 -2.82038208e-02 -1.09807411e-02 -6.28629029e-02
  2.08422216e-03 -6.48960769e-02 -6.47229105e-02  8.04023352e-03
  1.25232339e-01 -2.35039601e-03 -2.96218470e-02 -1.17179286e-02
  8.19959417e-02  1.41820654e-01  9.21135489e-03  7.09874555e-02
 -2.42758133e-02 -3.06669213e-02 -2.21614763e-02 -5.06379604e-02
 -8.05680826e-02 -1.12791270e-01  2.25761253e-02 -4.33563720e-03
 -4.63140123e-02 -2.87854746e-02 -9.60368812e-02  4.31180336e-02
 -3.76509428e-02  2.30177715e-02 -3.94229479e-02 -1.36728655e-03
 -2.43940149e-02  4.63512801e-02  2.95732133e-02 -2.69710198e-02
 -5.92782348e-02 -2.04377272e-03 -9.47442129e-02  9.59817972e-03
  3.02758459e-02  3.22660282e-02 -1.66634265e-02 -6.66565327e-08
 -3.89358290e-02 -2.24598534e-02 -1.94171946e-02 -3.35336775e-02
  9.35609918e-03 -3.74990031e-02 -5.90686426e-02  6.40385202e-04
 -1.58490241e-02  4.63992208e-02  1.04460254e-01 -1.66495204e-01
 -4.15654927e-02  1.80656295e-02  3.44998315e-02 -1.97311416e-02
 -5.23473956e-02  3.54710035e-02 -5.09367734e-02 -2.19286811e-02
  1.12664439e-01  1.35011571e-02  2.74740607e-02 -1.45348543e-02
  4.09314744e-02 -9.10096709e-03  4.46065962e-02  4.52128500e-02
 -1.29059074e-03  1.63854007e-02 -5.74089400e-02 -4.61188424e-03
  4.29438278e-02 -5.63301751e-03  9.39043332e-03  4.95187491e-02
  5.15880175e-02  1.15466468e-01  6.38785437e-02  3.67355049e-02
  1.59163214e-02  2.75242999e-02 -7.18443468e-02  2.82924622e-02
  6.32177964e-02 -1.37831531e-02 -8.08746591e-02 -2.77671427e-03
  9.67312325e-03 -5.31690158e-02 -8.20033625e-02 -2.81049293e-02
  7.41510019e-02  4.64662388e-02 -5.41201420e-02  1.07271345e-02
  1.68053545e-02  6.23932062e-03  1.04174437e-03  2.34405957e-02
  9.39369053e-02  2.86109038e-02  3.84106883e-03 -1.62355490e-02]