[ 3.03819985e-03  6.38776496e-02 -1.38794370e-02 -7.39408061e-02
 -8.83173496e-02  2.18156632e-02  2.85200235e-02  1.21914893e-01
  2.30836403e-03  5.98319136e-02  6.64500371e-02 -6.39690384e-02
  3.70340538e-03  1.09103555e-02  5.74136525e-03 -6.12502433e-02
  1.01108335e-01 -7.08016381e-03 -8.24998468e-02  5.71469776e-02
  1.32076830e-01 -3.46580595e-02 -5.34701012e-02  2.53738016e-02
 -8.70127007e-02 -9.84026212e-03 -4.00679521e-02  1.17393630e-02
  1.14668282e-02 -4.86852229e-02 -3.38896587e-02  8.58737975e-02
  4.06980887e-02 -4.99045253e-02  5.67852892e-03  2.27528380e-05
  1.79386344e-02 -5.96607625e-02 -4.88803238e-02  2.41736304e-02
 -6.65640384e-02 -7.66215101e-02 -5.87944128e-02 -3.43505926e-02
  5.33416793e-02  8.44718236e-03 -2.74261497e-02  5.80373071e-02
  1.08674131e-02  2.21386552e-02 -1.21472411e-01  1.92191175e-04
 -2.19209469e-03  3.60070951e-02 -2.50543151e-02 -4.79625501e-02
 -8.31774028e-04 -2.90160179e-02  4.88886237e-03 -6.44675344e-02
 -4.72674631e-02  1.25765279e-02 -6.01500757e-02  3.78238112e-02
  5.13083450e-02 -3.40381972e-02 -1.49332965e-02 -2.96217632e-02
 -8.55229869e-02  8.68276432e-02  4.32738438e-02 -4.95615937e-02
  5.56643456e-02 -4.75270301e-03 -2.28060838e-02  4.36260179e-02
 -4.55847057e-03  6.38630763e-02  5.26619889e-02 -1.33579701e-01
  2.50712335e-02 -1.64485183e-02 -2.76818406e-02 -1.72283482e-02
 -4.72066132e-03 -7.35748708e-02  4.37980033e-02  3.32951769e-02
  8.23409334e-02 -3.15313563e-02  9.23670381e-02  9.01699215e-02
 -4.64337021e-02 -4.75400649e-02  2.12390777e-02  4.22115214e-02
 -5.37658036e-02  2.22256910e-02  6.74533024e-02 -1.08185913e-02
  4.79901731e-02  1.70545559e-02  7.77711719e-03  1.69466753e-02
 -1.17157504e-01 -1.13101332e-02 -3.27039883e-02  9.55780223e-03
  4.64295484e-02  7.34778792e-02 -5.10874093e-02 -3.23619582e-02
 -6.90549389e-02 -7.11955279e-02 -5.27480915e-02  5.17235138e-03
 -6.45155739e-03 -6.12317622e-02  2.38732062e-02 -1.85255557e-02
 -2.64536799e-03  3.37154302e-03  3.86038586e-03 -5.36972620e-02
  2.91734673e-02 -3.01664211e-02  4.99104410e-02  1.39517647e-32
 -7.69780725e-02 -9.68213901e-02 -2.34247614e-02 -3.56872045e-02
 -1.86858885e-02 -2.81990934e-02 -2.30184067e-02  5.89480475e-02
  5.51979467e-02  2.43221093e-02 -1.10338420e-01  5.93444072e-02
 -2.73191649e-02  1.40320777e-03  3.81843857e-02 -3.23801860e-02
  5.50686829e-02  3.64433229e-02 -1.80402473e-02 -3.20060514e-02
 -1.65240478e-03 -1.12460982e-02  2.34822109e-02 -2.23290883e-02
 -2.19806544e-02  1.31352842e-01  5.43856528e-03 -2.71021817e-02
 -4.46039476e-02  4.27135453e-02  9.40185487e-02 -1.98680740e-02
  7.77061388e-04 -7.32938871e-02 -7.77782276e-02  4.64534527e-03
 -4.96971048e-03  1.43568637e-02 -2.39220541e-02  1.52141182e-02
 -1.03593670e-01  2.25719977e-02  7.05569535e-02  2.50355676e-02
 -1.22673847e-02 -3.47353853e-02  4.37815227e-02  9.25491005e-03
  1.39825478e-01  8.50399435e-02 -5.56405261e-02 -4.77903821e-02
 -2.22198456e-03 -1.81618184e-02 -4.20503318e-02  4.82059829e-02
 -1.05506189e-01  5.27894422e-02 -5.16860560e-02 -7.31949285e-02
 -1.01662753e-02  2.36615483e-02 -1.13895712e-02  2.61895675e-02
 -7.22694173e-02 -3.69529203e-02  1.52221159e-03  1.24485232e-02
  9.25740525e-02  2.15233713e-02 -7.92117789e-02 -3.80143151e-02
  5.16321845e-02  5.04718944e-02  3.41376327e-02 -1.69217587e-02
  1.06820345e-01 -3.00152525e-02 -5.41480482e-02 -1.17684770e-02
 -4.03022300e-03 -1.55415498e-02 -6.81498796e-02 -7.58062582e-03
  6.51269183e-02  6.88998774e-02  8.78279060e-02  2.14203540e-02
 -3.01409662e-02  3.73427570e-02  1.09845884e-02  4.66247201e-02
 -5.49298115e-02  4.25379276e-02  4.06733006e-02 -1.56851795e-32
 -5.89827122e-03  5.25981188e-02 -1.31503837e-02  6.31349534e-02
  5.63540608e-02  4.08414043e-02  6.35698885e-02 -4.70540151e-02
  1.63785256e-02 -4.33449298e-02 -7.95905963e-02 -4.35977578e-02
  4.36417200e-02  1.62335613e-03 -1.10836498e-01  5.00585735e-02
 -8.39253664e-02 -3.07779405e-02 -3.04200873e-02  2.52232607e-02
 -1.20939510e-02  1.40182853e-01  3.14813890e-02  5.11380937e-03
 -1.67198607e-03 -3.96468379e-02 -1.30067170e-02 -1.05156936e-02
 -4.43536751e-02 -7.05722859e-03  5.60860801e-03 -5.65188490e-02
 -5.47241494e-02  8.38489756e-02 -5.60397319e-02 -6.04625270e-02
  5.77855557e-02 -4.37262915e-02 -1.87753793e-02  8.84569138e-02
  3.57925296e-02  4.44948636e-02  3.47880833e-02 -1.62713081e-02
 -3.19196731e-02 -4.25468571e-02  3.66457775e-02 -1.32995039e-01
  4.42772731e-02 -8.80739018e-02  9.27590132e-02  9.10334382e-03
 -2.00958457e-02  4.19926308e-02  5.61820604e-02 -5.31525211e-03
 -8.65508616e-02 -1.23203434e-01 -1.19473368e-01  1.02860527e-02
  6.25218078e-02  2.96551585e-02 -1.86751299e-02 -6.12438321e-02
  1.24852821e-01  1.15088085e-02 -2.45065130e-02 -5.14726862e-02
  1.98033478e-04 -1.19262077e-02  3.12209334e-02 -3.84043530e-02
 -1.74708869e-02 -5.02156466e-02  1.51652945e-02  5.27637824e-03
 -2.93549448e-02 -4.43778373e-02 -9.78357904e-03 -4.04876610e-03
 -1.73263550e-02 -9.67177190e-03 -3.42821814e-02 -7.05270842e-02
 -9.39997882e-02  6.38699671e-03 -1.78736318e-02  1.10761924e-02
 -1.56420246e-02  7.26999938e-02 -8.06321949e-02  5.74778989e-02
  8.16541314e-02  3.60327885e-02 -4.86858152e-02 -6.32159924e-08
  2.04443187e-02 -6.18459024e-02  2.97922529e-02  3.36665139e-02
 -2.15258095e-02 -4.25986759e-02 -5.12909703e-02 -1.68111715e-02
 -4.75202687e-02  2.57789972e-03  1.05172485e-01 -6.15697540e-03
 -9.90030989e-02  3.04188672e-02 -5.32362647e-02 -2.22756788e-02
  2.79478524e-02  7.15422481e-02 -4.81572002e-02 -7.05976188e-02
  3.39333601e-02 -4.59713163e-03 -1.90840065e-02 -4.59151641e-02
  4.67879698e-02  2.85867155e-02 -2.77014747e-02  2.54271664e-02
  6.94322772e-03 -9.52715054e-03 -3.74308825e-02 -3.14660706e-02
  2.78026313e-02 -5.32428846e-02 -3.89817394e-02 -8.74687731e-03
 -6.28340170e-02  7.55098835e-02  2.34849431e-04  2.49719229e-02
  6.41272366e-02 -3.96866277e-02 -2.79676542e-02  2.14087795e-02
  2.33578552e-02 -3.07983179e-02 -1.01556234e-01  3.69336270e-02
 -8.85105599e-03 -2.59992983e-02 -1.40764965e-02 -5.99513836e-02
  9.27431230e-03  4.17894609e-02 -1.36881582e-02 -4.50648554e-03
  5.77527694e-02  1.58798276e-03 -3.51627618e-02  1.20647028e-02
  7.73462802e-02  9.92570519e-02 -2.60683671e-02 -7.49982074e-02]