[-3.73161808e-02 -1.81331076e-02 -8.21362063e-02 -1.28829092e-01
 -3.86446342e-02 -4.99820895e-02  2.55695041e-02  7.19014704e-02
 -2.73257140e-02  5.13201803e-02  1.27261713e-01 -5.48227988e-02
 -1.02878530e-02  1.20432489e-02 -4.04252298e-02 -9.22177881e-02
 -2.31866892e-02 -9.70004052e-02 -6.40227785e-03 -1.26921711e-03
  9.29411501e-02 -7.13805482e-02 -2.16828883e-02 -4.85558547e-02
 -2.26739831e-02  8.51037726e-03 -4.28902954e-02  3.86249088e-02
 -6.88591972e-02 -6.43024072e-02 -4.51510400e-02  1.63664117e-01
  9.03595015e-02  2.79459227e-02 -2.08537113e-02 -8.61567184e-02
  1.51869534e-02 -1.10296132e-02 -4.13953736e-02 -9.93037596e-04
 -8.73378515e-02 -1.11643977e-01  2.11455412e-02 -4.48084110e-03
  1.74993891e-02 -5.79241291e-02 -3.41572352e-02 -2.18089875e-02
 -1.61307063e-02 -1.97612587e-02 -7.00254962e-02  3.75385843e-02
 -5.02686277e-02  8.90950710e-02 -1.77019835e-02 -1.21203206e-01
 -2.01968104e-02 -4.14066017e-02  5.72093949e-02  4.36733291e-02
 -1.45369237e-02  2.44121943e-02 -3.76697145e-02  5.01969904e-02
 -7.46471016e-03  1.43246884e-02  8.99226498e-03 -1.00429036e-01
 -3.60829048e-02 -5.02203815e-02 -6.00883644e-03 -6.65380433e-02
 -4.49136980e-02  3.71220596e-02 -7.47251362e-02  3.95325385e-02
  3.26585621e-02  1.51743237e-02  5.79732209e-02 -6.30528554e-02
 -6.56103576e-03 -2.76929396e-03 -3.24738435e-02  4.82918397e-02
  5.01670018e-02  2.20677238e-02 -2.00362392e-02  1.59968389e-03
  1.35386717e-02 -5.53984158e-02 -7.11149946e-02  9.49149430e-02
 -2.56104935e-02  2.91639194e-03 -6.07200079e-02 -6.58739209e-02
  3.53326127e-02 -1.99278425e-02 -3.64783523e-03  4.05477546e-02
  5.23006096e-02 -2.28888653e-02  2.31550690e-02 -3.31239402e-02
 -8.93703625e-02 -3.67670469e-02  2.02017110e-02  4.13770787e-02
  1.05824411e-01  2.52301432e-02 -4.72212993e-02  2.39561815e-02
 -1.20861016e-01 -3.15072760e-02 -1.17634935e-02 -2.17497535e-02
 -5.65608665e-02  3.15122269e-02  6.29871711e-02  5.30810915e-02
  2.83932108e-02 -3.94348353e-02 -5.30493110e-02 -4.44822796e-02
  3.40551101e-02  4.81722243e-02  6.47165775e-02  1.96364979e-32
 -2.92655043e-02  6.23818859e-02 -1.23462509e-02  4.65558171e-02
  1.65770799e-02  1.22440182e-01  9.71171446e-03  1.36069115e-02
  1.18967304e-02 -2.22379491e-02 -1.11272283e-01  6.63749054e-02
 -8.05113092e-02  5.69062941e-02  1.23296194e-01  2.52982453e-02
  4.41988278e-03  2.05199867e-02  8.91292188e-03  2.80253310e-02
 -4.68857819e-03 -4.73414846e-02  5.01146354e-02 -2.38903854e-02
  9.96577591e-02  8.22092146e-02 -5.64774461e-02 -6.85534300e-03
 -7.66343251e-03  5.43522015e-02  5.57226092e-02 -2.85008810e-02
  1.36527075e-02 -9.71749127e-02  2.43643671e-02 -4.09893095e-02
  1.50591666e-02 -8.00653771e-02 -6.06194371e-03  2.79688593e-02
  7.79403187e-03  2.35118829e-02 -2.52886731e-02 -3.84326726e-02
  2.24579573e-02  4.99085640e-04 -1.08286617e-02  6.90483768e-03
  6.11927025e-02  3.52298617e-02 -1.08830363e-01  3.79322004e-03
 -2.38796156e-02 -2.56455243e-02 -1.10009927e-02  3.66521850e-02
 -2.87618451e-02  1.45677375e-02  1.23204640e-03  1.23756202e-02
 -8.03826973e-02  1.87872332e-02  1.43335378e-02  3.27928811e-02
  1.01303188e-02 -3.66513543e-02  4.01335135e-02  1.03209419e-02
 -1.50114754e-02  7.83228204e-02 -5.07889502e-02 -5.82623594e-02
  3.76417749e-02 -3.15391608e-02 -4.96252021e-03  3.29447053e-02
 -1.32934069e-02  6.55141026e-02 -6.37760982e-02  1.85263585e-02
 -8.80770832e-02  5.69751225e-02  4.90089841e-02 -3.21149267e-02
  3.44062299e-02  9.63460505e-02  4.29020524e-02  9.80060827e-03
  4.24126303e-03  1.22871943e-01 -9.46430769e-03  3.84238176e-02
 -6.98263049e-02 -9.84189659e-03 -3.31191421e-02 -1.99081121e-32
 -6.96185380e-02  4.89376038e-02 -1.63271315e-02  2.87796278e-02
 -1.97414402e-03 -4.74612303e-02  4.34958041e-02  4.10592407e-02
  4.83407527e-02 -6.43007085e-02  4.63802405e-02 -1.07818246e-02
  3.32364812e-03 -8.88494551e-02  5.05164117e-02  3.71923558e-02
 -5.35450615e-02 -2.98912693e-02  3.38883721e-03  2.09054314e-02
  3.80378515e-02  1.47130834e-02 -8.15212354e-02  6.00953074e-03
  2.80492213e-02  5.26967598e-03 -2.75955461e-02 -3.13150100e-02
 -1.07073947e-03 -8.18956196e-02  1.07257357e-02 -8.61134008e-02
  3.50548774e-02  1.84779108e-01  7.10698515e-02 -4.86673452e-02
  8.07504952e-02 -1.33606717e-02  1.03502255e-02  7.76821971e-02
  7.46404231e-02  5.20067364e-02 -1.99033003e-02  1.32503174e-02
 -9.40055102e-02 -1.15301214e-01 -5.19048758e-02 -8.29156861e-02
 -6.80680605e-05 -3.87054100e-03  7.09840283e-02 -5.35252504e-03
 -7.87951574e-02 -1.42606068e-02 -3.91712859e-02 -1.85164902e-02
  2.83963624e-02  3.64057124e-02 -7.87186995e-02  2.24447809e-02
  1.03384860e-01 -1.75585393e-02 -5.48195019e-02 -2.85573006e-02
  8.68473798e-02  2.06666775e-02  3.16589177e-02  4.90174666e-02
 -3.08866967e-02 -1.50021473e-02  5.03897406e-02 -8.23534429e-02
  5.83152892e-03 -1.01558551e-01 -1.87442936e-02 -2.33930890e-02
 -1.00155666e-01  6.23790771e-02  2.63783056e-03  8.27762950e-03
 -2.33612442e-03 -2.38092877e-02 -2.10253149e-03  5.36988340e-02
 -8.62930436e-03  3.17347310e-02  2.41299253e-02  8.61064158e-03
 -2.47261319e-02 -6.43620044e-02 -6.00589514e-02  2.89843269e-02
 -5.98707125e-02 -1.34848822e-02 -6.78185979e-03 -7.21778406e-08
  5.41378856e-02 -1.32773956e-02 -1.98272020e-02  7.96620175e-03
  6.81527779e-02 -7.76257962e-02  9.73426178e-03  5.32821799e-03
 -3.24602961e-03 -2.03527361e-02  9.88892838e-02 -8.60916302e-02
 -2.71981284e-02 -1.06505128e-02  1.21452719e-01  1.31852995e-03
 -2.16310322e-02  2.20888816e-02 -5.96297123e-02  3.56412772e-03
  6.19300343e-02 -1.93351824e-02 -1.26263089e-02 -1.22892614e-02
 -8.93570259e-02 -3.15544643e-02 -2.62517072e-02  8.37124586e-02
  6.63709780e-03  3.18118595e-02 -2.97331177e-02 -2.40889043e-02
  3.80860455e-02 -1.79861430e-02  2.72160787e-02  2.33866535e-02
 -9.85131133e-03 -4.81427647e-02  6.45280331e-02  3.87834124e-02
  2.01434344e-02 -8.90818238e-02 -6.25005886e-02  2.31530275e-02
  1.41354166e-02 -4.69240062e-02 -1.84028894e-02 -3.19629870e-02
 -4.46113423e-02 -4.66278708e-03 -9.42483321e-02  1.41343521e-02
  1.42214149e-02  1.14083886e-02 -4.66205887e-02 -2.80496292e-02
  4.78998497e-02 -1.29548111e-03  2.60613323e-03  3.95305417e-02
  1.17682487e-01 -3.38341519e-02 -1.06196627e-02 -5.75170526e-03]