[-1.22326903e-01  1.42317051e-02 -3.34835351e-02  3.95480655e-02
 -1.43820317e-02  2.93108542e-02  7.20021427e-02  1.24486290e-01
 -2.33015860e-03  4.29689065e-02  9.68233570e-02 -4.80116718e-02
 -5.69874309e-02  5.32547794e-02 -2.79255547e-02  1.94521174e-02
 -6.17491566e-02  3.67220081e-02 -2.04395428e-02  4.68906611e-02
  3.01467888e-02 -2.19959971e-02 -4.28358950e-02  4.57686074e-02
 -8.76984596e-02 -1.57786235e-02  2.79565118e-02  7.41817756e-03
 -3.53061892e-02 -5.76522341e-03 -4.74083126e-02  3.06173172e-02
 -1.82796400e-02 -3.97577845e-02 -9.27625597e-03 -8.65888670e-02
 -4.13859151e-02  5.09703495e-02 -4.32375632e-03  2.12737266e-02
 -2.50212685e-03 -4.97244075e-02 -5.25414273e-02 -4.96961037e-03
  2.50415709e-02 -4.27095033e-02  9.41408649e-02  3.05495095e-02
  1.30675929e-02 -2.50767525e-02 -1.21173069e-01 -1.69849917e-02
  4.23273304e-03 -4.01086770e-02  4.29208949e-02 -4.91339490e-02
 -9.30653140e-03 -3.23608033e-02  7.77140781e-02 -3.75688472e-03
  2.62100715e-02 -2.51315050e-02 -7.41517544e-02 -2.96645723e-02
  1.83661282e-02  1.34583116e-02  2.11743992e-02 -8.81607980e-02
 -6.16838709e-02  5.41326441e-02  2.25084759e-02 -4.56835628e-02
  2.63430774e-02 -7.81489462e-02 -6.61357045e-02  2.90268138e-02
  1.37950536e-02  4.63164635e-02 -4.11428465e-03 -4.05705012e-02
  5.33601865e-02 -9.33163464e-02 -1.56687293e-02 -1.07910506e-01
  3.37786786e-02  4.28220141e-04  4.67497669e-02 -4.46542166e-02
  1.63181918e-03  8.47178511e-03  4.03185794e-03  5.60323596e-02
 -1.76223200e-02  4.72117402e-02  4.57303226e-02  5.82269914e-02
  2.49552857e-02  1.17886417e-01  5.66877797e-02  5.29325753e-02
  4.06204797e-02  5.66314310e-02 -1.17350988e-01  3.38257886e-02
 -7.70882815e-02  1.75333470e-02 -2.74639972e-03 -6.89999983e-02
 -1.57691427e-02  9.64965858e-03 -4.00945321e-02  2.04180293e-02
 -5.64226955e-02 -9.29976255e-03 -6.67041093e-02 -1.87040009e-02
 -1.55176884e-02  7.23472610e-02  4.52986658e-02  6.19007237e-02
  1.26128020e-02 -1.42395180e-02 -6.18770346e-02  2.05304939e-02
  7.48586953e-02  3.58522544e-03  3.15741077e-02  3.44055074e-33
  4.32327017e-03 -5.98178990e-03 -2.68716889e-04  6.49066493e-02
  6.99379817e-02 -9.14964452e-03 -8.38212222e-02 -3.16536240e-02
 -7.54471347e-02 -5.62752523e-02 -2.54178196e-02  1.91409755e-02
 -1.02248654e-01 -1.21960461e-01 -1.85923707e-02  8.65796879e-02
 -6.64734840e-02 -6.11110479e-02 -1.47147141e-02 -7.85035193e-02
  4.85142544e-02  5.94064891e-02 -4.95810900e-03  2.49329321e-02
 -5.13766799e-03  1.48161232e-01  1.06275678e-02 -9.91638377e-03
 -6.94800317e-02  4.71542738e-02 -5.77400215e-02 -8.65684822e-03
 -4.72832434e-02  7.64206201e-02  5.85129969e-02  7.35188089e-03
 -2.67340299e-02 -8.60935301e-02 -8.29091519e-02  6.95059076e-02
 -1.89111382e-02  4.18648915e-03 -2.58284640e-02 -4.81932722e-02
 -7.50504285e-02 -6.24811649e-03 -5.56062870e-02 -7.39101367e-03
  1.55561224e-01 -9.07032378e-03 -5.80916405e-02 -7.63202310e-02
  6.21395558e-03 -1.28844529e-02  2.35389136e-02  5.08037768e-02
 -6.77596852e-02  1.82189755e-02  2.32762489e-02  2.30390206e-03
  1.37927467e-02 -2.13820413e-02 -5.65379597e-02  5.68338670e-02
 -4.47948314e-02  7.13252053e-02  9.85261891e-03  3.50296609e-02
  3.64391021e-02 -1.90851148e-02 -1.36930477e-02 -7.29518384e-03
  2.08141133e-02  1.27157266e-03  1.82482507e-02  2.84440424e-02
  1.45657584e-02  2.64755804e-02 -1.24698505e-01  5.13189062e-02
 -9.21757147e-02  7.11269258e-03  3.68133523e-02 -5.15837083e-03
  6.60432875e-02  1.98624711e-02 -4.13798690e-02 -3.78447166e-03
  9.68559552e-03  6.70506293e-03 -9.83932149e-03  5.00973836e-02
 -1.76056214e-02  8.20938963e-04 -5.91212101e-02 -4.61479503e-33
 -3.79487909e-02  1.25755658e-02  2.96491105e-02  4.64743301e-02
 -6.29044091e-03 -4.97677177e-02 -4.41660210e-02 -1.84086766e-02
  8.02454278e-02 -7.58476704e-02  3.20394374e-02 -5.93080297e-02
  3.12453844e-02 -6.07687905e-02 -6.17037565e-02  4.93293293e-02
  3.29329306e-03 -9.25997868e-02 -1.24078378e-01 -5.54007106e-02
  1.99596789e-02  3.71909165e-03 -7.03691542e-02 -5.51211275e-02
 -5.18016890e-02 -3.45859528e-02  9.16565880e-02  6.10452555e-02
 -1.59501925e-03  3.15669142e-02 -3.80611904e-02  2.14198753e-02
  4.70969789e-02  1.43071171e-02 -5.60490228e-02  8.66253078e-02
  5.28472140e-02  3.91604099e-03  2.66749803e-02  1.59047917e-01
 -2.37520747e-02  6.38310984e-02  2.06232201e-02 -5.50155267e-02
 -5.01169171e-03 -3.68858948e-02 -1.62770338e-02 -3.85318547e-02
  1.41144143e-02 -3.11629456e-02  1.24684602e-01  2.26295856e-03
 -6.10505901e-02  8.48864764e-03  1.26781706e-02 -1.15952000e-03
  3.18663381e-02 -9.31103434e-03 -1.28301056e-02  3.62039469e-02
  1.03911527e-01  5.83403595e-02 -7.87949562e-02  1.36458948e-02
 -1.09660001e-02  1.16820801e-02 -8.53156969e-02 -5.17136604e-02
  4.98569869e-02  4.50157709e-02  6.64406344e-02 -4.18180153e-02
 -7.71619976e-02  5.91242872e-03 -9.96158347e-02  9.32912007e-02
 -7.36401305e-02  1.10319220e-01  6.90663680e-02  4.77305688e-02
  1.42854052e-02 -1.03610866e-02  1.02450727e-02  8.33283961e-02
  5.76431938e-02  3.21971141e-02 -1.55746033e-02 -4.15746160e-02
 -9.05410666e-03 -2.67411582e-03  5.72049767e-02  1.35558918e-02
  3.91638465e-02  5.38628213e-02 -4.72057089e-02 -6.38718518e-08
  9.27553792e-03 -2.94026993e-02 -7.61874393e-02 -7.93985790e-04
  6.02958798e-02  8.85508582e-03  2.18188930e-02 -4.05280106e-02
 -1.26716131e-02  1.40158653e-01  5.57186976e-02 -4.79103718e-03
  3.29226553e-02  1.49638942e-02 -1.34771476e-02  1.12283397e-02
 -2.42308546e-02  5.66544905e-02 -2.86670886e-02 -2.67581944e-03
  5.58652245e-02  1.73423849e-02 -9.03205201e-03 -4.83205207e-02
  1.26953432e-02 -6.43127784e-02 -7.25676417e-02  3.43789943e-02
 -3.71061265e-02 -7.21135701e-04 -5.27018644e-02 -1.06419506e-03
  5.15576527e-02 -9.13088769e-02 -3.13970521e-02  4.07620855e-02
  6.18675537e-02 -5.78931794e-02  9.07677785e-03  5.70101812e-02
  5.49444556e-02 -1.25505142e-02  2.29428313e-03  3.06037907e-02
  9.95885432e-02  2.65072715e-02 -2.47063171e-02 -3.56423482e-02
 -2.97442358e-02  7.89467990e-02  8.55634958e-02  4.05139141e-02
  1.64136142e-02  4.57785726e-02 -1.60921477e-02  7.01522827e-02
 -3.76815163e-02  5.70263602e-02 -8.08870196e-02 -3.56536023e-02
  4.62604165e-02  2.87790149e-02  2.34490074e-02 -1.39768636e-02]