[ 2.46161465e-02  1.22821555e-01 -3.03432886e-02 -7.12824091e-02
 -7.47247636e-02  8.39825049e-02 -6.09096140e-02  5.72322980e-02
  9.79810115e-03  6.93565831e-02  2.64009554e-02 -3.51501964e-02
 -3.91332433e-02 -1.62059460e-02  7.57932756e-03 -6.54173568e-02
  1.43139875e-02 -4.05493081e-02  2.66187545e-02  5.70108742e-02
  1.11264251e-01 -4.28442582e-02 -2.78847404e-02 -3.37413629e-03
 -8.13957602e-02 -5.39883832e-03 -9.45592895e-02  6.26758998e-03
 -6.39749020e-02  4.19827364e-03 -8.20364989e-03  8.42145607e-02
  2.36393921e-02 -2.40984596e-02  1.57456063e-02 -3.72901671e-02
  3.35999243e-02 -7.81291947e-02 -1.89515110e-03  6.34249970e-02
 -2.50727348e-02 -3.93463634e-02 -5.24317361e-02 -6.23997264e-02
 -8.12423788e-03 -4.38466705e-02  2.79928814e-03  4.01192531e-03
 -2.69087348e-02  1.26242964e-02 -4.46367934e-02  5.99381421e-03
  4.32093516e-02  7.83263296e-02 -3.88752893e-02 -6.66938648e-02
 -2.10589748e-02 -1.77023727e-02  5.96035970e-04  1.21099260e-02
 -3.07855047e-02  1.06256895e-01 -1.26899704e-01  2.28393562e-02
  1.12541104e-02 -1.24564052e-01  3.96500863e-02 -2.01428421e-02
  3.79216275e-03  6.83823675e-02  2.34492719e-02 -5.34669980e-02
 -8.44298687e-04 -1.77796222e-02 -4.97984253e-02  4.61710431e-02
 -4.98739406e-02  5.95939532e-02  7.70224184e-02 -1.91223726e-01
 -1.86485499e-02 -4.03101481e-02  1.77818388e-02 -2.90901046e-02
 -3.27627771e-02 -5.02616838e-02  3.05796564e-02  9.46522206e-02
  4.46607769e-02  3.43041657e-03  6.82312921e-02  8.48828927e-02
 -1.74234621e-02 -2.46446487e-02 -4.28126688e-04  1.05952956e-02
 -3.47235538e-02  8.18524957e-02  6.08526319e-02  2.23924797e-02
  1.29515324e-02  5.49630225e-02 -3.93583216e-02  7.93572236e-03
 -3.09450291e-02  7.11560398e-02 -2.07366887e-02  7.74058979e-03
 -4.67130542e-02  2.74235718e-02 -5.06467707e-02  2.62396764e-02
 -1.27547765e-02 -7.49030858e-02 -1.56092225e-02  9.02512074e-02
 -5.05645014e-02 -3.40194674e-03  4.39485610e-02  2.00144313e-02
  5.47669344e-02 -6.85579935e-03  1.02946153e-02 -2.34232284e-02
  4.67854142e-02  1.12482049e-02  5.64136766e-02  1.30300537e-32
  1.77666564e-02 -1.13915764e-01  3.53653403e-03 -1.13183754e-02
  1.13408901e-02  4.31950912e-02  5.39974589e-03  3.67297418e-02
  3.66699360e-02  4.07386683e-02 -1.20405346e-01  2.23497604e-03
 -1.05884522e-02 -6.92283884e-02  4.10305001e-02  3.54757020e-03
  4.88399453e-02  1.10853678e-02 -3.11890561e-02  1.06768161e-02
  2.73437370e-02 -1.87681802e-02  3.72475646e-02  4.77265678e-02
 -1.07244169e-02  7.54191577e-02 -2.51602717e-02 -1.92339122e-02
 -7.92052373e-02  5.70555329e-02  3.40563618e-02 -1.96498930e-02
  6.85394779e-02 -1.19581334e-02 -4.40074876e-02  2.38045249e-02
 -3.23130330e-03  1.08589213e-02 -5.88023849e-02  7.70837255e-03
 -5.18716127e-02  1.05743492e-02  7.52512738e-02 -1.55410301e-02
 -3.15657444e-02  2.39699008e-03  5.20582162e-02 -6.52768463e-02
  7.60432482e-02  1.24638103e-01 -6.98252097e-02  3.06666177e-03
 -5.73490784e-02 -5.56934439e-03 -3.78721743e-03  5.44720776e-02
 -1.16853476e-01  2.33376250e-02 -2.15825494e-02 -1.78108439e-02
  4.08783443e-02  4.17814329e-02 -3.59377936e-02  2.85431799e-02
 -6.10564239e-02 -5.26949242e-02  3.47592719e-02  1.87016069e-03
  7.28446022e-02 -1.05517143e-02 -1.04209691e-01  1.54529540e-02
  3.15980688e-02  1.07210651e-02  6.38078749e-02 -3.66161801e-02
  9.34792534e-02 -8.72699320e-02 -3.15730236e-02  1.13143595e-02
  2.03172734e-04  1.99924223e-02 -9.80478991e-03 -2.42348574e-02
  7.24259242e-02  3.56370881e-02  4.45491560e-02  2.21889336e-02
 -1.51934801e-02  8.23950619e-02 -1.96089912e-02 -3.21644396e-02
 -7.78736034e-03  2.38285773e-02  6.40671626e-02 -1.51000845e-32
 -1.34323938e-02 -2.05489323e-02 -7.69660249e-02 -1.65003154e-03
  3.04060224e-02  6.40361682e-02  3.42354216e-02  5.87974526e-02
 -5.18171228e-02 -5.68745174e-02 -3.06785833e-02 -7.60351494e-02
  8.45862851e-02  1.18656391e-02 -4.99106608e-02  1.17751928e-02
 -6.89015314e-02 -7.68396035e-02 -3.12736221e-02  2.11296044e-02
  7.02078193e-02  8.77753794e-02  4.75049317e-02  1.42088579e-02
  5.05095199e-02 -7.61951879e-02  3.37659046e-02 -6.43846840e-02
 -4.70432527e-02  2.85567176e-02  5.83325699e-02 -7.22635463e-02
 -8.15905258e-02  1.11190818e-01 -3.40062678e-02 -6.14716448e-02
  1.02610253e-01 -1.26586854e-02  2.58625485e-02  6.73195124e-02
  1.99511014e-02  6.21576607e-02  3.44809256e-02 -2.03291606e-02
 -6.59421319e-03  4.30689612e-03 -8.20443854e-02 -8.28971341e-02
  4.04446684e-02 -1.07716449e-01  2.28397157e-02 -2.54060980e-02
 -1.02027282e-01 -4.41168398e-02  6.66778386e-02 -1.21252522e-01
 -5.53247705e-02 -8.86343643e-02 -1.32920116e-01  5.63977584e-02
  9.75602940e-02  6.45210296e-02 -7.86132812e-02  7.43667362e-03
  9.79219750e-02  6.21691067e-03 -6.59659430e-02 -2.01828149e-03
 -1.41498623e-02  6.33259192e-02  4.95298244e-02 -6.56562373e-02
 -1.11528665e-01 -1.85582899e-02  2.80873608e-02 -4.06836346e-03
 -1.60190891e-02 -4.00963612e-02 -6.16113394e-02  2.15871092e-02
  2.01296173e-02 -3.62925269e-02 -8.01840052e-03 -7.73788104e-03
 -2.15475541e-02  1.50344595e-02 -1.08598964e-02  3.62201855e-02
 -2.18701195e-02  8.47075954e-02 -2.88687441e-02 -2.42008958e-02
  4.08284999e-02  1.38643850e-02  1.62232015e-02 -6.53495746e-08
  1.08065950e-02 -1.88414603e-02 -3.08088101e-02 -1.14271883e-02
 -3.08341831e-02 -7.23518282e-02 -2.60987990e-02 -2.50023361e-02
  9.76185687e-03 -8.38592462e-03  1.61211893e-01 -3.15005332e-02
 -4.04503159e-02 -2.53662635e-02 -4.83629480e-02 -4.48570922e-02
  2.09859349e-02  5.64516559e-02 -4.40896042e-02 -8.35737735e-02
  2.59892810e-02 -2.00475436e-02 -7.77904391e-02 -2.37995759e-02
  2.15963256e-02  2.79792938e-02 -4.29946138e-03  2.99202278e-02
 -3.86017747e-02  3.48785371e-02  3.72758741e-03 -2.34213546e-02
  6.31215842e-03 -6.45204931e-02 -4.25676182e-02 -3.07651069e-02
 -5.01786806e-02  3.75790410e-02 -9.44786426e-03  9.75967478e-03
  3.54955904e-02 -9.77004617e-02 -3.24649736e-02 -2.00458318e-02
  7.42809251e-02 -1.79176684e-02 -4.86162044e-02  3.20717022e-02
 -2.50648838e-02 -4.38953713e-02 -4.53463681e-02 -2.65673045e-02
  5.51605485e-02  2.99245073e-03  4.19133529e-02  1.82807948e-02
  7.93612301e-02 -7.48871709e-04 -3.03565767e-02 -5.24880923e-02
  8.87519345e-02  1.11406827e-02 -1.39952693e-02 -2.95752324e-02]