[-2.69133374e-02  5.32945655e-02 -8.65357928e-03 -1.85052957e-02
  6.09907322e-04  2.92590866e-03  3.25973593e-02  1.54506207e-01
 -2.87802555e-02  7.88655281e-02  1.36792392e-01 -1.31547935e-02
 -2.83923885e-03  6.67434335e-02 -1.11844145e-01 -1.19797312e-01
  2.29127444e-02 -7.66985165e-03 -3.96038182e-02  3.85257229e-02
  4.59598415e-02  1.07912337e-02 -5.59701174e-02  3.26662324e-02
 -9.78380293e-02 -1.60616785e-02  2.41433550e-02  2.10669115e-02
 -4.34790626e-02  3.01625878e-02 -4.71734256e-03  5.44557609e-02
  2.46930495e-02 -8.12386274e-02  2.52022166e-02  7.49024842e-03
  5.90758994e-02 -1.52890757e-02 -5.00135608e-02 -6.89729443e-03
 -2.26695761e-02 -8.95147696e-02 -2.07191147e-02 -2.87117027e-02
  4.32164110e-02 -3.62691842e-02 -4.83890921e-02 -9.77500807e-03
 -1.38090039e-02 -3.08577018e-03 -4.74204756e-02 -1.70655828e-02
  3.53919268e-02  3.40924561e-02 -1.30686061e-02 -8.32156762e-02
  1.25003932e-02 -4.94974665e-02 -6.16457611e-02 -1.15816956e-02
 -8.67483031e-04  1.72344167e-02 -4.18253196e-03  7.40671903e-03
  9.75249559e-02  2.06418764e-02  4.20293584e-02 -7.51524866e-02
  1.08666904e-01  3.85329127e-02  8.10186565e-02 -6.48682415e-02
  4.10601236e-02  2.92818490e-02 -4.77511249e-02  5.93828224e-02
 -1.75938178e-02  1.22574614e-02  4.35902365e-02 -7.45026618e-02
  2.96570011e-03 -6.80884644e-02 -1.46889105e-03 -2.33008116e-02
  4.64414097e-02  4.94853184e-02 -4.87970263e-02  5.34850135e-02
  1.06958905e-02  3.45903523e-02  4.42018472e-02  4.80418392e-02
  7.44316541e-03 -3.00106239e-02 -1.18754944e-02 -1.30725270e-02
 -1.34075545e-02 -5.90098742e-03  5.39653152e-02 -1.55959297e-02
 -3.62729537e-03 -6.28620479e-03 -6.27895445e-02  1.18663404e-02
 -4.79780845e-02 -1.69793447e-03 -1.41152060e-02 -1.20605767e-01
 -8.96704104e-03  2.61119741e-04 -1.61228944e-02  5.82782552e-02
  7.30078993e-03 -8.51148292e-02 -1.15797129e-02  3.60743254e-02
 -1.84705015e-02 -1.64398961e-02 -2.10606493e-02 -6.05692603e-02
 -2.61686798e-02 -6.87268227e-02 -1.29773188e-02 -8.36528912e-02
  3.30655426e-02 -8.11060891e-02  4.75206189e-02  1.00745273e-32
 -2.11779848e-02 -2.66509056e-02 -4.16947193e-02  2.70390883e-02
  2.75695045e-02  3.90390940e-02 -7.35077932e-02 -4.81189042e-02
  1.03864565e-01 -2.20382363e-02 -3.45527870e-03  1.80039760e-02
  5.33655360e-02 -5.92474453e-02 -2.33958866e-02  4.65310290e-02
  5.92303202e-02  5.44441380e-02 -1.03409141e-01  3.33211459e-02
 -4.20574509e-02 -7.77784139e-02  9.68337804e-03  3.47138643e-02
 -2.16114689e-02  8.75608623e-02 -6.92765787e-02 -2.70792898e-02
  2.73789540e-02  4.34491895e-02  7.70188123e-02  2.71964166e-02
  1.85173638e-02 -1.78391133e-02  1.85571834e-02  7.06640333e-02
 -7.54439132e-03  2.11522337e-02 -3.89198847e-02 -2.22260524e-02
 -2.24971846e-02 -1.10379513e-02  2.13635117e-02  3.97879891e-02
  3.92828621e-02 -8.67033377e-02 -8.43934342e-02 -2.89764702e-02
  2.19477620e-03  2.70782150e-02 -5.57856597e-02  3.98287643e-03
 -1.93599947e-02 -8.27149004e-02 -1.10346489e-02  1.00732528e-01
 -9.57870483e-03  2.34796423e-02  4.33225483e-02  4.01186161e-02
 -2.13283347e-03  7.43203610e-02 -7.92794824e-02  3.84267024e-03
 -3.70469294e-03 -9.70997959e-02  4.95795347e-02 -2.87811551e-02
  2.68922392e-02 -5.98046482e-02 -5.20928502e-02 -1.37253804e-03
 -4.92748544e-02  4.95110378e-02 -5.63324206e-02  1.23639926e-02
  7.96559080e-03  1.35383913e-02 -2.01678481e-02 -5.33084683e-02
 -3.55749168e-02 -5.08019514e-02  5.66299483e-02 -3.82545078e-03
  8.31853505e-03  7.26691708e-02 -2.63325293e-02  5.59092015e-02
 -4.27916721e-02  6.33250996e-02 -1.77772075e-03  8.11467543e-02
 -2.37210989e-02  2.90840096e-03  7.26109669e-02 -1.40293429e-32
 -1.83769874e-02  2.15871260e-02 -9.07654092e-02 -4.05227430e-02
 -5.18249534e-02 -5.48108630e-02  4.33369819e-03 -3.13012786e-02
  3.54346968e-02 -8.86288658e-02 -6.22964986e-02 -9.03700665e-02
  5.98863140e-03 -2.31300294e-02 -6.52629659e-02  5.70313372e-02
 -7.48750642e-02 -3.53551880e-02 -4.83881012e-02  9.45420843e-03
  3.26017439e-02  1.32144978e-02  3.48797888e-02 -2.27727033e-02
 -6.65860027e-02  2.80958898e-02 -4.29050028e-02 -2.71888413e-02
 -8.64292309e-02 -6.10998720e-02  1.18300982e-03  2.39978414e-02
  2.52943742e-03  1.21499218e-01 -2.59392727e-02  5.12290688e-04
  1.35833934e-01 -5.16778231e-02 -3.80253270e-02  1.95608451e-03
  5.57039604e-02  1.44654989e-01  7.06265774e-03  5.30701363e-03
 -4.17756177e-02 -3.09917126e-02  3.63325924e-02 -6.38200715e-02
  6.44629300e-02 -6.27609938e-02  4.78049591e-02  1.78558454e-02
  7.42736133e-03 -5.12565998e-03  4.10992391e-02  5.37532428e-03
  5.16210720e-02 -1.28882781e-01 -1.59386203e-01  5.53521775e-02
  1.21154666e-01  4.65909801e-02 -1.01704761e-01  3.76641564e-02
  1.06461793e-01  3.80314812e-02 -5.26624359e-02  1.59463696e-02
  1.00864306e-01 -5.73300309e-02  2.91354340e-02  1.20544434e-02
 -8.77446607e-02 -6.38509467e-02  4.27668961e-03 -8.45876411e-02
 -1.06971979e-01  3.71551216e-02 -6.36234656e-02  3.04920096e-02
  1.77298440e-03 -6.69262782e-02 -5.37232962e-03  5.95458830e-03
 -3.04975063e-02 -6.34819567e-02  3.21417823e-02 -9.16673392e-02
 -1.50622316e-02 -7.64646605e-02 -8.94703716e-02  3.72625999e-02
 -7.71877989e-02 -1.09888464e-02 -2.46236045e-02 -6.52096190e-08
 -3.84673402e-02 -4.33634780e-03  7.75641296e-03 -5.89686371e-02
  2.47376859e-02 -6.73014149e-02 -3.83948646e-02  3.33330147e-02
 -2.49497294e-02  3.60703506e-02 -8.72504786e-02  1.15117859e-02
 -4.19392921e-02  4.64590974e-02  1.75595824e-02 -6.84628114e-02
  2.42979899e-02  5.45100272e-02 -8.61548185e-02 -1.57877039e-02
  5.77549264e-02 -3.20948064e-02 -3.18464311e-03  1.90255325e-02
  7.58950086e-03  1.92694478e-02  1.47372382e-02  8.35859254e-02
 -5.50419241e-02  7.17709307e-04 -9.11214426e-02 -1.17923878e-02
  4.92754802e-02 -5.92036508e-02  3.20788063e-02  2.11824384e-02
  6.28256127e-02  4.61613908e-02  8.05635937e-03 -1.33488383e-02
 -8.17986950e-03  2.18873825e-02  1.05709780e-03  6.13049902e-02
  2.17193235e-02 -8.81480873e-02 -2.38108635e-02  3.23440246e-02
 -9.79088619e-03 -2.12355200e-02 -2.00469345e-02 -3.14084403e-02
  3.96084636e-02  1.40252700e-02 -7.16018453e-02  3.45485657e-02
  8.99845213e-02  2.93083340e-02 -3.11491247e-02 -5.80814630e-02
  9.38165262e-02  2.81155780e-02  4.92153876e-02 -5.59839495e-02]