[-7.12383762e-02  5.56962974e-02 -3.98251750e-02 -3.50549668e-02
 -1.15031965e-01  3.87408808e-02  8.83461558e-04  1.47851318e-01
 -7.94190392e-02  4.14483212e-02  7.26230815e-02 -1.70503445e-02
  4.04058062e-02  1.73218586e-02 -3.89803424e-02 -5.14360368e-02
  1.50007764e-02  1.67309009e-02  1.40995672e-02  4.90669198e-02
  1.22080848e-01 -6.33950606e-02 -1.08390423e-02  2.77663395e-02
 -6.03025034e-02 -1.14747863e-02 -5.96749559e-02  4.65005822e-02
 -3.09637375e-02 -1.96499862e-02 -4.09120061e-02  1.28946647e-01
  4.23824228e-02 -2.00883243e-02 -5.93834883e-03  5.96535392e-03
  3.19500379e-02 -3.62349153e-02 -5.66037446e-02  5.57073355e-02
 -1.38336241e-01  2.05712076e-02 -8.95362049e-02 -7.52708018e-02
  6.40636776e-03 -3.81176770e-02  2.71524657e-02  2.63712946e-02
 -4.18454222e-02 -4.09835577e-02 -3.84578146e-02 -3.54364961e-02
 -4.90631536e-03 -8.98189656e-03  3.00989347e-03 -6.47864267e-02
 -1.48408143e-02 -1.26595162e-02  3.74899767e-02 -2.46097147e-02
  1.90603100e-02  2.02459693e-02 -4.04249085e-03 -7.34621705e-03
  2.86827907e-02 -2.89351027e-02 -4.96812575e-02 -3.86225767e-02
 -8.27561244e-02 -1.10507878e-02  6.84002936e-02 -1.22788116e-01
  6.62065344e-03  2.80740019e-02 -3.92765850e-02  6.94024637e-02
  8.10438301e-03  1.04986560e-02 -5.72928898e-02 -1.91026166e-01
  1.02941789e-01 -4.24365997e-02 -1.54082673e-02 -3.08696069e-02
 -3.11466912e-03 -1.69856269e-02  8.16589408e-03 -4.59839823e-03
  1.51124701e-01  5.26495837e-02  4.45784405e-02  6.78505674e-02
 -1.34307459e-01 -7.44686201e-02  2.27955747e-02 -1.78300198e-02
 -1.18155768e-02  5.00783511e-02  4.27193567e-02 -2.04107072e-03
  5.24300039e-02 -5.13698906e-03  2.75257304e-02  4.59142141e-02
 -6.10502549e-02  2.20926255e-02  4.27753851e-02  6.39602914e-03
 -3.57100703e-02  8.36915001e-02 -6.25012219e-02 -2.97034364e-02
 -1.15862831e-01 -7.76330680e-02 -3.93587388e-02  2.63521038e-02
 -6.57763034e-02 -1.90278962e-02  2.15132646e-02 -3.69613431e-02
  3.93921956e-02 -3.97372106e-03  7.36160874e-02 -5.26006371e-02
  1.17639955e-02 -2.18524057e-02  1.73789077e-02  9.69966878e-33
 -2.35916469e-02 -7.29610724e-03 -4.01887223e-02  1.65554080e-02
 -1.78106818e-02 -1.59613546e-02 -5.05530871e-02  6.61047101e-02
  7.46778399e-02 -3.42928693e-02 -2.86737494e-02  4.19833511e-02
  1.83810405e-02 -2.86551975e-02  7.99367949e-02 -4.39631417e-02
  8.23055133e-02 -1.66475698e-02 -1.01043396e-02 -8.32850300e-03
  1.23639777e-02  6.52740896e-03  1.87700484e-02 -3.20132524e-02
  1.14797503e-02  4.93630692e-02 -5.87326735e-02 -1.10719465e-02
 -7.14493766e-02  4.59671021e-02  5.04915789e-02  2.25090515e-02
  1.09036332e-02 -4.68596220e-02 -2.19975784e-02 -5.45728114e-03
 -2.98722610e-02 -2.89759878e-02 -1.50836315e-02 -4.61003780e-02
  2.36490835e-02  9.86120850e-03  1.49344616e-02 -1.39622760e-04
  4.65497635e-02 -1.60887893e-02  7.09917173e-02  3.89767289e-02
  5.66708110e-02  8.96093845e-02 -2.79541966e-02  2.26351004e-02
 -7.01101422e-02 -6.16653226e-02 -7.19770230e-03 -8.10411014e-03
 -5.35697676e-02  3.23181823e-02 -5.42406030e-02 -4.56098616e-02
 -1.00987300e-03 -2.88567296e-03 -3.37172449e-02  1.20196715e-02
  4.11469350e-03  9.55056585e-03 -5.30491732e-02  5.08291945e-02
  1.06508054e-01  4.12680805e-02 -6.48564622e-02 -4.38399129e-02
 -3.35892253e-02  4.35777707e-03  3.53019536e-02  2.59976760e-02
  7.90242106e-02 -1.80259291e-02 -5.39563410e-02  3.71446684e-02
 -8.15407857e-02  1.29405800e-02 -9.85755771e-02 -6.14294000e-02
  1.43899739e-01  3.41569036e-02  7.08767623e-02  2.10533626e-02
  1.67299006e-02  6.36496171e-02  8.23066384e-02  6.14498835e-03
 -2.98778135e-02  3.58438045e-02  2.01340225e-02 -1.24812918e-32
  1.26838300e-03  5.08922450e-02 -2.57187281e-02 -9.38911084e-03
 -2.05329601e-02 -1.30079892e-02 -1.72356013e-02  5.56579325e-03
 -6.21562414e-02 -1.21697769e-01 -4.04284671e-02 -1.01451948e-01
  8.24104100e-02  1.78960115e-02 -7.23205358e-02 -1.67072099e-02
 -1.10053629e-01 -2.79504769e-02 -2.97416877e-02  2.23889984e-02
  3.76507156e-02  5.93337528e-02  7.32340738e-02  2.35380270e-02
 -3.09455357e-02 -1.74080618e-02 -5.98424822e-02 -4.35075490e-03
 -7.45261386e-02  6.15045354e-02  5.35138659e-02 -4.09261882e-02
 -1.89382117e-04  1.35345131e-01 -4.53250594e-02 -5.16142547e-02
  6.26535565e-02  9.04837344e-03  1.59838479e-02  1.08387813e-01
  1.89115033e-02  3.49917300e-02  1.43596521e-02  7.12582201e-04
 -6.01007491e-02 -5.58925234e-02 -4.52127196e-02 -8.67090523e-02
  2.50943042e-02 -9.79263112e-02  1.18276827e-01 -9.31301620e-03
  2.48159235e-03 -7.22290277e-02  4.00660101e-05 -6.42949119e-02
 -2.34272331e-02 -4.66893353e-02 -6.69621751e-02  2.28576902e-02
  1.40072271e-01  5.69080748e-02 -3.59947830e-02  2.87786853e-02
  7.92076513e-02 -1.41933514e-02  2.12052222e-02  4.18904237e-02
 -2.92893127e-02 -6.27880543e-02  2.76546665e-02 -5.35940193e-02
 -1.00220041e-02 -3.40794064e-02 -2.17387751e-02 -5.41227162e-02
  1.47148697e-02  1.09208692e-02  3.85361947e-02  4.33602929e-02
 -1.02110147e-01 -9.99921001e-03 -4.66042832e-02 -5.46685932e-03
 -4.35572974e-02  2.09602080e-02 -7.93427154e-02 -1.63940806e-02
  5.05078696e-02  3.46279331e-02 -2.40936205e-02  6.81132376e-02
  6.03654236e-02  2.16957610e-02 -2.79689413e-02 -6.34176658e-08
  2.20258851e-02 -3.59882750e-02  5.74129596e-02  4.74968478e-02
  7.16663525e-02 -5.22872210e-02 -2.23382972e-02 -4.63959910e-02
 -3.39274207e-04  5.61951250e-02 -6.69921190e-03  2.67904848e-02
 -4.63171601e-02  3.61643210e-02 -1.38809644e-02 -8.10257271e-02
  5.64810447e-02  4.18473892e-02 -6.14932217e-02 -6.68505654e-02
  6.93031624e-02 -8.31653252e-02 -3.52430940e-02  1.44196488e-02
 -1.17103839e-02 -2.66431514e-02 -4.90650460e-02 -1.68361664e-02
 -4.55029011e-02  1.27511425e-02 -1.99057534e-02 -3.24636102e-02
  8.35084766e-02 -5.70132658e-02  1.90266203e-02 -3.23472656e-02
 -8.98439623e-03  4.14062515e-02 -7.14901909e-02  4.93563376e-02
  8.08217376e-02 -1.51248090e-02 -5.30405203e-03  1.88806206e-02
  4.33726832e-02 -1.69693511e-02 -5.49350716e-02  6.33685812e-02
 -4.24304046e-02 -3.50684747e-02 -1.84237175e-02  1.12210754e-02
  3.31184943e-03  2.64879819e-02 -2.80201603e-02  7.27429055e-03
  2.60570496e-02  5.68257645e-02 -6.91892579e-02 -7.16807321e-03
  3.96416709e-02  3.71180251e-02 -5.32465801e-03 -6.12495318e-02]