[ 3.93498540e-02  4.33993153e-02 -9.15324986e-02 -1.09097533e-01
  3.88763994e-02  6.72014132e-02  1.19843632e-01  7.95636103e-02
  2.92042736e-02  5.56429997e-02  9.39066410e-02 -3.47744711e-02
 -1.62264034e-02  1.60614308e-02  1.80776857e-04 -3.73967104e-02
  7.16330186e-02  4.25555632e-02 -2.51851007e-02  6.97360337e-02
  1.62603572e-01 -1.11884847e-02 -9.76558495e-03  6.78699315e-02
 -1.11418940e-01 -4.93107289e-02 -5.80460727e-02 -3.05257402e-02
 -3.09434533e-02 -6.51380271e-02 -1.23949200e-02  5.39913177e-02
  6.13351911e-02  1.05935801e-02  4.60733753e-03 -3.44295688e-02
  3.22594680e-02 -5.52414656e-02 -3.05799246e-02  8.49089865e-03
 -4.56371270e-02 -2.59189289e-02 -1.04129627e-01 -1.02571594e-02
 -2.53909803e-03 -3.81624326e-02  6.34281561e-02  4.66362908e-02
 -1.03952430e-01  7.86473509e-03 -4.12383676e-02  2.22277660e-02
 -3.66296768e-02  2.72935852e-02 -2.17840672e-02 -9.28024873e-02
 -2.25057490e-02  2.32115276e-02 -4.86462824e-02  4.99783047e-02
 -2.92012244e-02  4.53003217e-03 -1.65884402e-02  2.03513727e-03
 -2.86394171e-03 -2.70364410e-03  3.03066541e-02 -3.16966255e-03
 -4.88498323e-02  1.33806989e-02  7.40883052e-02 -5.67076989e-02
 -3.48672532e-02 -3.45119014e-02 -2.63269432e-02  2.45686825e-02
 -2.91178059e-02  6.73470944e-02 -4.42361683e-02 -1.50635794e-01
 -9.46608186e-03  4.36574630e-02 -3.89027037e-02 -3.80641595e-02
 -4.65161540e-03 -4.40808386e-02 -7.53431544e-02  3.11734416e-02
  3.48423161e-02  7.38073024e-04  1.60466190e-02 -2.30578845e-03
  4.91144061e-02 -1.29763912e-02  4.07590196e-02 -1.36891808e-02
 -9.29187052e-03 -3.11278235e-02  8.62487033e-02  8.71310011e-03
  4.71547283e-02  7.77161717e-02 -6.11847220e-03 -1.33857885e-02
 -1.46883670e-02  2.49538850e-02 -7.07094790e-03 -1.09807871e-01
  2.16618814e-02  1.31319150e-01 -8.93877521e-02 -4.98997942e-02
 -1.31811574e-01 -6.35295734e-02 -9.92484093e-02  2.13600285e-02
 -7.74449036e-02 -3.14193740e-02  1.12846829e-02 -6.65003359e-02
  1.10358018e-02 -3.66758369e-02  4.28883918e-02 -2.56081168e-02
  3.15775573e-02 -2.49957051e-02 -1.30424369e-02  6.63114730e-33
 -6.68065846e-02 -1.80917513e-02 -1.59898624e-02 -4.48999321e-03
 -4.00073677e-02 -2.95629818e-03 -1.70328915e-02 -3.66368890e-02
  4.96497750e-02  3.92004810e-02 -8.58964920e-02  1.02503233e-01
 -2.55102254e-02  1.99319292e-02  1.38597518e-01  1.24224126e-02
 -8.74902233e-02  7.34091774e-02  7.66466483e-02 -2.00790656e-03
  6.51714113e-03 -1.77318510e-02  1.26071926e-02 -5.95489070e-02
  8.64679292e-02  6.77104369e-02 -8.59171376e-02 -5.09724952e-02
  1.54719679e-02  4.93977107e-02  7.64522254e-02 -1.90285798e-02
  6.03842475e-02 -1.35293342e-02 -4.66129780e-02 -6.93234056e-02
 -5.99115342e-02  2.33840514e-02 -1.59068126e-02 -3.26783136e-02
 -1.57577302e-02 -8.54168832e-02  4.64044176e-02  2.63122972e-02
  2.54184264e-03 -5.17623127e-02 -6.14302000e-03 -1.18075255e-02
  5.69884852e-02  5.77693842e-02 -5.87538118e-03 -9.65522230e-02
 -8.58553220e-03 -9.44220126e-02 -9.27059073e-03 -7.85304457e-02
 -9.09606144e-02  3.72895077e-02 -6.20617457e-02 -7.25126565e-02
 -5.63138686e-02 -6.14445331e-03  4.11216989e-02 -1.66065022e-02
 -1.10128699e-02 -1.21367434e-02 -5.53023769e-03  2.86420770e-02
  1.08618975e-01 -1.33152064e-02 -4.85083610e-02  1.97187555e-03
 -5.05476259e-03  7.01974705e-02  8.77416041e-03  1.35320490e-02
 -1.96884706e-04  1.73133537e-02 -1.90717150e-02  1.99204944e-02
 -4.69753779e-02 -3.51507068e-02 -1.49479359e-02  1.69827063e-02
  1.18984822e-02  9.16561037e-02  4.20782492e-02  2.83054542e-02
  9.67968779e-04  1.70523375e-02  4.41722870e-02  1.12129182e-01
 -6.51133358e-02  8.81524831e-02  5.36247157e-02 -1.16924726e-32
 -3.61250564e-02  5.75133152e-02 -2.40774900e-02 -2.00707708e-02
 -1.26375044e-02 -7.12718768e-03 -1.28148198e-02 -4.44564670e-02
 -6.12074090e-03 -4.87855375e-02 -1.41055986e-01 -9.17842686e-02
  2.62058377e-02 -1.17547251e-02 -2.10962687e-02  2.65879836e-02
 -2.97445804e-02 -1.25655364e-02 -7.35798031e-02 -1.02047296e-03
  4.27411906e-02  4.42517847e-02 -1.85383167e-02 -3.32463421e-02
  2.30883248e-03 -4.95888218e-02 -1.82433345e-03 -7.87410960e-02
 -1.05826790e-02  1.36647848e-02  6.04898147e-02  1.12217924e-04
 -1.30078690e-02  3.15826945e-02 -2.72798259e-02 -7.99355507e-02
  1.20379321e-01  1.83563004e-03 -2.34761853e-02  5.13540804e-02
  2.95236949e-02  8.05095658e-02  6.02570064e-02 -2.55022757e-02
 -7.00997263e-02 -4.66940440e-02  8.53206683e-03 -1.34203970e-01
  4.09280173e-02 -6.94691688e-02  8.85411873e-02 -5.88991726e-03
 -5.58152609e-03 -3.74995843e-02  8.98844842e-03  7.99222142e-02
 -3.46769914e-02 -5.63060679e-02 -4.15376872e-02 -3.06007881e-02
  5.76233454e-02  6.24576621e-02 -9.52265486e-02 -2.71849101e-03
  7.72854388e-02 -2.27134190e-02 -4.39307094e-02 -4.62154374e-02
 -1.37023898e-02  1.27334381e-02 -1.48380781e-03 -4.45892215e-02
 -6.93348199e-02 -1.59202535e-02 -9.41125490e-03  6.66916789e-03
 -1.09284623e-02  3.89091894e-02 -3.74830663e-02  1.66379344e-02
 -2.06088442e-02  1.33137498e-02 -2.82999799e-02 -6.56546801e-02
  4.17756736e-02 -2.25705989e-02 -3.14448848e-02  1.12019274e-02
 -9.79828089e-03  1.22488588e-02 -4.79250439e-02  4.82855402e-02
 -8.89312010e-03  4.51938100e-02 -1.10680178e-01 -6.60841053e-08
  3.74551713e-02 -6.45496249e-02  3.60763632e-02 -4.05247882e-03
  1.03188884e-02 -1.58722457e-02 -1.74282622e-02  5.49857654e-02
 -4.97516878e-02  2.59187892e-02  1.77730471e-02  3.50719527e-03
 -1.22989289e-01  6.06015616e-04  5.02001680e-02 -6.62654564e-02
  3.60646136e-02  7.16833444e-03 -5.48282079e-02 -5.96967116e-02
  7.87746087e-02 -3.71633805e-02 -1.34077504e-01 -2.43502147e-02
  3.06860125e-03 -5.22216223e-02  2.14326791e-02  6.57635788e-03
  3.34011465e-02  6.21971264e-02  5.71387820e-03  4.40085419e-02
  6.03249529e-03 -6.20907173e-02 -2.28854716e-02  8.98357667e-03
  1.12679757e-01  8.05707928e-03 -3.17568965e-02 -2.38224701e-03
  4.71645333e-02 -4.34965938e-02 -4.92496677e-02  5.54314209e-03
  1.12922736e-01  4.26246738e-03 -4.78235930e-02  1.88123377e-03
 -1.88188665e-02  1.10349711e-02 -4.38566431e-02 -1.64058562e-02
  3.66321504e-02  2.68134251e-02 -8.14275257e-03 -2.99375579e-02
  2.42722966e-02  3.03352382e-02  5.93872927e-03 -5.30789904e-02
  1.00364462e-01  7.17616901e-02  4.75733764e-02  2.22512335e-02]