[-3.13235000e-02  8.20561200e-02 -6.84530661e-02 -9.32932124e-02
 -1.00468323e-01  2.96976604e-02  5.78648318e-03  1.02159999e-01
  2.77375858e-02  6.93515614e-02  6.56465441e-02 -4.01427224e-02
 -2.63580438e-02 -1.08355675e-02 -7.45429769e-02 -1.26680464e-01
  7.91514367e-02 -3.11875008e-02 -2.57628993e-03  7.57310465e-02
  1.73754469e-01 -4.31132242e-02 -8.44330806e-03  2.96519455e-02
 -9.57525149e-02  2.61544227e-03 -9.24850553e-02  1.72799323e-02
 -1.64511502e-02 -1.57226492e-02 -5.10678801e-04  5.07666208e-02
  4.32050526e-02 -7.12351799e-02 -3.54634295e-03 -9.45775770e-03
  5.11864647e-02 -5.87828979e-02 -5.75744249e-02  7.20617399e-02
 -3.17329764e-02 -6.63259067e-03 -9.61907282e-02 -4.11763117e-02
  5.10241091e-02 -9.42282006e-03 -8.42251233e-04  5.73798679e-02
 -6.41822144e-02  1.13173490e-02 -6.58673942e-02 -1.37307486e-02
  3.32207903e-02  4.16067392e-02 -2.55654659e-02 -3.79040092e-02
 -1.52871665e-02  2.55864132e-02 -2.48397095e-03 -3.74569371e-02
 -5.37272030e-03  2.07525622e-02 -3.83006819e-02  4.99995351e-02
 -4.75860783e-04  9.22217686e-03  3.45364679e-03 -4.22792248e-02
 -2.58283671e-02  6.68202788e-02  8.55909586e-02 -1.04277395e-01
  2.29667313e-02 -1.20232012e-02  3.64943990e-03  1.03648014e-01
 -7.27217495e-02  2.87008043e-02  3.60130668e-02 -1.41367793e-01
  3.74787115e-02 -2.38583498e-02 -4.32017073e-02 -1.84127279e-02
  1.82578005e-02 -4.80132923e-02  1.04035558e-02  1.15929162e-02
  3.94574627e-02 -5.60248308e-02  8.77994373e-02 -5.68501838e-03
 -9.77694616e-03 -7.05080628e-02  2.54138578e-02  2.24071294e-02
 -7.85453394e-02 -2.82066744e-02  6.25382885e-02 -3.86417434e-02
  7.22745284e-02  3.69987190e-02 -3.39628719e-02  2.82295165e-03
 -4.22199108e-02  3.41598988e-02  2.00743340e-02 -5.09860180e-03
  7.46858045e-02  1.55686755e-02 -6.84488937e-02  2.14487175e-03
 -2.57336106e-02 -1.80010758e-02 -7.78165646e-03  6.02933392e-02
 -6.14280142e-02 -6.73222691e-02  3.43558416e-02  4.11290042e-02
  1.86862494e-03  3.37847658e-02 -6.74976930e-02 -4.16221879e-02
  7.40005672e-02  3.58083993e-02 -4.64914963e-02  1.14489072e-32
  5.79049764e-03 -8.21034089e-02 -5.18648839e-03 -6.98920339e-02
 -4.54367232e-03 -8.04786512e-04 -3.67246754e-02  1.34345712e-02
  3.43181044e-02  1.18123004e-02 -4.52631153e-02  2.53188238e-03
  6.10080454e-03  5.46341389e-03  3.55978385e-02  2.65188213e-03
  5.65477982e-02  3.91521603e-02 -1.46826236e-02 -2.25962829e-02
 -1.27115585e-02 -1.04056932e-02 -8.84739868e-03 -3.20172943e-02
 -5.89021947e-03  9.71028358e-02 -7.15592131e-02  7.22303579e-04
 -5.71016520e-02  3.04988641e-02  3.73178981e-02 -4.43140939e-02
  6.07613139e-02 -5.42315003e-03 -7.19805807e-02 -1.62113309e-02
 -7.09108019e-04  1.08548822e-02  1.01575758e-02 -4.22993256e-03
 -4.53850329e-02  2.10439395e-02  1.27039272e-02  5.83559163e-02
  3.92526761e-02 -4.68902327e-02 -8.23121611e-03 -3.95507701e-02
  1.11054525e-01  7.95874670e-02 -4.18555029e-02 -3.07773147e-02
  4.39669825e-02 -6.16363138e-02 -4.28783298e-02  4.71894592e-02
 -1.22979634e-01  5.22501655e-02 -4.88964692e-02 -5.72393686e-02
 -1.79723278e-02  1.89711433e-02 -8.01392794e-02 -1.75747406e-02
 -8.98998156e-02 -2.92672869e-02 -2.11357861e-03 -3.42646311e-03
  6.85852244e-02  2.68903654e-02 -1.11977406e-01  3.51236649e-02
  1.52793471e-02  6.56398311e-02  4.27689068e-02 -9.05426405e-03
  5.12378365e-02  3.91488224e-02 -9.02069062e-02 -2.98870099e-03
 -3.80574688e-02 -5.55150816e-03 -4.38744053e-02  2.92511228e-02
  3.39933299e-02  7.03439713e-02  8.66275579e-02  1.98678952e-02
 -8.35799985e-03  6.37123510e-02  6.14804775e-02 -1.36040254e-02
  1.04034487e-02  6.13471158e-02  1.87206008e-02 -1.33067694e-32
 -2.51059346e-02  3.54583119e-03 -3.19352262e-02 -2.09061094e-02
  2.31033955e-02  3.50333564e-02  1.96784772e-02 -7.55917653e-03
 -1.55916475e-02 -1.40947565e-01 -4.53127809e-02 -6.42508045e-02
  6.84276670e-02 -2.01317575e-02 -5.34294918e-02  9.33355838e-02
 -8.38223994e-02 -2.83836685e-02 -7.62724876e-03 -4.01580557e-02
  1.03795566e-01  4.11644913e-02  9.15639699e-02  8.84709600e-03
 -6.38503535e-03 -3.31199951e-02  1.88879017e-02 -6.39159307e-02
 -4.83566485e-02  1.11229802e-02 -2.24919268e-03 -3.72823735e-04
 -6.04890287e-02  6.28761724e-02 -3.09913997e-02 -8.18303972e-02
  2.67066211e-02 -4.40360084e-02 -4.33352068e-02  6.82678893e-02
  4.64283787e-02  7.03185499e-02  5.21903783e-02 -4.76058684e-02
  1.44784162e-02 -2.88090613e-02  3.87128145e-02 -1.39604166e-01
  1.43916979e-02 -8.03856924e-02  3.98245752e-02 -5.54102473e-03
 -1.50241526e-02  5.58245555e-02  7.10217655e-02 -4.62906361e-02
 -3.44109647e-02 -7.13265538e-02 -1.31037444e-01  2.29621530e-02
  6.01881258e-02  6.45440966e-02 -6.08614534e-02  1.03588821e-02
  1.49443239e-01  4.25169691e-02 -3.45457830e-02 -2.23059487e-02
  7.22014811e-03  4.33418714e-02  4.11030464e-02 -1.10552557e-01
 -3.93683203e-02 -1.21507598e-02  1.15153901e-02  1.49344029e-02
 -6.97202608e-02  4.55868570e-03 -1.02172673e-01  2.40877811e-02
 -7.49151185e-02 -6.68554846e-03 -2.31940094e-02  1.57725923e-02
 -2.90663652e-02 -1.46535942e-02 -2.29703337e-02  6.54516369e-03
 -3.08471750e-02  8.31391886e-02 -7.24695399e-02  4.88542207e-03
  4.72821668e-02  1.20306350e-02  1.99817438e-02 -6.69952271e-08
  3.45407389e-02 -9.34390351e-04 -2.46520732e-02  3.57017145e-02
  5.93979657e-03 -4.98640090e-02 -4.26934622e-02 -1.31016942e-02
 -3.21892202e-02 -1.46796356e-03  1.02446951e-01 -8.51582363e-03
 -3.85408849e-02 -2.17507351e-02 -2.66943220e-02 -4.44713533e-02
  8.19737185e-03  5.07148989e-02 -5.65017667e-03 -4.98859882e-02
  1.50675224e-02 -5.49336970e-02 -5.64544573e-02 -2.68054777e-03
  1.61691178e-02  8.91808886e-03  2.67949570e-02  2.12491024e-02
  3.25618836e-04  2.48640236e-02 -3.75325270e-02 -1.31370453e-02
  2.22360604e-02 -1.13164164e-01  6.04108348e-03  1.65106487e-02
  1.12206200e-02  9.78293195e-02  4.15019551e-03  6.94531426e-02
  3.83196101e-02 -5.47150150e-02  3.64837497e-02 -2.97583779e-03
  8.42590183e-02 -5.15522845e-02 -8.70973896e-03  5.42815365e-02
  9.14381146e-02 -7.56962225e-02 -3.24220993e-02 -3.23010124e-02
  3.15719284e-02 -1.05657056e-02 -4.56057601e-02 -5.14655635e-02
  5.29181547e-02 -1.09111546e-02 -7.66744092e-02 -5.77872470e-02
  1.58780918e-01  5.97314537e-02  3.87283489e-02 -2.08897553e-02]