[-1.50131928e-02  1.01674542e-01 -6.18285127e-02 -1.00371629e-01
 -4.83549908e-02  4.04533520e-02 -2.83741299e-02  8.92136469e-02
  3.12403706e-03  6.31628633e-02  5.58179095e-02 -7.57951383e-03
 -3.75339426e-02  5.96141350e-03 -4.11840603e-02 -3.46505381e-02
  7.83053115e-02  2.57999101e-03  2.38065626e-02  5.47368936e-02
  1.41631559e-01 -4.72703837e-02 -3.64314765e-02 -1.21044237e-02
 -1.20791622e-01  2.51614880e-02 -4.57496904e-02  3.05816606e-02
 -2.18235217e-02 -3.73511724e-02 -5.58932126e-03  5.31919077e-02
 -8.44956376e-03 -2.39059906e-02 -2.14484776e-03  1.06143905e-02
  5.40497117e-02 -2.59850640e-02 -2.28744410e-02  1.10137694e-01
 -4.27106693e-02 -3.27681703e-03 -7.23962635e-02 -4.64618988e-02
  6.02543578e-02 -4.16363915e-03  1.02235842e-03  7.49902129e-02
 -1.38482787e-02 -8.36793426e-03 -4.75795306e-02 -4.98494245e-02
 -2.04667710e-02  2.76315175e-02 -1.73822343e-02 -8.82368237e-02
 -2.89801601e-03 -2.64508687e-02 -6.11870259e-04 -3.82230580e-02
 -3.32736336e-02  7.55697712e-02 -8.70919377e-02  2.88108382e-02
  2.98407748e-02 -4.12734114e-02  2.37976462e-02 -2.07616966e-02
 -2.59583145e-02  4.31443974e-02  7.17195198e-02 -5.87460510e-02
  7.44640604e-02  5.15839019e-05 -6.87663630e-02  7.52219632e-02
 -3.81998792e-02  4.71969433e-02  2.44573429e-02 -1.99902013e-01
  3.85578573e-02  2.44119745e-02  2.35354863e-02 -3.52653600e-02
  1.04336543e-02 -4.01721187e-02  1.59584712e-02  2.51227710e-02
  7.61504844e-02  5.89910056e-03  9.08401310e-02  5.78181259e-02
 -1.87169313e-02 -2.48207878e-02  1.32057052e-02  1.38257900e-02
 -3.03253420e-02  1.46783947e-03  2.04592980e-02  1.28971785e-02
  1.00739010e-01  5.90850413e-02 -5.82022630e-02  7.10512337e-04
 -2.37353239e-02  3.50601934e-02 -2.99086552e-02  1.63196260e-03
  7.29919970e-03  6.54843003e-02 -7.90717453e-02  2.81556230e-03
 -7.47856647e-02 -5.11403047e-02 -4.88504320e-02 -3.57460510e-03
 -6.06191121e-02 -5.78636676e-02  2.63020284e-02 -2.91096028e-02
  1.66917816e-02 -1.06549868e-02 -1.22492006e-02 -6.92015812e-02
  8.86788294e-02 -2.32836064e-02  2.93422733e-02  9.24003653e-33
 -2.67378204e-02 -3.10309548e-02  5.79094281e-04 -3.96898128e-02
  2.02502124e-02  1.63500886e-02 -4.49116901e-02  5.97567037e-02
 -2.10682992e-02  5.76206371e-02 -5.15822805e-02  2.21042763e-02
 -3.63505934e-03 -1.50015054e-03  2.57660579e-02  3.06249335e-02
 -6.12216350e-03  1.33568104e-02 -3.58571447e-02  6.18875492e-03
 -2.92338654e-02  4.89710085e-03  7.36307492e-03  2.54836376e-03
 -3.74975912e-02  1.36964187e-01 -5.68164438e-02 -2.21277610e-03
 -6.19381331e-02  3.09343524e-02  3.29237916e-02 -4.77708355e-02
  4.73769084e-02 -8.34220555e-03 -9.41181034e-02 -2.03809291e-02
 -1.90234501e-02 -1.68420002e-02 -4.37588654e-02 -3.67053988e-04
 -2.67536305e-02 -5.15452493e-03  5.80671057e-02  2.91060694e-02
  4.88800183e-02 -1.55778471e-02  3.34964246e-02 -8.06936175e-02
  7.06157386e-02  7.83585086e-02 -2.69643422e-02 -1.66837536e-02
 -2.84726676e-02 -1.32827675e-02 -8.20329413e-03 -1.07833156e-02
 -1.27781376e-01  7.28545189e-02 -1.14891725e-02 -8.60782713e-02
  3.28464843e-02  7.21243070e-03 -6.64665624e-02  3.44277173e-02
 -5.75985350e-02 -7.38646388e-02 -3.09484508e-02  2.89009837e-03
  1.39605090e-01 -6.69606775e-02 -9.99927446e-02 -2.67756227e-02
  7.05878660e-02  3.06505598e-02  1.32237794e-04 -9.33732558e-03
  8.63056257e-02  1.60396378e-02 -5.64656816e-02 -1.98326632e-02
 -4.61749658e-02  3.61355543e-02 -1.55209368e-02 -2.52682995e-02
  3.79885770e-02  3.28324772e-02  6.27134517e-02  1.17813572e-02
 -4.51786108e-02  4.47224118e-02  1.38337063e-02 -8.33817758e-03
 -2.38065328e-02  3.93912606e-02  8.14961195e-02 -1.10165773e-32
  1.80225652e-02  3.07162968e-03 -4.92667742e-02 -1.32132424e-02
  3.16137485e-02 -5.22897765e-03  3.00177559e-02  5.12367999e-03
 -4.33549546e-02 -8.39180946e-02 -3.63958627e-02 -8.42528269e-02
  5.34223802e-02  8.21307476e-04 -6.25128970e-02  1.05425064e-02
 -8.72591734e-02 -2.90702302e-02 -7.31059611e-02 -1.61850099e-02
  5.24699874e-02  1.13121748e-01  6.88042194e-02  2.07732432e-02
  3.17803919e-02 -4.80852947e-02  5.14628552e-02 -6.02322891e-02
 -1.91027299e-02  9.37274937e-03  3.11025139e-02 -4.81407493e-02
 -1.04106842e-02  1.31852701e-01 -1.23923190e-03 -7.80669376e-02
  7.74711594e-02 -6.47376105e-02 -3.46570648e-02  1.04321696e-01
  9.52179357e-02  1.10097460e-01 -1.76435930e-03 -1.75097527e-03
 -3.97826917e-02  5.57447178e-03 -1.04476223e-02 -1.40086576e-01
  3.38421278e-02 -7.89975300e-02  8.51810798e-02 -5.86672686e-02
 -3.03164721e-02 -3.71978362e-03  8.07113200e-02 -3.85752358e-02
 -4.13281173e-02 -8.71721283e-02 -8.76533017e-02  5.46819866e-02
  7.28751272e-02  7.30938613e-02 -7.78949037e-02 -4.30309847e-02
  1.15168415e-01  6.65225787e-03 -4.26893048e-02  5.43929152e-02
 -1.03281531e-02  6.00440726e-02  4.32956442e-02 -5.82750328e-02
 -8.07342529e-02 -2.77616065e-02  5.97637743e-02 -4.83053364e-02
  2.30161250e-02  2.79092379e-02 -5.53553104e-02  2.87190583e-02
 -3.64411250e-02 -5.93448728e-02 -2.74263229e-02  4.40691411e-02
  6.54572854e-03 -4.82742302e-03 -2.63841823e-02 -2.80646197e-02
 -1.16150472e-02  7.31503442e-02  1.69296227e-02  1.94304790e-02
  6.94539696e-02  3.06890476e-02 -2.04444975e-02 -5.73912544e-08
  5.11656366e-02 -4.32625264e-02  4.28230874e-02  3.66677041e-03
 -1.60562620e-02 -7.24008158e-02  1.90563388e-02 -2.58546211e-02
 -1.01861127e-01  6.44513220e-02  1.23064816e-01 -3.09615191e-02
 -9.74420086e-02 -3.08890734e-03 -7.80594675e-03 -3.07189934e-02
  7.33999303e-03  5.66595830e-02 -4.82046343e-02 -8.17475542e-02
  2.18370627e-03  2.21319892e-03 -4.87290025e-02 -3.19795981e-02
  4.99007432e-03  2.49320455e-02 -2.98076142e-02 -4.62272204e-02
 -1.73969138e-02  5.08516990e-02 -3.39881070e-02  9.08682402e-03
  4.46683243e-02 -5.46620265e-02 -4.62237485e-02 -5.44859245e-02
 -1.64058935e-02  7.28470013e-02  3.22143687e-03  1.80466454e-02
  1.00246444e-01 -3.89526226e-02 -6.32657204e-03 -2.45974064e-02
  6.56633675e-02 -3.75457220e-02 -3.11381891e-02  2.89539974e-02
 -1.02176284e-03 -8.06178804e-03 -5.29102348e-02 -2.04459298e-02
  4.88502979e-02 -3.49027738e-02 -7.55185320e-04 -3.12973112e-02
  4.85259667e-02  2.12626979e-02 -5.00317030e-02 -5.74392965e-04
  1.25826627e-01  6.02035783e-02  3.30192409e-02 -2.16746721e-02]