[-4.12438214e-02 -7.12537300e-03 -5.12521826e-02  3.26852463e-02
  1.23279011e-02 -3.17677250e-03  9.16083623e-03  1.33688018e-01
 -2.15734001e-02  5.24285734e-02  8.66098031e-02 -2.79786177e-02
  1.60672294e-03 -2.84023955e-03 -7.75731355e-02 -2.98744794e-02
  8.59127864e-02 -2.68273819e-02 -1.29383951e-02  7.01430365e-02
  1.49310946e-01  7.79010355e-03 -5.27795143e-02  3.77433784e-02
 -1.92909886e-03 -7.83625897e-03 -1.33891732e-01 -3.97163304e-03
 -8.00188854e-02 -4.17608060e-02  2.20571961e-02  4.98718098e-02
  8.24883059e-02 -8.90429765e-02 -1.28127467e-02 -2.87552495e-02
  8.66420045e-02 -6.38569966e-02 -4.23731320e-02  6.28023520e-02
 -3.56295258e-02 -5.82828037e-02 -9.35115218e-02 -1.27924625e-02
  7.29028741e-03 -3.06818038e-02  2.43095048e-02  3.38838734e-02
  9.71942861e-03  4.15273122e-02 -9.51966550e-03  3.40917036e-02
 -1.53380875e-02 -3.10119204e-02 -2.98155565e-02 -1.80984363e-01
 -1.75269060e-02  1.13326795e-02 -4.17205319e-02  2.61833444e-02
 -3.70092466e-02  4.42052679e-03  2.22771009e-03  2.17849645e-03
  5.73573075e-02 -8.51586554e-03 -4.25588414e-02 -4.84938771e-02
 -4.91203293e-02  3.93881537e-02 -1.37809431e-02 -4.67279926e-02
  3.15693691e-02  7.07394108e-02 -4.57093343e-02  2.85335295e-02
  6.43679276e-02 -1.15587413e-02  1.51322130e-03 -1.52541876e-01
  1.54172219e-02 -6.89993612e-03  4.95062268e-05 -1.66863650e-02
 -2.10916083e-02 -5.10600815e-03  1.65835004e-02  5.83192110e-02
  7.84264430e-02  3.46820503e-02  4.71966602e-02  9.46353301e-02
 -1.07253157e-01 -2.66685840e-02  3.61279175e-02 -2.44155489e-02
 -9.11168102e-03  1.12935044e-02 -3.08288680e-03  1.01459166e-02
  5.94313443e-02  8.70123878e-03 -2.39399634e-02 -6.40719235e-02
 -2.20632367e-02  1.68213118e-02  5.38510308e-02 -3.03212572e-02
  7.27002323e-02  6.89366609e-02 -7.50312209e-02 -1.54391322e-02
 -5.13743870e-02 -3.49331461e-02 -4.02025878e-02  5.27329110e-02
 -3.02615408e-02 -5.80955669e-02  4.46676239e-02 -1.94080640e-02
 -2.25849007e-03 -6.10241517e-02  1.00830875e-01 -3.14492360e-02
  5.68463244e-02 -1.89683400e-02  7.31180683e-02  1.39037310e-32
 -6.47783428e-02  2.15162039e-02  2.01296452e-02 -1.92280598e-02
 -3.88493985e-02  1.53861716e-02 -1.37901036e-02  4.38509136e-02
  6.68562651e-02 -8.33669975e-02 -7.80225918e-02  9.14400257e-03
  1.25783561e-02  3.54969017e-02  6.37755394e-02 -2.61351261e-02
  4.04006317e-02  3.26243639e-02  9.42668971e-03 -4.91857193e-02
 -8.92583933e-03 -4.70626131e-02 -2.38808226e-02  3.68295424e-02
 -2.93538403e-02  2.82343794e-02 -9.97151621e-03  3.63656543e-02
 -3.09961680e-02  3.64734381e-02  4.89580892e-02 -4.11974825e-02
  2.76016239e-02 -6.00090213e-02 -3.70186605e-02 -1.52839655e-02
  4.95674983e-02 -1.51092643e-02 -6.95601106e-03 -6.46081194e-02
  1.70553953e-03  6.14432506e-02  6.78800344e-02  6.60048798e-02
  1.93290152e-02 -3.60038206e-02  3.68294865e-03  1.13027068e-02
  1.21657021e-01  4.21982482e-02 -9.14353356e-02 -5.35909692e-03
  3.70014012e-02 -8.42660442e-02 -2.04650983e-02  4.76118829e-03
 -1.24708213e-01  3.33769247e-02 -7.78366951e-03 -5.77253588e-02
  6.85692998e-03  1.52215781e-02 -4.44680676e-02 -7.89225325e-02
 -5.30456416e-02  3.95104103e-02 -5.13398927e-03  2.00154502e-02
  6.25613779e-02  3.64109431e-03 -5.74665293e-02  1.26070697e-02
 -1.85198709e-02  1.31826326e-02  4.46697511e-02  1.79316178e-02
  8.03286955e-02  4.42222245e-02  8.26087501e-03  3.91748659e-02
 -7.49181807e-02  4.95514348e-02 -7.13267401e-02 -3.19324955e-02
  3.96928228e-02  9.25177708e-02  4.26284000e-02  9.25257951e-02
 -1.29573112e-02  7.29370192e-02  8.85897651e-02  3.38588096e-02
 -4.32490669e-02  3.04895826e-03  6.03145286e-02 -1.50683006e-32
 -1.32847130e-02  5.87906986e-02 -1.90984923e-02  3.57671306e-02
  4.08377983e-02 -4.39273287e-03 -2.38158237e-02  3.82782556e-02
  1.52163180e-02 -9.81965363e-02 -2.81541925e-02 -5.14129810e-02
  5.88066466e-02 -7.00111464e-02 -7.34338537e-02 -1.90555286e-02
 -1.31234422e-01 -7.12693902e-04 -3.01280711e-02 -2.35106833e-02
  1.87353920e-02  4.57442105e-02  7.09957853e-02 -8.14033032e-04
  4.28810008e-02  8.69374629e-03 -6.55414090e-02 -2.34480184e-02
 -5.18792123e-02 -1.91225316e-02  8.22816193e-02  2.42879428e-02
 -6.07793815e-02  1.10574752e-01 -5.94812185e-02 -2.04990823e-02
  3.50381061e-02 -1.40586961e-02 -1.06513165e-02  7.22441450e-02
  2.19263416e-02  6.26215637e-02  4.65287035e-03 -8.85332450e-02
 -4.55551930e-02 -2.92090024e-03 -1.64036695e-02 -7.94175193e-02
  1.03394441e-01 -6.06749728e-02  1.38126135e-01  2.69025024e-02
 -1.06558487e-01 -2.56251767e-02  2.84479614e-02  5.46226744e-03
 -1.88785084e-02 -2.88140737e-02 -1.22519039e-01  1.61746740e-02
  5.67663461e-02  7.56913349e-02 -8.22691098e-02  4.75097215e-03
  3.77345569e-02  1.93461392e-03  4.62604314e-02  5.14073297e-02
  1.88609101e-02 -6.35151658e-03 -4.82539600e-03 -1.05644025e-01
 -2.15399005e-02 -9.62616354e-02  1.17199169e-02 -2.09638514e-02
  4.10877541e-02  5.67358620e-02 -5.59450835e-02  7.25202670e-04
 -3.20465975e-02 -3.20374779e-02 -1.58814173e-02 -3.43620554e-02
 -4.51821573e-02 -3.61925969e-03 -5.68667464e-02 -1.43856732e-02
 -4.45603319e-02  9.88494232e-02 -8.87451842e-02  4.88516921e-03
 -7.75512261e-03  2.61977129e-02 -1.39954267e-02 -6.93171387e-08
  5.37827276e-02  8.36270396e-04  5.58035001e-02  2.26440728e-02
 -5.94927371e-03 -6.39553973e-03  1.99189829e-03 -4.25725393e-02
  3.07630170e-02  1.12514412e-02  1.82363093e-02  8.67029186e-03
 -4.64656278e-02 -3.98144051e-02 -2.92299986e-02 -1.15567811e-01
 -1.00093419e-02  6.58524781e-02 -3.82480919e-02  2.82687489e-02
  5.31756021e-02 -9.14560184e-02 -1.11478947e-01 -3.11117396e-02
  3.11042592e-02 -1.70499180e-02 -7.27308774e-03  2.01636255e-02
 -2.15866119e-02 -7.16592930e-03  2.32888875e-03 -1.25348344e-02
  2.60904804e-03 -8.04869607e-02 -1.73794311e-02 -3.61278690e-02
 -4.75368695e-03  6.19956814e-02 -6.74368292e-02  9.84172150e-02
  6.49667159e-02 -3.62249911e-02 -3.37395556e-02 -6.75368402e-03
  5.33264540e-02  1.88903455e-02 -4.98111919e-02  5.45149520e-02
 -3.12667824e-02 -6.40031993e-02 -5.04562259e-02 -1.19210342e-02
  3.91640142e-02 -2.08563749e-02 -8.47568437e-02 -2.98826862e-02
  2.96078213e-02  1.88339537e-03 -1.51361106e-02 -1.67409237e-02
  1.29210398e-01 -4.57552932e-02  8.26578289e-02 -1.94139890e-02]