[-5.38640830e-04  5.59767038e-02 -5.12852818e-02 -3.23911346e-02
 -9.70930085e-02  4.61958647e-02 -3.80483456e-02  3.35485972e-02
  4.38925764e-03  8.08716342e-02  8.76735523e-02 -4.28133048e-02
 -3.80477495e-03  8.64403229e-03  1.98452827e-02  2.18821727e-02
  3.15073654e-02  4.60154144e-03  1.00907311e-02  5.70168942e-02
  1.15819737e-01 -5.53939305e-03 -1.08240098e-01  8.16178322e-02
 -6.14451133e-02  1.96547229e-02 -3.70492972e-02  1.16821388e-02
 -4.91358191e-02 -3.89435841e-03 -3.48027274e-02  8.12360609e-04
  1.27313986e-01 -1.95457060e-02  7.48276338e-02 -1.01285726e-02
  6.34334758e-02  4.77600982e-03  5.70338732e-03  9.57684219e-02
 -6.11023009e-02 -2.15396546e-02 -4.97473702e-02 -1.03521563e-01
 -7.70485168e-03 -3.36900055e-02  8.25109258e-02  5.89077622e-02
 -2.70900819e-02 -4.93563935e-02 -1.81272347e-02  1.18171815e-02
 -2.18898971e-02  3.78169902e-02 -4.16373946e-02 -5.56210876e-02
 -1.84524544e-02 -9.36563301e-05 -7.17277499e-03 -1.63720567e-02
 -6.77118525e-02  4.32926267e-02 -5.13010137e-02  4.45104903e-03
  1.91644132e-02 -4.70474772e-02 -3.63405570e-02 -4.34093126e-05
 -1.42976334e-02  9.13295373e-02 -6.41273241e-03 -7.00311512e-02
  7.96023160e-02 -3.54447067e-02 -9.02092736e-03  4.43403497e-02
 -2.18185177e-03  7.75411576e-02  5.65399714e-02 -2.24995106e-01
  1.92246623e-02 -5.95606957e-03  1.08394306e-02 -6.56412914e-02
  2.13964973e-02 -7.58895790e-03  4.04815190e-02  6.02905676e-02
  3.56019139e-02  5.61999809e-03  1.15008000e-02  7.80262351e-02
 -1.96887925e-02 -6.07907213e-02 -2.66872607e-02 -4.54752194e-03
 -2.08885521e-02 -6.95128785e-03  3.92198414e-02 -1.77976470e-02
  4.85677309e-02  5.47855422e-02 -2.63909530e-02  9.48404521e-03
  4.37753238e-02  2.22744979e-02  6.64710253e-03 -7.88756274e-03
  5.52121736e-02  1.08609036e-01  2.18533501e-02  2.07024422e-02
 -6.37314916e-02 -9.68575105e-02 -3.48631367e-02 -1.84969639e-03
 -3.69876064e-02  2.65391590e-03  3.55443247e-02 -6.71759024e-02
 -8.88100453e-03  1.91888085e-03  6.82428256e-02 -3.93710099e-03
  6.52386025e-02 -4.24916483e-02  1.33512467e-02  8.23460021e-33
  1.15574338e-02 -5.95720597e-02  3.44785824e-02 -2.47149710e-02
 -2.78814714e-02 -1.11710757e-03 -5.53030856e-02  5.21566197e-02
  6.64860308e-02  9.84335169e-02 -2.09527835e-02 -6.05427288e-03
  5.68917729e-02 -1.23262787e-02  1.15526520e-01 -1.11356964e-02
  3.17211337e-02  1.68365799e-02  3.50039303e-02  3.91033739e-02
  5.22226021e-02  1.63499676e-02 -4.54930291e-02  2.68558282e-02
  3.04124653e-02  7.01141879e-02 -2.43344959e-02  7.68426992e-03
 -6.61154315e-02  3.57953012e-02  3.90087776e-02 -8.86334945e-03
  6.22593239e-02 -4.17822562e-02 -1.03967953e-02 -4.44316268e-02
 -3.27483267e-02  3.61725502e-03 -8.12233910e-02 -2.89529637e-02
 -6.86220378e-02 -1.46807833e-02  7.38060996e-02  4.44384338e-03
 -8.16300604e-03 -2.84233689e-02  1.13362923e-01 -3.99525985e-02
  9.54436138e-02  6.44880533e-02  2.09283084e-02 -3.41810174e-02
 -5.54243438e-02 -5.04691564e-02 -2.24240534e-02 -2.73374971e-02
 -9.67222601e-02  6.99338317e-02  4.79960516e-02 -5.27634025e-02
  6.06897695e-04 -1.02861121e-01 -6.05407655e-02  2.72122137e-02
 -5.48229255e-02 -4.31170277e-02 -1.34107517e-02  5.38533367e-02
  1.16951071e-01  2.45252848e-02 -1.09878242e-01 -4.35425853e-03
 -3.16801257e-02 -1.34539809e-02 -3.01139150e-02 -2.35824077e-03
  2.56439857e-02 -3.19160372e-02 -3.31172496e-02  2.46707071e-02
 -2.41023991e-02 -3.16785946e-02 -4.76711709e-03 -5.98114282e-02
  8.76217335e-02  7.33533353e-02  4.64160368e-02  9.90636274e-02
  1.83731131e-02  7.14789703e-02  8.61079898e-03  2.06987299e-02
  1.97919621e-03  5.65607995e-02  5.38605154e-02 -1.05043035e-32
  1.53912685e-03  1.13127967e-02 -5.45821004e-02 -2.56220941e-02
 -5.47043933e-03  4.78049777e-02  1.83289126e-02 -2.55713742e-02
 -6.12644218e-02 -1.36240929e-01 -2.27038618e-02 -8.93997326e-02
  5.65592870e-02  4.27067578e-02 -8.73129368e-02  3.11597679e-02
 -1.12068057e-01 -4.90548909e-02 -4.06025387e-02 -2.99001252e-03
 -6.03862479e-03  6.92947879e-02  3.43876220e-02  1.43685909e-02
  3.14818742e-03 -4.47506122e-02 -4.04439457e-02  3.74853797e-02
 -1.96797177e-02  8.31647590e-03  2.28286833e-02  3.69159579e-02
 -4.07570004e-02  1.17537126e-01 -8.64752382e-02 -5.51383533e-02
  2.42085904e-02 -6.67475164e-02  9.36458819e-03  9.54261944e-02
  2.16981471e-02  7.65309110e-02 -2.06371900e-02 -3.44047546e-02
 -7.58591667e-02  9.33922734e-03 -1.52713582e-02 -1.47988588e-01
  1.79190915e-02 -1.42007872e-01  2.38450486e-02 -8.25193822e-02
 -1.85823198e-02 -8.90556432e-04  3.80087048e-02 -4.48740795e-02
 -4.16436046e-02 -4.92165387e-02  2.50231493e-02  1.12787038e-02
  6.04433976e-02  1.68667617e-03 -2.74273623e-02  3.64487395e-02
  1.06647581e-01  1.23431459e-02 -2.84255855e-02  2.96920370e-02
  1.10811153e-02 -1.53922224e-02  3.30422819e-02 -8.24605003e-02
 -1.30894601e-01 -3.71845700e-02 -7.82536622e-03 -3.01965568e-02
  1.81724206e-02 -6.28753798e-03 -5.75693883e-02  2.55591497e-02
 -2.55086422e-02 -5.22747450e-02 -2.98965853e-02 -3.93938739e-03
 -7.05115646e-02  2.22540218e-02  2.14352813e-02 -1.19134737e-02
 -9.24457051e-03  1.15658492e-01 -4.44364399e-02  4.44387235e-02
  6.79301992e-02 -7.51927029e-03  1.38021810e-02 -5.51935351e-08
  3.68175586e-03 -1.08616091e-02  6.78285882e-02 -1.98796429e-02
  2.93142870e-02 -4.37022224e-02 -2.83790100e-03 -5.94536029e-02
  4.51488188e-03  5.64113408e-02  6.38598874e-02 -7.58886114e-02
 -8.86999741e-02  3.46007850e-03 -1.09087219e-02 -9.28576067e-02
 -1.46361543e-02  2.48351078e-02 -2.50485614e-02 -5.18880375e-02
  2.34149024e-02 -4.52245884e-02 -9.99175161e-02  1.13275303e-02
  8.36889818e-02  1.06575666e-02  1.47219514e-04  2.50884928e-02
 -3.06506845e-04  4.47696410e-02 -3.43028232e-02  1.11241145e-02
  1.61130987e-02 -5.47065958e-02 -6.45432845e-02 -1.13752186e-02
  1.05848750e-02  8.59268755e-03 -4.16985340e-02 -3.21031461e-04
  8.08391497e-02 -4.31123674e-02 -5.44446781e-02 -2.87674237e-02
  4.43349220e-03 -3.58630554e-03 -4.52977642e-02  4.64124233e-02
 -2.32562441e-02 -2.15393919e-02 -2.87581924e-02  1.96979567e-02
  7.69376978e-02  5.20208217e-02  1.86102651e-02 -2.54643895e-02
  3.68194142e-03 -1.07983612e-02 -5.24600148e-02 -3.02161314e-02
  1.23479158e-01  7.08827972e-02 -1.53372390e-02 -7.91347474e-02]