[-1.72324758e-02  1.70391332e-02 -7.48991147e-02 -3.76564562e-02
 -5.06585799e-02 -1.48222744e-02  4.22970355e-02  1.23175189e-01
  2.99788285e-02  2.17984933e-02  6.29461482e-02 -1.29913673e-01
 -3.23603228e-02  3.73502634e-02 -2.85483059e-02 -2.36792564e-02
 -5.00593428e-03  3.91147994e-02 -5.69646731e-02  7.54100364e-03
  1.18551478e-01 -1.74583786e-03 -2.07534842e-02  4.24346589e-02
 -6.23637438e-03  2.94973943e-02 -9.39376131e-02  4.92604189e-02
 -6.19396269e-02 -6.16611205e-02 -7.23898932e-02  8.28794762e-02
  1.27249360e-01 -8.76429453e-02  9.32717882e-03  3.70929524e-06
 -2.47144885e-02 -4.83897217e-02 -1.45281516e-02  8.68022591e-02
 -4.28927951e-02 -1.77813892e-03  5.19202575e-02 -9.55867674e-03
 -4.02784944e-02 -4.75590713e-02 -5.05751520e-02  5.78018390e-02
  3.14521007e-02  3.05282511e-02 -9.15566366e-03  6.70678094e-02
 -5.50336242e-02  8.40316415e-02  4.92028147e-02 -6.97444528e-02
 -7.89178982e-02 -5.73866516e-02  1.83217302e-02  8.44480377e-03
  6.20107763e-02  5.60548119e-02 -4.63324599e-02 -4.68396172e-02
  2.57116966e-02 -2.34286301e-02 -6.14749044e-02 -4.88721468e-02
 -8.58040452e-02  4.11150791e-02  6.83662444e-02 -4.68237745e-03
  5.31510171e-03  3.53800878e-02 -5.57963289e-02  6.34955242e-02
  5.24416603e-02 -1.26018897e-02  2.87086163e-02 -8.53693336e-02
  2.08084527e-02  8.59894380e-02  2.00163145e-02 -4.89828363e-02
  5.05274981e-02  1.90818924e-02  1.18462043e-02  2.34173406e-02
 -6.85702637e-03  1.60111096e-02  9.70214531e-02  7.84313604e-02
 -6.40532151e-02 -2.24773455e-02 -5.24946526e-02 -1.14382347e-02
  1.57069527e-02  3.23894732e-02  2.63224524e-02 -2.02473775e-02
  8.38279277e-02 -7.18310999e-04 -5.57509512e-02 -4.85849530e-02
 -1.03573076e-01 -3.59844789e-03  3.65597457e-02  4.12708037e-02
  6.04727417e-02  8.12652782e-02 -1.26656428e-01 -3.46605806e-03
 -4.29281518e-02  5.84773370e-04 -9.37626436e-02  7.57913338e-03
 -1.11395940e-02 -1.72344744e-02 -2.35145469e-03 -6.14644960e-03
  2.03220379e-02 -3.20521407e-02  5.56227341e-02 -2.00419929e-02
  2.83450335e-02 -3.33512723e-02  5.68337413e-03  1.92980643e-32
  1.01633277e-02 -1.74958352e-02 -2.51189955e-02  5.41630276e-02
 -1.20462885e-03  2.08526496e-02 -9.39106271e-02 -1.62746513e-03
  2.06224322e-02 -5.77374287e-02 -1.25654817e-01  8.36462379e-02
 -1.64213181e-02  3.02422028e-02  7.37129599e-02  9.76717286e-03
  3.65986489e-02 -6.47584721e-02 -5.01708873e-03 -3.26018669e-02
 -4.20374162e-02  2.30357181e-02  1.92055653e-03 -1.75659545e-03
  9.14444309e-03  1.19819373e-01 -3.23025398e-02 -6.27845060e-03
 -9.68019366e-02  6.98765740e-02  4.77159359e-02  1.17948418e-02
 -5.34088686e-02 -4.51148078e-02 -1.93512402e-02 -1.59642082e-02
  6.84862733e-02  4.00693592e-04 -7.34555498e-02  4.04203348e-02
 -2.31041256e-02  6.16811439e-02  4.92478199e-02  2.38891747e-02
  5.80596663e-02 -5.34114093e-02  3.97447683e-02  5.14929816e-02
  1.13955706e-01  6.80433810e-02 -1.02116652e-01 -9.65470169e-03
  4.51367982e-02 -4.69089970e-02 -5.09285703e-02  2.80787479e-02
 -5.81257604e-02  6.31506592e-02 -4.05200161e-02 -2.61544157e-02
 -4.71867770e-02  5.27723394e-02  4.05079462e-02 -1.54761821e-02
  4.86932509e-03  4.44384888e-02 -8.56207907e-02  1.91150084e-02
  8.44589621e-02  1.50568539e-03 -4.02599610e-02 -1.20425578e-02
  1.07248295e-02  2.23482195e-02 -9.60373785e-03  3.05913622e-03
  7.36287534e-02 -1.90604478e-02  8.76373984e-03 -4.46705380e-03
 -3.52267213e-02  2.96152756e-02  5.58431214e-03 -3.83207388e-02
  4.11057984e-03  4.37148139e-02  2.50204932e-02  3.00488658e-02
 -1.13049184e-03  5.34734912e-02  1.99460215e-03  1.73456799e-02
 -2.68840250e-02 -6.12093396e-02 -5.31248935e-02 -1.85143754e-32
 -2.52840226e-03  8.32597986e-02 -2.97085922e-02  3.08819413e-02
  1.30148344e-02 -1.32761309e-02  4.18440998e-02 -2.04865485e-02
  1.21784816e-02 -9.62548330e-02  4.97465208e-03 -4.73789573e-02
  3.77446897e-02 -5.83691336e-02 -7.91138038e-03  4.32436056e-02
 -9.13852230e-02  4.64416742e-02 -7.38123730e-02 -8.25739950e-02
 -3.34379375e-02  9.03767794e-02  3.37103046e-02 -1.24916416e-02
 -6.89797988e-03  2.19957647e-03 -8.49917158e-02 -1.09561488e-01
  2.50224806e-02 -4.00896147e-02  5.21119349e-02  2.39788480e-02
 -4.66311686e-02  4.98520769e-02 -2.18721610e-02 -6.56518117e-02
  5.50560094e-02 -3.48018259e-02  4.22120951e-02  9.36325863e-02
  3.88776474e-02  2.81443037e-02 -2.23532245e-02 -9.72229987e-03
  1.43959606e-02 -4.56008837e-02  6.23470694e-02 -1.00351118e-01
  5.28489798e-02 -9.57346987e-03  1.05411924e-01 -5.70696518e-02
 -9.21555087e-02  6.11717701e-02  4.85414304e-02 -9.21370834e-03
 -2.43224698e-04 -3.21646780e-02 -1.17267773e-01 -5.14713768e-03
  2.39268839e-02  5.87722808e-02  1.00412332e-02 -4.73829694e-02
  1.23684414e-01  1.62216481e-02 -6.48494903e-03  5.73307425e-02
  7.79958442e-02 -1.70832817e-02  8.62188116e-02 -5.31782135e-02
  1.09012024e-02 -8.58105496e-02  1.60708781e-02 -7.00472891e-02
 -4.21760604e-02  1.32045448e-02  2.78176963e-02  6.58470318e-02
 -9.47254971e-02  1.49883442e-02  2.16082204e-02  3.31829563e-02
 -5.01020811e-02 -4.70637903e-02 -2.96666380e-02  1.61323175e-02
 -4.77345623e-02  7.28275031e-02 -4.90027592e-02  1.96160004e-03
  6.54006749e-02  5.50907291e-02  5.02770618e-02 -7.60674439e-08
  3.79220657e-02 -3.48135680e-02 -6.63401708e-02  5.37188686e-02
  2.11651102e-02  9.78666241e-04 -7.90729076e-02 -4.01765555e-02
  5.32798609e-03  5.98288067e-02  2.80328039e-02  4.68737856e-02
 -8.59930441e-02  1.78722236e-02 -4.07557115e-02 -4.84069139e-02
  4.69711684e-02  6.28796294e-02 -3.80475260e-02 -6.93945074e-03
  5.44745065e-02 -1.53364213e-02 -3.47786210e-02 -4.46761660e-02
 -6.37305081e-02 -6.22486584e-02 -7.14050233e-02 -6.96705701e-03
 -1.56303551e-02  9.02239978e-03 -3.52011025e-02 -1.49960890e-02
 -6.65016519e-03 -8.10673758e-02  3.06430832e-03  9.77501925e-03
 -2.74437796e-02  4.27359119e-02 -2.75007617e-02  2.75475029e-02
  7.89053142e-02 -1.16337299e-01 -6.65152147e-02  5.91168962e-02
  5.71424402e-02 -4.91366908e-02 -6.94344714e-02  9.22382399e-02
 -4.68150228e-02 -7.91033730e-02 -2.18571387e-02 -2.95906868e-02
  1.08291805e-02 -3.30105685e-02 -6.95938393e-02 -1.04808910e-02
  7.42546842e-03  2.45801508e-02  3.83873731e-02 -1.76964644e-02
  3.62305902e-02 -1.19775767e-02 -5.58695383e-02 -9.14903879e-02]