[-2.53824214e-03  4.03845236e-02 -5.22188172e-02 -3.42071615e-02
 -3.80624123e-02 -2.26927665e-03 -1.06385173e-02  8.37009624e-02
 -5.41298091e-02  1.14021622e-01  4.75547314e-02 -1.65091995e-02
 -4.12267856e-02  2.09432023e-04  9.78766126e-04 -1.60855614e-02
  6.52874857e-02 -3.95401865e-02 -4.16992791e-02  1.09378725e-01
  1.61949530e-01 -5.01508936e-02 -7.10580423e-02  3.84725891e-02
 -5.71180433e-02  4.49208319e-02 -1.43192578e-02 -5.22431694e-02
 -3.74435745e-02 -2.83511598e-02  2.83194799e-02  8.40385705e-02
  7.18806684e-02  1.99756175e-02  8.13813582e-02 -2.25799885e-02
  4.58812863e-02  3.37783247e-02  2.46894676e-02  1.52167194e-02
 -4.48070541e-02 -2.14123167e-02 -8.93171504e-02 -3.02969255e-02
 -9.22733918e-03 -2.82040015e-02  5.44885509e-02  2.72146109e-02
 -2.48355716e-02 -1.40867820e-02 -8.52346644e-02  4.56061168e-03
 -7.76733011e-02  1.92988142e-02 -4.68445048e-02 -1.32494802e-02
  4.57269000e-03  8.94956663e-03  1.65326633e-02 -3.71798724e-02
 -5.50105460e-02  3.67858335e-02 -3.00492961e-02  1.43604716e-02
  5.99381365e-02  1.43970819e-02 -4.63159755e-03 -1.64528023e-02
 -2.79048216e-02  1.76786575e-02  7.17827529e-02 -4.32171598e-02
  4.39369269e-02  2.46601608e-02 -1.88483112e-02  2.87990887e-02
  2.78429035e-02  4.21516746e-02  1.88739002e-02 -1.42927825e-01
  4.11595441e-02  6.94474429e-02 -3.17002609e-02 -5.44073991e-02
 -6.11085119e-03 -3.00664660e-02 -7.49171898e-03 -3.92921604e-02
  1.00025222e-01  4.17228695e-03  1.08714337e-02  2.99610440e-02
 -1.52399503e-02 -5.10280691e-02 -2.42520240e-03  2.68430961e-03
  5.40057495e-02 -5.01901135e-02  1.04726255e-01 -3.20125627e-03
  4.14562263e-02 -1.88834369e-02  9.88897216e-03  1.95161700e-02
 -6.97544143e-02 -5.25572971e-02 -2.29491293e-02 -6.97628036e-02
  5.72141930e-02  5.65866753e-02 -7.04877600e-02 -2.77793594e-02
 -7.83166587e-02 -6.89623132e-02 -3.27079557e-02  1.08081028e-02
 -1.28866667e-02 -4.52351496e-02  4.59902026e-02 -9.09475423e-03
  3.81813049e-02 -6.44750670e-02  6.10845312e-02 -1.49897384e-02
  9.66099203e-02 -4.77300882e-02 -2.85820607e-02  8.06730312e-33
 -3.28130722e-02 -6.68910593e-02 -3.83854061e-02  4.12600562e-02
 -9.71474778e-03 -1.91082864e-03  1.17762964e-02  4.39566411e-02
  4.87460569e-02  8.34729970e-02 -5.05083539e-02  8.64437073e-02
 -3.96824926e-02  5.84620647e-02  1.30634025e-01 -5.47219440e-02
 -3.00565101e-02 -6.62354892e-03 -2.09295955e-02  1.82978492e-02
 -1.21745151e-02  5.16235456e-03  4.46502566e-02 -3.12189758e-02
  2.22003814e-02  8.92780349e-03 -3.22570316e-02  3.28503153e-03
 -3.21897655e-03  5.97514287e-02  9.04912874e-02  2.04657223e-02
 -6.75146375e-03  1.07515650e-02 -5.81231862e-02 -4.04711105e-02
 -7.61126503e-02  3.32457270e-03 -3.66888405e-03 -3.22517678e-02
 -7.49098808e-02 -2.57342570e-02  1.14852138e-01  4.63508219e-02
  2.76920013e-02 -8.93089473e-02  3.68105397e-02 -8.23746063e-03
  4.22068425e-02  3.22540738e-02  1.05489418e-02 -7.71836042e-02
  2.88733877e-02 -9.73023549e-02  3.26289795e-02 -1.14827743e-02
 -8.42871368e-02  5.44022880e-02 -3.87337469e-02 -8.37815478e-02
 -4.08703610e-02 -7.08594248e-02 -5.82823865e-02  9.20979399e-03
 -5.13903759e-02 -9.19625199e-06 -9.11864731e-03  4.04570810e-02
  1.72894254e-01 -1.11778276e-02 -7.21969828e-02  3.70559306e-03
 -7.45627135e-02  7.47314841e-02  3.33969593e-02  2.20013354e-02
  6.88873529e-02  5.12924790e-03 -7.80404732e-02  4.82583791e-03
 -7.04118013e-02 -1.63599849e-02 -1.68100896e-03  2.18943506e-02
  5.81269413e-02  4.93511818e-02  1.01433937e-02  5.78587241e-02
  6.06058687e-02 -3.58662475e-03  3.31545882e-02  4.05417979e-02
 -5.84166981e-02  1.48081034e-02  1.18298166e-01 -1.15122994e-32
  1.21802604e-02  2.16080435e-02 -1.29317686e-01 -2.35390663e-02
  2.62630526e-02  5.50119877e-02 -1.70058738e-02 -1.07261918e-01
 -7.33160824e-02 -1.05359137e-01 -1.08872354e-01 -2.79544033e-02
  4.40675095e-02  1.24676200e-02 -1.03670925e-01 -2.93507730e-03
 -6.56626699e-03 -2.18294263e-02 -1.88186485e-02 -3.00208409e-03
 -4.20230515e-02  4.40655462e-02  4.86426577e-02 -7.49907568e-02
  5.34374118e-02 -9.55997929e-02 -1.01245999e-01  2.51760203e-02
 -3.24364640e-02  2.58593075e-02  1.81016233e-02  4.44362126e-02
 -7.40843592e-03  7.86113068e-02 -5.03058620e-02 -1.24298455e-02
  1.80024169e-02 -3.18462029e-02 -8.17227289e-02  6.38346970e-02
  3.06746885e-02  3.71554196e-02  2.37813685e-02 -1.01065459e-02
 -3.55424620e-02  1.91940069e-02 -1.92678384e-02 -1.02273978e-01
  5.45814224e-02 -3.15318741e-02  8.34626779e-02  1.43828085e-02
  1.14619220e-02 -3.42915133e-02  3.54685113e-02 -4.49505709e-02
  3.74782719e-02 -6.73445389e-02 -5.29746562e-02  6.38635680e-02
  5.99676147e-02  2.89637893e-02  2.78790738e-03 -9.43597257e-02
  6.20746091e-02 -2.85602231e-02 -3.26847322e-02 -1.14529692e-02
  4.81478171e-03  1.85969081e-02  1.04864202e-01 -7.25339875e-02
 -1.35706946e-01 -1.03661232e-02  2.13941699e-03  1.16995173e-02
 -3.56197212e-04  6.80887024e-04 -4.65952121e-02  2.07251962e-02
 -5.49533358e-03 -1.07271411e-02  1.04268845e-02 -3.86664532e-02
 -9.77914259e-02  1.71738695e-02 -5.74046606e-03 -2.08444912e-02
 -1.32012675e-02  6.50788769e-02 -1.48289129e-02 -1.24948947e-02
  5.97259626e-02  2.11989358e-02 -4.62035127e-02 -5.54000756e-08
  2.86362749e-02  4.59996192e-03  4.48767096e-02  2.79602595e-02
  1.08133014e-02 -2.96868738e-02 -2.31977142e-02 -2.72274371e-02
 -7.98784569e-03 -4.47825864e-02  1.68658774e-02 -3.40252817e-02
  3.16235758e-02  9.19914339e-03  4.07972559e-03 -7.14941770e-02
  3.59306745e-02  7.00189546e-02 -9.27015096e-02 -3.47258002e-02
  5.38003333e-02 -3.34250852e-02 -1.68432727e-01 -5.41463727e-03
  3.80168222e-02 -4.61515337e-02 -2.48841792e-02 -5.97178377e-02
  2.27166116e-02  5.33101298e-02 -4.97693270e-02  4.68783677e-02
  3.23720835e-02 -6.06231354e-02 -8.21473897e-02 -2.67927093e-03
  1.82455685e-02 -1.89785399e-02 -4.69505452e-02 -6.02556244e-02
  1.23690538e-01  1.54394871e-02 -5.73872365e-02 -3.58083844e-02
  9.17336568e-02 -1.97847988e-02 -1.55693889e-02 -3.82273570e-02
  3.50371236e-03  5.54791652e-04 -2.13291142e-02  3.48090306e-02
  4.51749153e-02  2.32844725e-02 -6.24547480e-03 -3.43952440e-02
  4.61753123e-02  6.57576835e-03 -6.48150593e-02 -6.76993281e-02
  5.28858267e-02  9.22001898e-02  3.51818614e-02 -3.54738906e-03]