[ 3.56915519e-02  4.76277992e-02 -4.49434407e-02 -4.23733629e-02
 -4.44775373e-02  2.08022501e-02  5.56453727e-02  1.33633375e-01
 -1.47082442e-02  9.95957851e-03  1.04662970e-01 -5.36164381e-02
 -3.05930171e-02  2.75208037e-02  5.14725130e-03 -3.71974036e-02
  5.94738796e-02  3.47548276e-02 -6.46909475e-02  6.41853660e-02
  1.35204911e-01  1.52997579e-02 -6.85522631e-02  1.54114133e-02
  7.08028348e-03 -9.49652027e-03 -6.87806234e-02  9.72137600e-03
  4.95973090e-03 -3.89213860e-02 -6.43906603e-03  1.12194456e-01
  5.56355119e-02 -1.01024091e-01 -1.01269539e-02 -1.94495264e-02
  1.63327977e-02 -1.40647115e-02  2.02440042e-02  4.42504510e-02
 -1.86868515e-02 -4.33991803e-03 -3.19964476e-02  1.05844135e-03
 -1.99279711e-02 -9.30967554e-02  5.99398836e-03 -6.25833683e-03
  7.14437943e-03  4.30555716e-02 -1.68921649e-02  2.19698306e-02
 -6.41382113e-03  1.11958131e-01 -1.77896488e-02 -3.70661691e-02
 -5.73632829e-02 -4.50113900e-02 -3.90112400e-02 -2.48205606e-02
 -5.11708893e-02  4.75852042e-02 -2.79635694e-02 -3.07416040e-02
  2.90336348e-02 -3.61261927e-02 -5.57421073e-02 -5.65941595e-02
 -3.60292643e-02  3.42207737e-02  5.45461588e-02 -5.39177954e-02
 -4.96872216e-02  1.00036990e-02 -4.18734513e-02  3.79804447e-02
  3.85659486e-02  7.84798712e-02  2.66649779e-02 -1.44221395e-01
 -1.66217145e-02  7.07647204e-02  2.93768346e-02 -5.03588766e-02
  3.49661037e-02  1.34809623e-02 -4.61152010e-02  8.44465755e-03
 -9.15222242e-03  3.97811867e-02  1.15873381e-01  1.91382486e-02
 -5.59163429e-02 -3.18572819e-02  4.13314672e-03 -6.85918257e-02
 -7.70290866e-02  2.55186912e-02  5.29519357e-02  1.56859681e-03
  6.51062727e-02  1.26952361e-02 -9.10674185e-02  3.27682048e-02
 -8.52296427e-02  4.04893141e-03  2.77715903e-02  3.15966196e-02
  5.00555672e-02  1.21541075e-01 -9.08461884e-02  1.55512113e-02
 -6.04311295e-04 -2.41687577e-02 -9.98407826e-02  8.08575973e-02
 -9.82284173e-03 -2.45375875e-02  1.05681598e-01 -7.53159001e-02
  7.43166031e-03 -5.25337830e-03  8.32330287e-02 -5.94168007e-02
  1.12563344e-02 -1.31717354e-01  5.43797622e-03  1.32118395e-32
 -8.51400122e-02 -2.38542650e-02  4.87239473e-02  3.85200195e-02
  2.72523966e-02  1.95284057e-02 -8.64890516e-02 -2.07569450e-02
  7.30415210e-02 -4.90296334e-02 -1.20552026e-01  7.50044808e-02
 -1.72999352e-02 -1.71092420e-03  8.51414353e-03  2.45341808e-02
  2.37166267e-02  3.12418002e-03  5.63013889e-02 -1.12910178e-02
 -3.26669030e-02 -3.43578532e-02 -4.07645926e-02  7.11922124e-02
  1.57046001e-02  2.47326232e-02 -1.76049005e-02 -6.05489276e-02
 -2.01866888e-02  5.55068366e-02  1.09509423e-01 -3.79545451e-03
  4.48733866e-02 -4.83211875e-02 -7.38294199e-02 -3.36326398e-02
  3.66714373e-02 -1.58567131e-02 -2.23113000e-02  1.58433411e-02
 -4.39104661e-02 -8.22217017e-03  8.34199861e-02  7.13043511e-02
  6.56347396e-03 -5.73903173e-02  5.28916009e-02  5.32331020e-02
  4.60855737e-02  1.18573137e-01 -1.09730996e-01 -6.03371970e-02
  3.28066051e-02 -3.10869403e-02 -4.91144992e-02 -1.74500011e-02
 -1.15832292e-01  6.08090237e-02 -1.04912920e-02  8.89700092e-03
 -4.34906855e-02  5.31809665e-02  1.86369885e-02  3.19235260e-03
 -3.86624411e-02 -4.30586152e-02 -4.95997891e-02 -5.88789955e-02
  1.10998422e-01  1.39335534e-02 -1.00041926e-01 -1.47943078e-02
  3.59861888e-02  6.01663440e-02  1.50260217e-02 -2.23328825e-02
  3.66855972e-02  1.01058232e-03  3.22105475e-02 -2.62205973e-02
 -5.87637573e-02  3.23199108e-02  1.75016765e-02 -4.51202132e-03
  1.14145964e-01  3.87330651e-02  1.67369153e-02  1.79372833e-03
 -3.65558565e-02  6.22346811e-02  5.82713336e-02  4.44865860e-02
 -6.23000264e-02  2.24613454e-02  5.62533140e-02 -1.39660969e-32
  2.75528207e-02  5.76756485e-02 -2.80740913e-02  2.05752384e-02
  3.47678177e-02 -5.76847419e-03  4.02848646e-02 -6.94447905e-02
  2.86515336e-02 -1.22768380e-01 -4.67183404e-02 -3.57684307e-02
  9.87345874e-02 -1.85205769e-02 -9.67544783e-03 -1.89524516e-02
 -1.08953640e-01 -5.86540718e-03 -6.22482263e-02 -6.45971682e-04
  2.70716418e-02  3.18453498e-02  3.25207189e-02 -8.11043568e-03
  2.24638637e-02 -1.09509034e-02 -6.36357293e-02 -7.97547959e-03
 -3.01871002e-02  1.41810393e-02  4.73768786e-02 -2.88716424e-03
 -3.99761796e-02  7.47124180e-02  1.10228499e-02 -5.07006645e-02
  5.02721593e-02  4.25182655e-03 -1.56503078e-02  1.04484946e-01
 -1.96376769e-03 -2.15186831e-02  4.89964560e-02 -3.41640413e-02
 -3.43333185e-02 -5.23942634e-02  2.76257545e-02 -1.52188763e-01
  6.96233884e-02 -6.03466406e-02  1.00666434e-01 -1.32666333e-02
 -4.08415645e-02  6.52351901e-02  5.93051240e-02 -1.16693471e-02
  1.32796643e-02 -9.43666101e-02 -5.59790917e-02 -4.47524711e-03
  9.51591358e-02  1.08979687e-01 -1.26577830e-02 -3.91033627e-02
  2.36380473e-02 -3.68138701e-02  2.68784985e-02  1.70255974e-02
  1.58303212e-02 -4.39093783e-02 -1.61250066e-02 -7.79123157e-02
  1.01885833e-02 -7.93678537e-02  3.24384216e-03 -2.93199401e-02
  5.83079830e-02 -2.66514849e-02  4.52502742e-02 -5.08282846e-03
 -1.55348331e-01 -4.28996310e-02  2.43240297e-02  5.85671095e-03
 -7.33406320e-02 -1.93877798e-02 -2.47928649e-02  1.56466980e-02
 -1.48001481e-02  4.76817004e-02 -3.71283889e-02  2.78112441e-02
  2.56433319e-02  2.76181469e-04 -2.83772349e-02 -6.75531950e-08
  9.30753071e-03 -6.46936595e-02 -1.31371832e-02  1.44171296e-02
  5.52864186e-03  1.02034013e-03 -6.01761714e-02 -2.76837721e-02
 -5.04672676e-02  3.63360979e-02  1.84570774e-02  1.02276551e-02
 -7.89762586e-02 -5.66394255e-02 -1.50126079e-02 -9.49871913e-02
  6.49717525e-02  1.06924333e-01 -4.07102071e-02 -5.67518063e-02
  2.73874030e-02 -2.66815852e-02 -4.57651429e-02 -4.92939316e-02
  6.25034887e-03 -2.58724932e-02  2.39543468e-02  5.65988338e-03
  2.75300425e-02 -3.03960647e-02 -4.07584244e-03  3.59091014e-02
  3.18412222e-02 -4.21365090e-02 -4.65582833e-02 -3.06176115e-02
  3.15181818e-03  6.07637428e-02 -2.95390859e-02  4.17840928e-02
  3.53229195e-02 -9.40299556e-02 -3.45488787e-02  2.64378898e-02
  4.44121994e-02 -1.92643777e-02 -3.38501409e-02  7.68502057e-02
 -8.10720399e-02 -3.38491313e-02  1.36411646e-02 -4.68754768e-03
  5.18231764e-02  9.46726825e-04 -5.01581021e-02  8.64789542e-03
 -1.49973445e-02 -1.76733863e-02 -3.88471521e-02  1.65835395e-02
  5.02236653e-03  3.46779861e-02 -7.09428359e-03 -8.28006566e-02]