[ 3.51268128e-02  2.64551323e-02 -2.62819640e-02 -2.51774024e-02
 -4.30107079e-02  4.23498265e-02  1.20112579e-02  1.09140649e-01
  2.38611102e-02  4.13316004e-02  1.31254062e-01 -7.66426474e-02
 -2.41189394e-02  3.23625021e-02 -2.87794005e-02 -6.55754805e-02
  2.11612508e-02  6.79311678e-02 -2.92403921e-02  1.20221935e-01
  1.89886570e-01  1.55012738e-02 -2.69943159e-02  2.57786792e-02
 -5.49577139e-02  1.48251215e-02 -5.92244416e-02 -8.92850850e-03
 -5.62590919e-02 -4.89939041e-02 -1.90643799e-02  1.39490262e-01
  1.39277667e-01 -3.61580141e-02  7.29130814e-03 -1.02622155e-02
  2.86522880e-03  9.05729644e-03 -5.74469566e-02  6.92566261e-02
 -8.46061632e-02 -4.24222760e-02 -5.00824582e-03 -4.53773402e-02
 -5.51479822e-03 -3.65192890e-02  6.23885058e-02  8.23672935e-02
 -6.22874545e-03 -8.55701789e-03 -5.41004948e-02 -9.30991676e-03
  1.03237862e-02  1.00967772e-02 -1.20967813e-02 -7.98310414e-02
 -5.74207157e-02 -2.45862044e-02 -4.39637303e-02  5.41859753e-02
 -1.92698240e-02  7.25038201e-02 -3.14651392e-02 -2.20192093e-02
  5.46434298e-02 -1.44565236e-02  4.79327403e-02 -7.58529603e-02
 -6.93749636e-02 -8.99044331e-03  2.70696487e-02 -9.02398154e-02
 -3.58268246e-02  6.18820041e-02 -3.15854400e-02  3.34338881e-02
 -4.64681573e-02  7.64584914e-02  2.90879905e-02 -1.48717031e-01
  3.51577252e-02  1.40586961e-02  1.11679370e-02  2.68489327e-02
  1.03471056e-01 -3.49861966e-03  4.01228517e-02  1.66608095e-02
  1.34557355e-02  3.85971856e-03  3.64614911e-02  5.65622374e-02
 -4.45775315e-02 -6.03263043e-02  3.30023398e-03 -3.80923855e-03
 -7.89053366e-02  9.44443978e-03  4.23402674e-02 -2.11399812e-02
  5.38816862e-02 -3.29739740e-03 -6.10137694e-02  4.86365892e-02
 -5.49383722e-02  1.16977980e-02 -9.40940983e-04 -2.00270768e-02
  1.83449481e-02  6.49310872e-02 -6.60034269e-02 -1.68277754e-03
 -1.22993626e-01 -7.57603422e-02 -1.44463042e-02 -3.17454280e-04
 -8.88747647e-02 -1.52951870e-02  3.11676431e-02  5.56840515e-03
  5.40419016e-03 -3.88557650e-02  9.48919624e-05 -2.84042098e-02
  1.55426543e-02 -3.03792413e-02  2.49383822e-02  1.37733540e-32
 -2.85890717e-02  3.17515507e-02 -3.23466398e-02  2.15022732e-03
 -2.49012578e-02  1.74688380e-02 -6.95712790e-02  1.59134399e-02
  7.34191462e-02  2.69704107e-02  1.54991830e-02  1.00691527e-01
 -2.10769381e-02 -1.39340460e-02  8.59427229e-02  3.92367356e-02
  3.04126553e-02 -1.87817197e-02  1.35109751e-02 -4.85640904e-03
 -6.26222510e-03  9.51718464e-02  1.15654143e-02 -4.53324355e-02
 -1.41595146e-02  7.28189945e-02 -7.18240216e-02 -5.08380197e-02
 -3.07929404e-02  3.44781280e-02  8.61491859e-02 -3.60951237e-02
  2.77324617e-02 -8.21258798e-02 -5.13705090e-02 -7.24934489e-02
 -6.83171116e-03 -4.79615144e-02 -8.69066454e-03  1.16264541e-02
 -4.06167693e-02 -1.29698683e-02  4.47228290e-02  1.20136943e-02
  1.50189148e-02 -2.61612255e-02  4.09396216e-02  1.86127741e-02
  1.44934401e-01  6.79728538e-02 -1.95781253e-02 -4.36780974e-02
  4.93861884e-02 -6.27665371e-02 -4.51129414e-02  5.54148927e-02
 -6.76823780e-02  3.39277461e-02 -6.69954419e-02 -2.34189499e-02
 -4.36747372e-02  3.33595946e-02  8.25932482e-04 -4.01289687e-02
 -1.06514124e-02 -4.60168459e-02 -2.13345252e-02  7.63634732e-03
  1.44660175e-01  4.97799658e-04 -8.61182734e-02 -4.19635046e-03
  8.91169813e-03  3.62713523e-02  8.43820919e-04 -1.93581916e-02
  3.63050811e-02 -1.17295387e-03 -6.55803159e-02  7.04028970e-03
 -4.45666686e-02  6.07048683e-02 -4.89714555e-03 -4.56667989e-02
  1.04205631e-01  4.31285128e-02  5.28236032e-02  2.98769400e-02
 -5.95075451e-02  6.03266209e-02  4.93631437e-02  4.09887061e-02
 -5.83583713e-02  4.54402231e-02  2.89112478e-02 -1.59140806e-32
 -3.52867059e-02  3.28314565e-02 -4.47315462e-02  2.24356335e-02
 -3.61493230e-02 -1.26076443e-02 -8.78698565e-03 -3.43641527e-02
 -6.96775466e-02 -1.05265893e-01 -6.92411959e-02 -1.38277933e-01
  3.61423157e-02 -5.30914553e-02 -2.04323698e-02  6.49241805e-02
 -1.11671805e-01 -5.88555969e-02 -1.13659255e-01 -1.45468600e-02
 -4.04638685e-02  1.01098724e-01  5.41919246e-02  2.21944768e-02
 -1.15017174e-02 -4.63200063e-02 -4.97445054e-02 -2.79406849e-02
  1.96899250e-02 -2.99618039e-02 -2.45887488e-02  4.04516384e-02
 -3.47392075e-02  4.28538732e-02 -4.57178913e-02 -6.42564446e-02
  5.56357019e-03 -1.91040710e-02 -4.67550755e-02  8.83116797e-02
  1.54658724e-02  3.91414501e-02  1.09923687e-02 -5.71186319e-02
  1.77835841e-02 -6.52501434e-02  3.12411156e-03 -1.12297349e-01
  3.96452695e-02 -2.81577185e-02  1.28546402e-01 -3.34322043e-02
 -3.95823941e-02  6.72127400e-03  2.33555958e-02 -2.43385434e-02
  3.07903625e-02 -8.73480588e-02 -9.80461463e-02 -4.00773212e-02
  6.66394532e-02  4.14657444e-02 -3.73929553e-02  3.22003253e-02
  8.57906565e-02  1.19107328e-02 -2.91017760e-02  3.75924073e-02
 -1.47282016e-02 -6.56726444e-03 -1.86360721e-02 -4.63290326e-02
 -3.10704950e-02 -5.70123643e-02  8.03031586e-03 -2.84888539e-02
 -3.75348330e-02  8.60978011e-03 -4.22217548e-02  9.11891926e-03
 -6.91336766e-02 -2.88188439e-02 -3.60904075e-02 -4.61528189e-02
 -5.61897084e-02 -3.02097853e-02 -4.70058136e-02 -6.86653629e-02
  2.25418974e-02  7.70295784e-02 -3.40157077e-02  3.56259905e-02
 -2.48848815e-02  4.12917649e-03 -3.67492400e-02 -6.88369255e-08
  1.78016946e-02 -2.22819727e-02  5.30407317e-02  9.03894007e-03
  4.17772755e-02 -6.42122775e-02  1.68541502e-02  2.09080521e-02
 -3.18098776e-02  2.33001243e-02  7.98566639e-03  1.12449480e-02
 -1.39052505e-02 -3.50972712e-02  3.82768661e-02 -3.99249084e-02
  7.25119933e-02  8.49304870e-02 -2.97847092e-02 -2.12299395e-02
  5.44470809e-02 -5.40924259e-03 -9.70860943e-02 -5.58805093e-03
 -1.53154423e-02 -2.14928798e-02 -4.59136069e-03  1.05421385e-02
 -3.07477769e-02  4.80330214e-02  4.09722626e-02 -1.15995295e-02
  4.84859310e-02 -9.33323205e-02 -7.53109232e-02 -2.11478192e-02
  5.16356975e-02  4.84544691e-03 -6.07784726e-02  3.35772410e-02
  5.81202954e-02 -2.38217078e-02 -5.17386347e-02  3.69399227e-02
  6.80325702e-02 -7.42797032e-02 -1.47106657e-02  2.42310148e-02
  4.84460965e-02 -5.66013940e-02 -9.11322143e-03  2.16656402e-02
 -5.20855077e-02  1.94931906e-02 -8.48127753e-02  3.53155397e-02
  5.96373267e-02  1.13825919e-03 -8.97466838e-02 -1.80097744e-02
  8.30752552e-02  6.39314130e-02  3.72612178e-02 -8.53115767e-02]