[-1.14282310e-01  1.58694331e-02  2.63593253e-03 -4.82079620e-03
  4.18504607e-03  6.20467961e-02  2.44337767e-02  7.38356113e-02
 -5.94594739e-02  5.48060089e-02  8.51626173e-02 -4.40365523e-02
 -1.11555606e-01  6.56494126e-02 -1.00034699e-01  8.41545910e-02
 -6.07178584e-02  1.00727100e-02 -1.82253178e-02  5.33107929e-02
 -3.24134575e-03 -2.24321131e-02 -2.56822444e-03  6.32422641e-02
 -1.27586154e-02 -4.44291942e-02 -5.51439971e-02  6.38661087e-02
 -5.57101071e-02 -2.07839366e-02 -6.56796247e-02  8.16494599e-03
  1.90470535e-02 -1.01987302e-01 -1.02328416e-02 -1.08747501e-02
  1.94602404e-02  1.12071261e-02 -6.72398880e-03  8.58317837e-02
 -1.49492044e-02 -5.16783213e-03 -4.61457260e-02  3.36161144e-02
 -6.43346598e-03 -5.67323193e-02  1.33890407e-02 -1.20000867e-02
  3.09206676e-02  4.20665089e-03 -9.59502384e-02  8.46475735e-03
 -5.96762672e-02 -4.93760873e-03  2.10238639e-02 -2.83637885e-02
 -6.47868216e-02 -3.15743126e-02 -2.85026245e-02 -5.94739579e-02
  4.38780263e-02 -4.48906161e-02 -7.03895614e-02 -2.87116412e-02
 -2.23479774e-02 -1.29682766e-02  3.21645588e-02 -4.10399698e-02
 -2.82363016e-02  1.16050001e-02  1.43801598e-02 -1.05342507e-01
  4.69989255e-02  1.49525404e-02 -4.70089354e-02  3.47384512e-02
  3.89358588e-02 -2.01810207e-02 -7.79550299e-02 -3.26183289e-02
 -1.34968420e-03 -9.54851229e-03  4.09328155e-02 -7.89913014e-02
  4.20903713e-02 -2.61933487e-02  1.98042598e-02 -5.11159608e-03
  8.61925539e-04  6.02787919e-02  5.41414693e-02  7.37326890e-02
 -2.08408907e-02 -3.86219211e-02  3.41195017e-02  8.86655673e-02
  1.55324265e-02  9.29153487e-02  4.77876775e-02  1.23762432e-02
  3.21389884e-02  5.36719477e-03 -1.46737069e-01  4.03224453e-02
 -6.13266751e-02 -3.36393677e-02 -3.19472998e-02 -8.06422159e-02
  8.56557935e-02  3.28026824e-02 -3.60013843e-02  1.89513937e-02
 -1.42706847e-02  2.22703461e-02 -7.53694251e-02  3.46020199e-02
 -1.93407666e-02  3.87441367e-02  7.38922879e-02  1.05252117e-01
  3.06535382e-02  2.05597486e-02  6.52658567e-03  6.39678165e-02
  6.95545152e-02 -1.91026926e-02 -3.39836851e-02  1.75642917e-33
  4.15494516e-02  5.97923482e-03  1.90527178e-02  1.04426280e-01
  3.05959042e-02 -2.91836150e-02 -8.19444656e-02 -5.77434003e-02
 -1.74477044e-02 -9.22002643e-02 -5.98505214e-02  7.28138536e-02
 -2.01836657e-02 -6.05582967e-02 -8.40995163e-02  3.34351249e-02
 -1.15596496e-01 -5.95026352e-02 -5.00751659e-02 -5.86292669e-02
  3.02791479e-03  3.80144045e-02 -3.20128016e-02  5.11163957e-02
  1.13816047e-02  6.43792301e-02 -3.16422433e-02  4.26562019e-02
 -5.73339313e-02  4.19658050e-02 -5.98261133e-03 -5.54707609e-02
 -5.95346317e-02 -4.76937070e-02  4.40691337e-02 -3.52874547e-02
 -5.70055284e-03 -4.39386331e-02 -2.58148480e-02  4.95110378e-02
 -1.01990644e-02  6.25675023e-02 -1.35342265e-02  3.54885869e-02
 -2.58747470e-02 -1.67953875e-02  7.84489438e-02  6.19958974e-02
  1.80474088e-01 -2.14081109e-02 -6.68355450e-02 -1.09076992e-01
 -3.14989090e-02 -6.22536764e-02 -3.48821692e-02  1.85768344e-02
 -1.34220093e-01  4.38835472e-02  4.88923453e-02  4.24344912e-02
  5.61932437e-02 -2.39749569e-02  2.59496737e-02 -1.80750061e-02
  6.71479153e-03  3.00581362e-02 -9.55369100e-02 -2.41263807e-02
  1.06978662e-01 -2.91358251e-02 -4.39708419e-02 -8.67326837e-03
  3.36874067e-03 -2.59012673e-02 -1.65019054e-02  2.84438580e-02
  5.99250123e-02  4.36933339e-03 -1.11647375e-01 -4.93205269e-04
 -8.43223110e-02  2.09153555e-02 -1.80494378e-03  4.03272398e-02
  4.78281789e-02 -3.31899188e-02  2.75715515e-02 -2.56901458e-02
  8.94521922e-03  4.01386023e-02  4.97269332e-02  6.51267990e-02
  4.67653666e-03 -1.07055351e-01 -3.36731076e-02 -2.37243082e-33
  2.87357960e-02 -2.54496727e-02 -2.28693821e-02  4.10345793e-02
  1.40466057e-02 -3.26241669e-03 -3.44260521e-02  4.30705436e-02
  1.04755513e-01 -7.19160065e-02  8.10474902e-03 -1.60337109e-02
  5.15729152e-02 -1.89196635e-02 -9.10505876e-02  1.11661311e-02
  5.37014613e-03  3.01527642e-02 -6.69810027e-02 -2.53263842e-02
 -3.44741307e-02  5.48187941e-02 -7.19950870e-02 -1.36502497e-02
 -4.89553697e-02  4.45355736e-02  2.39514876e-02 -6.00908808e-02
 -5.06215617e-02  1.68650914e-02  9.13512427e-03  2.51380783e-02
 -4.66960296e-03  3.46087851e-02 -2.67913900e-02  9.80355069e-02
  1.00445062e-01 -5.74235879e-02 -7.77258351e-02  1.40589327e-01
  1.07571468e-01  6.05773032e-02 -1.64858950e-03 -4.41551507e-02
 -1.94604564e-02 -6.52102232e-02 -1.16577251e-02  3.50743942e-02
 -8.01259093e-03 -2.78931204e-02  1.10205844e-01 -4.22630943e-02
 -9.76143125e-03 -5.50154634e-02  3.11065074e-02 -6.71293885e-02
  3.46706025e-02 -6.56599775e-02  4.91340004e-04  2.01281682e-02
  8.50350484e-02  5.79315461e-02 -7.80013129e-02  1.59941465e-02
  1.79333407e-02  1.43365683e-02 -1.41706448e-02 -9.06132569e-04
  1.33033814e-02  1.50673632e-02  1.53216980e-02 -4.53761704e-02
 -2.52936687e-02 -2.86172014e-02 -5.51541820e-02  2.78839469e-02
 -1.93468761e-03  4.49300855e-02  3.65604125e-02  2.45075263e-02
 -4.69563454e-02 -4.34579924e-02  8.88230919e-04  7.23164305e-02
  7.80587494e-02  3.68566178e-02 -5.04771098e-02 -2.43165232e-02
  1.50354831e-02 -3.40336468e-03  1.40563976e-02 -1.84040423e-02
  2.74495613e-02  1.02449261e-01 -2.06322074e-02 -5.98494339e-08
  1.18671320e-01 -2.62667047e-04  1.53214708e-02  4.54018377e-02
  1.42284960e-03  2.39958744e-02  7.16141686e-02 -5.21054084e-04
 -3.29849161e-02  1.36932701e-01  3.13246846e-02  1.02744132e-01
  4.72231992e-02  1.60576813e-02  3.80567163e-02  1.12375757e-02
  2.09582727e-02  8.11569318e-02 -6.11039586e-02  9.19309538e-03
 -2.57507563e-02  1.88100431e-02 -4.56681922e-02 -6.45194650e-02
  1.29182152e-02  7.11476523e-03 -1.28104007e-02  6.70523271e-02
  1.52857164e-02 -4.53233644e-02 -3.39478045e-03 -2.69543547e-02
  7.42472485e-02 -7.32241571e-02 -2.67236922e-02 -1.78619009e-02
  3.47459018e-02 -1.44828344e-04 -5.60491011e-02  5.77515326e-02
  2.91701965e-02 -2.70249918e-02 -1.69936698e-02  2.84922440e-02
  6.20668307e-02 -3.81282531e-02 -2.90297512e-02  1.54150091e-02
 -1.74108390e-02  3.09617743e-02  1.24694750e-01 -1.68109853e-02
  2.60003768e-02  6.88705668e-02 -5.39382696e-02  2.95230094e-03
  9.83885955e-03  1.68342292e-02 -2.46881545e-02 -7.99129307e-02
  9.06042680e-02  7.43290484e-02  9.35438846e-04 -2.05843318e-02]