[-7.15629831e-02  2.93154921e-02 -1.41778784e-02 -6.79650754e-02
 -1.26740947e-01  5.19827474e-03 -3.80207337e-02  1.38461918e-01
  2.81080976e-02  6.53408393e-02  1.89373456e-02 -1.83362253e-02
  7.19428703e-04  1.48985153e-02 -7.44542107e-03 -1.88167021e-02
  6.39612302e-02 -3.09672430e-02  1.40334538e-03  5.03990520e-03
  1.32059500e-01 -9.12817568e-03 -3.29356156e-02  1.05975112e-02
 -6.69048950e-02 -1.34429301e-03 -8.54780227e-02  4.45624441e-02
  7.53811933e-03 -8.63409229e-03 -6.23003952e-02  1.08546913e-01
  3.32354531e-02 -1.22170313e-03 -5.36849024e-03 -1.74340680e-02
  1.72544926e-04 -5.95874712e-02 -2.62089092e-02  5.44142574e-02
 -9.10878032e-02 -6.78967759e-02 -7.41376653e-02 -2.98468415e-02
  1.45951100e-02  5.85986162e-03  9.92609281e-03  2.33801994e-02
 -2.72063836e-02 -2.49738619e-02 -5.51361516e-02 -4.32750583e-02
 -1.92339774e-02  4.76248674e-02 -4.01447974e-02 -8.02885890e-02
 -2.05541179e-02 -1.79918464e-02  1.09507544e-02 -2.42299624e-02
 -4.08595577e-02  6.10330962e-02 -2.31447406e-02  4.80583161e-02
  4.33771648e-02  5.63470498e-02 -2.15553083e-02 -1.87843735e-03
 -6.55601397e-02  1.29366834e-02 -1.60772987e-02 -5.90015426e-02
  4.80311066e-02  8.94442722e-02 -4.22658473e-02  6.92300647e-02
  6.18614405e-02  2.42430437e-02  4.28370386e-02 -2.41444886e-01
  7.51948804e-02  6.08835034e-02  5.96405240e-03 -2.52030343e-02
 -2.69913534e-03 -2.88848095e-02  3.46856266e-02 -9.32011567e-03
  1.07863806e-01  1.87812990e-03  2.24756673e-02  4.33140099e-02
 -4.40606065e-02 -2.29849797e-02  3.11745219e-02 -1.59336738e-02
 -1.11848703e-02  2.03839447e-02  6.90883175e-02  2.85270013e-04
  5.73338717e-02 -2.44156737e-02 -1.12883728e-02  2.96646506e-02
 -8.75800177e-02 -2.60836910e-02  2.83073355e-02 -5.34290709e-02
  1.01476379e-01  2.89719552e-02 -7.97847137e-02  5.38458303e-03
 -3.72820236e-02 -1.13387465e-01 -7.21692443e-02  3.28602940e-02
 -3.31658535e-02  1.68018099e-02  3.71446125e-02 -1.25670526e-02
  1.56847835e-02 -5.82583956e-02  4.44596298e-02  3.35140489e-02
  4.53341492e-02 -4.85609621e-02  2.60297023e-02  1.00208660e-32
 -2.76908204e-02 -9.36843306e-02 -2.88469959e-02  8.56461674e-02
 -3.34777944e-02  1.26290545e-02 -3.33856754e-02 -1.86087880e-02
 -1.09343249e-02  5.57027943e-02 -8.91338512e-02  3.60012352e-02
 -2.01223399e-02  2.75672991e-02  1.23768009e-01 -2.43413989e-02
  5.75774275e-02 -5.60584757e-03 -3.45831811e-02 -1.03226379e-02
  1.41572226e-02 -2.13087555e-02  4.70161811e-02  3.59729268e-02
  3.04257870e-02  1.14366896e-01 -9.26567912e-02 -2.31479239e-02
 -6.34448528e-02  3.52423266e-02  3.80082354e-02 -1.60061419e-02
 -3.44960555e-03 -2.63540689e-02 -2.57946178e-02 -1.36248721e-02
 -6.51412532e-02  1.15612419e-02 -4.08734009e-03  3.24782287e-03
 -1.04642557e-02  1.30087603e-02 -6.24922710e-03 -1.76101625e-02
  8.55595917e-02 -1.16306640e-01  1.66907273e-02 -1.55578856e-03
  6.33811057e-02  6.00049980e-02 -4.19794656e-02 -1.48088569e-02
 -5.83578199e-02 -7.94448778e-02  2.06357241e-02  5.30306660e-02
 -7.05522299e-02  8.42457712e-02 -2.56470032e-02 -3.61918136e-02
  2.62381439e-03  3.25282961e-02 -4.86559831e-02  2.58860644e-02
 -6.26108944e-02 -2.18100213e-02 -4.37919535e-02 -1.18097346e-02
  9.28424969e-02 -2.49851937e-03 -8.59663337e-02  1.49060506e-02
 -4.99773473e-02  5.76825580e-03  4.83673587e-02 -4.12465148e-02
  6.28662184e-02 -2.50324868e-02 -3.76480678e-03 -6.12932444e-02
 -6.34066910e-02 -7.94238131e-03 -7.92575162e-03 -2.78803688e-02
  5.31459935e-02  4.85313050e-02  2.84762830e-02  5.46858236e-02
 -8.16738605e-03  5.68083748e-02  3.94349694e-02  3.06979753e-02
 -4.57149670e-02 -3.20730805e-02  1.09156266e-01 -1.24104976e-32
  4.74578664e-02  4.39793952e-02 -1.09713241e-01 -5.77080026e-02
 -9.07941628e-03  3.29647679e-04  2.42330786e-02 -7.33197182e-02
 -9.18383896e-02 -1.00994579e-01  3.53993028e-02 -6.21065460e-02
  5.14413528e-02 -4.27219756e-02 -8.01897347e-02  1.08427572e-04
 -4.84524518e-02 -2.65112035e-02 -5.34455813e-02 -2.53126658e-02
 -1.49020264e-02  2.81618834e-02  6.77184165e-02 -9.93516389e-03
 -1.74060892e-02 -5.34818619e-02 -2.14855969e-02  2.76263375e-02
 -5.27168214e-02  1.04465429e-02  2.17974186e-02  2.24511940e-02
 -6.60024257e-03  1.22658603e-01  1.27989547e-02 -4.49642912e-02
  7.21532777e-02 -2.28989311e-02  1.24997944e-02  2.95112822e-02
  3.47487554e-02  7.66428038e-02  2.93659810e-02 -4.14546467e-02
 -1.07867256e-01  3.41090299e-02 -3.49217765e-02 -8.17621052e-02
  3.85291502e-02 -1.08417958e-01  1.13105431e-01 -4.37958613e-02
  2.26013605e-02 -7.93807879e-02  2.34776177e-03  1.04851779e-02
 -1.48525648e-02 -7.13065937e-02 -6.93205148e-02  3.43993753e-02
  8.71053785e-02  1.86490417e-02  2.88541894e-02 -3.66689265e-02
  7.61334822e-02  5.71108460e-02 -2.18457337e-02  1.07554533e-01
  6.79533184e-02 -3.21777575e-02  4.40737456e-02 -6.17111064e-02
 -1.35313436e-01 -9.75984484e-02 -2.50461604e-02 -9.59399566e-02
 -1.57688987e-02 -2.17682626e-02 -5.87881096e-02  5.02994191e-03
 -8.07570443e-02 -1.45495180e-02 -2.96051372e-02  4.20017168e-03
 -6.25208393e-02  6.20750673e-02 -4.70786802e-02 -1.67801715e-02
  1.69330067e-03  5.26835732e-02 -3.71988267e-02  4.76348102e-02
  2.49599516e-02  2.42713280e-02  1.80812611e-03 -6.45731788e-08
  7.12923566e-03 -3.89213078e-02  4.29310985e-02  2.16046907e-02
  6.39462397e-02 -3.48845311e-02  3.16444645e-03 -5.58172427e-02
  5.43602509e-03  2.62167435e-02  3.26597430e-02 -5.43936156e-03
 -3.07374056e-02  7.51644932e-03  4.52242829e-02 -4.84946743e-02
  4.18275036e-02  8.29525813e-02 -6.85532466e-02 -1.76826585e-02
  6.49366826e-02 -3.75631899e-02 -6.81502745e-02 -2.93984525e-02
  5.94966076e-02 -2.21159011e-02 -5.80623820e-02 -3.23508084e-02
  2.30051558e-02  1.76836010e-02  8.79071187e-03  4.52249423e-02
  1.34443538e-03 -3.83604094e-02 -4.35774736e-02  3.95587366e-03
  2.67284010e-02  6.98676035e-02 -4.68961559e-02  3.03876456e-02
  1.06441930e-01  3.08056567e-02  1.05312020e-02  5.75665710e-03
  9.58916731e-03  1.03554213e-02 -1.22051500e-02  1.83282439e-02
  2.65194438e-02 -2.52949689e-02 -5.51290810e-02  6.03619479e-02
 -1.45304045e-02  9.56840366e-02 -1.08484598e-02 -1.65766366e-02
  5.89498915e-02 -5.01768757e-03 -2.93733198e-02 -4.05502468e-02
  3.67714949e-02  1.86578045e-03  5.48670664e-02 -8.43021870e-02]