[-1.73851941e-02  3.23887020e-02 -5.12018427e-02 -3.45534049e-02
 -1.11675270e-01 -1.71260338e-03  4.42091841e-03  3.79748605e-02
 -1.04413079e-02  8.89140666e-02  1.09468207e-01 -4.00370359e-02
  8.09904002e-03  2.38719080e-02  7.49711320e-02 -6.59474209e-02
  1.88523680e-02  3.11813392e-02 -3.51239480e-02  1.14283673e-01
  1.28783181e-01 -8.32546502e-02 -5.80755807e-02  8.32111947e-03
 -1.41110361e-01 -6.02760576e-02 -2.28931755e-02  3.72021180e-03
 -5.31973764e-02 -2.48072222e-02 -8.14287886e-02  1.17718510e-01
  2.79505271e-02  5.41259870e-02 -5.19856252e-02 -1.45090763e-02
  1.09960139e-03 -5.43794222e-02  3.17026265e-02  1.23229384e-01
 -6.35973588e-02 -3.22598554e-02 -4.86869551e-02 -5.61492853e-02
  3.44458334e-02 -1.23711275e-02  4.16355580e-02  2.89755557e-02
 -7.49605596e-02 -4.54165973e-02 -5.44817075e-02 -6.24542348e-02
 -4.43993919e-02  6.72312751e-02  1.75950062e-02 -1.97485760e-02
 -2.02762075e-02 -8.13636407e-02  4.77150567e-02 -4.57978435e-03
 -2.18760464e-02  1.83137376e-02  6.35487400e-03  6.39847144e-02
  7.94929489e-02 -5.18076904e-02 -2.82419994e-02  7.66388327e-03
 -5.75752072e-02  5.53973429e-02  4.11603414e-02 -7.63434991e-02
 -6.44482598e-02  4.34153043e-02 -5.52628115e-02  6.66092196e-03
  2.80186571e-02  1.33404387e-02  2.17649192e-02 -1.72478318e-01
  2.42452472e-02  6.75278828e-02  1.96535140e-02  3.94280180e-02
 -2.25530639e-02  2.10961001e-03 -6.05371874e-03 -3.59622128e-02
  2.62637977e-02  3.20863239e-02 -1.18949832e-02  3.99892628e-02
 -6.41412884e-02 -6.98012784e-02 -3.52732539e-02  4.31309715e-02
 -3.29684019e-02 -2.69767679e-02  2.72269771e-02 -3.36586796e-02
  4.69015278e-02 -8.20112135e-03  1.95898898e-02  7.96660855e-02
 -4.40369099e-02 -1.12574501e-02  2.78351475e-02 -2.08871011e-02
 -2.47645564e-03  1.19746260e-01 -8.85045826e-02 -6.23273291e-03
 -6.67986348e-02 -2.48830020e-02 -5.39500127e-03 -3.56305987e-02
  1.23583423e-02  1.49109615e-02  9.38035175e-02 -1.68984570e-02
 -1.64278820e-02 -1.15920706e-02  4.83865961e-02 -4.71237227e-02
  9.45759937e-03 -6.30451217e-02 -1.35737071e-02  1.21239003e-32
 -1.64116919e-02 -6.33636564e-02  1.46011896e-02  1.77236293e-02
  7.37890601e-02  5.22597507e-02 -2.37936005e-02 -1.19971093e-02
  2.91448999e-02  3.12626618e-03 -9.02470574e-02  3.17566432e-02
 -6.09280057e-02  3.15529853e-02  5.26230522e-02  1.05115637e-01
  4.71794121e-02 -6.10657819e-02 -6.06252216e-02  3.53509113e-02
  5.24500720e-02  3.33841555e-02 -7.88375083e-03 -5.58183528e-02
 -4.92035672e-02  8.68594125e-02 -6.73071593e-02 -7.40596130e-02
 -1.59405947e-01  5.09086624e-02  1.45213297e-02  1.28688727e-04
  1.87455099e-02 -1.16821956e-02 -4.47529368e-02 -4.97519262e-02
  5.62327467e-02 -1.40819103e-02 -2.39798725e-02 -2.58979704e-02
 -4.11339849e-02 -2.90542729e-02  3.70510221e-02  4.59444011e-03
  9.20734275e-03 -4.65171188e-02  1.26705959e-01  3.14718410e-02
  5.80923259e-02  6.42644316e-02 -3.88045870e-02  2.29852945e-02
  5.94129600e-03 -5.92883788e-02 -2.77683362e-02  5.89938574e-02
 -7.16868788e-02  6.07273541e-03 -8.36955309e-02  7.63750589e-03
  1.71632525e-02 -3.92119028e-02 -2.63527082e-03 -2.80182138e-02
 -1.04230652e-02  5.09400479e-03 -8.77582058e-02  1.69608872e-02
  1.74688295e-01  2.83269808e-02 -4.46555689e-02  9.84857325e-03
 -1.86076213e-03  1.82056036e-02  3.69986929e-02  6.52267709e-02
  6.53173774e-02 -3.74125838e-02 -2.12855451e-02 -6.34658011e-03
 -1.26910890e-02  3.33851501e-02 -1.78387798e-02 -6.81963712e-02
  6.40066341e-02  2.04113703e-02  1.11005209e-01  1.78616960e-02
  4.24040668e-02  9.92378518e-02  3.25178504e-02 -4.38044826e-03
  4.16743606e-02 -2.51413062e-02  2.87172068e-02 -1.39828829e-32
  3.16205993e-03  8.92019365e-03  1.70205522e-03 -6.20752797e-02
  4.05226499e-02 -4.91180792e-02 -1.99556965e-02 -7.92941824e-02
 -8.12987834e-02 -6.76875040e-02 -5.66976219e-02 -9.29591730e-02
  1.00418694e-01 -2.78371647e-02  5.31635918e-02  4.51501086e-02
 -6.95918277e-02 -2.83043887e-02 -4.56431955e-02 -3.37829292e-02
  1.37294782e-02  3.63694020e-02 -2.09143907e-02  3.07315905e-02
  1.05839381e-02 -4.69772220e-02  4.91377315e-04 -2.75480058e-02
 -7.02468306e-03  7.84100890e-02  1.62266772e-02 -2.20797639e-02
 -3.35217714e-02  5.63702323e-02  2.86943298e-02 -3.96543182e-02
 -2.03327183e-02  2.85353959e-02  5.74692078e-02  5.29927015e-02
  6.92704413e-03  5.11931852e-02  1.14446776e-02  3.09527107e-02
  6.19384926e-03 -3.19514051e-02 -3.50575969e-02 -2.04319414e-02
 -1.58005990e-02  1.03396038e-02  3.71513590e-02 -5.93613200e-02
 -4.79149595e-02 -7.59429410e-02 -2.12269789e-03 -1.04748696e-01
 -4.35699243e-03 -7.62937739e-02 -1.00523204e-01  7.48619363e-02
  6.68947697e-02 -1.65972747e-02 -8.80212113e-02  3.81061733e-02
  7.70116271e-03  1.82617735e-02  1.04305996e-02  4.84915636e-02
 -7.14330468e-03  5.86621203e-02  3.37995812e-02 -6.32102937e-02
 -6.64292723e-02 -5.95829003e-02  2.49053556e-02 -9.42258984e-02
 -3.27797234e-02  1.66400857e-02  2.28125080e-02  1.98493972e-02
 -9.38138142e-02 -4.22245860e-02 -4.61687110e-02 -1.44882826e-02
 -6.23359084e-02  4.50759986e-03 -4.31572534e-02  8.59950781e-02
 -6.92488952e-03  6.45403191e-03 -5.40369526e-02  2.33285408e-02
 -1.30129363e-02 -3.68450098e-02 -1.36816315e-02 -5.80366439e-08
 -1.81067139e-02 -3.23606804e-02  1.00760214e-01  4.60398048e-02
  1.00881234e-02  2.06165444e-02 -2.57128086e-02 -6.62466213e-02
  5.39925918e-02  3.52430269e-02 -9.54654533e-03  5.32165654e-02
  7.40726143e-02  2.75114849e-02  1.43782413e-02  5.63846016e-03
  9.88158733e-02  7.59366602e-02 -3.88980322e-02 -7.91238993e-02
  7.00070560e-02 -3.21058668e-02 -1.08413436e-01  3.17740589e-02
 -4.01902944e-02 -3.21668573e-03 -6.46372512e-02  2.21592803e-02
 -4.75303419e-02  4.33846042e-02  1.69269871e-02 -1.77678000e-02
 -6.45035505e-03 -6.59016371e-02 -2.20401548e-02 -2.67695147e-03
  3.22837308e-02 -2.69087143e-02  1.42796207e-02  6.26390800e-03
  9.46858823e-02 -6.39572144e-02  1.29901040e-02  2.08681710e-02
  3.82315591e-02  1.68747380e-02  4.37484942e-02  1.55059230e-02
 -4.56719808e-02  3.46004814e-02 -2.14228556e-02  5.26030920e-03
  2.79474892e-02  3.30091789e-02 -7.47624487e-02 -3.44320610e-02
  4.15055864e-02  4.90529723e-02  7.63740251e-03 -7.29534822e-03
  7.67655149e-02  9.31939185e-02 -1.19097335e-02 -6.24224171e-02]