[-1.28946006e-02  4.65244912e-02 -3.59574966e-02 -6.24805838e-02
 -5.66401370e-02  3.26039419e-02 -1.59368068e-02  4.45418321e-02
 -5.85378893e-03  5.92485853e-02  6.63817674e-03  2.40393151e-02
 -7.74252042e-03  5.59583157e-02 -8.05617403e-03 -4.48472165e-02
  1.21179946e-01 -7.00727031e-02 -3.94323748e-03  5.79742715e-02
  1.27305001e-01 -4.61458974e-02 -1.37885660e-01 -7.36550801e-03
 -8.73127058e-02 -4.79601696e-02 -8.13474208e-02 -1.23691959e-02
 -2.57797744e-02  1.98637974e-02 -2.45372485e-02  1.72062963e-02
  9.62633733e-03 -1.52183613e-02  4.88163307e-02 -3.42075340e-02
  1.01753436e-01 -3.87015566e-02 -2.67220475e-02  3.84583846e-02
 -3.52552235e-02 -6.20688163e-02 -8.39924738e-02 -1.42845334e-02
  6.43513873e-02 -2.34395005e-02  3.44077423e-02 -2.27001850e-02
 -5.98882176e-02  7.59715261e-03 -1.00147069e-01 -7.84069598e-02
  1.34972706e-02  2.51604430e-02 -5.46126962e-02 -1.24855548e-01
  1.57477967e-02  2.06206888e-02 -2.21214090e-02 -3.58555689e-02
  7.74716400e-03 -2.85937637e-02 -6.99987933e-02  3.19968797e-02
  1.10445872e-01  6.20140601e-03 -5.10453060e-02 -6.62005618e-02
 -2.99065579e-02 -6.53540133e-04 -2.20963974e-02 -4.62112240e-02
  3.10415477e-02  1.38721894e-02 -3.30457017e-02  6.52793944e-02
  3.46336700e-03  8.51978511e-02  8.26643035e-02 -1.78037688e-01
  1.97867844e-02  3.03193787e-03 -4.42096107e-02 -7.43047986e-03
 -1.81958415e-02 -2.58655548e-02 -3.00439950e-02  4.02749404e-02
  6.82998821e-02 -2.54117567e-02  8.27918351e-02  3.28299589e-02
 -2.34557781e-02  1.51993642e-02  2.86714211e-02 -3.35830227e-02
 -1.37569336e-02 -1.28793940e-02  7.37667009e-02 -2.56878976e-03
  4.61029261e-02  1.04635134e-02  1.06888998e-03  3.54665443e-02
  2.26431508e-02  3.32615376e-02  4.93406504e-03 -3.52219753e-02
  4.04034518e-02  3.75903659e-02 -2.69101206e-02  2.46394556e-02
 -8.55206326e-02 -8.08027908e-02 -7.59671479e-02  5.85407428e-02
 -5.44327050e-02 -3.98688158e-03 -1.99676808e-02 -9.20267194e-05
 -1.29541587e-02 -1.76130552e-02 -2.55669542e-02 -1.18675709e-01
  6.58380687e-02  5.57744503e-02  2.51326654e-02  8.62063182e-33
 -4.07179631e-03 -4.44358774e-02  2.42263544e-02 -2.60478482e-02
  4.80353348e-02 -2.13045552e-02 -1.10411262e-02  1.13360165e-02
  6.05984069e-02  2.65365262e-02 -1.31796136e-01  4.83358204e-02
 -6.70687249e-03 -5.73387817e-02  1.24275364e-01 -1.71360094e-02
  1.60120334e-02  4.04780135e-02 -2.28442438e-02 -3.78780789e-03
  2.58328225e-02 -5.16047440e-02 -1.26530016e-02 -2.71388385e-02
 -1.97953973e-02  8.45403969e-02 -1.36708263e-02 -1.83946043e-02
 -5.86738391e-03  4.85916361e-02  3.36191654e-02 -1.91986077e-02
  5.49060525e-03  2.97349021e-02 -4.13503163e-02  9.85574722e-03
 -1.72361303e-02  8.80980212e-03  3.33919451e-02 -1.29328435e-02
 -7.68970177e-02 -1.53207185e-03  8.12408328e-02 -4.07025637e-03
  6.12590555e-03 -7.39849359e-02  3.45998593e-02 -5.24131507e-02
  1.08033150e-01  8.79256874e-02 -4.51762192e-02  1.31506938e-02
 -4.83484603e-02  5.25948219e-03 -5.38443588e-03  6.84160041e-03
 -7.11470377e-04  5.64474165e-02 -2.95894369e-02 -3.71074677e-02
 -1.81541927e-02 -7.63389170e-02 -2.45196428e-02  1.40258837e-02
 -5.09822518e-02 -9.94279087e-02  8.04995522e-02 -6.62481505e-03
  6.60626143e-02 -1.35717653e-02 -8.37163851e-02 -1.09055107e-02
  3.29189748e-02  4.29503098e-02 -5.12231980e-03 -2.50672437e-02
  8.81393254e-02 -4.41728439e-03 -6.07065894e-02 -3.86713352e-03
 -5.08171357e-02  6.87561259e-02 -5.00535294e-02 -5.80290183e-02
  3.08765061e-02  7.83306435e-02  4.32126001e-02  4.46955934e-02
 -1.00242365e-02  3.33875194e-02 -3.41508426e-02  7.45626688e-02
 -3.91368754e-02  1.10368460e-01  5.72767928e-02 -1.07635404e-32
  1.03721479e-02 -5.54846600e-02 -1.74184386e-02  2.63941381e-02
 -2.71956846e-02  6.76868781e-02  5.93283251e-02 -4.07611066e-03
 -7.08566904e-02 -5.38093373e-02  1.06051359e-02 -3.92948240e-02
  8.35597590e-02  3.48314308e-02 -7.84249455e-02  3.40889767e-02
 -1.10149026e-01 -5.39688393e-02  1.00578563e-02  5.17349169e-02
  6.73881024e-02  1.07995957e-01 -3.23473290e-03  1.80529952e-02
  2.98461551e-03 -5.96625470e-02 -3.21384966e-02 -7.04163089e-02
 -8.25598091e-03 -2.23393962e-02  6.31265296e-03 -4.55573201e-02
 -5.38639463e-02  1.04258850e-01  1.94584746e-02 -3.38459611e-02
  9.90177318e-02 -8.29904601e-02 -5.85831748e-03  1.23144671e-01
  7.11693913e-02  3.51660885e-02  9.62691568e-03  1.66401286e-02
 -2.98291203e-02  5.40240668e-03 -4.90573309e-02 -1.18128099e-01
  2.69583426e-02 -1.41250184e-02  7.79066756e-02 -3.49857956e-02
 -3.24916877e-02  4.07808609e-02  4.15031388e-02 -4.26544026e-02
 -4.69608195e-02 -6.37942925e-02 -1.51457310e-01  3.35570052e-02
  6.71025440e-02  1.53667899e-02 -5.65855540e-02 -2.80605555e-02
  1.09204963e-01  7.43075609e-02 -1.37291653e-02  2.49856263e-02
 -7.53799221e-03 -2.27288511e-02 -1.76386349e-02 -6.25742450e-02
 -9.29894894e-02 -4.33809496e-02  1.51527729e-02 -1.93947814e-02
  9.57125239e-03 -6.72451556e-02 -8.35257471e-02 -1.23378914e-02
 -2.20056791e-02  2.80128922e-02 -8.85801762e-03 -4.93475981e-03
 -9.02171060e-03  2.85219308e-02  1.98196601e-02 -3.92846540e-02
 -4.78711613e-02  6.49428591e-02 -9.85318869e-02  1.42118130e-02
  6.76086918e-02  2.93543767e-02 -5.20034991e-02 -6.15427922e-08
 -3.01314890e-02 -1.44370487e-02  1.97779313e-02  1.48313493e-02
 -6.09049797e-02 -5.04371971e-02 -5.49592339e-02  1.52084241e-02
  6.22048415e-03  5.04171960e-02  8.67638811e-02 -8.41838270e-02
 -6.39549792e-02  3.20621743e-03  1.77494530e-02 -2.03769486e-02
 -3.72878611e-02  2.53291689e-02 -1.51682151e-02 -4.18649949e-02
  6.73317686e-02  1.61067806e-02 -5.77675598e-03 -3.19438986e-02
  5.87400943e-02  2.91405134e-02 -7.20963161e-03  2.37231236e-02
 -1.63749943e-03  3.39645557e-02 -4.43091542e-02 -1.27609307e-02
 -2.72945454e-03 -2.76360866e-02 -8.61208141e-02  2.17152815e-02
 -2.46679951e-02  8.77895951e-02  2.50121802e-02  1.32051925e-03
  6.80705011e-02 -3.89166325e-02 -7.55841509e-02 -7.63586164e-03
  6.06907196e-02  3.32892127e-02 -9.42418277e-02  2.32873280e-02
 -2.52673291e-02 -7.23791867e-02 -6.98856190e-02 -3.42604220e-02
  1.03091158e-01  7.40364939e-02 -6.55994099e-03  2.42398623e-02
  6.85311928e-02 -1.47339460e-02  1.40813394e-02  2.46161167e-02
  7.61088505e-02  5.54959625e-02 -3.02642351e-03 -3.19674499e-02]