[-8.31894111e-03  7.58912321e-03 -3.07802856e-02 -1.24115422e-02
 -4.47289571e-02 -1.97879132e-02  6.08344376e-02  1.03486069e-01
 -4.40841317e-02  5.41308708e-02  1.03413448e-01  2.14860421e-02
  2.12244540e-02 -1.37816730e-03  2.32069213e-02 -2.52187159e-02
  2.81773992e-02  2.09274497e-02 -6.25797808e-02  1.52430944e-02
  9.55647007e-02 -4.26652394e-02 -4.89689521e-02  1.93747394e-02
 -1.47085637e-01 -2.85876486e-02  6.28379313e-03 -3.73472838e-04
 -5.40401936e-02 -6.37499988e-02 -4.45210561e-02  3.18674818e-02
  7.38467053e-02 -5.38585372e-02 -5.98673895e-02  2.80934833e-02
 -1.47990149e-03 -1.79721341e-02 -7.90391341e-02  6.73518032e-02
 -5.64487167e-02 -2.29651742e-02 -8.51476118e-02 -6.15324862e-02
  7.15772063e-02 -5.23279123e-02  1.87226310e-02 -2.64077522e-02
 -6.41025277e-03 -7.79850595e-03 -8.21162090e-02  2.43973043e-02
 -5.65893464e-02  1.12330317e-02  2.04172619e-02 -5.63848466e-02
 -2.83730440e-02 -1.47824017e-02 -4.19175066e-02 -1.10423686e-02
 -6.83759525e-03  2.17119399e-02 -1.27564156e-02 -2.66041532e-02
 -3.83394375e-03  2.67594382e-02 -5.58637548e-03 -8.91710967e-02
 -2.49708388e-02  6.01884760e-02  5.83695620e-03 -8.14272165e-02
  3.06508038e-02  1.40825678e-02 -9.22827199e-02  4.34682146e-02
  4.26256098e-02 -4.38376181e-02 -1.00387456e-02 -6.92562386e-02
  4.49394947e-03  4.12040688e-02 -5.32455258e-02 -5.55152632e-02
  5.45567460e-03  1.37899574e-02 -7.33471736e-02  4.77502979e-02
  4.13605198e-02  3.40408459e-02  1.03370048e-01  8.05612281e-02
 -1.27126917e-01 -1.32907063e-01 -2.81308545e-04 -3.30689214e-02
  1.32765097e-04  4.75883344e-03  2.22502975e-03 -5.45403212e-02
  3.23483013e-02 -1.69072263e-02 -5.31608984e-02 -5.37089445e-02
 -5.34121059e-02 -4.18556388e-03 -3.29037546e-03 -4.93091419e-02
  2.91801170e-02  1.09865144e-01 -1.04389071e-01 -3.16633880e-02
 -7.42215067e-02 -8.60805735e-02 -6.07490242e-02  4.88807112e-02
 -3.72007559e-03 -9.58714783e-02 -2.29893718e-02  2.12357268e-02
 -1.52623048e-02 -2.97909547e-02  1.07567072e-01 -3.23066898e-02
  8.26471951e-03 -6.22124448e-02  8.73971656e-02  1.26276717e-32
 -4.97213118e-02 -6.38107071e-03 -4.06714566e-02  4.73045297e-02
 -1.16263479e-02  6.81694597e-02 -8.52905493e-03  2.42587030e-02
  7.79700801e-02 -6.75856462e-03 -7.02143908e-02  5.10052554e-02
 -3.15977670e-02 -2.86180153e-02  8.36622417e-02 -5.86032122e-02
  2.34918389e-02  1.30563537e-02 -1.32203866e-02  5.64888259e-03
 -1.40939616e-02 -7.24999383e-02  5.85434074e-03 -2.15799678e-02
  4.45076562e-02  5.15568070e-02 -8.63649882e-03 -5.77056548e-03
 -2.55818330e-02  3.51099782e-02  8.05942342e-02 -9.77194682e-03
 -1.32786101e-02 -3.50032933e-02 -9.82738063e-02  8.40151962e-03
  1.72029492e-02  5.14637791e-02 -2.43894514e-02 -8.84955823e-02
 -4.26811352e-02  3.35629247e-02  1.11265346e-01  7.19707385e-02
  6.12528361e-02 -6.18626960e-02  8.04832764e-03  1.01209208e-02
  1.05305545e-01  3.51679549e-02 -1.45434616e-02  1.12848179e-02
  6.74815699e-02 -5.67726232e-02  4.64875698e-02  7.92219117e-03
 -5.89125752e-02  2.55549885e-02 -3.56347337e-02  8.33400115e-02
 -4.27390682e-03 -2.38641147e-02 -2.83643659e-02 -5.32292165e-02
 -3.48478220e-02  4.88126054e-02 -1.03252484e-02 -9.45847854e-03
  1.03732198e-01 -4.62666266e-02 -3.82541679e-02 -1.69013266e-03
 -2.62175361e-03  9.78768393e-02 -4.73456755e-02  9.95234773e-03
  6.30247295e-02  3.94706838e-02 -4.04382646e-02  1.08225737e-02
 -2.02193595e-02 -8.22163653e-03  3.10089067e-02  4.90968600e-02
  4.52591367e-02  2.73144320e-02  3.27209905e-02  1.04904346e-01
 -2.60284301e-02  3.55065614e-02  8.43923464e-02  1.00467347e-01
 -3.57801877e-02  3.59887555e-02  1.24276422e-01 -1.43345747e-32
  6.23666914e-03  2.18680073e-02 -7.20879957e-02 -2.84194760e-02
 -1.13780191e-02 -2.02324381e-03 -4.37163981e-03 -2.56898478e-02
  6.26656646e-03 -1.38480008e-01 -6.38311356e-02 -6.79158419e-02
  1.13034576e-01 -4.90500182e-02 -4.86059934e-02  1.21868262e-02
 -1.12170637e-01 -5.43291867e-03  1.06454687e-02  1.04231331e-02
 -1.22131240e-02  1.00218512e-01  5.94469579e-03 -4.36180793e-02
  2.58460362e-02  2.65122000e-02 -4.96456549e-02 -2.04744358e-02
 -5.21959402e-02  8.35948903e-03  7.20886663e-02 -2.75222734e-02
  2.25730846e-03  9.13743675e-02 -1.50833409e-02 -5.53940758e-02
  4.31009755e-02  1.77151822e-02 -4.28891480e-02  9.97702256e-02
  7.22271502e-02  6.95822909e-02  5.38163856e-02 -2.63132453e-02
 -7.81203359e-02  4.81386716e-03 -1.09543800e-02 -1.24234647e-01
  2.87823509e-02 -8.11739713e-02  1.05225608e-01 -8.25779662e-02
 -2.71561127e-02 -3.65423188e-02  4.06629220e-02  6.27206564e-02
 -1.68851372e-02 -2.77773123e-02 -8.68043154e-02 -5.81797445e-03
  5.94900027e-02  1.21756280e-02  1.69195272e-02 -6.61877915e-02
  4.22394685e-02  3.81502397e-02  5.83914593e-02  6.22198498e-03
  1.51706673e-02 -6.70355558e-03 -3.22168693e-02 -5.86133450e-02
  1.27886496e-02 -4.87367128e-04  2.44584531e-02 -2.26931069e-02
 -2.19159890e-02  4.01968546e-02 -3.07097919e-02  3.53160314e-02
 -9.89352018e-02  1.25705460e-02 -2.72685457e-02 -2.54275613e-02
 -9.89068449e-02 -3.47386338e-02 -2.50888313e-03 -2.70329621e-02
 -2.05909200e-02  3.13334204e-02 -1.11156426e-01  2.41034701e-02
  5.36560491e-02  4.25692089e-02 -2.76911762e-02 -6.52493526e-08
 -1.17602507e-02 -4.65567075e-02  7.31829926e-02 -9.62222181e-03
 -6.54339232e-03 -6.94791367e-03 -2.62700357e-02  5.16965054e-03
  1.75766442e-02 -6.16349373e-03 -1.14435731e-02  6.65749013e-02
 -1.41174281e-02  3.65884006e-02 -1.72023494e-02 -9.19121802e-02
  4.63232584e-02  9.99993309e-02 -2.69366559e-02 -7.95577243e-02
  3.54100093e-02 -5.49146309e-02 -7.87253603e-02 -8.29465396e-04
  7.81087652e-02 -1.45819755e-02 -2.99082827e-02 -2.22574063e-02
 -2.22323146e-02  5.37361801e-02 -1.98696423e-02 -7.82762766e-02
  7.62274340e-02 -9.85809881e-03 -6.37165755e-02 -3.76324765e-02
 -3.13436240e-02 -2.12430465e-03 -7.26836100e-02  3.76272760e-02
  9.15121511e-02 -6.83603063e-02 -3.73981260e-02 -1.18511664e-02
  4.29452024e-02  8.12538376e-04 -9.82765201e-03  4.70344238e-02
  1.94660667e-03  1.09863067e-02 -2.31659729e-02  9.60448664e-03
  5.26798368e-02 -3.69423926e-02 -3.76858152e-02 -1.48724364e-02
  7.83345997e-02 -1.69130191e-02  6.60895333e-02 -4.08729538e-02
 -4.21209186e-02  9.49987024e-02 -9.57115367e-03 -1.15033872e-02]