[ 5.02389576e-03  2.77654529e-02 -8.00359920e-02 -8.76229405e-02
 -5.30927256e-02  6.88289255e-02 -5.90852974e-03  5.61909638e-02
 -1.08862622e-02  8.77644941e-02  4.40984331e-02 -5.66130457e-03
 -4.01709415e-02 -9.79304221e-03 -4.62703221e-02 -1.08147627e-02
  4.13496047e-02 -7.44107598e-03  1.54812830e-02  6.92304224e-02
  1.30664840e-01 -2.89123915e-02 -3.64709795e-02  4.95895324e-03
 -6.17701709e-02 -1.44602610e-02 -5.31402044e-02 -2.89814752e-02
 -1.58462822e-02 -3.12666744e-02  4.32523824e-02  8.44055936e-02
  3.09980325e-02  2.60339100e-02  5.19299880e-02  8.89896508e-03
  7.84893632e-02 -4.56948914e-02 -4.06243978e-03  9.47562978e-03
 -1.98573489e-02 -5.42221032e-02 -9.04384181e-02 -5.63207492e-02
  1.54201994e-02 -4.38403860e-02  3.91173251e-02  3.72933261e-02
 -1.00191504e-01  2.24627834e-02 -7.67046809e-02 -2.49272436e-02
  2.78080292e-02  2.92298123e-02 -5.29348664e-02 -4.24595512e-02
 -4.37616836e-03  3.31335180e-02 -4.59647067e-02  9.03337356e-03
 -4.51217853e-02  1.99389551e-02 -5.64205162e-02  1.49475420e-02
  4.06842120e-02 -1.15149645e-02  2.84945797e-02 -8.42636160e-04
 -3.58290300e-02  1.90228894e-02  5.09806164e-02 -6.62074387e-02
 -3.13049648e-03 -4.62953337e-02 -2.48260014e-02  2.49469578e-02
 -6.12062700e-02  6.35352582e-02  6.73593506e-02 -1.56262860e-01
  2.57031471e-02  6.20928174e-03 -7.40685826e-03 -8.08096584e-03
 -7.02773109e-02 -5.35215437e-02 -8.91233888e-03  2.88697593e-02
  2.86299158e-02  1.33299893e-02  4.03536968e-02  4.14887108e-02
  8.53295103e-02 -2.74615083e-02 -1.00309812e-02  5.42601384e-03
  1.27787609e-02 -2.05948967e-02  1.53884366e-01 -7.27874041e-03
  8.48900080e-02  6.70611635e-02 -1.17662027e-02 -1.85593870e-02
 -6.52001202e-02  1.35123765e-03 -2.20285403e-03 -6.13108687e-02
  3.62610742e-02  5.62542267e-02 -5.06760478e-02  1.95268150e-02
 -1.43048868e-01 -6.83783069e-02 -5.55830598e-02  1.38701918e-02
 -8.66818205e-02 -2.89454609e-02  1.63941309e-02 -1.05357114e-02
 -3.27988639e-02 -5.01513248e-04 -4.42990586e-02 -3.95159423e-02
  6.48535937e-02  1.03443740e-02 -3.22993509e-02  7.83495123e-33
 -4.07506339e-03 -3.56851108e-02 -2.24960390e-02 -3.53481360e-02
 -4.77585383e-02  3.67477834e-02  2.09365562e-02  2.02111974e-02
 -2.35471893e-02  3.68702374e-02 -1.05089419e-01  6.71576113e-02
 -4.67760786e-02  1.79704893e-02  1.34171307e-01  8.67480040e-03
 -8.91851410e-02  7.23172128e-02  2.82824747e-02  1.52321206e-02
  3.04232966e-02 -2.47897562e-02  1.43719530e-02  2.69603729e-03
  6.67756796e-02  1.05622999e-01 -7.74933323e-02 -3.56925987e-02
 -1.74075048e-02  4.01045494e-02  6.40571788e-02 -1.19216051e-02
  5.57000749e-02  1.49299775e-03 -5.49410470e-02 -1.83934122e-02
 -3.66445296e-02  1.90473981e-02 -1.53266275e-02 -1.47285382e-03
 -4.32238765e-02 -1.38364946e-02  8.82269368e-02  9.96007863e-03
 -1.29607730e-02 -1.41544640e-02  3.40543427e-02 -4.30054441e-02
  1.19835071e-01  9.02351364e-02 -3.30976956e-02 -5.64015210e-02
 -3.02271619e-02 -3.75685468e-02  2.22486351e-02 -4.39527966e-02
 -1.06312074e-01  2.50589401e-02 -3.05494722e-02 -1.00896023e-01
 -2.55832784e-02 -3.51764783e-02 -2.48679873e-02 -1.40613271e-02
 -6.85033575e-02 -9.61968768e-03  2.23384034e-02  2.84749977e-02
  1.08772472e-01 -3.32921967e-02 -1.04258843e-01 -1.78381968e-02
  1.51285175e-02  5.10093570e-02  1.43270018e-02  1.06022554e-02
  1.48909343e-02  1.51166003e-02 -5.66921197e-02  2.87890974e-02
 -5.11162914e-02 -1.59031413e-02 -1.64068937e-02  1.29344054e-02
  2.97950935e-02  7.70182386e-02  4.82470617e-02 -3.48555768e-04
  4.00951095e-02  1.72633510e-02  1.88979413e-02  2.68011801e-02
 -5.86946495e-02  5.13371937e-02  6.72749057e-02 -1.22757492e-32
 -1.39307184e-02 -8.97193607e-03 -6.19798638e-02 -1.33789210e-02
  3.84927690e-02  3.17442119e-02  1.90039980e-03 -2.06650775e-02
 -4.55777086e-02 -8.43834653e-02 -8.02181959e-02 -8.62777084e-02
  9.06126425e-02  2.41585970e-02 -1.02025688e-01  2.23559216e-02
 -5.67577742e-02 -6.58218041e-02 -2.46837158e-02  4.02079010e-03
  4.08199616e-02  7.42517188e-02  7.62806013e-02  2.00499501e-02
  2.86355391e-02 -7.69001842e-02  3.80534842e-03 -9.31314230e-02
  1.20750871e-02  3.31673957e-02  6.13683611e-02 -5.18610887e-02
 -5.34804948e-02  1.00062259e-01 -1.79216024e-02 -6.59958944e-02
  9.40421969e-02 -5.73220775e-02 -4.37287427e-02  8.69399235e-02
  5.22903800e-02  9.29267034e-02 -1.93935994e-03 -1.69290900e-02
 -6.76064119e-02  3.32416734e-03 -1.77531485e-02 -1.03306927e-01
  1.05752619e-02 -1.33733183e-01  6.86163083e-02  1.23978860e-03
 -1.38116945e-02 -3.42004895e-02  2.99280733e-02  5.10860980e-03
 -8.36766139e-03 -6.60979152e-02 -1.05476476e-01 -5.87001676e-03
  4.05984037e-02  7.14696050e-02 -7.39778280e-02  3.46729532e-03
  9.50167254e-02 -2.86447015e-02 -6.51927143e-02 -5.24088517e-02
 -5.75560145e-02  2.99993921e-02  1.72946397e-02 -8.19073170e-02
 -5.61878942e-02 -5.31804457e-04  2.00704485e-02  3.45469415e-02
 -5.97986840e-02 -3.24803144e-02 -4.85122800e-02 -1.69334598e-02
  1.13605044e-03  2.96357125e-02  9.49909911e-03 -6.07282370e-02
  7.65725896e-02  1.38309263e-02 -3.21990438e-02 -2.44414696e-05
 -5.19933514e-02  8.72523487e-02 -7.64193237e-02  2.15388536e-02
  8.59835884e-04  6.59099147e-02 -4.20756564e-02 -6.20168024e-08
 -5.18663507e-03 -1.03674885e-02 -3.82239074e-02  2.77561434e-02
 -2.80170105e-02 -6.42508119e-02  3.46452696e-04  5.87429926e-02
 -3.94537114e-02  1.71345323e-02  1.28031909e-01 -3.66220511e-02
 -1.17627256e-01 -1.30455382e-02  2.99637299e-02 -3.55556235e-02
  1.43815787e-03  3.14426459e-02 -4.44636270e-02 -1.77159347e-02
  4.18742262e-02 -9.03791562e-03 -1.21590033e-01 -3.83427180e-02
  6.87140971e-02 -1.15793839e-03  2.82999082e-03  9.71982349e-03
  1.65659701e-03  1.84058435e-02 -1.44304074e-02  4.15251702e-02
 -1.12971189e-02 -5.29359840e-02 -1.06699979e-02 -4.13894560e-03
  4.27305922e-02  3.76571417e-02 -2.70688161e-02 -2.33893823e-02
  4.76667732e-02 -2.73368359e-02 -7.52317235e-02 -1.48581136e-02
  1.16029054e-01 -2.18067262e-02 -7.21597150e-02 -3.87536851e-03
  5.40248230e-02 -3.92033048e-02 -7.34658688e-02 -6.21098168e-02
  7.39908665e-02  1.93966255e-02  3.79415303e-02 -3.46534401e-02
  5.04262261e-02  1.46032004e-02 -1.79145467e-02 -7.35360458e-02
  9.47067067e-02  4.80398983e-02  5.97938299e-02 -3.27314921e-02]