[-1.56769261e-03  6.19419152e-03 -3.79935130e-02 -2.25244295e-02
 -9.41605028e-03  3.51764262e-02  3.73007096e-02  1.03513695e-01
 -2.05149073e-02  7.08162785e-02  5.91793470e-02 -3.64726484e-02
  1.89425219e-02  3.78990658e-02 -6.52897283e-02 -4.52073514e-02
  5.18770143e-03 -3.91057506e-02 -3.51036824e-02  2.25648358e-02
  8.66410807e-02 -4.62073572e-02 -5.00962175e-02 -1.05054518e-02
 -3.94169949e-02 -3.07802092e-02 -5.67579567e-02 -2.70520244e-02
 -4.43688445e-02 -1.20619321e-02 -2.40699351e-02  5.46697825e-02
  8.10398236e-02  2.41537131e-02  4.83290181e-02  3.31352167e-02
  7.64988288e-02  2.80387234e-02 -8.09276924e-02  7.33142812e-03
 -9.15667638e-02 -5.83825819e-03 -4.65501249e-02 -1.99842658e-02
  1.81273632e-02 -2.48889439e-02  2.49044541e-02 -7.88584501e-02
 -8.93287882e-02 -6.36332389e-03 -9.79600698e-02 -4.94537279e-02
  1.89255681e-02  3.13783325e-02 -5.01476973e-02 -5.11620007e-02
  7.47872964e-02  4.00073826e-03 -1.85901374e-02  5.53324493e-03
  2.11540591e-02 -4.07835655e-02 -5.63558340e-02 -1.15717044e-02
  7.65057281e-02  1.33768907e-02 -6.60777912e-02 -7.89668262e-02
 -1.34134637e-02 -3.01992092e-02 -2.23233234e-02 -7.92198256e-02
 -1.65923592e-02  8.77890736e-02  8.25586356e-03  1.74505729e-02
 -9.56093334e-03  6.98825493e-02  5.30758686e-02 -1.25584275e-01
  9.82911233e-03  6.89911544e-02 -4.58097346e-02 -9.80723929e-03
 -1.34919966e-02 -2.23562215e-02 -2.81589422e-02  4.01962688e-03
  5.24499789e-02  7.36714946e-03  7.42497295e-02  1.06645860e-01
 -9.32214037e-02  2.62643974e-02  1.26153193e-02 -7.24400282e-02
  2.01828256e-02 -4.99360897e-02  6.33596480e-02 -3.50496471e-02
  2.16031969e-02 -2.60364786e-02  1.71145760e-02  2.99112238e-02
 -4.19863313e-02 -4.47282102e-03  3.50455046e-02 -5.49057759e-02
  9.02004633e-03  5.08297682e-02 -1.77512858e-02 -3.18565872e-04
 -1.38681084e-01 -1.01796351e-01 -6.34283796e-02  3.21320817e-02
 -8.47862363e-02  2.68698186e-02  4.36063930e-02 -1.21434713e-02
 -1.65044870e-02 -2.49267686e-02  6.11835800e-04 -1.42398044e-01
  3.57200876e-02 -3.47069614e-02  1.29940081e-02  1.15896910e-32
 -2.79948208e-03  8.85467324e-03 -7.33900070e-02  5.89549206e-02
  6.31638765e-02  5.32506108e-02  1.52927022e-02  4.56893854e-02
  1.07406631e-01 -7.14038610e-02 -4.04203869e-02  6.73160106e-02
 -1.53723573e-02 -5.86936250e-02  1.08787619e-01 -3.40668596e-02
  3.15781385e-02  6.68619722e-02 -7.65670314e-02  3.96988019e-02
  8.31513293e-03 -4.57100533e-02 -2.90696509e-02 -4.32210155e-02
  3.78373377e-02  3.54804322e-02  1.48262857e-02  2.36430168e-02
  3.51950154e-02  2.14655343e-02  3.14038992e-02 -4.10892107e-02
 -1.34708127e-02 -3.67324799e-02  8.09641741e-03  4.26635757e-04
  4.65938720e-05 -6.90597063e-03  6.79674223e-02 -1.67840738e-02
 -5.94373569e-02  2.24597268e-02  1.62601992e-01 -1.36519670e-02
  5.77666052e-02 -1.26466192e-02  9.45669934e-02 -7.50633888e-03
  8.54399204e-02  3.88456769e-02 -1.75605807e-02 -1.35478303e-02
 -4.98346693e-04 -3.93437929e-02 -1.90761115e-03  1.48696136e-02
  4.95793335e-02  1.51886083e-02 -7.50494795e-03 -3.14128250e-02
 -4.11537662e-02 -5.21144457e-02 -4.38409299e-02  1.58708002e-02
  3.47598013e-03 -1.14648938e-01  3.76652554e-02  2.17159949e-02
  1.26172945e-01 -5.08640194e-03 -9.85706747e-02  5.78356162e-03
  2.50854716e-02  3.26486304e-02 -8.25421587e-02  2.45311335e-02
 -1.24914674e-02  3.30755413e-02 -8.05938914e-02 -4.00858372e-02
 -9.27157030e-02  7.48400390e-02 -2.53563523e-02 -5.16104661e-02
  2.63822507e-02  5.91088608e-02  2.46314034e-02  3.81690152e-02
  4.95910421e-02  6.82631508e-02  2.57884059e-02  5.77618852e-02
 -3.45742218e-02  1.07835755e-01 -6.66405587e-03 -1.22548379e-32
 -1.53762405e-03 -3.19187231e-02  1.17279058e-02  3.80789824e-02
  8.71596951e-03  5.24038151e-02 -1.72546785e-02  1.52195459e-02
 -2.55119763e-02 -9.80485231e-02 -7.13189831e-03 -9.09657851e-02
  5.50665408e-02  4.37706662e-03 -4.57225554e-02  6.12661280e-02
 -9.85673070e-02 -3.86886746e-02  2.20134389e-02  1.43581349e-02
  6.76951408e-02  4.61619757e-02 -3.49519141e-02  5.03912531e-02
 -3.30475718e-02 -3.73119004e-02 -7.16980845e-02 -5.92610985e-02
 -3.43670249e-02  2.58326475e-02  2.94517856e-02 -5.59526160e-02
 -8.05225894e-02  1.49651587e-01 -4.69088415e-03 -6.89900890e-02
  5.78259118e-02 -6.92349151e-02 -1.39582120e-02  1.82403579e-01
  1.00196049e-01  3.61397192e-02 -5.03862230e-03 -2.58224681e-02
 -3.80012207e-02 -2.17408910e-02 -1.32587282e-02 -1.16530001e-01
  1.02637224e-02 -2.10267045e-02  6.04902953e-02 -3.85644734e-02
 -8.77439696e-03 -5.06864041e-02 -1.93592384e-02 -4.83764000e-02
  4.54898402e-02 -4.05965112e-02 -6.94253892e-02  1.28220418e-03
  9.10916105e-02 -3.42576043e-03  3.54327564e-03 -1.62148313e-03
  1.85423549e-02  9.20902044e-02  1.80873200e-02  9.14126039e-02
 -3.97392437e-02 -1.37807345e-02 -2.13329773e-03 -4.09879237e-02
 -3.80777754e-02 -1.12902790e-01 -3.84036414e-02 -3.94464768e-02
 -2.79428549e-02 -1.79232415e-02 -7.59947449e-02  3.14096212e-02
 -3.24743129e-02  1.04538379e-02 -3.47183160e-02 -2.10180264e-02
 -3.95877026e-02  4.70743924e-02  3.71837169e-02 -3.23050618e-02
 -6.83270991e-02 -1.35881817e-02 -1.04942478e-01  4.71815057e-02
  4.36296798e-02  1.85796674e-02 -2.19195671e-02 -6.46602487e-08
 -1.57545228e-02 -6.19644625e-03  1.74058639e-02 -2.85281539e-02
  2.23817769e-02 -5.41857332e-02 -6.77549019e-02  5.24363965e-02
  3.59733216e-02  6.24589249e-02 -3.59807885e-03 -1.40685856e-01
 -6.29676431e-02 -1.81167647e-02  8.30892175e-02 -1.58811156e-02
  3.77731887e-03  1.37162311e-02 -1.73467975e-02 -1.44076375e-02
  1.16591357e-01  6.75633084e-03 -3.51962075e-02  4.03838530e-02
  2.13908125e-02  1.68489218e-02 -3.43422382e-03  5.50955944e-02
 -3.68460529e-02  7.43613243e-02 -3.49686556e-02 -7.56069738e-03
  5.82612269e-02 -1.46190897e-02 -3.51351760e-02 -5.19716647e-03
  4.90717366e-02  4.10028137e-02  1.97541844e-02  4.65086177e-02
  5.23269251e-02 -1.81966852e-02 -4.97676618e-02  2.49242224e-02
  4.73322067e-03 -4.67043743e-02 -5.87586202e-02 -7.56502151e-03
 -4.49956767e-03 -7.53285959e-02 -6.68030456e-02 -1.86892226e-02
  6.47806376e-02  4.01808098e-02 -7.64159858e-02  1.95973217e-02
  5.06309187e-03  2.21938286e-02 -3.91259156e-02  3.04702967e-02
  3.76671962e-02  3.42052989e-02 -1.37506053e-03  2.18767989e-02]