[-4.34371680e-02  3.19169089e-02 -7.53810331e-02 -7.49677122e-02
 -5.79432920e-02 -7.84262456e-03  4.17447239e-02  8.98076519e-02
  6.88673109e-02  6.05641678e-02  1.24949090e-01  1.07178744e-02
  4.65614256e-03  1.14541566e-02  1.89279281e-02 -5.95071800e-02
  5.66438120e-03  5.40028848e-02 -4.07806486e-02  5.87028489e-02
  1.67363718e-01 -4.08204123e-02 -5.61533943e-02  1.95262872e-03
 -6.05912171e-02 -2.52864156e-02 -2.63642576e-02 -3.72565836e-02
 -2.31709480e-02 -4.40661125e-02 -2.87662055e-02  5.35794385e-02
  2.54818723e-02 -2.56067272e-02 -9.39197838e-03  5.50219789e-02
  2.87127066e-02 -1.39305731e-02 -3.93904820e-02  3.61137725e-02
 -6.72796816e-02 -6.80509955e-02 -1.12930089e-01 -1.39491884e-02
 -3.44070978e-02 -2.82978304e-02  2.54876949e-02  9.06632282e-03
 -8.83345380e-02 -3.45981941e-02 -7.19079748e-02  2.16743685e-02
 -3.39342989e-02  7.38729537e-02  1.48350513e-02 -5.76096475e-02
  2.04963759e-02 -6.05090382e-03 -2.17615683e-02 -1.86858457e-02
 -5.96705489e-02  8.14734325e-02 -2.23689545e-02 -1.21659022e-02
  7.28679150e-02  1.79358032e-02 -2.41734218e-02 -4.11189348e-02
 -7.10224034e-03  2.32573748e-02  5.25108054e-02 -5.80715649e-02
 -3.82170416e-02  1.42571479e-02 -3.93173657e-02  1.15739759e-02
 -6.04349002e-03  8.81067440e-02 -4.91264611e-02 -1.04493208e-01
  4.40278351e-02  2.05126107e-02 -2.13329662e-02 -9.61254723e-03
 -1.40157901e-02 -2.43461778e-04 -5.45683578e-02  1.54488478e-02
  6.94580004e-02  8.68249312e-03  1.94139779e-02  6.55309260e-02
 -4.00204696e-02 -1.04746155e-01 -1.76739693e-02 -4.23758328e-02
 -1.02896225e-02  1.13341836e-02  9.46804360e-02 -7.32572936e-03
  5.99906743e-02  2.60782093e-02  2.59101130e-02  1.16619805e-03
 -4.49813204e-03 -2.13940646e-02 -9.63201094e-03 -9.29415375e-02
 -4.05655504e-04  8.82171839e-02 -8.65973979e-02 -2.74154916e-02
 -8.81772116e-02  9.72813647e-03 -2.37714183e-02 -3.63842212e-02
 -1.22361138e-01 -3.52510028e-02  2.58979239e-02 -2.49572825e-02
  6.54516444e-02 -4.16941084e-02  5.93545139e-02 -4.11986001e-02
  4.24339995e-02 -2.08559968e-02  4.29327339e-02  9.25238510e-33
 -4.56348099e-02 -2.17954279e-03 -1.86817162e-02  1.49893764e-04
 -1.02585666e-02  3.57692107e-03 -3.00952215e-02  3.80146690e-02
  7.07515776e-02 -6.07137801e-03 -9.48480964e-02  4.02715355e-02
 -2.86648367e-02  4.84432690e-02  5.61017543e-02 -7.12732552e-03
  2.75848228e-02  2.58044563e-02  8.14787894e-02  3.81188318e-02
  2.78512593e-02  3.69890891e-02  3.43995653e-02 -3.03611159e-02
  1.46288588e-03  2.85544805e-02 -9.04168710e-02 -5.37165031e-02
 -1.85967628e-02  2.91427281e-02  5.91557585e-02 -1.56425196e-03
  2.74590701e-02 -3.93459899e-03 -6.69860020e-02 -3.28007303e-02
  8.53001373e-04 -4.95879911e-03  4.58160322e-03 -5.16036227e-02
 -2.78330501e-02 -9.97569226e-03  5.39251529e-02  6.61403239e-02
  5.13095260e-02 -2.42254119e-02  4.93695512e-02 -4.44397032e-02
  3.96741554e-02  4.89274934e-02 -3.06814220e-02 -2.74269171e-02
  3.31806093e-02 -1.18511312e-01 -6.25288952e-03 -2.77242530e-02
 -5.50478511e-02  5.33670783e-02 -7.40407184e-02 -1.33604687e-02
 -2.38657854e-02  1.52290808e-02  6.55482931e-04 -3.35123837e-02
  1.74746681e-02 -8.68252069e-02 -3.26698050e-02 -1.30997254e-02
  1.30823046e-01 -2.34724451e-02 -6.58605918e-02  1.44159067e-02
 -4.63410355e-02 -3.48451693e-04  4.81146611e-02 -3.49231362e-02
  8.18291754e-02  1.81390066e-02 -4.54087108e-02 -1.63228065e-02
 -3.05107702e-02 -1.99942552e-02 -4.79809791e-02 -2.37901248e-02
  9.81086940e-02  7.31504112e-02  1.80170108e-02  2.61021871e-02
 -6.36381656e-03  4.48977724e-02  2.94652712e-02  6.66583404e-02
 -6.51924461e-02  4.95507419e-02  9.80489925e-02 -1.18137432e-32
  6.34638220e-03  3.69146932e-03 -5.26832193e-02  7.74789080e-02
 -3.49715278e-02 -8.90154950e-03 -1.46255838e-02 -1.68777350e-02
 -3.69166397e-02 -8.70042965e-02 -7.63073638e-02 -1.11216888e-01
  5.99447936e-02 -3.47419269e-02 -9.52611789e-02 -3.97769705e-04
 -5.84607981e-02 -3.94737497e-02 -3.34505029e-02 -5.80785833e-02
  7.82303233e-03  1.11232206e-01  2.36821938e-02 -2.71145813e-02
 -2.23632120e-02 -5.82695790e-02 -4.18331847e-02 -2.01002732e-02
 -6.11796081e-02  3.24572287e-02  4.38366756e-02 -1.13586076e-02
  4.21897369e-03  7.67314062e-02 -3.85923451e-03 -4.60403673e-02
  1.02920279e-01  5.26563488e-02  8.84469040e-03  1.13207437e-01
  5.44171743e-02  9.84189734e-02  3.27893831e-02 -7.49690682e-02
 -3.80104408e-02 -2.60909032e-02 -6.09678105e-02 -1.56152993e-01
  4.52832542e-02 -6.54600486e-02  1.61199495e-01 -2.67973002e-02
 -4.26935963e-02 -5.75461015e-02  3.57341282e-02  1.89354420e-02
  7.46418834e-02 -1.03798524e-01 -8.45281929e-02 -1.19929584e-02
  2.80271955e-02  1.46426829e-02 -1.63646769e-02 -5.17363623e-02
  7.98546374e-02 -2.10382510e-02  3.55490707e-02  1.43619375e-02
  1.66823007e-02 -1.94227602e-02 -9.72582959e-03 -6.00084737e-02
 -1.35257095e-02 -2.71487255e-02  4.13140878e-02 -6.20544292e-02
 -1.89305171e-02 -4.09195200e-03 -2.00802106e-02  3.51809263e-02
 -9.63084176e-02 -1.93905197e-02 -1.63746905e-03 -3.63874733e-02
 -6.57785684e-02 -5.99360233e-03  2.91095972e-02  1.04568619e-02
  5.19569451e-03  8.35737959e-03 -2.17080042e-02  7.77742937e-02
  5.32769673e-02  8.82830471e-02 -3.37223634e-02 -6.44650342e-08
  3.81259918e-02 -5.21964096e-02  6.54642135e-02  5.02798669e-02
  5.47421090e-02 -1.30802281e-02 -2.09535640e-02 -1.01102823e-02
 -1.02296509e-02  8.28961004e-03 -9.73425433e-02  3.49540003e-02
 -7.10717067e-02 -4.18863120e-03  4.84071560e-02 -4.74775918e-02
  1.04554348e-01 -3.37378979e-02 -7.58508742e-02 -9.33238491e-02
  1.02694087e-01 -2.13232320e-02 -1.08471692e-01  2.24925838e-02
  3.53681520e-02 -4.47198413e-02 -2.71858275e-02 -4.00801934e-02
 -1.79103203e-02  1.63950883e-02 -3.30606252e-02 -5.73895930e-04
  3.88515592e-02 -2.02511232e-02 -2.66778795e-03 -6.92337453e-02
  4.28979062e-02  3.21935564e-02 -5.47098648e-03  1.07382741e-02
  9.84633267e-02 -9.40004550e-03 -4.29076776e-02  2.61438731e-03
  6.02730289e-02 -3.26866354e-03 -6.68730214e-02  4.03384678e-02
 -1.14439232e-02  3.97109538e-02 -1.42724328e-02  1.11289201e-02
  4.00048904e-02  4.43964042e-02 -1.84305478e-02 -5.50390445e-02
  4.73671220e-02 -6.31810399e-03  1.18338671e-02 -5.07134385e-02
  1.13976158e-01  1.03326112e-01  5.42325675e-02 -5.45041487e-02]