[-7.30804875e-02  3.01094912e-02 -2.14272202e-03  5.72351664e-02
 -9.01189446e-03  8.79197642e-02 -6.50190488e-02  1.22426800e-01
 -4.06933576e-02  7.14402588e-04  1.33617237e-01 -4.62036766e-02
  2.83507388e-02 -1.33843264e-02 -9.76758525e-02 -5.65157272e-03
 -2.63576992e-02  8.08767602e-02  3.11932620e-02  6.20760396e-02
  4.44195531e-02 -4.84941863e-02 -2.62701400e-02  3.66981104e-02
 -5.32821864e-02 -4.50092815e-02 -1.24779651e-02  2.24141162e-02
 -7.47682527e-02 -5.69768948e-03 -1.18536875e-01  1.94284581e-02
  1.27171334e-02 -3.95036042e-02 -4.39725723e-03 -4.36271168e-02
  4.01570164e-02  4.08092141e-02  6.92117214e-02  4.07671668e-02
 -2.71697417e-02 -1.08310141e-01 -5.32902181e-02 -1.13530578e-02
  5.80443144e-02 -5.14971912e-02  6.00250810e-02  1.31497430e-02
 -1.63406674e-02 -2.41116658e-02 -8.39926377e-02  1.29503161e-02
 -8.69983807e-02 -3.02208290e-02 -3.12383138e-02 -6.52840137e-02
 -2.76558381e-02  2.18143943e-03  3.90253253e-02 -9.46560130e-02
  3.20341624e-02  7.47308088e-03 -9.35658514e-02  3.29896919e-02
  1.02580554e-04  5.34986984e-03 -1.55308656e-02  6.92049973e-03
 -9.81179252e-02  4.35388833e-02  3.11821164e-03 -6.18082024e-02
  6.74085841e-02 -2.71392204e-02 -3.93104590e-02  2.41973996e-02
 -2.70211566e-02  2.32873857e-02 -4.89112288e-02 -6.95328936e-02
  3.13925669e-02  7.65754026e-04  6.01519784e-03 -2.66229175e-02
  2.91636568e-02 -1.40406061e-02  4.70544435e-02 -9.70073193e-02
  5.50343283e-02  1.35527952e-02  4.44418788e-02  4.87798825e-02
 -3.47247198e-02  2.35362612e-02  8.90939757e-02  3.67923155e-02
 -4.30986844e-02  7.31689632e-02  3.02546602e-02 -2.40390608e-03
  2.60895863e-02 -1.76704898e-02 -6.36480898e-02  7.35448375e-02
 -7.12602288e-02  6.88198879e-02  1.75934460e-03 -2.93517560e-02
  6.49461802e-03 -1.94568448e-02 -8.30125511e-02  1.44189205e-02
 -4.16746661e-02 -2.70812772e-02  3.74702439e-02  5.40687293e-02
 -2.95403413e-02  1.96705060e-03  6.12869449e-02  3.62914838e-02
  5.76790199e-02 -5.52702136e-02 -5.09972163e-02  1.18510220e-02
 -1.80816706e-02 -7.36351609e-02  2.96212696e-02  6.87717974e-33
  8.29545315e-03  1.05502065e-02 -2.49822568e-02  9.78290811e-02
  8.86857808e-02 -4.13037790e-03  7.19763106e-03 -3.76835130e-02
 -4.06582803e-02 -1.19223865e-02 -1.18001372e-01 -7.57332845e-03
 -5.81016764e-02 -3.67092453e-02 -2.46975049e-02  5.91677055e-02
 -4.45086956e-02 -6.18802011e-02  4.04237566e-04 -1.14893399e-01
  2.47220602e-02  4.81877960e-02  2.00804304e-02  2.11220179e-02
  6.50212020e-02  7.43072703e-02 -5.28464355e-02 -5.32116331e-02
 -2.90569253e-02  1.35781569e-02 -1.72843058e-02  4.54662479e-02
 -2.59256046e-02 -2.25746669e-02  2.35162899e-02  3.32725281e-03
 -4.19450626e-02 -6.78733811e-02 -2.77818553e-02  5.09980209e-02
 -5.48674585e-03  1.02386452e-01  4.13025841e-02 -4.58640493e-02
 -7.98313841e-02  4.96089645e-03 -2.55714282e-02  5.38940430e-02
  1.70955911e-01  1.34258214e-02  9.44146328e-03 -7.47474059e-02
 -8.31521675e-02 -5.11907302e-02  1.35774584e-02  8.34446494e-03
 -1.72569931e-01  3.37259434e-02 -3.26080695e-02  3.19862776e-02
  8.57100934e-02 -1.81396806e-03  6.90270364e-02  6.98498543e-03
 -3.46050300e-02  3.29183564e-02 -1.55343458e-01  6.03707433e-02
  4.88652363e-02 -4.58207875e-02 -6.97722733e-02  1.72934979e-02
  1.11829229e-02 -5.69370203e-02 -5.43658203e-03  2.69401562e-03
  2.12869458e-02 -2.65036281e-02 -8.13202783e-02 -1.50554599e-02
 -4.93959822e-02  7.74663165e-02  3.20523642e-02 -3.96931171e-02
 -4.77423565e-03 -6.65130268e-04  6.04303814e-02 -2.49550380e-02
  4.16382998e-02  1.33083165e-01 -1.52788982e-02  8.28078203e-03
 -2.64696907e-02 -7.18280897e-02 -3.46073471e-02 -8.39137810e-33
  3.34267393e-02 -2.69395765e-02  8.49575475e-02  6.02817629e-03
  1.95856504e-02 -4.68249172e-02 -8.26227218e-02  5.37787378e-02
  6.44762218e-02 -5.50071746e-02 -3.41184959e-02 -2.46652663e-02
  7.45562986e-02  1.79855730e-02 -5.98428510e-02 -2.82539614e-02
 -3.04099498e-03 -7.88528100e-02 -5.27741052e-02 -9.04881489e-03
 -1.01620015e-02  1.01544121e-02 -4.88158092e-02 -2.83367746e-02
  2.70617660e-03  2.46973764e-02  4.03440045e-03  2.52775438e-02
 -6.90874159e-02  7.54145682e-02 -2.16869004e-02  1.98381077e-02
 -1.37583762e-02  5.89745790e-02  1.01385238e-02  1.20738305e-01
  2.42416654e-02  5.76873608e-02  5.13178222e-02  7.02404082e-02
  3.36155333e-02 -4.31120098e-02  5.37328944e-02 -6.03849329e-02
  1.17484648e-02 -3.93848419e-02  1.67532787e-02 -4.25352417e-02
 -7.33515481e-03 -7.25210086e-02  1.23084798e-01 -8.84849578e-03
 -8.64320993e-02  3.59240221e-03  1.05619123e-02  1.19622434e-02
  4.57104072e-02 -6.15828522e-02 -2.09204061e-03  3.13954800e-03
  5.45852520e-02  4.12497334e-02 -1.11624226e-01 -1.98622867e-02
  2.77660210e-02 -2.36491635e-02 -5.11798449e-02 -3.81255448e-02
  6.47505000e-02  2.15246826e-02 -1.11101083e-02 -7.24628940e-02
 -1.82882585e-02  3.99306342e-02 -7.11015239e-02 -3.77064780e-03
 -4.57014441e-02  7.48598576e-02 -1.94912329e-02  3.17793787e-02
 -2.82424465e-02 -4.62605990e-02 -2.62833610e-02  9.68775451e-02
 -2.00611576e-02  3.85261774e-02 -1.44538386e-02 -4.33544628e-02
  2.56044846e-02 -2.86420211e-02  2.58250386e-02 -2.99048573e-02
  9.32644904e-02  1.73428992e-03  2.32451595e-02 -5.81272488e-08
  4.25549895e-02 -1.08932238e-02  5.27016306e-03  4.55357246e-02
 -6.14621211e-03  6.02459311e-02  3.24716270e-02 -7.19985887e-02
  3.26160118e-02  1.05190821e-01  7.89099932e-03  5.30055612e-02
  5.17204590e-02 -3.95251364e-02 -2.17006989e-02 -4.85308133e-02
 -1.39455190e-02  7.71223158e-02 -7.29095843e-03  2.01051980e-02
  6.02214783e-02  1.28416689e-02 -3.46688032e-02 -5.74280247e-02
  7.94679224e-02 -1.87578984e-02 -3.34943235e-02 -1.69374533e-02
 -3.47752906e-02  4.12000455e-02  3.97813506e-02  1.44968713e-02
  5.23692407e-02 -1.37563601e-01  3.82288359e-02  5.99148050e-02
  3.46860625e-02 -1.52314734e-02 -5.49211986e-02 -5.73522523e-02
  9.37272757e-02  3.04996632e-02  1.45436719e-03  2.35843603e-02
  9.23132747e-02 -4.18159086e-03  4.74712485e-03  7.04683410e-03
  3.57742375e-03  2.84543205e-02  5.69805019e-02  2.60278806e-02
  5.53935841e-02  5.05998693e-02 -4.20105783e-03 -5.11498526e-02
  3.20722312e-02  8.64720568e-02 -9.20798071e-03 -8.52987170e-02
 -1.30196484e-02  2.97783781e-02 -1.83721632e-02 -3.50476131e-02]