[-8.73696357e-02  3.82459685e-02  1.10117570e-02  3.29325795e-02
 -6.72883168e-02  9.24122520e-03  5.14628273e-03  2.62883939e-02
  3.86656933e-02  2.08075382e-02 -1.51576484e-02 -3.87862138e-02
 -3.58085856e-02 -2.09842343e-02 -4.62607443e-02 -7.53823593e-02
 -8.66438672e-02 -1.21725788e-02  5.40781878e-02 -3.89294252e-02
  9.08723325e-02 -2.54329499e-02 -3.67324799e-02  3.45392302e-02
 -2.74307989e-02 -4.15182561e-02 -2.62048002e-02 -4.22963500e-02
 -5.59547357e-02  2.44047213e-02 -4.46228161e-02  8.50991681e-02
  3.18455286e-02 -1.33322142e-02  7.47953774e-03 -1.30287977e-02
  1.96844283e-02 -2.36317664e-02  5.09155728e-02  1.68807693e-02
 -5.52007221e-02 -5.14632687e-02  1.18270339e-02 -1.99012253e-02
 -1.96080282e-03  1.24037769e-02 -1.67511515e-02  1.70353204e-02
 -1.54715598e-01  1.19872384e-01 -2.72776652e-02 -2.51171719e-02
 -1.25192734e-03  1.26299681e-02 -2.53700074e-02  1.60376281e-02
 -3.18015255e-02 -9.79581196e-03 -3.07930727e-02  1.89239141e-02
  1.69995253e-03  7.41695911e-02 -9.04412121e-02  2.42078919e-02
  3.72294560e-02  1.94916669e-02 -3.31310332e-02  2.14801487e-02
  7.85128027e-03 -1.25882149e-01 -5.50086936e-03 -2.70941779e-02
  2.56864335e-02  4.27410640e-02 -6.88401423e-03  2.76051871e-02
 -4.85935286e-02  9.46096517e-03 -3.53076658e-03 -1.19437315e-01
  1.43652530e-02  1.68237220e-02  1.44534046e-02  2.21590921e-02
  1.56916436e-02 -5.03367148e-02 -2.24287305e-02  8.32639262e-02
  3.73663045e-02  6.55305460e-02  7.96593651e-02 -1.71533935e-02
  4.63343672e-02 -9.17666405e-03 -1.86527818e-02 -1.58768799e-02
  3.20049259e-03  5.07852510e-02  5.17378412e-02  2.47256104e-02
 -1.20457606e-02  8.62073451e-02 -5.04911505e-02  5.77698499e-02
 -5.88818081e-02 -1.61786322e-02 -2.58117411e-02 -1.18005835e-01
  2.53169145e-02 -5.45088854e-03 -9.06418711e-02 -2.50985287e-02
 -6.77476078e-02 -1.47733435e-01 -2.90713720e-02  2.93933554e-03
 -8.11164901e-02  3.96446735e-02  4.72593829e-02  2.13892683e-02
  1.34720309e-02  2.88500506e-02 -3.67269386e-03 -2.34820936e-02
 -1.60457846e-03 -1.35403322e-02  1.02419257e-01  1.12919405e-32
 -2.47672107e-02  1.78006273e-02 -3.90487560e-03  7.83867911e-02
  1.82794873e-02  9.76915807e-02 -7.17692971e-02 -5.61651662e-02
  5.57844825e-02 -2.38309857e-02 -6.73032477e-02  5.54361716e-02
 -5.60690369e-03 -9.68221053e-02  4.25220653e-02  4.28169034e-02
 -9.16395709e-03  8.04901198e-02  5.97331077e-02 -2.83150151e-02
 -5.10487193e-03 -2.57212725e-02  5.09848036e-02 -3.45899388e-02
  9.49490815e-02  6.46682158e-02 -5.30411974e-02 -2.43794359e-02
 -7.95866735e-03  5.88461049e-02  8.33784491e-02 -3.02874595e-02
  3.58773842e-02 -3.36502716e-02  5.77187911e-02  2.24546567e-02
  5.65656647e-02 -3.19550000e-02  5.00829443e-02 -4.88593383e-03
 -9.49910842e-03 -3.42403017e-02  3.53570282e-02 -1.02446089e-02
 -9.84778069e-03 -2.93947640e-03  8.21807235e-02  2.79899593e-02
  2.12471962e-01  8.55298042e-02 -3.92192267e-02 -2.85744574e-02
 -9.88923013e-02 -1.36281833e-01  6.93780258e-02  4.15583402e-02
 -8.67122144e-04  3.75353508e-02  5.47601618e-02 -2.25327406e-02
  8.12826604e-02  2.38861069e-02 -2.87215449e-02 -2.36012992e-02
 -7.80811608e-02 -1.24714505e-02  7.38238974e-04 -4.51970734e-02
  1.20959207e-01 -3.52958329e-02 -4.49989401e-02 -3.11191883e-02
  4.00638543e-02 -1.61010232e-02 -1.39650982e-02  4.68528047e-02
  5.60660176e-02 -2.38897302e-03 -3.87906237e-03 -1.06975045e-02
 -1.73619315e-02 -6.36026189e-02  9.21772569e-02 -8.85302015e-03
  3.27378027e-02  3.89460027e-02 -1.35950861e-03  1.26677960e-01
  2.03386899e-02  4.31973264e-02  2.29287241e-02  2.32077539e-02
 -5.21245226e-02  6.97464868e-02  3.08776833e-02 -1.34478317e-32
 -4.93412688e-02 -3.96825839e-03 -8.02129805e-02 -4.74250950e-02
 -4.08706516e-02 -5.44761047e-02 -7.27242902e-02  2.87117958e-02
  3.27111445e-02  3.14056650e-02  3.69477831e-02 -5.76814786e-02
  3.10449228e-02 -5.85123077e-02 -5.92803434e-02  2.52110581e-03
  4.26941998e-02 -6.63604289e-02 -8.46517310e-02  1.06382221e-02
 -2.36818977e-02 -1.22087868e-02 -1.30935937e-01 -4.71697338e-02
  8.38883221e-02 -1.06837563e-02 -3.15074734e-02 -1.60249341e-02
  1.01813301e-02 -2.70348042e-02 -7.66607299e-02 -1.06363118e-01
 -6.34561619e-03  7.14890212e-02 -1.96897741e-02 -3.61427702e-02
  1.20123349e-01  1.99822821e-02 -2.72390321e-02  7.39251450e-02
 -1.10511645e-03  6.79061413e-02 -8.75769649e-04 -3.89658846e-02
 -4.98293526e-02  4.56027919e-03 -4.51617576e-02  3.15502170e-03
  7.87115395e-02 -3.63416113e-02  9.30054560e-02 -7.04442114e-02
  1.40611026e-02 -9.85344946e-02  3.86055149e-02  7.13369399e-02
 -3.68501842e-02 -4.73397933e-02 -6.93063512e-02  4.28486709e-03
  3.78007367e-02  4.58580721e-03 -8.04930460e-03  4.51509506e-02
  4.55860868e-02 -5.33119068e-02 -6.43301159e-02  5.46791740e-02
  1.64028648e-02 -2.82516629e-02  8.87836963e-02 -1.16022095e-01
 -9.75115001e-02 -7.34157488e-02 -3.83973122e-02 -8.68949965e-02
 -1.51465423e-02  3.21664698e-02 -2.78375838e-02 -5.09683322e-03
 -5.96840940e-02  5.30939624e-02  1.11489510e-03 -2.64019389e-02
  1.22334510e-02 -1.14187822e-02  3.84299308e-02 -4.07484286e-02
 -4.42530066e-02 -2.15832740e-02 -7.28242099e-02 -4.17132229e-02
 -6.19614199e-02  4.68299873e-02  3.48429941e-02 -5.80437032e-08
  4.40258980e-02 -1.81496851e-02 -3.68801621e-03 -3.08367889e-02
  7.84590915e-02 -1.02851242e-01  5.09812729e-03  1.09491227e-02
  2.63445415e-02  4.02097553e-02  2.18053199e-02 -2.95162499e-02
 -2.89370939e-02 -1.34013742e-02  2.83393692e-02 -1.59657076e-02
 -1.62693914e-02  2.39945576e-02 -3.16395350e-02 -5.88828325e-02
  1.10556364e-01 -5.73806241e-02 -4.95536486e-03 -9.48039889e-02
 -3.18661816e-02  1.51651660e-02 -5.70726655e-02  9.73633006e-02
  1.52199930e-02 -8.80952552e-03 -7.15278909e-02  2.67869551e-02
 -7.93251209e-03 -8.01333711e-02 -6.34007305e-02  3.33310477e-02
 -1.34371035e-02  1.00888517e-02 -5.01581132e-02  4.02205531e-03
  3.91090587e-02  6.20362442e-03 -6.04367536e-03  6.90001398e-02
  4.19789776e-02 -2.84059197e-02  1.16190268e-02 -4.21639718e-02
 -1.58934928e-02 -2.68010534e-02 -6.76068664e-02 -7.00114062e-03
  5.25185652e-02  2.95382291e-02 -4.93663363e-02  1.56502482e-02
  3.73362899e-02 -7.79957883e-03 -5.33997230e-02 -8.35994482e-02
  3.03771086e-02  2.40095016e-02 -5.23769343e-03 -1.28796194e-02]