[ 3.99043672e-02  1.94209609e-02 -3.65766957e-02 -6.76094517e-02
 -4.35358770e-02 -4.86060558e-03 -8.80124420e-02  3.67576070e-02
  7.40699517e-03  6.29939958e-02  4.64029843e-03  1.72716808e-02
 -6.97186822e-03 -3.28020230e-02 -8.62414315e-02 -5.75114749e-02
 -4.62675951e-02 -3.42596434e-02  6.61634952e-02 -2.49690376e-02
  3.40301916e-02 -7.04398553e-04 -1.45874023e-02 -3.67728248e-02
 -3.23535763e-02  4.71292734e-02 -6.20079711e-02  1.42437788e-02
 -3.87849510e-02 -6.88649267e-02 -1.70202889e-02  9.15436223e-02
 -7.79910805e-03  3.72839458e-02 -1.88922381e-03 -3.57557461e-02
  2.72877887e-02 -4.11440283e-02  5.79115562e-02  4.11379114e-02
  3.62532213e-02 -5.95935918e-02 -1.96506851e-03 -4.26703393e-02
  3.09677962e-02 -2.38776505e-02 -7.89652541e-02  3.14652398e-02
  2.03353781e-02  1.97355486e-02 -8.21495652e-02  3.50573449e-03
  3.75421531e-02  4.09596190e-02 -2.76843738e-02 -6.51487857e-02
 -2.33134087e-02 -6.55595213e-02 -2.01134346e-02 -2.98638977e-02
 -3.77972126e-02  1.20718688e-01 -1.06336363e-01 -1.85056794e-02
 -3.15548815e-02 -9.36670080e-02  3.01239304e-02  5.18866032e-02
 -2.24763267e-02  4.68268357e-02 -7.31544278e-04 -1.26368590e-02
  6.73037991e-02  9.46437847e-03 -6.12475947e-02  1.08340112e-02
 -5.93065508e-02  1.14703095e-02  1.67507567e-02 -1.22467972e-01
 -5.36391325e-03 -1.89288836e-02 -6.85487362e-03 -9.76711884e-03
 -2.59522237e-02 -2.42261607e-02  8.35317001e-02  2.24001613e-02
  8.14594701e-02 -6.39511496e-02  4.40288149e-02  4.87793088e-02
  3.86869982e-02  2.19116751e-02 -5.36858290e-02 -1.97596126e-03
  3.35348733e-02  7.66237527e-02  1.10088550e-02  4.93089668e-02
  1.35618793e-02  1.88298021e-02 -5.44135086e-02 -1.88096743e-02
 -9.68324915e-02  3.38964500e-02 -6.78136051e-02  4.30627875e-02
 -5.58322528e-03 -6.54550791e-02 -3.71446684e-02 -2.04341505e-02
  5.25029469e-03 -7.18284100e-02  9.52666067e-03  1.41180009e-02
 -6.51322827e-02 -4.46827598e-02 -2.37391870e-02  8.56319219e-02
  2.78937314e-02  3.31506245e-02 -8.35309327e-02  6.99224025e-02
 -2.32472690e-03  6.69986010e-02  4.21872437e-02  9.54105712e-33
  4.64773551e-02 -5.36620505e-02  2.02655643e-02 -4.26782817e-02
 -2.47503910e-02  5.59481559e-04 -4.83486168e-02 -4.12741181e-04
 -7.63462111e-02  6.31375909e-02 -1.15188949e-01 -7.66390562e-03
 -2.60832012e-02 -2.34216247e-02  7.29002245e-03 -1.16458368e-02
 -6.93080015e-03  3.10280249e-02 -1.02810875e-01 -3.19319330e-02
  4.33138199e-02 -4.10484411e-02  1.47503018e-02  3.13258506e-02
  5.04566468e-02  1.08131282e-01 -1.04070315e-02 -1.08901123e-02
  6.13791344e-04  5.11192493e-02  2.01809756e-03 -9.76713467e-03
 -2.96410359e-02 -1.66682750e-02 -4.02527340e-02 -3.85487289e-03
  2.95223529e-03 -2.39540171e-02 -4.23881933e-02  4.95966561e-02
 -3.86434980e-02  3.24986293e-03  2.33983546e-02 -5.31403022e-03
 -1.69947147e-02  5.00646094e-03  4.81960177e-02 -7.05277845e-02
  7.85889849e-02  1.94782522e-02 -8.50415230e-02 -3.53843048e-02
 -5.09366542e-02  1.36662247e-02  1.52194081e-02  3.37312184e-02
 -8.90552998e-02  6.09317906e-02  3.38579789e-02  1.86334755e-02
  3.61843891e-02  1.32792105e-03 -5.77318743e-02  2.78735757e-02
 -2.69051604e-02 -4.54953462e-02  1.47788012e-02  4.51967195e-02
  5.82804941e-02  4.32399325e-02 -7.88903832e-02  1.59439147e-02
  1.00844696e-01  2.41243131e-02  2.34177429e-02 -4.66617793e-02
  6.08258173e-02 -3.27131264e-02 -1.47258621e-02  4.14021686e-02
 -9.88820642e-02  6.77989703e-03 -4.09226604e-02 -4.67868224e-02
  4.58547100e-02  6.89526554e-03  1.09835200e-01 -7.17125181e-03
 -7.34621882e-02  6.42793777e-04 -1.01720102e-01 -3.23062390e-02
  1.02658896e-02 -4.74222116e-02 -5.34725673e-02 -1.24128280e-32
 -2.75716782e-02 -2.96878838e-03 -2.48970781e-02  5.39534688e-02
  2.77040023e-02  1.11443233e-02  1.81062501e-02  9.74868312e-02
 -1.59681197e-02  5.41215278e-02  3.89764383e-02 -6.49133185e-03
  1.04155019e-01  3.45148966e-02 -1.42689254e-02 -4.76413220e-03
 -5.63093042e-03 -2.00950373e-02 -1.50361046e-01  2.11870074e-02
 -3.14844102e-02  9.33192000e-02 -1.77202318e-02  4.86940965e-02
  3.15101855e-02  2.98004434e-03  5.65287657e-02 -1.03319049e-01
 -5.69804050e-02  3.04835513e-02 -1.20666875e-02 -8.82264152e-02
 -1.41993418e-01  8.75353217e-02 -3.66375297e-02 -1.19263139e-02
  8.25690404e-02  1.33107305e-02 -2.12901253e-02  9.55629945e-02
  1.11763040e-02  3.48618603e-03  6.72471337e-03  3.11583374e-02
 -1.32780513e-02  3.33346687e-02 -1.07102552e-02 -2.82835402e-02
  6.63031917e-03 -9.76032689e-02  1.18511105e-02  5.92326261e-02
 -4.54601869e-02  1.10807689e-02  1.07360825e-01 -7.95589238e-02
 -5.09327054e-02 -5.06574512e-02 -1.08337730e-01 -8.27396661e-03
  5.47095649e-02  7.21704066e-02 -4.81672511e-02  2.99737807e-02
  6.70500696e-02 -6.30021542e-02 -8.28473866e-02 -1.20715387e-02
  4.03510034e-03  5.78921176e-02  5.65210022e-02 -5.16610518e-02
 -1.50415599e-01 -2.77668368e-02  4.46973406e-02  5.38780680e-03
 -9.27865133e-02  2.55169086e-02 -5.46195135e-02  3.46954949e-02
  8.88874568e-03 -7.18427151e-02  1.04289223e-02  5.61792171e-03
  4.24402300e-03  3.35101858e-02 -1.57584418e-02 -3.28765288e-02
  1.27819991e-02  4.46881503e-02 -4.20669466e-02 -3.25051099e-02
  1.85352433e-02 -1.03662275e-02  2.91998535e-02 -6.00186851e-08
  4.53185439e-02 -7.76941283e-03 -6.81916485e-03  5.83516173e-02
  2.36703902e-02 -5.49920201e-02 -6.37901202e-02  1.49150901e-02
 -3.94074842e-02  5.50689660e-02  1.46512315e-01 -5.85890561e-02
 -7.97221363e-02 -6.02363311e-02  1.16462512e-02 -3.04927137e-02
  1.64033771e-02  1.03231736e-01 -3.87046486e-02 -1.13937087e-01
 -9.90796182e-03  4.83710468e-02  2.92776991e-02 -1.00428440e-01
  1.21518420e-02  1.60659719e-02 -6.55659810e-02  1.73917306e-05
 -3.12913619e-02  4.44829091e-03  5.35232387e-02 -2.83758901e-02
 -2.96090152e-02 -8.69468227e-02  5.52759040e-03  6.41964003e-02
 -9.17630047e-02  8.74513462e-02  6.43843925e-03 -1.24089862e-03
  2.54217871e-02  5.57395979e-04 -3.55364196e-02  8.51907879e-02
  3.87000404e-02  1.57977268e-02  5.89392090e-04 -9.17301141e-03
  8.72722194e-02 -1.59082621e-01 -3.77277881e-02 -3.30405869e-02
  6.81109950e-02  3.21217487e-03  6.02107197e-02  4.98041324e-02
  2.48955023e-02 -2.01957859e-03 -4.79670055e-02 -5.20359576e-02
  1.32769138e-01 -5.40039595e-03 -3.23450826e-02 -1.95021369e-02]