[-3.70587185e-02  5.03914431e-02 -4.27337736e-02 -7.26564154e-02
 -3.36868837e-02  8.44568945e-03 -4.34140041e-02  8.58323649e-02
 -1.13622257e-02  3.11004277e-02  5.62588274e-02  2.82662511e-02
 -8.00643638e-02 -1.08326774e-03 -8.73901602e-03 -5.12691960e-02
  9.10854526e-03  8.88321847e-02  3.45998188e-03  1.36102876e-02
  1.86953068e-01 -2.54906937e-02 -4.36954722e-02  3.87101546e-02
 -2.21710075e-02 -4.58855368e-02 -7.51423091e-02 -7.04617356e-04
 -8.04445148e-02 -3.55415754e-02 -1.30539974e-02  4.87431921e-02
  2.48810537e-02  6.45445846e-03  4.71327417e-02  2.00146548e-02
  1.83133297e-02  7.22563732e-03 -3.47003005e-02  2.69450527e-02
 -1.28822923e-01 -1.62550025e-02 -6.13674819e-02 -4.90567163e-02
  6.79812860e-03 -5.03745601e-02  4.09473144e-02  6.56858832e-02
 -8.25463682e-02  4.95806197e-03  2.12543868e-02 -5.05463127e-03
 -3.60501930e-02  3.51315103e-02  2.31913831e-02 -2.58829184e-02
 -4.30508293e-02 -2.24379860e-02 -3.49307358e-02  9.50607378e-03
 -4.00767922e-02  3.78066823e-02 -5.78167066e-02 -8.62715207e-03
 -5.17153181e-02 -7.85232987e-03  4.56055393e-03 -5.82981855e-02
 -3.75520587e-02  7.66587481e-02  3.43402848e-02 -7.13169724e-02
  3.56650278e-02 -6.42656013e-02 -2.75725592e-02  2.76089329e-02
  3.87815684e-02  7.99569488e-02 -2.24027171e-05 -2.22702518e-01
  4.81527820e-02  4.75506969e-02  3.81191894e-02 -8.05432796e-02
  1.32035539e-02 -3.42432708e-02  3.23478249e-03  3.31817307e-02
  1.00417838e-01  1.63070560e-02  1.91695485e-02  4.54271771e-02
 -2.48357304e-04 -6.72888830e-02 -2.90794820e-02 -2.55668573e-02
 -1.46076670e-02 -1.96172297e-02  4.24935371e-02  4.38017212e-03
  4.49346900e-02 -2.18334030e-02  1.00528728e-02 -6.78966045e-02
 -4.47287224e-02 -1.89125706e-02  2.17441451e-02 -1.13787483e-02
 -2.87980400e-03  3.95456888e-02 -6.82461560e-02 -2.03434378e-02
 -3.12657133e-02 -7.83229023e-02  2.20405753e-03  7.17080478e-03
 -9.05493423e-02 -2.58235913e-02  7.39511922e-02 -3.01779117e-02
  4.04485613e-02  4.23898809e-02  4.05801833e-02  1.13617405e-02
  4.19617631e-02 -8.48379731e-02 -5.54768592e-02  8.76076250e-33
  1.85773929e-03 -2.04813313e-02 -6.36311546e-02 -2.36707833e-02
 -7.04805227e-03  2.26491950e-02 -3.90473008e-03  4.20455933e-02
  4.90647741e-03  1.13449924e-01 -1.60700213e-02  7.18433410e-02
 -4.85462062e-02 -1.47797838e-02  1.09011419e-01 -6.28217831e-02
  2.54690517e-02  5.66592030e-02  2.73200553e-02  1.46242522e-03
  1.19041791e-02  3.17772739e-02  5.35252020e-02  1.27925805e-03
  3.55181210e-02  6.95187300e-02 -6.50144070e-02  1.00166816e-02
 -4.55143191e-02  4.56391945e-02  5.41513823e-02 -3.00906580e-02
  3.99855524e-02 -1.14286169e-02 -7.45497048e-02 -5.55756651e-02
 -3.18322610e-03  4.07398269e-02 -4.96952124e-02 -1.97323803e-02
 -3.04956567e-02  2.55447756e-02  9.83756967e-03 -1.53629296e-02
  9.13709104e-02 -4.23620567e-02  7.54140615e-02 -6.68500317e-03
  9.05499235e-02  2.97474992e-02  2.14543920e-02 -5.02262339e-02
  2.36593764e-02 -4.26766500e-02 -5.00503229e-03 -6.27395213e-02
 -8.91886726e-02  9.72035062e-03 -4.25088406e-02 -8.14255029e-02
 -7.83406757e-03 -4.30379808e-02 -5.72810359e-02 -4.10300009e-02
 -5.48130274e-02 -3.67396255e-03  4.16501164e-02  2.61226725e-02
  6.35694861e-02  3.82453911e-02 -1.08434990e-01  1.05964029e-02
 -1.58021916e-02  3.69034079e-03  8.19628611e-02 -3.38850953e-02
  4.38277125e-02 -1.60171352e-02 -5.49189970e-02  4.30881884e-03
 -4.79106903e-02 -7.63257127e-03 -4.04924853e-03 -4.70174886e-02
  1.10118799e-01  3.14552374e-02  7.03895763e-02  3.51173393e-02
  3.94365862e-02  3.04242875e-02 -1.94674414e-02  5.71501479e-02
 -4.42215130e-02  8.72875154e-02  1.38563603e-01 -1.14077870e-32
 -6.39910996e-03  3.96123389e-03 -4.36977632e-02 -3.94564308e-03
 -5.23113571e-02  3.28125767e-02 -3.03800553e-02 -3.77647504e-02
 -2.55311914e-02 -1.61010966e-01 -7.35039115e-02 -1.17799021e-01
  3.50028947e-02  2.47727633e-02 -7.68536031e-02 -4.23466116e-02
 -8.66000354e-02 -5.06235547e-02 -4.31752615e-02  1.31965168e-02
  2.48664189e-02  1.03296019e-01  4.16428298e-02 -2.71689799e-02
  1.44781424e-02 -5.33016287e-02 -3.29920538e-02  2.64586564e-02
 -4.16918807e-02 -3.03846002e-02  3.46066654e-02  1.17170224e-02
 -2.05082856e-02  7.76979923e-02 -2.34612003e-02 -7.06425533e-02
  5.16675822e-02 -1.19624576e-02 -6.47677630e-02  1.12583838e-01
  8.56911391e-02  7.57296383e-02  3.73287760e-02 -3.88192460e-02
 -8.37956294e-02 -1.43458555e-03  1.38605703e-02 -1.06410861e-01
  7.15836734e-02 -8.94549936e-02  7.20743984e-02 -7.96796232e-02
 -5.50420806e-02 -2.79088821e-02  1.89310499e-02 -1.14084249e-02
  1.86971296e-02 -5.98937459e-02 -7.32033551e-02  2.90277731e-02
  7.10505396e-02 -5.55686234e-03 -1.68805066e-02  2.05206685e-02
  1.26556411e-01  4.70987381e-03 -1.58109777e-02  2.14693807e-02
  4.49072532e-02  6.84474632e-02  8.10817908e-03 -6.03107288e-02
 -1.05584033e-01 -1.37307774e-02 -6.39336358e-04 -2.06080154e-02
 -4.79638716e-03 -4.93142679e-02 -4.98167239e-02 -6.03984715e-03
 -5.87609690e-03 -4.06169854e-02 -2.91409809e-03 -2.17610560e-02
 -2.83834971e-02  1.56712607e-02 -3.77831757e-02  6.15279116e-02
  5.12549430e-02  5.03292717e-02 -8.08190089e-03  3.43463495e-02
  1.07703201e-01  3.44068334e-02 -1.46477800e-02 -5.34519025e-08
 -1.07129412e-02 -5.45982178e-03  1.75440349e-02 -3.05913519e-02
  7.47868940e-02 -3.63004096e-02 -6.38739811e-03  2.87004970e-02
 -2.29901187e-02 -2.45235004e-02  8.19628593e-03  1.49143897e-02
 -1.14163747e-02  2.30819173e-02  3.97391804e-02 -9.63398442e-02
  6.40841126e-02  4.32256795e-02 -1.57547314e-02 -4.55779769e-02
  4.85430658e-02 -1.97279472e-02 -1.05206221e-01 -1.92213561e-02
 -1.42406952e-02 -5.26541881e-02 -5.18217497e-02 -1.87061559e-02
 -2.60654092e-02  5.87937683e-02  1.86330322e-02  5.14194444e-02
  8.12574849e-02 -8.24679509e-02 -2.84835827e-02 -2.14022934e-03
  3.44215669e-02  1.52081763e-02 -1.25355152e-02 -1.56961363e-02
  1.12197809e-01  4.44819918e-03 -1.38523159e-04  4.91857808e-03
  5.17111737e-03 -1.07478261e-01 -3.91922938e-03 -3.92311253e-04
  1.95552632e-02 -5.72294183e-02 -5.08792922e-02  8.16600174e-02
  1.20509006e-02 -2.62812767e-02  8.83048121e-03 -3.90853658e-02
  4.14598025e-02  2.21878476e-02 -2.10181922e-02 -4.87895533e-02
  1.33564055e-01  9.45967901e-03  5.02981022e-02 -5.49553335e-02]