[ 2.97396779e-02  2.80750170e-02 -5.26413023e-02 -6.39660135e-02
 -9.50532928e-02 -9.73891933e-03 -3.39407846e-02  8.22691396e-02
 -5.59479976e-03  4.39088829e-02  9.86889601e-02 -3.72810662e-02
 -4.11871262e-02  1.31896846e-02  7.04949768e-03 -6.47728816e-02
  5.42859398e-02 -4.94775921e-02  1.70420520e-02  2.42522843e-02
  1.06125854e-01 -4.83412445e-02 -6.52941093e-02  2.41884124e-02
 -9.69779566e-02  1.62045062e-02 -8.82945880e-02 -3.03887632e-02
 -3.66627797e-02 -3.78011465e-02 -1.67716499e-02  9.00856704e-02
  9.88811851e-02 -2.79398565e-03 -1.16651347e-02  1.14969788e-02
  6.68493360e-02 -1.47688771e-02 -2.17266511e-02  1.16484679e-01
 -5.26213832e-02 -1.43061448e-02 -2.43698601e-02 -1.04886025e-01
  8.21236707e-03 -1.61649231e-02  1.95283946e-02 -1.72788873e-02
 -6.41744817e-03  7.54701486e-03 -1.50923012e-02 -1.17799174e-02
 -2.87217684e-02  8.01317394e-02 -2.83692982e-02 -5.40122502e-02
  3.02867312e-02 -3.17059061e-03 -5.79908639e-02  8.98868442e-02
 -6.32483587e-02  1.03623040e-01 -4.47341613e-02  2.23962888e-02
  8.33653510e-02 -6.88922703e-02 -2.76243240e-02 -5.26307039e-02
 -4.92946282e-02 -3.60589847e-02  3.86911677e-03 -7.34196827e-02
  3.96683998e-02  7.09979534e-02 -7.76842982e-02  7.71987252e-03
  5.43931965e-03  4.07230705e-02  4.46862951e-02 -1.70546621e-01
  3.29157151e-02  4.10858691e-02 -1.68309174e-02 -2.53315805e-03
 -2.35531610e-02  3.11513344e-04 -4.65403609e-02  7.44660385e-03
  6.33667335e-02 -2.76255775e-02  1.84721202e-02  4.48237099e-02
 -8.41080844e-02  5.35499188e-04  3.67592182e-03 -3.60851064e-02
 -1.32562136e-02 -4.12382092e-03  7.90800201e-04 -3.57430987e-02
  2.55835708e-02 -7.40611111e-04  4.50072847e-02  4.38209847e-02
 -4.71306629e-02 -4.45920741e-03 -6.57866243e-03  2.97966748e-02
 -1.04245041e-02  8.25400874e-02 -1.16534367e-01  5.97821968e-03
 -9.06058475e-02 -4.82600927e-02 -5.72005287e-02 -3.54523095e-03
 -6.03183955e-02 -4.93829288e-02 -1.93706863e-02  1.83906499e-02
  2.74149347e-02 -1.02338782e-02  4.55991961e-02 -6.01430126e-02
  4.57115239e-03 -3.63779329e-02  7.93710053e-02  1.09596415e-32
 -1.89006068e-02 -1.08140111e-02  4.92288209e-02  5.64087294e-02
  1.69404689e-02  3.57365683e-02 -5.89434393e-02  4.44221422e-02
  7.22873136e-02  6.99784234e-02 -5.89455441e-02  7.82221481e-02
 -5.77127608e-03  3.12377308e-02  6.47143200e-02  2.39847396e-02
  1.70007143e-02  4.94579598e-03 -2.98957601e-02  3.99608798e-02
  1.61257647e-02  3.72630581e-02  5.11294557e-03 -9.81084537e-03
  6.89034685e-02  8.36370066e-02 -4.76844162e-02 -2.65315976e-02
 -3.22955027e-02  4.05748039e-02  4.60645296e-02 -2.86018923e-02
  4.89214086e-04 -8.87899846e-02 -6.93555549e-02 -1.99807342e-02
 -1.77987181e-02 -2.78730523e-02 -6.74264580e-02 -3.06685418e-02
 -3.54845300e-02 -1.63861960e-02  6.72505274e-02  6.16802424e-02
  1.46301836e-02  1.11340415e-02  9.92374569e-02 -2.99911126e-02
  1.19506113e-01  1.01684995e-01 -7.69402385e-02 -6.57443032e-02
 -3.67155299e-02 -3.44005823e-02  8.77514761e-03  4.28813174e-02
  6.42686058e-03  2.54134294e-02 -7.63260350e-02 -7.03504086e-02
  1.06221745e-02 -6.97210729e-02 -4.10546474e-02  7.98050500e-03
  2.13122624e-03 -1.19244732e-01 -9.72492737e-04 -4.51287720e-03
  1.58069924e-01  1.70347840e-02 -1.15994424e-01 -3.58984247e-02
  4.43576369e-03  4.46161330e-02  3.66158411e-02 -1.73435230e-02
  3.96825857e-02 -1.11563336e-02 -9.82184708e-02  2.02842560e-02
 -4.89147455e-02  4.46231700e-02  6.15149643e-03 -4.02850248e-02
  1.29607961e-01  7.63179809e-02  7.50349015e-02  3.24042849e-02
 -5.80881052e-02  7.75339156e-02 -5.87109923e-02  8.55920240e-02
 -2.54635084e-02  5.55904061e-02  3.43360379e-02 -1.52518643e-32
 -2.84645222e-02  4.14033011e-02 -6.90152645e-02  5.88334259e-03
  2.56892275e-02  1.03248227e-02  2.00248268e-02  1.31756235e-02
 -5.35531379e-02 -3.90371941e-02 -3.38855386e-02 -7.15851486e-02
  7.28127733e-02 -6.13945257e-03 -6.34698495e-02  2.06417460e-02
 -9.89800021e-02 -2.15219725e-02 -3.88990045e-02  2.27134749e-02
 -2.42457818e-02  1.09976247e-01  1.45046460e-02 -3.39561962e-02
 -5.99379186e-03 -6.89328015e-02 -1.54879922e-02 -5.48990816e-02
 -4.96212132e-02 -4.00055386e-02 -4.19688895e-02 -1.42682269e-02
 -3.70411901e-03  1.29345894e-01 -4.33255769e-02 -1.70921907e-02
  1.88521724e-02 -1.57909691e-02 -5.85306175e-02  9.24112573e-02
  4.30025384e-02  5.54193296e-02  3.11933327e-02 -6.15588017e-02
 -6.00259453e-02 -6.33097664e-02 -6.51979521e-02 -8.03100541e-02
  2.17863284e-02  1.29649108e-02  7.11174160e-02 -5.32647744e-02
 -5.18532023e-02 -1.53363426e-03  8.05813223e-02 -5.79063706e-02
  7.57286744e-03 -9.33821350e-02 -1.18105143e-01  7.26595195e-03
  9.76290926e-02  2.63095088e-02 -6.05358109e-02  1.70713887e-02
  3.15981684e-03 -2.56131236e-02  2.31873877e-02  3.73337194e-02
  1.27111673e-02  7.30633875e-03  7.02418061e-03 -4.91321161e-02
 -5.33368699e-02 -1.03805382e-02 -3.15873548e-02 -6.22231364e-02
 -6.99613616e-02 -4.50473763e-02 -2.83161625e-02 -2.56181266e-02
 -6.87989593e-02 -1.00592539e-01  2.29947641e-02 -3.91682610e-02
 -8.21779221e-02 -1.52561264e-02 -4.06712759e-03 -1.72922816e-02
  1.77862290e-02  5.12829460e-02 -4.41681147e-02  1.18858740e-02
 -3.17942537e-02 -2.45273057e-02 -5.64182438e-02 -6.81429455e-08
  1.61778368e-02  8.72911420e-03  6.00858964e-02 -5.56534296e-03
 -1.99018214e-02 -1.21097967e-01 -8.79841158e-04 -1.23521523e-03
  3.32721770e-02  4.23699096e-02  2.77365651e-02  2.60240920e-02
 -5.51910885e-02 -1.96596440e-02  8.38766173e-02 -3.28242369e-02
  3.01354416e-02  6.14950918e-02 -1.13057876e-02 -4.30183224e-02
  6.15076572e-02 -3.90185341e-02 -6.47262633e-02 -2.92723812e-02
  3.20516899e-02  1.83167998e-02 -5.37259243e-02  3.55667137e-02
 -2.13438529e-03  2.41856035e-02  4.18966822e-02 -1.74814481e-02
  2.68707778e-02 -1.11607298e-01 -5.13206162e-02 -2.26004445e-03
 -2.34097838e-02 -2.96988878e-02 -3.58972102e-02  1.91041399e-02
  1.14689156e-01 -5.68897389e-02 -1.32681653e-02  3.76440381e-04
  4.04147878e-02  2.40015946e-02  7.67201651e-03  6.59383610e-02
  1.57005414e-02 -3.13131958e-02 -7.77019858e-02  1.19212624e-02
  2.74212677e-02  2.45257950e-04 -1.32589126e-02  9.52541921e-03
  7.88679793e-02 -1.36725036e-02 -2.24073213e-02  2.07778215e-02
  5.56320027e-02  3.21465805e-02 -1.40739102e-02 -5.62029108e-02]