[-5.17797470e-02  1.99907348e-02 -7.02000931e-02 -6.21082410e-02
 -8.06550160e-02 -3.87005284e-02 -2.16317344e-02  1.75023545e-02
 -3.94697078e-02  7.16567859e-02  8.31611156e-02 -4.52831797e-02
  1.22349570e-02 -4.39047068e-02 -1.07757123e-02 -5.53032197e-03
  3.22188586e-02 -2.77041662e-02  4.10583541e-02  2.88562402e-02
  1.55528963e-01 -1.45752262e-02 -7.75204301e-02  8.86185840e-02
 -4.46349531e-02 -8.92025046e-03 -7.18780085e-02  2.38424093e-02
 -5.16240411e-02 -3.95875014e-02 -3.80786285e-02  4.10268381e-02
  1.50703296e-01 -2.07752492e-02  3.81771871e-03  5.89898676e-02
  6.68826923e-02 -6.06223792e-02 -1.33517233e-03  8.01911131e-02
 -5.74169494e-02 -1.44154783e-02 -8.59839283e-03 -2.50653904e-02
 -4.42399196e-02 -1.50866844e-02  6.51878715e-02  5.95423020e-02
 -2.92685647e-02  1.87718086e-02 -2.42034420e-02  2.98651662e-02
 -3.51785682e-02  1.39160575e-02 -6.07234612e-03 -4.18479890e-02
  2.58478988e-02  1.49578496e-04  1.03842346e-02  5.37738157e-03
 -7.20531642e-02  8.90051853e-03 -4.78503369e-02  4.94740568e-02
  3.79660539e-02 -2.92283744e-02 -2.19764151e-02  4.16565090e-02
 -7.57762417e-02  1.00929225e-02  2.23080702e-02 -7.77075738e-02
  1.39521714e-02  4.55670878e-02 -4.27700989e-02  9.73975956e-02
  8.29420704e-03  8.57401118e-02 -6.48982963e-03 -1.75565541e-01
  1.57510545e-02  5.57605289e-02  1.08466670e-02 -6.20272346e-02
 -5.46750240e-03 -1.00056650e-02 -2.21281638e-03 -1.87965985e-02
  7.80687854e-02 -1.15463827e-02  5.98707981e-02  5.54013923e-02
 -3.48230675e-02 -4.16066758e-02 -6.40490875e-02  9.07314650e-04
  7.06283189e-03 -2.28634682e-02  4.78924140e-02  1.14858793e-02
  9.58869606e-02  2.10644212e-02  7.20933173e-03 -8.03393032e-03
 -4.48091999e-02 -6.73372997e-03  2.14354210e-02 -3.31419893e-02
  3.46103609e-02  1.14480704e-01 -6.20447136e-02 -2.57362649e-02
 -8.52354541e-02 -6.70301840e-02 -5.36756925e-02 -2.22904142e-03
 -4.39000987e-02 -4.02087606e-02  5.24912961e-02 -2.00208332e-02
 -1.71930660e-02 -5.58092594e-02  4.50013690e-02 -4.72013988e-02
  6.30420148e-02 -1.11662723e-01  3.46430987e-02  8.09216629e-33
 -4.83825197e-03 -1.21098598e-02  4.44010384e-02  7.29794521e-03
  2.95205917e-02  2.68235523e-02 -2.96125524e-02  6.69901595e-02
  2.43666004e-02  7.00305998e-02 -3.19052935e-02  6.85337037e-02
 -3.08415908e-02  8.85502100e-02  7.12726340e-02 -2.30332650e-02
  4.66994010e-02 -1.48798767e-02  1.27776535e-02 -3.18228081e-03
 -3.37408632e-02  1.08018629e-02  2.52043009e-02 -5.79683250e-03
  5.63688539e-02  8.39407146e-02 -2.54878327e-02 -4.24457341e-02
 -7.41201639e-02  5.56921698e-02  1.08986236e-01 -1.70598254e-02
  6.51190728e-02 -4.71566319e-02 -1.02607369e-01 -5.76586742e-03
 -4.70065437e-02  1.14757679e-02 -2.94428356e-02  2.29853927e-03
 -1.25149488e-02 -2.49583162e-02  5.32062240e-02  8.70780051e-02
  2.35555395e-02 -6.77792029e-03  6.33899271e-02 -2.52439845e-02
  8.80878940e-02  4.81696054e-02 -2.34153762e-04 -6.22160174e-02
 -1.65781491e-02 -7.52473474e-02 -2.65565533e-02  2.12479457e-02
 -7.48968795e-02  5.46941049e-02  1.05113778e-02 -1.28554568e-01
 -4.57410030e-02 -1.58589873e-02 -3.22677717e-02 -6.37783948e-03
 -6.09317236e-02 -9.99066979e-03 -3.50887217e-02  2.75529735e-02
  1.81662545e-01 -3.60814994e-03 -7.60233626e-02 -3.77924703e-02
 -7.22926855e-02  9.77000520e-02 -1.14940256e-02  9.51436013e-02
  2.87164506e-02 -2.12255083e-02 -5.90075143e-02 -1.66271664e-02
 -1.45802915e-01 -1.33774048e-02 -2.56567765e-02 -5.97694004e-03
  7.77627155e-02  8.55422914e-02  8.60156044e-02  6.93058297e-02
  4.13023867e-02  6.21124022e-02  3.23187336e-02  6.95706829e-02
 -2.64369487e-03 -1.97791383e-02  9.73861143e-02 -1.11941710e-32
  3.51523571e-02  4.35983315e-02 -1.53840631e-02 -3.99552733e-02
 -2.88250148e-02 -1.79728232e-02 -2.91840713e-02 -3.56219523e-02
 -3.55445184e-02 -1.08721428e-01 -1.11014523e-01 -5.45717105e-02
  3.08067668e-02 -3.85595560e-02 -2.45544445e-02  4.80323061e-02
 -7.73305520e-02 -3.61092426e-02 -2.21752990e-02 -1.14898160e-02
 -5.69677837e-02  4.34306785e-02  7.39899948e-02 -1.00321863e-02
  8.46468564e-03 -5.10612205e-02 -5.05796634e-02 -5.77901490e-02
 -7.33837532e-03  2.06856690e-02  2.71884594e-02 -2.81983409e-02
  7.20682554e-03  9.21710879e-02 -4.85073030e-02 -2.71574017e-02
 -7.28873303e-03  1.04326112e-02 -1.51787261e-02  8.78223702e-02
  4.96940352e-02  4.00901735e-02  3.21882702e-02 -6.96801990e-02
 -4.77928035e-02 -6.92484304e-02 -6.11051284e-02 -1.50421470e-01
 -1.76986884e-02 -4.48488854e-02  3.18964571e-02 -7.48301437e-03
 -5.03718704e-02 -6.95779845e-02  4.48857434e-02  2.30986383e-02
 -5.92360608e-02  2.33086292e-04 -7.64683634e-02 -3.34543623e-02
  1.41040338e-02  5.69323003e-02 -3.72679047e-02 -4.42071967e-02
  1.12956502e-01 -2.40243189e-02  5.14404587e-02  2.47197337e-02
  1.01006159e-03 -1.06231347e-02  3.99363078e-02 -4.75585200e-02
 -1.08248562e-01 -2.82532070e-02  3.56230955e-03  1.23366956e-02
 -1.42123634e-02  2.54026819e-02 -3.24085504e-02  4.73286025e-02
 -6.80510774e-02  1.01932157e-02 -3.59087847e-02 -6.55362383e-03
 -7.76180699e-02  8.40577576e-03  4.48448807e-02 -3.72277200e-02
 -8.22176784e-03  2.56111585e-02 -1.45741841e-02  3.28974910e-02
  5.48908375e-02 -7.61234295e-03 -2.75925975e-02 -5.77752282e-08
  3.52946073e-02 -3.60737578e-03  2.85639483e-02  6.30308241e-02
  2.52028685e-02 -1.00491315e-01 -2.64384598e-02 -1.32986689e-02
 -3.38436253e-02  1.90428065e-04  4.83055338e-02  1.19485904e-03
 -3.31272781e-02 -7.83321564e-04  3.73051292e-03 -5.03948331e-02
 -1.08485308e-03  5.10620810e-02 -8.24511051e-02 -3.22652683e-02
  2.61997525e-02 -7.73118669e-03 -8.52980986e-02 -1.41325137e-02
  8.47780146e-03 -1.91222206e-02 -5.81906503e-03 -1.72513016e-02
  1.80499218e-02  3.27248238e-02  1.56053997e-04 -1.26464840e-03
  3.13982442e-02 -7.44988024e-02 -9.23775695e-03 -2.10004412e-02
  3.50696258e-02 -3.59502770e-02 -5.48536843e-03 -9.23557207e-03
  1.13911301e-01 -7.99299777e-02 -7.17891986e-03 -4.07735705e-02
  4.36751619e-02  1.90235227e-02 -4.18268070e-02  6.54921904e-02
 -4.16226825e-03 -2.91589927e-02 -8.39665309e-02  2.90414561e-02
  3.31451930e-02  2.71350369e-02  3.20222182e-03 -7.40233436e-02
  2.70969402e-02  2.18967795e-02 -3.31021706e-03 -5.66470623e-02
  7.05984533e-02  5.91836125e-02  7.17024282e-02 -8.68272260e-02]