[-6.43851012e-02  2.83960216e-02 -8.29922408e-02 -5.96436448e-02
 -2.27442803e-03  2.35136915e-02  4.54919152e-02  8.94376859e-02
 -1.42667769e-02  6.01388961e-02  3.88905704e-02 -9.31864139e-03
 -6.06765598e-02  3.28780189e-02 -2.01576371e-02 -4.14376333e-02
 -6.48194924e-02 -4.01984435e-03  1.14395740e-02  3.58830243e-02
  8.49299729e-02 -3.82545777e-02 -7.82667845e-02  1.17848836e-01
 -1.04253374e-01  1.20696425e-03  8.46308097e-03  4.72268015e-02
 -6.04681559e-02 -7.98720866e-02 -4.97362353e-02  4.36119884e-02
  3.77438068e-02 -1.91582330e-02 -1.80520266e-02 -1.29386112e-01
  1.02323489e-02 -3.84472944e-02 -4.75753956e-02 -4.75785899e-04
 -6.41716570e-02 -1.39789265e-02 -1.49103031e-01 -1.25426156e-02
 -5.96043505e-02 -7.92512521e-02  9.68186483e-02  4.51405235e-02
  3.75229195e-02 -3.54586653e-02 -5.20539470e-02  8.18117708e-02
 -1.26923500e-02 -7.33747035e-02 -5.46712056e-02 -6.90196902e-02
  1.89597644e-02 -3.51651013e-02  5.45298718e-02 -2.96434574e-02
  8.33878219e-02 -6.43733144e-02  6.54931506e-03 -3.07798706e-04
 -7.40160933e-03 -4.25702427e-03  1.91366524e-02 -1.19129963e-01
 -3.81375886e-02  5.44206193e-03  3.43088247e-02 -6.47914335e-02
 -1.97229325e-03 -2.45192330e-02 -8.51106942e-02  1.38241693e-01
  5.93104325e-02  3.63031030e-02 -3.07013970e-02 -1.45668210e-02
  3.53784673e-02 -9.24293175e-02 -5.15636802e-02 -4.53635715e-02
  5.78774363e-02 -4.70266342e-02 -1.10737393e-02  1.33974822e-02
  4.41683829e-02  4.70844936e-03 -2.22837385e-02  5.10464460e-02
 -4.99290116e-02 -2.76707876e-02 -4.23862366e-03  1.06589468e-02
  4.16677259e-02 -4.37009037e-02  7.59115368e-02  1.93183925e-02
  5.11160940e-02  4.90498031e-03 -5.89192547e-02 -9.45687015e-03
 -4.38419059e-02  5.68795577e-02  4.87549901e-02 -1.05973624e-01
  4.01118957e-02  4.31311429e-02 -9.82577503e-02 -1.89584889e-03
 -8.97362828e-03  4.29294212e-03 -8.73819664e-02  2.42291056e-02
 -3.97330262e-02  5.94762713e-02  1.18883504e-02  5.75741641e-02
  3.40173068e-03 -6.90410882e-02 -1.15966275e-02  3.17424070e-03
  1.23356037e-01 -2.76164711e-02  3.82498391e-02  1.42799994e-32
  2.37499438e-02 -3.89844999e-02 -5.04484884e-02  4.53728363e-02
  1.82830058e-02  6.71205893e-02 -6.17682897e-02  8.56391117e-02
 -3.16359065e-02 -1.56953707e-02 -6.02852441e-02 -1.06453421e-02
 -3.24935168e-02 -2.91140843e-02  5.48285730e-02  1.00433379e-01
 -3.81880859e-03 -9.31357071e-02 -4.99338843e-02 -2.17049010e-02
 -2.06814706e-03  2.03653518e-02 -6.94718212e-04  8.23130980e-02
  1.44313090e-02  1.34293139e-01 -7.92658404e-02 -3.18542011e-02
 -4.28680852e-02  4.31364253e-02 -1.41225578e-02 -6.51466623e-02
 -3.90281081e-02  2.34742165e-02  4.57637524e-03 -2.12634057e-02
  4.16287966e-03  2.38354523e-02 -4.21632715e-02 -2.36635823e-02
  2.45983209e-02  1.68991964e-02  1.70186348e-02 -9.67337471e-03
 -3.95306014e-02 -2.94910166e-02  6.05736813e-03  1.34371361e-02
  1.17230773e-01  7.37154111e-02 -6.63415343e-02 -9.95548591e-02
 -1.23488409e-02 -6.28211647e-02  2.64426880e-02 -5.61187370e-03
 -5.82416765e-02  5.27344346e-02  1.02455113e-02 -5.67216659e-03
 -4.51965109e-02 -3.43780965e-02 -1.81756243e-02  1.98830781e-03
 -2.15665568e-02  5.44012524e-02  1.64127517e-02  1.07017979e-02
  5.37434295e-02  9.55130719e-03 -6.53329119e-02 -2.90172752e-02
  1.29406098e-05  7.43860425e-03 -2.17178613e-02  1.58404261e-02
  3.17567214e-02  5.97548625e-03 -5.61838783e-02  5.63091524e-02
 -4.25764397e-02  2.28821915e-02 -3.69015266e-03  4.53970977e-04
  6.42846897e-02 -1.51354754e-02 -1.04761152e-02  5.67923225e-02
  5.87871261e-02  2.54559685e-02  9.58462059e-03  6.19104207e-02
  7.29105202e-03 -1.87258217e-02  9.60709602e-02 -1.55127139e-32
  2.57316027e-02 -3.13534099e-03  5.39949760e-02  3.24913971e-02
  4.41891653e-03  1.71392635e-02 -2.70882994e-02  7.14826689e-04
 -2.01381321e-04 -1.07334457e-01 -4.77159284e-02 -8.94676000e-02
  9.84113663e-02 -2.02707089e-02 -6.37990981e-02  3.87109034e-02
 -1.91409737e-02 -7.18143731e-02 -5.17825186e-02 -3.36388312e-02
  4.28256625e-03  8.56475718e-03  4.66350727e-02 -5.17892130e-02
  1.14354119e-02 -4.46942635e-02  5.20413602e-03  4.09244113e-02
 -9.27118063e-02 -5.65707032e-03  2.90140305e-02  6.00469187e-02
  7.80253625e-03  1.30745918e-01 -3.89440581e-02  9.47050471e-03
  6.25453666e-02  3.35983671e-02 -2.46151779e-02  1.19514786e-01
 -1.80290379e-02  5.87242655e-02  6.65621925e-03 -2.41880696e-02
 -3.59543152e-02 -6.32018521e-02 -8.95784516e-03 -7.68010765e-02
  2.02581808e-02 -3.69588472e-02  7.76928961e-02 -2.63522053e-03
 -5.41256592e-02  1.43271582e-02  2.67596953e-02  9.86859086e-04
  1.09902369e-02 -2.28939112e-02 -1.64044145e-02  7.81291574e-02
  1.23652376e-01  4.46774848e-02 -4.65541892e-02 -8.20786059e-02
 -2.06288565e-02 -2.69771069e-02  3.33492062e-03  3.83458287e-02
  6.23813868e-02  2.54754350e-02  5.93917891e-02 -3.56630534e-02
 -1.43515225e-03  7.85008669e-02 -2.91707311e-02  2.35300884e-02
 -1.18035339e-01  1.48050580e-02  1.94836557e-02  2.11284012e-02
 -5.62179089e-02 -6.82561845e-02 -5.06971916e-03  5.95602691e-02
  2.85365097e-02  1.08178534e-01 -1.01407003e-02  1.75728798e-02
 -5.30536845e-03 -2.78333351e-02  4.56221551e-02  7.05227330e-02
  7.58345500e-02  3.65612768e-02 -5.35866134e-02 -6.62995205e-08
  5.00855520e-02 -5.26965372e-02  4.18934599e-03  2.49089040e-02
  4.77616303e-03 -3.83882374e-02  1.65931899e-02 -6.09186627e-02
  6.11834740e-03  5.57266213e-02  8.29482079e-02 -9.20392349e-02
 -1.12281954e-02  2.21306123e-02 -1.88956112e-02  1.31188370e-02
  1.25946815e-03  7.78740495e-02 -2.27708071e-02  3.47314067e-02
  9.36477352e-03 -4.15970720e-02 -1.02373637e-01  6.64402219e-03
  4.62410599e-02 -5.59676364e-02 -5.13662510e-02 -4.23527062e-02
  1.20650176e-02 -7.19997566e-03 -6.24224357e-02 -3.93333137e-02
  7.27957040e-02 -5.61599582e-02 -8.15750435e-02 -2.92970613e-02
  9.55861136e-02 -9.33787506e-03 -6.16549365e-02  4.82530857e-04
  1.36337683e-01  4.56154384e-02 -8.79975408e-02 -7.44730309e-02
  2.13971231e-02 -3.27676348e-03 -5.49109792e-03 -4.61843200e-02
 -3.61283459e-02  1.22323330e-03 -6.85432367e-03  2.62659099e-02
 -2.06387192e-02  1.09995708e-01 -3.83701781e-03  3.08398274e-04
 -3.99254821e-02  2.26920433e-02 -3.07448059e-02 -3.75210121e-02
  4.09990400e-02  4.93094288e-02 -6.30576387e-02 -8.19642246e-02]