[-2.49585453e-02  7.11578354e-02 -3.78171206e-02 -2.47978382e-02
 -5.57587370e-02 -1.02530921e-05  2.04142276e-02  9.19100195e-02
 -2.06751674e-02  2.05774270e-02  1.19783416e-01 -2.06314288e-02
  1.62316393e-02 -5.58440350e-02  4.79349904e-02 -1.63287781e-02
  6.60680905e-02  3.66220772e-02 -3.55019979e-02  4.05004285e-02
  1.43181428e-01 -9.46464308e-04 -2.21423302e-02  9.67516378e-02
 -1.11645155e-01 -1.91297755e-02 -2.53946781e-02 -1.94110796e-02
 -6.24446683e-02 -1.33448392e-02  3.03821894e-03 -1.33287376e-02
  1.38596267e-01 -4.24433909e-02 -3.34948953e-03  6.84902491e-03
  3.83064300e-02 -5.49365021e-02 -1.08448202e-02  7.86250383e-02
 -7.71260038e-02 -4.93693203e-02 -1.22252852e-01 -6.34245723e-02
 -5.36803193e-02 -6.84254616e-03  3.20032910e-02 -1.48545252e-02
 -4.89869453e-02  9.00506973e-03 -2.43581645e-02  3.16184107e-03
 -5.39349131e-02 -3.43867093e-02 -2.72840224e-02 -8.95979777e-02
 -5.13053499e-02 -3.75946239e-02 -9.61744320e-03  1.74108986e-02
 -2.95473877e-02  1.81044359e-02 -3.39356810e-02  3.64222527e-02
 -1.46911507e-02 -3.10172662e-02  1.16290199e-02 -8.37151147e-03
 -3.39928456e-02  6.53889701e-02  4.21549752e-03 -8.20965692e-02
  4.06779870e-02  4.08267602e-02 -5.90974167e-02  7.28154182e-02
  2.56479979e-02  2.43970677e-02 -1.95100848e-02 -2.22666204e-01
  5.24266437e-03  7.47236190e-03 -3.40288170e-02 -2.95940731e-02
  4.49193716e-02 -4.83909901e-03  7.12116389e-03  5.12932278e-02
  9.00178701e-02  4.07011136e-02  3.95164490e-02  4.04076017e-02
 -8.01861584e-02 -8.47581327e-02  3.18828858e-02 -1.67046171e-02
 -2.13263724e-02 -1.90367308e-02  1.42908944e-02 -2.76551973e-02
  4.34401445e-02  5.69753237e-02  2.17776876e-02  1.23539232e-02
 -8.70977994e-03 -6.13220073e-02 -3.48200202e-02 -4.44285423e-02
  4.87842672e-02  1.19479053e-01 -5.13013788e-02 -3.24312076e-02
 -1.93809811e-02 -1.14850432e-01 -3.00284959e-02  8.04780144e-03
 -4.35476005e-02 -5.20216376e-02  5.20161986e-02 -7.70432651e-02
 -7.15174153e-03 -4.34835032e-02  8.29491764e-02 -3.46906893e-02
  5.27003482e-02 -4.97161932e-02 -8.40544980e-03  8.65654905e-33
 -3.84492305e-05 -8.16720128e-02 -1.40105793e-02 -5.16984500e-02
 -3.34799327e-02  2.33555045e-02 -2.95151435e-02  1.55898798e-02
  4.96979132e-02  2.41668038e-02 -1.00914557e-02 -3.04870028e-02
  3.90988868e-03  2.16875691e-02  1.42580986e-01 -1.12011023e-02
  7.24135563e-02 -2.01866310e-02  9.15943086e-03  1.06642283e-02
 -2.50982139e-02 -2.18512248e-02 -1.22883152e-02  2.13686731e-02
 -4.71254773e-02  3.39843445e-02 -5.70031926e-02 -1.79639049e-02
 -5.51159494e-02  3.74830812e-02  8.87297466e-02 -4.75125052e-02
  2.17552390e-02 -3.45098190e-02 -3.68298441e-02 -3.85066867e-02
 -1.53487455e-02  3.61443013e-02 -2.27273107e-02 -5.10573834e-02
 -4.50335592e-02  1.79711729e-02  9.56657007e-02  3.12576815e-02
  5.14578782e-02 -2.27341540e-02  5.56510203e-02  9.44722723e-03
  1.13133140e-01  4.48001362e-02 -3.03759929e-02 -3.23128738e-02
  2.01511160e-02 -4.86336760e-02  1.45246116e-02  1.09167944e-03
 -8.80501121e-02 -6.46378752e-03 -5.90338968e-02 -2.09724698e-02
 -3.71293463e-02  4.45683347e-03 -1.47571536e-02 -7.62683852e-03
 -3.59501541e-02 -2.74029188e-02 -2.06973348e-02 -2.80295592e-02
  5.70013970e-02 -1.71307921e-02 -6.76370859e-02  5.30598219e-04
 -6.97968304e-02  4.20718305e-02 -9.65067279e-03  9.31906980e-03
  7.23098740e-02 -8.81358981e-03 -1.48926191e-02 -2.37919088e-03
 -6.87742047e-03 -5.26388781e-03  1.08797792e-02  2.20228545e-02
  5.32868281e-02  3.98743451e-02  6.13114499e-02  5.61895892e-02
  1.30371163e-02  9.08391178e-02  9.27583687e-03  7.15100169e-02
 -4.34318259e-02  4.26702909e-02  3.50674726e-02 -1.15722357e-32
  7.00417161e-02  3.09720226e-02 -2.60790177e-02  1.37337409e-02
 -1.55973609e-03  5.96957579e-02 -1.75466556e-02 -7.55407661e-02
 -9.97316688e-02 -1.08784094e-01 -3.85673344e-02 -3.90486009e-02
  3.42669562e-02 -2.94716172e-02 -2.76707411e-02  4.69657257e-02
 -7.96705335e-02 -1.29508097e-02 -5.09389751e-02 -7.79728219e-03
 -2.23951954e-02  9.92427543e-02  7.94346407e-02  2.72184033e-02
  2.11992059e-02 -6.92770034e-02 -4.06913459e-02 -1.32708419e-02
 -5.92912138e-02 -2.33598556e-02  4.47500907e-02  5.51788956e-02
 -2.80755609e-02  7.64820948e-02 -1.97244454e-02 -5.62282018e-02
  2.37395223e-02 -9.32306517e-03 -5.22444360e-02  1.09369382e-01
  6.13647662e-02  8.43232647e-02  5.51489145e-02 -3.77404466e-02
 -4.97149788e-02 -3.68828140e-03  1.05447583e-02 -1.31704539e-01
 -3.47805470e-02 -6.21353351e-02  9.17280763e-02 -8.78645554e-02
 -1.86435338e-02 -4.52506468e-02  6.15995787e-02 -3.95391807e-02
 -1.59147922e-02 -6.16308190e-02 -6.64858148e-02 -4.90809791e-02
  7.25863427e-02  1.61989033e-02 -3.75302993e-02 -3.23432796e-02
  4.88014482e-02  2.36046780e-02  2.86600534e-02  8.33578631e-02
  4.18589599e-02 -2.75024306e-02  7.47725368e-03 -8.84305984e-02
 -7.60255307e-02 -6.68200850e-02  1.11178439e-02 -8.45750049e-02
 -4.09005731e-02 -4.49877344e-02 -6.06762953e-02  5.16458647e-03
 -5.38326539e-02 -2.34871600e-02 -2.23643165e-02 -1.99541543e-02
 -1.02933839e-01  2.45113056e-02 -6.80588111e-02  2.88643446e-02
 -1.91657506e-02  5.40189371e-02 -8.10067058e-02  3.77436057e-02
  2.04821005e-02  7.60587081e-02 -1.99332498e-02 -6.20761682e-08
 -1.67165361e-02 -4.03677858e-02  1.10062644e-01  2.66904775e-02
  3.23550850e-02 -4.03310172e-02  3.38362940e-02  8.84939451e-03
  1.60014201e-02  3.44215035e-02 -9.28938668e-03  4.94027697e-02
 -1.45941423e-02  4.81006727e-02 -5.00593800e-03 -9.57533047e-02
  6.15336150e-02  6.56372905e-02 -3.85338627e-02 -3.74513641e-02
  6.58283159e-02 -4.28406186e-02 -9.68414024e-02 -3.06467712e-03
  7.93274045e-02 -5.41503988e-02 -2.81611383e-02  1.74516439e-02
  2.63337046e-02  6.24418892e-02  7.30781853e-02 -1.63801033e-02
  6.73030689e-02 -7.49268979e-02 -6.87679136e-03 -8.83948579e-02
  3.27532254e-02  2.30314070e-03 -7.54224323e-03  5.27461097e-02
  3.32573615e-02 -3.46883163e-02 -2.11572070e-02  2.63041630e-02
 -1.67667251e-02 -2.95177046e-02 -2.32871231e-02  8.82546753e-02
 -1.53623354e-02 -3.14768478e-02 -1.76934898e-02  3.91492359e-02
  9.52589959e-02  7.71350833e-03  4.75676125e-03 -6.39102682e-02
  4.32527997e-02 -1.70923409e-03 -5.18775638e-03 -4.34913822e-02
  1.27541453e-01  7.01156184e-02  1.96425207e-02 -4.83258739e-02]