[-5.45262061e-02  8.50084051e-02 -3.90074141e-02 -3.69994827e-02
 -5.99374808e-02  2.42889784e-02 -2.05526426e-02  9.41734836e-02
  6.12232089e-02  1.36838496e-01  9.96202677e-02  6.40637949e-02
 -8.35253159e-04 -1.24621540e-02 -2.54906397e-02 -3.49504538e-02
 -2.49123406e-02  3.46187241e-02 -2.87324879e-02  5.72053045e-02
  1.23737492e-01 -2.91459472e-03 -4.74481890e-03  4.81837057e-02
 -3.27465869e-02 -1.88558958e-02 -4.81955372e-02 -5.29119093e-03
 -7.32303550e-03 -5.57143893e-03  2.73742736e-03  9.20319185e-02
  7.43420869e-02 -3.30491774e-02 -6.82373939e-04  1.73296401e-04
  9.70934555e-02 -3.67918201e-02 -5.76062175e-03  2.23494619e-02
 -7.43783042e-02 -5.12690470e-02 -1.10521130e-01 -3.62004153e-02
  3.08490563e-02  6.22854568e-03 -9.74898867e-04  7.61469901e-02
 -3.97059694e-02 -1.78332832e-02 -6.18144460e-02 -3.38264219e-02
 -3.61574553e-02 -5.34245651e-03 -2.57635824e-02 -3.14168595e-02
 -5.87947480e-02 -1.76014993e-02  3.42464782e-02 -1.98556352e-02
 -5.56626767e-02  8.87700394e-02 -6.11108318e-02  1.83413383e-02
 -1.62493344e-02  5.87098859e-02  3.24701052e-03 -1.03894118e-02
 -4.18254659e-02  1.01071693e-01  6.51695877e-02 -5.61612844e-02
  5.23700230e-02  1.15213273e-02 -1.02913313e-01  2.33831406e-02
 -5.29162725e-03  6.23489171e-02 -2.64007356e-02 -2.00393677e-01
  4.71663624e-02  5.26649915e-02 -2.36652903e-02 -1.34522915e-01
  1.91045888e-02 -4.61130217e-02  1.85040652e-03 -1.58274546e-02
  8.68965834e-02  2.90283486e-02  6.60787076e-02  3.12386379e-02
 -2.48806109e-03 -3.55384611e-02  1.97507236e-02 -5.30784763e-03
 -1.33056864e-02 -5.71700819e-02  6.81654215e-02 -6.19651144e-03
  6.84189275e-02  1.31658986e-02 -1.56842191e-02 -2.45367293e-03
 -3.15739922e-02 -5.44405356e-02  3.02232578e-02 -1.80355012e-02
  2.91152000e-02  2.20596008e-02 -8.46044645e-02 -9.19866711e-02
 -5.55159673e-02 -4.36008945e-02 -4.67693806e-03 -6.08746894e-03
 -3.19521292e-03 -3.64597328e-02  1.13973813e-02 -4.35398053e-03
  4.29320178e-04 -8.37779231e-03  1.09675536e-02  2.64856722e-02
  4.02740389e-02 -1.23215586e-01 -4.17278111e-02  1.47630864e-32
  5.87248765e-02 -6.80642901e-03 -6.83972239e-02  1.69354696e-02
 -2.10798178e-02  2.62163226e-02 -3.04260347e-02 -1.15164490e-02
  3.11000906e-02  6.03924356e-02 -6.96271379e-03 -2.52672471e-02
  2.57491302e-02  4.56692651e-02  5.60044125e-02  2.30140723e-02
  3.13401520e-02 -3.24397907e-02  1.25288162e-02  3.29119014e-03
 -4.10225103e-03  6.84774714e-03  2.78812796e-02 -7.32761845e-02
 -2.28510257e-02  1.13056883e-01 -8.33572224e-02 -2.51472578e-03
 -6.66760653e-02  4.61894199e-02  5.28891124e-02 -2.75868159e-02
 -5.57224918e-03 -2.51721428e-03 -5.63038513e-02 -2.48846281e-02
  3.67306694e-02 -3.22933532e-02 -2.08654851e-02 -4.00326289e-02
 -1.79674663e-02  2.00746432e-02  4.86706607e-02  6.29356503e-02
  1.11552872e-01 -3.67671177e-02  4.98107187e-02  4.16716468e-03
  7.16871396e-02  3.54981907e-02  1.36166057e-02  3.08958255e-02
 -2.75619533e-02 -6.90885931e-02  1.66890658e-02  5.86757883e-02
 -1.19319864e-01  6.76955283e-02 -8.24347371e-04 -3.90122905e-02
  4.43023676e-03  2.47860327e-02 -5.87424859e-02 -2.18939167e-02
 -5.67835234e-02 -1.66131854e-02 -2.08261907e-02  2.86706463e-02
  1.05069369e-01 -1.93118397e-02 -9.29958373e-02  1.55139640e-02
 -4.72815484e-02  5.17760739e-02  2.68581510e-02  4.64471430e-03
  6.94121048e-02 -1.84107441e-02 -7.81916007e-02  3.29044051e-02
 -1.53208068e-02 -2.11971849e-02 -1.76353492e-02 -2.44751666e-02
  4.74254191e-02  6.25586659e-02  7.02041984e-02  5.90731986e-02
  4.19958793e-02  1.41805792e-02  1.00450702e-01  2.44216120e-04
 -4.33773128e-03  2.25542486e-02  8.33948478e-02 -1.51913264e-32
  4.78664003e-02  2.82484689e-03 -7.50523433e-02  1.40517214e-02
 -4.13614213e-02 -1.51908193e-02 -2.35738456e-02 -4.86639887e-02
  2.76160962e-03 -1.09043047e-01 -4.38134782e-02 -7.43175074e-02
  1.17871642e-01 -2.45409291e-02 -6.34178072e-02 -3.13067660e-02
 -5.95484115e-02 -9.90183931e-03 -4.85186977e-03 -6.34472519e-02
  4.63848049e-03  4.05242853e-02  3.11799608e-02  1.90187246e-02
  3.11620571e-02 -3.25194523e-02 -4.77728397e-02  4.42173481e-02
 -8.95373747e-02  1.35522494e-02  1.87608637e-02  1.42389350e-02
 -2.63403878e-02  5.98023683e-02 -9.29274037e-03 -8.18234310e-02
  1.85037293e-02  9.83190839e-04 -6.05542883e-02  5.21518327e-02
  6.37755468e-02  8.27901289e-02  7.67832296e-03 -7.04455674e-02
 -7.17549324e-02  2.03303955e-02  1.55491168e-02 -3.25127393e-02
  7.74509385e-02 -3.66217606e-02  8.52240250e-02  8.49669892e-03
 -1.50202429e-02 -6.12196289e-02  9.20368657e-02 -1.02869555e-01
  4.29218076e-02 -7.49125108e-02 -6.09705746e-02  5.42359278e-02
  5.11435196e-02  5.66708893e-02 -2.60560289e-02  5.33514656e-03
  1.32408515e-01 -3.70342918e-02 -2.66430974e-02  1.29699096e-01
  5.47319986e-02  1.93609111e-02  6.61332980e-02 -1.04228884e-01
 -1.21318646e-01 -8.48718956e-02 -2.30671670e-02 -1.97592266e-02
 -3.05972435e-02  4.73630521e-03 -2.17126999e-02  2.36614165e-03
 -1.22713028e-02 -7.59114921e-02 -3.33474949e-02  3.37212011e-02
 -1.10114954e-01  3.18342410e-02 -2.96797324e-02 -2.03708261e-02
  3.24911922e-02  3.41780297e-02 -2.12903507e-02  1.84370354e-02
  8.43686834e-02  1.27476277e-02 -1.94231775e-02 -6.88244697e-08
 -3.10398592e-03 -7.29499967e-04  5.15530929e-02  1.13632279e-02
  7.90648907e-02 -2.52629537e-02 -2.16067955e-02 -1.13640968e-02
 -1.21234618e-02 -2.80400198e-02  8.39107949e-03 -1.72445700e-02
 -2.79058088e-02 -5.71853146e-02 -6.04067892e-02 -6.02738000e-02
  5.60048223e-02  4.40375879e-03 -3.50030474e-02 -3.01801953e-02
  8.32481980e-02 -4.45047840e-02 -9.38495174e-02 -8.19391087e-02
  2.97692344e-02 -3.44056562e-02  8.85560270e-03 -6.87786797e-03
 -3.49222198e-02  3.41189057e-02 -6.05099201e-02 -2.00200900e-02
  4.08626199e-02 -4.45750766e-02 -3.02376654e-02 -2.02091853e-03
  6.44234344e-02  5.77222370e-02 -5.84898964e-02 -2.24047527e-02
  1.01248108e-01 -1.74381789e-02 -7.24597229e-03 -4.15712409e-02
 -6.95082098e-02 -6.86917379e-02  1.68164875e-02 -1.06532488e-03
  5.36477612e-03 -7.08556697e-02 -3.65280658e-02  5.69453612e-02
  7.91475102e-02  2.77985651e-02 -2.10433491e-02 -3.16200927e-02
  5.60197607e-03  1.53155532e-02  6.76414510e-03 -1.56329628e-02
  9.96850803e-02  7.67982602e-02  1.53610082e-02 -2.61622779e-02]