[-2.71893907e-02  1.85327027e-02 -6.60092607e-02 -6.34938926e-02
 -3.09224259e-02  1.02291228e-02  1.13023296e-02  8.00000578e-02
 -1.86910778e-02  8.85765851e-02  3.66724469e-02  1.13131488e-02
 -8.28255340e-02  1.93667859e-02 -3.24502238e-03 -8.18512440e-02
  5.06319739e-02 -4.94858511e-02  2.63319667e-02  1.06887482e-01
  1.53767362e-01 -5.44092059e-02 -7.79579878e-02  1.70090678e-03
 -5.30262478e-02 -4.74510863e-02 -5.92901595e-02 -4.44095545e-02
  1.85145717e-02  2.88424920e-03 -3.07459850e-02  8.97620842e-02
 -4.82965335e-02  3.13496264e-03  7.53736645e-02  4.53124754e-03
  9.33423042e-02 -4.42723073e-02 -2.10778750e-02  5.05348556e-02
 -2.08117105e-02 -2.58760843e-02 -5.41699678e-02 -6.43313006e-02
 -7.83887343e-04 -2.59580780e-02  2.70981230e-02 -1.99133460e-03
 -1.02661684e-01 -1.81582547e-03 -5.06113805e-02 -2.57306434e-02
 -1.00727165e-02  5.01881279e-02 -4.99710720e-03 -8.82495567e-02
 -3.05152275e-02 -2.03107558e-02 -3.88908833e-02 -2.67048157e-03
 -3.65812480e-02  4.75184135e-02 -6.20152317e-02 -2.18050946e-02
  8.55356008e-02 -3.41025665e-02  7.24687590e-04  7.74522824e-03
  2.58181952e-02 -7.00648082e-03  3.80560420e-02 -8.70647356e-02
  1.23297377e-02 -3.31100821e-02 -4.67424467e-02  5.51034659e-02
  3.22381104e-03  1.08381145e-01  7.99541082e-03 -2.15177447e-01
  1.77613813e-02  2.45919432e-02  1.24715716e-02 -3.77550609e-02
 -1.59640238e-02 -5.48668168e-02 -1.35642523e-02  2.54055671e-02
  1.03063911e-01  3.14409770e-02  9.96213332e-02  1.05269007e-01
 -4.67735343e-03 -3.84760611e-02 -2.73879133e-02 -1.07745314e-02
  5.14436029e-02  7.71413138e-03  1.16904050e-01  2.20488328e-02
  1.12594247e-01  5.75893885e-03 -3.35492715e-02  2.76554413e-02
 -3.33130769e-02  1.43215694e-02 -3.57746854e-02 -3.52029353e-02
  1.62795503e-02  1.56366061e-02 -8.49947855e-02 -1.02515556e-02
 -2.50889789e-02 -6.64783120e-02 -5.05978800e-02  2.64126603e-02
 -8.85910317e-02 -1.78472940e-02  8.57630521e-02 -3.07875406e-02
  2.61712540e-02  1.20605817e-02 -2.84273028e-02 -3.93700637e-02
  3.78323793e-02 -5.64909913e-03  4.31857212e-03  9.38909656e-33
 -3.09098922e-02 -5.25394939e-02 -5.02572842e-02  2.18090764e-03
 -5.65583967e-02  2.80607771e-02 -4.04214067e-03  4.05152775e-02
  7.24130357e-03  5.78110144e-02 -4.05121557e-02  8.63033812e-04
 -4.27496545e-02 -7.97058549e-03  4.68073003e-02 -3.57492380e-02
  7.63940811e-03 -1.55943613e-02 -1.14980265e-02  5.26483729e-03
  3.57551016e-02 -1.82494894e-02  1.56165538e-02  4.30139806e-03
  1.78067237e-02  7.57600665e-02 -8.75667781e-02 -2.49139275e-02
 -8.21855813e-02  5.81148081e-02  6.05889224e-02  5.04538929e-03
  5.79736158e-02  4.05578949e-02 -7.02956617e-02  3.90344858e-02
 -3.01382467e-02  3.74559476e-03 -4.69141044e-02 -4.48587686e-02
 -3.71640250e-02  2.91456142e-03  2.55590286e-02  2.94359308e-02
  2.17733569e-02 -2.49498654e-02  2.33557131e-02 -5.04336208e-02
  6.90208524e-02  6.23560175e-02 -1.15976566e-02 -2.57506538e-02
 -4.41618338e-02 -4.66290079e-02  1.99662521e-02  3.57976593e-02
 -8.99223983e-02  2.99079195e-02 -9.49065294e-03 -4.47063074e-02
 -1.37825180e-02 -6.47925213e-02 -9.36792269e-02  4.01181951e-02
 -5.90025522e-02 -6.39466420e-02  2.44895723e-02  2.56906264e-03
  1.22215487e-01 -4.48372774e-02 -1.26766711e-01  2.90711876e-02
  5.15409485e-02  3.46092060e-02  3.13341208e-02 -2.20575463e-02
  6.59707263e-02  2.29147766e-02 -8.38530138e-02  2.72906851e-02
 -7.54372030e-02  3.33665833e-02 -1.78973675e-02 -2.02639867e-02
  6.19152114e-02  3.37563939e-02  7.92869702e-02  8.74887593e-03
  1.04476782e-02 -1.45095177e-02  3.35584469e-02 -8.19527078e-03
  1.22284926e-02  2.70942450e-02  5.66063374e-02 -1.23454531e-32
  6.03364082e-03 -5.50691923e-03 -8.58835503e-02 -1.02165258e-02
  1.77625027e-02  2.82927547e-02 -2.05616876e-02 -9.27003622e-02
 -3.34181525e-02 -9.11601782e-02 -5.34701347e-02 -7.59744868e-02
  5.45008630e-02  1.66853145e-02 -9.15198252e-02 -8.01955350e-03
 -3.30860913e-02 -7.21731931e-02 -2.65026167e-02 -7.60285940e-04
  5.16153574e-02  4.94488515e-02  2.62678377e-02  5.72901918e-03
  6.19916245e-03 -6.86563700e-02 -2.27882247e-03 -5.38877100e-02
 -5.55532724e-02  4.60617132e-02  2.63640713e-02  6.43126667e-03
 -1.82417594e-02  1.21537700e-01 -1.49726495e-02 -9.39297900e-02
  9.10650566e-02 -3.84914018e-02 -3.26756611e-02  9.72578153e-02
  8.18664804e-02  9.95422825e-02  1.10380510e-02 -2.74359956e-02
 -8.12472850e-02  5.68695851e-02 -2.91191097e-02 -1.13589197e-01
  5.97451068e-02 -6.14268929e-02  1.02069199e-01 -3.18914698e-03
 -4.55524540e-03 -1.24286180e-02  7.71994367e-02 -4.84289303e-02
 -3.89366224e-02 -5.05933501e-02 -1.05415761e-01  4.93069403e-02
  9.21130255e-02  7.48802647e-02 -3.22855935e-02 -2.67712027e-02
  1.07315600e-01 -2.92176735e-02 -5.09376638e-02 -5.17739775e-03
  4.17513177e-02  1.63316429e-02  3.88990715e-02 -7.89762214e-02
 -1.07036971e-01 -5.32769896e-02  3.60581689e-02 -2.94104666e-02
  1.69351846e-02 -1.94833353e-02 -5.78134656e-02  7.28951953e-03
 -2.52410285e-02  1.03642074e-02 -2.61706254e-03  2.22194903e-02
  8.13293364e-03  3.71656790e-02  1.77238416e-02  2.64851470e-03
  3.18516716e-02  6.97088093e-02 -2.14701518e-02 -5.14812022e-03
  1.04273044e-01  2.50981506e-02  1.79111212e-02 -6.32589803e-08
  4.59192088e-03 -5.02919219e-02 -3.63928676e-02  2.15536561e-02
 -1.22776320e-02 -3.11654843e-02 -6.82555512e-02  1.81943532e-02
 -5.21075353e-02  4.79689315e-02  9.66383666e-02 -4.56558093e-02
 -7.29737878e-02 -5.18440232e-02 -1.43068153e-02 -6.97785541e-02
 -6.54060440e-03  5.10946140e-02 -8.37863386e-02 -4.83561829e-02
 -1.65237058e-02 -1.11330289e-03 -8.85356665e-02 -3.30603011e-02
  2.70235743e-02  4.25538141e-03 -1.47743803e-02  8.07174761e-03
  3.37347873e-02  4.53498922e-02 -6.00538775e-02  3.35231572e-02
  3.91436554e-02 -7.54674375e-02 -5.73218279e-02 -1.98483188e-03
  5.82806766e-03  5.64505085e-02  2.17690645e-03  8.13189428e-03
  8.35657567e-02 -1.57234631e-02 -1.50104817e-02 -2.73997691e-02
  1.91422887e-02 -1.57488286e-02 -7.75521547e-02 -3.55885876e-03
  2.25758031e-02 -6.19044490e-02 -4.16240692e-02  1.66070033e-02
  7.85016865e-02  4.83534858e-02  3.57735604e-02  1.73427109e-02
  5.11544496e-02  2.42739487e-02 -4.69818451e-02 -5.72535172e-02
  8.32788572e-02  5.09531684e-02  7.02550262e-02 -1.47602260e-02]