[-2.32581645e-02  1.58523563e-02 -3.60876098e-02 -3.09745129e-03
 -9.03153419e-02  1.05466256e-02 -2.04274692e-02  6.01745509e-02
  2.14050524e-02  9.45723280e-02  9.39328820e-02 -1.01420889e-02
 -1.21772764e-02 -4.10020724e-02  2.25902870e-02 -6.11278825e-02
 -2.04100702e-02 -2.88977809e-02 -8.86985287e-03  8.14866945e-02
  2.70394534e-02 -5.30764349e-02 -6.57204166e-02  1.08304275e-02
 -9.25748050e-02 -8.48621950e-02  2.80082710e-02 -2.01098844e-02
  6.03426807e-03  2.04009060e-02  8.53544939e-03  1.03736714e-01
  4.00765762e-02  2.66337283e-02 -1.32221775e-02 -1.27493246e-02
  2.91940086e-02 -8.26895684e-02  5.09279631e-02  9.72349942e-02
 -7.15298355e-02 -6.21568933e-02 -1.92680750e-02 -1.08668238e-01
  2.88360491e-02 -2.92277336e-02  1.50193665e-02  1.80402864e-02
 -7.61965141e-02 -9.30763111e-02 -8.49887878e-02 -5.19153066e-02
 -2.64958516e-02  5.35949804e-02 -2.60825325e-02 -1.48409549e-02
 -5.55494390e-02 -1.08453728e-01  1.36423307e-02 -2.59472020e-02
  6.70589646e-03  2.00056694e-02  1.47561384e-02  7.06781596e-02
  1.00819007e-01  7.84339849e-03 -6.42264187e-02  5.25329001e-02
 -2.58629732e-02  3.24339978e-02  6.17703535e-02 -6.01787306e-02
 -5.80776483e-02  2.11405549e-02  3.56836501e-03 -4.86089522e-03
  3.02771316e-03 -1.49788735e-02  6.86873496e-02 -1.30616575e-01
 -5.07642142e-02  4.32405733e-02  2.15688162e-02  7.21015409e-03
 -4.15478311e-02 -1.51530374e-02  8.63254070e-03 -7.80384913e-02
  1.69529039e-02  5.28429113e-02 -3.39886062e-02  3.89547348e-02
 -5.01161292e-02 -6.41206726e-02 -8.52761865e-02  3.25288549e-02
  1.68581528e-03 -3.11239413e-03  4.06539589e-02  2.87363492e-02
 -7.80386245e-03  1.10255659e-01  1.55505985e-02  6.97770640e-02
 -5.67556582e-02  5.52531425e-03  5.16380891e-02  9.80080478e-03
  4.27370891e-02  6.39845207e-02 -8.62454623e-02 -3.32438946e-02
 -8.93581882e-02 -7.50916004e-02  4.43098284e-02 -6.11049756e-02
  3.44325304e-02  1.85525902e-02  1.22649521e-01 -5.83082549e-02
 -2.85586994e-03 -3.57426032e-02  4.76870220e-03 -5.09514436e-02
  4.82811499e-03 -8.85456055e-02 -3.88121232e-02  1.39509345e-32
 -6.38296530e-02 -4.59210984e-02  2.09051538e-02  3.25876363e-02
 -1.46390880e-02  4.66349795e-02 -1.28288642e-02 -5.52820377e-02
  1.51583711e-02 -2.14884635e-02 -8.78346041e-02 -1.03988824e-02
 -2.83555444e-02  2.94902343e-02  5.58352023e-02  3.48759480e-02
  1.49733741e-02 -5.94350845e-02 -2.20410582e-02  4.79860716e-02
  8.74454975e-02  2.30877921e-02 -1.87795900e-03 -4.32721637e-02
 -3.32083330e-02  6.91759586e-02 -4.78695007e-03 -9.03540999e-02
 -1.16169639e-01  6.00872897e-02  5.54138906e-02  4.90908027e-02
 -1.69093050e-02 -3.55515815e-02 -2.28876360e-02  1.20840687e-02
  8.51972401e-02 -4.37738793e-03  2.89916527e-02 -6.10831901e-02
  7.46041595e-04  5.01311431e-03  2.65064873e-02 -4.54435796e-02
  3.21377744e-03  2.35286877e-02  1.10563114e-01 -8.09680670e-03
  4.10201587e-02  3.63916568e-02 -7.17862770e-02  2.99457051e-02
 -4.70176397e-04 -2.04191729e-02 -1.47948200e-02  2.91957613e-02
 -5.74124008e-02  8.62883590e-03 -4.59090136e-02 -1.03861094e-02
  9.47052240e-02 -2.76525766e-02 -1.49349701e-02 -4.26177308e-02
  9.02209990e-03  2.73551699e-02 -2.05166340e-02 -4.91646901e-02
  1.51116371e-01 -1.81504380e-04 -5.74348941e-02  6.26945496e-02
 -6.20593801e-02  5.52111752e-02  1.17948214e-02  4.50434461e-02
  2.66540721e-02 -6.32942766e-02 -2.42110398e-02 -3.23869847e-02
 -2.87761725e-02  1.79381687e-02 -3.67475301e-02 -3.24059352e-02
  1.12354122e-01  3.73163633e-02  8.46686959e-02  2.65752338e-02
  6.02126606e-02  1.09645516e-01  5.42719215e-02  9.16818995e-03
  7.79808834e-02  3.27222385e-02 -1.05601437e-02 -1.48400637e-32
 -3.49968411e-02 -3.95726748e-02 -4.40435037e-02 -8.06539282e-02
  2.98479944e-02 -3.71572301e-02 -1.40886912e-02 -3.18342447e-02
 -1.57878809e-02 -3.24253999e-02  3.63496952e-02 -1.06241681e-01
  1.06033996e-01  6.61761174e-03  5.27945943e-02  1.64059140e-02
 -2.16153562e-02 -1.00487538e-01  8.53557326e-03 -5.05528450e-02
  1.62464231e-02  2.18630359e-02 -3.61854322e-02  1.99481603e-02
  1.28150117e-02 -8.25043209e-03 -2.28703171e-02 -3.00296508e-02
 -6.63902937e-03  4.72728685e-02  1.34183345e-02  9.20806639e-03
 -7.52893882e-03  4.21067216e-02  1.98901445e-02 -3.31781097e-02
 -3.49378064e-02  2.17418838e-02  5.55766411e-02  1.02363229e-02
 -6.57270057e-03  8.28676075e-02 -4.59467135e-02  1.88043639e-02
  3.46407145e-02 -1.79408677e-02 -2.25149672e-02 -1.25405975e-02
 -8.22872575e-03 -2.87115294e-02  1.27460528e-02 -3.17974761e-02
 -2.13944949e-02 -1.11317456e-01  1.16182193e-02 -8.22834745e-02
  9.64425057e-02 -1.15760341e-01 -8.64198208e-02  2.91563477e-02
  7.21077248e-02  7.66594941e-03 -5.25129549e-02  4.72388268e-02
  3.19047049e-02 -2.09969375e-02 -3.45653407e-02  3.09864711e-02
  1.69157777e-02  1.64983254e-02  4.54088673e-02 -4.59243059e-02
 -8.11853707e-02 -3.24243493e-02  1.48155978e-02 -1.19830556e-01
 -8.83993357e-02  4.35410887e-02  5.06179594e-02  2.63081882e-02
 -1.10508174e-01 -5.56142107e-02  1.32584572e-02 -3.90555300e-02
 -5.11416681e-02 -5.37409596e-02 -1.12093585e-02  4.21102084e-02
 -2.42250096e-02  3.02342256e-03 -4.61760052e-02 -7.02488795e-03
  1.75502282e-02 -4.80452515e-02 -9.08036754e-02 -5.96275811e-08
 -1.63763966e-02 -6.86260834e-02  7.83920959e-02  4.09686193e-02
  9.47908778e-03 -4.57705697e-03 -1.23569788e-02 -6.18666820e-02
 -9.94236395e-03  4.54342514e-02 -6.18485324e-02  4.32513952e-02
  7.40136206e-02  8.98431707e-03 -3.33733275e-03 -2.43825198e-04
  1.31013080e-01  7.49009624e-02 -3.35313194e-02 -1.00098811e-01
  1.21097393e-01 -8.58675987e-02 -8.15760046e-02 -9.60464682e-03
  3.23853944e-03  2.48735566e-02 -4.81450669e-02  2.73252036e-02
 -6.73967898e-02  6.61059003e-03 -2.05557281e-03  4.23257463e-02
  1.17592597e-02  1.01471432e-02  8.64457712e-03  2.45467834e-02
  2.82100849e-02  2.41369624e-02  7.00338045e-03 -6.75970037e-03
  9.17502716e-02 -5.36143705e-02  2.52518896e-02  3.84801975e-03
  6.44453689e-02  5.36246076e-02  9.04042721e-02 -4.15242873e-02
 -2.07379106e-02  3.28904688e-02 -3.32889110e-02  2.76025664e-02
 -1.89699349e-03  4.01008986e-02 -3.83253209e-02 -7.98537023e-03
  3.55254859e-02  8.32963586e-02 -7.96926580e-03 -5.44089302e-02
  1.03433490e-01  9.89547595e-02 -3.79609439e-04 -5.55382445e-02]