[-2.33467203e-02  1.05626315e-01 -3.40840183e-02 -1.26929060e-01
 -7.19430894e-02  3.23811988e-03  4.49566822e-03  6.92190379e-02
  1.90278292e-02  6.49630204e-02  3.54859121e-02 -1.83244012e-02
 -5.00014226e-04  1.90384425e-02 -3.84211205e-02 -3.14107500e-02
  6.91371113e-02 -4.89593716e-04 -7.23286532e-03  1.34134404e-02
  1.19203925e-01 -8.21238533e-02 -1.02930330e-01 -3.58245671e-02
 -7.15560094e-02 -3.75680327e-02 -8.29056501e-02 -2.72416342e-02
 -4.91914786e-02 -1.04862489e-02 -5.81509173e-02  6.94726482e-02
 -8.29099491e-02 -4.04322408e-02  5.85908182e-02 -2.38625407e-02
  5.40190227e-02  3.39525267e-02 -3.16002443e-02  6.40100315e-02
 -7.44533818e-03 -1.49381272e-02 -7.62618855e-02 -5.62954657e-02
  2.53931843e-02 -2.86238622e-02  1.71735231e-02  3.68867107e-02
 -3.23207863e-02 -4.79002520e-02 -1.27779722e-01 -1.89000387e-02
  3.20504680e-02  6.75232336e-02 -1.15364194e-02 -6.43118620e-02
  4.86708097e-02  3.34306546e-02  1.91941801e-02  1.94109615e-03
 -2.23030783e-02  4.26201001e-02 -7.38695636e-02 -1.94163378e-02
  3.96919139e-02 -5.18670343e-02  3.36505398e-02  6.80223457e-04
 -8.86425897e-02  3.41693312e-02  6.56674728e-02 -5.83901070e-02
  5.53310756e-03 -2.73140613e-02 -4.93305102e-02  9.48391557e-02
 -5.59950843e-02  4.92872521e-02  4.74116690e-02 -1.64187819e-01
  2.23888084e-02  3.40274870e-02 -3.07519175e-03 -5.34330569e-02
  1.82187036e-02 -2.11312305e-02 -1.64657217e-02  8.46164487e-03
  1.07128091e-01  1.87753532e-02  6.36890009e-02  2.12471820e-02
 -6.45794719e-03 -5.76639250e-02  3.98325920e-02 -2.48103533e-02
  3.98389250e-03  1.80026274e-02  6.37332052e-02  1.96678769e-02
  6.38047606e-02  1.98128782e-02 -4.09799479e-02 -7.45878695e-03
 -2.64291465e-02  8.89679715e-02 -4.61688340e-02 -1.65285636e-02
  6.32293522e-02  1.07075637e-02 -9.32833925e-02  1.76084023e-02
 -3.18096243e-02 -5.92165329e-02 -1.88481547e-02  6.57117218e-02
 -2.71800272e-02  1.54243568e-02 -3.25213140e-03 -3.34138684e-02
  3.03672273e-02  1.15199266e-02 -4.20931689e-02 -3.18605825e-02
  4.58025299e-02 -3.14659886e-02  9.60148592e-03  1.19257348e-32
 -1.26961339e-02 -6.89276233e-02  1.02690626e-02 -1.40909282e-02
  1.20661110e-02  2.78364774e-02 -6.45431727e-02  4.49416786e-02
 -3.82032618e-02  2.77810208e-02 -8.70281160e-02  1.20296245e-02
 -5.94657101e-03 -5.53162768e-03  5.33603132e-02  2.89878584e-02
 -4.67102602e-03 -3.47873718e-02  1.36391716e-02  1.58734955e-02
  1.01618711e-02  1.62216425e-02 -2.62561794e-02  8.89482629e-03
 -5.38755096e-02  7.81384781e-02 -5.49958535e-02 -4.79469597e-02
 -9.18043479e-02  4.11526039e-02  2.83920690e-02 -2.93244384e-02
  4.35561091e-02  2.51432825e-02 -6.89510927e-02 -1.79321561e-02
 -1.88376661e-02  8.27225391e-03  8.15046579e-03 -4.30226028e-02
 -4.67198603e-02  1.63908117e-02  6.36236370e-02  2.09877044e-02
  1.46132018e-02 -5.63558452e-02  1.54082645e-02 -5.25304154e-02
  1.24909967e-01  9.75868404e-02 -1.36110571e-03 -1.37939341e-02
  8.32717866e-03 -4.48616408e-02  2.01262925e-02  6.04406465e-03
 -1.21388175e-01  1.11529119e-01 -5.66103403e-03 -4.17265035e-02
  1.32328682e-02 -1.73435733e-02 -8.94614905e-02  3.49917114e-02
 -6.27920255e-02  1.52415521e-02 -1.34659000e-02  3.34706134e-03
  1.63837865e-01 -4.27178256e-02 -1.06325291e-01  5.62740229e-02
  5.71506396e-02  3.53787169e-02 -7.15631479e-03 -1.87021978e-02
  5.42627014e-02 -4.49823290e-02 -8.66343230e-02 -1.15223927e-02
 -5.49676828e-02  3.97068672e-02 -2.62636337e-02 -3.49077471e-02
  4.51521426e-02  6.84495568e-02  2.02270336e-02  1.89659502e-02
  2.55313627e-02  2.46144868e-02  4.76520844e-02 -3.05965524e-02
 -3.58655341e-02  2.85023749e-02  2.57706679e-02 -1.25608433e-32
  1.08456165e-02 -1.36886705e-02 -6.41130507e-02 -3.62482890e-02
  6.77602217e-02  1.50673995e-02  2.43247617e-02 -2.91043781e-02
 -7.96810463e-02 -1.28275067e-01 -9.18321982e-02 -6.23973198e-02
  1.15681633e-01  5.33755571e-02 -1.06813759e-01  4.88950964e-03
 -7.94094577e-02 -3.57133374e-02 -5.53243309e-02 -1.56008266e-02
  6.88557848e-02  7.48082101e-02  5.09278551e-02  2.31310725e-02
  2.24161539e-02 -4.95093763e-02 -3.27809714e-02 -4.75465879e-02
  2.60483637e-03  3.58794741e-02  2.95676310e-02  8.65182932e-03
 -7.05902427e-02  9.63814110e-02  5.33544868e-02 -5.85249960e-02
  6.61441609e-02 -1.32416543e-02  7.12956395e-03  3.88380475e-02
  2.39184033e-02  8.71544182e-02 -5.73959388e-03  1.54504860e-02
 -3.43572460e-02  7.64801130e-02 -6.62341416e-02 -6.31229430e-02
  4.24061529e-02 -9.51113775e-02  5.44216149e-02 -6.96559262e-04
  5.78823558e-04 -6.94177486e-03  4.85409349e-02 -3.61381769e-02
 -3.20716389e-03 -7.02575371e-02 -7.46823251e-02  8.98086280e-02
  6.69402555e-02  4.41718400e-02 -4.77603674e-02 -1.39298625e-02
  9.52750295e-02  6.54204935e-02 -2.09475402e-02  9.29316655e-02
 -1.19741652e-02  3.96731235e-02  8.63835588e-02 -4.66648750e-02
 -8.49906951e-02 -1.85978021e-02  3.78999077e-02 -2.46520694e-02
  1.95720838e-03  1.65443104e-02 -7.51843378e-02  2.81059463e-02
 -2.08862219e-02 -2.21331720e-03 -7.10199866e-03 -2.07532719e-02
  9.33342986e-03  3.54238041e-02 -2.70976517e-02  1.25499107e-02
  5.85180474e-03  5.88225760e-02 -3.22468691e-02 -3.54031585e-02
  5.60853146e-02  2.62351297e-02  4.71969992e-02 -5.93598699e-08
  7.31122494e-02 -4.42839228e-02  7.27915298e-03 -1.66207668e-03
 -4.66688126e-02 -5.97737879e-02 -9.44093894e-03 -1.98692717e-02
 -5.94602376e-02  2.88574174e-02  1.29752040e-01 -4.93458696e-02
 -7.91398287e-02  1.78794898e-02  1.85459629e-02  2.97748465e-02
  6.29294217e-02  4.58392575e-02 -2.37735622e-02 -4.87569533e-02
  5.18693104e-02 -1.06705753e-02 -8.91993120e-02 -2.68074535e-02
 -1.68985352e-02  2.48995353e-03 -3.59064117e-02 -2.72353906e-02
 -1.21353446e-02  2.68330257e-02 -2.61185635e-02  1.65920109e-02
  1.78026594e-02 -7.62204379e-02 -5.99288382e-02  1.58122070e-02
 -8.86088461e-02  6.73511773e-02 -3.87562141e-02 -3.27839814e-02
  8.54694247e-02 -2.70632375e-02 -5.01835952e-03 -2.18132176e-02
  6.43024743e-02 -5.64472266e-02 -3.67713161e-02  3.97712141e-02
  3.54911797e-02  1.10523701e-02 -6.31573349e-02 -6.88772416e-03
  5.55173531e-02 -2.12092921e-02 -6.88520726e-03 -1.45436535e-02
  6.07124679e-02  2.60653924e-02 -3.97881530e-02 -2.75612604e-02
  1.57069325e-01  7.27820992e-02  5.93733452e-02 -3.37601118e-02]