[ 4.50839289e-02 -1.61255263e-02  2.85719763e-02  8.59653112e-03
 -1.46805476e-02  6.05727956e-02 -4.77022156e-02  5.01236953e-02
 -5.17806634e-02  3.45096551e-02  7.79277235e-02 -1.31346121e-01
 -2.08550226e-03  7.50535913e-03 -3.54215875e-02 -6.06896468e-02
 -3.31845507e-02 -6.84239203e-03  5.24631217e-02 -3.00540235e-02
 -3.76692042e-02  1.33112511e-02 -7.81193674e-02  1.56695694e-02
  3.60313279e-04  7.82884061e-02 -2.84760855e-02  4.83654328e-02
 -8.08342695e-02 -5.75461388e-02 -9.17715728e-02  5.13472706e-02
  6.54784814e-02 -2.77524674e-03 -2.59978343e-02 -5.36911301e-02
  4.98219114e-03  3.19192633e-02  3.79747227e-02  1.01445749e-01
  1.53053729e-02  1.55599685e-02  2.66625248e-02  6.29641302e-03
 -3.05433925e-02 -6.81878552e-02 -3.42560485e-02  3.58915403e-02
  4.25456390e-02  4.49808612e-02 -2.82103680e-02  6.74810261e-02
 -2.65877545e-02  4.57009189e-02 -2.14533918e-02 -6.47949353e-02
 -2.03255359e-02 -8.59623924e-02  7.06517184e-03  4.65701371e-02
 -2.63319584e-04  6.52176812e-02 -6.21425137e-02 -1.44137703e-02
 -4.25832346e-02 -5.65343089e-02 -7.63148740e-02  2.33501941e-02
  3.66103537e-02  1.77851692e-02  6.10350072e-02 -6.14950527e-03
  1.09952860e-01 -2.52501084e-03 -9.43109095e-02  2.89139673e-02
  5.49739553e-03  1.91445148e-03 -5.47177717e-02 -9.65618342e-02
 -2.40627192e-02 -4.26498875e-02  5.33104362e-03 -6.11140300e-03
  1.35822454e-02 -2.82617081e-02  7.72556663e-02 -4.48593087e-02
  3.53229269e-02  4.35340172e-03  2.85147727e-02  1.02568671e-01
 -4.34738025e-02  1.19126318e-02 -5.64515144e-02 -4.34260536e-03
  4.10876386e-02  8.70748460e-02 -7.64220059e-02  3.38255055e-02
  2.56372113e-02 -5.43878078e-02  1.67125203e-02 -1.27947489e-02
 -8.66510719e-02  3.12154833e-02  2.91061797e-03 -1.81140061e-02
  2.21241862e-02 -4.98431362e-02 -1.13700986e-01 -3.13963508e-03
 -3.22209531e-03  9.76882223e-03 -2.43719202e-02 -1.18727246e-02
 -3.21672410e-02  1.80419311e-02 -4.18064632e-02  4.55893911e-02
  6.13363683e-02 -1.49124702e-02 -2.85250996e-03  6.10397570e-02
 -3.57219614e-02 -2.44257087e-03  5.79290688e-02  6.03834073e-33
  2.02862564e-02 -7.05111921e-02 -1.17362663e-02  5.62257227e-03
 -3.57728153e-02  1.47541491e-02 -1.32200077e-01 -3.04070376e-02
 -6.69454262e-02  4.76763118e-03 -2.30025966e-02  2.83030607e-02
 -5.11426479e-02 -1.02225468e-02  8.35702941e-02  2.94881500e-02
  3.34455259e-02  2.60267151e-03 -8.12632591e-02  5.44128183e-04
 -1.65314088e-03  5.11530042e-02 -4.80730087e-02 -4.38014418e-02
  1.08697163e-02  1.47093773e-01  1.37261711e-02 -6.35020062e-02
 -4.01772559e-02  4.33156081e-02 -4.18031923e-02 -2.08442919e-02
 -5.38312504e-03  1.95476077e-02 -1.17196009e-01 -1.73635297e-02
 -2.53068898e-02 -2.73599885e-02 -6.20306432e-02  5.03263948e-03
  3.87642756e-02 -2.88139489e-02 -2.74922941e-02  7.93658420e-02
 -1.20710477e-03  2.98375878e-02  1.18245818e-02 -2.06148106e-04
  1.01201355e-01 -3.40778530e-02 -1.24791190e-01 -7.02740103e-02
  1.97499385e-03  8.25866126e-03  3.03896870e-02 -8.93075112e-03
 -5.22953719e-02  6.08699443e-03  3.64389308e-02  7.14075193e-02
  4.63109538e-02 -2.81395693e-03 -2.70858686e-02 -2.64062025e-02
  2.16764007e-02 -3.28357667e-02  3.69297601e-02  2.97439173e-02
  5.76253347e-02  1.35404263e-02 -6.95352629e-02 -7.03577651e-04
  1.05133370e-01  2.16955543e-02 -2.56336760e-02 -9.13547911e-03
  5.40143959e-02  4.73202132e-02 -7.48103932e-02  4.53360341e-02
 -1.01875804e-01  5.24575561e-02  3.16307694e-02 -2.29998063e-02
  3.69009934e-02  5.98550625e-02  8.46935213e-02  6.10067393e-04
 -6.03201650e-02  6.38346598e-02 -7.94477686e-02  2.81923767e-02
 -6.07307628e-03 -5.23003042e-02 -7.03079328e-02 -6.65073912e-33
  4.44325706e-04  1.01913810e-02  5.24780713e-02  1.70806143e-02
  2.74831112e-02  2.56899111e-02 -6.82766922e-03  1.24515288e-01
 -4.48544510e-03  2.03729849e-02 -4.48602922e-02 -1.83675140e-02
  7.10698217e-02 -1.23246722e-01 -4.55597276e-03  3.03960070e-02
  5.93764968e-02 -2.39123646e-02 -7.29692727e-02 -4.18076925e-02
 -6.93129096e-03  7.07376897e-02 -4.16693762e-02  1.43410498e-02
 -8.18297192e-02  5.96374907e-02  4.81099300e-02 -2.09822487e-02
 -1.31221995e-01  4.94263917e-02 -4.52902587e-03 -4.67362553e-02
 -6.68144375e-02  4.43256833e-02 -2.10016984e-02  5.43684736e-02
 -8.75418482e-04  3.90440151e-02 -5.67032099e-02  1.04506873e-01
  2.04314813e-02 -2.23609228e-02  2.50434261e-02  6.48075715e-02
  1.19786859e-02 -9.84339789e-03  3.84245114e-03  1.11648329e-02
 -8.62402003e-03 -2.57559232e-02  3.85766253e-02  3.07096802e-02
 -1.86117545e-01  4.01257314e-02  9.82792117e-03 -7.80756697e-02
  2.19797734e-02 -4.06925008e-02 -5.79622127e-02 -1.97247509e-02
 -1.52501781e-02  2.60915458e-02 -5.08924900e-03 -1.73896123e-02
 -6.52250368e-03 -2.63392515e-02  5.86288096e-03 -4.85359458e-03
  2.70575471e-02  5.24742566e-02  4.36817333e-02 -4.75652292e-02
 -3.94825749e-02  1.80208292e-02  4.30651046e-02  7.24849030e-02
 -6.73936829e-02  4.37621735e-02 -6.39097299e-03  3.93504612e-02
 -5.77959679e-02 -8.49384349e-03  5.11120912e-03  7.77449831e-02
 -7.15261744e-03  9.06399265e-02  1.28218606e-02 -3.46393511e-02
  6.62602186e-02  5.01671396e-02  3.05064451e-02  5.09754866e-02
  2.21866835e-02 -3.78685147e-02 -6.07693233e-02 -5.69636747e-08
  3.55413370e-02  2.39399094e-02  7.54013956e-02  6.07912540e-02
  3.59726287e-02 -1.37565974e-02  8.88291653e-03  8.70663971e-02
 -1.15182837e-02  1.08414613e-01  9.82885584e-02 -1.88498050e-02
 -3.59312743e-02 -3.59641090e-02  4.54164334e-02 -6.68630004e-02
 -1.63852945e-02  1.40663967e-01 -3.08856536e-02 -4.01380248e-02
 -2.81325914e-02  4.47972678e-02  2.99695041e-02 -8.41745883e-02
  4.43313532e-02 -5.43657178e-03 -6.80554137e-02 -4.69875559e-02
 -2.32618526e-02  5.99358454e-02  5.92437610e-02 -6.20140322e-02
  2.18672808e-02 -7.27187693e-02  3.11276168e-02 -3.41758569e-04
 -2.15491969e-02 -2.30138097e-02 -7.61957988e-02 -2.04358064e-02
  3.98120917e-02 -6.94400743e-02 -3.46320085e-02  8.38324726e-02
  5.74529357e-02  1.80046242e-02  5.29619083e-02 -4.03337739e-03
  7.40359798e-02 -9.41820368e-02 -1.01946414e-01 -1.55870272e-02
  3.37027535e-02  1.83029398e-02 -5.16192503e-02 -5.17760664e-02
 -2.06870604e-02 -1.09302169e-02  5.35401888e-02  1.15332780e-02
  5.90443760e-02 -1.31618619e-01 -1.16136432e-01  4.50942665e-02]