[ 3.46574299e-02  8.61411914e-02 -3.98327261e-02 -5.27216941e-02
 -8.55578631e-02 -3.20470496e-03  4.47705314e-02  5.09998389e-02
  9.56647005e-03  7.65104741e-02  1.24425575e-01 -2.51029972e-02
 -2.27118190e-02 -3.35402638e-02  3.55117619e-02 -8.46556500e-02
  2.34404299e-02  3.69776413e-02 -5.64329475e-02  1.13224410e-01
  1.44280717e-01 -9.35560092e-03 -6.59650043e-02  7.49921724e-02
 -5.38413189e-02 -3.53266485e-03 -4.64015156e-02 -5.13234548e-02
 -3.46069224e-02 -3.06197684e-02  2.27244850e-03  3.78537104e-02
  1.26177192e-01 -3.01646069e-02  3.39257866e-02  4.32410501e-02
  6.39580414e-02 -3.71040707e-03 -7.08153769e-02  6.66730329e-02
 -1.16657689e-01 -1.59924477e-02 -6.57893345e-02 -4.62975577e-02
  4.26265271e-03 -2.83686165e-02  8.04312080e-02  1.16426190e-02
 -6.22756258e-02 -7.62857171e-03 -5.01606204e-02  2.22525634e-02
 -2.42078938e-02  2.45034527e-02  8.32317676e-03 -6.06412590e-02
  1.95585960e-03  3.63172479e-02 -6.14283346e-02 -8.50720517e-03
  9.67034418e-03  7.07891025e-03  7.28738867e-03 -4.20967527e-02
  5.37269674e-02  6.87836949e-03  2.77886391e-02 -8.40522870e-02
 -6.94880411e-02  3.93239148e-02  5.99617995e-02 -8.27939585e-02
  5.31754903e-02  7.40540773e-03 -6.32627159e-02  2.31919978e-02
  1.97246857e-02  6.21540248e-02 -2.21764296e-03 -1.32167801e-01
  2.44505946e-02  3.37526598e-03 -4.30784561e-02 -1.80248376e-02
 -3.65774930e-02  4.95368987e-03 -2.63816547e-02  4.73200856e-03
  4.34691571e-02 -8.80032778e-04  5.82395419e-02  1.03204332e-01
 -3.16223167e-02 -9.18468237e-02  3.87699716e-02 -3.42742577e-02
 -1.91579740e-02 -1.29508115e-02  4.89045829e-02 -2.54581459e-02
  7.29076117e-02  2.32936423e-02  8.54698047e-02  1.95388813e-02
  3.32837217e-02 -2.44509336e-02 -1.43211950e-02 -7.39354417e-02
  1.32457223e-02  9.33586508e-02 -5.19430637e-02  2.01930190e-04
 -6.97773546e-02 -3.98378558e-02 -7.09632263e-02  1.66230034e-02
 -3.90838869e-02 -5.20510152e-02  3.42637189e-02  1.03368470e-02
  2.18788274e-02 -1.52991200e-02  2.78457049e-02 -4.40250337e-02
 -1.15324627e-03 -2.69608125e-02 -8.97670630e-03  1.04643763e-32
 -5.79455271e-02 -7.93033168e-02 -3.50231007e-02 -1.83552150e-02
 -1.50405718e-02 -1.52714178e-02  1.22921262e-02 -3.52418274e-02
  1.13860190e-01  7.66694220e-03  1.81842744e-02  7.01513886e-02
  2.02330342e-03  1.75922308e-02  1.36052832e-01  2.85018265e-04
  3.54694697e-04  2.24969611e-02  1.38741471e-02  3.40486206e-02
  2.68555563e-02  4.32851054e-02 -1.21848686e-02 -3.45473513e-02
 -1.36454189e-02  4.37819213e-02 -3.09500359e-02 -6.71447590e-02
 -1.04404874e-01  2.72591617e-02  8.27831477e-02 -4.14741179e-03
  6.28521293e-02 -6.58376366e-02 -7.07514733e-02 -7.92709589e-02
  3.51982117e-02  6.88709319e-02 -1.94958989e-02 -9.45330188e-02
 -6.58238083e-02 -7.11471727e-03  1.19160540e-01  5.02017736e-02
  3.59262154e-02 -3.42618860e-02  3.74199487e-02  3.20817903e-02
  5.90663664e-02  4.39600050e-02  2.70901658e-02 -3.81183587e-02
  7.34154554e-03 -6.72575161e-02 -3.01873051e-02 -2.02404223e-02
 -5.91335632e-02 -2.79800277e-02 -1.11295767e-01 -9.48334262e-02
  1.99566260e-02 -3.93442921e-02 -2.60383007e-03 -5.02387956e-02
 -5.75067140e-02 -3.30166817e-02  1.56979414e-03  1.84687041e-02
  8.15553889e-02 -4.53822762e-02 -8.19430426e-02  1.16437208e-02
 -5.32206297e-02  8.49105865e-02  8.60051531e-03  1.07469587e-02
  4.18781862e-02 -1.87921468e-02 -1.18458709e-02 -2.81218011e-02
 -1.17288297e-02  5.29850982e-02  4.49588224e-02 -1.37926741e-02
  9.49309915e-02  7.59729445e-02  2.99416315e-02  8.14893991e-02
  2.52637919e-02  2.33625472e-02 -1.32633804e-03  4.70082127e-02
 -4.71880995e-02  3.37486602e-02  5.50705567e-02 -1.42825429e-32
  1.38872759e-02  1.78908799e-02  3.77149344e-03  4.11543399e-02
 -8.49135965e-03  3.77935171e-02 -6.27744272e-02 -3.01451348e-02
 -6.65075928e-02 -1.27144307e-01 -7.88582191e-02 -1.08827293e-01
  3.38226669e-02  2.22099926e-02 -3.32410708e-02  7.15242028e-02
 -1.11404195e-01 -5.20453118e-02 -8.00191686e-02 -2.35825144e-02
  4.85216230e-02  4.18387428e-02  5.46568781e-02  2.91219112e-02
 -5.67764752e-02 -6.96474090e-02 -3.62335630e-02 -8.41079950e-02
 -1.84547752e-02 -4.40254733e-02  1.42884124e-02  4.31376975e-03
 -3.70021500e-02  5.26749790e-02 -3.45675312e-02 -6.88857213e-02
  2.12479761e-04 -1.34243006e-02 -5.18966131e-02  6.31487891e-02
  6.18975349e-02  1.61069967e-02  1.36095220e-02 -2.16113217e-02
 -7.17271585e-03 -9.92638543e-02 -4.04281728e-03 -1.35112032e-01
  7.23422412e-03 -4.49179597e-02  1.18452258e-01 -5.09366840e-02
  3.66984797e-03 -2.96401735e-02  4.47188839e-02  2.39099376e-02
  5.52536966e-03 -6.85370937e-02 -1.37928084e-01  3.90749648e-02
  9.03064087e-02  2.42627412e-02 -5.64142056e-02  2.68422766e-03
  7.22181574e-02 -7.93433003e-03 -1.61406584e-02 -1.94545630e-02
  9.21745878e-03 -3.69155183e-02  2.33941805e-03 -7.87900239e-02
 -7.55333081e-02 -4.43518087e-02  1.10651385e-02  2.20574364e-02
 -1.83694009e-02 -1.35218054e-02  7.65104080e-03  4.08194773e-02
 -5.32504581e-02  1.31538243e-03 -6.61540031e-03 -3.17969993e-02
 -6.11122102e-02  2.43792515e-02  9.08014365e-03 -1.83461085e-02
 -1.72326528e-02  1.60190370e-02 -4.17969488e-02  2.65334677e-02
 -2.47991998e-02 -1.94543954e-02 -5.20736612e-02 -6.44052136e-08
  2.54879557e-02 -2.82040294e-02  5.78003675e-02  3.09436377e-02
 -4.27471846e-02 -7.35693425e-02  1.50649985e-02 -4.12762398e-03
 -5.87449502e-03  6.62840605e-02 -1.71836577e-02 -1.27031119e-03
 -6.60331547e-02  1.30881565e-02 -6.73412951e-03 -6.98075742e-02
  4.57101837e-02  5.89823909e-02 -6.57455400e-02 -4.87767905e-02
  2.48102136e-02 -5.69076762e-02 -8.06939751e-02 -7.16263475e-03
  2.89294627e-02 -3.95645201e-02 -3.07347886e-02  4.98302877e-02
 -7.58891809e-04  7.43521899e-02  4.30763140e-02 -8.92912876e-03
  3.77573975e-04 -9.04460475e-02 -6.14036545e-02 -6.24487177e-02
  8.07084292e-02 -4.10018023e-03 -1.89212635e-02  2.74199247e-02
  5.68534993e-02 -7.01086894e-02  1.46219125e-02  2.19285786e-02
  4.89134081e-02 -1.14510609e-02 -2.68278383e-02  7.87522122e-02
 -2.03128010e-02 -4.60610203e-02  1.13607300e-02  5.53093888e-02
  3.35142501e-02 -2.66682599e-02 -8.82261395e-02  2.59830710e-02
  7.21575767e-02  6.78356737e-02 -2.54146401e-02 -1.09178443e-02
  1.12022847e-01  1.55174863e-02 -1.70484465e-02 -2.07495634e-02]