[-2.99243424e-02  4.43960056e-02 -1.92190316e-02 -7.81130642e-02
 -4.64533381e-02  9.61496755e-02  7.39272386e-02  1.23299032e-01
  3.11240107e-02  1.09456599e-01  4.16871347e-02 -3.90355475e-02
  2.13985387e-02  3.60981971e-02 -3.60798500e-02 -4.07769419e-02
  4.27450351e-02  1.21697327e-02 -3.56979184e-02  7.10516274e-02
  7.99025297e-02 -6.92071319e-02 -6.99931383e-02  3.30311581e-02
 -7.89804235e-02  3.97619717e-02  1.21764531e-02  5.26344553e-02
 -3.98859195e-02 -5.95052242e-02 -5.19083515e-02 -1.57608725e-02
  3.91634218e-02 -1.83148310e-02  2.08494347e-02 -3.23161995e-03
  2.51721796e-02 -1.06854483e-01 -8.53158981e-02  7.44062439e-02
  1.06209004e-02  3.88804190e-02 -8.39418322e-02 -3.75595614e-02
 -1.10323578e-02 -4.63620014e-02  3.63684185e-02  6.56218128e-03
  1.12106442e-03 -4.95233499e-02 -4.42191437e-02  7.57160783e-02
 -5.91687858e-02 -3.06551903e-02 -1.24642543e-01 -5.70963062e-02
  8.89180750e-02 -2.59903073e-02  4.31608744e-02 -1.62779205e-02
 -5.33007868e-02 -4.06622402e-02  1.20710935e-02  5.39517067e-02
 -1.79077834e-02 -2.72697657e-02 -1.94239467e-02 -3.00664697e-02
 -1.23353951e-01  6.86416626e-02  1.35005917e-02 -9.73012224e-02
 -4.80154380e-02  1.03211477e-02 -2.73212735e-02  1.33680671e-01
  7.14973500e-03 -5.02963774e-02 -5.38339838e-03 -8.44978392e-02
  5.55341952e-02 -5.73962629e-02 -4.12354209e-02 -6.06918931e-02
  5.48464023e-02 -2.15060972e-02  8.11019689e-02 -4.19862829e-02
  5.86244650e-02  1.32575994e-02 -1.77937467e-02  1.00709096e-01
 -9.18076634e-02 -2.76857279e-02  2.55467277e-02  6.14722865e-03
 -1.10119954e-02 -4.70493548e-02  3.71590704e-02  8.80739465e-03
  3.27039734e-02  1.95264556e-02  1.44211557e-02  8.44192877e-03
 -8.70456919e-02 -3.93160805e-02  2.57633142e-02 -3.12274359e-02
  2.05996968e-02  5.05218692e-02 -7.25771636e-02 -2.09821872e-02
 -8.01388919e-02 -1.67392008e-02 -4.50083576e-02  2.64363587e-02
  1.26821212e-02 -8.69972855e-02  4.53544445e-02  3.91972959e-02
 -1.47739390e-03 -1.47508457e-02  1.55837573e-02  6.69445992e-02
  2.91935299e-02 -3.23617123e-02 -4.04827762e-03  1.58271910e-32
 -6.70192689e-02 -9.15488228e-02 -2.41661984e-02 -2.15612054e-02
  7.48413906e-04  6.66184425e-02 -8.32794607e-02  1.33455452e-02
 -2.12010946e-02 -2.01046281e-02 -7.65102282e-02 -6.90276362e-03
 -5.57194406e-04  6.18972396e-03  7.21661672e-02  5.89479208e-02
  9.09584239e-02 -4.84634936e-02 -4.04134691e-02 -5.74190542e-02
 -4.05299887e-02  6.22934802e-03  9.80199501e-02 -2.19719373e-02
 -5.47180930e-03  4.33287807e-02 -2.58384161e-02 -8.79160389e-02
 -7.50221685e-02  2.66000070e-02  2.72352695e-02 -1.83767751e-02
  5.79002779e-03 -1.15253236e-02 -2.56692208e-02 -2.01547630e-02
  8.18827748e-03 -2.48998906e-02  4.34951819e-02  8.48197099e-03
 -2.52774004e-02  2.11042985e-02  4.03801212e-03  4.00210284e-02
  4.56328131e-02 -3.68160009e-02  2.11237948e-02 -3.92789133e-02
  4.16412205e-02  2.87737716e-02  1.52033893e-02 -3.55807468e-02
 -1.06909117e-02 -2.84761377e-02  2.97997799e-02  9.99127142e-03
 -1.17874347e-01  3.52307186e-02  5.65151498e-03 -5.81838526e-02
  5.30308969e-02  6.55161813e-02 -2.95211356e-02  1.36092296e-02
  5.84416557e-03 -6.63676485e-03 -2.35198289e-02  2.64675561e-02
  1.38006091e-01  1.25871170e-02 -9.47266147e-02 -1.80268139e-02
  4.89445589e-02 -2.50839745e-03 -7.20264204e-03  1.48200020e-02
  1.45302163e-02  1.39242532e-02 -6.96663782e-02  6.34393618e-02
  5.94172953e-03 -1.06100098e-03 -5.12707932e-03 -1.54367685e-02
  1.75866634e-02 -6.30945386e-03  4.15948592e-02  5.39821945e-02
 -1.73377106e-04  8.65522400e-02  1.30105913e-01  3.13508622e-02
  4.57718335e-02 -8.19701701e-02  2.92154737e-02 -1.56576362e-32
 -1.17593780e-04  2.91973222e-02 -3.94831039e-02 -3.77667435e-02
 -1.51764194e-04 -1.19520938e-02 -9.00385603e-02 -6.54574484e-02
 -3.42220329e-02 -9.23521072e-02 -6.36981204e-02 -9.70937386e-02
  1.21860623e-01 -5.90974726e-02 -7.01546818e-02  6.71583638e-02
 -6.11522533e-02 -2.05162261e-02  7.91188702e-03 -9.07643419e-03
  2.57055066e-03  4.87284511e-02  9.88419205e-02 -2.07297150e-02
  1.05966348e-03 -1.06885388e-01  3.17571163e-02  3.98027338e-02
 -1.63334627e-02 -1.06094452e-03 -3.67217860e-03  7.25541413e-02
  6.40533352e-03  1.01018623e-01 -2.47752257e-02  5.51787997e-03
  6.41830191e-02 -9.07717086e-03  4.24888842e-02  2.78735086e-02
 -2.85908114e-02  4.36291769e-02 -2.56404262e-02 -7.07148463e-02
 -2.38430705e-02  4.62589376e-02  3.65130566e-02 -1.10074736e-01
 -4.35987152e-02 -5.81305325e-02  3.72478329e-02 -5.40445000e-02
 -4.82087098e-02 -4.61464040e-02  5.40247448e-02 -4.66969013e-02
  3.82289924e-02 -6.53236806e-02 -5.51825240e-02  4.17973101e-03
  8.30966309e-02  7.36375749e-02 -3.42180044e-03 -9.13616046e-02
  6.46659508e-02  5.66596240e-02 -9.31236334e-03  2.76348349e-02
 -7.32277147e-03  5.97704053e-02  6.26773462e-02  2.21093148e-02
 -1.03187934e-01  3.49919591e-03  2.28857202e-03  4.35879454e-02
 -7.10236374e-03  1.23631865e-01 -1.95719451e-02 -7.35365925e-03
 -7.75815919e-02 -7.49369711e-03 -5.81080206e-02 -2.06729565e-02
  4.00804589e-03  5.34119010e-02 -7.45121315e-02  6.51628477e-03
 -1.92972440e-02  2.87884362e-02  2.47849654e-02  4.45466079e-02
  6.60980344e-02  7.70318555e-03  5.63664436e-02 -5.98312937e-08
 -3.83904018e-03 -2.92995889e-02  9.69141349e-03  3.45705152e-02
  3.07136215e-02 -6.14278838e-02  4.00284603e-02 -8.43588561e-02
  1.30986962e-02 -6.80344645e-04  6.78776801e-02 -3.62110287e-02
  5.49782217e-02  3.69370356e-02 -3.19485227e-03  7.20854774e-02
  1.17343673e-02  6.98696077e-02  1.65017396e-02  4.95133772e-02
  2.10482311e-02  2.60442439e-02 -3.09111848e-02 -1.51809948e-02
 -4.30358462e-02 -2.04579718e-02 -4.31515947e-02 -6.37378022e-02
 -6.23483881e-02 -2.75412425e-02  2.36263331e-02 -7.53269717e-03
  1.35405862e-03 -1.02995850e-01 -5.93253672e-02 -5.85765578e-02
  5.36788814e-02 -2.00767014e-02 -4.09505479e-02  2.46159621e-02
  1.36438936e-01  1.98970158e-02 -2.87983585e-02 -5.75447455e-02
  3.45395021e-02  1.05984926e-01  5.58898486e-02 -3.40353809e-02
  6.23083534e-03  4.68506850e-02 -7.07425550e-02  3.50817889e-02
  1.30918408e-02  7.76895927e-03 -3.37537155e-02 -4.23755236e-02
  5.08703478e-02 -2.27463599e-02 -4.40998152e-02 -4.34081033e-02
  6.37607723e-02  1.13334842e-01 -1.04633095e-02 -5.32557927e-02]