[-8.50847885e-02  8.02129693e-03 -3.12260706e-02 -6.50214925e-02
 -6.54037148e-02 -3.04836202e-02  6.75654784e-03  1.25626922e-01
  3.22632641e-02  7.54485354e-02  3.73511910e-02  3.72218410e-03
  4.61029150e-02  4.52439934e-02 -4.36765701e-03 -1.12043835e-01
 -1.92173347e-02 -2.19540577e-02  9.07719973e-03  2.07780264e-02
  1.32861733e-01  2.43387464e-02 -1.05810180e-01  2.54768841e-02
 -6.81324080e-02 -4.11972106e-02 -3.25036459e-02 -1.39674032e-02
 -1.87257305e-02 -9.16257128e-03 -3.07904780e-02  9.84659344e-02
  5.03284410e-02 -2.12636987e-05 -5.43540064e-03  7.09815919e-02
  5.20784035e-02  2.37957272e-03 -9.64573771e-02  1.27369324e-02
 -9.61055532e-02 -2.35353112e-02 -2.94455718e-02 -5.41823581e-02
  2.86507001e-03 -8.67596120e-02  2.39595994e-02 -3.61784436e-02
 -1.87364314e-02 -4.39096130e-02 -1.36486247e-01 -2.71488447e-02
 -2.57093403e-02  6.90328032e-02  2.42979079e-03 -6.44383132e-02
  1.05926022e-02 -5.62250279e-02 -2.98398882e-02  1.50661170e-02
 -2.90681999e-02  2.51370929e-02  4.81602084e-03 -7.08361482e-03
  3.57201546e-02  4.93150428e-02  1.29520865e-02 -4.35962789e-02
  6.79766610e-02 -1.45687778e-02 -1.54554322e-02 -5.10865077e-02
  4.00243402e-02  5.06252050e-02 -3.65987755e-02  5.98857813e-02
 -1.79179641e-03  5.09455763e-02  1.94287617e-02 -1.38012767e-01
  5.78167066e-02  5.02952635e-02  3.99045926e-03 -1.43593866e-02
 -1.78649165e-02 -4.76335670e-04 -2.40727626e-02 -2.76095234e-02
  1.37709364e-01  2.71344651e-02  6.56139478e-02 -2.79563870e-02
 -2.99595390e-02 -2.84183472e-02 -5.91056012e-02 -3.34856808e-02
  3.71679999e-02  5.05497819e-03  8.94733742e-02  1.53757324e-02
  5.25841154e-02 -5.21173999e-02 -1.21057974e-02 -1.96634065e-02
 -3.71770449e-02  2.14401502e-02 -1.31003628e-03 -8.03782344e-02
  9.26495157e-03  7.05624446e-02 -9.80042741e-02 -3.92951183e-02
 -8.34581554e-02 -1.16557844e-01 -4.64694388e-02  6.81159496e-02
 -3.18942331e-02 -3.85166407e-02  2.08772961e-02 -5.37418723e-02
  3.55739668e-02  1.74017232e-02  5.37481532e-02 -8.36594850e-02
  1.47523150e-01 -4.53500561e-02  1.12725031e-02  8.91328951e-33
 -2.26295665e-02  8.37551896e-04 -4.32102233e-02  7.20346272e-02
 -3.53971161e-02  1.89020280e-02 -2.69601960e-02  4.50355038e-02
  6.59688115e-02 -1.73064750e-02 -2.38278080e-02  1.11150905e-01
 -5.68084884e-03 -6.10227883e-02  2.29936535e-03 -1.62252504e-03
  2.87408778e-03  2.05343384e-02 -2.35669967e-02  1.36688342e-02
 -5.38536161e-03 -6.35197982e-02  2.81954128e-02 -3.38584594e-02
  3.61037590e-02  6.48896769e-02 -4.14781757e-02  1.98040605e-02
  3.84104699e-02 -4.79459157e-03  1.15747072e-01 -2.42161918e-02
  2.17778850e-02  6.11423654e-03 -1.48983672e-02  1.94935072e-02
 -7.24295899e-02 -2.74345484e-02 -2.49221660e-02  3.31696719e-02
 -1.80005971e-02  8.69719125e-03  3.14137079e-02  5.58629725e-03
  8.64079893e-02 -1.06421016e-01 -5.33877760e-02  4.48473264e-03
  9.51327831e-02 -1.28634265e-02 -4.64465178e-04  1.36296805e-02
 -4.33782861e-02 -8.21182504e-02 -4.48819902e-03  7.81069919e-02
  7.90410489e-03 -8.09179712e-03 -1.79576892e-02 -3.16768959e-02
 -3.06821298e-02 -9.56560671e-02 -3.68478820e-02 -1.15744499e-02
  4.03601900e-02 -7.39026740e-02  3.87515910e-02  1.30664371e-02
  9.38086584e-02  8.01739097e-03 -1.13989092e-01 -9.47352964e-03
  3.20937857e-02  2.60357149e-02 -1.36839617e-02 -1.02150654e-02
 -5.51490160e-03  1.67003423e-02 -5.88318557e-02  1.60314813e-02
 -1.03678197e-01 -8.73015448e-03 -3.06970589e-02  6.52678385e-02
  2.57428456e-02  4.65708934e-02  8.20495561e-03  1.93667058e-02
  2.39972174e-02  3.21356021e-02  2.76349392e-02  9.65894908e-02
 -7.26355463e-02  5.31943068e-02  6.89221472e-02 -1.09289141e-32
  1.19962636e-03 -3.75249162e-02 -4.57615070e-02  3.47789228e-02
 -2.11263113e-02  1.10823894e-02  5.50577380e-02 -1.18805151e-02
 -3.43426503e-02 -9.36737359e-02 -3.17471623e-02 -9.27287862e-02
  4.82384898e-02 -3.90191674e-02 -4.98825572e-02  4.79138643e-02
 -9.14213210e-02 -4.43375893e-02 -3.26364348e-03  3.34873721e-02
 -1.50126573e-02  5.49634658e-02 -3.98833379e-02 -3.78046297e-02
 -2.33882181e-02 -5.59047982e-02  4.67541674e-03  1.11151522e-03
 -2.27059498e-02  2.99802632e-03  5.19442409e-02 -2.72159912e-02
 -4.09730487e-02  1.27643704e-01 -3.24870199e-02 -3.00008822e-02
  7.31350034e-02 -5.58473170e-02 -2.32547764e-02  3.94967198e-02
  1.26317918e-01  8.15882459e-02 -3.59647796e-02 -4.36550453e-02
 -6.92357123e-02 -3.59297954e-02 -1.87107325e-02 -7.00285882e-02
  8.09680000e-02 -5.53189330e-02  1.03168949e-01 -4.55780700e-02
 -4.60568666e-02 -9.44492072e-02  4.81711589e-02  2.42539607e-02
  1.29451957e-02 -1.10851824e-01 -8.55159909e-02  4.21168469e-02
  1.09024219e-01  2.21318863e-02 -3.32244970e-02 -1.59043986e-02
  5.57253398e-02  2.90373918e-02 -1.47256879e-02  5.70152812e-02
  3.41320559e-02 -4.45345268e-02  4.41786572e-02 -6.01331182e-02
 -5.80615327e-02 -1.09563127e-01  5.79063445e-02 -3.85957807e-02
 -7.05045685e-02 -1.50516042e-02 -8.93086046e-02  2.43756920e-02
 -2.34010387e-02 -1.04502980e-02 -3.25341485e-02  3.47043201e-02
 -3.55152972e-02  4.80181053e-02  2.44065598e-02  3.82113643e-02
  2.98584271e-02 -2.04382073e-02 -7.76187032e-02  8.69495869e-02
  2.07728967e-02  4.38910350e-02 -2.22503021e-02 -5.96000618e-08
 -4.09227572e-02  8.31462815e-03  1.00039747e-02 -2.75385194e-02
  5.18404245e-02 -2.32614074e-02 -2.84503456e-02  3.24024297e-02
 -4.47754450e-02  6.48845285e-02 -3.90356071e-02 -6.95245191e-02
 -6.05181381e-02  1.02276867e-02  6.95647374e-02 -8.81594270e-02
  3.87855805e-02  5.03618456e-02 -8.86802897e-02 -7.32097328e-02
  7.89157599e-02 -2.72419658e-02 -5.53386547e-02 -4.14569862e-03
  4.34118062e-02 -2.03791671e-02 -1.39209414e-02  5.52859344e-02
 -3.54782827e-02  1.06449500e-02 -6.62005022e-02 -5.90486731e-03
  8.57253969e-02 -5.84899373e-02  5.56417480e-02  1.35466503e-02
  6.48424923e-02  1.73040926e-02  1.89360119e-02  5.59353083e-02
  8.36969689e-02  4.97510582e-02 -4.72765453e-02  3.18978950e-02
  3.28775123e-02 -8.87633243e-04 -4.06979173e-02  2.35130340e-02
  2.44907252e-02 -4.98139188e-02 -3.32972854e-02 -1.32588362e-02
  3.97413149e-02  3.09153907e-02  1.98278241e-02  2.92217508e-02
  2.42886618e-02  8.12813174e-03  2.21184865e-02  1.05463862e-02
  5.01663089e-02  3.68985310e-02  1.90606471e-02 -3.71657014e-02]