[-3.64467986e-02 -5.80462404e-02 -9.76261795e-02 -6.53116778e-02
 -1.89849585e-02 -5.42406505e-03  7.03045055e-02  1.29645377e-01
 -2.52287686e-02  3.68478782e-02  2.33163573e-02 -4.52089496e-02
  3.15894112e-02  6.11177878e-03 -4.19611670e-03 -4.58035879e-02
  2.52035111e-02  6.33156821e-02 -8.70442465e-02 -5.99711090e-02
  1.67475685e-01 -4.76626083e-02 -1.49037819e-02  1.21433754e-02
  2.88510751e-02  8.69961902e-02 -3.72818299e-02  1.91472266e-02
  1.10876234e-02 -2.85952706e-02 -1.93337686e-02  6.50876462e-02
  8.95818025e-02 -9.00300369e-02  1.54316137e-02 -2.96101021e-03
 -5.44605702e-02 -7.58982152e-02 -3.62553285e-03  4.98730540e-02
 -5.20196296e-02  1.69995930e-02  1.00828847e-02 -3.91802974e-02
 -4.90995161e-02 -8.62768143e-02 -5.54113090e-02  2.48954650e-02
  4.59350832e-02 -4.22943942e-02 -3.64894420e-02  1.05024919e-01
  9.27758869e-03  4.27958257e-02 -2.33762972e-02 -9.89640281e-02
 -5.61033972e-02 -7.05490727e-03 -1.66134257e-02 -1.57416379e-03
  1.46735869e-02  1.69129185e-02 -3.32208984e-02 -4.46548760e-02
  5.56503609e-02  4.90870327e-02 -3.23716141e-02 -1.29576609e-01
 -2.01237593e-02  6.71002120e-02 -1.32946009e-02  5.26988879e-02
 -1.65107008e-02  3.19755636e-02 -6.62190914e-02  6.43855929e-02
  7.39075318e-02 -2.12611854e-02 -3.76181677e-02 -9.17056948e-02
  3.62747721e-02  4.05959338e-02  4.08443771e-02 -6.92375889e-03
  4.27314127e-03  8.41851439e-03 -4.25553434e-02  8.80494192e-02
  1.86643247e-02  2.32919045e-02  8.99208784e-02  9.23962221e-02
 -6.88659623e-02 -2.32713409e-02 -5.14546521e-02  2.42832173e-02
  7.52918795e-03  2.64772270e-02  5.00882305e-02  2.04574745e-02
  6.06386065e-02  2.83770915e-02 -1.73373446e-02 -4.22610529e-02
 -8.86011273e-02 -1.90674514e-02  1.38600431e-02  7.13536739e-02
 -4.16151201e-03  5.65519333e-02 -8.75839218e-02 -7.52181420e-03
 -2.01062262e-02  9.67982691e-03 -9.89910737e-02  4.01600730e-03
 -1.57555044e-02 -4.70501371e-02 -1.29723763e-02  7.67673459e-03
  1.50189772e-02 -2.41505224e-02  1.13968506e-01  1.56305563e-02
  6.59370944e-02 -7.34879002e-02 -5.08967079e-02  1.41202101e-32
 -1.03734818e-03  3.74867991e-02 -2.83460505e-03 -3.89149711e-02
 -1.16601679e-02  3.38046812e-02 -6.87738582e-02  6.39980659e-02
  1.49635691e-02  2.76343226e-02 -8.29337165e-02  8.79679099e-02
  1.81922242e-02 -4.37570736e-03  1.00434907e-01 -4.53523323e-02
 -3.24392319e-02 -5.17326370e-02  5.79590350e-03 -4.59317267e-02
 -1.46734975e-02  1.38413152e-02  3.95240486e-02  6.04649633e-02
  1.66588183e-02  8.57492834e-02  1.76558793e-02  9.87847708e-03
 -6.98572844e-02  7.42899850e-02  4.46658432e-02  1.60804689e-02
 -1.23836689e-01 -2.48097517e-02 -2.01911516e-02 -5.63214123e-02
  4.29548100e-02 -4.45776135e-02 -4.72313948e-02  6.66179359e-02
 -9.06534586e-03  5.05492873e-02  9.11623985e-02  1.85711514e-02
  8.68903007e-03 -4.16158624e-02  5.44071347e-02  9.41868722e-02
  8.90753716e-02  8.67699534e-02 -5.76640218e-02 -1.35917682e-03
  1.00528657e-01 -5.09852245e-02 -9.33798868e-03  2.22922093e-03
 -6.75076619e-02  7.87093267e-02  2.71786749e-03  2.23713554e-02
 -8.50151256e-02  4.62456327e-03 -3.64122652e-02 -8.72590020e-03
 -7.57730454e-02  6.36549890e-02 -8.29167441e-02 -5.47348484e-02
  1.17965080e-01  9.72868782e-03 -5.29016964e-02 -6.70681661e-03
 -7.27525586e-03  4.44468856e-02 -1.31050358e-03 -1.15220733e-02
  7.05141202e-02 -2.66687069e-02 -2.33947132e-02  5.07658639e-04
 -6.54003397e-02  4.38423194e-02  4.52390453e-03 -2.05370914e-02
  2.43159980e-02  3.69828870e-03  2.57996190e-02  2.67064143e-02
 -4.29608747e-02 -1.61232259e-02  3.60493660e-02 -1.13949440e-02
  5.91861084e-03 -1.36474250e-02 -3.23596634e-02 -1.36017127e-32
  1.93631067e-03  7.22024143e-02 -2.54414808e-02  5.55141792e-02
  5.39832488e-02  9.16374382e-03  2.80778129e-02 -9.20987502e-03
  4.50352058e-02 -1.11776710e-01  5.74270897e-02 -2.46040132e-02
  4.45023850e-02 -1.29315332e-02 -1.10685267e-02  4.54849331e-03
 -7.75722489e-02  4.17612717e-02 -3.66553366e-02 -2.28185691e-02
  1.69333778e-02  9.92738083e-02  2.82437112e-02  7.30590848e-03
 -7.35404622e-03 -1.42119695e-02 -9.27627534e-02 -1.03893494e-02
  1.45795941e-02  4.57947850e-02  8.54746252e-02  4.50946689e-02
 -2.64449492e-02  4.13806736e-02 -3.10492069e-02 -3.41369994e-02
  6.75131083e-02 -1.32804383e-02 -8.06243811e-03  1.17484033e-01
  3.10619790e-02  4.48859371e-02  3.41480486e-02 -3.37154083e-02
 -1.38134044e-03 -2.55445186e-02  3.23410481e-02 -1.17890216e-01
  1.30704660e-02 -3.66733745e-02  8.27609971e-02 -5.42025007e-02
 -5.71927913e-02  5.58764338e-02  9.68174711e-02 -5.52930543e-03
 -3.96191850e-02 -3.63680534e-02 -1.17290586e-01 -7.79873179e-03
 -6.64971070e-04  6.58013746e-02  4.14582677e-02 -4.41084914e-02
  9.86784995e-02 -2.95854546e-02  3.55680436e-02  8.61714594e-03
  4.14013900e-02  5.47321048e-04  4.16051149e-02 -7.05127940e-02
  5.81980683e-03 -3.85704525e-02  3.66095528e-02 -2.64490098e-02
 -5.84640428e-02  6.20074980e-02  1.54167227e-02  1.20416994e-03
 -2.82102544e-02  1.98713299e-02 -8.33581109e-03 -4.75596152e-02
 -3.71109322e-02  3.49541823e-03 -4.92907502e-03  3.04786693e-02
 -6.36857748e-03 -3.27076763e-03 -4.31898050e-02  3.95950153e-02
  1.06999487e-01  4.33747843e-02  3.18640880e-02 -5.63770719e-08
  2.33468600e-02 -2.98004015e-03 -3.05034406e-02  5.48664555e-02
  1.37323178e-02  2.48801112e-02 -6.22983277e-02 -4.70058322e-02
 -1.69116315e-02 -1.16522415e-02  9.03669223e-02 -1.76211016e-03
 -7.29700327e-02  1.78977922e-02 -5.65577438e-03 -7.50328898e-02
  4.51462418e-02  1.04759440e-01 -4.06718478e-02 -8.30223598e-03
  3.17342952e-02 -9.14606173e-03 -8.52580462e-03 -6.48909062e-02
  5.97841851e-03 -4.16422561e-02 -8.31700861e-02 -8.90706107e-02
 -3.07000522e-03  5.62615953e-02 -6.31617233e-02 -2.76728570e-02
  1.92687903e-02 -9.88677964e-02 -6.50814325e-02 -6.13313913e-03
 -1.94445588e-02  3.41315717e-02 -2.68424600e-02  5.79777583e-02
  7.34075680e-02 -5.96116446e-02 -1.33651882e-01 -2.14208895e-03
  7.32774660e-02 -5.66154644e-02 -6.36097714e-02  2.11006366e-02
 -4.64560017e-02 -9.26201269e-02 -6.10606596e-02 -9.68703255e-03
 -6.53084368e-02 -4.15526442e-02  4.31797840e-03 -1.99337322e-02
 -3.96783501e-02  1.70602072e-02 -6.82312250e-03 -3.98042612e-02
  8.58857669e-03  1.75798237e-02 -5.28814420e-02 -9.72708315e-02]