[-6.11190796e-02  5.03529534e-02 -5.60497940e-02 -8.87179151e-02
 -7.50301257e-02  9.56767146e-03 -3.85591127e-02  6.05963171e-02
  4.54090796e-02  8.03162381e-02  1.04850605e-01  3.83546413e-03
 -5.06085269e-02 -1.62158869e-02  7.11366907e-02 -6.20207861e-02
  2.38851327e-02  4.21329178e-02 -1.87762566e-02  7.09032193e-02
  1.65521339e-01 -7.28004500e-02 -1.18544966e-01  5.66213913e-02
 -5.73730841e-02  1.57313291e-02 -4.85063670e-03 -2.26767156e-02
  1.41306976e-02 -4.14922088e-02  3.74350734e-02  8.02808553e-02
  4.82820533e-02 -6.19482659e-02  4.61774170e-02  4.78065684e-02
  9.76630952e-03 -3.23201418e-02 -6.20275997e-02  3.03817671e-02
 -8.85697007e-02  2.26789550e-03 -6.59780800e-02 -5.69620132e-02
  2.73886137e-02 -4.48417664e-02  4.90154373e-03  4.78531532e-02
 -5.20176962e-02 -4.30763252e-02 -3.37075889e-02 -4.22903262e-02
  3.74241034e-03  2.17959769e-02  2.26710141e-02 -3.27843800e-02
 -4.37415317e-02 -5.07238060e-02 -2.45420844e-03 -1.04086213e-02
 -5.49186580e-02  6.77456660e-03 -1.45369843e-02 -1.20279985e-03
 -3.45221534e-02  7.76114240e-02  2.77917478e-02 -2.38730032e-02
 -1.34670185e-02  6.35379702e-02  5.04411645e-02 -7.28583187e-02
  1.49970769e-03 -1.95305143e-03 -5.03393076e-02  8.21783245e-02
  6.76261336e-02  3.55295837e-02  1.89886279e-02 -2.07142472e-01
  1.11989630e-02  9.63513702e-02 -7.32885581e-03 -1.65418386e-02
 -1.41958017e-02 -2.06803065e-02 -3.62496525e-02 -1.41476244e-02
  9.63470638e-02  1.50131993e-03  1.45481471e-02  3.07863653e-02
 -3.84865217e-02 -5.14514223e-02  6.97081815e-03 -1.20423902e-02
 -5.69324121e-02 -5.83542734e-02  5.49219362e-02 -2.85378098e-02
  3.83324437e-02  3.48477103e-02  3.00309267e-02  9.59938765e-03
  5.05098701e-03 -1.31039517e-02 -1.55247301e-02 -5.13404608e-02
  3.04618161e-02  1.36921212e-01 -1.05631150e-01 -9.38624814e-02
 -3.64994816e-02 -5.82601950e-02 -2.11462658e-02 -4.51286929e-03
 -2.53202803e-02 -4.41410765e-02  4.75532636e-02 -8.64334404e-02
  4.42227125e-02 -1.54736517e-02  7.71645978e-02 -4.81702685e-02
  4.47923839e-02 -6.01909310e-02  3.46928723e-02  1.08031332e-32
 -2.56506838e-02 -9.66530666e-02 -1.19265048e-02  4.18316089e-02
  4.12646070e-04 -1.36132604e-02 -5.53888418e-02  2.96730036e-03
  5.27892821e-02  4.93560433e-02  8.02432932e-03  7.50588551e-02
 -2.34936439e-02  5.41617423e-02  1.44878790e-01 -4.11577709e-02
  7.19160400e-03  1.52104329e-02 -9.01078992e-03  3.60809267e-02
 -3.84826548e-02  3.57135874e-03  3.60507891e-02 -4.92154062e-02
  4.35111597e-02  5.22177294e-02 -5.19337617e-02 -4.06083465e-02
 -6.34163693e-02  3.03534530e-02  7.19921365e-02 -3.98207307e-02
 -4.07081190e-03 -3.31218578e-02 -3.85285504e-02  1.90943126e-02
 -2.50822343e-02 -3.70799564e-02 -1.50986481e-02 -5.28012263e-03
 -5.11681288e-02 -2.16283035e-02  5.80355190e-02  2.22767871e-02
  7.19837248e-02 -6.18723258e-02  6.88079745e-02 -5.60800023e-02
  7.83310235e-02 -1.55050475e-02 -2.00242698e-02 -3.72770503e-02
 -1.07498653e-02 -8.07939917e-02  1.52068660e-02  1.87994950e-02
 -8.27757046e-02  4.01085755e-03 -1.45841930e-02 -3.13170552e-02
 -6.78693131e-02 -3.86549309e-02 -2.74928398e-02 -5.24481235e-04
 -5.04088588e-02 -3.97047587e-02 -1.45350005e-02  1.03912065e-02
  1.43558398e-01 -3.89384618e-03 -7.96228647e-02 -1.76649839e-02
 -7.71856606e-02  3.99069153e-02  3.26459520e-02 -1.72836869e-03
  6.84298128e-02  4.26806919e-02 -4.88597900e-02  6.22833632e-02
 -4.54605035e-02  2.85211224e-02  2.52637230e-02 -5.53189544e-03
  9.46963653e-02  4.43478376e-02  4.96121012e-02  5.88197969e-02
  3.48739773e-02  6.44052327e-02 -7.35151916e-05  9.92756113e-02
 -2.95450632e-02  9.46848840e-02  1.08955419e-02 -1.38915309e-32
 -1.28020607e-02  6.00178610e-04 -4.85107936e-02 -6.03284361e-03
 -1.85574088e-02  3.10505964e-02 -3.31933685e-02 -7.30442256e-02
 -3.62296440e-02 -1.59187794e-01 -6.38794526e-02 -8.83118585e-02
  3.60103063e-02 -1.28209600e-02 -4.22153398e-02  3.17226984e-02
 -5.23659103e-02 -8.12400356e-02 -3.34563293e-02 -5.32123086e-04
 -2.78637651e-02  5.93823493e-02 -1.91754270e-02 -2.36335061e-02
  2.57402305e-02 -5.04786819e-02 -2.62962263e-02 -1.55444248e-02
 -3.56379114e-02 -1.79028362e-02  3.75925601e-02 -9.09913331e-03
 -2.68631056e-02  8.07334557e-02 -1.96975446e-03 -2.50509270e-02
  3.93151753e-02  2.70516630e-02 -4.97795828e-02  6.06670007e-02
  7.79901221e-02  6.35230318e-02  1.04386080e-02 -4.90809605e-02
 -9.96301696e-02  3.44504789e-03 -1.48778213e-02 -1.00586392e-01
  3.85307590e-03 -2.38106810e-02  1.17224015e-01 -1.31218219e-02
 -5.33912145e-02  1.97961251e-03  6.24056160e-02 -8.92250910e-02
 -2.12091841e-02 -8.30715448e-02 -8.32467750e-02  4.63061072e-02
  6.19796664e-02  2.46531330e-02  4.97459807e-03 -3.38848345e-02
  6.13449141e-02  2.34977733e-02 -1.74887609e-02  7.19722509e-02
 -2.72372905e-02 -2.67714672e-02  3.79696228e-02 -2.35470720e-02
 -1.25326112e-01 -7.90942833e-02  1.54643478e-02 -7.04605281e-02
 -6.03840873e-02 -5.40597625e-02  1.37516321e-03  6.90307049e-03
 -8.18647966e-02 -1.65127404e-02 -3.15996148e-02  1.89144854e-02
 -8.87292996e-02  2.12843996e-03 -5.48900478e-03  2.09915452e-02
  2.60974746e-02  5.97811528e-02 -4.01743576e-02  3.52430600e-03
  7.39443302e-03  6.20595627e-02 -4.02255021e-02 -6.30825312e-08
  1.28467539e-02  2.26816908e-02  1.05963007e-01 -2.65982896e-02
  2.55450979e-02 -6.40478432e-02  1.18902596e-02 -1.22568263e-02
 -5.87840914e-04  8.40375051e-02  2.72408314e-02 -1.43126422e-03
 -3.78705747e-02 -1.57420635e-02 -5.74063370e-03 -4.34180163e-02
  6.54987320e-02  7.85764158e-02 -2.16614194e-02 -6.00869656e-02
  2.96690073e-02  1.51073642e-03 -1.22572966e-01 -5.84513843e-02
  3.42021883e-02 -2.82726921e-02 -1.75280648e-03 -1.98436659e-02
 -1.59537327e-02  7.09183589e-02 -3.24483328e-02  2.90025361e-02
  1.94878690e-02 -4.11447361e-02  1.04294922e-02 -5.97402416e-02
 -5.09443134e-03 -8.00536107e-03  3.66791449e-02 -2.02983320e-02
  5.17554842e-02  3.21528502e-02 -3.67298257e-03 -4.52877069e-03
 -4.55158995e-03 -3.06718461e-02 -2.63546538e-02  7.03801289e-02
 -4.31953482e-02 -3.34723108e-02 -6.73351809e-02  2.29245219e-02
  8.06035399e-02  3.72246914e-02  5.48151731e-02 -4.17691916e-02
  5.78977950e-02 -2.51732916e-02 -3.54393274e-02  4.37153988e-02
  8.47433731e-02  3.38364132e-02  3.36869173e-02  7.02627189e-03]