[-3.27194631e-02  5.14937527e-02 -6.94121718e-02 -5.99108674e-02
 -7.74400160e-02  1.92135125e-02  2.58195810e-02  1.17028512e-01
 -1.99101982e-03  5.88219762e-02  5.11143580e-02 -5.80551550e-02
 -1.53277051e-02  4.77978736e-02  5.17699774e-03 -2.18910556e-02
  4.79249880e-02  9.22948029e-03 -2.04428360e-02  7.33933132e-03
  7.12412745e-02 -2.93882340e-02 -4.72148471e-02 -9.59830731e-03
 -1.25419162e-03  3.62379551e-02 -5.15587367e-02  5.22313677e-02
 -4.59392928e-02 -6.37442991e-02 -5.47406487e-02  1.00279264e-01
 -2.46172305e-02 -1.28423888e-02 -2.45043878e-02  1.47586996e-02
 -5.43764681e-02 -2.78850906e-02 -2.82166190e-02  2.71219146e-02
 -6.60136566e-02 -1.33540099e-02 -1.48916394e-02 -6.56887814e-02
  1.11699977e-03 -9.50281247e-02 -5.01949675e-02  7.33807832e-02
  2.22508702e-02 -5.96707128e-03 -5.63616380e-02  3.89394239e-02
 -3.22264768e-02 -3.81084858e-03 -2.26689856e-02 -8.34394395e-02
 -7.60409050e-03 -2.79121883e-02  8.75156745e-03 -4.26695496e-02
  7.05508329e-03  1.06010931e-02 -7.77168870e-02  3.70479040e-02
 -3.52438092e-02 -3.95656489e-02  2.54109874e-02  1.03865899e-02
 -1.14219449e-01  6.05541207e-02 -3.51520479e-02 -3.51297185e-02
  1.36696445e-02 -2.98363902e-03 -3.39235701e-02  1.10955454e-01
  6.87847733e-02 -3.54325883e-02  3.89894005e-03 -1.09647818e-01
  1.04712136e-01 -6.43400475e-03 -3.17616984e-02 -2.21257973e-02
  1.61840245e-02 -3.10327020e-03  4.66131382e-02  9.86080524e-03
  1.46097735e-01 -9.26655252e-03  3.59113663e-02  1.00469261e-01
 -9.06214938e-02 -2.64754016e-02 -1.54214129e-02  2.55132597e-02
 -2.62098052e-02 -2.62031965e-02  4.31270786e-02  5.28413765e-02
  6.95739985e-02 -3.85609805e-03  1.10310060e-03  1.98096083e-03
 -9.14108306e-02  2.28420757e-02  6.01585209e-02 -1.76647380e-02
  4.76786867e-02  6.03662953e-02 -9.99819189e-02  2.23897807e-02
 -5.62282465e-02 -4.77724411e-02 -3.34437713e-02  6.28423765e-02
 -3.91525514e-02  2.66407558e-04  5.65751456e-02  7.30137154e-02
  2.57561132e-02 -7.77154975e-03  1.88987833e-02  3.21567357e-02
  1.75841376e-02 -8.70467201e-02  4.16957065e-02  9.32231599e-33
  9.01107490e-03  8.03072285e-03  5.48797799e-03 -2.03784518e-02
  1.92379449e-02  6.91172853e-02 -4.06378992e-02  8.20885673e-02
 -7.10556284e-03  2.51944717e-02 -9.85085890e-02  6.35838807e-02
  1.34901181e-02  2.47540232e-02  1.13664597e-01 -6.72951788e-02
  6.38477830e-03  1.16617996e-02 -2.60507036e-02 -1.01624737e-02
 -9.01311170e-03 -2.85929814e-02  3.61813679e-02  4.33136038e-02
  6.65425509e-03  5.56962788e-02 -2.60478165e-02 -4.31617908e-02
  2.92852847e-03  4.76643890e-02  9.29365773e-03  2.38271970e-02
  1.27868587e-02 -4.24297601e-02 -6.80769533e-02 -1.83723227e-03
 -6.05862029e-02 -1.89591032e-02 -2.90122884e-03  2.44295653e-02
 -3.50238793e-02  6.66464046e-02 -2.48950580e-03  3.49035002e-02
  1.09545374e-02 -5.72119430e-02  6.24508858e-02  1.47701511e-02
  8.28937590e-02  7.49763027e-02 -9.74960998e-02 -1.47732366e-02
 -5.98910823e-02 -7.67639577e-02 -1.04325199e-02  3.71872745e-02
 -7.40534216e-02  3.20941955e-02  7.32428103e-04 -3.73548977e-02
 -8.99263248e-02  1.55638671e-02 -4.59262393e-02 -5.77911809e-02
 -2.33916659e-02  3.46071497e-02 -7.05954991e-03 -2.58662459e-02
  7.38723800e-02 -1.45905442e-03 -5.42210601e-02 -4.47130352e-02
  5.56866005e-02  1.17657306e-02  2.02819742e-02  6.06413223e-02
  7.54353032e-02  4.05833311e-03 -5.77864423e-03 -9.95495357e-03
 -1.49853617e-01  8.36770982e-03 -3.74140404e-02 -3.81892100e-02
  8.49284083e-02 -1.46481181e-02  3.45719457e-02 -6.12436980e-03
  7.84199219e-04  3.92733701e-02  4.95200865e-02  3.21867988e-02
  3.07738199e-03 -4.84907739e-02  4.67105806e-02 -1.04961573e-32
  7.97735155e-03  6.05189987e-02 -1.88714880e-02  6.02047704e-02
  5.00091054e-02 -8.06167349e-03 -1.19741783e-02 -1.67998839e-02
  8.28657392e-03 -2.00945847e-02 -5.52518740e-02 -2.96434071e-02
  6.38384745e-02 -4.67746481e-02 -4.00200672e-02 -5.29287290e-03
  2.25648494e-03  4.91737872e-02 -9.47628543e-03 -3.49371210e-02
  6.06155396e-03  1.34043917e-01  7.23339394e-02  6.31891415e-02
  2.95764897e-02  5.04809804e-03 -3.37534323e-02 -8.33210498e-02
 -7.30650127e-02  5.69593348e-02  5.43363169e-02  2.52887085e-02
  6.33158349e-03  1.57561675e-01 -5.35297990e-02  2.20154431e-02
  9.64567736e-02 -9.48103797e-03 -1.88147016e-02  1.14154756e-01
  6.88606650e-02  2.41897665e-02  1.84278935e-02  1.20122414e-02
 -7.39125237e-02 -6.67755827e-02 -1.46228736e-02 -9.71834138e-02
  2.89240908e-02 -1.00000381e-01  1.13008633e-01 -1.94581654e-02
 -2.09899601e-02 -7.07578426e-03  6.93758484e-03 -2.95568742e-02
 -1.37872081e-02 -6.54717088e-02 -1.04890794e-01 -2.37638541e-02
  1.55876622e-01  1.03094190e-01 -4.33448255e-02 -4.81255464e-02
  5.08581586e-02 -5.41007034e-02  6.10114969e-02  4.63290513e-02
  3.18041481e-02 -1.97380409e-02  2.89140432e-03 -3.54150049e-02
 -6.48788288e-02 -8.57405886e-02  3.63635570e-02 -1.66305825e-02
  6.15514209e-03 -1.77183375e-02  2.73092780e-02 -1.24451946e-02
 -7.52739012e-02 -3.00405212e-02  1.63114090e-02 -3.11277639e-02
 -1.05555192e-01  4.86575104e-02 -4.64099869e-02 -3.21501642e-02
  6.73168048e-04  1.02415003e-01 -6.65103197e-02  9.96010005e-02
  1.00882396e-01  2.71753222e-03  7.77257746e-03 -6.41715161e-08
  3.90638560e-02 -1.77480467e-02  2.90372092e-02  5.94234765e-02
 -2.57288385e-02 -6.54422566e-02 -2.27479842e-02 -2.06430405e-02
 -1.64146023e-03  4.07951251e-02 -2.58190627e-03 -4.55407761e-02
 -4.66611423e-03  3.90060130e-03 -6.22209953e-03 -6.38840050e-02
  1.34954741e-02  1.01520859e-01 -9.65192765e-02 -2.34798305e-02
  8.09089467e-02  5.37171289e-02 -6.89075962e-02 -8.73036608e-02
  1.10054994e-02  2.11776365e-02 -3.06851082e-02 -1.32045578e-02
  7.74436258e-03 -2.01225164e-03 -3.56932543e-02 -3.83711867e-02
  1.88507196e-02 -1.22172922e-01 -5.47025837e-02 -7.16838464e-02
  2.73177661e-02 -2.73823347e-02 -4.43108007e-02  2.22777836e-02
  9.03887153e-02  1.09299067e-02 -1.46164531e-02  2.04748251e-02
  3.61672677e-02 -1.55544165e-03 -6.58520982e-02 -3.64583707e-03
  6.45822613e-03 -9.88364890e-02 -7.01544210e-02 -1.08718383e-03
 -4.07506451e-02  3.99891175e-02 -4.25798669e-02 -5.74371256e-02
 -8.38363171e-03  5.38040623e-02 -2.39354409e-02 -4.46547680e-02
  5.37002496e-02 -3.27544399e-02 -4.39888425e-02 -4.80764732e-02]