[-2.16914974e-02  1.42659888e-01  1.33067435e-02 -1.02079786e-01
 -8.27491060e-02 -9.77527816e-03  2.13439185e-02  9.40181036e-03
 -6.76838867e-03  4.63316813e-02  5.59757166e-02 -2.15057041e-02
  1.63854547e-02  7.44197285e-03 -1.77509692e-02 -6.81798384e-02
  6.99133724e-02 -5.90315554e-03  2.26857048e-03  4.02463935e-02
  1.31684437e-01 -4.12392914e-02 -4.74055931e-02  5.09320572e-02
 -1.46601304e-01 -1.69052265e-03 -5.81172630e-02  1.11051239e-02
 -7.06720799e-02  8.74156505e-03 -4.31035310e-02  4.56654541e-02
  9.25524067e-03 -4.39703884e-03  2.60555968e-02 -3.11313253e-02
  4.74657826e-02 -5.93836419e-02 -5.72627783e-03  8.66093114e-02
 -4.50566486e-02 -6.83423579e-02 -6.57238737e-02 -5.80751635e-02
  2.10849736e-02 -9.50815342e-03  3.82929221e-02  2.93090306e-02
 -2.73054577e-02  6.59695175e-03 -5.54620177e-02 -4.09394801e-02
  9.70290788e-03  7.04323947e-02 -3.07050459e-02 -4.22648564e-02
 -6.55690348e-03  1.89873818e-02 -5.01965964e-03 -3.75772305e-02
 -2.13161279e-02  4.61753383e-02 -8.50856230e-02  4.63347770e-02
  4.94834455e-03 -7.57012963e-02  3.40541787e-02  2.16942299e-02
 -2.22812165e-02  1.15871400e-01  3.19605842e-02 -4.94453683e-02
  2.69661974e-02  2.86772531e-02 -2.87632719e-02  9.88652483e-02
 -3.58470120e-02  1.56548135e-02  9.61897336e-03 -2.19900295e-01
  2.21711732e-02 -4.59020771e-02  3.45589817e-02 -1.01002771e-02
  8.18458851e-03 -4.56358083e-02 -1.66533757e-02  6.01910241e-02
  8.69255066e-02 -1.99350584e-02  1.92652866e-02  3.12156547e-02
 -7.52512142e-02 -5.06887995e-02  7.14418897e-03 -4.99443989e-03
 -3.35302725e-02  5.76687977e-02  3.15953009e-02  6.32017109e-05
  7.54729435e-02 -1.78739689e-02 -1.30428409e-03  5.94537333e-02
 -3.96076590e-02  6.36449084e-02 -3.29789221e-02 -6.07441291e-02
  2.96836104e-02  5.33530563e-02 -2.07542609e-02  1.37175499e-02
 -2.31916234e-02 -7.29659349e-02 -3.98064181e-02  7.31414929e-02
 -8.00029784e-02  2.04992481e-02  2.05067378e-02  3.44095491e-02
  1.77844130e-02 -1.01629943e-02 -2.83725522e-02 -3.30516286e-02
 -4.25538805e-04 -4.18160595e-02  7.70613030e-02  1.03538791e-32
  1.63465720e-02 -3.09296828e-02  4.90251146e-02 -6.15027209e-04
  3.01525742e-02  3.67393158e-02 -2.38078702e-02  3.78216468e-02
  3.60345691e-02  6.83525205e-02 -1.03194676e-01  4.25356440e-02
  1.37212861e-03  2.62361616e-02  8.74381289e-02  1.34750521e-02
  1.39605412e-02  3.73823680e-02 -2.80795316e-03  2.70076673e-02
  4.79722433e-02 -1.77855119e-02 -1.94631089e-02  3.05628385e-02
 -2.82585416e-02  9.04550850e-02 -4.33134697e-02 -3.12474929e-02
 -1.15645900e-01  7.78095275e-02  2.89278869e-02 -1.46545582e-02
  3.43843661e-02 -8.34750384e-03 -7.79118091e-02 -1.44680561e-02
 -3.23243625e-02 -6.81570265e-03 -2.68146396e-02 -5.04767671e-02
 -5.52428849e-02 -1.55404732e-02  4.11426425e-02  3.40201333e-02
 -3.94079089e-03 -2.71104905e-03  6.33160844e-02 -4.03782427e-02
  1.26368567e-01  6.86942115e-02 -1.75809730e-02 -2.26124991e-02
 -3.62295695e-02 -7.30948150e-02  3.56176645e-02  1.86151192e-02
 -7.86738396e-02  9.70132574e-02 -2.71984395e-02 -4.21891585e-02
 -4.95098904e-03  6.13221014e-03 -6.97937682e-02  5.59577607e-02
 -5.24359308e-02 -6.34594932e-02 -2.75486037e-02  1.09946821e-02
  1.22501001e-01 -4.35014963e-02 -1.18950203e-01  2.68640611e-02
 -3.86540801e-03  4.50906567e-02  1.30156111e-02  2.45900899e-02
  8.49216655e-02 -3.96135896e-02 -4.35727984e-02 -1.55005101e-02
 -6.10590875e-02  3.17514385e-03 -4.36497033e-02 -5.14242426e-02
  5.80057353e-02  8.52051601e-02  1.08702794e-01  4.58230264e-02
 -4.83839336e-04  1.09086595e-01  3.18644308e-02  6.13056216e-03
  2.86824666e-02  3.14708538e-02  3.99985723e-02 -1.29913505e-32
  4.97054448e-03  3.51940021e-02 -2.70922147e-02 -3.25384699e-02
  3.96602415e-02  5.21687455e-02  4.66961116e-02  8.09402484e-03
 -8.72423947e-02 -1.06950864e-01 -2.92351916e-02 -7.18532726e-02
  5.04907034e-02  3.36330920e-03 -7.97555894e-02 -4.36708542e-05
 -7.69332051e-02 -5.10940216e-02 -8.17714408e-02 -1.63978268e-03
  7.16606975e-02  5.18349409e-02  3.73934545e-02  3.18354256e-02
 -2.58619245e-02 -5.34662493e-02  1.58916682e-03 -3.40198427e-02
 -3.48360837e-02  5.93002476e-02  1.44898205e-03  5.22981212e-03
 -1.70364287e-02  1.20886825e-01  2.11058948e-02 -1.81073025e-02
  4.11123075e-02  1.56574498e-03 -4.00679884e-04  1.00112759e-01
 -1.04321877e-03  4.96433228e-02  6.53495789e-02  1.47730047e-02
 -4.51009460e-02 -3.29440273e-02 -6.19062148e-02 -1.49075612e-01
 -1.06610870e-03 -5.72705530e-02  4.01136465e-02 -1.85169112e-02
 -6.17348030e-02 -3.52925882e-02  5.09312302e-02 -5.31959571e-02
 -1.23852573e-01 -7.46301562e-02 -1.20377801e-01  5.62344454e-02
  6.24351092e-02  3.24173532e-02 -8.32863245e-03 -1.10673448e-02
  1.03500023e-01 -4.81605204e-03 -3.62399518e-02  2.60153729e-02
 -1.12742418e-02  6.04663752e-02  4.63680513e-02 -7.78818354e-02
 -1.21917322e-01 -6.00674078e-02  5.20685352e-02 -5.91034479e-02
  6.89324399e-04 -1.61306392e-02 -9.59256217e-02  4.77442108e-02
 -4.87627983e-02 -3.60602164e-03 -1.21112857e-02  2.10665483e-02
 -1.87316351e-02  2.53509171e-02 -5.00469916e-02 -8.37545004e-03
 -8.64736643e-03  5.85796274e-02 -1.24175446e-02  1.92530118e-02
  3.64901312e-02 -1.68071538e-02 -1.47288863e-03 -5.53207222e-08
 -1.07677020e-02 -3.23797762e-02  2.15472002e-02  1.62969958e-02
 -3.70168835e-02 -7.19423667e-02 -4.44963984e-02 -2.12829988e-02
  5.29500190e-03 -4.90427809e-03  1.00327052e-01 -3.49317938e-02
 -2.19653901e-02  1.38697270e-02 -2.64278706e-02 -3.43274884e-02
 -3.64013598e-03  4.30301242e-02 -6.45783246e-02 -8.33610371e-02
  8.10377672e-03 -2.03857254e-02 -8.33551139e-02 -7.24122999e-03
  5.99334994e-03  4.54009138e-02 -4.17723507e-02 -2.55849455e-02
  5.17320028e-03  6.45736083e-02 -2.06757132e-02 -4.50332649e-02
  1.64245870e-02 -6.96448237e-02 -5.93727194e-02 -3.05619054e-02
 -1.14333117e-02  3.85218151e-02 -8.15501716e-03 -1.79497432e-02
  7.30207562e-02 -5.70749268e-02 -2.50799209e-03  1.32996868e-02
  7.59343058e-02 -3.59414555e-02 -3.08178570e-02  5.68963587e-02
 -4.21671197e-02 -2.53767725e-02 -7.09780604e-02 -4.29668911e-02
  4.20189351e-02  4.97467518e-02 -2.67020464e-02 -7.17746746e-03
  5.38687930e-02  4.62228758e-03 -1.31197451e-02 -1.45594096e-02
  9.74551886e-02  5.46510518e-02 -1.74194109e-04 -4.92271595e-02]