[-2.93792691e-03  4.44548531e-03 -5.69264144e-02 -5.96254952e-02
 -1.00068063e-01  1.05827004e-02 -2.14769337e-02  6.48982897e-02
 -2.88873399e-03  5.13013713e-02  1.28295854e-01 -2.79854946e-02
 -3.78605984e-02  8.09760951e-03 -2.47847065e-02 -6.30145147e-02
  6.44190460e-02 -3.56817991e-03  4.23313119e-03  4.35037315e-02
  8.74364525e-02 -3.42782997e-02 -3.61322165e-02  3.75241227e-02
 -1.04720056e-01  1.06176138e-02 -9.13699269e-02 -2.09756717e-02
 -3.05836592e-02 -2.03420278e-02 -3.45299952e-02  1.06146425e-01
  5.13778143e-02 -3.93933058e-02 -1.02418326e-02  3.39256190e-02
  4.39656377e-02 -2.10136324e-02 -3.64645794e-02  1.02535866e-01
 -7.58494735e-02 -5.41501939e-02 -2.49305759e-02 -1.05744600e-01
  1.51591860e-02 -7.48621766e-03  1.64929293e-02 -1.71072762e-02
  9.27329529e-03 -1.07791810e-03 -3.33977416e-02 -1.40207633e-02
 -2.49675382e-02  9.48712751e-02 -5.32645099e-02 -3.03316899e-02
  2.40638144e-02  1.50656851e-03 -1.37014361e-02  1.05200998e-01
 -4.32159677e-02  7.81311765e-02 -2.16233879e-02  2.68900748e-02
  8.60506594e-02 -5.88944703e-02 -4.52127978e-02 -3.88771966e-02
 -4.12244238e-02 -7.26876548e-03  1.81666687e-02 -5.84607162e-02
  6.50997311e-02  8.10379162e-02 -7.12443963e-02  1.36081511e-02
  2.38626376e-02  2.09209919e-02  3.97582352e-02 -1.81320220e-01
  2.27563288e-02  1.14096804e-02 -2.36135516e-02 -1.18091162e-02
  6.41551614e-03 -5.82023850e-03 -4.18770537e-02  2.54423451e-03
  5.66425323e-02  3.23699601e-03  1.39523325e-02  5.80359362e-02
 -6.29165396e-02 -3.72960940e-02 -9.16720089e-03 -3.71382609e-02
 -2.94459108e-02  2.82892343e-02  7.17853848e-03 -5.18638901e-02
  1.16884811e-02 -2.67721210e-02  2.70745717e-02  5.66270202e-02
 -7.26644397e-02  1.79422554e-03 -6.17464539e-03  2.39971522e-02
  2.56132912e-02  7.80959204e-02 -1.06433243e-01  9.74789541e-03
 -1.00249238e-01 -6.20827526e-02 -6.83719665e-02  1.32638402e-02
 -9.09925476e-02 -7.04704523e-02 -7.30217155e-03  3.09641957e-02
  4.45834100e-02 -2.56506372e-02  4.73183729e-02 -5.61995618e-02
  1.45259313e-02 -4.23683971e-02  7.98728317e-02  1.27600382e-32
  5.10147074e-03  3.02320905e-03  4.16418277e-02  7.73808956e-02
  2.56367568e-02  4.11284342e-02 -6.23446591e-02  2.64906548e-02
  5.22245653e-02  5.50602898e-02 -4.85637337e-02  7.69034103e-02
 -6.70265034e-03  2.48319544e-02  6.48873001e-02 -5.92908263e-03
  2.91205086e-02 -1.21460333e-02 -1.56849027e-02  4.49090116e-02
  4.51213084e-02  3.04831285e-02  7.63928937e-03 -3.84702301e-03
  6.14312477e-02  1.02227986e-01 -6.72658831e-02 -1.15039190e-02
 -3.30399759e-02  4.70077172e-02  2.92036217e-02 -1.94441099e-02
 -2.14784667e-02 -9.46566910e-02 -4.13682088e-02 -9.17122420e-03
 -2.48441212e-02 -3.92634012e-02 -6.54663071e-02 -9.16993152e-03
 -2.45401207e-02 -2.04418823e-02  2.11269949e-02  3.91638875e-02
  3.89452912e-02 -2.30203178e-02  8.30170885e-02 -3.08835376e-02
  9.56736803e-02  8.02034438e-02 -5.05661964e-02 -4.76822369e-02
 -2.20555961e-02 -5.94626069e-02  3.19331512e-03  4.35846224e-02
 -3.05369478e-02  4.26261872e-02 -5.91638386e-02 -6.74256533e-02
  5.96098742e-03 -4.52908315e-02 -3.71394828e-02  2.15549469e-02
  7.63813825e-03 -1.03304908e-01  1.05521809e-02 -4.72388789e-03
  1.35802835e-01 -6.58881618e-03 -1.07309647e-01 -2.34596245e-02
  6.68176915e-03  4.63688076e-02  6.07872270e-02 -7.15881353e-03
  3.57511267e-02 -2.39756480e-02 -9.92293581e-02 -1.02810310e-02
 -6.71476349e-02  3.72933224e-02  7.74302147e-03 -4.37148325e-02
  1.56360835e-01  4.23367694e-02  4.84484062e-02  1.18809110e-02
 -5.26305400e-02  8.75348225e-02 -2.96808966e-02  7.35339075e-02
 -4.48457524e-02  4.36896048e-02  7.76078366e-03 -1.66688229e-32
 -1.17330952e-02  5.21141477e-02 -5.65771908e-02  3.01906210e-03
  3.08934390e-03  1.15327183e-02  1.38201574e-02  3.13935354e-02
 -3.94813679e-02 -9.39107612e-02  3.71445756e-04 -9.61201414e-02
  5.55627942e-02 -3.62901650e-02 -5.14563210e-02  2.44343020e-02
 -1.16983011e-01 -1.24534199e-04 -4.56191264e-02  2.99547110e-02
 -1.33575788e-02  1.03734680e-01  6.27109082e-03 -7.61457952e-03
 -3.66410278e-02 -5.51242754e-02 -8.07843450e-03 -3.60880159e-02
 -2.84462273e-02 -2.35340353e-02 -4.53272015e-02 -3.13535109e-02
 -2.43006498e-02  1.62861958e-01 -3.36469710e-02 -1.23123648e-02
 -2.77156173e-03 -2.21287552e-02 -3.12363710e-02  9.62131694e-02
  7.21758008e-02  5.57786264e-02  3.15482244e-02 -4.32722010e-02
 -9.83037651e-02 -8.84473398e-02 -6.66192025e-02 -6.12807460e-02
  1.38854804e-02  5.71711268e-03  1.05724797e-01 -6.14292845e-02
 -8.34445506e-02  6.75809802e-03  7.40408748e-02 -3.43518183e-02
  2.51603108e-02 -1.10015780e-01 -1.13478661e-01  2.70939022e-02
  1.05687991e-01  2.80385781e-02 -5.55843189e-02  1.36140855e-02
  2.89481990e-02 -1.46662304e-03  1.05099217e-03  7.59062842e-02
  3.85304354e-02 -1.37033481e-02  6.46643853e-03 -5.13525121e-02
 -5.41162305e-02 -3.25931795e-02 -1.06213419e-02 -9.30237472e-02
 -6.70329481e-02 -3.69811393e-02 -3.00278291e-02 -3.87143195e-02
 -7.15223551e-02 -9.64707062e-02  1.74611751e-02 -3.11160255e-02
 -5.54452538e-02  3.56456637e-02 -3.45671028e-02  2.20792950e-03
  3.29833105e-02  3.09722424e-02 -2.62884963e-02  3.32870074e-02
 -2.65971851e-03 -1.07656245e-03 -2.56495699e-02 -6.90400697e-08
  2.01582592e-02  1.98651347e-02  8.19417015e-02 -2.53318790e-02
  1.06387623e-02 -1.09740615e-01  4.28276137e-03 -2.17944593e-03
 -1.50963161e-02  6.57765940e-03  2.62031853e-02  2.99648084e-02
 -1.99653283e-02 -3.00063528e-02  8.85650441e-02 -4.61691096e-02
  1.94345172e-02  8.70154724e-02 -2.58502252e-02 -4.63609546e-02
  5.97951822e-02 -4.83820327e-02 -4.56773713e-02 -2.15330478e-02
  4.65006148e-03  1.20987957e-02 -5.20491786e-02  2.55304612e-02
 -2.32544113e-02  5.42587461e-03  4.30731140e-02 -3.16846408e-02
  2.16620192e-02 -1.05044223e-01 -4.68981303e-02 -5.04145911e-03
 -8.22267495e-03 -4.74590585e-02 -5.07743582e-02  1.04513699e-02
  8.97479728e-02 -1.84408389e-02 -3.53891551e-02  2.97936760e-02
  8.19699373e-03 -4.03728709e-03 -5.37923211e-03  6.38482422e-02
  2.69880472e-03 -1.18158963e-02 -1.03138559e-01  6.87986286e-03
  1.14408247e-02 -4.69477894e-03 -7.25891814e-03  1.38899358e-02
  8.92522037e-02  2.09587924e-02 -4.97077443e-02  9.84353665e-03
  5.56572117e-02  3.56177986e-02 -2.04129945e-02 -7.15543851e-02]