[-8.21818113e-02  2.81475279e-02 -6.44982979e-02 -6.30178228e-02
  4.72825319e-02  3.13712098e-02  2.08119527e-02  1.31015465e-01
 -3.25429067e-02 -6.85715163e-03  8.14454909e-03 -3.15689072e-02
  4.13196022e-03  4.71324325e-02 -5.82036786e-02 -3.52226831e-02
  2.83760913e-02  4.64042649e-02  5.65507263e-03  2.94161923e-02
  3.41907106e-02 -7.54885375e-02  4.10116324e-03  5.77936061e-02
 -1.12048917e-01  3.37904803e-02 -1.02063855e-02  7.06279278e-02
 -7.77297541e-02 -4.85402420e-02 -5.44294268e-02  2.79976781e-02
  2.24167984e-02 -3.84751447e-02  1.54767223e-02  3.43178562e-03
 -5.13246506e-02 -2.98049767e-02 -5.91468923e-02  7.30644446e-03
 -3.07733566e-02 -5.85878417e-02 -9.32396203e-02 -3.22299153e-02
  4.23918664e-02 -5.45107499e-02  9.73575711e-02  3.16623189e-02
  3.58050801e-02 -7.70539418e-02 -4.18477058e-02  3.74725275e-02
  2.69221775e-02 -1.19117185e-01 -8.40382352e-02 -2.28507966e-02
  6.62737060e-03 -1.58773586e-02  5.48521243e-02 -1.51738795e-02
  2.88287140e-02 -4.34199944e-02 -4.19722833e-02  4.36528549e-02
 -4.12402935e-02 -1.53432498e-02  1.74588952e-02 -4.88851815e-02
 -9.85562652e-02  2.75864433e-02  6.31026253e-02 -5.54470196e-02
 -5.48349600e-03 -6.16031811e-02 -2.74995342e-02  1.09529182e-01
  1.60283092e-02  1.85854640e-02 -5.80544583e-02 -1.29072934e-01
  7.95319751e-02 -7.53113478e-02  3.25318277e-02 -3.99737135e-02
  4.39132415e-02  1.70077407e-03  5.42150959e-02 -3.74135785e-02
  3.04864626e-02 -4.87021054e-04 -1.13130081e-03  1.14625774e-01
 -1.96418613e-02 -2.65647564e-02  6.76996335e-02 -6.16558641e-03
  1.92030612e-02 -5.12260245e-03  1.21679958e-02  5.80469891e-02
  3.75559106e-02  3.58721390e-02 -8.26432034e-02  4.59066778e-02
 -2.21570134e-02  2.54378077e-02  3.45829278e-02  2.71658022e-02
  4.86462750e-02  5.52418977e-02 -2.59182397e-02 -2.22710092e-02
 -5.18224351e-02 -4.44682799e-02 -7.25343600e-02 -3.07573229e-02
 -7.82036632e-02  3.49641964e-02 -8.66064522e-03  8.94785747e-02
  1.82216186e-02 -8.68203267e-02 -2.22892445e-02  1.06370468e-02
  9.40519869e-02  5.41472482e-03  4.22155075e-02  1.57485372e-32
  1.55459829e-02  9.58539825e-03  7.72775989e-03 -1.01901148e-03
 -3.14092524e-02  8.57356042e-02 -9.23158228e-02  3.18937078e-02
 -4.55694124e-02 -1.60531290e-02 -5.70643656e-02  4.60120551e-02
 -2.27551162e-02 -5.59437368e-03  1.00676529e-01  1.64099149e-02
  2.60169301e-02 -3.85139734e-02 -5.52680008e-02 -9.01508033e-02
 -4.60078456e-02  3.98310125e-02  5.28179221e-02  6.77230656e-02
  3.24438736e-02  1.44121155e-01 -8.14353954e-03 -4.79269326e-02
 -1.00260295e-01  5.84045313e-02 -4.50994708e-02 -7.42132962e-02
 -7.97091499e-02  5.48177809e-02 -3.97710949e-02 -1.26408674e-02
 -2.97158561e-03 -4.58232649e-02 -8.41866713e-03  3.04260366e-02
 -5.11144884e-02 -2.06254628e-02  1.96799543e-02 -4.11395505e-02
 -1.90040432e-02 -5.43437488e-02  3.58020887e-02  4.21447195e-02
  1.09939247e-01  4.25994806e-02 -4.41708267e-02 -6.39455244e-02
 -5.10589741e-02 -4.80397083e-02 -3.08005624e-02  4.38117273e-02
 -9.94474143e-02  4.89403307e-02  9.40379594e-03 -1.30166514e-02
  1.84857976e-02  4.21130704e-03 -5.44044562e-02  2.73396447e-02
 -4.39940169e-02  1.00450270e-01 -2.54490487e-02  5.16210403e-03
  6.02713972e-02  3.69914137e-02 -4.16979305e-02 -4.46968749e-02
  3.99178341e-02  3.56846228e-02  3.18281874e-02  6.12276420e-02
  7.13174939e-02  5.51427342e-02 -8.80473200e-03  1.87694058e-02
 -1.12902030e-01 -2.55936501e-03 -3.26952012e-03 -1.51462099e-02
  5.88139631e-02  3.14003304e-02  3.54444720e-02  5.39317317e-02
  1.98514983e-02  2.69212648e-02  2.47340668e-02  1.90068278e-02
  7.56556774e-03 -7.47251734e-02 -1.17467875e-02 -1.59873124e-32
  8.54546728e-04  6.84389770e-02  3.34196724e-02  1.60490666e-02
  4.60404642e-02 -3.14023569e-02 -7.95720816e-02 -5.08390628e-02
 -3.32618095e-02 -5.37752062e-02  4.29618685e-03 -3.28787081e-02
  6.34683520e-02 -9.07900259e-02 -6.95692524e-02  5.64594045e-02
 -1.19160982e-02 -6.68191388e-02 -9.06241983e-02 -1.27844671e-02
  7.27632940e-02  7.98645895e-03  6.27514347e-02 -2.93205492e-02
 -2.38416046e-02 -1.07262377e-02  3.88583615e-02 -4.70573967e-03
 -5.26675116e-03  5.20202033e-02 -2.49602161e-02  6.11773543e-02
 -5.47219105e-02  7.76719898e-02  6.34405855e-03  7.75019377e-02
  4.92016934e-02  3.91570255e-02 -4.24777828e-02  1.34905756e-01
 -5.20888939e-02  3.54762748e-02  3.26361023e-02 -7.07789510e-02
 -8.22643843e-03 -3.29975858e-02 -6.54678494e-02 -7.05792606e-02
  2.76898108e-02 -8.18538517e-02  1.99843924e-02  6.99436432e-03
 -4.33651097e-02  3.25909927e-02 -5.69789186e-02 -9.22031477e-02
  3.78208645e-02 -1.27394004e-02 -7.27336928e-02  7.97368120e-03
  1.26968920e-01  5.88182136e-02 -2.05277628e-03  1.19038788e-03
 -1.08300359e-03  9.94821312e-04 -2.45701037e-02 -6.37937710e-02
  1.15414159e-02  6.32127151e-02  6.03212900e-02 -9.61121842e-02
 -7.12427571e-02  1.47981104e-02 -7.78329372e-02  2.34047771e-02
 -3.94499712e-02  7.70009086e-02  2.45044790e-02 -2.15406362e-02
  5.30873076e-05 -2.05662698e-02  5.77219389e-03  1.96823478e-02
 -2.89310049e-03  2.95439586e-02 -1.70225743e-02 -4.88112047e-02
  9.82270539e-02 -5.53232268e-04  8.12648982e-02  7.90965706e-02
  4.37597334e-02  1.90875642e-02 -4.41671237e-02 -6.63965167e-08
  8.88939127e-02 -1.51204895e-02  4.49128300e-02  3.50298136e-02
  2.35207789e-02 -8.08110386e-02 -2.61907615e-02 -1.04731970e-01
 -4.56102379e-03  1.35663366e-02  9.69273448e-02 -6.65496290e-02
  3.75315882e-02 -5.72080649e-02  2.45210268e-02  1.83021631e-02
  1.51446173e-02  7.93324709e-02 -5.33017777e-02  4.28904928e-02
 -2.87081972e-02  1.61050279e-02 -5.60823455e-02 -5.38090430e-02
  1.25480201e-02 -5.16863577e-02 -9.10993218e-02 -1.03007682e-01
  3.24956365e-02 -4.05651741e-02  1.53916131e-04  2.16530915e-02
  5.45727313e-02 -1.09597087e-01 -1.35486322e-02 -2.58123279e-02
  4.63188365e-02  1.96836442e-02 -7.07469583e-02  1.56013388e-02
  6.56424239e-02 -2.16877218e-02 -2.88676582e-02  1.29244365e-02
  2.88928654e-02  1.63322873e-02 -1.14578148e-02 -3.48359458e-02
 -1.88650545e-02  3.88278626e-02 -1.57237742e-02  3.63466367e-02
 -2.87400521e-02  6.26514107e-02 -4.33284156e-02 -1.49337715e-02
  1.49040604e-02  6.84000598e-03 -7.96204209e-02 -6.98390603e-02
  1.61477774e-02  2.88624633e-02 -4.56078537e-02 -7.73567557e-02]