[ 1.03359576e-02  7.51985330e-03 -5.10731265e-02 -4.67592590e-02
  1.16727799e-02 -5.98941371e-03 -3.55927311e-02  1.03209049e-01
  3.10536586e-02  7.92336017e-02  3.75559516e-02 -3.98294739e-02
 -1.09909855e-01 -2.47090422e-02 -8.04314166e-02 -5.00713848e-02
  2.81589217e-02 -9.89811961e-04 -1.87244974e-02  2.31734477e-02
  1.28185153e-01 -3.67079526e-02 -2.46119574e-02 -4.45393333e-03
  1.38492947e-02 -1.14523834e-02 -3.83590013e-02  2.27677356e-02
 -1.94102637e-02 -1.70046259e-02  7.04667112e-03  7.86873922e-02
 -1.23336473e-02 -4.70389985e-02 -1.25166331e-03 -2.74049584e-02
  5.95559143e-02 -9.64607298e-03  4.89325188e-02  3.01653184e-02
 -7.02696852e-03 -4.05108593e-02 -3.62545662e-02 -4.28523384e-02
  4.87499535e-02 -2.59490218e-02  2.29026265e-02  4.51979674e-02
 -8.51565003e-02  5.60848182e-03 -8.04214776e-02  4.70352769e-02
 -1.03639932e-02 -1.21157523e-02 -3.08868270e-02 -6.31951839e-02
 -2.94775479e-02  2.53866911e-02 -4.70640743e-03 -5.18923160e-03
 -3.81635055e-02  3.83284278e-02 -6.09277152e-02  5.60661138e-04
  4.59141918e-02 -7.16112852e-02  1.00255035e-01 -2.30502170e-02
 -6.94039539e-02 -3.50140966e-03  5.15879989e-02 -6.85563907e-02
  1.24609489e-02 -8.02928209e-02 -7.30582550e-02  5.19416332e-02
 -1.61414444e-02  1.50113016e-01  4.03728709e-02 -1.36760339e-01
  4.63426448e-02 -2.57410724e-02  3.35558280e-02 -6.34605363e-02
  1.72116086e-02 -3.63990739e-02  7.29241297e-02  6.18267693e-02
  7.95584545e-02  3.97481620e-02  1.46151572e-01  9.20209065e-02
 -8.18300433e-03  2.92882957e-02  1.33488011e-02  2.54731812e-02
  1.01717953e-02  4.22659377e-03  1.32868156e-01  1.51736289e-02
  7.31117576e-02  4.51875813e-02 -7.04010278e-02 -5.22582734e-04
 -6.20492697e-02  3.34672816e-02 -1.94287300e-02  3.55155654e-02
  7.07872808e-02 -6.13929238e-04 -6.33705333e-02  4.14646231e-02
 -6.49750605e-02 -3.09654493e-02 -2.35295575e-02  2.58633401e-02
 -6.95191547e-02 -3.12206857e-02  5.03485799e-02  5.74277639e-02
  2.24947017e-02 -3.88120003e-02 -5.46723157e-02  8.82422319e-04
  3.10336892e-02 -3.09496131e-02 -5.67648523e-02  1.50099153e-32
 -3.42912339e-02 -7.85732865e-02 -1.13964016e-02 -8.81837979e-02
 -1.04871467e-01  3.56408469e-02 -3.37948464e-02  1.24973701e-02
 -6.04320038e-03  5.90372412e-03 -1.14883944e-01  1.58020593e-02
 -6.08634390e-02 -6.96713477e-02  2.69810501e-02  3.45998667e-02
 -2.23654490e-02  2.05580853e-02 -3.62553517e-03 -6.25576004e-02
  2.60982886e-02  3.42414482e-04  3.19627039e-02  3.16488147e-02
  7.81881530e-03  1.17559634e-01 -5.67954592e-02 -4.11627926e-02
 -9.69474763e-02  3.15516032e-02  9.25560817e-02 -5.49842715e-02
  2.90683117e-02 -4.45988514e-02 -8.16518962e-02  2.78119892e-02
 -8.81741196e-03  4.81261201e-02 -3.51529494e-02  2.33888309e-02
 -2.59272903e-02  4.35769111e-02  1.01679027e-01  4.47627297e-03
 -5.76855540e-02 -1.72349941e-02 -2.66718608e-03 -5.50253056e-02
  4.80438620e-02  9.03589651e-02 -8.78023133e-02 -5.64941987e-02
 -5.97114488e-03 -4.62834388e-02 -3.80633771e-02  2.90328283e-02
 -1.08769894e-01  3.89437079e-02 -2.22296137e-02 -6.89442605e-02
 -6.79775421e-03 -5.46557643e-03 -3.85246351e-02 -4.45231271e-04
 -6.91153929e-02 -9.24523640e-03  8.44145473e-03  7.75194541e-03
  4.95663770e-02  1.76652335e-02 -8.94497111e-02  3.03629283e-02
  5.00037484e-02  4.16268148e-02  3.75684984e-02 -5.28502464e-02
  8.23731124e-02  2.74495799e-02 -3.11172698e-02  1.73005257e-02
 -3.66060585e-02  5.34238387e-03 -4.22130860e-02 -7.41573051e-02
 -1.27109028e-02  4.89064008e-02  4.16315906e-02  1.64024699e-02
  2.43751276e-02  2.38626897e-02  4.32463065e-02 -5.50549217e-02
 -2.09200359e-03 -2.46641003e-02  4.59099971e-02 -1.56865754e-32
 -1.83124689e-03  2.28538029e-02 -2.38677785e-02  2.18724832e-02
 -3.71160475e-03  2.76026111e-02  4.46052011e-03 -4.34629060e-02
 -2.90880334e-02 -3.26393694e-02 -1.78777017e-02 -8.75298865e-03
  5.78558333e-02  4.56207991e-02 -4.49317694e-02  2.49795429e-02
 -5.20380167e-03 -6.24394566e-02 -7.56563768e-02 -2.81609278e-02
  5.45571856e-02  1.04217909e-01  5.16736917e-02  8.41746759e-03
 -1.90382041e-02 -3.89365256e-02  7.92187639e-03 -3.59669402e-02
 -2.56313533e-02  2.65355296e-02  4.53929119e-02 -1.28459223e-02
 -3.02212629e-02  7.46227130e-02 -9.68028884e-03 -6.20641671e-02
  7.14956820e-02 -4.75294441e-02 -5.70182763e-02  6.41316772e-02
  5.54403961e-02  1.22194372e-01 -5.79944253e-03 -6.11722432e-02
  2.09280122e-02  3.34795676e-02  1.34193935e-02 -7.18986019e-02
  7.08074942e-02 -9.80564356e-02  1.34287879e-01  7.51608238e-02
 -3.83399650e-02  1.83906946e-02  7.02611059e-02  1.20325945e-02
 -5.32258116e-03 -6.64357617e-02 -1.96368858e-01 -1.51869180e-02
  4.19256166e-02  6.60065114e-02 -6.80870861e-02 -4.52960050e-03
  1.05018459e-01  1.37325041e-02 -7.97994658e-02 -7.49902502e-02
  6.47787303e-02 -2.49235351e-02  6.89392816e-03 -7.03574419e-02
 -5.79631701e-02 -2.54185311e-02  3.14136855e-02  6.46254271e-02
 -1.98885053e-02  1.39540797e-02 -5.84079558e-03  3.15461680e-02
  7.69423181e-03  1.14505310e-02  1.13178312e-03 -1.93770360e-02
 -6.82493597e-02 -1.18467929e-02  6.22778898e-04 -1.83130428e-02
 -1.58745218e-02  3.34639028e-02 -4.38248068e-02  3.68880434e-03
  5.26710078e-02  3.44800130e-02 -9.41735972e-03 -7.47014255e-08
  3.55499648e-02 -1.10851772e-01  2.23889314e-02  7.38452822e-02
 -2.66070738e-02 -9.01421253e-03 -2.88073141e-02  1.10430699e-02
 -7.47220516e-02  1.46781774e-02  1.03376366e-01  4.76079388e-03
 -9.28601995e-02 -1.02656577e-02 -3.11331879e-02 -4.16291282e-02
 -4.90196198e-02  5.80707341e-02 -2.72508711e-02 -3.30749489e-02
  9.88410669e-04 -4.86682024e-04 -5.85153103e-02 -1.84644442e-02
  7.19617829e-02  1.34424027e-02 -3.22768837e-02  3.53601873e-02
  1.08256172e-02  2.02093627e-02 -8.05720687e-03 -3.24926525e-02
  5.02758212e-02 -3.41995880e-02 -4.59403582e-02 -7.17645884e-03
  3.73613909e-02  9.49112475e-02 -1.97419114e-02  5.94665967e-02
  6.44264221e-02 -6.24486692e-02 -3.01557742e-02 -1.27865868e-02
  4.70402241e-02 -1.79443210e-02 -5.68953976e-02 -2.69906092e-02
  5.99969663e-02 -6.53107539e-02 -2.72661168e-02 -1.74803063e-02
 -2.83613871e-03 -5.09646675e-03 -8.67457036e-03 -1.52677288e-02
  3.21383700e-02  6.72951993e-03 -9.12516788e-02 -1.09170429e-01
  1.04496978e-01  1.27067827e-02  4.52167057e-02 -7.11045861e-02]