[-4.23683636e-02  2.75724307e-02 -5.27810454e-02 -2.74694059e-03
  5.24140224e-02  4.97960411e-02 -2.08159932e-03  1.21553928e-01
 -6.82965741e-02  1.69814602e-02  1.88903026e-02  1.90519262e-03
 -2.62355804e-02  1.72064807e-02 -6.29628077e-02 -2.27805935e-02
 -1.17185256e-02 -4.57252227e-02  2.08796654e-03  1.69577617e-02
  4.30429820e-03 -1.39211193e-02 -2.59886626e-02  8.89514163e-02
 -1.24729266e-02 -4.49439511e-02 -7.29687959e-02  3.21338475e-02
 -6.69474080e-02 -7.85547346e-02 -4.22626361e-02  5.80571108e-02
  5.92915043e-02 -1.57749671e-02 -7.22033978e-02 -1.09661087e-01
 -9.70661920e-03 -1.33077167e-02  4.86893877e-02  7.17524858e-03
 -9.03990641e-02 -1.00650787e-01 -5.97315095e-02 -2.76128668e-02
  3.53842005e-02 -9.51614231e-03  7.04985708e-02  3.52791622e-02
 -1.34582724e-02 -1.73459649e-02 -9.48269740e-02  3.94904837e-02
  3.02436035e-02 -5.20976782e-02  1.73098389e-02 -2.79640369e-02
 -3.64803597e-02 -4.09490243e-02 -5.10614645e-03 -1.03486357e-02
  2.31649764e-02 -6.59293830e-02 -3.78907211e-02  1.69088077e-02
  1.13218455e-02  1.03376443e-02  1.61188114e-02 -6.66504875e-02
 -3.03565543e-02  7.11159483e-02  9.21611339e-02 -8.20061751e-03
 -4.15858068e-03 -3.86708304e-02  2.17925590e-02  3.69328782e-02
  3.60567607e-02  1.05804905e-01  1.69194024e-02 -1.16177626e-01
  2.80584637e-02 -7.77595341e-02  5.59254317e-03 -1.34349346e-01
  2.77859215e-02 -3.34298313e-02  6.11205492e-03  1.86170544e-02
 -2.38402002e-02  2.49547921e-02  7.05378409e-03  2.71356050e-02
 -9.70450975e-03  3.06363255e-02  1.87576115e-02  2.64100935e-02
  1.11859925e-02  9.07986313e-02  1.06304400e-02  2.55431775e-02
  3.60230021e-02  9.95360464e-02 -7.28390589e-02  6.95062131e-02
 -6.95789978e-02  3.87206338e-02  8.53090435e-02 -2.66482607e-02
 -1.71714686e-02  1.82390884e-02  3.51959374e-03  3.84707712e-02
 -4.69113663e-02 -4.73003723e-02 -1.42407462e-01  2.81388182e-02
 -3.68060209e-02  1.07885264e-01  5.42721413e-02  5.50084412e-02
 -1.07801575e-02 -1.06578581e-02 -1.19715491e-02  3.43712382e-02
  1.15926541e-01  1.11781722e-02 -2.92390529e-02  8.93538072e-33
  1.45608501e-03 -3.44097544e-03 -8.02612677e-03  5.16624516e-03
 -5.27621154e-03  1.83279607e-02 -6.13892339e-02 -3.72116975e-02
  6.18469575e-03 -4.04883884e-02 -8.67262557e-02 -2.81043723e-03
 -2.44978257e-02 -9.60044563e-02  2.49161851e-02  5.35894139e-03
 -1.91376556e-03 -3.51665318e-02 -1.65285811e-01 -4.80223522e-02
  7.99142048e-02 -3.08294408e-03 -2.26700027e-02 -4.10065550e-05
  7.70395771e-02  8.69176462e-02  1.52666485e-02 -2.19264273e-02
 -7.07176104e-02  7.40926862e-02 -7.01802000e-02 -6.99989274e-02
 -7.02443570e-02  5.29849194e-02  3.03595811e-02 -9.85720158e-02
  2.78787091e-02 -2.52237283e-02 -2.88882721e-02  5.46337254e-02
  6.95325900e-03  4.65744212e-02  2.80793873e-03 -6.96754754e-02
 -7.04023987e-02 -3.73414643e-02 -2.74135359e-02  1.29913121e-01
  1.00096434e-01  7.69979432e-02 -7.41255060e-02 -5.24821393e-02
 -4.33145463e-02 -4.47944589e-02  6.76446483e-02  1.11881820e-02
 -5.59796803e-02  1.61339641e-02  3.42032127e-02  9.82256979e-02
 -3.04106697e-02  1.58858541e-02 -4.43730392e-02 -5.78921102e-03
 -7.56333843e-02  4.17750850e-02 -1.91382468e-02  2.46310961e-02
  2.42842473e-02  2.04372853e-02  2.52195653e-02 -6.31240243e-03
 -1.05782989e-02 -5.56916296e-02  3.23134549e-02  7.47402664e-03
  8.99001583e-02 -2.27237288e-02 -3.05138212e-02  1.66433249e-02
 -6.89550862e-02  6.77318871e-02 -6.70382008e-02 -9.04874224e-03
  3.12455818e-02 -5.79540560e-04 -2.54622065e-02  4.09187376e-03
  1.01435982e-01  3.53391618e-02  5.24398824e-03  1.78394709e-02
  2.92028934e-02 -4.43638070e-04 -4.41540331e-02 -6.76754212e-33
  3.06164455e-02  2.30997112e-02  3.23547348e-02  4.22704779e-02
  4.92646806e-02  4.01464365e-02  5.17600104e-02  1.62037089e-02
  5.50142676e-02 -7.53032416e-02  3.76626803e-03 -5.49577177e-03
  9.38248914e-03 -6.00992888e-02 -2.43018419e-02  6.90655876e-03
  4.60818335e-02 -1.31077230e-01 -8.25090855e-02 -4.17723581e-02
  5.61114736e-02  3.03769521e-02 -4.82816657e-04  6.29852107e-03
 -5.73636517e-02 -3.93667119e-03  7.81863332e-02  3.33474614e-02
 -2.80125253e-02 -2.05138475e-02  1.39042700e-03  2.57899743e-02
 -4.15690914e-02  9.46795642e-02  2.27988046e-02  7.08467364e-02
  1.06148191e-01  5.10390401e-02 -9.46608260e-02  1.29989356e-01
  6.57286346e-02  9.19703394e-02 -2.06139907e-02 -6.53308108e-02
 -4.49233269e-03  5.27675869e-03 -4.45413329e-02 -4.72020507e-02
  3.24022807e-02  1.20427907e-02  6.62617460e-02 -2.58439910e-02
 -4.76058386e-02  5.89834712e-02 -1.72927475e-03 -8.07241425e-02
 -1.35551961e-02 -3.72655899e-03 -4.45389189e-02  4.12817448e-02
  1.22330397e-01  4.09539603e-02 -5.58039732e-02  3.94007564e-03
  8.00025910e-02 -6.32713363e-02 -5.33373803e-02 -1.71541125e-02
  2.56630424e-02  6.16719089e-02  4.11447398e-02 -1.05527364e-01
 -3.15331593e-02  3.38182449e-02 -1.02980867e-01  6.16008304e-02
  1.50060514e-02  3.90063561e-02  4.89717200e-02 -1.72621924e-02
  1.74300876e-02 -1.83989573e-02 -5.72398538e-03  3.29822302e-02
 -9.26588569e-03  3.04535329e-02  2.16873572e-03 -6.00867793e-02
  1.05037643e-02 -3.75118963e-02  1.88311283e-02  2.98094098e-02
  3.26487683e-02  8.49886090e-02 -3.88690419e-02 -5.98462222e-08
  5.66273220e-02 -3.54583189e-02 -6.47138357e-02  6.53390214e-02
  7.79968053e-02  2.19425429e-02 -9.92055424e-03  3.29956748e-02
 -3.84576321e-02  5.56591079e-02  1.05058827e-01  1.95059292e-02
  4.71418649e-02 -3.02292109e-02  2.75853723e-02  3.83614935e-02
 -1.50680384e-02  3.05587836e-02 -3.59761417e-02 -7.83398300e-02
  5.42500429e-02  5.60814962e-02 -7.14798346e-02 -4.11763862e-02
  8.70371424e-03 -3.73320766e-02 -5.49049824e-02  3.34833264e-02
 -2.45157797e-02 -4.01298515e-02 -7.86866993e-02 -8.34053662e-03
  1.95984095e-02 -3.20520550e-02  2.28187032e-02 -3.13875154e-02
  1.32684093e-02  9.87714827e-02 -1.71953905e-03  6.60933256e-02
  2.29299758e-02  1.01687033e-02  9.57355020e-04  2.43742461e-03
 -1.69863415e-05 -6.54935315e-02 -5.04722632e-02 -3.02134398e-02
 -4.30671275e-02  4.95247776e-04  1.81818344e-02  1.54807291e-03
  4.09354195e-02  1.04194447e-01 -2.62629893e-02  8.87660086e-02
 -3.54690515e-02 -7.60114491e-02 -3.10360622e-02 -3.70069258e-02
  6.17621504e-02 -4.44753133e-02 -1.26070634e-03  5.60612865e-02]