[-3.01852040e-02 -7.04514096e-04 -5.29924855e-02 -8.97618085e-02
 -2.67463103e-02  5.32445172e-03  2.45021991e-02  6.57685474e-02
  5.71135022e-02  3.88489366e-02  1.15487687e-01 -8.85379165e-02
  4.30390192e-03 -2.93209627e-02  5.82297482e-02 -6.34668693e-02
 -1.63389798e-02  5.46990335e-02 -4.25481470e-03  4.34910655e-02
  1.59489557e-01  1.28254499e-02 -5.79237714e-02  2.51878519e-02
 -2.69713812e-03  1.98771767e-02 -6.98512569e-02  1.54701900e-02
 -4.89207506e-02 -4.49500270e-02 -6.38751239e-02  8.17590654e-02
  4.19318154e-02 -1.59359649e-02 -1.91014018e-02 -3.62099856e-02
 -3.95627543e-02 -1.21245608e-02 -7.19862431e-03  5.89166954e-02
 -6.95835501e-02 -3.60561684e-02 -5.75848706e-02 -4.19738591e-02
 -3.81805599e-02  1.22127039e-02  1.39643438e-03  4.89993282e-02
 -5.70323728e-02  1.19603062e-02 -5.85790798e-02 -2.84944065e-02
 -6.15532175e-02  8.59432295e-02 -1.87117402e-02 -6.37100637e-02
  9.88616422e-03 -1.18548414e-02 -4.55974452e-02  2.72548143e-02
 -4.54771519e-02  7.23533630e-02  1.06244767e-02 -1.53364753e-02
  3.89071070e-02  3.61289270e-03  1.36323376e-02 -5.74338138e-02
  1.34463282e-02 -1.44286882e-02  1.82707459e-02 -3.22141200e-02
 -5.15382141e-02 -3.05197891e-02 -9.16553568e-03  3.99588831e-02
  5.54098189e-03  8.01862478e-02 -6.05602600e-02 -1.43947408e-01
  5.24582937e-02  8.05813298e-02  9.20914859e-03 -4.62500155e-02
 -5.39074326e-03 -7.85660092e-03 -3.56876478e-02  3.01013291e-02
  2.26583169e-03 -2.63057724e-02 -7.92284589e-03  1.40895629e-02
 -4.07844409e-03 -3.68353240e-02  4.90582511e-02 -1.22634154e-02
  2.37332936e-02  8.31778161e-03  7.68588409e-02 -2.20166892e-02
  5.62413149e-02  7.58030936e-02 -3.89784276e-02  3.08728646e-02
 -2.32381355e-02 -3.16293612e-02  1.35007761e-02 -6.37654662e-02
  3.74374054e-02  5.93485013e-02 -6.35114759e-02 -4.97389361e-02
 -5.27875461e-02 -5.07176481e-02 -4.44117561e-02 -2.82727107e-02
 -8.07512626e-02 -6.70040250e-02  7.75673240e-02 -2.06783433e-02
  7.14487955e-02 -5.10999113e-02  7.35281110e-02 -1.36676636e-02
  2.50273831e-02 -3.13516781e-02  1.66433258e-03  8.11381008e-33
 -3.17258127e-02  4.81135808e-02 -1.74202193e-02  7.30388761e-02
 -4.25981916e-02  3.50745395e-02 -1.02072068e-01  9.56835598e-03
  2.55763996e-02  1.78146847e-02 -1.30455106e-01  4.06972170e-02
  1.48166681e-03 -1.40231596e-02  6.25199676e-02  5.78381382e-02
  2.85153184e-02  2.13239510e-02  7.98524097e-02 -4.09238460e-03
 -4.30043563e-02  5.90750054e-02  2.19173655e-02 -3.12404186e-02
  4.24542204e-02  4.76809032e-02 -1.38585001e-01 -2.96042375e-02
 -1.98584590e-02  1.67552717e-02  5.82178049e-02  1.42513693e-03
  3.12618390e-02 -1.18257962e-02  4.72781016e-03 -3.38608064e-02
 -6.07476383e-03 -1.36651965e-02  4.25898563e-03  1.25496434e-02
 -6.89002424e-02 -4.54539731e-02  1.45045752e-02 -7.78333098e-03
  9.69964713e-02 -1.86844077e-02  4.96446379e-02 -2.88719609e-02
  3.94983292e-02  1.07174106e-02 -1.89339817e-02  1.68905891e-02
  2.72854306e-02 -1.06472813e-01 -3.24916951e-02 -1.54323149e-02
 -4.49250229e-02  6.85859425e-03 -8.08719471e-02  2.61017382e-02
  7.33292522e-03  5.22361547e-02  5.44752218e-02 -2.59036832e-02
 -6.51784986e-02 -1.39717953e-02 -6.72743991e-02 -6.20539449e-02
  1.37283057e-01  1.22716874e-01 -9.13055092e-02 -1.86094325e-02
 -4.06481065e-02  2.79219169e-02  9.82370377e-02 -3.94105464e-02
  9.82509628e-02 -2.36834064e-02  3.42262462e-02  1.04155601e-03
 -3.55572589e-02 -2.65633985e-02  2.35272832e-02 -3.14136706e-02
  1.82324760e-02  5.14437677e-03 -3.72170936e-03  1.72675457e-02
 -4.15830985e-02  6.66412860e-02  8.95913839e-02  8.63195285e-02
 -4.36199866e-02  1.68124959e-02  7.42692202e-02 -1.06354607e-32
 -1.66746750e-02  2.32943948e-02 -1.16722219e-01 -1.86575968e-02
 -8.06760192e-02 -4.14821953e-02  1.23753892e-02 -2.08709156e-03
 -2.92549394e-02 -1.03294276e-01  3.57388481e-02 -9.52870920e-02
  1.51443174e-02 -6.56183660e-02 -3.48118171e-02  4.16093878e-02
 -3.74117531e-02  4.01572324e-02 -3.85588408e-02  4.50637378e-02
  5.34604080e-02  7.59090036e-02 -4.51766327e-02 -5.38268350e-02
 -1.17395706e-02 -4.85149473e-02 -1.13754608e-02 -5.85384369e-02
 -3.51537787e-03  2.43613757e-02 -2.83841193e-02  1.38395792e-02
 -6.37893798e-03  4.89265434e-02 -1.30591914e-02 -8.60287696e-02
  6.09141216e-02 -2.72007454e-02  2.34784186e-02  4.24148366e-02
  1.90939158e-02  1.16202652e-01  4.41905931e-02 -5.59449457e-02
 -2.28813607e-02 -2.13150196e-02 -6.69354498e-02 -4.14921157e-02
  2.99039781e-02 -3.38036045e-02  1.46509469e-01 -7.20741153e-02
 -2.91639529e-02 -3.31901610e-02  3.89467478e-02  4.05793712e-02
  2.38836720e-03 -5.80993518e-02 -8.27503204e-02  4.07920331e-02
  1.73790231e-02  1.54428799e-02 -4.27692868e-02 -5.14246412e-02
  7.55781010e-02  1.93956420e-02 -2.38485429e-02  5.54855280e-02
  3.18791829e-02 -1.07703973e-02  3.72982956e-02 -5.42942882e-02
 -9.88151729e-02 -5.98272868e-02 -2.33998578e-02 -1.41495764e-01
 -6.00825548e-02  6.85658772e-03 -6.71851356e-03  5.66024520e-02
 -9.48287994e-02  4.39571328e-02  4.31585535e-02 -8.88558943e-03
 -3.32867503e-02  4.50427737e-03 -1.43678850e-02  8.13626572e-02
 -2.68853316e-03 -3.43611985e-02 -3.72199826e-02  3.34808081e-02
 -3.72832008e-02  5.09566404e-02  1.41421426e-03 -6.61540938e-08
  7.55604953e-02 -6.11386448e-02  4.38879095e-02 -3.92612256e-02
  6.43224940e-02  1.90212429e-02 -4.46003256e-03  1.18206767e-03
 -1.33026009e-02  3.71782891e-02 -7.43887797e-02  1.81649104e-02
 -6.70272112e-02  1.12333084e-02  5.29597290e-02 -2.64376532e-02
  7.93814510e-02  3.13357003e-02 -6.38635382e-02 -8.79141018e-02
  9.35576856e-02  5.28066000e-03 -1.01472549e-01 -1.84325911e-02
 -9.17138066e-03 -4.72611375e-02 -2.17091627e-02  4.38719690e-02
 -8.56903475e-03 -2.83418447e-02  3.64011317e-03 -2.49665882e-03
 -1.97580401e-02 -6.21899702e-02 -3.28392163e-02 -3.98153104e-02
  9.19838995e-02  1.22123519e-02 -2.36654785e-02  1.85003655e-03
  8.37549865e-02 -9.39481240e-03 -8.73891413e-02  3.28636654e-02
  5.57135381e-02 -4.15923633e-02  4.23607416e-02  2.55490877e-02
 -2.48966664e-02  1.72980372e-02 -7.86447246e-03  7.97833204e-02
  2.91577261e-02  6.48737624e-02 -1.66958161e-02 -9.00760069e-02
  5.67092421e-03  2.72056963e-02 -5.90398312e-02 -2.45014043e-03
  1.58661678e-01  6.84317201e-02  5.80737405e-02 -5.98175190e-02]