[-5.93542345e-02  2.58574467e-02 -7.00052083e-02 -5.22762500e-02
 -1.64040402e-02 -3.92746739e-02  2.42222231e-02  8.96816999e-02
 -3.81422602e-02  4.02813293e-02  6.72988668e-02  5.21970019e-02
 -4.36505489e-02 -5.29917376e-03  4.93690297e-02 -3.46517675e-02
  1.75125562e-02 -9.07387733e-02  1.47534097e-02 -3.13558616e-02
  1.48576871e-01  5.63150411e-03  2.77378043e-04  3.99658680e-02
 -1.01201553e-02 -2.11509354e-02  5.80631243e-03  2.60143611e-03
 -6.21193722e-02  7.32354447e-03 -5.06938100e-02 -6.18014624e-03
  1.22506477e-01 -2.98553742e-02  3.10922507e-03  1.44306133e-02
  7.03071132e-02 -7.42452294e-02 -8.68575424e-02  6.02510497e-02
 -8.53385106e-02 -3.21717076e-02 -4.81266491e-02  1.77168706e-03
 -2.25076874e-04 -4.09999751e-02 -8.45852774e-03  1.53295696e-02
  2.26206193e-03 -4.31565121e-02 -2.14132462e-02 -4.95624207e-02
  8.54741875e-03  3.26613262e-02 -2.74536237e-02 -4.35942821e-02
 -1.50674619e-02  7.86561817e-02  3.00951768e-02  5.86579703e-02
 -2.60948651e-02 -3.39447614e-03  1.33311488e-02  4.54416983e-02
  3.19797434e-02 -4.05280478e-02 -1.34137704e-03 -8.76288414e-02
 -1.96236335e-02 -2.83703990e-02 -1.45456204e-02 -1.60435364e-02
  2.00420469e-02  3.11826505e-02 -3.49212214e-02  1.28212392e-01
  3.99923213e-02  6.10769503e-02  6.53326884e-02 -1.40687346e-01
  6.56961575e-02 -4.28889086e-03  1.21574746e-02 -1.03857936e-02
  5.13824038e-02 -2.71010138e-02 -1.25160858e-01  2.30706688e-02
  5.31263426e-02 -4.33725305e-02  1.46966269e-02  4.56904434e-02
 -5.47828041e-02  3.18513811e-02 -7.84202442e-02 -6.22956222e-03
  3.05893198e-02 -7.06962571e-02 -6.78974688e-02  2.27073990e-02
  3.86340171e-02 -6.79829568e-02 -1.69556271e-02  6.51195943e-02
 -2.18049176e-02 -2.51325197e-03  2.18919218e-02  1.79490484e-02
  8.17167666e-03  2.24199165e-02 -6.93046525e-02 -3.12052015e-02
 -7.63843507e-02 -6.35086447e-02 -1.20657787e-01  6.07408211e-02
 -4.07380424e-02  2.70620007e-02  6.59328029e-02  2.00935807e-02
 -3.72614451e-02 -9.37281400e-02  2.66159978e-02 -8.10431391e-02
  1.97207313e-02  1.61254406e-02  8.16316828e-02  1.20319524e-32
 -8.30898285e-02  2.21046600e-02 -9.95725989e-02  1.97480768e-02
 -1.56768449e-02 -1.96051653e-02  9.81162768e-03 -1.89145096e-02
  6.57738931e-03  3.76789197e-02 -5.43887131e-02  3.81942950e-02
 -3.45361754e-02 -2.85129230e-02  9.83990654e-02 -1.01959899e-01
  2.88844621e-03 -4.11166716e-03  3.40968519e-02 -1.14172250e-02
  6.55706739e-04 -8.24153870e-02  2.12208498e-02 -3.61747257e-02
  1.16196796e-01  9.54328403e-02 -5.85246272e-02 -1.17449835e-02
  5.07016554e-02  2.39736084e-02  1.01971537e-01 -2.99416808e-03
 -3.46133076e-02 -5.20074628e-02 -1.74214169e-02  2.96939351e-03
 -4.10062447e-02 -3.76616456e-02 -4.04155739e-02 -2.31000669e-02
 -3.45567986e-02 -2.69317720e-02 -1.70830991e-02 -1.16530815e-02
  2.31845696e-02 -8.85201544e-02 -9.33092088e-03  2.18452699e-02
  1.04404077e-01  5.80012351e-02 -8.86382908e-03  6.75768219e-03
 -6.92549124e-02 -2.96236053e-02  1.02893360e-01  6.13727607e-03
 -1.40665751e-02  8.00290480e-02  5.05950153e-02 -4.62773293e-02
  2.76031010e-02 -2.07537897e-02  3.34130228e-02 -6.27807230e-02
  1.33135207e-02 -6.16890639e-02  2.79502254e-02 -3.33546624e-02
  1.63166150e-02  1.72181353e-02 -1.62522029e-02 -1.04846135e-02
 -2.72322334e-02  8.16458464e-02 -7.61561617e-02  4.81031323e-03
 -3.90415266e-02  6.71964288e-02 -8.75550807e-02  1.83962621e-02
 -1.10235028e-02  5.25786076e-03 -2.10415460e-02  6.32088184e-02
  6.41270801e-02  8.18304135e-04  4.79953364e-02  3.32945772e-02
 -5.15777469e-02  5.71672656e-02  6.11178838e-02  1.71223998e-01
 -6.08387217e-03  8.33755359e-02  1.29077313e-02 -1.30452410e-32
 -6.79235011e-02  4.52867635e-02 -6.08800165e-03 -9.80764478e-02
 -9.28294212e-02  7.81725720e-03  1.50701683e-02  1.60467047e-02
 -5.43774739e-02 -4.67107892e-02 -5.23005519e-03 -7.69229159e-02
  5.85198104e-02 -9.36036408e-02 -2.35364661e-02 -4.69034463e-02
 -1.33570403e-01 -5.70101738e-02  2.54639201e-02  6.10295683e-03
  1.48286941e-02  8.96250531e-02 -5.43844700e-03  1.40162855e-02
 -4.84735109e-02 -1.28849551e-01 -4.49066833e-02  1.02862775e-01
 -4.70324010e-02 -7.27322623e-02  3.74972411e-02 -6.93192407e-02
 -9.47798509e-03  1.19107850e-01  4.39643450e-02 -2.40618717e-02
  9.43321884e-02  4.77355085e-02  8.13105050e-03  1.36229722e-02
  1.18176170e-01 -1.08954348e-02 -1.69990007e-02 -2.15100572e-02
 -1.78525783e-02 -2.75531635e-02  2.28009038e-02 -5.17505184e-02
 -6.02721125e-02  1.32002705e-03  4.87943031e-02 -7.45246410e-02
 -7.78552797e-03 -2.88357828e-02  6.94364905e-02  3.31453681e-02
  2.50534480e-03 -6.16570786e-02 -4.62606624e-02 -4.12876457e-02
  1.35330752e-01 -4.34691980e-02  3.76972444e-02  7.27594048e-02
  9.79137421e-02  3.59321870e-02 -2.30591502e-02  4.34922017e-02
  4.78205606e-02  5.29596694e-02 -8.95825913e-04 -4.25150506e-02
  7.54885841e-03  1.99839333e-03  1.17390677e-02 -6.28937483e-02
 -5.44099361e-02  5.63369356e-02 -5.13733290e-02 -7.36336485e-02
 -2.58988719e-02  2.70453822e-02  1.46091904e-03  1.17182359e-02
 -2.59976201e-02  4.56558261e-03  8.52691904e-02 -4.70060520e-02
 -1.23000061e-02 -5.68089774e-03 -4.08345796e-02  2.65225116e-02
 -8.76061432e-03  9.46293771e-02 -6.48744702e-02 -6.27081107e-08
 -4.08033514e-03 -2.37317057e-03  9.22623836e-03 -6.66852221e-02
  6.25995621e-02 -4.99955751e-02  1.32221607e-02 -6.79347441e-02
 -1.14434017e-02  1.12198209e-02 -1.92516390e-02  1.59931853e-02
 -2.94642374e-02  2.75119208e-02  2.84014512e-02 -2.30120309e-02
  9.52955615e-03  5.28793260e-02  2.55872905e-02  1.96952783e-02
  8.71306434e-02 -4.91745844e-02  6.45448733e-03  1.25371907e-02
  1.18164353e-01  2.94627026e-02 -8.32951292e-02  4.10144366e-02
  1.85935814e-02  1.42435152e-02 -5.36120050e-02  2.42949761e-02
  6.54517934e-02  4.20898059e-03 -5.00006527e-02  2.92490814e-02
 -6.54198229e-02  2.89638024e-02 -4.66435738e-02 -2.26242412e-02
  5.60915321e-02  5.19381231e-03 -1.22554200e-02 -2.84359865e-02
  1.46633526e-02 -9.01570078e-03 -1.50324637e-02  1.79342332e-03
  3.45802866e-02 -3.51317599e-02 -5.49964234e-02 -4.92953472e-02
  1.70298740e-02 -5.17148376e-02 -3.51229846e-03 -7.03214407e-02
  4.33387756e-02 -5.58428094e-02  1.11439163e-02  3.10438890e-02
 -2.33201440e-02 -1.50032435e-02  5.49644325e-03 -4.89988104e-02]