[-1.83023186e-03  5.26474155e-02 -5.29565476e-02 -7.88289085e-02
 -9.51231569e-02  3.62411216e-02  1.39372246e-02  3.66198421e-02
 -2.51817331e-02  1.20158903e-01  3.64180580e-02 -1.21062621e-02
 -3.83876115e-02 -4.75753807e-02  3.41510512e-02  2.15927064e-02
  5.79199009e-02 -3.28132436e-02 -4.86260056e-02  8.33525509e-02
  1.43381193e-01 -3.63203324e-02 -8.17177668e-02  1.59798115e-02
 -7.82668889e-02 -3.68318744e-02 -4.19250205e-02 -1.38192903e-03
 -4.07747962e-02  3.63316983e-02  3.69237140e-02  9.90488529e-02
  5.75170256e-02  6.31561177e-03  9.71416906e-02 -5.21649420e-03
  4.78606597e-02 -2.51367558e-02 -1.55928442e-02  6.23765439e-02
 -1.56428590e-02 -1.16311675e-02 -7.22157732e-02 -7.06181005e-02
  1.36742704e-02 -3.60335596e-02  4.72704805e-02  2.77076159e-02
 -3.90243270e-02 -2.36248248e-03 -9.65802595e-02 -2.35964544e-02
  2.59394534e-02  3.01970285e-03 -2.87415124e-02 -4.64822128e-02
 -2.42965091e-02  3.13724056e-02  3.93035170e-03 -4.50143367e-02
 -1.02328494e-01  6.71395799e-03 -6.93157613e-02  2.05726735e-02
  4.41588052e-02 -2.73744613e-02  2.05177013e-02 -2.06920747e-02
 -3.51217613e-02  2.40310002e-03 -2.29769684e-02 -8.39637145e-02
  2.75642946e-02 -3.72839719e-02 -5.45103922e-02  5.50426915e-02
 -1.34654576e-02  8.97344202e-02  8.35488513e-02 -1.93914995e-01
 -7.94321019e-03  2.09743381e-02 -6.22841110e-03 -2.64405645e-02
 -5.78532415e-03 -2.16624960e-02  2.79882457e-02  5.73181212e-02
  6.65938109e-02  1.72405448e-02  8.32664147e-02  8.71990249e-02
  3.00591532e-02 -4.99396324e-02 -2.38084644e-02 -3.08059007e-02
  7.06921518e-02 -2.29192022e-02  9.49755162e-02  3.45261060e-02
  6.21407703e-02  2.90111788e-02 -2.30194796e-02  2.14134715e-02
 -3.46366093e-02  7.26007251e-03 -4.04782854e-02 -1.02236634e-03
  4.64582518e-02  5.18663377e-02 -5.13945222e-02  3.50684486e-02
 -6.00853525e-02 -9.20115262e-02  5.04577905e-03  4.14166190e-02
 -5.91793321e-02  3.75056304e-02  5.97971901e-02 -1.25314463e-02
  2.97522405e-03 -5.61073422e-02 -3.82055156e-02 -4.28242162e-02
  8.53179395e-02  2.20899079e-02 -1.17013957e-02  7.37331109e-33
 -1.19653894e-02 -6.19875342e-02  1.35669895e-02 -5.96098304e-02
 -1.79421306e-02  4.20945883e-02  4.08254704e-03  3.63064185e-02
  7.31021026e-03  4.18223888e-02 -8.28737542e-02  3.68715264e-02
 -3.13482694e-02  2.57522985e-02  1.04177132e-01 -2.57869661e-02
 -1.36565929e-02  2.36108936e-02 -2.86444183e-03  4.07281220e-02
  4.01666276e-02 -2.96972115e-02  3.46983597e-02 -1.85584202e-02
  1.43374782e-02  5.91802411e-02 -2.71327961e-02 -2.34569721e-02
  2.11736467e-03  5.27133904e-02  5.71758859e-02  1.68901365e-02
  3.80658507e-02 -1.20248608e-02 -6.43874481e-02 -5.61270816e-03
 -5.13851158e-02  3.66950072e-02 -9.02008172e-03 -3.08629200e-02
 -1.06811069e-01  1.19562987e-02  9.52657685e-02  7.77340122e-03
 -3.90671752e-02 -5.68992570e-02  5.20735197e-02 -5.11411503e-02
  1.34385750e-01  5.28918356e-02  3.79565777e-03 -3.18580754e-02
 -2.90551968e-02 -3.96073908e-02 -2.45647831e-03 -5.60633689e-02
 -7.14072511e-02  1.93510372e-02 -1.41069223e-03 -9.04420093e-02
  3.75244953e-02 -5.82209714e-02 -5.18016145e-02  1.79137141e-02
 -5.54893278e-02 -2.21817996e-02  3.07019018e-02  4.34187837e-02
  1.13513343e-01 -3.35860066e-02 -6.26249015e-02  1.59031693e-02
  3.71117215e-03  1.64755117e-02  2.28865054e-02  2.40231398e-03
  2.98161730e-02 -4.94322041e-03 -6.36774451e-02  1.72152705e-02
 -5.49894534e-02  2.00208966e-02 -6.97278511e-03 -5.29263392e-02
  6.61885962e-02  3.76650169e-02  6.14228323e-02  8.36819783e-02
  4.47183922e-02  7.16658216e-03  1.87609941e-02 -3.89134325e-02
  2.88006663e-03  7.83975944e-02  6.80047274e-02 -1.04087644e-32
  1.33996923e-02  2.56274408e-03 -4.71613966e-02 -5.42768417e-03
  1.47846108e-02  5.74894994e-02 -1.82673577e-02 -5.68353087e-02
 -6.54091686e-02 -1.12276874e-01 -4.52592084e-03 -4.30984683e-02
  4.93539460e-02  3.19965594e-02 -6.76950961e-02  2.65100244e-02
 -7.24980161e-02 -4.97115254e-02 -7.23079666e-02 -2.25631911e-02
  3.02055534e-02  2.16700528e-02  6.37338236e-02  1.57872848e-02
 -9.63831320e-03 -9.06456634e-02 -3.91627438e-02 -6.69715181e-02
  5.49065834e-03 -2.82801595e-02 -1.08392993e-02  3.23025435e-02
 -8.64927918e-02  1.08654909e-01 -1.25687532e-02 -9.20750052e-02
  2.11411808e-02 -7.32224956e-02 -2.94565428e-02  1.36641249e-01
  2.79747266e-02  4.94413935e-02  4.23086174e-02  3.88876870e-02
 -4.98172604e-02  1.60486773e-02 -1.62518024e-02 -1.12924404e-01
  2.61262972e-02 -1.06336541e-01  7.21663460e-02 -2.06181444e-02
 -1.73940342e-02 -2.88164113e-02  5.71839735e-02 -1.89467985e-02
  1.17728403e-02 -6.98134825e-02 -1.28062561e-01 -2.81777047e-03
  6.10779747e-02  3.85885872e-02 -5.26202284e-02 -1.00235473e-02
  8.12518597e-02  4.77791950e-02 -2.63020787e-02 -7.35676615e-03
  4.88758273e-02 -4.53938125e-03  2.44016200e-02 -9.81508121e-02
 -1.44628301e-01 -4.56728302e-02  2.42503937e-02  2.16836366e-03
 -3.32593285e-02 -3.30268145e-02 -4.43332829e-02  3.74744348e-02
  1.24993352e-02 -3.30380118e-03  4.38192906e-03 -1.73846576e-02
 -4.45619337e-02 -2.46080831e-02  3.00246403e-02 -5.44488095e-02
 -2.33369134e-02  1.15317501e-01 -4.95599397e-02  2.63441540e-03
  8.94177407e-02  3.21672037e-02  8.32223613e-03 -5.62661064e-08
  4.95557906e-03 -3.50099690e-02  1.22329481e-02  3.13859023e-02
 -1.09483618e-02 -7.23769814e-02 -1.98191665e-02  1.21727567e-02
 -2.26177499e-02  3.46405804e-02  1.48678884e-01 -4.12797257e-02
 -6.47898093e-02 -1.60372574e-02  1.03186797e-02 -7.26528242e-02
 -7.24895392e-03  6.86439872e-02 -3.38106230e-02 -7.43703824e-03
  9.98171140e-03 -2.46596634e-02 -9.13160443e-02 -2.92906202e-02
  5.82247786e-02 -2.99312267e-02 -7.13835610e-03  3.76769975e-02
  1.64089110e-02  7.55417794e-02 -4.18168902e-02  3.00511997e-03
 -2.57624984e-02 -5.69970533e-02 -9.80886221e-02 -3.71131487e-02
 -1.27204675e-02  1.33818751e-02  2.69792359e-02 -5.81488712e-03
  8.33956301e-02 -7.32920691e-02 -4.38377112e-02 -1.03089120e-02
  8.65792185e-02 -6.35038968e-03 -7.40802735e-02 -3.49935293e-02
 -3.00067896e-03 -6.13668822e-02 -2.32195798e-02  3.35759558e-02
  9.49145332e-02  1.96297131e-02 -1.44682424e-02  1.21456096e-02
  2.05205362e-02  1.28581878e-02 -6.08042292e-02 -7.60025382e-02
  7.29576573e-02  3.14574465e-02  1.21719288e-02 -4.45601381e-02]