[ 1.26502775e-02  1.54257817e-02 -5.16866408e-02 -8.87694880e-02
 -9.49103460e-02 -1.48589108e-02 -3.93520929e-02  7.87273496e-02
 -2.21835263e-03  4.43154126e-02  8.34015906e-02 -2.70298459e-02
 -4.48111184e-02  8.06897227e-03  1.30342385e-02 -8.66031200e-02
  6.39961511e-02 -7.70371780e-02  1.41956303e-02  2.42613386e-02
  1.18630745e-01 -4.38786671e-02 -6.80163056e-02  1.20135089e-02
 -8.30760822e-02  1.34938741e-02 -6.30422756e-02 -1.44334333e-02
 -2.61388496e-02 -3.20424289e-02 -3.39193195e-02  1.07931696e-01
  7.65772164e-02 -1.08671971e-02 -5.15218638e-03  2.69025713e-02
  7.13782012e-02 -3.64946313e-02 -4.06545997e-02  9.37783122e-02
 -5.64898923e-02 -4.98593785e-02 -2.62176972e-02 -8.53033140e-02
  6.36220956e-03 -3.41187157e-02  1.98008306e-02 -2.58482378e-02
 -7.79858185e-03 -2.03061989e-03 -3.98058034e-02 -4.09348449e-03
 -2.51333006e-02  5.34258150e-02 -6.00982532e-02 -5.07531725e-02
  5.20523898e-02  9.83847212e-03 -1.22295134e-02  7.46945143e-02
 -5.46753742e-02  7.69734681e-02 -4.21540514e-02  3.39835621e-02
  6.04441129e-02 -5.85383773e-02 -1.22710411e-02 -5.92924021e-02
 -4.05315794e-02 -2.00644154e-02  1.05561120e-02 -8.31535757e-02
  5.68834767e-02  8.43364894e-02 -6.87669963e-02  2.49594096e-02
  2.21415353e-03  3.38796228e-02  5.49154319e-02 -1.70366138e-01
  4.08899002e-02  1.29113188e-02 -4.84678149e-02 -6.85755722e-03
 -9.33383964e-03  7.48712430e-03 -4.91075106e-02  1.95407551e-02
  5.82363643e-02 -4.31218743e-02  2.44831219e-02  4.96067069e-02
 -8.03477615e-02 -1.53359328e-03  3.27930436e-03 -4.58521880e-02
  6.00218028e-03  3.05211730e-03 -9.92903765e-03 -2.61450727e-02
  2.02896055e-02 -7.60522392e-03  3.72818559e-02  6.87057450e-02
 -6.64476976e-02  8.37491453e-03 -8.68790410e-03  4.60707322e-02
  3.95294605e-03  7.57834390e-02 -1.02491349e-01  3.79174277e-02
 -1.00187264e-01 -5.49266115e-02 -5.09922206e-02  1.32661797e-02
 -9.12477598e-02 -3.42935435e-02 -4.95375134e-03  3.83771658e-02
  3.09140589e-02 -3.08603030e-02  4.05488648e-02 -5.52988462e-02
  1.00686848e-02 -3.31249982e-02  7.77583271e-02  1.19156857e-32
 -5.26797678e-03 -1.84797263e-03  3.37819271e-02  3.33507769e-02
  5.42277191e-03  3.21048908e-02 -5.09648025e-02  7.38114938e-02
  7.98558965e-02  7.63094500e-02 -6.74051791e-02  7.61507228e-02
 -1.22099277e-02  2.75187660e-02  1.00017391e-01  9.17340908e-03
  2.92208176e-02  1.97524717e-03 -3.27156708e-02  3.72734331e-02
  2.97514293e-02 -3.11100692e-03  1.46759907e-02  1.16401389e-02
  8.77005309e-02  9.03091356e-02 -6.09846711e-02 -1.99235994e-02
 -2.94112600e-02  4.39334549e-02  4.30032462e-02 -3.49642821e-02
  3.01289605e-03 -8.84325057e-02 -6.05264045e-02 -1.33024398e-02
 -3.05051021e-02 -4.75240201e-02 -5.72191253e-02 -3.23028862e-02
 -1.26100304e-02  2.78116832e-03  3.93799357e-02  3.27042863e-02
  3.07978857e-02 -9.69310384e-03  7.12160319e-02 -3.96088101e-02
  1.24319904e-01  8.40801746e-02 -9.59743261e-02 -4.52199467e-02
 -2.60126349e-02 -4.68095317e-02  1.96224730e-02  3.80996466e-02
  2.08672248e-02  3.74893323e-02 -4.68822867e-02 -5.50033972e-02
 -2.47876365e-02 -4.88663167e-02 -3.04521825e-02  1.01209814e-02
 -7.18486961e-03 -8.68360922e-02  1.09816222e-02 -5.47149591e-03
  1.36726752e-01  1.33106019e-02 -1.13588512e-01 -3.60118784e-02
 -7.12510524e-03  4.17967811e-02  2.43222862e-02 -8.34817532e-03
  1.14871226e-02 -5.83310192e-03 -1.05237216e-01  1.42352730e-02
 -5.90679571e-02  5.32202348e-02  9.29708686e-03 -3.29039134e-02
  1.37329534e-01  7.68552125e-02  6.40662909e-02  1.86177623e-02
 -5.91813624e-02  7.88919255e-02 -3.86618525e-02  6.91269487e-02
 -5.49423769e-02  5.70241213e-02  3.08908354e-02 -1.61808546e-32
 -2.04104111e-02  3.76729146e-02 -6.23146743e-02  1.85261015e-02
  4.21614572e-02  1.56635989e-03  2.53468975e-02  3.41362283e-02
 -5.27814403e-02 -6.17278144e-02  2.99241324e-03 -7.58154541e-02
  5.99449053e-02 -2.37227231e-02 -5.40220961e-02  3.26634385e-02
 -1.10600516e-01 -2.88517457e-02 -1.64579898e-02  3.74066681e-02
 -7.85146467e-03  9.91119295e-02  1.26285963e-02 -2.50804052e-02
 -1.04433321e-03 -7.20493421e-02 -1.71439499e-02 -6.28930107e-02
 -4.06910032e-02 -4.53447737e-02 -2.29433812e-02 -3.31210974e-03
 -2.00672615e-02  1.71129286e-01 -2.64857635e-02 -2.16524657e-02
  3.23694088e-02 -1.51966629e-03 -5.03508486e-02  7.75026605e-02
  7.46323466e-02  5.98051399e-02  2.83190403e-02 -5.84095903e-02
 -8.51841271e-02 -8.02034810e-02 -5.60087711e-02 -9.51599926e-02
  1.87396482e-02 -1.95979904e-02  9.33664218e-02 -5.05237654e-02
 -3.90820503e-02 -1.07398620e-02  5.18048108e-02 -5.07451333e-02
  1.20044779e-02 -9.69042405e-02 -1.10339224e-01 -1.07428832e-02
  1.19687647e-01  1.83072835e-02 -5.14593124e-02 -1.52938778e-03
  2.82361116e-02 -2.49254871e-02  3.88422906e-02  6.46651089e-02
  2.27284115e-02 -5.14522940e-03  3.07779806e-03 -3.60738821e-02
 -6.98925033e-02 -9.02092922e-03 -3.55601646e-02 -6.13035411e-02
 -8.55631828e-02 -4.50666472e-02 -3.54580805e-02 -2.67147534e-02
 -5.98211028e-02 -8.10347721e-02  5.42445341e-03 -2.58691069e-02
 -7.38287643e-02  2.09558904e-02  4.78901761e-03 -3.08588296e-02
  1.94539372e-02  4.47014757e-02 -5.58016188e-02  1.57271139e-02
 -1.70431156e-02 -2.16582175e-02 -5.19200228e-02 -7.08947212e-08
  1.96851417e-02  1.63111594e-02  4.72257882e-02 -8.86012800e-04
 -1.31925084e-02 -1.24389447e-01 -6.10007765e-03 -1.65527575e-02
  2.57959515e-02  1.60210393e-02  3.93592380e-02 -1.34911444e-02
 -3.54985669e-02 -1.78468302e-02  7.53027424e-02 -4.04600948e-02
 -3.72658158e-03  9.39843729e-02 -2.08038930e-02 -4.55508903e-02
  8.95143300e-02 -3.82242836e-02 -4.31628227e-02 -2.17309650e-02
  3.96885686e-02  1.18230768e-02 -4.81261499e-02  2.52762605e-02
  1.16859265e-02  3.24281268e-02  1.16160780e-03 -4.11783233e-02
  2.44632233e-02 -1.13421813e-01 -4.74336520e-02 -1.19121326e-02
 -1.02871179e-03 -4.46658283e-02 -3.38281505e-02  1.74633283e-02
  1.02454498e-01 -6.41400963e-02 -5.71412593e-02  7.72377197e-03
  4.67134193e-02  7.65551394e-03 -1.73019618e-02  4.58385609e-02
  2.14137658e-02 -1.90696027e-02 -8.13589990e-02  1.90186352e-02
  1.50998384e-02 -1.31345922e-02 -1.26976958e-02  1.49740297e-02
  6.83915913e-02 -6.59437478e-03 -4.18398865e-02  4.06506378e-03
  5.74868545e-02  1.56599376e-02  8.24441551e-04 -6.22842833e-02]