[-5.88515103e-02  2.31233463e-02 -9.16456655e-02 -6.90578595e-02
  1.86056513e-02  2.91251447e-02 -4.35943455e-02  1.12262204e-01
  3.47636044e-02 -2.99059246e-02  1.05530672e-01 -2.53165103e-02
  7.80530460e-03 -3.07164043e-02 -6.24286979e-02  1.48604466e-02
 -5.42602278e-02 -7.88154826e-03  2.58318130e-02  4.46951836e-02
  2.80614663e-02  8.87581334e-03 -1.84264705e-02  7.63771087e-02
 -6.94595128e-02  7.65130222e-02 -9.59852859e-02  1.32957131e-01
 -6.54925704e-02 -1.13253422e-01 -1.78045023e-03  9.10133645e-02
 -5.16587198e-02 -1.44995460e-02  1.33378720e-02 -2.78557763e-02
 -2.87129991e-02 -8.05956796e-02 -2.19220612e-02  1.58994575e-04
 -5.96840456e-02 -3.82848941e-02  4.47726250e-02 -4.18593064e-02
  4.93179113e-02  4.31582183e-02  2.86522638e-02  5.58196940e-02
  1.09286375e-01 -8.27428922e-02 -7.79134259e-02  1.79620907e-02
 -3.86613561e-03 -5.72900809e-02 -1.51560386e-03 -4.26345970e-03
 -5.56371994e-02 -5.82971796e-02  8.14586133e-02 -3.46993767e-02
  8.17916170e-02 -6.40487624e-03 -1.59079395e-02  2.99220812e-02
 -2.74333190e-02 -6.57061785e-02 -4.70245779e-02 -7.54542351e-02
 -5.42411618e-02  9.20150895e-03  3.08865607e-02 -3.03796027e-02
  2.85948673e-03 -4.07405160e-02 -5.96695654e-02  6.58207908e-02
  3.29953246e-02  1.79194734e-02 -1.31021645e-02 -4.48573492e-02
  1.55943362e-02 -5.35307787e-02  1.54919196e-02 -3.38762961e-02
  3.86342481e-02  6.62221434e-03  6.35417551e-02 -1.35735929e-01
  3.18997577e-02  2.76575908e-02  1.52325211e-02  5.51087931e-02
 -3.78536284e-02  4.10375278e-03 -2.56444123e-02  2.11451836e-02
  3.73983830e-02  7.99023267e-03  1.26166577e-02  3.93579155e-02
  8.17327499e-02 -8.00431892e-03 -6.61892518e-02 -2.19815634e-02
 -1.66629910e-01  4.67342399e-02  2.58940402e-02  9.48440656e-02
  1.06034987e-02 -2.05854382e-02 -3.00365128e-02 -1.82014089e-02
 -3.62735763e-02 -5.97365275e-02 -8.46367627e-02  6.31789165e-03
 -6.76815286e-02 -2.68905964e-02 -4.11360003e-02  4.74153608e-02
 -1.33796167e-02 -6.81818128e-02 -2.43093967e-02 -1.61193013e-02
  5.49537502e-02 -4.50212285e-02  3.69956307e-02  1.83121713e-32
  1.14216488e-02  6.30035205e-03  3.10324542e-02 -8.54775030e-03
  1.90779381e-02  5.37797809e-02 -6.81807175e-02  2.68465038e-02
 -2.92458460e-02  1.52309220e-02 -1.56447310e-02 -1.87964076e-06
 -8.83756205e-03 -3.14329900e-02  8.88316147e-03 -7.03964829e-02
  1.10794879e-01 -5.25806732e-02 -8.43958482e-02 -7.06905797e-02
  4.39336896e-02  7.61344507e-02  2.61416156e-02  3.03791910e-02
  1.19368080e-02  1.26466125e-01 -2.51096883e-03 -6.69901371e-02
 -7.44266212e-02  7.75378346e-02  1.01040015e-02  8.19627568e-03
 -1.23650983e-01 -9.27804969e-03 -4.32059094e-02 -2.03257408e-02
 -2.03633588e-02 -6.81735873e-02 -8.45445246e-02 -1.48423621e-02
  4.75458950e-02  2.93488428e-02 -6.52181879e-02  1.37815159e-02
 -8.68425798e-03 -3.09893955e-02  1.57971121e-02  8.43922570e-02
  8.48047361e-02  6.03200868e-02 -6.46865293e-02 -4.68144054e-03
  1.63950194e-02  7.72122946e-03  8.04907456e-03  9.74001661e-02
 -2.42155213e-02  4.03625071e-02 -2.50590015e-02 -2.68093906e-02
 -3.52773070e-02  3.47007662e-02 -3.32201160e-02 -3.99743952e-02
  1.52336471e-02  2.55226120e-02  2.22136732e-02 -5.00511229e-02
  5.51303513e-02  3.72148901e-02 -2.78349742e-02 -8.60916898e-02
  6.98093325e-02  5.53229637e-02  3.17484289e-02  1.97179709e-02
 -3.81630007e-03 -2.83094384e-02 -2.29847729e-02 -4.13305610e-02
 -1.09821923e-01  5.65910153e-02  3.62750776e-02 -9.07012001e-02
  4.76451926e-02 -4.62876372e-02  3.87961417e-02  9.11724940e-03
  2.21944749e-02  2.94240564e-02  5.01085073e-03 -2.17279233e-02
 -3.16502992e-03 -5.84453046e-02 -1.43498369e-02 -1.94437198e-32
  1.80991776e-02  3.13186869e-02  3.77819389e-02  2.28870381e-02
 -1.46261025e-02  3.35952416e-02  3.87802273e-02  2.89241206e-02
 -1.36723369e-02 -4.07170281e-02  3.57837863e-02 -1.92954559e-02
 -1.91985872e-02 -6.50801137e-02  3.02316956e-02  2.53103599e-02
 -2.69097518e-02 -6.76607564e-02 -6.89038858e-02 -1.62148010e-02
  3.60289663e-02  5.05500101e-02  3.20977457e-02  3.27761918e-02
  6.18876005e-03  4.17089947e-02  1.06845368e-02 -4.75198478e-02
 -5.25265113e-02  5.32806441e-02 -4.48660403e-02  9.71159060e-03
 -3.22106555e-02  1.61571726e-01 -7.98079073e-02  1.97063177e-03
  4.66737077e-02  2.91876625e-02 -7.51468586e-03  9.64574143e-02
 -7.70682376e-03  4.95950468e-02  7.07936808e-02 -4.65044603e-02
 -6.94560707e-02 -1.24899060e-01  5.96706150e-03 -2.59517096e-02
  1.09962434e-01 -2.91905948e-03  3.04736905e-02 -6.98694866e-03
 -6.70033991e-02  5.67933396e-02  5.19364662e-02 -5.64371236e-02
 -2.73875031e-03 -5.83914816e-02 -6.85173348e-02  1.43431686e-02
  1.48414597e-01 -2.44430092e-04 -5.72933033e-02 -2.49714665e-02
  4.22210358e-02 -8.01400170e-02 -2.26256084e-02 -6.78355247e-03
  1.13387287e-01 -2.39655580e-02  1.52665225e-03  7.96409417e-03
  2.31909193e-02 -3.10090873e-02 -2.07453687e-02 -6.10053614e-02
 -3.14782560e-02  1.59631893e-02  8.07099137e-03 -2.88004205e-02
 -3.89243178e-02 -5.33760339e-02 -1.41958492e-02  5.94450422e-02
 -4.26645949e-02 -1.75996590e-02  1.57225989e-02  3.16099562e-02
  9.35020149e-02 -3.39239910e-02  7.37560838e-02  4.88905162e-02
  8.12954754e-02  4.02035713e-02 -4.58527580e-02 -6.73740175e-08
  6.39067441e-02 -5.58570847e-02  1.89267546e-02  3.14895324e-02
  4.71557118e-02  1.81875646e-03 -3.18522416e-02 -6.36116862e-02
 -5.52531891e-02 -3.00088059e-02  1.25284225e-01 -4.48932014e-02
  3.96216139e-02 -3.39891538e-02  1.15001323e-02 -2.57310607e-02
  9.31138918e-03  7.85867125e-02 -5.08680493e-02  1.21410405e-02
 -2.56136116e-02 -2.66489796e-02 -6.27473518e-02  6.58051111e-03
  3.69434878e-02 -5.09966761e-02 -1.01753630e-01 -1.15767904e-02
 -1.11784572e-02  7.24119274e-03 -7.60157704e-02  1.07638352e-02
  7.62236565e-02 -5.27458750e-02 -2.64686495e-02  1.94910076e-02
 -2.06685793e-02  5.87011725e-02 -7.19948038e-02  3.71702993e-03
  2.79007405e-02 -2.38680393e-02 -5.23560308e-02  2.50410922e-02
 -1.52054755e-03  3.40485061e-03  3.12442016e-02 -4.99966107e-02
 -6.19230866e-02 -2.13319547e-02 -9.41799730e-02  3.24262008e-02
  7.79081928e-03  9.22962949e-02 -4.72075380e-02  3.25891636e-02
 -3.35453227e-02  2.02350225e-02 -8.57229456e-02 -7.15491325e-02
  3.66426297e-02 -7.54524097e-02 -1.95658989e-02 -5.55733219e-02]