[-4.41019889e-03  8.57554674e-02 -4.54538241e-02 -9.72923264e-02
 -9.42549035e-02  1.52606405e-02  2.74921544e-02  6.82768822e-02
 -1.30266258e-02  5.81868924e-02  5.19965403e-02  1.38809914e-02
 -5.63694835e-02 -5.29048704e-02 -6.64127767e-02 -4.94336747e-02
  8.73615034e-03  5.71884215e-03  2.97440663e-02  4.83416654e-02
  7.27632791e-02  3.87545535e-03 -6.05734996e-02  6.75625354e-02
 -4.77031060e-02  3.34361829e-02 -4.23652790e-02 -1.87559742e-02
 -5.56697836e-03 -3.74557823e-02  1.00090001e-02  9.45320725e-02
  3.35125402e-02  1.25820925e-02  6.09432049e-02 -4.54567038e-02
  2.36523207e-02 -6.94140932e-03  7.00302538e-04  4.77592787e-03
 -3.85385826e-02 -1.99795850e-02 -7.10108876e-02 -5.16656116e-02
  2.68468130e-02 -6.09684214e-02  1.39880162e-02  6.95651323e-02
 -4.64953249e-03  6.05217665e-02 -8.39093253e-02  8.79648328e-03
 -2.67608818e-02 -5.15124062e-03  2.67766900e-02  4.08847928e-02
  2.85341665e-02  1.90060213e-02 -3.32771987e-02  2.31314497e-03
 -3.19557823e-02  2.86901183e-02 -9.05434936e-02  5.08311652e-02
  5.33738956e-02  2.18190923e-02  4.96932585e-03 -3.14049162e-02
 -7.34862313e-02 -1.52932461e-02 -1.19518051e-02 -9.79729295e-02
  4.76934128e-02 -8.33810400e-03 -2.44961306e-02 -1.62428501e-03
  2.49168593e-02  4.76402901e-02  4.19116318e-02 -1.15656704e-01
  3.11170500e-02  1.69345317e-03 -9.14201140e-03 -1.72436349e-02
 -2.08561327e-02 -4.77622971e-02 -2.46037496e-03 -5.95072396e-02
  1.18000515e-01  7.96109345e-03  5.92202239e-04  1.21794306e-01
  3.24515663e-02 -7.70289674e-02 -3.59627865e-02  4.03430052e-02
  1.87163614e-02 -8.57282653e-02  8.03616419e-02  7.06030801e-02
  1.00504629e-01  2.66781412e-02  3.38580497e-02  8.45613703e-03
 -7.72054270e-02 -4.32564921e-05  1.45399431e-03 -7.50673711e-02
  4.13780585e-02  6.80686608e-02 -8.39850977e-02 -8.43345374e-03
 -7.25881755e-02 -9.78856981e-02 -3.85018885e-02  6.48642927e-02
 -2.66713817e-02  2.32401732e-02  4.67277393e-02 -2.24483870e-02
  8.19763727e-03 -3.56276892e-02 -3.53217684e-02 -2.37041470e-02
  6.10278659e-02 -4.07682732e-02  5.18891737e-02  6.76853835e-33
 -1.21609084e-02 -8.35684538e-02  1.34938806e-02  2.26306170e-02
  9.61037166e-03  3.89229730e-02 -5.81134744e-02  1.27264261e-02
  1.94070078e-02  5.82501628e-02 -2.75276043e-02  2.96728034e-02
 -3.78283486e-02  2.04305653e-03  1.58244431e-01 -5.96382096e-03
 -4.94932979e-02  2.08777506e-02  1.79178864e-02  3.61639038e-02
  1.43949063e-02 -1.12789162e-01  4.54083383e-02  9.60589573e-03
  5.62598445e-02  1.01788089e-01 -6.44154996e-02 -6.60757124e-02
  2.21668324e-03  6.04799464e-02  6.07805587e-02  1.34330299e-02
  7.40742777e-03 -6.26159236e-02 -7.27458969e-02 -7.94240013e-02
 -4.98063155e-02  5.33741675e-02 -3.49615216e-02 -3.80672216e-02
 -6.22020103e-03 -7.11047277e-03  5.91951534e-02  2.23564617e-02
  8.58730357e-03 -6.98169321e-02  1.01271853e-01 -2.66485065e-02
  1.26795441e-01  5.69759347e-02  1.96494833e-02 -1.26693204e-01
 -5.23978844e-02 -4.27652001e-02  3.18890996e-02 -5.59468614e-03
 -7.83466622e-02  5.37447892e-02  5.44430036e-03 -1.03401929e-01
  4.45142351e-02 -8.37869793e-02 -2.38405783e-02 -1.76459122e-02
 -9.19135511e-02 -1.91870835e-02 -1.89126208e-02  5.48554175e-02
  9.52476636e-02 -4.40727780e-03 -4.75484356e-02 -2.66453773e-02
 -1.20941130e-02  2.28474624e-02  9.88599285e-03  4.64390218e-02
  1.26838125e-02  9.64531116e-03 -2.77575031e-02  8.82951170e-03
 -4.73636314e-02 -2.58885864e-02  1.73155591e-02 -4.23299037e-02
  1.32909834e-01  7.81088546e-02  8.41627121e-02  3.49882692e-02
  5.38714081e-02  4.61415097e-04 -1.78074650e-02  7.86286369e-02
 -7.16917068e-02  4.92442176e-02  1.40220910e-01 -1.01866563e-32
 -4.32714075e-02  1.19679878e-02  9.19161271e-03 -3.83176804e-02
 -2.56147999e-02 -7.60350050e-03  2.00657081e-02 -1.63032766e-02
  1.30264936e-02 -1.91669038e-04 -1.17301896e-01 -4.56303768e-02
  7.01027960e-02  9.98457544e-04 -2.01954581e-02  2.60773115e-02
  7.65387267e-02 -7.97216818e-02 -7.64793605e-02 -8.89283884e-03
 -3.29053737e-02 -1.78915765e-02  2.03310922e-02 -1.14830825e-02
  6.76730694e-03 -4.66456003e-02 -6.78959936e-02 -7.04158694e-02
 -4.12634537e-02 -1.13440994e-02  5.18995002e-02 -2.14376207e-02
 -2.94466335e-02  7.89761096e-02 -3.73664945e-02 -1.10860318e-02
  4.11222242e-02 -2.76111905e-02 -9.36252549e-02  6.17629141e-02
  8.52593631e-02  5.53002730e-02  6.49644732e-02 -2.60211341e-02
 -3.63912806e-02 -1.38017302e-02 -6.02008589e-02 -6.69025034e-02
 -2.68076230e-02 -5.09361066e-02  7.77569488e-02 -1.95731297e-02
 -1.42435655e-02 -1.93238091e-02 -1.10271312e-02  3.28259654e-02
  2.89306063e-02 -5.46586290e-02 -8.18519071e-02 -1.84961930e-02
  7.96547607e-02  3.27474508e-03 -6.20589852e-02  1.02339694e-02
  4.20549363e-02 -6.39211014e-02 -4.71920380e-03  6.31116983e-03
  1.97915509e-02  3.27261426e-02  1.36493472e-02 -3.76597680e-02
 -1.49224207e-01 -3.05279903e-02 -5.61692975e-02  3.50413881e-02
 -1.74073000e-02 -4.69742401e-04  9.93001834e-03 -3.15736197e-02
  2.36018654e-02  1.40068810e-02 -6.56539295e-03 -5.10064736e-02
 -8.44824761e-02 -9.55269730e-04 -1.06165430e-03 -6.77173883e-02
 -4.30919696e-03  3.61115895e-02 -2.95209847e-02  5.76617904e-02
  3.55215743e-02 -1.10146590e-02 -3.16995010e-02 -5.11084153e-08
 -2.37851851e-02 -6.55627400e-02  3.09263896e-02  1.05410358e-02
  1.73636246e-02 -1.06398761e-01 -9.11086518e-03  2.90302094e-02
 -8.53642263e-03  1.85521301e-02  6.63908496e-02 -6.15937747e-02
 -4.01838720e-02  4.13468741e-02  3.22331563e-02  3.38058366e-04
  8.71628970e-02  5.86352311e-02 -5.82915172e-02 -5.27204461e-02
  8.14012066e-03 -4.30730777e-03 -1.20741867e-01 -6.10109568e-02
 -1.13055538e-02 -1.55934496e-02  2.85892244e-02 -1.67137459e-02
  5.41506112e-02 -5.31390831e-02 -3.02262977e-02  6.99908584e-02
 -2.40602437e-03 -9.86971334e-02 -1.18762091e-01  2.62790862e-02
  6.86143264e-02 -1.42678628e-02 -1.81517340e-02 -6.97625279e-02
  9.32607651e-02  2.81936284e-02 -4.78654951e-02 -1.44075993e-02
  1.85884424e-02  1.60666909e-02  6.94087986e-03 -4.63899560e-02
  3.47658657e-02 -1.63039751e-02 -5.48516214e-03 -3.78415473e-02
  8.11002478e-02  3.88114387e-03 -1.96030606e-02 -5.39040565e-02
  5.60473911e-02  3.35473120e-02 -3.74601409e-02 -9.29390043e-02
  7.23217949e-02  1.68270078e-02  2.06897818e-02 -2.32579019e-02]