[-1.18930906e-03  2.76319012e-02  9.41133592e-03 -5.73132001e-02
 -3.83348241e-02 -3.60212615e-03  4.04174626e-02  7.10234791e-02
  7.72540495e-02  5.53368144e-02  5.90795241e-02 -2.04717200e-02
 -4.41906881e-03  2.76479758e-02 -5.41182421e-02 -4.10489440e-02
  2.04145461e-02  2.98750941e-02  1.59203839e-02  2.74571665e-02
  1.58818886e-01  7.05818608e-02 -7.20083639e-02  1.71503071e-02
 -6.40123338e-02 -3.43659408e-02 -5.43157421e-02 -3.30254547e-02
 -3.66919152e-02 -2.74153240e-02 -4.20034863e-02  1.70676008e-01
  7.06993714e-02 -4.42011468e-02 -2.64894441e-02 -7.04833213e-03
 -1.59716159e-02 -1.92086920e-02  2.09189486e-02  8.56881291e-02
 -6.16623685e-02 -2.89941356e-02 -2.69460399e-02 -2.33025644e-02
 -3.72899766e-03  2.88121346e-02 -1.14736585e-02  5.97693138e-02
 -9.43720862e-02  1.44775175e-02 -7.76399896e-02 -9.27914158e-02
 -1.30858747e-02  5.37117384e-02 -3.07757892e-02 -1.14960998e-01
 -2.84282956e-02 -2.78826766e-02 -3.97236384e-02  6.47685379e-02
 -2.50812303e-02  2.68580001e-02 -3.42811160e-02 -1.18029332e-02
  4.29919735e-02  4.08808179e-02 -1.98223758e-02 -2.18517128e-02
  3.20866629e-02 -1.83647554e-02  5.98143786e-02  2.64741238e-02
  9.16394293e-02 -2.54316404e-02 -1.39682693e-02  5.57865240e-02
  1.10028144e-04  9.91190784e-03  3.86704318e-02 -1.91891313e-01
  6.41950732e-03  6.61491454e-02  1.01268094e-03 -5.43626808e-02
 -1.24008628e-04 -7.89143902e-04 -8.02186504e-03  3.06789242e-02
 -9.93384607e-03  7.13251755e-02  8.33493620e-02 -8.70767236e-02
 -8.68491456e-03 -3.90733294e-02  3.65361269e-03 -4.92121279e-02
 -4.19209413e-02 -2.08135210e-02  3.90135385e-02 -3.67729850e-02
 -2.30182335e-02  6.47519082e-02  1.28130279e-02 -6.39336323e-03
 -5.40740937e-02 -2.91946754e-02 -4.93866280e-02 -7.31677562e-02
  9.34312642e-02  8.10780525e-02 -1.30488187e-01 -1.11296913e-02
 -1.06595270e-01 -8.95085782e-02 -9.36682522e-02 -5.30223586e-02
  5.10840863e-03 -7.69302249e-02 -4.87327650e-02 -2.67967340e-02
  1.96194015e-02 -2.05242354e-02  2.89016101e-03 -5.15818596e-02
 -5.96003281e-03 -9.40476060e-02 -1.16537965e-04  1.12225812e-32
 -2.39980570e-03  2.83077173e-02 -1.65643170e-02  1.22484535e-01
  3.65669057e-02  7.32384995e-02 -7.66868666e-02 -7.33134747e-02
  5.75453565e-02 -1.72197458e-03 -9.34055820e-02  7.96154514e-02
 -6.13515219e-03 -1.33595290e-02  9.21348296e-03  6.28725216e-02
 -3.28203700e-02  1.01726174e-01 -3.12729552e-02 -7.94752128e-03
 -1.11347958e-02  6.20148331e-02  2.83535017e-04 -2.78089903e-02
  4.73196059e-02  6.68124855e-02 -1.06787555e-01 -6.76378161e-02
 -1.97270717e-02  4.23238538e-02  5.06164432e-02 -4.76687588e-02
  1.79914234e-03 -4.41778265e-02  4.32786606e-02  4.45642844e-02
  7.43134469e-02 -4.12381180e-02 -2.09090319e-02 -6.28910661e-02
  3.71078812e-02 -3.06461249e-02  1.84243117e-02  3.87579459e-03
  3.42506766e-02 -3.08049452e-02 -1.70862824e-02  2.14587692e-02
  6.01853132e-02  2.12886427e-02 -4.43644356e-03  1.40804565e-02
 -4.46597897e-02 -6.19367063e-02  1.44511741e-02  5.35553135e-02
 -8.40219408e-02  2.63534244e-02  9.05657094e-03 -4.18391190e-02
  8.44740197e-02  2.03186907e-02 -2.81795617e-02  6.06336398e-03
 -2.02407409e-02 -7.50564411e-02 -2.08946094e-02 -5.04479818e-02
  1.35082081e-01 -1.07974233e-02 -3.96107994e-02 -3.28441039e-02
 -3.98075767e-02  6.74361810e-02 -2.40126774e-02 -2.68560760e-02
  2.44211573e-02 -1.97643787e-02 -1.75261882e-03  2.51032580e-02
  1.11248801e-02 -3.30989398e-02  5.07197622e-03 -1.18373998e-03
 -1.45496558e-02  1.01654783e-01  2.23759431e-02  4.45137993e-02
 -4.54115644e-02  8.76937211e-02  3.40355113e-02  6.88420460e-02
 -2.14734450e-02  6.78607076e-02  2.52003688e-02 -1.46007713e-32
 -5.93819246e-02  4.64159064e-03 -3.97005565e-02 -3.03605180e-02
 -5.82619011e-02 -1.53594259e-02 -1.79738738e-02  2.45125424e-02
 -1.27117755e-02 -6.71967268e-02  7.71336211e-03 -7.89147392e-02
  1.56277735e-02 -3.09038777e-02 -3.42691652e-02  3.25670503e-02
 -2.88567040e-02  1.06937177e-02 -9.53521058e-02  2.71472633e-02
 -6.29548496e-03 -2.07486190e-02 -9.81348902e-02 -3.56601812e-02
  1.49860522e-02  1.67975500e-02  2.68353838e-02  1.68854520e-02
 -6.00427613e-02 -5.51686846e-02 -3.78915817e-02  1.51599431e-02
 -2.41282061e-02  2.67179292e-02 -9.71317198e-03 -2.56318823e-02
  4.15513068e-02 -1.75155438e-02  1.66898093e-03  1.30989710e-02
  2.39425823e-02  9.93129089e-02  2.79716011e-02 -8.56392533e-02
 -7.88711086e-02 -5.33744842e-02  9.13184136e-03 -6.04808331e-02
  9.52022746e-02 -1.57455597e-02  7.74147436e-02 -5.69948442e-02
 -6.06433414e-02 -6.21541254e-02  1.70549434e-02 -5.21857943e-03
 -7.63690174e-02 -8.55494663e-02 -1.65609289e-02  7.62594864e-02
  8.46568570e-02  4.77039404e-02 -1.18019760e-01  3.33761610e-02
  9.45728794e-02 -8.53683054e-03 -7.16062784e-02  6.25197366e-02
  4.38783541e-02 -6.03580289e-02  5.59094138e-02 -4.50500399e-02
 -6.11536577e-02  1.05428458e-04 -1.82980839e-02 -1.34174600e-01
 -7.61713460e-02 -4.16101553e-02 -4.60177250e-02  1.35438489e-02
 -2.87739895e-02 -3.53921615e-02 -6.29471755e-03  3.30642350e-02
  3.20930630e-02 -5.35762236e-02  3.07376869e-02 -5.04098274e-03
 -4.65941280e-02 -3.31592523e-02 -7.70088285e-02 -2.01634655e-04
 -4.41810824e-02  8.73360131e-03 -2.30929516e-02 -7.28436618e-08
  2.86770612e-02 -1.22646857e-02  1.00431301e-01 -2.31757052e-02
  4.91764210e-02 -8.90085697e-02 -5.58672054e-03  9.36613679e-02
 -4.56096716e-02  1.55308302e-02 -4.09119837e-02  2.81826966e-02
 -5.99119700e-02 -1.84411649e-02  9.84129608e-02 -2.72764340e-02
  2.17284579e-02  7.79002486e-03 -4.16835360e-02 -9.19667482e-02
  6.07448593e-02 -2.50386000e-02 -5.73503375e-02 -3.64995301e-02
 -1.47135099e-02  1.32033267e-04  4.09729779e-02  8.58817250e-02
 -9.82563104e-03  3.40079926e-02 -1.92744639e-02  4.30609956e-02
  1.20668933e-02 -4.18825410e-02 -7.16934949e-02  6.56186566e-02
  1.96033828e-02 -4.90903854e-03 -1.61090512e-02 -3.68494005e-03
  4.59214412e-02 -3.76922786e-02 -1.14577869e-03  3.25238667e-02
 -3.82515346e-03 -7.18289660e-03  6.41784444e-02  4.25398983e-02
 -3.28234881e-02 -3.50485481e-02  5.32419467e-03  6.93245828e-02
  7.45312274e-02  7.44242519e-02 -2.43848823e-02 -2.80051871e-04
  6.88766167e-02  1.43058356e-02  3.53715499e-03 -4.16120924e-02
  6.00380711e-02  4.35980037e-02  1.72158852e-02 -1.57351661e-02]