[-6.38735816e-02  3.43893990e-02 -1.05540827e-01 -4.96951602e-02
 -5.56237176e-02 -6.24281028e-03  7.03811422e-02  1.10057697e-01
 -2.81278919e-02  1.01815708e-01  6.31023645e-02 -4.62553464e-04
 -3.88175668e-03  6.65362254e-02  7.94128049e-03 -7.66121745e-02
  4.05697599e-02 -5.33651039e-02  2.89797764e-02  5.04144141e-03
  1.01645723e-01 -3.76981571e-02 -8.02368373e-02  1.62587911e-02
 -9.26221907e-02 -8.83119330e-02 -7.62272403e-02  2.55500106e-03
 -5.48732653e-02 -3.52057777e-02 -5.46293594e-02  4.98178639e-02
  1.47928251e-03  5.44762649e-02  3.97983976e-02  4.60335650e-02
  7.24566057e-02 -9.02195126e-02 -2.36421973e-02  4.28855903e-02
 -7.42915645e-02 -1.50568029e-02 -1.13041289e-01 -2.63724234e-02
 -1.00051779e-02 -3.54657657e-02 -1.86705031e-02 -3.05080246e-02
 -8.54901671e-02  1.26058189e-02 -3.62641439e-02  1.57497898e-02
 -1.74341425e-02  5.83976395e-02 -2.70375106e-02 -4.49620225e-02
 -4.51925360e-02  1.10146394e-02  1.20956851e-02  1.95725951e-02
  2.19882336e-02  3.46088111e-02 -3.95955257e-02  3.43193784e-02
  5.91713376e-02  1.12907039e-02 -4.19733003e-02 -1.93935689e-02
 -3.17886146e-03 -6.25534281e-02  2.76120193e-02 -5.54866418e-02
  1.57836247e-02  1.05961949e-01 -2.77192928e-02  9.02709588e-02
  4.62544858e-02  5.43164536e-02  2.67933924e-02 -9.97915566e-02
 -2.83939275e-03 -2.10759090e-03 -3.11681833e-02 -1.42921861e-02
 -2.76755486e-02 -3.11623793e-02 -3.08992267e-02  2.35588271e-02
  1.20886758e-01  5.80888912e-02  9.82133076e-02  8.58069584e-02
  5.27477497e-03 -5.86346015e-02  4.71323682e-03 -1.97847988e-02
  1.31590124e-02 -1.17472913e-02  1.22532323e-02 -2.73961555e-02
  2.82293148e-02  3.30177285e-02  3.46731432e-02  4.28652018e-02
 -5.47226965e-02  4.80265208e-02 -2.22889390e-02 -7.56146833e-02
  3.32382210e-02  6.62617981e-02 -9.62604508e-02 -2.72036735e-02
 -6.21040426e-02 -8.03656951e-02 -1.05920948e-01  6.87223598e-02
 -9.68142450e-02 -2.88835149e-02  8.43467116e-02 -3.79645824e-02
  1.87487751e-02 -7.26837572e-03 -2.26385472e-03 -7.55816251e-02
  6.10688701e-02 -8.63718428e-03  5.16284965e-02  1.04169047e-32
 -6.20370023e-02  7.43635232e-03 -2.44075935e-02  8.41340348e-02
  1.59511175e-02  3.60479429e-02  2.85348594e-02  1.52958529e-02
 -1.47938058e-02  2.79531367e-02 -9.86468196e-02  4.48699445e-02
  2.06078254e-02 -3.47442441e-02  1.12891205e-01 -8.28981772e-02
 -2.38024816e-02 -2.15863753e-02 -6.51984999e-04  3.06734312e-02
 -3.36955190e-02  4.42547677e-03  5.60723431e-02 -5.76807745e-02
  2.77091581e-02  5.54380827e-02 -8.05702135e-02 -3.34745087e-02
  2.10076571e-02  6.57512099e-02  2.37116031e-02  2.18789577e-02
  2.15075929e-02 -9.64491442e-03  5.90819772e-03 -1.35145076e-02
  9.94416699e-03 -1.45319812e-02 -1.99010177e-03 -2.48699151e-02
 -4.61075939e-02  1.94089988e-03  2.48961002e-02  6.61365390e-02
  2.28960533e-02 -6.65994287e-02  3.17450315e-02 -2.79085850e-03
  1.00097932e-01  6.09258376e-02 -4.75631952e-02 -1.71808749e-02
 -5.20207845e-02 -8.91742185e-02  2.16139909e-02  3.40978801e-02
 -7.80362263e-02  3.40315439e-02 -3.65001820e-02 -4.78172414e-02
  4.58044708e-02 -5.49919978e-02 -7.55033316e-03  3.79885547e-02
  3.57721709e-02 -8.42418745e-02 -3.02709602e-02 -4.05011401e-02
  1.26493216e-01 -1.82086546e-02 -7.89963827e-02 -4.04097326e-03
  7.95171037e-02  3.99327911e-02  2.27678176e-02  1.35571407e-02
  7.32592568e-02  3.80680822e-02 -6.20224848e-02 -7.53032556e-03
 -8.92368481e-02 -8.20766762e-03  2.12581046e-02  4.75983210e-02
  1.07419275e-01 -7.81003106e-03  1.86468493e-02 -2.18838593e-03
  8.04948620e-03  8.87895152e-02 -4.34902608e-02  8.23617578e-02
 -3.61890271e-02  2.43492201e-02  5.72431199e-02 -1.28232930e-32
 -2.34654732e-03  9.67822969e-03 -4.00488935e-02 -2.11174414e-02
 -3.02671567e-02 -5.40444739e-02 -4.61661210e-03 -4.06146795e-02
 -3.47648263e-02 -2.07127631e-02 -2.98858229e-02 -1.16772749e-01
  7.83523172e-02 -2.65262015e-02 -5.97287640e-02 -1.86403058e-02
 -9.78229269e-02 -4.86189798e-02  9.24960244e-03  3.72537859e-02
  4.46695611e-02  5.65055124e-02  1.25146657e-02 -2.67618317e-02
  3.05717252e-02 -1.69596970e-02 -5.47824018e-02 -1.99414827e-02
 -5.13965078e-02 -9.66361351e-03  2.26978809e-02 -3.04027833e-02
 -1.54806832e-02  1.61824480e-01 -4.92276102e-02 -2.37914938e-02
  1.05375797e-01  4.15433757e-03  5.11635169e-02  7.54872262e-02
  7.18561858e-02  2.80452967e-02 -2.40835343e-02 -6.83626533e-02
 -7.85184503e-02 -2.19801199e-02  2.03429218e-02 -1.14721745e-01
  2.54344139e-02 -1.05848402e-01  8.95103067e-02 -1.77252423e-02
 -2.13600341e-02 -4.29968089e-02  4.46763709e-02 -2.34583318e-02
 -3.28980498e-02 -9.31039825e-02 -1.28905013e-01  2.34103855e-03
  1.71027690e-01  5.12174517e-02 -3.05571705e-02  3.73202586e-03
  1.06419653e-01 -2.51897220e-02 -4.57001105e-02  2.89849620e-02
 -4.95521910e-02 -1.81099623e-02  4.02196944e-02 -9.20413211e-02
 -6.20845668e-02 -4.68102321e-02  1.33556444e-02 -5.25903292e-02
 -2.35545784e-02 -1.77883133e-02 -4.62393463e-02 -9.49219055e-03
 -5.07928543e-02  1.55711146e-02 -5.71199842e-02 -3.49649489e-02
  2.56069917e-02  6.60620108e-02  3.29182483e-02  3.00876275e-02
  1.59939993e-02  3.59583311e-02 -6.28464147e-02  2.30635703e-02
  6.13032281e-02  4.90538031e-02 -9.85134300e-03 -5.69386778e-08
  1.45177059e-02  8.09031632e-03 -2.83216424e-02  3.97234447e-02
 -2.94011855e-03 -3.16879936e-02 -4.35950346e-02 -2.38213353e-02
 -1.51314819e-02  1.98629685e-02 -1.65759530e-02  2.23524240e-03
 -5.27152866e-02  2.70174146e-02  3.39608043e-02 -7.67067745e-02
 -3.04554533e-02  2.31557321e-02 -4.97791879e-02 -1.49438391e-02
  2.91975942e-02 -4.17435877e-02 -6.90819696e-02 -3.83837409e-02
 -2.66191140e-02  1.99778080e-02 -4.19886559e-02  1.81335732e-02
 -1.45354066e-02  4.15380187e-02 -3.37789990e-02 -2.65360959e-02
  3.21879461e-02 -7.28302002e-02 -7.40700867e-03 -1.87309645e-02
 -4.60903533e-02  2.09106412e-02 -2.96488293e-02 -1.75874606e-02
  5.33050261e-02  4.97902632e-02 -4.35128547e-02  5.28634116e-02
  5.35746757e-03  7.13275047e-03 -1.07481025e-01  8.92858058e-02
  2.18491675e-03 -2.11269390e-02 -3.59849893e-02 -4.23364565e-02
  1.31724002e-02 -4.27938737e-02  6.20118193e-02 -2.26676576e-02
  6.81323856e-02  5.00090271e-02 -1.67124346e-02  8.91164038e-03
  3.54578777e-04  6.93635195e-02 -2.09885323e-03 -4.48484644e-02]