[ 9.12236515e-03 -2.39936970e-02  2.59871781e-02 -6.56943470e-02
 -7.32617304e-02  1.16157532e-02 -6.53902162e-03  1.06905766e-01
  6.61044046e-02  2.86528040e-02  1.16721317e-01 -6.77728057e-02
 -5.01884855e-02  4.43773828e-02 -5.70712574e-02 -3.92561443e-02
 -5.66238835e-02 -1.88035483e-03 -1.96116492e-02  7.04921111e-02
  7.92076737e-02  2.25560330e-02 -2.83116791e-02 -6.42128428e-03
  3.71526554e-02  2.80127116e-02 -3.52336578e-02 -5.09839132e-03
 -6.30324259e-02 -8.71678740e-02 -7.69497454e-02  1.40922055e-01
  1.86440963e-02 -5.14161848e-02 -4.42596199e-03 -8.05004165e-02
  3.18402536e-02  5.24494471e-03 -4.57569100e-02  5.38361035e-02
 -2.69992426e-02 -8.21062401e-02 -5.95570914e-02 -2.09283642e-02
 -1.83367881e-03 -1.94328297e-02 -5.66082401e-03  1.03647664e-01
 -4.83429544e-02  9.69490386e-04 -1.15710549e-01 -1.95977520e-02
 -3.13366652e-02  7.69356266e-02 -8.39504972e-03 -2.03290619e-02
 -4.36057001e-02  1.02481470e-02  3.47204879e-02  9.36088860e-02
  2.14957609e-03  3.81759442e-02 -4.77547534e-02 -3.69057152e-03
 -2.21656635e-02 -1.95362163e-03  6.65767938e-02 -2.67526917e-02
 -6.86135367e-02  7.49064423e-03  3.46211158e-02 -7.84274340e-02
 -2.85381265e-02  5.84101044e-02 -3.83367911e-02  7.05432147e-02
  4.27915752e-02  3.79186757e-02  2.53558494e-02 -1.34376273e-01
  6.12370111e-03 -6.33959249e-02  9.40857362e-03 -6.67709038e-02
  3.89228500e-02  1.05045941e-02 -3.21041681e-02  1.21639634e-03
  1.44247375e-02  2.38500368e-02 -4.14306857e-02  1.05832212e-01
  4.83781695e-02 -2.03125421e-02  5.15150055e-02  8.17202218e-03
 -1.70873199e-02  7.60705909e-03  3.09917275e-02  2.24583987e-02
  3.56847537e-03  2.40960699e-02 -8.47661272e-02 -7.11009314e-04
 -9.97402519e-02 -1.06691616e-02  2.59320308e-02  2.65111681e-03
  4.67212759e-02  6.74024597e-02 -5.51218204e-02 -1.20774293e-02
 -7.52075762e-02 -8.55611339e-02 -3.66641134e-02 -3.68485227e-02
  5.37754036e-03 -1.94670968e-02  5.45023531e-02  5.17331250e-02
 -1.18608810e-02 -2.62661465e-02 -5.85492626e-02  2.08056383e-02
 -1.24673476e-03 -1.86417587e-02  8.16703017e-04  1.40435825e-32
  3.35870869e-02  1.99387409e-03 -7.08722696e-02  6.90319538e-02
  1.47643080e-02  4.90979888e-02 -9.26612020e-02  5.29548153e-02
 -5.62949218e-02 -8.55280384e-02 -1.04493342e-01  4.20260690e-02
 -7.88641199e-02 -7.61563107e-02  1.23519361e-01  5.80497533e-02
  4.26398478e-02  3.15641273e-07  8.20132345e-03 -4.68016490e-02
 -2.41539422e-02  7.19116703e-02  1.49893863e-02  1.44704408e-03
  2.13649794e-02  6.07452802e-02 -8.86745229e-02 -6.40441701e-02
 -4.11357209e-02  2.53302716e-02  5.88204227e-02 -5.96486256e-02
  8.51209834e-03 -9.70721766e-02 -3.48191406e-03  1.28245298e-02
 -2.18875315e-02 -2.77237818e-02 -8.29985365e-02  8.43377784e-02
 -5.31706512e-02  3.89282927e-02 -4.81947474e-02  1.30658774e-02
  1.71917453e-02 -2.43828017e-02  3.57511677e-02 -3.69916372e-02
  7.60434046e-02 -4.03313013e-03 -1.59986056e-02 -2.46147849e-02
 -4.10153456e-02  5.31611033e-03  4.32102196e-03  3.64754982e-02
 -1.21621929e-01 -1.67421217e-03 -2.49884166e-02 -8.66343305e-02
  3.47291268e-02  4.62444611e-02  5.37990965e-03 -3.82625777e-03
  2.37866342e-02  5.40489377e-03  6.04512077e-03 -2.69140070e-03
  4.81148809e-02  2.32090661e-03 -7.12320432e-02  7.58704310e-03
 -1.30038606e-02 -1.64005104e-02  1.24901328e-02 -3.26887555e-02
  1.42481802e-02  3.16137634e-02  4.39697057e-02  4.47166190e-02
  5.33550121e-02  4.58860658e-02 -5.95057383e-03 -4.38793153e-02
  1.02904469e-01  6.54748678e-02  1.03081614e-01 -4.55495715e-02
 -4.01815623e-02  6.93091676e-02  2.96151452e-02  2.43442636e-02
 -4.60541397e-02  1.65311992e-02  4.16940451e-03 -1.51776583e-32
 -7.61682093e-02 -9.17062350e-03 -2.76154168e-02  2.17846874e-02
 -5.67150861e-02 -1.24441162e-02 -2.84455018e-03  6.01774380e-02
  5.94947822e-02 -1.19140610e-01 -1.12835062e-03 -1.17972165e-01
  7.18893781e-02 -5.21583445e-02 -5.79034686e-02 -1.48443719e-02
 -1.04554510e-02 -4.56135944e-02 -8.11927691e-02 -3.12650460e-03
 -1.28998002e-02  1.24627966e-02 -5.59814870e-02  5.37772439e-02
  1.53624015e-02 -1.66558847e-02  3.23329158e-02 -4.44406904e-02
 -6.26828521e-02 -3.16840075e-02  4.06463221e-02 -6.14819229e-02
  6.76084217e-03  6.79465905e-02 -2.11615041e-02  7.23945647e-02
 -3.34306955e-02 -2.56677084e-02  3.24858539e-02  5.46016805e-02
  1.56057696e-03  7.46377930e-02  2.64221746e-02 -3.32332104e-02
 -9.15510505e-02 -1.32766142e-02  6.19471166e-03 -5.73392957e-02
 -2.37812493e-02 -5.42272367e-02  1.69168979e-01  3.82280014e-02
 -1.02099620e-01  2.77535375e-02  2.35529114e-02 -3.98828229e-03
 -1.05987787e-02 -1.17797060e-02 -1.13515772e-01  2.57236678e-02
  3.47670950e-02  5.78144304e-02 -4.21694890e-02 -4.73417118e-02
  9.26614404e-02 -1.34825371e-02 -2.65122578e-02  2.71475930e-02
  4.98659536e-02 -6.68181330e-02  1.10520273e-01 -3.48156504e-02
 -1.01305172e-01 -3.55929807e-02 -2.55479608e-02 -4.01655212e-02
 -3.99089381e-02  4.25655916e-02 -4.32555489e-02  4.07040603e-02
 -7.77315395e-03 -2.42952891e-02 -3.44283544e-02 -7.92195182e-03
 -3.11200786e-03 -3.64664868e-02  9.78521928e-02  1.76781546e-02
  5.65844588e-03  3.53448950e-02  5.57570346e-02  1.85162656e-03
 -7.08019035e-03  4.87556830e-02  1.90832224e-02 -6.71872158e-08
  6.78463876e-02 -7.24943206e-02 -2.55575310e-02  5.32684065e-02
  1.34009346e-01  1.08273234e-02 -1.45575562e-02  1.38470149e-02
 -1.85211897e-02  1.17487274e-02  7.84934834e-02  5.46990661e-03
 -1.16662428e-01 -1.98085569e-02  6.85714409e-02 -6.53910730e-03
  6.65696012e-03  3.11092678e-02 -2.35285889e-02  1.61253773e-02
 -1.43923075e-03  1.99857652e-02 -4.35091704e-02 -6.49890751e-02
 -4.14833948e-02 -2.58318521e-02 -1.27713559e-02  6.57387730e-03
 -3.03184264e-03 -3.22422720e-02 -1.68802403e-02 -2.44117416e-02
  5.12565300e-02 -6.01691045e-02 -1.10299185e-01  2.90339179e-02
  1.92694627e-02 -2.48183459e-02 -6.80538490e-02  2.06297841e-02
  1.18737660e-01 -2.91611850e-02 -6.12746552e-02  7.32351840e-02
 -1.69884674e-02 -6.26023784e-02  1.53292259e-02  1.20568909e-02
 -7.48625817e-03 -8.20064470e-02 -1.00363255e-03  4.60697711e-03
  6.35643899e-02  1.91842243e-02 -2.43795197e-02 -3.48753370e-02
  7.65226558e-02  4.70541529e-02 -7.12681487e-02  2.90324148e-02
  1.17575809e-01 -1.15954839e-02  1.99566688e-02  2.70314440e-02]