[ 1.19843539e-02  9.24821496e-02 -4.15796526e-02 -6.31386042e-02
 -6.02191538e-02  2.57651154e-02 -1.28532900e-02  6.72428310e-02
  1.68321673e-02  7.76537582e-02  7.87766352e-02 -1.88688014e-03
 -8.10396001e-02 -6.39572321e-03 -4.64524962e-02 -7.71045536e-02
  1.44591741e-02 -1.42463343e-02  7.25352205e-03  3.51015665e-02
  9.10877883e-02 -6.33007437e-02 -8.89495164e-02  3.56097668e-02
 -3.78876366e-02 -2.23836508e-02 -4.22199704e-02 -2.73943376e-02
 -1.95872523e-02 -5.98571682e-03 -2.94074323e-02  7.57390559e-02
  5.87181710e-02 -4.71786316e-03  5.53589724e-02 -4.02003862e-02
  8.98281634e-02 -3.04830391e-02 -5.48967607e-02  8.81391242e-02
 -3.45210843e-02  2.90843453e-02 -9.29448083e-02 -4.32371795e-02
  2.35376470e-02 -6.37394190e-02  3.45629803e-03  4.75389361e-02
 -8.93346295e-02 -2.16027293e-02 -9.74898264e-02 -2.24000607e-02
  2.93847919e-02 -1.28563996e-02 -7.10670510e-03 -6.34421632e-02
 -1.25941318e-02 -2.45994069e-02 -4.29511480e-02  2.08372809e-02
 -6.51960671e-02  2.14961730e-02 -4.08437103e-02 -1.82953163e-03
  1.53506473e-02 -7.00358301e-03 -7.81447440e-03 -5.16772852e-04
 -2.74373088e-02 -2.06903392e-03  4.39210832e-02 -1.18758030e-01
  4.31456082e-02  2.71078665e-02 -4.93644252e-02  6.16356730e-02
 -4.08387248e-04  1.04191773e-01 -3.99814127e-03 -1.92300469e-01
 -2.40104808e-03 -9.64981224e-03 -3.05134282e-02 -7.05656186e-02
 -7.47511815e-03 -3.84670869e-03 -1.41685754e-02  4.17994754e-03
  9.87888649e-02  4.18004505e-02  6.96313903e-02  3.51618156e-02
 -3.78167033e-02 -1.89635325e-02 -2.34556571e-02  3.25197056e-02
 -2.73996918e-03 -3.45382690e-02  9.79242101e-02  1.97197758e-02
  7.79623166e-02  8.84588249e-03 -6.77511282e-03  4.03655432e-02
 -4.64874357e-02  8.99711158e-04  3.34336832e-02 -6.30680546e-02
  4.16139252e-02  4.83412668e-02 -8.36708620e-02  5.26937842e-02
 -7.61027122e-03 -6.08935282e-02 -4.55948599e-02  1.38396379e-02
 -4.20163199e-02  1.25907175e-02  6.85588941e-02 -1.33739440e-02
  3.09379604e-02  1.25990016e-02 -1.36097334e-02 -5.97137623e-02
  1.60154160e-02 -4.51311991e-02 -3.13784368e-02  8.55068623e-33
 -1.73752867e-02 -6.55050948e-02 -7.06002861e-03  1.44967018e-02
 -3.42892632e-02  1.96921695e-02 -2.62716897e-02  2.70343293e-02
  2.12420523e-02  3.10473777e-02 -2.67414115e-02  2.65183067e-03
 -2.60725524e-02 -1.32773463e-02  4.93771397e-02  7.63115808e-02
  2.92311981e-02  2.51101051e-03  3.10723651e-02  2.28058342e-02
 -1.52163804e-02 -5.60827628e-02 -1.33787161e-02  1.24412384e-02
 -1.15656934e-03  1.04171082e-01 -8.17842931e-02 -6.49198741e-02
 -2.39293370e-02  5.14644124e-02  5.97514585e-02 -3.64519916e-02
  3.84828448e-02 -5.72253950e-02 -4.62285951e-02 -1.69807822e-02
  5.15947379e-02  4.60761525e-02  4.99633723e-04 -3.53738777e-02
 -5.40430620e-02  1.75348611e-03  6.34319857e-02  6.44856244e-02
  5.41447178e-02 -3.29206660e-02  2.35864036e-02 -2.29620170e-02
  1.11630559e-01  5.07126302e-02  1.70418005e-02 -7.97382519e-02
 -2.69759353e-02 -2.67560463e-02 -2.24073417e-02 -3.83631303e-03
 -5.22334054e-02  8.04077554e-03 -5.66962222e-03 -9.51710343e-02
  3.09328772e-02 -2.22966112e-02 -7.54607022e-02 -2.25842837e-02
 -4.29559164e-02 -4.96801510e-02 -3.87747139e-02  1.95445195e-02
  1.56886473e-01 -1.64937861e-02 -1.31830975e-01 -1.53823541e-02
 -4.04025391e-02  7.51808519e-04 -5.07088844e-03 -1.20621007e-02
  6.21893629e-02  6.62656082e-03  1.41216759e-02  8.10538754e-02
 -1.28523968e-02  1.49518568e-02 -4.88627777e-02 -5.90977967e-02
  4.22726013e-02  6.98888153e-02  6.24332353e-02  6.06770888e-02
  5.97476251e-02  3.48328575e-02  3.39983776e-02  5.83740287e-02
  6.57551782e-03  4.12523560e-02  8.44486579e-02 -1.22372459e-32
 -1.82853211e-02 -7.41313351e-03 -8.42019841e-02 -9.73285933e-04
  6.48581842e-03 -3.29853706e-02 -3.26139480e-02 -4.45912629e-02
 -1.72678679e-02 -1.64819583e-01 -3.99073139e-02 -1.34270623e-01
  6.95849732e-02  7.73989421e-04 -6.71194866e-02  3.03477086e-02
 -9.09870639e-02 -1.44920079e-02 -4.39768732e-02  1.81169750e-03
  1.67843942e-02  3.85136381e-02  4.19905968e-02 -9.91220213e-03
 -2.93700788e-02 -1.05439583e-02 -2.91319881e-02 -2.92732511e-02
 -8.99614394e-02 -4.38202685e-03  6.81265369e-02  2.21903697e-02
 -3.08967736e-02  1.31553367e-01 -3.35704498e-02 -8.22080597e-02
  3.16450447e-02 -6.17069304e-02 -5.33769950e-02  7.75569901e-02
  6.67308643e-02  7.59167075e-02  2.35200059e-02  3.02541945e-02
 -8.49846005e-02  9.81090683e-03  1.81132625e-03 -9.59883258e-02
  8.05473551e-02 -8.85912850e-02  7.62728527e-02 -6.81088213e-03
 -3.20823751e-02 -2.06407662e-02  7.24115446e-02 -3.74342948e-02
 -4.58640903e-02 -5.64687960e-02 -9.71726999e-02  8.16537067e-02
  8.86294618e-02  7.05403611e-02 -4.79167998e-02 -1.37670245e-02
  6.70267418e-02 -1.01624886e-02 -3.59254442e-02  7.02255890e-02
  1.29072713e-02 -4.51763952e-03  1.83210825e-03 -1.99219715e-02
 -1.09009713e-01 -4.93898727e-02 -5.73872849e-02 -8.57148378e-04
 -3.57407629e-02 -2.48691700e-02 -4.72168997e-02  1.47767235e-02
 -1.06199652e-01 -2.10975260e-02 -5.42679057e-02  5.17211249e-03
 -6.88875020e-02  2.33201440e-02  1.37720509e-02  8.28302745e-03
  1.80236697e-02  6.20592013e-02  6.32414082e-03  3.09791286e-02
  8.69927108e-02 -1.11550642e-02 -1.57813989e-02 -6.69281803e-08
  7.95271061e-03 -7.07437173e-02  2.60665864e-02  6.72592819e-02
  1.17617156e-02 -1.04648642e-01 -7.67938569e-02 -7.79625867e-03
  1.91819277e-02  7.90003762e-02  3.08106039e-02  1.05412211e-02
 -1.13408014e-01 -3.32712121e-02  1.91565230e-02 -4.96862605e-02
  7.85970315e-02  4.36095968e-02 -3.47773246e-02 -1.72481984e-02
  3.49616036e-02 -1.02636581e-02 -7.56687000e-02 -5.08537367e-02
 -5.56731457e-03 -2.03579552e-02 -1.72755700e-02  4.31912877e-02
 -1.64539684e-02  5.80536276e-02 -2.00782549e-02  2.02063937e-02
  4.84187379e-02 -4.63997051e-02 -2.69242339e-02 -4.73003387e-02
 -8.89812224e-03  2.04521511e-02 -3.33940573e-02 -4.91791293e-02
  4.51532751e-02 -5.55504374e-02 -2.58604400e-02 -6.93429168e-03
 -3.83859985e-02 -2.74097677e-02 -2.71526482e-02  6.13032766e-02
  3.42239961e-02 -3.79358307e-02 -4.86530811e-02 -1.02721690e-03
  7.03610927e-02  2.77667004e-03  1.67124774e-02  2.38836333e-02
  5.64075485e-02  4.09509167e-02 -8.97957310e-02 -5.92936315e-02
  1.20492801e-01 -2.18068156e-02  3.16154137e-02 -2.15442497e-02]