[-8.34561661e-02  5.16515970e-02 -6.18720166e-02 -8.80981833e-02
 -1.19708717e-01 -1.16019733e-02 -7.33686890e-03  1.02125198e-01
  2.88480185e-02  5.81214018e-02  1.08793885e-01 -4.88671288e-02
  2.57145651e-02  2.02632714e-02 -3.66935693e-02 -7.54006580e-02
 -3.73351015e-02  2.23047808e-02 -9.32232197e-03  6.91252500e-02
  1.21789552e-01  3.86435795e-03 -2.18289625e-02  4.45418023e-02
 -1.03777647e-01 -2.70272866e-02 -3.14229690e-02  3.30293514e-02
 -4.37242314e-02 -3.94880921e-02  4.80849063e-03  7.04334155e-02
  7.24984705e-02 -9.43131521e-02  3.81112588e-03 -1.28357727e-02
  6.26419112e-02 -1.10008176e-02 -2.97967694e-03  3.70258763e-02
 -6.57365844e-02 -4.53219041e-02 -6.43720552e-02 -4.52497303e-02
  2.77809594e-02  1.85714588e-02  6.55858144e-02  8.42594132e-02
 -3.15480120e-02 -1.25523889e-02  9.95096471e-03 -3.41079496e-02
 -3.11200623e-03  1.12078860e-02  1.83437504e-02 -4.99297604e-02
  2.30826810e-02  3.02031450e-03  1.38818929e-02  4.63243807e-03
 -7.34944921e-03  6.38788491e-02 -4.76898216e-02  1.05080148e-02
  3.08384150e-02  1.63754448e-02 -1.34477299e-02 -6.93831891e-02
 -2.21198816e-02 -2.27208412e-03  1.86915956e-02 -1.21468090e-01
  4.22676466e-02  1.11759743e-02 -5.16406223e-02  5.31509258e-02
 -1.74883027e-02  8.98854509e-02 -1.17721781e-02 -1.86467484e-01
  1.90642271e-02 -7.64164841e-03  2.51586363e-02 -2.51941737e-02
  1.82646532e-02  6.63153455e-03 -1.07966047e-02  1.38011631e-02
  8.19554478e-02  3.44159417e-02  3.05512492e-02  5.26255369e-02
 -2.99097430e-02 -1.22322738e-01  1.40155954e-02 -3.66382673e-02
 -6.85922522e-03 -1.99945690e-03  3.91154885e-02  2.50522490e-03
  9.02607143e-02 -1.12276282e-02 -6.72960952e-02  7.84195960e-02
 -8.33072525e-04  3.77283767e-02 -3.19618024e-02 -4.55101952e-02
  4.40223478e-02  7.67087713e-02 -1.48462094e-02  5.62001998e-03
 -8.81496295e-02 -4.95292097e-02 -5.06568328e-02 -1.40012642e-02
 -3.14086974e-02 -2.93862112e-02  7.27804750e-02 -5.84088713e-02
 -3.05416025e-02 -4.76438776e-02  2.52512582e-02 -1.41913891e-01
  7.21391514e-02 -3.39970854e-03  6.88679889e-02  1.24284033e-32
 -8.58345851e-02  2.50209551e-02 -2.45297439e-02 -2.70003406e-03
  2.22447589e-02  9.54807270e-03 -6.85395971e-02  2.83314232e-02
  4.93288860e-02  2.16135178e-02 -7.40666017e-02  1.79277081e-02
 -2.36803433e-03 -1.40752029e-02  9.62983593e-02  3.08550801e-02
  5.45969605e-02 -2.04587981e-04  1.13578851e-03  4.45486493e-02
 -4.47055660e-02 -2.09109876e-02  2.35565919e-02 -1.83282048e-03
  4.85797152e-02  4.38773483e-02 -6.37119561e-02 -2.29577553e-02
 -3.31203602e-02  2.08844822e-02  9.24571082e-02 -4.45046127e-02
  6.24002777e-02 -3.59703749e-02 -3.61077152e-02 -6.39708191e-02
  1.41431782e-02 -2.42194477e-02 -2.95557380e-02 -8.76673497e-03
 -1.45299695e-02 -8.29190016e-03  2.78483722e-02  5.40950373e-02
  1.07146353e-02 -7.62191787e-02  4.64756489e-02  1.31547591e-02
  1.03377864e-01  6.98950365e-02 -3.46331820e-02 -5.11628874e-02
 -1.01314252e-02 -4.80035543e-02 -1.17816562e-02 -4.19153869e-02
 -1.37524530e-01  3.59563306e-02 -5.82965873e-02 -2.76003145e-02
  1.16915479e-02 -4.85325139e-03 -1.91853363e-02  2.25526728e-02
 -7.24355038e-03 -5.59252165e-02 -3.20130549e-02  2.82913670e-02
  1.12239271e-01 -4.60793637e-03 -4.86919023e-02 -3.89414728e-02
 -5.24146520e-02  3.70210595e-02 -9.75764170e-03 -5.45308366e-03
  8.77888426e-02  5.73989525e-02 -7.14287162e-02  3.70980874e-02
 -4.97010425e-02  6.05261438e-02 -4.70896661e-02 -3.68919149e-02
  9.24149826e-02  1.38161639e-02  5.29369079e-02  6.10350370e-02
  5.86990360e-03  7.55437836e-02  1.42045692e-02  9.04322192e-02
 -3.93058956e-02  8.66333023e-03  6.50983825e-02 -1.49978003e-32
 -2.64929794e-02  2.24651638e-02 -3.97773050e-02 -2.78980639e-02
 -1.88447367e-02 -3.64909135e-02  1.87790897e-02 -7.92960003e-02
 -3.03187259e-02 -1.61810622e-01 -6.51594624e-02 -4.18686271e-02
  8.81243944e-02 -8.09052028e-03 -7.25274310e-02 -7.69579224e-03
 -1.50910527e-01 -5.49246557e-02 -2.79139150e-02  1.94230545e-02
 -1.13097550e-02  7.19006136e-02  6.68676868e-02  3.74411680e-02
 -1.01242326e-02 -4.92934473e-02 -8.94367695e-02  3.04482523e-02
 -1.24948509e-02 -2.12395228e-02  1.69528890e-02  1.69823912e-03
 -9.15058050e-03  1.48795247e-01 -4.72353622e-02 -2.36473773e-02
  7.68665150e-02  1.32575091e-02  4.00321034e-04  1.17419086e-01
  3.78386602e-02  8.23091790e-02  2.41833143e-02 -3.24139372e-02
 -3.92401665e-02 -5.08901924e-02 -3.15605812e-02 -9.58094299e-02
  1.29524001e-03 -7.52901584e-02  7.57625401e-02 -5.68019692e-03
  2.14993283e-02 -3.52148078e-02  2.24182680e-02 -3.44062112e-02
  8.43770569e-04 -3.79561633e-02 -5.37471920e-02  3.50264274e-02
  1.20125636e-01  3.05164121e-02 -3.52020971e-02  3.32420841e-02
  7.29524419e-02 -2.34650373e-02  2.28802860e-02  4.11925688e-02
  1.09697971e-02 -3.81837115e-02  3.87924798e-02 -1.04636692e-01
 -7.38266632e-02 -6.17795140e-02 -4.08628330e-05 -6.97194859e-02
 -4.10040170e-02 -2.37467047e-02 -5.12466356e-02 -7.79046118e-03
 -7.53827170e-02 -1.75080504e-02 -2.21661180e-02 -9.39173345e-03
 -7.87339956e-02  2.57023908e-02 -5.04900888e-02 -3.50147970e-02
  1.26040932e-02 -1.87589636e-03 -4.48797643e-02  1.48601355e-02
 -3.53062525e-02  1.34994639e-02 -4.62573841e-02 -7.01098557e-08
  7.14448690e-02 -3.34219262e-02  7.71204978e-02 -2.89885234e-02
  2.37060655e-02 -2.17013676e-02 -1.87215265e-02 -5.30730449e-02
 -1.48481708e-02  1.00764418e-02  2.92874184e-02 -6.78988826e-03
 -4.67506796e-02 -1.99635327e-03 -1.45783462e-02 -5.75790145e-02
  4.43057641e-02  8.83796439e-02 -5.03155589e-02 -3.88749316e-02
  2.32579522e-02 -2.87890881e-02 -9.56670791e-02 -1.52381910e-02
  4.93811630e-02 -2.27401722e-02 -2.17153076e-02  2.82242503e-02
 -2.36010924e-02  3.22480202e-02  4.32408489e-02 -2.11730879e-02
  6.31443188e-02 -2.44485904e-02  2.04938911e-02 -4.56804968e-02
  4.14950715e-04  6.94648176e-02 -2.12035980e-03  7.70829758e-03
  4.63765413e-02 -3.07192956e-03 -2.90694907e-02  2.16185935e-02
 -1.04483925e-02  1.09472033e-02 -1.20847896e-02  6.84832856e-02
 -1.12389121e-02 -5.27389571e-02  5.33054059e-04 -2.08097976e-03
  5.85371368e-02  3.98394950e-02 -5.22567779e-02 -2.55843680e-02
  5.01867346e-02  4.33201194e-02 -2.75759939e-02  3.69251594e-02
  8.23712125e-02  6.43347502e-02  3.21071632e-02 -1.31813675e-01]