[-1.36626109e-01  4.12627421e-02 -4.61946428e-02  1.65529735e-02
 -2.79928762e-02  2.12886054e-02  5.35456650e-02  1.13567241e-01
  3.41856689e-03  2.96132136e-02  1.40664011e-01 -2.81643365e-02
 -4.10523713e-02  3.48742791e-02 -5.26490398e-02  4.14456502e-02
 -5.26155457e-02  5.42303473e-02 -1.10998116e-02  3.30838077e-02
  2.04161555e-02 -3.63284573e-02 -2.91309003e-02  6.36165068e-02
 -7.82584026e-02 -1.54896853e-02  2.89041586e-02  1.57458317e-02
 -4.66240346e-02 -2.49068644e-02 -5.80555834e-02  5.50955273e-02
  1.20815104e-02 -5.65602742e-02 -3.17185037e-02 -9.33921859e-02
 -3.41908708e-02  2.34619882e-02 -2.55718417e-02  5.27383247e-03
  2.31418805e-03 -8.04860890e-02 -3.68222781e-02 -1.07293185e-02
  2.10838355e-02 -7.50757707e-03  7.66065195e-02  6.02152059e-03
  4.56209341e-03 -9.18682851e-03 -1.41358435e-01  1.38947219e-02
 -5.80492094e-02 -1.15066655e-02  1.71118900e-02 -5.84264994e-02
 -3.69394049e-02 -4.58679721e-02  5.96078821e-02 -1.89564507e-02
  1.62587245e-03 -1.91030465e-02 -8.63927528e-02  4.78809292e-04
  3.04102730e-02 -6.19380409e-03  5.24356253e-02 -9.74676833e-02
 -8.58398303e-02  4.24318425e-02  6.51563182e-02 -8.29553306e-02
  5.10138199e-02 -4.81450818e-02 -1.14149436e-01  3.19510326e-02
  3.71195078e-02  4.36000526e-02 -4.51377444e-02 -6.88150153e-03
  4.68445420e-02 -5.15148044e-02  2.70425365e-03 -1.15598410e-01
  3.15316510e-03  2.54942030e-02  1.99297350e-02 -3.94347981e-02
  5.18130045e-03  1.15423498e-03  3.48486081e-02  6.22190200e-02
 -3.91420498e-02 -7.89545197e-03  8.89043808e-02  4.07816097e-02
  2.54108328e-02  1.41771242e-01  3.44467163e-02  3.15534025e-02
  4.53366041e-02  4.32415158e-02 -1.15958877e-01  1.95528511e-02
 -9.34827253e-02  1.60192922e-02 -6.69145305e-03 -8.83907825e-02
  4.96968701e-02  1.35065997e-02 -5.26688658e-02 -3.03461053e-03
 -3.55440043e-02 -3.31689864e-02 -6.85214102e-02 -2.74308398e-02
 -1.54738850e-03  4.28057350e-02  5.30924574e-02  5.19642271e-02
  4.20788787e-02 -2.50873659e-02 -5.29525131e-02  6.07939363e-02
  5.13780676e-02 -2.67485455e-02 -4.57986072e-03  4.63353351e-33
 -2.35504322e-02 -6.67496212e-03  7.40811275e-03  3.75368483e-02
  8.01628232e-02 -1.83555856e-02 -9.93823484e-02 -3.33169401e-02
 -3.15706357e-02 -5.88142462e-02 -1.04804695e-01 -5.00366744e-03
 -4.07318734e-02 -9.72936675e-02 -3.47511508e-02  6.55879080e-02
 -3.62274833e-02 -6.75420985e-02 -2.35529467e-02 -6.45746067e-02
  2.86496505e-02  7.12945387e-02  3.17281745e-02  2.81136502e-02
 -1.18622091e-03  1.23772018e-01  1.33527350e-02 -5.94688905e-03
 -6.10016212e-02  4.38864492e-02  1.72465015e-03 -3.12211923e-02
 -4.00211550e-02  2.23799944e-02  7.98929036e-02 -1.68074090e-02
 -1.13974707e-02 -5.58042526e-02 -8.48178715e-02  5.05377389e-02
 -6.11553574e-03  4.43151444e-02 -9.98931471e-03  1.08080674e-02
 -7.35920966e-02 -1.91395301e-02 -2.26225238e-02  6.25498127e-03
  1.31531984e-01 -1.11158267e-02 -4.92138229e-02 -5.06620184e-02
 -4.27429564e-02 -3.39336060e-02 -1.46764098e-03  7.74124563e-02
 -1.03731982e-01  3.63113098e-02  1.32387858e-02  2.38397773e-02
 -5.14157722e-03 -1.05353426e-02 -1.09491935e-02  2.93103959e-02
 -2.31379326e-02  8.85276496e-02  2.14900393e-02  5.51890694e-02
  6.65986314e-02 -2.72619128e-02  2.22175568e-02  5.30681061e-03
 -4.92600666e-04  5.77263348e-03 -8.22199136e-03  1.51875708e-02
  3.34627740e-02  2.80725732e-02 -7.22093359e-02  3.70075293e-02
 -9.20042470e-02  2.41377410e-02  7.81798959e-02 -1.69381741e-02
  3.31110843e-02  3.38352062e-02 -2.77111009e-02 -2.66088918e-02
  7.08460202e-03  1.18361646e-02 -2.62917788e-03  6.11958615e-02
 -1.98455318e-03 -3.60869691e-02 -4.09980975e-02 -5.01573448e-33
 -5.60475048e-03 -1.06426340e-03 -1.74100343e-02  6.43177852e-02
 -7.69577036e-03 -4.15273160e-02 -3.42474282e-02  3.22568007e-02
  6.82498962e-02 -8.85507241e-02  3.19144204e-02 -3.07370722e-02
  4.25872914e-02 -4.47456054e-02  1.28763737e-02  9.03248787e-02
  3.37850954e-03 -7.23422021e-02 -1.19244143e-01 -3.55543494e-02
 -3.45176528e-03  2.11122781e-02 -9.01520327e-02 -4.57770824e-02
 -5.12876660e-02 -2.78682671e-02  7.39450306e-02  2.20701136e-02
 -4.15822640e-02  4.85162474e-02 -3.03577143e-03 -1.73409972e-02
 -2.49224436e-02  4.45351489e-02 -3.88921686e-02  9.00913551e-02
  8.83764476e-02  6.39838749e-04 -2.38383468e-02  1.43760085e-01
  1.17495330e-02  1.17608011e-01  4.92033809e-02 -6.25609607e-02
 -4.20408808e-02 -1.93450730e-02 -2.41545681e-02  3.14295590e-02
 -1.23018846e-02 -9.14314836e-02  1.10438511e-01 -2.06736196e-02
 -3.42099965e-02 -3.98420729e-02  5.62516488e-02 -8.86180904e-03
  2.50228308e-02 -4.52643223e-02 -5.53880259e-02  2.59145852e-02
  1.05049931e-01  1.60547849e-02 -4.91314828e-02 -2.48733386e-02
  2.17069071e-02  6.13726266e-02 -7.49413893e-02 -1.63692292e-02
  2.79864557e-02  1.75911635e-02  1.07251376e-01 -2.96829585e-02
 -6.02689423e-02  2.02513672e-02 -1.41166046e-01  3.69211212e-02
 -9.69577301e-03  9.09898654e-02  6.13915808e-02  3.50471698e-02
 -2.07844414e-02 -1.70728676e-02 -1.37101226e-02  8.87821317e-02
  5.33323102e-02  1.07797636e-02 -1.27139604e-02  2.32461700e-03
  1.12154391e-02  1.39408628e-04  4.24557813e-02 -8.98497354e-04
  4.26561274e-02  7.01721534e-02 -1.67385936e-02 -6.82208992e-08
  5.56517811e-03 -6.66346103e-02 -4.98059802e-02  2.67784838e-02
  8.34311023e-02  1.35621745e-02  5.75264394e-02 -4.33877781e-02
 -2.89902724e-02  1.08944304e-01  4.88743596e-02  1.31650027e-02
 -2.98166019e-03  2.84556262e-02 -5.50457761e-02  1.65449101e-02
  1.00422902e-02  1.17129929e-01 -3.12595926e-02  1.52458539e-02
  7.58700222e-02  1.93924475e-02 -1.09596876e-02 -4.92562242e-02
 -5.88623853e-03 -1.28017142e-02 -8.24321881e-02  1.83730274e-02
 -3.42214922e-03  9.39647947e-03 -7.88016394e-02 -3.02625708e-02
  5.02764992e-02 -6.33854941e-02 -2.47665402e-03  2.32504010e-02
  6.40577152e-02 -1.09810960e-02  1.46681285e-02  6.18126951e-02
  5.15157208e-02 -1.21782273e-02  6.25655279e-02  4.98854406e-02
  8.89438018e-02  1.76958099e-03 -2.75194012e-02 -3.22824195e-02
 -1.10346982e-02  8.54087025e-02  8.98052454e-02  4.82652187e-02
  2.53558103e-02  5.29103465e-02 -7.52101280e-03 -2.08158828e-02
 -1.38145154e-02  2.15503909e-02 -4.36526947e-02 -6.16528727e-02
  6.25550374e-02  4.50940318e-02 -4.95248148e-03 -1.25516187e-02]