[-3.73577327e-02  4.87785041e-02 -2.27715485e-02 -5.24437316e-02
 -1.20388851e-01 -1.47474092e-02  2.50026379e-02  1.22656655e-02
  6.28912374e-02  6.88635781e-02  1.10057436e-01  1.73534490e-02
 -4.55708802e-03 -3.29902890e-04  1.10730026e-02  1.57959647e-02
  2.84529347e-02  3.61502334e-03  2.38118488e-02  6.28046915e-02
  1.44810215e-01 -2.15073396e-02 -9.84552875e-02  8.47495496e-02
 -7.44687691e-02 -4.82054390e-02 -6.48252964e-02  7.68519426e-03
 -6.90422133e-02 -3.72989886e-02 -4.22121622e-02  3.51538397e-02
  1.27303049e-01 -3.55263427e-02 -2.22314075e-02 -2.41721468e-03
  9.18586776e-02  8.62322561e-03 -1.16432216e-02  9.03781652e-02
 -4.78431359e-02 -3.53565775e-02 -4.48669493e-02 -2.86665075e-02
 -2.96541434e-02 -4.66451347e-02  7.75068849e-02  4.37391289e-02
 -7.86592439e-03 -1.89845618e-02 -3.12281344e-02 -2.25001089e-02
 -4.27170582e-02  5.87943825e-04 -1.13512175e-02 -9.23722312e-02
 -1.13675017e-02 -8.83002207e-03 -4.60864697e-03  7.74440821e-03
 -2.84236036e-02  4.55225743e-02 -5.76570481e-02  8.82421620e-03
  2.37772074e-02 -3.66666168e-02 -2.17143595e-02 -5.18053174e-02
 -8.36976171e-02  7.54478127e-02  1.17447656e-02 -8.98258463e-02
  3.95416282e-02  3.80603708e-02 -5.25128916e-02  1.13193646e-01
 -1.66547839e-02  3.12738903e-02 -3.78281623e-02 -2.05609173e-01
 -4.26478917e-03  2.25698035e-02 -1.53919179e-02 -8.42251405e-02
 -2.38494612e-02 -1.70854945e-02 -5.47334598e-03  7.02258153e-03
  8.47047046e-02 -3.34349996e-03  2.43409965e-02 -1.82266394e-03
 -6.73277378e-02 -6.31135851e-02  1.70720071e-02  2.71656364e-03
 -2.70333234e-02  1.86421294e-02  3.37451883e-02 -1.66546665e-02
  8.96529481e-02  2.38358509e-02  1.54558364e-02  4.89130989e-02
 -1.88911259e-02  2.72303820e-03 -2.35450100e-02 -5.74895069e-02
  2.75241639e-02  1.01360001e-01 -3.99396420e-02 -3.62640731e-02
 -8.33933726e-02 -3.91555540e-02 -5.05945049e-02  3.22434977e-02
 -4.83420901e-02  2.92240828e-03  4.38549854e-02 -2.29068007e-02
 -1.48721477e-02  2.57183332e-02  6.39844090e-02 -3.04927174e-02
  1.93827748e-02 -1.01747811e-01  2.60227248e-02  1.20069636e-32
 -4.39739972e-02 -8.73724371e-02  1.48685351e-02  4.96923290e-02
 -2.25114096e-02 -1.88619960e-02 -5.97174428e-02  3.06980293e-02
  6.13946095e-02  3.57679911e-02 -5.38151339e-02  1.88312884e-02
  2.78898329e-02 -4.24012961e-03  9.16844457e-02  2.99478006e-02
  3.59366834e-02  9.92603600e-04  3.98263112e-02  1.27342129e-02
  1.37156975e-02  1.27626611e-02 -3.52697037e-02  1.00541906e-03
 -1.86271063e-04  6.70478642e-02 -5.43561615e-02 -4.55468558e-02
 -6.20220304e-02  4.92061265e-02  4.32890281e-02  3.11707554e-04
  3.43427211e-02 -3.41300182e-02 -3.61843780e-02 -3.83715960e-03
 -1.79701764e-02  3.12930793e-02 -1.86332129e-02 -2.14354508e-02
 -8.47575963e-02 -5.21882577e-03  3.34638543e-02  6.37416020e-02
  7.45011086e-04 -2.06565727e-02  6.31937608e-02  3.45466170e-03
  7.90321082e-02  8.51747096e-02  2.17569657e-02 -7.52672330e-02
  2.30885129e-02 -1.36444727e-02  5.92015684e-04 -3.86869535e-03
 -8.51301476e-02  9.51520950e-02 -1.26708008e-03 -5.23728803e-02
 -1.03937387e-02 -3.20995636e-02 -4.31090593e-02 -2.10060249e-03
 -6.10437095e-02 -3.80048528e-02 -2.84489449e-02  3.40511277e-02
  1.34449765e-01  2.40631774e-02 -7.29989260e-02  1.42101543e-02
 -7.00352490e-02  4.22716551e-02  8.52675817e-04 -8.36538710e-03
  5.01944385e-02 -2.57572643e-02 -4.36851345e-02  4.08912264e-02
 -1.63225178e-02 -1.69095155e-02 -1.69832408e-02 -9.38035548e-03
  3.42119485e-02  9.05098245e-02  7.46332631e-02  2.60331277e-02
  2.26196237e-02  8.89086947e-02  3.48477885e-02  6.91099167e-02
 -2.45985249e-03  3.07207573e-02  6.43539578e-02 -1.41536308e-32
 -5.38865989e-03  2.01898552e-02  4.47802851e-03 -2.20031552e-02
  2.67186537e-02  2.67850850e-02  1.17722396e-02 -4.43976633e-02
 -7.65854418e-02 -1.46542102e-01 -9.10575762e-02 -9.36710611e-02
  7.65360296e-02  4.90955589e-03 -7.61347041e-02 -3.30988737e-03
 -1.04208581e-01 -3.87776643e-02 -3.57429646e-02 -1.59246959e-02
 -8.30999948e-03  2.55331006e-02  9.08363238e-02  9.90231242e-03
  2.84905881e-02 -6.52212352e-02 -4.39099520e-02 -3.76190729e-02
 -5.62514551e-02 -9.27788485e-03  4.38179448e-02  5.59141720e-03
  2.34446768e-02  9.73367169e-02 -5.01189716e-02 -2.25637089e-02
  1.02721862e-02  4.33881506e-02 -2.63319891e-02  9.98076424e-02
  4.67823818e-02  6.18480518e-02  6.89120591e-02 -4.23818417e-02
 -7.65564740e-02 -2.83134729e-02 -1.65726710e-02 -1.24046594e-01
  3.45231891e-02 -7.91208148e-02  9.30095613e-02 -3.59457210e-02
 -2.15336531e-02 -2.79069468e-02  2.71366686e-02 -3.70615534e-02
  1.91250741e-02 -4.08183858e-02 -2.68784687e-02  7.31151924e-03
  4.43141945e-02  3.11932918e-02 -2.59990133e-02 -1.17593920e-02
  1.06200911e-01 -4.57768440e-02  1.52309099e-02  4.91275899e-02
 -4.04051244e-02 -2.31442004e-02  2.35471539e-02 -1.09196976e-01
 -1.18213490e-01 -5.10691963e-02  4.42130566e-02 -5.30065596e-02
 -6.64585037e-04 -4.53237817e-02 -4.28321175e-02  3.48603278e-02
 -8.46643969e-02 -3.39052007e-02 -1.10929199e-02  2.47081947e-02
 -6.07216246e-02  4.73916866e-02 -1.41053228e-02  4.85913176e-03
 -4.37204901e-04  1.04422852e-01  1.07800430e-02  7.80330077e-02
  4.46025617e-02 -2.13403702e-02 -6.98947683e-02 -6.08201063e-08
  1.24789355e-02 -2.75012329e-02  1.10846855e-01  1.92528907e-02
  3.61903310e-02 -4.92840633e-02  1.28031569e-02  1.29575813e-02
  4.92250882e-02  3.01694982e-02  4.55358401e-02 -2.52517909e-02
 -2.96133552e-02  9.21857730e-03  3.19385366e-03 -7.93264583e-02
  7.62235224e-02 -2.00639255e-02 -4.43612114e-02 -5.18442169e-02
  1.11091677e-02 -4.29851376e-02 -9.93040502e-02 -1.50787821e-02
  6.68288171e-02 -2.60923598e-02 -5.94437048e-02  3.57735530e-02
  2.84569309e-04  6.48138449e-02 -2.58936756e-03 -1.60492007e-02
  2.69938353e-02 -7.83802569e-02 -3.90292294e-02 -5.85172512e-02
  9.58121568e-03 -1.67863145e-02 -4.06300724e-02  4.97203618e-02
  7.60391280e-02 -2.91477907e-02  1.19530885e-02 -1.92740075e-02
  2.47028861e-02  1.13261901e-02 -6.99082687e-02  9.51202959e-02
 -3.38530168e-02 -4.07467373e-02 -4.92652357e-02  1.46330809e-02
  5.76548465e-02  4.55955975e-02 -7.75149849e-04 -7.77886659e-02
  3.49078365e-02  1.55745531e-02 -1.18565876e-02 -3.61852571e-02
  1.12068258e-01  7.65356645e-02  4.38906476e-02 -7.93051794e-02]