[-8.65565985e-02  7.40401298e-02 -2.99718119e-02 -9.47681367e-02
 -3.32905017e-02  3.50810885e-02  7.61687930e-04  5.34859672e-02
 -7.33010750e-03  5.35361469e-02  1.12547711e-01 -2.88995914e-02
 -2.39110198e-02  1.94619820e-02  7.36218237e-04 -5.52368234e-04
 -7.24577904e-02  7.81766977e-03  1.48714464e-02  5.02557568e-02
  4.79862057e-02 -8.67784470e-02 -8.20052400e-02 -3.05431965e-03
 -5.70512600e-02 -3.04124188e-02  2.38838475e-02  2.89856140e-02
 -1.18984975e-01 -1.18607797e-01 -7.87923336e-02  3.34994495e-02
 -2.86241155e-03 -9.87219289e-02 -2.35016085e-02 -4.44802642e-02
  1.33785242e-02 -2.38001160e-02 -2.02020667e-02  8.74796435e-02
 -6.02631792e-02 -2.95583792e-02 -7.18115419e-02  2.58384943e-02
 -2.45488863e-02  1.15466593e-02  4.18927111e-02 -6.50944933e-03
  1.97410565e-02  2.61374458e-04 -4.12405543e-02  8.99351314e-02
  5.01989992e-03 -3.12512033e-02 -1.44612612e-02 -3.64617258e-02
 -3.02297827e-02  5.87406978e-02  7.09240884e-03  6.73375046e-03
  5.79733290e-02 -1.20625272e-02 -1.08090222e-01 -1.91787593e-02
 -4.97599617e-02 -5.86600341e-02  2.64444910e-02 -2.55877972e-02
 -4.10697795e-02 -2.50679627e-02  5.31443506e-02 -1.12690561e-01
 -1.47009362e-02 -1.25205023e-02 -1.17278825e-02  1.18406683e-01
  1.14896121e-02 -1.86006371e-02 -3.44598033e-02 -4.84035946e-02
 -3.66206691e-02  9.90165025e-03  3.10619902e-02 -6.19223937e-02
  3.26866806e-02 -6.40326366e-02  3.73297487e-03  4.30510286e-03
  7.70442048e-03  6.84221834e-02  8.43974203e-03  7.71193504e-02
 -6.95401132e-02  5.39286342e-03  1.35458946e-01  5.45842610e-02
  2.47311983e-02  4.59883362e-02  5.63768782e-02  4.42682952e-02
  2.91493498e-02  3.43222208e-02 -5.62997907e-02  1.79603491e-02
 -1.37886470e-02  5.08190244e-02  1.44152958e-02 -5.31195216e-02
  7.70689473e-02  2.83607785e-02 -5.82868196e-02  1.06704161e-02
 -2.78008673e-02 -4.43703346e-02 -1.45005420e-01 -1.21350503e-02
 -6.40171319e-02 -1.00403316e-02  3.56203946e-03  4.56246324e-02
  6.43334985e-02 -3.92001346e-02 -2.52435617e-02  7.61533752e-02
  1.00221291e-01  1.86608976e-03  5.62536344e-02  7.17065954e-33
 -3.56798768e-02 -1.58637315e-02 -2.08230466e-02  1.30088199e-02
  1.38988132e-02  2.49381294e-03 -8.24267045e-02 -2.49299649e-02
 -8.83264169e-02 -7.30722696e-02 -1.44005135e-01  8.94786492e-02
 -6.99269548e-02 -6.13384992e-02  7.56734833e-02 -3.83161902e-02
  3.75827663e-02 -5.26887029e-02 -4.64514680e-02  7.84217473e-03
  1.16947778e-02  5.56059182e-02  6.54741898e-02 -6.62294356e-03
 -3.29822535e-04  1.16652384e-01 -4.42714319e-02 -3.67150195e-02
 -7.38057867e-02  5.12203239e-02 -1.35330474e-02 -1.01852037e-01
 -8.34150761e-02 -2.11073086e-03 -5.33992089e-02 -6.78096712e-02
  7.17762858e-03 -4.42299582e-02 -5.21985069e-02 -9.01858974e-03
 -2.07863096e-03  2.11565886e-02  3.21081653e-03  4.48499583e-02
 -5.73248602e-02 -3.34807485e-02 -9.13421623e-03 -8.64026137e-03
  1.06040604e-01  1.11978957e-02 -4.23212834e-02 -7.55439401e-02
 -4.31631207e-02 -4.14051786e-02  1.75740756e-02 -5.19936495e-02
 -1.13429807e-01  3.74078602e-02 -1.03585853e-03  1.20862108e-02
  4.02554199e-02  6.18704455e-03  1.84173677e-02  3.24930693e-03
 -4.93162088e-02  3.17033604e-02  8.78538098e-03  2.28345767e-02
  1.23947069e-01 -8.96511674e-02 -7.19777718e-02 -4.98409895e-03
  5.12812287e-02  1.43342586e-02  6.05241815e-03  5.14871702e-02
  5.96587546e-02 -1.30552053e-03 -4.13863100e-02  6.62654312e-03
 -6.44270927e-02  3.31328288e-02 -4.04431000e-02 -2.18390245e-02
  6.38739392e-02  7.10048825e-02  2.64154430e-02 -1.83673222e-02
  4.00386788e-02  7.04916045e-02 -1.64616238e-02  9.53122452e-02
 -3.67955267e-02 -3.54034044e-02  9.97208431e-03 -7.20785071e-33
  1.12735787e-02  2.54597738e-02 -2.85474844e-02  8.19836650e-03
  3.01198885e-02  3.77662256e-02  6.36170572e-03  6.24127276e-02
 -8.93045776e-03 -7.80931935e-02 -2.00926177e-02 -9.32979956e-02
  5.37136719e-02 -5.00189178e-02 -4.20809165e-02  1.84721258e-02
  1.21812364e-02  1.46742053e-02 -5.42019010e-02  1.29594747e-02
  5.66765433e-04  3.24442424e-02 -5.86856604e-02 -4.61643115e-02
 -4.64460626e-02 -9.21531953e-03 -5.97454514e-03 -3.28369276e-03
 -8.35977942e-02  2.09589582e-02  5.34565747e-02 -1.06287962e-02
  2.41316166e-02  9.44863707e-02  2.91128326e-02  5.99711873e-02
  5.82631901e-02  5.07675931e-02 -5.14867716e-02  1.41749486e-01
  9.97900069e-02  4.36412282e-02 -2.85328906e-02 -3.56788449e-02
  2.13320423e-02 -8.01017042e-03 -7.24032521e-02 -1.72777399e-02
 -1.41914487e-02 -7.94611946e-02  1.78387985e-01  1.94993485e-02
  2.29343642e-02 -6.17282465e-02  3.59469093e-02 -5.74583746e-02
  1.65050589e-02 -4.80121598e-02 -6.93501234e-02  5.55125102e-02
  7.87710771e-02 -6.87826518e-03 -1.82326958e-02  1.62945092e-02
  7.93273523e-02  9.01700407e-02 -3.85160707e-02  2.29438990e-02
 -3.55781578e-02  2.22912766e-02  2.54532825e-02  3.06770322e-03
 -2.68432349e-02  4.87369336e-02  7.25093903e-03  1.82958264e-02
 -6.96654245e-02  2.37805732e-02  2.90829707e-02  6.24339432e-02
 -5.49286753e-02 -4.56427336e-02 -1.19252736e-02  5.11425622e-02
  3.61338854e-02  4.28061225e-02 -1.55467577e-02 -1.03762895e-02
  9.81299765e-03  2.77125277e-02  7.67436251e-02  4.45420668e-02
  4.32951674e-02  9.20914337e-02  3.82968746e-02 -6.00459273e-08
  6.05809018e-02 -1.86770093e-02  3.44341882e-02  8.80925506e-02
 -1.01459008e-02  1.73478648e-02  3.48355100e-02 -6.60345927e-02
 -3.15595083e-02  2.38987040e-02  9.63883400e-02 -2.22370960e-02
  1.83468424e-02 -8.01117066e-03  5.76650761e-02  7.53803402e-02
  1.73554174e-03  1.14393964e-01 -1.38378525e-02  3.88775729e-02
  4.19464819e-02  2.00925209e-02 -9.10985768e-02 -9.20080859e-03
 -6.82361424e-03 -3.15521844e-02 -5.00990972e-02  1.46893272e-02
 -6.29862444e-03 -3.09384223e-02  3.64485905e-02 -4.19772714e-02
  6.02945276e-02 -2.61937026e-02 -8.21379274e-02 -9.95752309e-03
  6.69859210e-03  1.82369282e-03 -2.65654325e-02  2.09406111e-02
  4.29879017e-02 -1.18346456e-02 -6.99093640e-02 -5.63433534e-03
  7.10653290e-02  1.61713513e-03 -4.30021947e-03 -1.42803453e-02
 -6.74225986e-02  1.05772689e-02  2.42151767e-02  8.22119489e-02
  7.39265829e-02  5.79362176e-02 -1.35375811e-02  2.60067601e-02
 -5.00633661e-03  3.09717865e-03 -7.90269896e-02 -5.08510694e-02
  5.63575327e-02  4.60513048e-02 -2.36390028e-02 -3.06141544e-02]