[-2.20788103e-02 -3.96571122e-03  1.00046070e-02 -3.37658860e-02
 -1.11756004e-01 -3.79957370e-02  5.18709123e-02  1.18780456e-01
 -1.09443516e-01  3.99867930e-02  6.30330443e-02 -6.88168779e-02
 -2.64893901e-02  3.01169790e-03 -4.62439433e-02 -2.39618104e-02
 -1.39368686e-03 -5.94953424e-04 -6.27528653e-02 -8.17338750e-03
  7.07930923e-02 -8.09402298e-03 -3.12769003e-02  4.77119675e-03
 -1.04516698e-02 -2.33083963e-03  1.33868959e-02 -9.52688977e-03
  4.82821539e-02 -5.32970540e-02 -5.54607250e-02  5.22811450e-02
  3.50316130e-02 -2.94153299e-02  1.01373315e-01 -4.04594690e-02
  5.57036884e-03 -5.37869371e-02  5.95909730e-02 -1.42861772e-02
 -1.55357271e-03 -1.04120724e-01 -5.93762733e-02 -3.32957208e-02
  1.17844725e-02 -4.64617610e-02 -2.27404237e-02  1.12867383e-02
 -2.99824476e-02 -1.65295266e-02 -5.97890578e-02 -3.81953567e-02
 -4.13166620e-02 -3.62098888e-02 -1.28199816e-01 -4.36347090e-02
  9.38683632e-04  4.52833064e-03  2.05536056e-02 -2.00085007e-02
  2.18045041e-02  5.20667545e-02 -3.18895280e-02  5.52919060e-02
 -5.63513786e-02  2.34638639e-02  9.26289614e-03  7.25398539e-03
 -4.34969142e-02  2.42490023e-02  2.00931989e-02 -3.51463817e-02
 -5.99172525e-02  4.12987471e-02 -2.29750723e-02 -3.94995511e-02
  2.43074410e-02  2.61045340e-02  6.30987659e-02 -6.17785193e-02
  8.08090251e-03 -2.40754224e-02 -7.64292628e-02 -2.72063054e-02
  4.17549163e-02 -3.69001962e-02 -2.30682287e-02  1.42367026e-02
  4.97557372e-02  1.74897108e-02  2.53610387e-02  1.92353390e-02
 -4.27259728e-02 -6.95020109e-02  5.99534065e-03 -4.61097769e-02
 -2.22060215e-02 -1.64524391e-02  1.99138727e-02  3.75089832e-02
  1.52576640e-02 -2.33525839e-02 -3.92714478e-02  3.63737978e-02
 -9.73614901e-02 -3.54421772e-02  3.73021932e-03 -4.28011715e-02
  8.10466856e-02  7.49877095e-02 -7.28917345e-02 -5.88365048e-02
 -2.96018831e-02 -9.58781540e-02 -7.48037025e-02  1.20805306e-02
 -2.85457969e-02 -7.40899472e-03  3.74409482e-02 -2.28051413e-02
  1.56994313e-02 -2.43021920e-02 -4.80709411e-02 -1.78035963e-02
 -4.85728197e-02 -6.84965327e-02  8.43756720e-02  7.66927963e-34
 -1.00420922e-01 -4.60641533e-02 -2.39684228e-02  3.07307858e-02
 -1.49817552e-05  3.93357826e-03 -2.37272456e-02 -1.13949610e-03
 -2.73333881e-02 -2.77629849e-02 -4.85537872e-02  3.62995379e-02
 -2.03599203e-02  6.16364665e-02  4.13085297e-02  1.44464523e-02
  5.81803881e-02  7.15013519e-02 -3.61346900e-02  6.64480999e-02
  5.47709279e-02  6.39826409e-04  4.63661253e-02  4.56125773e-02
  3.06706037e-02  4.15111855e-02 -1.85619313e-02 -1.62797552e-02
 -3.03806309e-02  4.71918695e-02  8.41522664e-02 -3.88360247e-02
  1.49855716e-02 -4.49000150e-02  9.95016284e-03 -3.22132707e-02
  5.67427948e-02 -4.26552668e-02  2.28014439e-02 -1.00322701e-01
 -3.69976386e-02  3.46671306e-02  9.75389928e-02  9.24522523e-03
  1.16989344e-01 -5.41349314e-02  1.20102450e-01 -3.74661293e-03
  1.59462482e-01  3.00044715e-02 -5.53580187e-02 -4.22600918e-02
 -3.15398872e-02 -6.51551783e-02  7.42052197e-02  7.39259087e-03
 -8.85927081e-02  8.62368494e-02  5.03024831e-03 -1.32155148e-02
 -3.31759453e-02  1.46646788e-02 -5.04849665e-02 -2.14717947e-02
 -4.23540063e-02  6.45557279e-03 -5.88340797e-02 -6.52697682e-03
  9.42555070e-02 -6.77386939e-04 -7.99845085e-02 -7.09220022e-02
 -6.65331408e-02  1.27774090e-01 -9.19333026e-02  5.92004415e-03
 -3.27879898e-02  1.43929617e-02 -5.21682855e-03 -2.97575314e-02
 -4.39915545e-02 -5.55104688e-02  2.03787629e-02 -8.18332192e-03
  6.03297353e-02  2.09168382e-02  4.82922047e-02  6.27211574e-03
  1.01146899e-01  3.01122796e-02  9.63070709e-03  3.63244973e-02
 -7.03551322e-02  6.19973242e-02  6.99710101e-02 -7.51771029e-33
  6.49031252e-02  3.42300162e-02 -6.96045682e-02 -1.94291137e-02
 -4.08068253e-03  4.56603989e-02 -9.82162207e-02 -6.46627098e-02
  8.81378055e-02  2.06058118e-02 -5.23991929e-03 -7.88522363e-02
  5.53677939e-02 -3.89950611e-02 -6.57392144e-02 -3.47113460e-02
 -1.11018335e-02 -3.72762829e-02 -5.85568696e-02  5.59754074e-02
 -8.31726193e-02 -1.68451127e-02  3.59272994e-02  5.70173077e-02
  4.12698230e-03  1.36778364e-02 -3.71968932e-02 -1.17483186e-02
 -1.08520865e-01 -8.63310881e-03 -7.28093758e-02 -3.42934355e-02
 -6.01733141e-02  7.13607743e-02 -3.23028266e-02 -5.72735295e-02
  1.34773538e-01  2.36466769e-02 -6.13866597e-02  7.81998858e-02
  1.44309085e-02  8.07817951e-02  5.47276959e-02  1.27528086e-02
 -1.09840803e-01 -4.20607254e-02 -5.03785051e-02 -1.26420319e-01
 -4.78704385e-02 -7.64011964e-02  8.29150528e-02  2.33838819e-02
  2.59336457e-02 -4.09139507e-02  1.27553772e-02 -2.34241951e-02
  1.38475439e-02 -2.91522350e-02 -1.08483665e-01  2.91142259e-02
  6.22105598e-02  3.47875617e-02  5.26858354e-03 -2.76214853e-02
  1.07888214e-01 -3.59601341e-02 -5.12112863e-02 -2.27372572e-02
 -1.04545262e-02 -5.91137335e-02  8.63226503e-02 -8.11383799e-02
 -9.48237255e-02 -5.22515625e-02  7.06382170e-02 -4.18783538e-02
 -1.56104900e-02  6.53579645e-03  2.83412524e-02 -4.07063849e-02
  8.15588422e-03 -2.99443807e-02 -4.79522422e-02 -2.48335507e-02
 -1.03394240e-01 -1.87300649e-02 -2.88544986e-02 -1.77266337e-02
 -2.75436845e-02  4.95667830e-02 -3.52297425e-02  2.11726446e-02
  6.70378283e-02 -2.77028587e-02  2.48715025e-03 -5.10241307e-08
 -6.56627817e-03 -2.89928336e-02  3.19202133e-02  9.13622417e-03
  1.01416940e-02 -7.79891908e-02 -7.17812032e-02 -3.86044718e-02
 -1.19552836e-02 -1.47094429e-02  2.92432532e-02 -9.69504099e-03
  3.12943533e-02 -1.43432962e-02  5.17967455e-02 -2.18713265e-02
  2.90836189e-02  1.00754999e-01 -4.96322401e-02  1.22648347e-02
  3.81166451e-02  2.93945777e-04 -4.44392003e-02 -5.19470647e-02
  3.25646922e-02  4.26696353e-02 -3.39995474e-02  6.82645217e-02
  4.40943381e-03  1.08312219e-01 -3.71198356e-02  6.58188015e-03
  1.55032007e-02 -1.04678683e-01  7.80330272e-03  4.97552156e-02
  3.87099683e-02 -3.85350548e-02 -8.81832466e-02 -6.96578026e-02
  4.53126132e-02  1.08054198e-01  1.06209815e-02  6.30242517e-03
  5.71657643e-02 -4.67827693e-02  8.78127106e-03  2.40910649e-02
  1.09237535e-02 -1.02928765e-01 -3.86705659e-02 -4.07759883e-02
  2.37638596e-02  3.01317330e-02 -4.98411693e-02 -5.14256395e-02
  1.61251370e-02  3.01925298e-02  9.00471862e-03  4.02728692e-02
  8.50928277e-02  5.15501052e-02  3.27659845e-02 -1.45977279e-02]