[-2.23550498e-02  5.85513860e-02 -6.45717382e-02 -1.12269916e-01
 -4.61818799e-02  5.27287573e-02  2.89139692e-02  1.10155366e-01
 -1.74398236e-02  1.05414823e-01  3.62037644e-02  1.93025731e-02
 -6.58257976e-02 -1.32253543e-02  6.48947200e-03 -3.78809310e-02
  6.87265545e-02 -9.49457195e-03  1.74982101e-02  6.24735355e-02
  1.31091908e-01 -3.12556922e-02 -7.86188543e-02  1.43419858e-02
 -8.09682235e-02 -6.04970474e-03 -5.47719449e-02 -4.07939479e-02
 -3.67971100e-02 -2.07005185e-03  4.01406735e-03  1.10929899e-01
 -1.65908635e-02 -1.37684532e-02  6.26325533e-02 -7.09784180e-02
  5.47795482e-02  4.91052633e-03  3.01240082e-03  4.85495031e-02
 -1.10090086e-02 -3.07126082e-02 -8.51237923e-02 -5.15196994e-02
  1.99276768e-02 -1.77703090e-02  2.02255528e-02  2.60696188e-02
 -9.73297097e-03 -3.35350726e-03 -4.65017520e-02 -4.05991189e-02
  2.03988589e-02  3.88487503e-02  1.43782366e-02 -8.50538686e-02
 -1.56783219e-03  2.04591472e-02 -4.09805961e-02 -2.10912209e-02
 -6.06974363e-02  1.17836799e-02 -7.46676996e-02 -3.12102493e-02
  5.95931746e-02  4.55152476e-03  1.58588495e-02 -3.94588783e-02
 -4.80467305e-02  2.93745678e-02  3.38272452e-02 -3.81629467e-02
  5.68191372e-02 -2.90498342e-02 -4.85457033e-02  4.38507274e-02
 -1.98969021e-02  1.07141845e-01  3.96743268e-02 -1.93814203e-01
  5.08166030e-02  3.10984571e-02 -2.63171755e-02 -7.74446502e-02
 -2.28661261e-02 -4.59561273e-02 -1.29420161e-02  1.49472980e-02
  8.50411952e-02  3.02363113e-02  6.28394857e-02  4.10536341e-02
  5.46440855e-02 -6.27487451e-02 -2.39324709e-03 -9.91609134e-03
  2.79721338e-02 -1.74522656e-03  1.06779411e-01  8.37691035e-03
  7.27008581e-02  4.04990427e-02 -1.49800479e-02  3.69579578e-03
 -3.38830724e-02  4.75902529e-03 -1.59716432e-03 -3.06553300e-02
  7.13377595e-02  7.87821226e-03 -5.81885166e-02  5.63621940e-03
 -6.31320551e-02 -1.10982776e-01 -4.60796393e-02  1.77952144e-02
 -3.68717387e-02 -7.03176437e-03  9.38654132e-03  6.78762887e-03
  2.79769246e-02  6.04046602e-03 -1.21819405e-02 -2.20233835e-02
  8.96597579e-02 -2.01093946e-02 -7.63878692e-03  1.11228875e-32
 -9.44904983e-03 -7.96309561e-02 -1.41206719e-02 -1.65772196e-02
 -5.89220747e-02  4.08377573e-02 -2.92474534e-02  3.61391045e-02
  2.58455463e-02  3.69517356e-02 -6.33068085e-02  3.33266077e-03
 -3.34763043e-02  2.19679773e-02  1.30560011e-01 -5.35509363e-02
 -1.42490799e-02  2.16728412e-02  1.14348410e-02  7.86862522e-03
  4.09206897e-02 -3.81960683e-02 -7.66764721e-03 -1.40546914e-02
 -1.15431044e-02  9.47636142e-02 -5.96773811e-02 -1.33486688e-02
 -4.46285233e-02  5.34337908e-02  6.85430914e-02  7.45968893e-03
  6.56652078e-02  3.50285470e-02 -6.34068996e-02 -3.31302024e-02
 -2.96280645e-02  7.54395174e-03 -3.68000707e-03 -5.07451482e-02
 -4.91711050e-02 -7.15846801e-03  9.73517522e-02  6.14049286e-02
  5.96500421e-03 -7.95271024e-02  1.92980859e-02 -2.77737286e-02
  1.42317817e-01  6.18383586e-02 -2.41039302e-02 -2.68163197e-02
 -6.35365620e-02 -3.39941457e-02 -1.81394108e-02 -1.95980519e-02
 -1.08984321e-01  1.84446014e-02 -2.54439712e-02 -9.04648304e-02
 -4.18274896e-03 -4.72298488e-02 -1.02346219e-01  4.84003425e-02
 -9.48076397e-02 -1.24041205e-02  3.60978255e-03  1.21522148e-03
  1.23794645e-01 -1.19045367e-02 -8.48017931e-02 -3.03852875e-02
  4.28739414e-02  6.14532866e-02  2.32365839e-02  4.00752090e-02
  1.15172021e-01  2.12140400e-02 -7.65702352e-02 -1.00977635e-02
 -1.83193237e-02  8.19797069e-03 -5.41613176e-02 -2.90119406e-02
  5.95561005e-02  8.52914974e-02  6.12786524e-02  3.76960114e-02
  5.74019365e-02  2.09518913e-02  2.71926336e-02  1.67068727e-02
 -5.55699058e-02  4.63159010e-02  6.18755259e-02 -1.35941587e-32
  2.44036466e-02  2.15810426e-02 -5.85261919e-02 -4.99815904e-02
  1.96647402e-02  5.06839640e-02  4.34042588e-02 -5.85899912e-02
 -4.26349752e-02 -1.06726907e-01 -4.24379893e-02 -7.03481734e-02
  7.41647407e-02  1.52505701e-02 -1.08252160e-01  1.73686482e-02
 -7.74864405e-02 -4.42183949e-02 -6.22482924e-03  1.99543103e-03
  9.31791589e-03  5.10059111e-02  5.82944192e-02  4.12649428e-03
  2.15829369e-02 -7.45135173e-02 -4.46727611e-02 -2.64369044e-02
 -1.31586734e-02  2.18488071e-02  2.80419253e-02 -3.39791812e-02
 -5.04158586e-02  1.02069810e-01 -1.41962171e-02 -6.82649985e-02
  7.21442848e-02 -4.04887833e-02 -6.89406991e-02  7.16729984e-02
  4.36865240e-02  8.25704113e-02  2.87339860e-03 -5.91415912e-03
 -3.22039314e-02  5.56295877e-03 -5.14850318e-02 -9.57051590e-02
  5.39701022e-02 -1.44206122e-01  7.79391751e-02  1.76434114e-03
 -3.85149848e-03  3.11913827e-05  8.00311491e-02 -3.43721509e-02
 -3.01181665e-03 -7.30288774e-02 -5.31933941e-02  2.71435194e-02
  4.36583087e-02  3.89702059e-02 -3.45812030e-02 -2.14053523e-02
  1.26209885e-01 -2.10694708e-02 -4.51205075e-02 -4.97493369e-04
  3.81044969e-02  2.44042184e-03  4.24738824e-02 -9.60680023e-02
 -7.94877633e-02 -2.66501214e-02 -2.90153292e-03  2.02259272e-02
 -1.29026752e-02 -1.76622998e-02 -4.80167866e-02  4.73458841e-02
 -1.03911320e-02 -4.52676322e-03 -1.65152419e-02 -4.60531302e-02
 -4.02824469e-02  3.19460891e-02 -4.95282188e-03 -2.04461534e-02
 -1.45195080e-02  6.88633174e-02 -7.49235749e-02  1.28122242e-02
  7.14980438e-02  1.69639662e-02 -5.91440359e-03 -6.60968382e-08
  3.02027091e-02 -2.81408373e-02  1.92875750e-02  5.93570806e-02
 -1.15720211e-02 -1.20056011e-01 -1.98048120e-03 -1.90319568e-02
 -1.85293946e-02  2.24607233e-02  1.02234639e-01 -1.49173466e-02
 -6.80861920e-02 -1.21382652e-02 -2.46050395e-03 -2.79290918e-02
  8.34321696e-03  7.93053135e-02 -4.11389768e-02 -1.00411084e-02
  1.95903704e-02 -3.76518629e-02 -9.43040326e-02 -7.04276785e-02
  2.76898947e-02  2.67128344e-03  5.80101553e-03  3.07359770e-02
  2.52617337e-02  6.33683205e-02 -2.79299021e-02  3.72996693e-03
  5.01034036e-03 -7.67595768e-02 -8.73257667e-02 -1.35426894e-02
 -3.66705321e-02  4.62885350e-02  2.84526555e-04  2.17662770e-02
  6.25671223e-02 -6.90580606e-02 -5.24339937e-02  4.17062780e-03
  4.99862693e-02 -5.05664833e-02 -7.54767209e-02 -5.39141335e-03
 -1.11873692e-03 -8.64545032e-02 -4.77519967e-02 -8.97905231e-03
  7.60563463e-02  9.30125266e-03  3.76270749e-02 -3.23208654e-03
  3.53163034e-02  4.39280318e-03 -7.56730065e-02 -6.21355027e-02
  8.85205418e-02  4.27074693e-02  1.86611731e-02  5.01497602e-03]