[ 2.37680655e-02  1.65714342e-02  1.06012961e-02 -6.74731508e-02
 -7.61568695e-02  4.73119579e-02  2.19859872e-02  9.74089503e-02
  1.65084843e-02  7.91182443e-02  7.10626692e-02 -4.88887429e-02
  6.10313471e-03 -2.51579506e-04 -5.61267417e-03 -6.66860640e-02
  7.21040964e-02 -7.94275757e-03 -8.41937587e-02  5.28360866e-02
  1.29585624e-01 -3.41706388e-02 -4.76259477e-02  6.56497013e-03
 -1.17824838e-01 -1.48547385e-02 -7.14911297e-02  1.75666623e-02
 -2.63451017e-03 -7.06550106e-02  5.28145814e-03  9.70634744e-02
  2.61912178e-02 -4.81424518e-02  5.82441548e-03 -8.25448660e-04
 -7.27445260e-03 -4.46264148e-02 -2.60099992e-02  2.22430937e-02
 -7.33791068e-02 -9.86179337e-02 -4.22874279e-02 -3.66740935e-02
  3.45622189e-02 -1.18207873e-03 -3.24846245e-02  3.67714316e-02
 -9.52122384e-04  2.68080961e-02 -1.38902590e-01 -2.20005590e-04
 -1.60618126e-02  7.22311065e-02  6.08794484e-03 -2.02425681e-02
 -2.93368064e-02 -1.47148836e-04 -5.67365950e-03 -5.81083186e-02
 -5.82097359e-02  2.49600541e-02 -7.79706761e-02  3.16313207e-02
  5.57429790e-02 -2.43895892e-02  1.85889024e-02 -1.71079673e-02
 -4.09581326e-02  7.00991750e-02  6.73148930e-02 -5.43180518e-02
  1.12262508e-02 -2.95212609e-03 -3.02372081e-03  3.81840095e-02
 -1.77232325e-02  5.86024672e-02  5.38508184e-02 -9.73927081e-02
  3.72003652e-02  4.59294021e-02 -1.58321392e-02 -2.63892114e-02
 -2.07520351e-02 -9.55450162e-02  2.41541155e-02  1.50541086e-02
  6.96528554e-02 -2.27116998e-02  6.12077266e-02  7.66055807e-02
 -5.68490140e-02 -4.07774337e-02 -1.48880780e-02  1.11983772e-02
 -4.88123856e-02  2.64038872e-02  1.03731073e-01  1.06249126e-02
  4.22369577e-02 -7.10833911e-03 -9.87629220e-03  3.39879235e-03
 -1.22700863e-01 -1.57432593e-02 -4.24039215e-02  2.83494499e-02
  1.99169368e-02  6.06971718e-02 -3.55610177e-02 -1.97511353e-02
 -8.08010399e-02 -6.64864331e-02 -3.12745683e-02  3.83534431e-02
 -3.37443836e-02 -2.29676962e-02  3.83054391e-02 -6.47497997e-02
  2.11340915e-02 -7.08616478e-03  1.13038570e-02 -7.85683990e-02
  3.75619382e-02 -6.21871576e-02  3.76950502e-02  1.14139877e-32
 -4.20596525e-02 -9.53876153e-02 -3.31375860e-02  1.37210526e-02
 -4.64167679e-03 -1.62923951e-02 -1.56548228e-02  2.55801212e-02
  3.61707695e-02  2.03739293e-02 -5.89846782e-02  7.12428540e-02
 -5.03947437e-02 -3.24234776e-02  3.15330587e-02 -3.47937495e-02
  1.02028679e-02  6.43336996e-02 -2.45697759e-02 -9.85353440e-03
  3.63350958e-02 -2.17821766e-02  2.24721432e-02 -3.06148753e-02
 -1.02497218e-02  9.58955884e-02  1.41923362e-02 -1.01370849e-02
 -7.74803832e-02  3.69262658e-02  8.12168419e-02 -4.13564593e-02
  2.74124146e-02 -4.01209965e-02 -8.03309605e-02 -1.09645538e-02
 -3.55637968e-02  3.45065678e-03 -2.10759370e-03  3.60300706e-04
 -9.98966172e-02  4.12205830e-02  3.89524400e-02  9.68865771e-03
 -1.82084776e-02 -6.55122176e-02  2.47150362e-02 -2.97978558e-02
  1.25969157e-01  1.13195427e-01 -2.58574318e-02 -4.20228094e-02
  3.66930813e-02 -3.77121419e-02 -4.80498336e-02  6.66842759e-02
 -8.52755234e-02  7.56236464e-02 -6.85828552e-02 -4.74394783e-02
  3.09842285e-02  9.43955127e-03 -4.83558401e-02  3.70049216e-02
 -3.82025577e-02 -7.68154785e-02  2.96654180e-02  1.93403512e-02
  1.11713655e-01 -1.33620324e-02 -9.60306451e-02 -4.38053720e-02
  4.53998968e-02  2.22206768e-02  2.45793220e-02 -4.78585064e-02
  7.79794529e-02 -3.74392048e-02 -2.43150387e-02 -9.08993464e-03
 -5.59313186e-02  1.49282040e-02 -8.88759196e-02  7.00317882e-03
  6.32519946e-02  5.39460853e-02  5.85801899e-02  2.29421593e-02
 -7.98625033e-03  4.24724482e-02  2.26731300e-02  5.23550808e-02
 -2.44613923e-02  3.43767069e-02  6.48371428e-02 -1.39271880e-32
  3.95053113e-03  3.06316558e-02 -1.95934754e-02  4.93204705e-02
  4.99805771e-02  6.22710511e-02  6.82199821e-02 -6.45860508e-02
 -1.21152718e-02 -8.41853246e-02 -4.15696017e-02 -2.88941283e-02
  1.52159098e-03  6.01732824e-03 -1.11317962e-01  5.80782183e-02
 -5.63519448e-02 -3.48517001e-02 -6.46648407e-02  5.68527356e-02
  8.58864654e-03  1.47880241e-01  6.71524107e-02  3.83537449e-03
 -5.40284067e-03 -8.56330395e-02 -9.20147821e-03  2.24207677e-02
 -5.12890937e-03  4.35877815e-02  2.96301935e-02 -5.12805618e-02
 -7.66830295e-02  7.29518533e-02 -2.35655867e-02 -5.44633530e-02
  7.50775263e-02 -5.28224856e-02 -3.70150469e-02  9.44815204e-02
  4.59058434e-02  5.61778583e-02  2.43340135e-02 -2.71991603e-02
 -3.62834036e-02 -3.57431993e-02  2.50357599e-03 -1.39737934e-01
  5.16061634e-02 -9.04810801e-02  8.07685331e-02 -4.23147902e-03
 -4.56659421e-02  1.62758660e-02  4.51737419e-02 -2.94349156e-02
 -2.18882989e-02 -1.24393076e-01 -1.33100301e-01  2.37877797e-02
  5.42099141e-02  4.00678143e-02 -2.34048758e-02 -9.32994112e-02
  1.17695689e-01  2.88588665e-02 -3.95191722e-02 -4.42732386e-02
 -1.76427700e-02  1.29992021e-02  2.65114736e-02 -3.71991135e-02
 -1.82805806e-02 -2.81856954e-02  5.92330731e-02 -2.02058954e-03
 -5.57001494e-02 -1.43541936e-02 -4.67589386e-02  4.64037806e-03
 -1.40563315e-02 -6.05217926e-03 -3.50910835e-02 -9.86402854e-02
 -9.07464623e-02  3.55034061e-02 -3.72948274e-02  2.65677907e-02
 -2.21105833e-02  5.51704243e-02 -5.37660308e-02  1.77946724e-02
  9.58987400e-02  4.97317687e-02 -6.33410811e-02 -6.16617157e-08
 -5.34525141e-03 -5.72935753e-02  1.28882295e-02  1.06302369e-02
 -2.61204951e-02 -2.64174659e-02 -4.39218991e-02 -2.05329824e-02
 -2.21402254e-02 -3.12358923e-02  1.03833869e-01 -6.02892414e-03
 -5.70624620e-02  4.18865569e-02 -1.63180325e-02  1.76680434e-04
  1.82546466e-03  7.73812756e-02 -6.96493089e-02 -6.90402985e-02
  2.38869768e-02 -3.22863013e-02 -3.38325277e-02 -1.67041570e-02
  4.33424301e-02  2.49811932e-02 -3.94115187e-02  5.81229432e-03
  7.76422070e-03  1.25965970e-02  1.32285403e-02 -2.80400198e-02
  2.93134172e-02 -6.32286593e-02 -1.26221534e-02 -6.38235034e-03
 -3.31199355e-02  6.39003739e-02 -1.36452494e-02  8.09218362e-02
  4.22011502e-02 -1.91443246e-02 -1.59294140e-02  2.28138957e-02
  3.56224403e-02 -2.09652260e-02 -1.01512134e-01  6.41322508e-02
 -3.44489068e-02 -2.60675699e-02 -1.89454127e-02 -8.39612186e-02
 -1.20264629e-03  1.28382817e-02 -1.17188962e-02  4.15141284e-02
  6.22331612e-02  5.61209768e-02 -1.34779820e-02  1.20332581e-03
  1.07663833e-01  1.09510779e-01 -1.36963502e-02 -6.94604144e-02]