[-7.29280338e-02  8.21451470e-02 -6.66855648e-02 -5.85987233e-02
 -4.67705019e-02  1.63373202e-02 -7.55791832e-03  1.31978258e-01
 -2.27169599e-02  1.01242825e-01  4.44464348e-02 -4.45691776e-03
 -3.66947167e-02  1.49071859e-02 -4.27141488e-02 -5.02738357e-02
  1.26204910e-02 -1.13626644e-02 -3.71174403e-02  5.88169955e-02
  1.45436600e-01 -2.03456171e-02 -3.12540941e-02 -2.30239960e-03
 -2.00297125e-02 -2.77763065e-02 -4.46297191e-02 -1.40781114e-02
 -6.81272894e-02 -3.20797414e-02 -8.51153731e-02  1.78709626e-02
  2.92381402e-02  7.07000552e-04 -2.47224141e-03 -2.44734846e-02
  1.04827672e-01 -3.18632685e-02  3.45680863e-03  4.32382412e-02
 -3.66582759e-02 -3.42879593e-02 -7.78812543e-02 -5.06040379e-02
  1.21545484e-02 -4.05383343e-03 -1.33056333e-02 -7.80270156e-03
 -8.77010971e-02  3.02100405e-02 -1.02700435e-01 -2.32111849e-02
 -9.15865507e-03  1.47854462e-02  1.67462640e-02 -1.19084269e-01
 -2.11427994e-02 -1.42898373e-02 -3.07612810e-02 -1.76508054e-02
  2.94951424e-02  5.83769120e-02 -5.86748980e-02  6.28889678e-03
  4.64262366e-02  2.11490281e-02 -9.39382426e-03 -5.30625395e-02
 -6.01745956e-02 -3.03395912e-02  5.79610839e-02 -6.09577782e-02
  2.66323071e-02  4.34599370e-02 -6.04995564e-02  6.90081045e-02
 -3.94432284e-02  1.80514678e-02  4.94947806e-02 -1.69915095e-01
  4.40873280e-02  3.49603011e-03  1.81655660e-02  3.35881556e-03
  4.86445893e-03 -3.08497474e-02  4.65442706e-03  3.26688588e-02
  9.13049728e-02  5.63085303e-02  1.00311488e-01  1.55082094e-02
  3.40334401e-02 -8.23903605e-02  6.74523860e-02 -1.86977964e-02
 -3.15111276e-04 -2.60736677e-03  7.31714293e-02  1.63522884e-02
  5.21251708e-02  1.65070370e-02 -4.22778018e-02  3.02995853e-02
 -4.49683554e-02  3.75701487e-02 -3.29580270e-02 -5.82230464e-02
  3.49874869e-02  2.07651015e-02 -1.08552329e-01 -7.73079321e-03
 -1.01884380e-01 -7.94096664e-02 -5.33963740e-02 -1.78267583e-02
  2.39951233e-03 -1.50624504e-02  2.85425875e-02 -1.63839329e-02
  2.72124587e-03 -6.56630471e-02  5.26222354e-03 -6.60317838e-02
  5.44464961e-02 -3.36339548e-02  6.09769449e-02  1.37163264e-32
 -1.00007005e-01 -3.67445685e-02 -3.95166837e-02 -1.74183697e-02
 -5.70855699e-02  3.58639807e-02 -8.73813331e-02  7.51060259e-04
 -1.09251104e-02 -2.17583515e-02 -9.47812945e-02  2.16240119e-02
  2.63749138e-02 -2.14348789e-02  5.75602055e-02 -5.88107808e-03
 -4.01225826e-03  1.28194503e-02 -1.43475886e-02 -2.38825660e-02
  1.88176148e-02  2.35332213e-02  2.92683318e-02 -2.06806641e-02
 -2.71166991e-02  5.68166636e-02 -6.08158447e-02 -3.27473544e-02
 -8.73120949e-02  4.92554978e-02  4.82524782e-02  7.15191429e-03
  4.48296405e-02 -6.43888712e-02 -1.14618782e-02  2.86777820e-02
  2.61957776e-02 -2.08239332e-02 -2.46391408e-02 -1.76996067e-02
 -6.96632173e-03  1.85988024e-02  2.08998304e-02  4.06921245e-02
  3.67399454e-02 -6.81318417e-02  2.71313544e-03 -2.97687948e-02
  1.38527051e-01  5.69883883e-02 -5.90474904e-02 -1.18689639e-02
  4.62052552e-03 -6.84103966e-02  5.04557341e-02  6.08997382e-02
 -6.90912381e-02  8.23629647e-02 -1.27423583e-02 -4.00616825e-02
  5.36542088e-02  1.17623322e-02 -4.01211455e-02  1.34032648e-02
  1.49033940e-05 -1.29968189e-02 -3.07673849e-02 -8.21220595e-03
  1.15262285e-01 -3.61304283e-02 -4.29110117e-02 -5.58091961e-02
 -3.34835239e-02  5.88421896e-02 -2.80508101e-02  1.03814795e-03
  6.88697696e-02  3.65433246e-02 -5.88018410e-02 -2.94561889e-02
 -2.03961208e-02 -3.04001314e-03  5.87186171e-03 -2.82025952e-02
  4.90542911e-02  4.36482914e-02  2.27310229e-02  5.74129727e-03
  2.18130872e-02  7.49660954e-02  4.84244116e-02  5.83170056e-02
 -5.23381121e-02 -1.90442509e-03  1.05905086e-02 -1.57111711e-32
 -1.53304096e-02 -5.46872197e-03 -1.28595352e-01  1.03697293e-02
 -4.53294143e-02 -8.35948158e-03 -2.65122969e-02 -1.88323315e-02
 -2.77687404e-02 -9.65813175e-02 -2.27273870e-02 -1.12572975e-01
  7.30168894e-02 -3.13264318e-02 -5.56442179e-02 -8.97287298e-03
 -8.44424665e-02 -2.76102945e-02 -8.35213054e-04  3.98941077e-02
  4.60267104e-02  7.33996928e-02  2.59137489e-02  1.23653738e-02
  2.70046219e-02 -3.14915963e-02  6.25494961e-03  3.05215223e-03
 -5.32650426e-02 -4.09973413e-02  3.81101035e-02 -4.47372580e-03
  1.26149161e-02  1.31074518e-01 -2.58765202e-02 -2.82699876e-02
  1.54109284e-01 -1.78987440e-02 -1.35635934e-03  6.40407652e-02
  6.72013313e-02  1.20621018e-01 -3.24644409e-02 -6.47602379e-02
 -6.43358454e-02  4.54456061e-02 -3.44280303e-02 -3.53062898e-02
  1.86940450e-02 -1.50400221e-01  1.16004005e-01 -3.64649482e-02
  2.29767673e-02 -2.16477104e-02  7.06813112e-02 -1.67920589e-02
  1.64298918e-02 -7.56343529e-02 -9.28770006e-02  5.66228069e-02
  6.48927167e-02  9.07687768e-02 -3.35773304e-02 -1.26995724e-02
  1.21793605e-01  5.68166934e-03 -7.08148107e-02  5.30076288e-02
  3.73236053e-02 -4.67370041e-02  2.05066130e-02 -1.10171370e-01
 -4.55414280e-02 -5.22025749e-02  1.52613390e-02 -2.45193709e-02
 -2.39872523e-02  1.47106424e-02 -2.27136761e-02  2.48323530e-02
 -4.33496200e-02 -3.86373922e-02 -1.39387492e-02 -1.90443918e-02
 -4.06921580e-02 -6.36435673e-03 -4.38480638e-02  1.72946919e-02
  1.49729419e-02  7.63639808e-02 -4.20709066e-02 -1.85172627e-04
  2.25593671e-02  5.16939126e-02  8.99251737e-03 -7.77942617e-08
  6.32919967e-02 -3.20773683e-02  6.03388883e-02  2.82373019e-02
 -4.78461646e-02 -5.49404807e-02  5.48049528e-03 -3.87462005e-02
 -1.69951655e-02  4.93889563e-02  4.37263884e-02 -2.19897758e-02
 -7.35232234e-02 -3.20657939e-02  5.08396327e-03 -4.90000583e-02
  3.82684059e-02  5.27685620e-02 -4.03630771e-02  4.34326530e-02
  6.77724481e-02 -5.09839877e-02 -4.40736860e-02 -6.37211949e-02
  4.35058549e-02  2.48862449e-02 -6.71753883e-02  8.32995959e-03
 -3.50524001e-02  4.66004387e-02 -6.10246584e-02  5.26210926e-02
  1.21216448e-02 -1.25398278e-01 -5.75630888e-02 -5.04756160e-03
  4.16632462e-03  4.26235870e-02 -1.04590924e-02  3.31201963e-03
  8.91188458e-02  5.58393262e-03 -7.49133974e-02  1.55814353e-03
  5.34169041e-02 -1.17771849e-02 -4.10554782e-02  6.54865503e-02
  8.41080677e-04 -5.35041951e-02 -2.26918366e-02 -4.18691821e-02
  1.09814638e-02  9.72652168e-04 -2.60795280e-02 -5.05995825e-02
  5.37557229e-02  2.87515819e-02 -2.47298889e-02 -2.51816530e-02
  1.36283651e-01  7.03044906e-02  7.70802274e-02 -7.71732256e-02]