[-1.21382270e-02  6.79020584e-02 -2.32986938e-02 -6.42372593e-02
 -8.15119818e-02  2.70475633e-03  9.25917551e-02  7.06200898e-02
 -2.88189948e-02  3.13448049e-02  6.94508106e-02  5.98957948e-02
 -2.63896082e-02  2.00851168e-02 -6.89134449e-02 -6.89314157e-02
 -1.51527561e-02 -2.10341886e-02 -2.73412839e-02  1.02504395e-01
  1.30674437e-01  7.39797018e-03 -5.03457412e-02  4.10432927e-02
 -3.00115198e-02 -7.85025060e-02 -8.89496878e-02  8.06649849e-02
  8.42295960e-03 -3.33781615e-02  1.74106695e-02  9.92611051e-02
  7.75025934e-02 -7.44869709e-02  3.31140086e-02  1.97566655e-02
  6.11656904e-02 -8.84957686e-02  2.66904179e-02  1.23301931e-01
 -3.38883745e-03 -5.85608035e-02  1.11625837e-02 -8.26045312e-03
 -3.10836490e-02  1.46432193e-02 -3.98756377e-02  5.39485551e-02
  5.75749725e-02  1.27966749e-02 -6.82395883e-03  5.34579791e-02
  2.03840695e-02  1.94345340e-02  3.65015976e-02 -1.14513628e-01
 -8.26707557e-02 -2.54715774e-02 -2.69930344e-02 -8.15158989e-03
  3.01139243e-03  1.08559560e-02 -1.18077379e-02 -1.78546291e-02
  1.07522421e-01 -3.32722105e-02 -1.75959188e-02 -1.44577473e-01
 -6.29086047e-02 -1.67429226e-03  3.75917666e-02 -2.55090091e-02
  4.36039343e-02  6.22947551e-02 -7.00012445e-02  5.95857315e-02
 -4.57397737e-02 -3.62436064e-02 -1.00977963e-03 -1.05885409e-01
  1.35331992e-02 -3.39949951e-02  4.51933183e-02 -2.52658390e-02
 -4.59650357e-04 -1.46561861e-02 -3.28529142e-02 -3.30354609e-02
  1.26386195e-01  4.39934880e-02  6.93504289e-02  1.77466068e-02
 -5.63714281e-02 -6.11201525e-02 -9.85834450e-02  4.17486735e-04
 -6.19161315e-02  7.68567901e-03 -4.91369702e-02  7.09007755e-02
  3.96225303e-02  6.69452101e-02 -3.66596468e-02 -8.98782536e-03
 -3.65830138e-02  1.65417115e-03  3.33912745e-02  5.83804287e-02
 -3.24236006e-02  6.25487641e-02 -1.00537218e-01 -2.84746792e-02
 -1.65012339e-03 -1.03335112e-01 -7.20731616e-02 -2.38130260e-02
  8.12799111e-03 -2.81967446e-02 -4.40190127e-03 -4.69735116e-02
  2.64122002e-02  1.88904628e-03  2.00087726e-02  3.69697511e-02
  9.55232605e-03 -1.98675208e-02  1.73735544e-02  2.07060288e-32
 -2.33755466e-02  2.20587868e-02  1.05134599e-01  6.76210504e-03
 -1.46360043e-02  1.54787702e-02 -1.99907459e-02 -5.11175282e-02
  1.91517209e-03  1.72458740e-03 -7.40411580e-02  6.33856058e-02
  8.24975967e-03 -3.92051600e-02  4.05114479e-02 -7.89363682e-03
  9.11712795e-02 -2.58613061e-02  5.97188883e-02 -5.07513918e-02
 -5.84910586e-02 -2.08497904e-02  3.59652005e-02  2.28828471e-02
  3.17087770e-02  4.92367670e-02 -8.56997296e-02 -9.64098983e-03
 -1.16713634e-02  7.11393356e-02  2.08225697e-02  3.81912254e-02
 -4.63136062e-02 -5.15733548e-02 -6.63157478e-02 -3.27073596e-02
 -1.63808819e-02 -2.17015110e-03 -5.46519347e-02 -3.91622707e-02
  1.95333250e-02  3.92977037e-02 -1.33611811e-02  4.78363112e-02
  5.73660843e-02 -2.48114616e-02  2.62889899e-02  1.06138431e-01
  6.97695762e-02  8.31535459e-02 -6.34325743e-02 -1.32489707e-02
 -4.95375413e-03 -5.14785796e-02 -1.45697715e-02 -2.35240441e-02
 -3.26428153e-02  7.15004206e-02 -7.48172449e-03 -4.32729684e-02
  3.59191112e-02 -5.09992987e-03 -3.01375110e-02  7.50420708e-03
 -4.02644053e-02 -6.71869740e-02  1.51604256e-02 -2.28213035e-02
  7.13829994e-02  1.64264198e-02 -4.74576801e-02  1.23499520e-02
 -2.89896391e-02  7.96253905e-02 -3.08844429e-02 -2.00996920e-03
  5.59972562e-02  1.47960465e-02  4.35215645e-02 -5.36276363e-02
 -1.09454049e-02  3.05632930e-02  5.33729699e-03 -1.90148910e-03
  6.02701828e-02  2.63403691e-02  5.98035306e-02  4.65222113e-02
  4.07577939e-02  3.51169445e-02  5.14112562e-02  9.42874979e-03
  2.10807826e-02  2.50582863e-02 -4.35846217e-04 -1.97986912e-32
 -3.89463268e-02  2.68381145e-02 -4.41874713e-02 -1.66653506e-02
 -5.23490505e-03  3.54475938e-02  8.73001013e-03 -6.91138301e-03
  1.61380135e-02 -6.98817447e-02  4.83375341e-02 -1.12377092e-01
  7.27028549e-02 -3.88100520e-02 -4.46789078e-02  2.99432911e-02
 -8.82093012e-02  2.39686090e-02 -1.11642163e-02  2.47918740e-02
 -1.44258626e-02  5.45378923e-02  4.36076149e-02  2.57341806e-02
 -6.90100342e-02 -5.31403208e-03 -2.07793992e-02 -7.19618350e-02
 -5.57392165e-02  8.68178997e-03  2.54437272e-02 -1.30788451e-02
  2.95356661e-02  6.57638311e-02 -1.37477368e-02 -2.32178662e-02
 -8.58870987e-03  2.82397084e-02  1.05519764e-01  1.31780624e-01
  1.06292749e-02  2.68527512e-02  8.74626711e-02 -6.39218912e-02
 -3.98043655e-02 -6.93431497e-02  5.71157187e-02 -8.60643908e-02
  1.97848044e-02 -8.46055821e-02 -1.87912229e-02 -1.50335832e-02
 -5.32393418e-02 -2.59967819e-02  5.95717169e-02 -3.67072895e-02
 -1.22971991e-02 -7.95671865e-02 -1.01362795e-01  5.20541891e-02
  6.65192828e-02  8.03399906e-02 -3.18709724e-02  3.33043560e-02
  1.03112400e-01 -2.34172866e-02 -4.37238142e-02  1.29694715e-02
  2.29474474e-02  4.55730455e-03  7.87365139e-02 -1.00234345e-01
  7.70560801e-02 -2.34987363e-02 -5.26491664e-02 -8.94517973e-02
 -1.86960828e-02  3.62574384e-02  1.08481226e-02  4.38613780e-02
 -3.38832587e-02 -2.23674774e-02 -6.67916909e-02  1.54175330e-02
 -1.12382077e-01 -7.48286322e-02  1.24385335e-01  6.99596573e-03
 -3.81518602e-02  6.37215227e-02 -1.03274137e-02  3.61813828e-02
  5.59194423e-02  8.92414805e-03  1.70446150e-02 -7.76100961e-08
  6.55452311e-02 -4.27398831e-02 -5.77498833e-03 -1.66843422e-02
  3.88620347e-02 -2.04528198e-02 -3.79825979e-02 -7.12433010e-02
 -1.29926838e-02  2.83393916e-02  2.72533093e-02  4.88910004e-02
 -3.08206864e-02 -3.25814597e-02  1.09942984e-02 -5.07434532e-02
  2.23341659e-02  5.80459423e-02 -9.39384252e-02 -3.67903449e-02
  7.57055655e-02 -5.35238050e-02  1.34004289e-02 -1.19580932e-01
 -3.62480851e-03  1.60877816e-02 -6.70870468e-02 -1.32877734e-02
 -1.11013893e-02  1.64938588e-02  5.45042101e-03  1.40177924e-02
 -1.96765978e-02 -1.15876496e-01 -7.97297359e-02  5.79374507e-02
 -2.36447528e-02 -6.52721571e-03 -5.19638043e-03  7.42144361e-02
  1.91873591e-02 -9.73637998e-02 -6.57467395e-02 -2.07778420e-02
  3.08462325e-02  5.95928393e-02 -2.71531241e-03  6.16325773e-02
 -1.23944797e-01  9.51622427e-03 -9.05210003e-02  4.04265784e-02
  2.44024377e-02 -5.08835278e-02 -5.26740588e-02 -2.30062827e-02
  4.23334800e-02  4.74050120e-02  2.60864142e-02 -6.20277226e-02
  2.02566944e-02  2.35050395e-02  2.54159607e-03 -5.66291362e-02]