[ 7.00543821e-02  6.84543550e-02 -1.37600359e-02 -6.08681142e-03
 -6.45427629e-02 -2.47745868e-03  3.76651771e-02  6.71097264e-02
  5.05460426e-02  3.84040400e-02  1.08631931e-01 -4.11697403e-02
 -6.68401318e-03  1.26346794e-03  1.55710503e-02 -4.81444821e-02
  6.64914101e-02 -2.53521018e-02 -2.38353387e-02  8.32995400e-02
  2.15691879e-01  6.26176596e-03 -5.07389158e-02  1.37588307e-02
 -2.94800978e-02 -3.69727761e-02 -6.48253858e-02  1.77640468e-02
 -2.37872787e-02 -2.51549128e-02 -2.24364549e-02  1.08530529e-01
  7.86740035e-02 -5.61440997e-02  1.35891242e-02  4.72148880e-03
  4.99211885e-02  3.27214152e-02 -2.18362194e-02  7.26287439e-02
 -4.81379963e-02 -3.75016071e-02 -3.84037159e-02 -5.36907911e-02
  7.44413584e-03 -7.68852085e-02  5.08885272e-02  1.40302507e-02
 -2.85184663e-02 -2.71348329e-03 -7.35399574e-02  4.32154313e-02
 -2.03612577e-02  4.77550663e-02  1.99636314e-02 -3.54803465e-02
 -3.61981988e-02 -1.44154336e-02 -3.75104323e-02 -5.87669536e-02
 -7.65165836e-02  4.96009178e-02 -1.46744410e-02 -1.94096584e-02
  9.31512564e-02 -1.99961048e-02 -3.06005254e-02 -4.48992662e-02
 -4.24677394e-02  3.42518017e-02  5.97780198e-03 -5.19684404e-02
 -3.14915590e-02  7.58985057e-02 -1.36928391e-02  6.40393198e-02
  9.43922345e-03  6.53640479e-02  4.16303426e-02 -1.33147985e-01
  7.58870319e-03  3.27317044e-02  1.84410363e-02  1.00130746e-02
  5.61402813e-02 -1.62766147e-02  2.34269910e-02  2.81930156e-02
 -1.83015957e-03 -3.03925900e-03  2.18884069e-02  6.43322431e-03
 -4.61498052e-02 -1.45483539e-02  3.01802326e-02 -4.13969867e-02
 -4.83791046e-02  6.43332154e-02  3.39759551e-02 -1.77177507e-02
  4.87057418e-02 -3.90705392e-02 -8.05511475e-02  4.50551212e-02
 -6.71284124e-02  5.14934631e-03 -1.53427264e-02  1.55618787e-02
  6.91679940e-02  1.37445524e-01 -9.20944065e-02 -3.22659947e-02
 -7.68036470e-02 -7.05400705e-02 -4.48228903e-02  9.75271463e-02
 -2.92756855e-02 -5.19135082e-03  7.01636076e-02 -4.60380726e-02
  2.63061747e-02  4.35519665e-02  5.81752695e-02 -7.77123496e-03
  2.87087262e-02 -6.99845329e-02  3.52814943e-02  1.33889541e-32
 -4.46196422e-02 -2.93134507e-02  1.43554658e-02 -2.25756355e-02
 -4.91107553e-02 -9.07946564e-03 -6.44313544e-02  5.35758398e-03
  1.12244345e-01  3.05300988e-02 -7.19304532e-02  8.53065923e-02
  9.89605766e-03 -5.66300824e-02  1.33898444e-02 -6.38162484e-03
  4.23566289e-02 -3.48219015e-02  1.62154920e-02  2.05230266e-02
 -2.59817913e-02  6.22538477e-02 -8.38023610e-03 -2.59432085e-02
 -3.18979641e-04  2.41760854e-02 -4.25249599e-02 -6.74726143e-02
 -7.88789690e-02  4.80762273e-02  1.12881474e-01 -4.76693921e-02
  4.22607772e-02 -4.51651886e-02 -6.98537827e-02 -8.57650936e-02
  5.67664765e-03 -1.55312726e-02 -3.83335464e-02 -2.30354257e-02
 -2.99556609e-02  1.23199681e-02  7.28706345e-02  1.09465409e-03
  1.51391597e-02 -3.74463014e-02  6.64311126e-02  3.85530628e-02
  1.05017401e-01  9.34027880e-02 -1.25740236e-02 -1.42005039e-02
  3.24728899e-02  2.05463008e-03 -5.70101626e-02  3.63151841e-02
 -4.82932143e-02  3.85675430e-02 -6.62719132e-04 -1.00445990e-02
 -4.40482646e-02 -2.80829277e-02 -1.08977850e-03  1.27139892e-02
 -9.27108526e-02 -4.49948721e-02  2.41854601e-03  1.35828350e-02
  1.21212721e-01  1.73284691e-02 -8.56013000e-02 -1.06608337e-02
  1.45611707e-02  3.94758247e-02 -5.48394397e-03 -9.79134534e-03
  6.48055077e-02 -3.63143086e-02 -6.18007407e-02 -2.45925854e-03
 -1.52654657e-02  2.55811159e-02 -2.19387431e-02 -5.54718152e-02
  1.24329537e-01  3.80190946e-02  5.05447201e-02 -5.75141283e-03
 -6.41973168e-02  1.13445953e-01  3.82012315e-02  5.89003973e-02
 -6.65386841e-02  7.22970739e-02  2.23541316e-02 -1.46231938e-32
  2.12560687e-02  3.18994410e-02 -3.47517468e-02 -6.25566719e-03
  2.47087348e-02  2.68565100e-02  1.35892900e-02 -1.16364043e-02
 -6.85292333e-02 -7.28532225e-02  2.35229395e-02 -1.25262529e-01
  5.10964952e-02 -6.00025896e-03 -4.97442298e-02  5.17619997e-02
 -8.78603607e-02 -4.56037670e-02 -5.77605292e-02  1.33993605e-03
 -2.03153845e-02  1.12555720e-01  1.30319139e-02 -2.66829412e-02
 -9.84189939e-03 -9.14742798e-03 -2.35769898e-02  1.47977537e-02
 -2.39137560e-02 -1.89927742e-02  2.39736289e-02  9.25346091e-03
 -7.52405301e-02  2.85482202e-02 -1.44297769e-02 -2.97186766e-02
  1.72386579e-02 -3.89807411e-02 -3.27225477e-02  8.60093236e-02
  1.50555931e-02  4.95167030e-03  1.82411969e-02 -3.71005721e-02
 -3.50227989e-02 -2.95786615e-02 -3.76243219e-02 -1.12542309e-01
  5.25068752e-02 -4.40683737e-02  8.69078338e-02 -4.70114499e-02
 -3.05035133e-02  1.05632087e-02  2.31103413e-02 -1.59518551e-02
  2.52157040e-02 -1.01231337e-01 -1.05068043e-01  1.63547206e-03
  1.22055531e-01  6.16301410e-02 -2.93565672e-02 -1.02597699e-02
  6.96062669e-02  8.28087516e-03  2.05150731e-02 -1.17384002e-03
 -1.98299065e-02  2.96081533e-03 -2.76509114e-02 -8.96592736e-02
 -6.66440576e-02 -3.50761935e-02  3.41138653e-02 -5.90682495e-03
 -3.07385679e-02 -3.45569514e-02  7.27679767e-03 -1.16675040e-02
 -1.56519592e-01 -2.54191570e-02  3.23887914e-02 -4.96921763e-02
 -9.95441154e-02 -2.75154761e-03 -3.07041667e-02  1.11757703e-02
 -1.54240830e-02  7.83907771e-02  1.22999344e-02  3.95144783e-02
  2.76099611e-02 -1.06823435e-02 -2.31925026e-02 -6.73143958e-08
  1.51512939e-02 -5.55757731e-02  6.80355728e-02 -1.01917544e-02
  1.61413811e-02 -7.79674426e-02 -5.08562289e-03 -2.08490323e-02
  1.65763721e-02  2.59166230e-02  2.00104211e-02 -3.10447905e-02
 -6.29441664e-02 -7.64222071e-02  4.32962514e-02 -1.05254926e-01
  3.32522951e-02  5.10325991e-02 -4.02829759e-02 -1.50447190e-01
  4.66914661e-02 -2.50732526e-02 -1.42780945e-01 -7.85337314e-02
  1.28415972e-02 -2.61910409e-02  1.29323285e-02  9.38672572e-03
  1.14168441e-02  1.40493792e-02 -3.26816477e-02  5.89177385e-03
  2.85946392e-02 -1.02900892e-01 -9.69063491e-02  8.46444350e-03
  4.42950092e-02  3.67572834e-03 -2.95993034e-02  2.24094689e-02
  5.97269423e-02 -3.21712270e-02  2.54316367e-02  1.26378927e-02
  6.16301484e-02 -3.35603058e-02 -1.18200341e-02  8.49429071e-02
 -2.44562887e-03 -6.85832724e-02 -7.43993465e-03  2.62203906e-02
  4.52872030e-02  2.25878600e-02 -5.20149916e-02  2.27124915e-02
  1.88374380e-03  2.70799128e-03 -3.96225154e-02 -9.43875697e-04
  9.03722867e-02  3.66650969e-02 -1.04438304e-03 -6.85319528e-02]