[-2.65955795e-02  8.63635838e-02 -3.47307175e-02 -5.69165386e-02
 -6.66257516e-02  3.09201591e-02 -2.34851502e-02  5.55581339e-02
  2.90293265e-02  7.48690218e-02  5.36065288e-02  4.66413284e-03
 -5.85454050e-03  7.56924087e-03  4.06016735e-03 -3.45743150e-02
  8.94448534e-02 -2.05742177e-02 -3.10614426e-03  6.63120449e-02
  1.07232258e-01 -4.44453917e-02 -7.43986517e-02  2.45650951e-02
 -1.16006769e-01  8.46811850e-03 -7.01691210e-02 -2.24067327e-02
  2.87869517e-02  3.65374214e-03 -3.50546427e-02  8.00613090e-02
 -2.90437583e-02 -2.62136441e-02  3.30823399e-02 -7.99462106e-03
  4.96693216e-02 -2.38433033e-02  2.95558386e-03  3.86066474e-02
 -2.05369201e-02 -5.95053360e-02 -6.69282600e-02 -7.89964348e-02
  1.90011412e-02 -2.99401022e-02 -2.34671123e-03  3.28666642e-02
 -2.59255823e-02 -2.68485192e-02 -7.54959509e-02 -6.97402880e-02
  8.24652612e-03  8.97564292e-02 -3.56133878e-02 -4.19214256e-02
  3.38391811e-02 -5.45353582e-03 -1.33361602e-02 -4.39006500e-02
 -4.55290377e-02  6.19242638e-02 -8.94153416e-02  5.09608723e-03
  3.26664150e-02  1.64840324e-03 -5.36261313e-03  1.91621780e-02
 -1.90670751e-02  1.06862932e-01  3.88549082e-02 -4.84256819e-02
  6.88319504e-02 -3.15449107e-03 -2.07873504e-03  3.88693698e-02
 -1.16176531e-02  7.99243078e-02  1.01818733e-01 -2.24343643e-01
  5.67711219e-02  1.51459789e-02 -1.60883144e-02 -7.43349120e-02
 -1.73157100e-02 -7.25682229e-02 -1.19285448e-03  3.97552736e-02
  1.18892588e-01 -1.18203321e-02  3.32298875e-02  4.43217345e-02
  3.06676645e-02 -5.40565066e-02 -3.08406763e-02 -4.48249429e-02
  6.88166125e-03  3.58510874e-02  9.94888395e-02  4.21008235e-03
  8.56053531e-02  3.04294024e-02 -4.14695367e-02  3.37275229e-02
 -4.45534363e-02  1.32531626e-02 -1.59975253e-02 -3.65335196e-02
  4.32564691e-02  6.47419393e-02 -4.18164805e-02 -7.81342015e-03
 -3.93687934e-02 -8.14148635e-02 -4.99186814e-02  4.80828099e-02
 -3.47564220e-02 -9.35996696e-03  1.64124947e-02 -1.97674744e-02
  9.70913738e-04  3.56322080e-02  2.46179961e-02 -2.31271591e-02
  3.86596024e-02 -3.33721079e-02 -1.15977572e-02  1.20148482e-32
  3.97312269e-02 -8.76582861e-02 -7.60997646e-03  1.92510020e-02
 -1.70997828e-02  3.83781753e-02 -3.15948986e-02  1.90908592e-02
  2.07619090e-02  6.36256635e-02 -4.04364802e-02  6.01581531e-03
 -1.22337937e-02  1.09754875e-02  9.19979066e-02 -2.90514082e-02
 -2.01270941e-05 -1.70089323e-02 -1.93816028e-03  2.94324216e-02
  3.69434319e-02 -1.98674463e-02 -6.12533232e-03  4.59198281e-02
 -3.34686227e-02  4.77876626e-02 -7.75651634e-02 -3.39007787e-02
 -7.46989474e-02  5.76102696e-02  4.11642306e-02 -5.14946207e-02
  6.19912967e-02  9.33574396e-04 -5.48872799e-02 -8.03710055e-03
 -6.43629283e-02 -2.50832457e-02 -2.56476384e-02 -4.35321480e-02
 -8.50157067e-02 -1.36521878e-02  8.04849267e-02  8.12705513e-03
  4.85817203e-03 -6.54327571e-02  3.11109144e-02 -5.88122755e-02
  8.65937844e-02  9.73377377e-02 -2.04416215e-02 -1.13670584e-02
 -6.43199459e-02 -8.02980512e-02 -4.93105454e-03  2.65658144e-02
 -1.04879111e-01  7.81707764e-02 -1.29419221e-02 -8.32026154e-02
  1.37636578e-02 -3.96118462e-02 -9.53397155e-02  2.53996290e-02
 -8.46662968e-02 -4.47692014e-02 -2.64430381e-02 -1.42352479e-02
  1.09211393e-01 -3.48751582e-02 -1.48890182e-01  1.61946658e-02
  2.41250116e-02  6.58594817e-02  2.01996863e-02 -1.32958870e-02
  5.65103479e-02 -2.32042409e-02 -3.77248898e-02  1.75963412e-03
 -3.63491662e-02  1.10450918e-02 -1.52201494e-02 -2.11039791e-03
  1.49327526e-02  4.28808518e-02  4.61564660e-02  2.96960175e-02
  4.41311253e-03  6.54334053e-02  1.74971689e-02  9.12398566e-03
 -4.57770424e-03  3.26239690e-02  7.80355632e-02 -1.43428781e-32
  4.76138704e-02 -2.98711471e-02 -8.79502296e-02 -4.82101068e-02
  2.30238866e-02  7.02164173e-02  6.06569909e-02 -6.81097433e-02
 -6.28743395e-02 -9.01980028e-02 -3.15692388e-02 -4.33543473e-02
  9.66997817e-02  2.53824573e-02 -1.19825080e-01 -5.38180990e-04
 -6.90305904e-02 -2.93518845e-02 -1.69698037e-02 -3.97730479e-03
  3.86473835e-02  6.58443198e-02  7.06126988e-02  5.91324316e-03
  1.84505191e-02 -5.12632988e-02 -2.44348422e-02  1.19584743e-02
 -4.94595207e-02  5.97493462e-02  2.01796815e-02  1.01392129e-02
 -3.44963036e-02  8.70132521e-02  2.30026580e-02 -3.66149545e-02
  5.03347069e-02 -5.24861850e-02 -6.31294101e-02  5.96190877e-02
  2.79337876e-02  5.41590489e-02  9.26837325e-03  2.86204722e-02
 -5.30738384e-02  3.08305062e-02 -4.71500121e-02 -1.42653257e-01
  3.24921459e-02 -9.53911021e-02  5.67512289e-02 -8.63561220e-03
  3.72269517e-03 -1.10588213e-02  6.36317730e-02 -6.77216873e-02
 -4.53922078e-02 -9.84211490e-02 -3.82997617e-02  3.30148377e-02
  8.11418444e-02  2.92466618e-02 -3.98517512e-02 -3.55692208e-02
  1.28421426e-01  2.38718390e-02 -5.82160465e-02  2.34586727e-02
  5.26021123e-02  2.55179964e-02  5.02866954e-02 -6.61974102e-02
 -9.27331150e-02 -9.55700651e-02  5.44462018e-02  1.72802189e-03
 -1.50489789e-02 -6.57092854e-02 -1.02175258e-01  1.06747053e-03
 -3.22399996e-02 -1.23871490e-02  1.13928355e-02  8.08576401e-03
 -3.19293030e-02  3.72294597e-02 -3.68944928e-02  9.38390661e-03
 -4.81828721e-03  7.43143782e-02 -7.72489533e-02  1.41905053e-02
  5.72453514e-02 -9.90751851e-03  1.15565513e-03 -6.09215718e-08
  8.24114773e-03 -2.87451018e-02  6.07657293e-03  1.32400682e-02
 -1.58597045e-02 -6.80469200e-02 -3.76831740e-02 -6.29543290e-02
 -2.03212183e-02  7.51769021e-02  6.41043857e-02 -5.12560159e-02
 -4.25210372e-02 -3.47821899e-02 -1.46457506e-02 -3.98858003e-02
  1.10894330e-02  4.59425002e-02 -6.02509789e-02 -5.96717261e-02
  3.06656901e-02 -2.08589919e-02 -1.10812962e-01 -3.10500804e-02
  7.01314285e-02  2.31677145e-02  8.91175028e-03 -8.78646784e-03
  5.97631698e-03  2.06724275e-02 -1.49397766e-02  6.60248427e-03
  7.11627305e-03 -3.63774262e-02 -4.17589024e-02  2.28937827e-02
 -2.69860066e-02  4.17195298e-02 -1.29137002e-02 -3.04717869e-02
  8.96271616e-02  1.01338299e-02 -4.42566536e-02  7.18662748e-03
  6.17315173e-02 -1.52535345e-02 -4.29792367e-02  5.61505072e-02
 -1.03076259e-02 -4.75064442e-02 -8.14036801e-02 -2.66452339e-02
  9.07092392e-02  7.43537918e-02  2.77677123e-02 -3.19336466e-02
  6.12570532e-02  2.42899638e-02 -2.34620478e-02 -2.54774727e-02
  1.14464663e-01  8.01500008e-02  4.13101017e-02 -6.71829134e-02]