[-6.35924637e-02  7.47921132e-03 -5.62854782e-02 -5.37338629e-02
 -3.28253210e-02 -6.81969598e-02  3.32479700e-02  9.37082767e-02
 -3.52812447e-02  3.90960202e-02  6.49253950e-02  1.31616956e-02
 -5.62518230e-03  2.84970310e-02  2.55665332e-02 -9.13114287e-03
  5.21938577e-02 -9.20332596e-03  5.47993695e-03 -5.99879725e-03
  1.31427154e-01 -6.20512338e-03 -8.38753358e-02 -9.97136161e-03
 -4.17642742e-02  1.10866046e-02 -9.54375137e-03 -4.70346101e-02
 -1.23142367e-02 -3.63994353e-02 -7.12437779e-02  5.39324656e-02
  6.64526746e-02  5.29805571e-02 -3.65740359e-02  6.14599651e-03
  7.48688206e-02 -3.60099003e-02 -5.91635378e-03  4.58886959e-02
 -1.11453690e-01 -2.98699196e-02 -9.76540819e-02 -6.00156784e-02
 -9.32558533e-03 -1.14587411e-01  1.74019132e-02 -1.38013670e-02
 -3.72603312e-02  1.24623394e-02 -3.67756002e-02 -1.33727258e-03
 -2.61208974e-02  4.74417955e-02 -1.66181289e-02 -4.85494100e-02
 -1.25335390e-02  3.44632678e-02  1.89738553e-02  2.03205552e-02
 -1.68767963e-02  1.08148251e-03 -3.40599827e-02  8.69298168e-03
  6.04876690e-02  9.34371911e-03 -7.07746670e-02 -2.29871999e-02
  4.98467218e-03  1.43184885e-03  1.02007138e-02 -1.24206766e-01
 -1.42843621e-02  7.09101334e-02 -1.68813374e-02  2.70176325e-02
 -1.05451010e-02  3.57063375e-02 -2.79347580e-02 -1.23356119e-01
  3.32282148e-02  5.83723336e-02 -1.11978659e-02  1.32979481e-02
 -1.15544340e-02  7.00963149e-03 -8.89747776e-03  5.78979217e-02
  6.92596212e-02  1.73361655e-02  2.97333170e-02  4.82563488e-02
 -3.71861421e-02 -6.72063306e-02  5.58129698e-02 -2.32105255e-02
  6.62830248e-02 -5.09598441e-02  2.86124870e-02 -4.33067679e-02
  6.38198480e-02  4.14267853e-02 -2.79648285e-02  2.50838771e-02
 -6.80676401e-02  2.70521152e-03 -6.56663720e-03 -8.72573927e-02
 -4.02548164e-03  1.24070048e-01 -7.31579736e-02  1.79856099e-04
 -1.08980551e-01 -6.10167347e-02 -4.49426472e-02 -5.58605641e-02
 -7.00134635e-02  5.01037994e-03  6.03817478e-02 -5.16357273e-02
 -8.11149739e-03 -5.40066138e-03  4.24881987e-02 -3.08385491e-02
  1.34215221e-01 -5.87214530e-02  1.44045856e-02  7.02852464e-33
 -7.11955056e-02  1.00586945e-02 -4.90462519e-02  3.78308296e-02
 -4.03294675e-02  2.91242776e-03 -2.08695214e-02  1.87451560e-02
  3.83846834e-02  8.41477290e-02 -5.81781752e-02  1.48670062e-01
  3.05713882e-04 -2.42876578e-02  1.56067848e-01 -1.64006911e-02
  2.98076347e-02 -3.12325526e-02  2.18754765e-02  1.33700706e-02
  1.68826506e-02 -4.21204120e-02  9.43391770e-03 -1.27511676e-02
 -4.82295314e-03  3.32802497e-02 -5.56464493e-02  5.27021801e-03
 -9.49569792e-03  5.30284867e-02  5.25809750e-02 -2.76175458e-02
  3.20145376e-02 -2.83319615e-02 -6.03382513e-02  4.44426574e-03
 -4.89594694e-03 -4.40581106e-02 -2.02595443e-02 -1.96119435e-02
 -1.65187865e-02  1.40356477e-02  3.31044458e-02  4.48470302e-02
  2.07816940e-02 -5.78108765e-02  4.04247530e-02 -4.90921214e-02
  1.32962033e-01  7.57113919e-02 -5.61957248e-02 -4.08259481e-02
 -9.90334060e-03 -7.71061704e-02  4.32196036e-02  1.34733412e-02
 -1.82860196e-02  1.99537929e-02 -6.32908754e-03  2.15200633e-02
 -5.96802197e-02 -6.68836012e-02 -1.42454514e-02  2.30643153e-02
 -2.21813768e-02 -1.06303990e-01 -2.71973596e-03  1.99863743e-02
  1.00901380e-01  4.41753082e-02 -1.46376848e-01 -3.20994966e-02
  2.02250551e-03  1.46529917e-02  1.63673125e-02  3.78250442e-02
  5.46392836e-02  2.40170956e-02 -7.43619576e-02  2.59505939e-02
 -1.03813015e-01 -2.26248205e-02  6.43135142e-03 -2.45060585e-02
  1.18419826e-01 -1.52088776e-02  5.95146697e-03 -1.05426265e-02
 -1.90936569e-02  7.01636747e-02 -4.07309877e-03  7.84393027e-02
 -4.75495644e-02  6.06225282e-02 -3.44659621e-03 -1.05302577e-32
 -3.77696119e-02  2.67393794e-02 -5.61185032e-02  1.08450679e-02
 -1.18963653e-02 -4.02344726e-02  1.13975238e-02  2.28001922e-03
 -5.56552373e-02 -9.91233811e-02 -3.35966460e-02 -6.63556606e-02
  6.16289936e-02  8.19284032e-05 -3.57438810e-02  2.35309303e-02
 -7.14545771e-02 -6.68305680e-02 -5.42496257e-02  1.44274265e-03
 -1.84040051e-02  9.75849777e-02  5.03347367e-02 -3.61375660e-02
  3.81270749e-03 -2.85249087e-03  6.24416722e-03 -4.07886915e-02
 -5.47997802e-02  1.08180307e-02  1.01669885e-01  1.16634658e-02
  4.88301888e-02  1.15749240e-01  4.88684338e-04 -4.93163913e-02
  9.63397995e-02  9.94792487e-03 -1.97669081e-02  8.37074742e-02
  9.15378034e-02  8.53027254e-02 -7.97706693e-02 -7.14887977e-02
 -5.65707870e-02 -2.12921966e-02 -6.26971424e-02 -1.12783194e-01
  5.41696027e-02 -9.24852714e-02  1.46794364e-01 -5.54620028e-02
  4.87899929e-02 -2.76732687e-02  3.77358012e-02 -4.92586009e-02
  3.45388539e-02 -7.42149577e-02 -3.33791189e-02  1.41764460e-02
  9.97192711e-02 -2.65433016e-04  4.10352163e-02 -2.58897170e-02
  1.58266649e-02 -2.51530129e-02  3.30411941e-02  2.81693321e-02
 -6.76911101e-02  3.17859054e-02  6.63385168e-02 -5.18780239e-02
 -1.01066343e-01 -2.77698860e-02 -8.43098760e-03 -7.63190389e-02
 -2.11017132e-02 -2.59843119e-03 -6.76060319e-02  1.16183311e-02
 -6.24205358e-02  6.72256341e-03 -1.81349684e-02 -4.88456748e-02
 -5.02416641e-02  6.79984614e-02 -2.86175963e-02  3.42948958e-02
  3.25918361e-03  3.93723845e-02 -5.68843521e-02  8.33364576e-03
 -2.11254377e-02  5.10718822e-02 -1.78397223e-02 -5.71549563e-08
 -3.99190672e-02 -4.43092175e-02  1.19987214e-02  1.12149650e-02
 -2.05738172e-02 -3.81153934e-02 -3.64036858e-02 -1.45075331e-02
  1.81884039e-02  4.92615886e-02  6.27750019e-03 -5.76799028e-02
 -9.56443995e-02  6.43854542e-03  1.24243245e-01  3.06429677e-02
  5.88720292e-02  5.66926748e-02 -3.37866805e-02 -5.41784540e-02
  8.50264952e-02 -3.78613011e-03 -5.69051653e-02  2.08422150e-02
  6.32468760e-02 -1.99880661e-03 -5.76840378e-02 -3.11359167e-02
  8.79674160e-04  5.43308407e-02  5.05284814e-04 -8.57033394e-03
  8.13556015e-02 -5.04811555e-02 -6.19458482e-02 -6.26637563e-02
  3.72722670e-02 -3.47306952e-02 -1.04853101e-02  7.14269578e-02
  8.07758272e-02  1.24842720e-02 -6.68804497e-02  1.35289812e-02
 -1.72715895e-02 -4.52233404e-02 -3.46057564e-02  4.37907688e-02
 -1.36534683e-02 -6.04381226e-02 -2.38119494e-02 -6.31284062e-03
  1.24416938e-02  5.48441708e-03  1.78917032e-02  1.38433706e-02
  1.79430787e-02 -4.69348207e-03 -6.98162913e-02 -7.43653346e-03
  8.33316669e-02  6.94765672e-02  2.79491972e-02 -4.79144901e-02]