[ 3.45590822e-02  3.96823660e-02 -3.43655236e-02 -7.87137225e-02
 -8.90938714e-02  4.29639965e-02  2.81628557e-02  1.28197625e-01
 -7.82786589e-03  2.71354150e-02  1.07356519e-01 -4.31039520e-02
 -4.46610525e-03  2.13622376e-02  8.96464160e-04 -8.15410540e-03
  7.09672123e-02  3.69955786e-02 -7.00105503e-02  5.83957173e-02
  1.28043860e-01  1.83362868e-02 -8.63741115e-02  7.25818519e-03
  1.48195366e-03 -5.87976836e-02 -5.81656434e-02  1.08622396e-02
  2.95464713e-02 -6.13202713e-02 -1.71329209e-03  8.26686397e-02
  5.46543151e-02 -8.57005268e-02 -7.71602942e-03 -3.81789468e-02
  2.45303027e-02 -3.61609273e-02  1.74059365e-02  3.89566980e-02
  2.20629610e-02 -1.93903632e-02 -5.23525402e-02 -1.92555822e-02
 -7.27010937e-03 -6.31506369e-02  2.12796833e-02  3.24206576e-02
 -8.21522158e-03  4.03439999e-02 -1.03145745e-02  3.53610292e-02
 -1.78942196e-02  1.33555174e-01 -9.36987065e-03 -5.75750358e-02
 -5.09404019e-02 -3.64933014e-02 -2.54007466e-02 -1.32998116e-02
 -4.24765944e-02  7.08176270e-02 -1.97481476e-02 -2.77805366e-02
  2.44643968e-02 -3.74710001e-02 -4.40590940e-02 -5.67427985e-02
 -1.84712850e-03  2.06848290e-02  4.40828577e-02 -5.84788397e-02
 -6.16328493e-02  4.54223752e-02 -6.00133054e-02  6.11015409e-02
  1.94913559e-02  6.01520091e-02  3.53513695e-02 -1.83411241e-01
 -3.89779732e-02  7.27278218e-02  4.05357108e-02 -7.19255581e-02
  3.23426984e-02  1.96799673e-02 -3.75889055e-02  2.87648551e-02
 -7.16067385e-03  4.30029780e-02  1.07494354e-01  1.21943904e-02
 -1.41623924e-02 -3.23230140e-02  6.93239737e-03 -8.47342759e-02
 -5.97572066e-02  3.96466404e-02  4.73202616e-02 -1.23115107e-02
  4.47020084e-02  7.07493769e-03 -8.88442546e-02  1.99302584e-02
 -1.01364285e-01  6.56558340e-03  2.62407283e-03  6.23126840e-03
  3.90723757e-02  1.05141409e-01 -1.05312683e-01 -1.02231689e-02
  8.03806819e-03 -7.85812270e-03 -9.56907123e-02  9.74224433e-02
 -1.09785860e-02 -2.13145651e-03  1.19328529e-01 -8.98805857e-02
  6.74612541e-03 -2.15097107e-02  5.37733957e-02 -5.94165549e-02
  2.29816753e-02 -1.20032839e-01  1.17603177e-02  1.34333452e-32
 -9.14790183e-02 -5.85569032e-02  2.85252929e-02  4.66518514e-02
  3.73168848e-02  2.57845018e-02 -1.05967984e-01 -2.09513307e-02
  4.21410911e-02 -4.68017645e-02 -1.12411812e-01  4.77880649e-02
 -2.32327376e-02 -3.30510736e-02  1.27045633e-02  2.39875875e-02
  2.43864283e-02 -2.66113970e-03  2.96112336e-02  4.14006552e-03
 -4.32497486e-02 -1.94271710e-02 -6.11592829e-02  5.80525137e-02
 -5.64520434e-03  5.39267920e-02 -4.45154198e-02 -5.31920083e-02
 -2.57919561e-02  5.26356064e-02  8.71590227e-02  1.00166667e-02
 -2.92903860e-03 -5.64323664e-02 -7.32804239e-02 -3.23022231e-02
  5.12820594e-02 -1.79335773e-02 -4.53443862e-02  2.23321747e-02
 -5.97423501e-02 -2.02643275e-02  6.35307506e-02  4.29818518e-02
  4.12524641e-02 -6.06138743e-02  3.64301130e-02  3.79364938e-02
  3.00182737e-02  8.75921249e-02 -1.07579410e-01 -4.73131426e-02
  3.13040502e-02 -4.88866270e-02 -2.84221172e-02 -2.84502264e-02
 -1.21469028e-01  6.14550002e-02 -2.22238600e-02  2.69261356e-02
 -2.45852843e-02  4.68205251e-02  3.22177559e-02  1.45953028e-02
 -3.68792713e-02 -2.94057522e-02 -6.11634813e-02 -6.52899072e-02
  1.36086360e-01  8.61582976e-06 -8.85887295e-02  2.62403972e-02
  3.55019420e-02  4.49017771e-02  2.89568733e-02 -6.08813465e-02
  9.57095157e-03  5.54694422e-03  1.19610764e-02 -6.45434437e-03
 -2.71145739e-02  4.96169291e-02  1.24661578e-02  2.87993122e-02
  1.09544292e-01  1.76273305e-02  9.38974693e-03 -2.60350411e-03
 -2.92679779e-02  6.49438426e-02  7.19701126e-02  5.40313870e-02
 -7.63970912e-02  4.20488454e-02  8.13680291e-02 -1.46508429e-32
  3.58095989e-02  3.34695689e-02 -3.28657031e-02  9.63477825e-04
  2.50100009e-02  1.10578705e-02  6.23097420e-02 -2.99958587e-02
  1.55523783e-02 -1.08968243e-01 -7.03633716e-03 -7.23189786e-02
  1.10573798e-01  1.67818693e-03 -4.18963982e-03 -2.49054637e-02
 -1.00198969e-01 -1.44883813e-02 -5.70721254e-02  7.02773174e-03
  1.21151349e-02  2.99613532e-02  2.04156619e-02  7.34836375e-03
  2.70691514e-02 -1.64069515e-02 -8.35702196e-02  2.94880345e-02
 -2.25926507e-02  1.45210940e-02  3.45445909e-02  4.46278462e-03
 -5.30691817e-02  6.65791556e-02 -2.93115131e-03 -8.05360004e-02
  2.74647344e-02 -6.87104184e-03 -1.21903010e-02  6.97574690e-02
  4.40020226e-02 -1.36272218e-02  3.75581272e-02 -4.49847803e-02
 -3.04806791e-02 -4.36053164e-02  2.68418528e-02 -1.34213090e-01
  6.92849457e-02 -5.95959462e-02  9.47160348e-02  2.03548335e-02
  4.16363962e-03  4.66949083e-02  7.56024495e-02 -7.46492622e-03
  2.86835600e-02 -7.56544843e-02 -4.30872403e-02  4.21914309e-02
  7.51508996e-02  9.00508836e-02 -2.03616600e-02 -2.69663957e-04
  3.31489928e-02 -2.16065180e-02  1.66702922e-02  3.99384648e-02
  4.76342291e-02 -4.06901240e-02  6.42404193e-03 -1.05498441e-01
  2.54891217e-02 -1.01353005e-01  1.76356528e-02 -3.22771184e-02
  4.44602184e-02 -4.83273529e-02  7.85580929e-03 -3.12784016e-02
 -1.50890499e-01 -4.96246740e-02  3.19236480e-02  1.86689552e-02
 -5.77200688e-02 -1.87868383e-02 -2.77917422e-02  2.06476189e-02
 -3.79394949e-03  4.99127582e-02 -1.61503367e-02  1.11409454e-02
  2.47732513e-02 -1.27413087e-02 -2.97854524e-02 -6.91596540e-08
  2.08572764e-02 -5.45435920e-02 -2.15486391e-03 -9.06895101e-03
  2.24450435e-02  2.34810654e-02 -6.71468303e-02 -1.56111186e-02
 -5.73120266e-02  7.56943449e-02  2.31167935e-02  1.11182136e-02
 -6.11324795e-02 -3.41087803e-02 -2.18271418e-03 -6.86763972e-02
  7.72263631e-02  6.60637543e-02 -2.79555153e-02 -2.43854728e-02
 -1.15988115e-02 -2.83063762e-02 -6.86345920e-02 -6.26160130e-02
 -1.50890276e-02 -3.27207409e-02  2.54904982e-02  4.46496485e-03
  2.95069478e-02 -3.18640913e-03 -1.39280846e-02  4.41219062e-02
  2.60740723e-02 -4.01091389e-02 -4.07132059e-02 -1.39319757e-02
 -2.02333331e-02  7.38880187e-02 -1.57124493e-02 -2.44776197e-02
  5.32584488e-02 -7.05486313e-02 -3.98951471e-02  1.09122070e-02
  7.52982125e-02  1.38777285e-03 -2.21818667e-02  7.92247951e-02
 -7.51141682e-02 -4.95797098e-02 -2.13458743e-02  2.91413926e-02
  7.24420920e-02 -6.68947026e-02 -4.65040132e-02 -5.86507376e-03
 -2.51536127e-02 -1.83181632e-02 -4.36567962e-02  1.94267835e-02
  2.51032878e-02  2.93496810e-02  1.48090292e-02 -8.59983787e-02]