[-2.32295878e-02  6.19653724e-02 -3.45194079e-02 -5.58990836e-02
 -6.57847077e-02 -4.68160883e-02  6.16513006e-02  1.23097636e-01
  6.73389658e-02  1.61766540e-02  6.76408410e-02  3.92040908e-02
 -2.86732819e-02 -6.26789257e-02 -6.29781485e-02 -6.18559346e-02
 -1.38996886e-02 -3.12179234e-02 -5.17271645e-02  9.45552438e-02
  5.12045026e-02  3.01174670e-02  1.56634040e-02  2.45968122e-02
  2.71266396e-03 -8.42248946e-02 -5.65799288e-02  6.12654537e-03
  4.80834506e-02 -9.04035941e-03  7.92809874e-02  5.23751043e-02
 -1.14796450e-02 -3.43193002e-02 -2.26134993e-02  2.08607726e-02
  4.36169654e-02 -6.21425472e-02 -9.05318335e-02  7.78845549e-02
 -7.43745938e-02  3.65902334e-02 -6.61384761e-02  1.03095397e-02
 -1.99203799e-03 -4.74081151e-02 -9.13215354e-02  3.92534100e-02
  2.07804684e-02  3.61567475e-02 -1.00591294e-01  2.87131257e-02
 -3.55143682e-03  2.73710489e-02 -2.49680225e-02 -2.29908302e-02
 -8.07079300e-02  1.84165239e-02  2.05440354e-03 -7.53099471e-02
  3.77641059e-03 -7.48547632e-03  9.39488411e-03 -3.72011475e-02
 -3.17547210e-02  4.11471687e-02  1.73798185e-02 -7.77817070e-02
 -1.57248005e-02  2.21781991e-02 -2.98916344e-02 -5.94678596e-02
  7.45296702e-02  9.92419720e-02 -8.23844448e-02  6.39706030e-02
  2.34058243e-03 -5.93870282e-02  1.84896085e-02 -5.29302247e-02
  1.96725391e-02 -4.52921055e-02  4.15812470e-02 -2.97255386e-02
  1.99666042e-02  2.76625063e-02 -1.82857495e-02  1.62651502e-02
 -3.34226750e-02 -3.00786104e-02  4.91877496e-02  1.06253885e-02
 -7.71480938e-03 -6.21440038e-02 -4.93571162e-02 -1.55361146e-02
 -2.29165442e-02  3.47467512e-02 -1.66245326e-02  3.25602368e-02
  5.54386247e-03  3.22648473e-02 -9.85081401e-03  7.66491219e-02
 -1.10546626e-01 -3.85336205e-03 -4.81501818e-02 -2.40125097e-02
  4.55460362e-02  4.84200232e-02 -9.64373946e-02 -4.10272405e-02
 -2.78055612e-02 -9.55570564e-02 -2.41889879e-02  6.11154139e-02
 -1.74866952e-02 -2.46375669e-02  7.06099868e-02  3.57805640e-02
 -1.32637834e-02 -3.41915488e-02 -2.10959762e-02 -5.26147671e-02
  2.80436818e-02 -4.86150011e-02  6.87217489e-02  1.65295856e-32
 -2.78228149e-02  3.73848453e-02  1.78210381e-02  6.21359274e-02
  2.57673915e-02 -1.88855026e-02 -1.10286526e-01  3.08473199e-03
  5.99295348e-02 -5.27035929e-02 -4.46958356e-02  3.30453180e-02
  7.63798971e-03 -1.42602129e-02 -6.21045008e-03  4.88007925e-02
  3.13985310e-02  4.82224947e-04  1.14364615e-02 -7.37406015e-02
 -5.29354177e-02 -2.17655152e-02  5.58001623e-02 -1.13662491e-02
 -1.72139257e-02  1.82897281e-02 -3.08122505e-02  2.32999828e-02
  1.53729767e-02  3.34566645e-02 -3.16954777e-02 -2.17762087e-02
  3.79240252e-02 -1.13428406e-01 -2.45145746e-02  3.99201140e-02
  4.79817623e-03 -2.23197807e-02 -6.30284697e-02 -3.14674713e-02
 -5.07273041e-02  5.96458092e-02  2.75350660e-02  5.83797414e-03
  3.85767855e-02  2.12022569e-02  1.06617592e-01  2.24619824e-03
  9.76969451e-02 -5.97387180e-03 -5.59155159e-02 -5.84402531e-02
 -4.16062847e-02 -1.67089161e-02  4.88265380e-02  5.32847606e-02
 -9.21759307e-02  1.11990497e-02  1.46064060e-02  9.28559864e-04
  7.12132454e-02  5.90402167e-03  3.12207416e-02  6.47044852e-02
 -2.81032398e-02 -6.41837642e-02 -2.17155479e-02 -6.28860369e-02
  8.37567747e-02  1.48301255e-02 -8.73339921e-02 -3.37698241e-03
  2.23133732e-02  4.80820350e-02 -1.76550671e-02  8.42513442e-02
  1.41337747e-02 -2.12185830e-02 -2.59992313e-02  3.08821518e-02
  1.97043270e-02  5.31513728e-02  9.22261737e-03 -4.87086410e-03
  1.11973688e-01 -3.97211984e-02  7.49110011e-03 -8.53310281e-04
 -4.69720028e-02  1.11824788e-01 -1.02702137e-02  1.07273087e-01
 -2.62918230e-02  2.52548009e-02 -6.25434564e-03 -1.88734743e-32
  1.86620234e-03  9.27830953e-03  1.23065980e-02 -7.27014430e-03
  1.17304791e-02 -5.94068784e-03 -1.27936462e-02 -9.85008199e-03
  6.45884350e-02 -4.55014594e-02  6.13244958e-02 -8.75662267e-02
  1.72248259e-01  4.42393683e-03 -4.26059924e-02  7.78772635e-03
 -3.29349563e-02 -8.56541023e-02 -4.36365344e-02 -4.97333482e-02
 -2.88063921e-02  4.11141440e-02  1.30973170e-02  3.27375419e-02
 -1.43077103e-02  5.36626531e-03 -2.34770332e-03 -6.27779216e-03
 -4.46525887e-02 -1.07513398e-01  1.51478220e-02  2.81713158e-02
 -1.81185603e-02  1.00330822e-01 -1.39529025e-02  1.85936801e-02
  8.61414596e-02  4.11504544e-02 -2.20507272e-02  1.01176258e-02
  5.17688803e-02  6.39445409e-02  7.92648271e-02 -7.83913061e-02
 -4.68998179e-02 -1.00160010e-01  4.87629287e-02 -1.10315278e-01
  6.57218993e-02 -5.65784909e-02  2.07599774e-02  5.11220144e-03
 -8.44880119e-02  1.12016024e-02  6.22100197e-02 -2.37257015e-02
 -9.48959664e-02 -1.11750700e-01 -7.62946010e-02  1.13316765e-02
  1.15692846e-01 -1.70084590e-03 -9.14793909e-02  6.13571778e-02
  1.35574564e-01 -5.71759716e-02 -4.40510102e-02 -3.75171229e-02
  2.35834196e-02  5.53722419e-02  8.22028294e-02 -1.04135349e-01
 -8.25782791e-02 -2.72478461e-02  2.44158581e-02 -2.11242158e-02
 -9.66604240e-03 -8.19248520e-03 -1.11797638e-02  1.47975525e-02
 -5.80299692e-03 -4.75832373e-02 -2.83490960e-02 -8.83417111e-03
 -6.82427585e-02 -2.07750723e-02 -4.10048887e-02 -3.45361163e-03
  2.14521657e-03 -1.13885477e-02 -5.13703264e-02 -4.69582556e-05
  5.22911688e-03 -5.75648062e-02 -5.05036116e-02 -7.34501739e-08
  6.54915348e-03 -5.26661947e-02  5.66658489e-02 -1.49405766e-02
 -2.72352863e-02 -1.03046715e-01 -1.52476933e-02  1.25921182e-02
 -6.33683726e-02  5.05126603e-02 -6.92822933e-02  1.01658329e-01
 -2.74538267e-02  6.17807265e-03 -5.23498573e-04 -3.02711781e-02
  2.69918190e-03  6.63676560e-02 -1.23729696e-02 -2.67240126e-02
  6.18182980e-02 -1.15524307e-01  2.50327354e-03 -5.37251048e-02
 -2.45404150e-02  1.13305692e-02  6.54286938e-03  1.11119896e-02
 -2.05064230e-02  5.58403321e-02 -4.24865857e-02 -1.03288731e-02
  2.96041835e-02 -7.11598471e-02 -1.00444920e-01 -5.10164686e-02
  2.59863231e-02  2.75917184e-02 -3.65393907e-02  6.67821020e-02
  1.42350808e-01 -8.69117025e-03  1.43556586e-02  2.08268743e-02
  4.44043986e-02 -3.79045308e-02  3.59740555e-02  3.92488539e-02
 -8.08072388e-02 -5.16353361e-02  7.95867387e-03 -6.94779307e-02
  8.14695433e-02 -2.47687120e-02 -1.74288787e-02 -8.16353187e-02
  3.81432772e-02  1.10533893e-01  2.04364918e-02  3.82065140e-02
  6.10387214e-02  1.08661484e-02 -2.77455505e-02 -6.21737279e-02]