[ 4.81331022e-03  8.12881738e-02 -4.36111167e-03 -8.85066111e-03
 -8.05857182e-02  4.01117234e-03  8.09141174e-02  9.36402231e-02
  2.59715170e-02  8.37787911e-02  1.01074591e-01 -1.70635730e-02
  8.70132912e-03 -1.87720321e-02 -1.38441520e-02  3.23023684e-02
  9.45122913e-02  6.61872700e-02 -3.18386815e-02  6.45761788e-02
  1.01065539e-01 -1.52269974e-02 -7.47216260e-03  2.44949181e-02
 -9.27043483e-02  7.60574341e-02 -3.43771018e-02 -1.59527287e-02
  2.77065076e-02 -6.46114498e-02 -7.31220990e-02  6.04259036e-02
  1.22457504e-01  2.45531313e-02  1.82953831e-02 -6.64522126e-02
  1.65556706e-02  3.04824905e-03  3.11000813e-02  3.56791764e-02
 -5.93472086e-02 -4.55562286e-02 -8.98772255e-02 -5.27893417e-02
  1.66727398e-02 -5.07738888e-02  3.95773575e-02  6.40267413e-03
 -6.08559363e-02 -6.82992674e-03 -6.34555519e-02 -4.45359908e-02
 -9.58252773e-02  2.45019756e-02 -3.74819301e-02 -7.17207417e-03
  1.71564203e-02 -1.17347846e-02  2.77466122e-02 -3.08272187e-02
  2.18149591e-02  2.38253158e-02 -8.71011056e-03  1.33195696e-02
  4.00097445e-02  3.27217067e-03 -4.16241214e-02 -3.93496677e-02
 -9.37002674e-02  1.03977457e-01  7.55895898e-02 -4.89273816e-02
  4.38436382e-02  2.22205855e-02 -3.50424573e-02  1.93105880e-02
  2.93224361e-02  1.27493087e-02 -2.90481411e-02 -7.94299319e-02
  9.63809621e-03  2.60301940e-02 -5.11098653e-02 -7.38924816e-02
  7.16239167e-03 -7.58198265e-04 -2.11503245e-02 -2.59674508e-02
  5.15872836e-02  2.56417431e-02 -1.35545982e-02 -6.22719852e-03
 -1.64909959e-02 -3.27929780e-02 -6.71990262e-03 -3.23176309e-02
 -2.91693341e-02  2.03587674e-03  1.13702454e-02 -2.29611918e-02
  5.89224584e-02  7.67052248e-02 -9.04563889e-02  1.53798619e-02
 -3.94666269e-02 -7.11966529e-02 -1.51847461e-02 -1.32637724e-01
  7.02059455e-03  7.46689960e-02 -5.69312163e-02 -6.85515180e-02
 -1.09163545e-01 -4.67194282e-02 -1.27299607e-01 -1.57452980e-03
  5.26749238e-04 -1.30049707e-02  1.74820349e-02 -1.05892032e-01
  6.65687472e-02 -1.14580989e-02  2.11566389e-02  1.82116292e-02
 -4.18679528e-02 -9.93223935e-02 -2.72542797e-03  7.31678524e-33
  2.15111934e-02 -1.09097317e-01 -1.76675115e-02  1.55749489e-02
 -3.33064869e-02 -2.88010016e-02 -4.73599099e-02 -5.13533130e-02
  5.42931333e-02  8.36254880e-02 -2.01599989e-02  6.46593794e-02
 -2.04645917e-02  5.79218492e-02  1.17090732e-01  4.08145711e-02
  5.90967871e-02  1.53341296e-03  5.82285598e-02 -6.23425189e-03
 -1.08935153e-02  1.52999964e-02 -5.70653081e-02 -5.16113713e-02
 -8.33012629e-03  6.15811348e-02 -8.94404426e-02 -4.12498824e-02
 -6.00361153e-02  4.51973528e-02  3.70024852e-02 -1.22165736e-02
  2.86685023e-02  7.07081612e-03 -1.19342972e-02 -4.78937589e-02
 -2.58251671e-02  6.33513043e-03  8.88089929e-03 -1.48163037e-02
 -4.05846164e-02 -2.44847569e-03  8.51824600e-03  3.82300233e-03
  4.56040092e-02 -3.89380231e-02  9.73167568e-02 -5.40690906e-02
  3.01490445e-02  5.05567901e-02  1.16144801e-02 -3.70559329e-03
 -2.20592339e-02 -2.47844458e-02 -1.30517874e-03 -1.66281573e-02
 -9.66021568e-02  5.17395847e-02 -4.37089056e-02 -1.96202490e-02
  1.38701051e-02  3.09110479e-03 -3.12873498e-02  3.54961567e-02
 -1.33305490e-01 -3.75286117e-03 -5.38856164e-02  1.22006843e-02
  1.14849426e-01  6.94302171e-02 -7.56328255e-02  6.10982534e-04
 -7.32116997e-02  1.66210569e-02  1.88567415e-02 -3.50695811e-02
  8.30129907e-03  4.97203227e-03 -2.19711438e-02  6.20354572e-03
  2.69831792e-02 -1.64548121e-02  4.36033830e-02  1.63849741e-02
  5.57429455e-02  3.42214704e-02  3.66240330e-02  5.56709357e-02
  3.61283347e-02  5.57887480e-02  1.84685178e-02  9.44040641e-02
 -4.76301722e-02 -1.95540627e-03  9.68338475e-02 -9.87368088e-33
  3.96358669e-02 -1.77293438e-02 -6.64305389e-02 -6.99882582e-03
 -4.65354547e-02 -4.72108312e-02 -2.82359519e-03 -8.19995925e-02
  1.91698559e-02 -5.07084280e-02 -3.27406079e-02 -1.14342637e-01
  1.81791130e-02 -6.67519793e-02 -2.62796171e-02  5.07484470e-03
 -5.59801161e-02 -1.06181782e-02 -4.19820249e-02 -8.51139352e-02
  1.32600870e-02  6.65655807e-02  7.73970336e-02 -3.89045440e-02
 -5.50106093e-02 -4.47636582e-02 -8.02050158e-03 -4.22546035e-03
 -5.23635969e-02  1.11498928e-03  7.90302735e-03  1.51788238e-02
  4.11592908e-02  3.81596610e-02 -2.62387786e-02 -2.66583133e-02
  4.67529185e-02 -1.14325574e-02 -4.06571245e-03  2.92358045e-02
  7.67349266e-03  9.29778889e-02  2.36767661e-02  3.66750062e-02
 -5.63835092e-02 -6.58812150e-02 -7.78214633e-02 -1.38327867e-01
  4.45773453e-02 -1.26754180e-01  9.41435695e-02 -3.19007151e-02
 -1.11821452e-02 -3.63187827e-02  4.75239903e-02  1.78755056e-02
  1.46319345e-02 -9.36614498e-02  4.55211475e-02  4.31680493e-02
  7.66484588e-02  6.05596229e-03 -2.38510370e-02 -6.15038462e-02
  7.39197284e-02  4.54421416e-02  5.51629579e-03  2.46853149e-03
  3.57832611e-02  3.41205001e-02  5.18361777e-02 -7.78430253e-02
 -9.15208757e-02  1.36713693e-02 -5.28632626e-02 -6.62319064e-02
 -7.49656814e-04 -2.57296991e-02  2.05021370e-02  2.71923263e-02
 -8.59653801e-02 -1.51645290e-02  1.27179082e-02 -4.00276482e-03
 -6.04072325e-02  4.00805362e-02 -6.96632937e-02  4.76954132e-02
 -3.20656449e-02  8.79898295e-02 -9.06876754e-03  3.08117233e-02
  5.27609624e-02  6.63646776e-03 -4.24320064e-02 -6.00315389e-08
  3.41081386e-03 -1.23814203e-01  7.92140588e-02  6.36558980e-02
  1.50933275e-02 -4.95390072e-02  2.64480785e-02 -3.10965423e-02
  6.35020807e-02  1.39777586e-02  5.82114886e-03 -8.56971089e-03
 -5.62331937e-02  3.61843631e-02  6.76978305e-02  8.90001282e-03
  4.28045355e-02  2.19555963e-02 -5.08186258e-02 -1.26647791e-02
  5.92942014e-02  1.34371901e-02 -9.81264710e-02 -2.92179044e-02
  5.55116013e-02 -7.21705286e-03  1.97476125e-03  7.52825814e-04
 -2.64007747e-02  5.03872372e-02  2.58102044e-02 -5.32069197e-03
  5.18757254e-02 -6.98720012e-03 -7.83120543e-02 -7.22237676e-03
  1.01461291e-01 -1.14848157e-02 -1.04723223e-01 -1.74982976e-02
  6.62450567e-02 -6.39258996e-02 -6.26241714e-02  3.69383581e-02
  3.65146175e-02  1.21805863e-02 -5.67907793e-03  5.62579781e-02
 -9.13273767e-02 -1.40755000e-02 -6.00124570e-03  4.71628942e-02
  5.70775345e-02  2.89707016e-02 -3.73756438e-02 -2.39997506e-02
  5.38785309e-02  2.49357820e-02 -6.66271895e-02 -2.92429626e-02
  1.37543455e-01  9.46581587e-02  3.31680886e-02 -5.45396730e-02]