[ 3.41418688e-03 -1.24874506e-02 -1.20119803e-01 -5.19798063e-02
 -7.29129240e-02  2.02968959e-02  5.25030633e-03  9.95733142e-02
 -3.98760363e-02  1.13897689e-01  6.08382300e-02 -3.04391272e-02
 -5.08904457e-02 -1.82118267e-02 -5.13265468e-02 -1.45647317e-01
  6.42036498e-02 -4.65351008e-02 -5.72468014e-03  7.62037560e-02
  2.05970585e-01 -2.61940919e-02 -3.16520743e-02  1.34393889e-02
 -7.66306594e-02  1.83272418e-02 -8.42165649e-02 -3.05899195e-02
 -4.66692410e-02 -3.49909887e-02  2.42325887e-02  8.45769197e-02
  1.43971398e-01 -5.29742464e-02  3.90406884e-02 -6.36987910e-02
  7.96515644e-02 -6.45296648e-02 -3.40732522e-02  8.29554722e-02
 -6.87088147e-02 -3.77454050e-03 -8.76137465e-02 -5.32540120e-03
  1.98721569e-02  2.07097828e-02  1.71821527e-02  7.52598345e-02
 -4.78155762e-02  6.76557124e-02 -5.15406169e-02 -3.17206141e-03
  3.73106613e-03  3.12146619e-02  3.08165550e-02 -9.89827886e-03
 -3.44013460e-02 -1.53303915e-03 -8.16463828e-02 -2.92477012e-02
 -4.43933979e-02 -6.48999773e-03 -1.62546674e-03  5.50510809e-02
  4.45844829e-02  3.68493088e-02  3.14654671e-02 -6.28596991e-02
 -1.18520306e-02 -1.99354943e-02  3.49700302e-02 -8.24633166e-02
  2.38344129e-02  5.01757860e-03 -5.18300459e-02  4.84878682e-02
 -1.02516571e-02  8.66142567e-03  1.38409315e-02 -1.44696608e-01
 -6.41365943e-04  1.91268530e-02 -1.95513964e-02  8.60640407e-03
  6.86362525e-03  1.77120268e-02 -3.04632708e-02  3.62418732e-03
 -2.67178323e-02  6.17387472e-03  6.83952048e-02  1.09995650e-02
  6.32578321e-03 -6.41635433e-02  4.49498743e-03 -3.24685127e-03
 -2.88469065e-02 -3.26619297e-02  6.24155141e-02 -7.35200122e-02
  6.62713498e-02  1.18872500e-03  3.92357499e-04 -3.28951739e-02
 -8.04855451e-02 -2.63448916e-02  1.04352087e-02 -1.26833254e-02
  9.10281092e-02  8.79349858e-02 -1.21030830e-01  3.12776491e-02
 -3.41532044e-02  1.14556809e-03 -1.72662530e-02  6.29139245e-02
 -4.33837287e-02 -7.31228441e-02  8.64349306e-02 -8.73285870e-04
 -1.41198337e-02 -7.99065572e-04  7.95022002e-04 -4.85808514e-02
  2.63776500e-02 -1.07845906e-02 -1.46707604e-02  4.72481359e-33
 -5.87100424e-02 -2.16006543e-02 -2.52386481e-02  1.09136128e-03
 -6.74679652e-02 -1.31201302e-03  2.09356584e-02 -5.27485497e-02
  7.25639910e-02  1.03789698e-02 -5.76685835e-03  8.74737576e-02
 -2.80955303e-02  1.47086503e-02  2.33593844e-02  1.80752762e-03
  2.33114604e-02  4.30347249e-02 -6.13604151e-02  3.01915482e-02
 -4.04919907e-02  1.19579984e-02  2.27678232e-02 -1.11503541e-01
  5.67398705e-02  7.30293617e-02 -7.79865459e-02  1.65865328e-02
 -1.54572874e-02  2.57005729e-02  7.03196675e-02 -2.73475982e-03
  4.11279947e-02 -7.47930780e-02 -6.32975623e-02 -6.09217472e-02
  4.19260487e-02  3.40665542e-02  4.45659924e-03 -1.25478394e-02
 -1.47809356e-03 -3.40527594e-02  3.69010605e-02  5.18062338e-02
  2.66279876e-02 -4.14405018e-02  6.03928929e-03 -2.02298574e-02
  6.07157238e-02  2.06400435e-02 -2.81241513e-03 -2.27211397e-02
  4.24478911e-02 -1.26687616e-01 -2.77502928e-02  1.57418977e-02
 -7.91565478e-02 -5.35763316e-02 -6.44631386e-02 -9.75888744e-02
  1.69431861e-03 -1.52852200e-02 -3.55064822e-03 -3.12835164e-02
 -8.66149813e-02  1.03507275e-02 -2.01450810e-02  4.19192426e-02
  7.42549673e-02  9.35625285e-02 -8.79389495e-02 -1.33887213e-02
 -2.46376488e-02  6.66838512e-02  8.53381008e-02  1.18503654e-02
  7.53890499e-02  7.11179823e-02 -9.86315012e-02  7.38092756e-04
 -1.67350248e-02 -2.97297258e-03 -1.21337816e-03  3.62115204e-02
  8.35613385e-02  6.10102043e-02  7.64950439e-02  9.25663561e-02
  2.48041693e-02  9.76624619e-03  5.95346913e-02  1.13064731e-02
 -5.14829811e-03  5.08918166e-02  7.03874677e-02 -8.95965394e-33
 -5.61645553e-02  1.51419770e-02 -7.60555640e-02 -2.35454720e-02
 -2.36287173e-02 -8.29198305e-03 -3.32437679e-02 -5.20600118e-02
  3.96269001e-02 -1.41465366e-01 -6.10819422e-02 -5.17152436e-02
 -1.48792081e-02 -4.65432443e-02 -5.17200008e-02  8.43468979e-02
 -5.57508506e-02  3.88894347e-03 -2.07363945e-02 -1.48333274e-02
  5.03095016e-02 -3.30941118e-02  3.56059894e-02 -2.33930741e-02
 -2.43732166e-02 -1.12714041e-02 -3.03824656e-02 -6.80327564e-02
 -3.10050100e-02 -1.50824282e-02  2.95620523e-02 -5.38938381e-02
 -5.27487956e-02  4.48091812e-02 -7.81449601e-02 -1.12216279e-01
 -3.87368873e-02 -4.60658073e-02 -5.23973070e-02  7.23097697e-02
  2.34976690e-02  6.15080483e-02  7.01877102e-02 -3.89562361e-02
 -1.26915248e-02 -8.25099275e-02  4.72770445e-02 -1.08599983e-01
  8.97363946e-03  8.45481828e-03  9.56202149e-02 -6.61805226e-03
 -2.73876116e-02  6.67450298e-03  3.04746032e-02  2.76803821e-02
 -7.65027595e-04 -6.63347542e-02 -9.68378335e-02  3.89696136e-02
  2.25172043e-02  8.19266886e-02 -1.02931976e-01 -7.38841109e-03
  4.83117290e-02 -6.73755212e-03  1.75086118e-03 -4.95887920e-02
  1.81136876e-02  3.84685658e-02  1.01322308e-02 -9.27587748e-02
 -2.31179595e-02  8.01717024e-03  1.67547015e-03 -7.16597447e-03
 -5.20398654e-02  6.19617626e-02 -3.45100015e-02  3.56654003e-02
 -6.33861125e-02 -2.58374754e-02 -3.69633995e-02 -1.16467299e-02
 -2.58339383e-02  1.63667593e-02 -2.95924246e-02 -2.67593898e-02
 -2.65520113e-03  2.05657519e-02 -5.82558587e-02  3.04085407e-02
 -6.61847321e-03 -1.44727007e-02 -4.84542064e-02 -5.85430655e-08
  4.79750559e-02 -2.89447233e-03  4.81975302e-02  4.71456684e-02
  9.40502342e-03 -3.10477056e-02 -1.33417826e-03  1.52752697e-02
  3.34726786e-03 -6.34745583e-02  2.19107438e-02  4.23234096e-03
 -4.52066809e-02 -4.45038155e-02  3.62545252e-03 -9.19965953e-02
  1.51115656e-02  1.01824053e-01 -1.10763600e-02 -3.30605684e-03
  2.60617193e-02 -6.84358925e-02 -8.33251774e-02  1.06070703e-03
 -1.77050605e-02 -8.85947421e-03  4.03428823e-02  1.22073786e-02
 -3.50156501e-02  9.22046229e-02  2.06306279e-02  3.43397148e-02
  1.32413106e-02 -1.02509379e-01 -1.78843737e-02 -2.63425391e-02
  8.13601837e-02  6.21428452e-02 -3.57929841e-02  4.65120077e-02
  3.69572826e-02 -3.00160833e-02 -9.35225748e-03  2.08383333e-02
  6.01048470e-02 -3.72698829e-02  4.28956300e-02  6.14350755e-03
  7.92630166e-02 -6.43772706e-02 -4.78035491e-03 -2.07586866e-03
  2.74142362e-02 -6.53412612e-03 -5.84063195e-02 -4.62535582e-03
  6.45711645e-02  4.06926721e-02 -8.26939419e-02 -3.69099863e-02
  9.86678898e-02  3.35425250e-02  1.88418832e-02  2.15341263e-02]