[-3.09573226e-02 -1.15116425e-02 -9.69366580e-02 -8.74787718e-02
 -8.16525817e-02 -3.13044526e-02  3.78101505e-02  7.08069727e-02
  8.12816396e-02  7.12803975e-02  8.14257711e-02  2.28397232e-02
 -5.82261942e-03  2.85228025e-02  6.52864650e-02 -9.31619257e-02
  5.02607636e-02 -1.56484302e-02  6.53966656e-03  3.12397238e-02
  1.80399999e-01  2.86394637e-02  8.43707193e-03  1.52553851e-02
 -3.88180390e-02 -5.10099605e-02 -4.82853688e-02 -3.69159654e-02
 -6.53545111e-02  1.99196907e-03 -6.48937225e-02  5.88167869e-02
  1.35061681e-01  3.48807848e-03 -7.89266154e-02  2.09056446e-03
  6.19785972e-02 -7.77585581e-02 -5.90300150e-02  8.42453912e-02
 -1.24236740e-01 -4.99306712e-04 -5.36084250e-02  7.75189372e-03
 -2.30231741e-03  1.54202087e-02 -4.15510051e-02  2.54026018e-02
 -7.12952316e-02 -8.13862134e-04 -6.86919242e-02 -1.35249384e-02
 -3.29591264e-03  4.51215096e-02 -1.52698467e-02 -6.84416965e-02
 -5.75713366e-02  4.34551276e-02 -1.38345715e-02  4.95082028e-02
 -3.38364169e-02  3.48581634e-02  6.37155434e-04  2.51679458e-02
  6.16243966e-02  4.84386235e-02 -4.28653136e-02 -3.93582508e-02
 -1.15471613e-02  1.05726449e-02 -5.96569590e-02 -6.97664618e-02
 -2.16274559e-02  3.46434601e-02 -3.13801058e-02  4.69699726e-02
  1.75732039e-02  1.03030121e-02 -3.41259055e-02 -1.56511426e-01
  1.80299040e-02  1.99579876e-02  8.53569189e-04  6.07671663e-02
  7.11266510e-03 -1.49616087e-02 -4.57541384e-02  3.84431034e-02
  3.47086452e-02 -2.88125053e-02  4.11012024e-02  6.10055728e-03
 -6.97250217e-02 -2.15846300e-02 -2.24334262e-02 -3.80920731e-02
 -4.49411198e-02 -1.81230027e-02  1.55026382e-02 -2.10119435e-03
  5.63724302e-02 -9.09895694e-04  5.13602570e-02  5.94169134e-03
 -3.01631149e-02  3.41370925e-02 -2.43211873e-02 -6.50589392e-02
  3.28698121e-02  1.36014104e-01 -8.93408358e-02 -4.53978367e-02
 -1.49996117e-01 -6.41662106e-02 -7.06534237e-02 -1.69014055e-02
 -2.18674261e-02 -5.50736189e-02  1.17638260e-01  8.43968522e-03
  5.17127924e-02 -5.75202778e-02  1.49035286e-02 -5.83491661e-02
  5.24740778e-02 -5.51950112e-02  1.07083425e-01  8.12428521e-33
 -7.86885321e-02  2.03967653e-02 -1.46783050e-02  5.95171675e-02
 -2.22940221e-02  7.05734119e-02 -2.39332244e-02  9.05993488e-03
  5.47785312e-02  2.73787454e-02 -6.19945712e-02  1.43444285e-01
  3.44797894e-02 -1.39262164e-02  6.76645860e-02 -3.58487330e-02
 -8.16280674e-03  3.01454216e-02  1.56025039e-02 -1.17769418e-02
  3.60691100e-02  2.73681954e-02  3.83263342e-02 -3.42682302e-02
  3.79503146e-02  1.32636419e-02 -6.75673857e-02 -5.99224754e-02
  2.80923825e-02  1.01640914e-02  5.30256219e-02 -2.58971713e-02
  3.43657993e-02 -6.16262890e-02 -8.88550952e-02  1.85024943e-02
  1.82509031e-02 -1.79736558e-02 -3.39934789e-02  2.02012490e-02
 -1.18897930e-02 -3.34396772e-02  4.76364195e-02  2.47592088e-02
 -1.98682584e-02 -8.80023092e-03 -1.21771207e-03 -3.91630502e-03
  7.25821033e-02  6.37623221e-02 -2.04018746e-02 -4.12327647e-02
 -1.14347320e-02 -3.79510745e-02  7.49055296e-02  2.92266775e-02
 -1.57357920e-02  1.99691933e-02 -9.03939735e-03 -4.73261774e-02
 -4.86075282e-02 -8.08657333e-02  3.47916149e-02  1.06814168e-02
 -1.80085022e-02 -7.10861161e-02 -2.38601919e-02  3.88985150e-03
  1.16551414e-01  1.13752671e-02 -1.09482482e-01  1.93578564e-02
 -4.31646816e-02  8.90876725e-02 -3.73134539e-02  3.08755860e-02
  1.50695927e-02  3.25644165e-02 -8.20349976e-02  2.01194398e-02
 -1.38397813e-02 -3.93208042e-02  3.75346690e-02  3.69793177e-02
  6.97000921e-02  6.95499331e-02  2.22694352e-02 -1.96583103e-02
 -5.12356982e-02  7.96099678e-02  3.17276865e-02  1.17678717e-01
 -2.48225052e-02  7.19433203e-02  3.47213373e-02 -1.02762341e-32
 -2.40892544e-02  7.56443068e-02 -5.81728369e-02  2.83091217e-02
 -4.90152612e-02 -2.71437969e-03  4.81106155e-02  1.61068551e-02
 -6.98914975e-02 -8.33435655e-02 -1.20420028e-02 -1.20440923e-01
  4.38235514e-02 -5.40343160e-03 -3.76832783e-02 -8.79710831e-04
 -8.43962058e-02 -3.59721333e-02 -4.38600369e-02  4.25614491e-02
 -2.16101855e-02  2.68037263e-02 -7.40865618e-02 -1.77201834e-02
 -4.50416515e-03 -2.69924048e-02 -5.35535254e-02 -2.81562079e-02
 -5.94334379e-02 -5.17508872e-02 -3.41513107e-04  4.48652485e-04
  6.86799269e-03  1.02746136e-01  1.93673652e-02 -9.72494017e-03
  4.15511131e-02  3.75330597e-02 -1.08257532e-02  1.08916141e-01
  1.15711227e-01  8.84098411e-02  2.38409528e-04 -6.84653148e-02
 -5.65664396e-02 -1.61468256e-02 -2.68963203e-02 -9.08434093e-02
 -1.89659055e-02 -4.75461246e-04  8.89579058e-02 -7.18631446e-02
 -1.44689633e-02 -6.42961264e-02  1.92170180e-02  2.85025388e-02
 -6.58157095e-03 -1.16836607e-01 -1.13027431e-01  2.42040642e-02
  7.73907006e-02  3.35273822e-03 -1.82976183e-02 -1.42877074e-02
  1.00250848e-01 -2.99746767e-02 -2.91184839e-02  7.16257840e-02
  2.69008540e-02  7.61657627e-03 -3.91389467e-02 -6.96963891e-02
 -2.32816655e-02 -6.26672655e-02  2.01705899e-02 -7.75883943e-02
 -2.47362331e-02 -6.04641391e-03 -6.17143326e-02  2.94804536e-02
 -4.26575579e-02  4.43823636e-02 -5.08767832e-03  5.40060783e-03
 -3.83101590e-02  4.47445810e-02 -5.55450376e-03  4.74875374e-03
 -1.35959070e-02 -3.93912400e-04 -7.80759081e-02  9.08724368e-02
 -1.73261426e-02  7.36174285e-02 -3.98551710e-02 -6.04041475e-08
 -2.53128130e-02  5.87109849e-03  3.88618894e-02 -1.16025256e-02
  4.05911207e-02 -2.45399009e-02  1.77517924e-02 -1.79050269e-03
 -6.34490326e-03  1.05450936e-02 -1.75181814e-02 -5.50930798e-02
 -6.58426359e-02  9.20367148e-03  8.21166262e-02 -1.33231003e-02
  2.44448483e-02 -1.59182772e-02 -2.16157939e-02 -4.61045504e-02
  1.02034815e-01 -2.60105152e-02 -6.54360950e-02 -1.75311733e-02
  3.47074680e-02  1.49347319e-03 -5.82364351e-02  7.95663670e-02
 -2.19372064e-02  3.83155495e-02 -3.28265205e-02 -1.13360835e-02
  1.65256076e-02 -5.10683879e-02 -7.71635845e-02 -3.79101261e-02
  9.69919842e-03 -2.89259069e-02 -5.00753103e-03  3.56747732e-02
  1.07494868e-01  2.12755539e-02 -6.49949685e-02  2.52582263e-02
  5.32804206e-02 -2.27725366e-03  2.31054239e-03  3.48449759e-02
 -8.56408384e-03 -4.91944626e-02 -8.06757137e-02  4.19857837e-02
  7.31683895e-02  3.96454856e-02  1.00253592e-03 -4.00991514e-02
  1.64818224e-02  3.46560962e-02 -2.37945002e-02  1.65698193e-02
  2.40413882e-02  2.46636719e-02 -1.70811992e-02 -9.25484020e-03]