[-7.08786678e-03  4.58671227e-02 -5.89400083e-02 -5.27810231e-02
  1.90918392e-03  3.29239672e-04 -2.33002007e-02  6.87445328e-02
 -4.45070267e-02  6.97833002e-02  6.27561808e-02  6.92511024e-03
 -7.90466890e-02 -1.01255800e-03  5.87297603e-03 -7.32444450e-02
  5.42102084e-02 -4.57705185e-02  1.38527546e-02  9.58034620e-02
  1.68020546e-01 -7.24913180e-02 -4.45056520e-02  4.61292267e-02
 -6.95517287e-02 -4.79535796e-02 -3.85244787e-02 -3.22768576e-02
 -1.99621301e-02 -1.61846578e-02 -1.99518315e-02  3.33374292e-02
  1.29011245e-02 -1.41016189e-02  5.38311489e-02  2.43461560e-02
  1.05987959e-01 -5.05077206e-02 -4.29211417e-03  7.11786076e-02
 -2.42644991e-03 -6.24761730e-02 -3.89012769e-02 -3.13877240e-02
 -3.45098623e-03 -8.66367109e-03  6.77660182e-02 -6.72736624e-03
 -8.28210562e-02  3.15730944e-02 -4.69417451e-03 -3.29405926e-02
  3.73200630e-03  2.57000178e-02 -8.36058799e-03 -6.65403754e-02
 -1.25603052e-04 -4.61867498e-03  2.64016306e-03  1.85708627e-02
 -6.57888204e-02  7.55171925e-02 -4.26656455e-02 -1.43598178e-02
  9.43793431e-02 -1.01047881e-01  3.76190022e-02  1.15653900e-02
  5.34955785e-03  2.19227690e-02  8.13053474e-02 -6.39080256e-02
  4.60307188e-02 -4.12494279e-02 -3.47373150e-02  5.43590561e-02
  8.44078790e-03  1.03175342e-01  1.58894900e-02 -1.67178482e-01
  1.22404862e-02 -2.99939583e-03  5.88378534e-02 -1.16467644e-02
 -4.49520499e-02 -3.99545915e-02 -3.34778428e-02  4.86656092e-02
  9.23016295e-02  2.09181998e-02  6.71573579e-02  1.31044134e-01
  2.79620402e-02 -6.84153587e-02  5.17483568e-03  5.38728386e-03
  7.50373229e-02 -1.31892674e-02  9.07295719e-02  1.52816111e-02
  9.55063924e-02  2.98064314e-02 -4.92333341e-03  5.33607528e-02
  3.54540870e-02  4.84329611e-02 -6.02030568e-02 -2.47557648e-02
  2.29171906e-02  3.45984176e-02 -6.43135831e-02  3.91953625e-02
 -1.28470361e-02 -5.74326105e-02 -5.91838509e-02 -6.03343826e-03
 -6.16260767e-02 -3.63269225e-02  8.01821575e-02 -1.24693103e-02
  4.01857449e-03  1.39927454e-02  7.40074087e-03 -9.24511924e-02
  7.14826807e-02  1.74989179e-02  2.31646765e-02  8.27086348e-33
 -3.24240848e-02 -2.89632697e-02 -2.16815099e-02 -1.26159387e-02
 -5.53799868e-02 -2.08907332e-02 -4.91563864e-02  2.19059382e-02
  7.04573654e-03  6.16142564e-02 -3.30059007e-02  1.27622872e-04
 -4.42173891e-02 -1.97920650e-02  5.18703498e-02 -5.79538196e-02
 -3.19183692e-02 -7.83546735e-03 -1.28840692e-02 -2.33506039e-03
 -4.40779288e-04 -3.28765772e-02  3.00507583e-02  2.07857285e-02
  1.15528507e-02  8.13656896e-02 -1.94064341e-02 -7.21525168e-03
 -8.12024847e-02  2.81826165e-02  6.72121122e-02  7.32149044e-03
  5.47704622e-02 -3.52079682e-02 -7.50237778e-02  6.52641756e-03
 -1.08315228e-02  7.23199360e-03 -8.00617859e-02 -6.07803762e-02
 -4.02744785e-02 -4.57658572e-03  5.05685061e-03  3.94250527e-02
  2.09751707e-02 -3.02354041e-02  1.16190268e-02 -8.22828114e-02
  6.20160252e-02  7.74654523e-02 -4.96954285e-02 -4.54259515e-02
 -1.02621224e-02 -6.04663119e-02 -3.27672549e-02 -1.26020787e-02
 -8.76602158e-02 -8.95607052e-04  4.34482004e-04 -9.67168137e-02
  5.66402972e-02 -4.33526225e-02 -4.61089276e-02  2.35735648e-03
 -4.91216406e-03 -3.17641683e-02  8.16472061e-03 -8.79669096e-03
  1.34232119e-01 -6.46626875e-02 -5.38983122e-02  1.12517281e-02
 -8.04106519e-03  1.89880524e-02  1.80052873e-02 -1.54801188e-02
  4.66185808e-02 -6.61623338e-03 -6.13642856e-02 -7.97394372e-04
 -3.39487344e-02  5.24865510e-03 -1.51714450e-02 -5.12600578e-02
  1.15943335e-01  4.46350127e-02  6.44117892e-02  1.44402515e-02
 -6.19746149e-02 -1.28126293e-02  8.52566794e-04 -5.38033899e-03
  6.95483983e-02  1.69592332e-02  5.26155569e-02 -1.05236080e-32
  1.35151409e-02 -1.86165664e-02 -4.91293035e-02  2.98118126e-03
  4.72244471e-02  3.35969441e-02 -4.08551469e-02 -4.43894453e-02
 -7.65239522e-02 -3.05401217e-02 -3.99977341e-02 -8.05613324e-02
  8.04709420e-02  2.41485275e-02 -4.72748764e-02 -1.20648276e-03
 -6.93637356e-02 -9.00985897e-02 -3.30952518e-02  3.62051986e-02
  2.97401678e-02  2.01138258e-02  3.44979316e-02  3.05751264e-02
  5.50477300e-03 -8.75675529e-02 -5.62891215e-02 -5.78427725e-02
 -6.95489123e-02 -2.42445096e-02  3.05515453e-02 -1.20832175e-02
 -1.95951164e-02  1.62556067e-01 -2.92080883e-02 -1.02071919e-01
  5.26751056e-02 -1.01985810e-02 -3.46212946e-02  5.24428822e-02
  6.13462739e-02  6.49469644e-02 -3.94287781e-04 -1.35910492e-02
 -8.08959529e-02  7.19804019e-02 -3.91388461e-02 -1.70052499e-01
 -2.71786433e-02 -4.70767841e-02  8.26258957e-02  7.11585209e-03
 -6.36003613e-02 -2.52456125e-02  8.45171884e-02  1.77059235e-04
 -2.31862422e-02 -4.89401072e-02 -1.65334895e-01 -5.57226711e-04
  9.30792764e-02  6.99414387e-02 -6.30933791e-02  2.58127358e-02
  1.29067734e-01 -2.88413875e-02 -7.03922361e-02 -7.60967704e-03
  1.77958198e-02  3.95484641e-02  3.15204673e-02 -1.12742949e-02
 -9.23911110e-02  4.93543223e-03  5.69919385e-02 -1.76213235e-02
  4.34961393e-02 -2.18462031e-02 -5.45803420e-02  2.08568368e-02
  7.35315401e-03 -6.18925039e-03  1.25529980e-02 -2.25527515e-03
 -1.14307180e-02  1.17310963e-03  4.03256305e-02 -1.26208467e-02
  2.75219232e-02  1.10835902e-01  6.80846206e-05 -1.95547305e-02
  4.53523882e-02  3.18409838e-02 -2.21748836e-02 -6.47962963e-08
  1.14883892e-02 -2.86279637e-02 -5.09481318e-02 -1.09149339e-02
 -3.35438624e-02 -5.62796555e-02 -3.19178589e-02 -3.21387760e-02
 -7.48375803e-02  6.40939102e-02  4.88261059e-02 -2.67471969e-02
 -4.93299067e-02 -2.02717520e-02  3.34627964e-02 -6.95343539e-02
  2.55019236e-02  8.41565952e-02 -6.87264204e-02 -1.65164731e-02
 -1.82859637e-02  2.07723910e-03 -8.03843811e-02  1.22460080e-02
  4.79152352e-02  2.45180335e-02 -7.31255859e-02 -2.73848232e-02
 -6.45858794e-03  4.72691543e-02 -3.45084704e-02  3.29556875e-02
 -5.74646425e-03 -9.45921019e-02 -5.43828271e-02  2.28907093e-02
  2.19970699e-02  3.24256197e-02  1.56649258e-02  1.26357041e-02
  1.06830724e-01 -1.05714044e-02 -5.67246675e-02 -5.04086018e-02
  4.17681336e-02 -2.16398127e-02 -6.13511950e-02  2.50343088e-04
  1.20535837e-02 -5.84942708e-03 -3.72996442e-02 -2.13724282e-02
  5.50626703e-02 -1.96738485e-02  1.17039764e-02 -2.23632790e-02
  5.49559407e-02  2.76035517e-02 -2.25663111e-02 -7.10046440e-02
  1.46489337e-01  4.34090719e-02  7.26776943e-02 -1.85190178e-02]