[ 9.23995301e-03 -5.90517139e-03 -9.13439021e-02 -1.51456684e-01
  6.41651638e-03  1.48004238e-02  5.30059710e-02  6.03748746e-02
  7.39579415e-03  2.03691069e-02  3.37224826e-02  3.19644548e-02
 -5.64396381e-03  3.36042941e-02 -3.93826365e-02 -1.30331755e-01
  3.97327468e-02  3.44461645e-03  2.05766894e-02  1.27729857e-02
  7.21313432e-02 -2.93941610e-02 -1.42638497e-02 -2.18814127e-02
 -7.74060339e-02  5.91524970e-03 -3.74766551e-02  2.72696111e-02
 -4.17279080e-02 -3.83622162e-02 -9.50255245e-03  1.16018662e-02
  1.63518131e-01  7.98449107e-03 -8.97697881e-02 -2.86307465e-02
  1.62287634e-02 -1.21816732e-01 -1.29019618e-01  1.90506876e-02
 -8.85321051e-02  2.34080739e-02 -4.20175567e-02 -4.90493514e-02
 -7.50449002e-02 -6.64613247e-02 -3.80185172e-02 -9.39698592e-02
 -1.77156813e-02 -1.66898984e-02 -6.21522330e-02 -2.21495107e-02
 -6.13364279e-02  3.11671663e-02 -1.00176774e-01 -2.18794663e-02
 -1.74788702e-02  5.02634831e-02  7.86990225e-02  8.15371946e-02
  5.37708104e-02  4.82078046e-02  1.55999996e-02  7.87259042e-02
  5.86629994e-02 -5.11004813e-02  2.14657430e-02  1.10858688e-02
  2.58869529e-02 -1.32341906e-02 -7.61250034e-02  3.78203997e-03
  1.14683118e-02  1.00972198e-01 -6.86992407e-02  1.79697443e-02
  3.55619602e-02 -5.75143704e-03  1.25237312e-02 -6.74864799e-02
  6.02071807e-02 -5.59412725e-02  5.27505949e-02  1.77070908e-02
 -8.24280735e-03  9.73783899e-03 -4.28146543e-03 -7.32230768e-02
  5.19001260e-02  3.24108191e-02 -5.03430367e-02  6.85312524e-02
  1.71131343e-02 -4.87488285e-02  1.70299113e-02 -2.05322430e-02
 -2.92093735e-02 -1.14694312e-01  1.89263709e-02 -2.75443099e-03
 -2.10342230e-03 -6.48366362e-02  7.78801963e-02  1.47194555e-02
 -9.49285273e-03 -4.61619198e-02 -2.53926422e-02 -4.52877246e-02
  4.71590739e-03  2.94457301e-02 -1.02317668e-01  1.25478972e-02
 -7.20541775e-02 -7.50572607e-02 -4.95543592e-02  4.50334847e-02
 -8.84021521e-02 -5.93201481e-02 -5.91266016e-03 -5.97992837e-02
  8.04069042e-02 -5.83992340e-02  3.55130136e-02 -1.06303371e-01
  1.06094405e-01 -2.86386702e-02  7.01325759e-02  6.87900763e-33
 -8.24797228e-02 -6.34983480e-02 -4.15353291e-02  5.97522147e-02
  4.19265702e-02 -1.18144322e-03  2.27405690e-02  1.72788389e-02
  3.68268527e-02  1.09937927e-02 -1.57288760e-02  4.29124534e-02
  2.04012096e-02  9.75165609e-03  8.25054795e-02 -2.56104153e-02
 -3.27121019e-02  1.28414407e-02 -1.24093033e-02  3.38974409e-02
 -3.69230029e-03 -1.68315619e-02  6.97534755e-02  2.56212987e-02
  7.27920607e-02  4.14655915e-05 -7.26152137e-02 -9.38228294e-02
  1.04438514e-01  1.86407380e-02  2.08390076e-02  9.00125597e-03
  1.30411368e-02 -4.09102589e-02  9.39661264e-03 -2.38524713e-02
 -2.02760138e-02 -1.10111972e-02  2.98214215e-03 -1.38256475e-02
  6.03323244e-02 -1.45646231e-02 -5.90688102e-02  3.38738528e-03
  1.84912924e-02  1.85440704e-02  2.77005918e-02  1.79869458e-02
  1.10527249e-02  1.46892508e-02 -3.10896710e-02  2.53510904e-02
 -5.83579876e-02 -3.81229818e-02 -1.77972671e-02  1.03782006e-01
  3.66053954e-02 -1.43209286e-03 -4.56239097e-02 -8.03059861e-02
 -8.74367636e-03 -1.26815019e-02  7.06361905e-02  6.99287280e-03
  4.52444470e-03 -1.49693236e-01  1.16538115e-01 -2.99232583e-02
  5.78888953e-02  8.90593603e-02 -6.26785234e-02 -1.02532106e-02
  4.96586375e-02 -4.65421230e-02 -3.28704081e-02  1.70777105e-02
 -2.98662409e-02  5.66335348e-03 -4.85362262e-02  3.34450006e-02
 -1.17600791e-01 -3.63878161e-02  8.70077834e-02 -1.06832152e-02
  9.50877443e-02  1.46145467e-02 -3.64907011e-02 -4.79932576e-02
 -3.66664156e-02  7.00484514e-02 -7.35960901e-02  1.29576787e-01
 -5.12284115e-02  4.89414223e-02  4.95484173e-02 -1.03099421e-32
 -3.93212102e-02  5.71770370e-02 -2.42661145e-02  2.37416718e-02
 -3.64056714e-02  1.81351174e-02  2.54901741e-02 -4.85985214e-03
 -2.40706783e-02 -6.36071060e-03 -3.95532027e-02 -8.07547793e-02
  2.17566881e-02 -6.67174980e-02 -2.97355000e-02 -1.57832783e-02
 -2.89296079e-02 -5.27734160e-02 -2.77292784e-02 -2.19013682e-03
 -4.51113731e-02  5.38208559e-02  4.75712270e-02 -3.54284570e-02
  1.49660371e-02 -6.05900697e-02 -2.21389048e-02  1.39106028e-02
 -5.72992489e-02  1.28936511e-03  5.17345667e-02 -5.49022369e-02
 -9.64603480e-03  5.13215698e-02  1.00918105e-02  4.28107083e-02
  1.39949471e-01  8.26874934e-03 -2.01510172e-02 -5.40462276e-03
  5.50143495e-02  5.87438680e-02 -2.85128988e-02 -9.24003050e-02
 -1.49355056e-02 -8.42052698e-03 -3.90509516e-02  7.74249341e-03
 -3.30972858e-02 -4.67971563e-02  1.19924977e-01 -2.77908817e-02
 -1.13382246e-02 -4.97497134e-02  1.27391862e-02  6.48944452e-03
 -5.45052961e-02 -5.46157993e-02 -6.64947778e-02  3.04640681e-02
  1.62116781e-01  5.86526655e-03 -9.71041396e-02 -6.36380464e-02
 -2.35587917e-02  7.02921748e-02  5.50038479e-02  1.30739450e-01
 -3.62756439e-02 -4.00282703e-02  5.21848984e-02 -1.78217776e-02
 -4.81381156e-02 -1.34027493e-03 -5.00873551e-02 -5.03203981e-02
 -3.64668742e-02 -3.16575766e-02 -9.29490197e-03 -1.98030658e-02
 -6.05859868e-02 -1.00291641e-02 -3.32893804e-02 -1.34964939e-02
  4.89046890e-03  5.76782301e-02  4.61976714e-02 -3.90740968e-02
  9.31914244e-03  2.60986220e-02 -7.15755746e-02  7.72199482e-02
  7.11517455e-03  1.36697479e-02  1.62213668e-02 -5.14772545e-08
 -6.07531145e-03 -1.42083189e-03  9.16742720e-03 -2.03632768e-02
 -2.79979897e-03 -3.62428315e-02 -2.27411166e-02  4.32780525e-03
  5.63063212e-02  2.10846514e-02 -3.31847407e-02 -6.73176572e-02
 -2.70443354e-02  5.62609211e-02  6.64869919e-02 -1.21976221e-02
 -1.46990828e-02  1.31374002e-01 -6.38645366e-02 -4.80965525e-02
  6.49357811e-02  3.99164297e-03 -1.55783165e-02 -1.99826216e-04
 -1.32315271e-02 -3.92002463e-02  4.31713462e-02 -7.28024319e-02
  3.60635556e-02 -7.08750822e-03 -9.28095654e-02  1.14347329e-02
  1.29556349e-02 -6.88304603e-02  3.01221870e-02 -7.05731893e-03
  4.26642038e-02 -3.79978269e-02  1.25017227e-03  3.37571166e-02
  3.61584611e-02  2.52345093e-02  8.94956104e-03  7.65342917e-03
 -6.73120320e-02  4.69777100e-02 -2.28531733e-02 -1.62968952e-02
  5.91992810e-02  1.53937619e-02 -3.87826487e-02  4.45592701e-02
 -2.51171608e-02  9.07841232e-03  7.12899864e-02 -3.86133819e-04
  9.90567356e-02  2.28494070e-02 -1.86862033e-02  3.76970805e-02
 -2.68509500e-02  1.34055978e-02  3.48199122e-02 -3.16660330e-02]