[-1.29558351e-02  3.32973972e-02  5.83818555e-03  6.95608649e-03
 -2.25675367e-02  2.92029530e-02  7.69394040e-02  4.86611500e-02
  1.04437489e-02  4.57442515e-02  7.47227669e-02 -4.92857471e-02
 -4.36930321e-02 -2.82746856e-03 -3.82843949e-02  1.50068925e-04
  3.01254392e-02  1.28565840e-02 -1.83322858e-02  5.89283034e-02
  6.23603985e-02 -1.07446602e-02 -6.97298720e-02  4.47788425e-02
 -8.48154649e-02  4.15897369e-02 -2.48697829e-02  3.53600793e-02
 -2.63948180e-02 -5.00743948e-02  6.33570924e-03  1.18143953e-01
  9.12103504e-02  2.41822526e-02  5.58033139e-02 -3.73000652e-02
  4.43461984e-02 -9.16181728e-02 -1.71039216e-02  4.86402772e-02
  2.57408177e-03  4.52601910e-03 -7.03843832e-02 -1.12951770e-02
  3.03487084e-03  1.30070383e-02  4.81723472e-02  3.00394073e-02
  8.46133605e-02 -7.34036937e-02 -4.24669683e-02  2.66768895e-02
 -6.24471642e-02 -3.08580846e-02 -7.61263594e-02 -5.66959195e-03
  2.55452096e-02  5.17513379e-02  5.14959581e-02 -3.91856544e-02
 -2.99705267e-02 -1.54964402e-02  9.50187072e-03  4.01262231e-02
 -2.78774556e-02  2.59254146e-02 -4.86334935e-02 -3.68485264e-02
  1.57381222e-02  6.97597116e-02  1.38266655e-02  2.06873864e-02
 -2.28198115e-02  1.04160365e-02 -9.68897566e-02  1.87503815e-01
  5.25576845e-02 -1.70080364e-02 -2.19339207e-02 -1.01852380e-01
  3.62888686e-02 -3.47849727e-02 -3.04109938e-02 -6.73525408e-02
  6.19881414e-02 -1.82035547e-02  1.93121731e-02  1.88417372e-03
  4.23120596e-02  1.16613843e-02  5.79664716e-03  5.34455143e-02
 -1.56354621e-01 -2.74065211e-02 -3.70672159e-02 -3.30904732e-03
  7.29862694e-03 -6.42624944e-02  7.51721486e-02 -2.29876190e-02
  5.32833412e-02  5.04286923e-02  2.04073284e-02 -4.86233691e-03
 -4.76191081e-02  1.59215201e-02  3.30009125e-02 -1.13712884e-01
  6.79760426e-02  7.32165575e-02 -8.93195197e-02 -4.81439829e-02
 -1.52226323e-02  6.69597322e-03 -8.60653669e-02 -8.66814107e-02
 -4.00718786e-02 -3.80057767e-02  3.02936733e-02  1.32384486e-02
 -3.30586210e-02 -8.49136040e-02  4.58819903e-02 -3.68997753e-02
  1.14031381e-03 -7.24444166e-02  3.07609234e-03  1.53749915e-32
 -5.39410971e-02 -6.26718327e-02 -5.03019728e-02 -5.82548848e-04
  5.13434596e-02  5.09085953e-02 -5.21649942e-02  1.16647023e-03
 -2.25975458e-02  6.88763037e-02 -5.49643040e-02 -6.65681344e-03
 -3.53569128e-02  5.61421365e-03  9.90960523e-02  5.09342030e-02
  2.09932700e-02 -7.88096488e-02 -3.91855128e-02 -5.96195869e-02
 -5.41439280e-02  5.99396788e-02 -1.67816076e-02 -7.22183287e-02
  2.86585763e-02  3.48838903e-02 -4.68178391e-02 -7.20837638e-02
 -1.95420105e-02  5.11367880e-02 -2.13081273e-03 -2.90077124e-02
  6.84947381e-03 -8.60899128e-03 -6.93611428e-02  1.12649007e-02
 -1.79350134e-02 -1.24660768e-02 -8.65163952e-02 -7.79819675e-03
 -4.62654121e-02  2.37084907e-02  6.97522005e-03  9.57309157e-02
 -3.81956287e-02 -5.74719161e-02 -1.86767746e-02  7.41504179e-03
  1.02637731e-01  3.15725319e-02 -7.69403800e-02 -6.05719127e-02
  6.32660650e-03 -5.21645024e-02  3.18856649e-02  6.46685294e-05
 -7.41719082e-02  1.59076080e-02  1.48183564e-02 -4.87566665e-02
  2.82944925e-03  2.04639491e-02 -4.53248620e-02 -1.06648142e-02
 -1.46351838e-02 -4.28892709e-02 -5.30520901e-02 -7.83799216e-03
  1.10308439e-01  5.34756407e-02 -2.29277834e-02 -4.45277318e-02
 -5.72520494e-02 -3.38819250e-02 -6.91596651e-03  8.11128039e-03
  6.33863658e-02  3.76480147e-02 -3.70997712e-02  3.14332061e-02
  4.67633940e-02  6.40263269e-03 -1.17031038e-02  3.12636211e-03
  7.90408403e-02  3.84824276e-02  5.94855845e-02  7.32636824e-02
 -5.75751774e-02  7.21689835e-02  7.79016688e-02  4.16397862e-02
  8.60817879e-02 -4.29220498e-02  4.09747325e-02 -1.38870243e-32
  2.85991710e-02  6.06151074e-02 -1.98831670e-02 -2.32374780e-02
 -9.80544183e-03  2.47943476e-02  6.85667340e-03 -6.10376336e-02
 -5.64260259e-02 -1.71074107e-01 -1.07181199e-01 -5.97262271e-02
  1.02788560e-01 -6.81504793e-03 -4.76403274e-02  8.44317302e-03
 -3.05330730e-04 -3.62624563e-02 -1.88056696e-02 -4.31203134e-02
 -4.58036177e-02  7.11520687e-02  2.24413816e-02  1.82466488e-02
 -1.62631962e-02 -5.18646277e-02  3.68498415e-02  7.51045421e-02
 -9.65636149e-02  2.98856217e-02  2.99654119e-02  6.25660792e-02
  7.92159811e-02  2.02575281e-01 -2.07843855e-02  1.94549989e-02
  5.48308529e-02 -4.20047762e-03 -2.08823141e-02  3.93299237e-02
  2.15637535e-02  4.90761250e-02 -4.06935550e-02 -9.84737501e-02
 -5.03084138e-02  1.58511680e-02  3.17326710e-02 -9.34506357e-02
 -2.30447538e-02  2.59566233e-02  8.10233951e-02 -3.22492234e-02
 -6.70698285e-02 -3.18811014e-02  7.39966035e-02 -7.75445476e-02
 -1.78878270e-02 -8.15867335e-02 -6.95331469e-02  5.30602934e-04
  8.57711285e-02  2.29499508e-02 -9.84740444e-03 -5.28110825e-02
  5.37585542e-02  1.32511994e-02  2.67817117e-02  6.12808652e-02
  3.69757111e-03  8.87451321e-03  9.00388323e-03  7.65958289e-03
 -9.48548764e-02  2.97270920e-02 -1.38713224e-02 -3.16364765e-02
 -7.33494610e-02  6.85383379e-02  2.59125270e-02  8.25538952e-03
 -7.12338537e-02 -5.83419129e-02 -2.72796247e-02  3.78709137e-02
 -6.45058695e-03  1.98407881e-02 -7.67781064e-02  1.36679048e-02
 -1.24497227e-02  1.83366481e-02  5.21584563e-02  4.12197299e-02
  4.99168299e-02  7.14927632e-03  1.29992506e-02 -5.98679222e-08
  1.63227674e-02 -3.37324068e-02  3.27431075e-02 -1.77641900e-03
  5.70345260e-02 -5.69011271e-02 -1.18542900e-02 -6.47055209e-02
 -3.94788198e-02  1.40442625e-02  5.89592718e-02 -1.00579865e-01
 -2.18475703e-02  8.12416002e-02 -8.65053385e-03  2.29653753e-02
  1.52872584e-03  6.25313148e-02 -1.51940072e-02 -2.89256349e-02
 -3.49079538e-03  6.95093274e-02 -7.74455070e-02  1.45371342e-02
  6.12986013e-02  1.71079598e-02 -3.06964945e-02 -1.28868036e-02
  4.46305098e-03 -2.54282821e-03 -4.02498692e-02 -2.55689994e-02
 -1.18199643e-03 -1.64721254e-02 -4.22221944e-02 -4.23762649e-02
  5.90562522e-02  1.33078862e-02 -6.32536039e-02 -6.08647056e-03
  1.05358779e-01  3.77715081e-02 -1.52183576e-02 -4.48752008e-02
 -2.73620747e-02  1.88327469e-02  1.31289408e-01 -1.03870872e-02
 -6.84095770e-02  3.59444618e-02  4.03809361e-02  2.17840541e-02
  7.22324103e-02  6.95333481e-02 -5.32106273e-02 -4.57711965e-02
 -8.04848596e-03  4.02440466e-02 -7.81435706e-03  2.08717375e-03
  4.26450819e-02  1.02298401e-01 -2.91316770e-02 -4.16095294e-02]