[-1.37936487e-03  4.22858866e-03 -2.68940851e-02 -1.19000167e-01
  4.45890194e-03 -2.11601555e-02 -4.08172458e-02  1.08991466e-01
  2.30606366e-02  6.40905276e-02  3.22260708e-02 -2.81425696e-02
  3.02617569e-02  2.68752943e-03 -2.56279968e-02 -1.04951970e-01
  8.49021524e-02 -7.35246837e-02  3.28688696e-02  3.41329165e-02
  1.11126631e-01 -2.35938784e-02 -6.55528605e-02 -4.42441180e-02
 -8.25301930e-02 -2.04877257e-02 -6.89410120e-02 -5.12878411e-03
 -3.00016161e-02 -1.40929669e-02 -2.68935040e-02  7.46757686e-02
  2.17985716e-02 -4.12661536e-03  6.00547493e-02  2.84145446e-03
  6.08592890e-02 -4.78981845e-02 -6.81000501e-02  1.78917609e-02
 -7.99888447e-02 -4.91468869e-02 -4.45619784e-02 -5.22867329e-02
  5.63062355e-02 -1.86935924e-02 -3.05088679e-03 -5.92503138e-02
 -7.00519159e-02  9.22079664e-03 -7.35105723e-02 -2.56478135e-02
  4.65645567e-02  3.68112102e-02 -4.27242480e-02 -3.33546214e-02
  2.14597937e-02  2.71842200e-02 -1.24496259e-02  2.23345915e-03
  6.16402924e-03  5.23260096e-03 -9.56388414e-02  6.44766213e-03
  7.70406425e-02 -2.07836851e-02 -1.47018526e-02 -4.66016755e-02
 -1.53428121e-02  2.49057729e-02  2.17890032e-02 -7.32580349e-02
  3.20544280e-02  2.52671801e-02 -1.75588634e-02  7.49406964e-02
 -3.85258645e-02  1.24612786e-02  9.66871083e-02 -1.97606415e-01
 -4.63894801e-03  4.59690168e-02 -3.49571817e-02 -1.81414243e-02
 -3.44870053e-02 -2.65645832e-02  2.91146934e-02  9.97782499e-03
  6.08086623e-02  1.97525062e-02  1.24676548e-01  7.21522719e-02
 -2.10038573e-02  9.82517283e-03  9.51138150e-04 -3.85781787e-02
  1.34848077e-02  4.92740273e-02  1.07930064e-01 -1.40563142e-03
  3.20254974e-02  1.87137388e-02 -9.55011696e-04  1.35255745e-03
 -2.50077005e-02  5.37170619e-02 -3.70880179e-02 -5.59660122e-02
  3.71220820e-02  4.13550213e-02 -3.76691483e-02 -1.34251444e-02
 -1.31026268e-01 -9.16594490e-02 -4.85445596e-02  5.25582246e-02
 -6.06122315e-02 -3.95664833e-02  7.62561755e-03 -5.90245436e-05
  1.36287296e-02 -2.96780374e-02 -5.32194637e-02 -5.09592928e-02
  6.26167729e-02 -2.97318678e-02  7.27551281e-02  1.06212233e-32
 -3.42992395e-02 -5.01673520e-02 -6.75281212e-02 -2.80135144e-02
  3.09147686e-02  5.80931734e-03  1.59028824e-02  5.84786199e-02
  1.58207677e-02  2.21887231e-02 -1.06283441e-01  7.78839812e-02
 -1.39366416e-02 -3.35085653e-02  1.22497320e-01 -5.01199253e-02
  6.69948896e-03  3.47912684e-02 -3.78891341e-02 -2.59231171e-03
  4.08240184e-02 -3.36962156e-02  8.14024825e-03 -2.47837435e-02
  6.26084432e-02  7.88121521e-02  6.37414353e-03 -3.63022424e-02
 -1.04545856e-04  5.43273911e-02  2.89498884e-02 -3.38745154e-02
  2.54240278e-02  2.99770273e-02 -3.47545892e-02 -1.81471352e-02
 -2.48375125e-02 -1.24647487e-02  4.47710138e-03  1.87500212e-02
 -4.00108732e-02  3.41867134e-02  1.06400222e-01 -4.15505022e-02
  6.29770523e-03 -4.82524522e-02  5.44875413e-02 -1.43326689e-02
  9.93336961e-02  3.38734090e-02 -3.29426192e-02 -8.58879555e-03
 -1.12263188e-02 -2.21182071e-02  4.43681628e-02  9.77065880e-03
 -3.24372947e-02  3.53975482e-02  3.10075786e-02 -3.40551930e-03
 -5.39273694e-02  1.12111522e-02 -2.74804290e-02  3.75282280e-02
 -3.74511257e-02 -8.37479532e-02  3.26872617e-02 -1.07375560e-02
  9.94173065e-02 -5.15101291e-02 -1.19383268e-01 -3.52793038e-02
  6.41689450e-02  4.28752489e-02 -2.89082015e-03 -3.87579761e-02
  2.00753082e-02  4.19916138e-02 -1.03386104e-01 -4.52155881e-02
 -1.44688919e-01  5.17226569e-02 -5.06008230e-02 -7.32780714e-03
  2.66044606e-02  9.20970216e-02  7.93881789e-02  5.32147251e-02
 -5.99033758e-03  4.26059999e-02 -1.55908270e-02  2.25894228e-02
 -3.07721402e-02  8.02632049e-02  4.07376252e-02 -1.23814129e-32
 -7.45637622e-03 -5.21021262e-02 -3.35199796e-02  5.16918674e-02
 -2.11405917e-03  7.19770491e-02  4.53580245e-02 -7.35987851e-04
 -5.67695946e-02 -2.74475925e-02  3.58652975e-03 -2.57261787e-02
  7.50513524e-02 -2.91429963e-02 -2.72512101e-02  3.02332025e-02
 -9.63133872e-02 -2.81332731e-02 -2.82852817e-02  4.24658023e-02
  1.02807514e-01  7.86035061e-02  2.75805742e-02  2.01328918e-02
  1.73783246e-02 -7.23685101e-02 -4.71991636e-02 -7.01224506e-02
 -3.14608961e-02  2.13768668e-02 -1.07690394e-02 -2.54546981e-02
 -8.06771740e-02  1.62874803e-01  9.15834308e-03 -7.35199004e-02
  1.06865674e-01 -5.82818538e-02 -1.59179084e-02  1.14541106e-01
  8.02805126e-02  6.61213100e-02  4.96750651e-03  1.36711290e-02
 -7.29927421e-02 -1.59634631e-02 -3.24031785e-02 -5.80988154e-02
  1.64667126e-02 -8.68126005e-02  6.08048402e-02 -3.82914208e-02
  2.29358915e-02 -2.25854013e-02  4.18218896e-02 -2.76019517e-02
  1.09271798e-02 -6.96612149e-02 -1.50729850e-01  2.53377613e-02
  1.37561217e-01  4.48985957e-02 -6.16040872e-03 -3.06202471e-02
  1.05659895e-01  4.02402841e-02 -3.22073884e-02  5.77191934e-02
 -4.19187732e-02  1.91815123e-02  2.18548682e-02 -4.03565429e-02
 -7.57603720e-03 -5.77039756e-02  2.23348606e-02 -3.55752674e-03
 -2.04460397e-02 -2.24265382e-02 -4.38141041e-02  3.52221017e-04
 -7.23124295e-03  4.09752466e-02 -6.99513406e-03 -1.34173278e-02
 -3.69080156e-02  4.37484384e-02 -1.32601904e-02 -6.28755800e-03
 -3.73411411e-03  7.82715809e-03 -1.01198159e-01  1.95373483e-02
  5.00779152e-02  1.44238537e-02 -3.96179631e-02 -6.50167777e-08
 -6.58025406e-03 -3.52026932e-02 -1.46377813e-02 -5.75299934e-03
 -3.71399559e-02 -6.66658729e-02 -5.68868481e-02  4.90085855e-02
  2.13083136e-03  3.56942005e-02  1.22470200e-01 -1.12368912e-01
 -1.04865938e-01 -2.45513972e-02 -7.91074149e-03 -3.17541510e-02
  1.27533330e-02  7.86792338e-02 -4.80133705e-02 -6.55320436e-02
  3.30756493e-02 -2.23160093e-03 -4.42796722e-02 -6.05222248e-02
  3.85084115e-02  2.08575334e-02 -4.30698916e-02  2.44324282e-03
 -4.14238423e-02  1.88495144e-02 -2.87143420e-02 -3.38353068e-02
  3.84451961e-03 -2.24510413e-02  5.89010231e-02  2.64895298e-02
 -2.41025146e-02  7.95175433e-02 -2.01791176e-03  3.29941884e-02
  6.85219243e-02 -4.08676006e-02 -6.59681335e-02  2.30402080e-03
  4.60617356e-02 -3.93729210e-02 -6.15148358e-02 -1.29710939e-02
  1.80594064e-02 -4.35009860e-02 -6.00163266e-02 -2.81992350e-02
  3.87186483e-02  8.16174224e-03 -8.05324130e-03  1.80531703e-02
  2.69574616e-02 -4.95969765e-02 -1.90903731e-02 -1.06753092e-02
  7.33055472e-02  5.65257855e-02 -1.73847249e-03 -2.81694438e-03]