[-2.98528243e-02 -3.44978794e-02 -1.04849614e-01 -4.01177332e-02
 -4.37864251e-02 -4.14811224e-02  5.06772809e-02  1.11305714e-01
 -7.17294356e-03 -1.23469187e-02  6.62572756e-02 -8.82856920e-02
  4.71277104e-04 -1.30448770e-02 -7.60483593e-02 -4.77653518e-02
  1.55414930e-02  6.35206699e-02 -7.28323758e-02  7.23152095e-03
  9.77898091e-02 -4.43346240e-02  8.40216130e-03  4.38464954e-02
  5.02371974e-02  8.72946009e-02 -1.14886500e-01  3.62202413e-02
  1.55311786e-02 -1.64264500e-01 -4.32585785e-03  1.05992466e-01
  6.91010728e-02 -6.75767586e-02  4.93116528e-02 -1.10047124e-02
 -6.00286163e-02 -1.17538031e-02  4.10472341e-02  3.11237518e-02
 -6.03315001e-03  1.96010917e-02  2.33053975e-02  4.67053466e-02
 -4.60760556e-02 -7.60108754e-02 -3.84579189e-02  5.67767769e-02
  2.97119492e-03  3.65108275e-03  6.35070493e-03  6.32323846e-02
 -4.84214351e-02  7.39734694e-02 -3.86506226e-03 -3.29522491e-02
 -7.88507834e-02 -3.78974900e-02  1.95596553e-02  4.80894037e-02
  5.03444038e-02  4.71035391e-02 -2.90666204e-02 -3.94418351e-02
 -4.05821241e-02  4.31273133e-02 -2.67979223e-02 -1.11754842e-01
 -9.87313911e-02  3.53119709e-02  3.32798101e-02  1.56523641e-02
  3.82317416e-02  4.31146733e-02 -1.70024391e-02  3.01134642e-02
  6.45992383e-02 -2.74678823e-02 -4.35763188e-02 -5.52272126e-02
 -3.12667824e-02  9.59246308e-02  3.40431817e-02 -7.41841123e-02
  9.40373726e-03  6.26477133e-03  1.08158570e-02  2.00720895e-02
  2.66355090e-02 -1.22805443e-02  1.26441941e-01  4.58515547e-02
 -4.34260443e-02 -4.47436050e-02 -4.96119596e-02  4.42522131e-02
  3.12115774e-02  3.61411422e-02  6.59217611e-02 -2.17963476e-02
  7.13985786e-02  2.65944861e-02 -8.37528408e-02 -6.10659607e-02
 -8.32676589e-02  1.84756257e-02  5.35422377e-02  2.55294386e-02
  2.57695206e-02  4.11163345e-02 -1.02037884e-01 -4.29612584e-02
 -1.28194215e-02  3.19487080e-02 -6.72816932e-02  7.41432887e-03
  4.28523170e-03 -3.06580532e-02 -2.73662861e-02 -4.20474149e-02
 -2.33144662e-03 -3.16741727e-02  7.81781673e-02  1.87802520e-02
 -4.23281314e-03 -9.87187494e-03 -4.48434725e-02  1.15230449e-32
  3.34184081e-03  1.65099110e-02 -1.32356938e-02  4.26625460e-03
  1.30710602e-02 -2.19943095e-03 -8.81021619e-02  1.19727664e-02
  1.94541328e-02 -4.53392155e-02 -1.35118619e-01  3.87636721e-02
 -1.18331900e-02  3.10044345e-02  7.80549496e-02 -3.90081704e-02
  5.37829734e-02 -2.01470181e-02  2.30771173e-02 -7.99970031e-02
  7.70440511e-03  2.14924403e-02 -4.28389460e-02  5.91623001e-02
  2.03088522e-02  9.73827839e-02  9.54783708e-03 -2.03635823e-02
 -4.66174446e-03  5.80535904e-02  1.86488032e-02 -3.15509527e-03
 -5.42721078e-02 -2.48650610e-02  3.55950184e-02 -5.15539050e-02
 -3.03353998e-03  3.94823141e-02 -4.08080481e-02  6.33228198e-02
 -6.29411563e-02  5.85696362e-02  3.61535847e-02  5.71744032e-02
  2.75413599e-02 -3.63760442e-02  4.03972790e-02  5.81469424e-02
  1.22337744e-01  3.21917981e-02 -1.10902339e-01 -2.14703418e-02
  5.93555309e-02 -1.14344778e-02 -2.39073560e-02  3.41878757e-02
 -8.41447115e-02 -1.08600762e-02 -8.04170128e-03  1.35904020e-02
 -7.28559028e-03  6.04517013e-02 -2.42995061e-02 -6.86107725e-02
 -4.43277806e-02  4.36389521e-02 -1.17418565e-01 -1.42871877e-02
  7.86864012e-02  2.42911037e-02 -6.17921911e-02 -3.73793729e-02
  7.40006343e-02  5.08487746e-02  8.33511353e-02  2.64608413e-02
  4.88082208e-02 -4.94298153e-02 -1.65197197e-02 -1.09649180e-02
 -7.80331790e-02  6.45593107e-02  5.24436533e-02 -8.79769325e-02
  3.76090314e-03 -7.33897882e-03 -5.78189036e-03 -6.11649652e-04
  2.25118902e-02 -1.21664293e-02  3.47669087e-02 -5.88547923e-02
 -1.14299152e-02 -1.13355495e-01 -3.78901586e-02 -1.05961809e-32
  7.51804709e-02  7.20374286e-02  9.62032645e-04  7.43599385e-02
 -1.42929340e-02 -1.15986597e-02 -1.23721326e-03 -2.20776256e-02
  6.92580864e-02 -6.80596903e-02  5.42049482e-02  1.09919328e-02
  9.68011655e-03 -5.81218824e-02  7.10483938e-02  3.93888429e-02
 -1.09147932e-02  6.87537417e-02 -4.24314477e-02 -8.02114010e-02
 -6.77357167e-02  7.07703605e-02  1.86069757e-02 -2.28310283e-02
  1.05402255e-02  3.70423235e-02 -6.02617934e-02 -6.98892623e-02
  4.90284152e-02  4.43255156e-02  1.99480355e-02  2.58087320e-03
 -3.53480726e-02  3.88280042e-02 -5.82622178e-02 -6.34240881e-02
  4.99913096e-02  2.85064280e-02 -5.47719114e-02  6.84509575e-02
  2.16119383e-02 -3.53730470e-03  7.43772313e-02  1.94123052e-02
  4.14596731e-03 -7.96943232e-02  2.92902607e-02 -5.24296686e-02
  6.72018826e-02  2.06400789e-02  9.68515128e-02 -1.77256893e-02
 -5.14257215e-02  6.85894489e-02  7.00650215e-02  3.54184173e-02
 -3.25739151e-03  3.34798321e-02 -1.17989883e-01 -8.04996267e-02
  1.22964075e-02  2.70420257e-02  8.25427100e-02 -8.79225582e-02
  1.10550404e-01 -1.80850308e-02 -2.98708919e-02  1.75510384e-02
  1.04850801e-02 -6.13472331e-03 -3.37933190e-02 -8.77290666e-02
  3.79858096e-03 -6.49144575e-02  2.51255054e-02 -3.78074944e-02
 -3.69512364e-02 -4.24903305e-03  3.87867913e-02 -7.65971467e-03
 -7.22188726e-02  3.36728804e-02  1.09519027e-02 -6.15477264e-02
 -4.00585905e-02 -1.28777688e-02  1.51765607e-02 -4.71048849e-03
  3.52709694e-03  5.74734956e-02 -1.22687416e-02 -3.58464234e-02
  1.27046853e-01  5.76659329e-02  8.88337418e-02 -6.15089633e-08
  1.53547609e-02  7.13268016e-03 -5.79475202e-02  3.07302009e-02
  6.04536645e-02  4.73865122e-02 -3.20443511e-02  9.40370187e-03
 -1.25740031e-02 -2.03188900e-02  6.26328401e-03  9.41849649e-02
 -4.00479957e-02  1.15249222e-02 -1.87401120e-02 -2.82239635e-03
  2.31503360e-02 -1.25442364e-03 -2.14677081e-02 -5.18580116e-02
  1.10649820e-02 -5.37628261e-03 -1.59760788e-02  4.20769071e-03
 -6.59518540e-02 -3.81354280e-02 -4.29405421e-02 -5.72101213e-02
  1.99453384e-02  1.34428563e-02 -1.82789974e-02 -1.02076204e-02
  7.16734901e-02 -1.46304503e-01  6.20173588e-02  9.42780916e-03
 -6.41734712e-03  2.96781156e-02 -2.27470808e-02  8.78124386e-02
  5.88393621e-02 -1.28068969e-01 -2.40052715e-02  3.92132849e-02
  7.78255016e-02 -4.92764041e-02 -6.55681491e-02  6.28236905e-02
 -5.08329198e-02 -5.27678318e-02 -4.07977663e-02 -8.45879782e-03
 -3.28285471e-02 -8.92796367e-03 -1.49046415e-02 -3.75446491e-02
 -3.98163609e-02 -6.05153218e-02  1.49457566e-02 -9.88523569e-03
 -2.08084024e-02 -8.94302316e-03  3.92135121e-02 -3.93242761e-02]