[-1.14152081e-01  2.52566934e-02 -1.06782839e-02 -2.18053497e-02
 -1.10006243e-01  5.15764207e-02 -4.15607467e-02  9.65322182e-02
  9.63594671e-03  6.96566403e-02  8.27071145e-02 -2.83604041e-02
 -8.00362527e-02  4.81892563e-03 -7.01419264e-02  2.71117091e-02
 -3.18800882e-02  1.19141759e-02 -2.02276073e-02  3.35324928e-03
  1.01024665e-01 -4.34688590e-02 -3.38487886e-02  2.24117432e-02
 -1.46697788e-02  9.27036628e-03 -4.24925275e-02  1.82989612e-02
 -1.75973270e-02 -8.19579437e-02 -4.58532423e-02  5.60561270e-02
  7.51434863e-02 -4.59661260e-02 -3.17035876e-02 -7.23854676e-02
 -9.48849693e-02  2.22259946e-02 -2.98503153e-02  7.72389323e-02
  2.48806854e-03 -4.97584827e-02 -4.55108806e-02  2.26810370e-02
  3.26281064e-04 -1.32886982e-02 -3.25887576e-02  3.02217323e-02
 -2.01626699e-02  2.07375828e-02 -7.39310011e-02  3.38754840e-02
 -8.09014663e-02 -6.24343455e-02  2.93654506e-03 -1.00638106e-01
 -4.57236990e-02  3.31689194e-02  9.08278450e-02 -5.75323403e-03
  5.72606213e-02 -6.13488816e-03 -7.56573826e-02 -1.29384678e-02
 -1.70713365e-02 -2.70169489e-02  1.08300047e-02 -5.06835878e-02
 -5.25138341e-02  6.09825291e-02  2.58876360e-03 -1.01918668e-01
  1.26501210e-02 -2.50327364e-02 -1.98157988e-02  6.79192320e-02
  2.79652770e-04 -3.05699371e-02 -5.69210574e-02 -3.99268344e-02
 -8.04212131e-03  2.31160149e-02  1.65080409e-02 -1.04502156e-01
  3.26266102e-02 -2.85713356e-02  1.73779186e-02  5.15533909e-02
  4.74129468e-02 -6.78805709e-02  9.30082649e-02  5.45926392e-02
 -1.19768307e-01 -9.36628506e-03  8.72827247e-02  1.39872814e-02
 -2.51773465e-02  5.43113053e-02  5.28687239e-02  1.94171909e-02
  4.63626049e-02  6.56381547e-02 -2.53730994e-02  3.71319018e-02
 -1.04692541e-01 -9.38490219e-03  2.79316911e-03 -4.68155108e-02
  5.48900664e-02  2.89653093e-02 -1.11898907e-01 -8.80421326e-03
 -1.32245626e-02 -2.80407909e-02 -6.87992871e-02 -1.15148472e-02
 -7.15583051e-03  1.65330507e-02  8.24146792e-02  1.01414859e-01
  8.16606581e-02 -1.06564965e-02 -7.13458564e-03  8.84189308e-02
 -9.23679862e-03 -7.77511224e-02  4.70923483e-02  9.26148416e-33
 -3.96777019e-02 -1.17505230e-02  1.54550355e-02  1.71168037e-02
  2.63243522e-02 -7.29651451e-02 -8.47418159e-02 -6.99375495e-02
 -1.10381600e-02  3.67304981e-02 -7.76599795e-02  6.85099810e-02
 -6.68400899e-02 -4.92307208e-02  5.82111208e-03  5.76516688e-02
 -2.49775387e-02 -5.72754070e-02 -6.67511346e-03 -4.51861136e-02
  5.65652885e-02 -4.05037329e-02  2.12717988e-02  5.65184355e-02
  9.22401436e-03  1.28192589e-01  7.25309178e-02  6.81446260e-03
 -8.92183371e-03  3.64587456e-02  2.83465032e-02 -4.41166833e-02
 -1.31768659e-01 -2.99047809e-02 -6.60521463e-02  2.47922875e-02
  4.21420031e-04  1.57037787e-02 -1.81434564e-02  5.11975167e-03
 -3.96195613e-02  3.18753198e-02  5.62886707e-02  2.63796952e-02
 -6.38804212e-03 -6.75656423e-02 -2.03318335e-03  2.06607766e-02
  1.46887749e-01  6.95226118e-02 -6.83018863e-02 -1.00594893e-01
 -4.15143296e-02 -3.18662100e-03  1.37881683e-02  7.16532022e-02
 -6.79098368e-02  7.01755658e-02 -3.47542465e-02 -2.76743248e-02
  6.04185574e-02 -1.38034485e-02  4.89010997e-02 -4.24407721e-02
 -7.38057643e-02  5.31940088e-02 -8.66576508e-02  8.81304406e-03
  6.60156384e-02 -9.96671338e-03 -3.06029059e-02  2.68195495e-02
  4.54966538e-03 -5.26554212e-02  2.93618590e-02 -1.42927356e-02
  8.51205438e-02 -1.14146074e-04 -9.32440832e-02 -4.59898356e-03
 -8.15408006e-02  1.41021982e-02  7.65182497e-03  7.02826306e-03
  4.63560186e-02 -5.27811144e-03 -4.86390432e-03  1.66320913e-02
  2.57306341e-02  1.50049469e-02 -3.23446617e-02  4.24506329e-02
 -2.98216790e-02  1.28163155e-02  4.83188368e-02 -8.44607826e-33
  5.21989428e-02  4.82757278e-02  3.27718779e-02  1.02725543e-01
  2.06263550e-02  2.22830176e-02 -3.85934691e-04 -1.03747903e-03
  1.44320577e-02 -4.93833609e-02 -4.08015996e-02 -2.42475476e-02
  5.01042269e-02 -1.89549942e-02  1.26789771e-02  6.74074590e-02
  1.10141677e-03  4.34893370e-02 -5.49194738e-02 -2.42512897e-02
 -3.31769921e-02  6.45621121e-02 -3.72285470e-02 -1.79578792e-02
 -8.08842524e-05  1.10803163e-02  5.45744449e-02 -6.53750300e-02
 -6.63541630e-02  5.50230872e-03  3.21847647e-02 -7.05760419e-02
 -3.68467532e-02  8.46188143e-02 -1.08992271e-01  6.61311997e-03
  1.34681299e-01  3.39422636e-02 -1.19995512e-01  1.12961456e-01
  7.18925968e-02  8.29057097e-02  5.44421300e-02 -5.80696203e-02
 -1.60368849e-02 -8.73182155e-03  6.01403043e-02 -4.13847566e-02
  6.84037060e-02 -9.18742269e-02  1.58415228e-01 -1.22360950e-02
 -3.47670503e-02 -3.74742039e-02 -3.21926409e-03  3.92751023e-02
  5.27973883e-02 -3.74074616e-02 -9.69838202e-02 -1.09172128e-02
  5.75230494e-02  6.64299773e-03 -1.17858900e-02 -9.35504064e-02
  4.19832766e-02  2.86476091e-02  1.71360839e-02  5.82175255e-02
 -3.21886223e-03  4.87040319e-02  3.57961953e-02  5.43207116e-02
 -2.71928702e-02  7.82515015e-03  1.96756404e-02  1.77782087e-03
 -5.66526735e-03  4.60477546e-02  3.63914147e-02 -1.88885499e-02
 -2.02383264e-03 -2.48997509e-02 -3.56768332e-02  7.10065663e-02
 -2.02883501e-03 -1.93917081e-02  1.74527918e-03  1.89564936e-02
  1.82518996e-02  1.46450568e-02 -6.79658679e-03  6.51469901e-02
  6.35149702e-02  5.73376119e-02 -7.74438772e-03 -6.52834728e-08
  8.02330375e-02  1.26707172e-02 -5.50894067e-02  5.55275902e-02
  3.73607278e-02 -1.86468847e-02  1.11026233e-02 -3.77972499e-02
 -4.68217209e-02 -2.38105785e-02  1.64981503e-02  4.73259911e-02
  2.54039932e-02 -1.42141638e-04 -1.58462930e-03  2.15989016e-02
  5.24991332e-03  8.19548517e-02 -1.85571332e-02 -3.36615779e-02
  7.58714825e-02  2.26509534e-02 -3.80783267e-02 -5.85452877e-02
 -4.32080664e-02  3.10911052e-03 -5.98401166e-02  5.20294122e-02
  2.78535392e-02 -2.08303286e-03 -1.27707785e-02  1.01695703e-02
  6.90567270e-02 -7.29994699e-02 -5.32588176e-02 -4.09077480e-02
  2.92978017e-04  5.26786819e-02 -9.59308469e-04  7.60527924e-02
  4.06542122e-02 -2.60444870e-03 -5.77053241e-02  5.01564331e-03
  3.81347835e-02  5.88224679e-02 -7.75702298e-02 -4.87818047e-02
 -4.84667532e-02  4.43201512e-02 -4.24455805e-03  7.27102533e-02
 -7.52070174e-03  8.07718486e-02 -7.74687913e-04  3.17840069e-03
  3.44108753e-02 -6.72687888e-02 -3.41338925e-02 -1.11320592e-01
  2.95372177e-02 -5.04077878e-04 -8.43372494e-02 -4.37729806e-03]