[ 1.01994509e-02  5.48027754e-02 -4.70232069e-02 -4.54076156e-02
 -6.58382550e-02  3.08290906e-02 -3.41840461e-02  6.99837431e-02
  5.54638589e-03  1.11061849e-01  1.29286304e-01 -1.72333512e-02
 -4.47495021e-02  1.77005902e-02  1.13024358e-02 -2.69691255e-02
  4.03607674e-02  7.50935683e-03  6.23939000e-02  8.79737809e-02
  1.15332365e-01 -3.13916467e-02 -9.49187502e-02  5.69731295e-02
 -1.15018792e-01 -1.72780510e-02 -2.74570882e-02 -2.67639384e-03
 -5.31508923e-02 -9.74244904e-03 -3.42831537e-02  2.77898461e-02
  6.87747151e-02 -1.23857763e-02 -2.79430691e-02 -1.54896807e-02
  5.91856427e-02 -1.10514024e-02 -6.05345238e-04  7.57849887e-02
 -5.97744361e-02 -3.79366130e-02 -6.51574954e-02 -4.46389467e-02
 -2.42790603e-03 -4.44766745e-04  7.97266811e-02  8.76414627e-02
 -5.77743798e-02 -4.65211123e-02 -2.00035144e-02 -4.81758645e-04
 -3.56270783e-02  5.95151540e-03  7.98177789e-04 -8.22859704e-02
  5.52877923e-03 -2.40135449e-03  5.59534831e-03  3.39179821e-02
 -1.50594562e-02  1.32571785e-02 -2.55457256e-02  3.18783475e-03
  3.90418805e-02 -5.89294010e-04 -5.18549271e-02  2.40742378e-02
 -4.86521050e-02  1.18066348e-01  4.57827114e-02 -8.21376294e-02
  2.57508568e-02 -4.87945508e-03 -2.44997945e-02  9.25810412e-02
 -2.33055055e-02  5.58240786e-02 -1.41373808e-02 -2.08916500e-01
 -2.32869200e-02  2.67631486e-02 -1.17446221e-02 -8.67823139e-02
 -2.35094540e-02 -1.13007342e-02  2.22560614e-02  9.09080822e-03
  5.19447625e-02  1.22999633e-02  5.27126081e-02  4.75980416e-02
 -3.48547660e-02 -7.06515014e-02 -3.54979970e-02 -1.88556854e-02
 -3.04459073e-02  1.54235167e-02  4.55562323e-02 -6.08032644e-02
  6.58971518e-02  2.14140713e-02 -1.68013368e-02  2.59463377e-02
 -3.09505872e-02 -5.16451779e-04 -5.34680337e-02 -5.20589873e-02
  5.62401824e-02  1.37941509e-01 -6.35713562e-02  1.85252596e-02
 -8.45615417e-02 -4.14021388e-02 -5.54130748e-02  1.07963523e-02
 -4.82455604e-02 -7.24015525e-03  4.45791148e-02 -9.81733482e-03
 -1.40549941e-02 -2.12792214e-02  4.30413708e-02 -6.34615049e-02
  1.58370269e-04 -7.94118941e-02  2.11880524e-02  1.01084256e-32
 -3.21614668e-02 -5.20291328e-02 -4.36706915e-02  3.09774298e-02
  1.55561464e-02 -1.88394357e-03 -5.06687313e-02 -2.13159788e-02
  3.55474576e-02  8.50013644e-02 -3.84922549e-02  3.84724997e-02
 -1.44252107e-02  3.81827243e-02  1.14154167e-01  2.18672981e-03
  3.08191963e-03  3.94237693e-03 -1.73575804e-03  1.29756993e-02
  7.67454831e-03  4.80044782e-02 -1.37203541e-02 -2.71925963e-02
 -2.07687560e-02  8.74959975e-02 -4.13854755e-02 -8.44025686e-02
 -6.49331436e-02  4.02143337e-02  4.47136797e-02 -1.43180555e-02
  5.37596084e-02 -4.56713848e-02 -1.12473145e-02 -1.45160398e-02
 -4.00855727e-02 -6.77671889e-03 -1.68680642e-02 -2.63516605e-02
 -5.12749329e-02 -3.14824246e-02  5.14664017e-02  2.19521299e-02
  2.10871734e-02 -2.47607678e-02  1.04029931e-01 -4.06530723e-02
  4.21048328e-02  8.81363079e-02  2.36119796e-02 -3.12713869e-02
 -2.55636382e-03 -2.86336932e-02 -1.10589461e-02 -4.45508175e-02
 -1.22421674e-01  5.79536781e-02 -1.62726790e-02 -7.29027465e-02
 -9.23826359e-03 -2.14656442e-02 -3.31095345e-02 -5.10595413e-03
 -5.32791391e-02 -3.72269191e-02 -4.91005592e-02  2.36992296e-02
  1.45716891e-01 -2.22748611e-03 -2.81593632e-02  2.49111969e-02
 -1.24712251e-01  2.46780720e-02  2.26945300e-02 -4.56277095e-03
  6.46407455e-02  3.40506844e-02 -4.61690016e-02  2.21235165e-03
 -6.05113506e-02 -1.72558315e-02 -2.54454724e-02 -5.36136292e-02
  6.91173747e-02  5.77579401e-02  6.92445785e-02  8.16310793e-02
  2.73348298e-02  1.01774998e-01  3.56726572e-02  7.81259909e-02
 -2.07338464e-02  3.34381983e-02  7.12969154e-02 -1.31003071e-32
 -3.10782436e-02 -3.10148462e-03 -2.36247126e-02 -1.06679201e-02
  7.10696215e-03  1.08652087e-02 -3.95444930e-02 -6.34758547e-02
 -5.31360172e-02 -1.76216066e-01 -6.31949678e-02 -1.02978647e-01
  9.09909233e-02  3.11069805e-02 -6.51574880e-02 -2.01451499e-02
 -6.50024042e-02 -5.42723909e-02 -5.06277494e-02 -3.70543338e-02
  2.68967487e-02  6.92314841e-03  5.13454080e-02  4.17812578e-02
  2.97562070e-02 -5.15347384e-02 -4.86983210e-02 -4.91387025e-02
 -3.05968132e-02 -8.45668837e-03  7.78600499e-02  8.32807273e-02
 -1.29246023e-02  1.11701913e-01 -1.34193152e-02 -6.59582019e-02
  1.60572194e-02  4.88485210e-02 -1.26382802e-02  9.02733430e-02
  6.98298663e-02  9.97367576e-02  2.25061774e-02 -2.84243934e-02
 -8.15381184e-02 -2.89487951e-02 -2.78323889e-02 -1.43693417e-01
  3.54757644e-02 -2.93291453e-02  7.15347156e-02 -8.02466832e-03
 -3.14618908e-02 -6.46437779e-02  2.59717591e-02 -4.03272994e-02
  2.21024230e-02 -5.85531332e-02 -5.34941591e-02  8.32000934e-03
  6.27333224e-02  5.75161427e-02 -3.52929644e-02 -3.43655385e-02
  1.11966699e-01 -3.27120945e-02 -2.01539998e-03  8.54404271e-03
 -3.28482613e-02 -1.31863970e-02  5.28153442e-02 -2.87591442e-02
 -1.22000001e-01 -6.44445345e-02  2.86688861e-02 -5.10983244e-02
 -1.16459997e-02  7.80526083e-03 -2.52910759e-02  2.08492614e-02
 -5.41442782e-02 -3.52669656e-02  4.21402454e-02 -3.42486170e-03
 -6.49412945e-02  7.88024962e-02 -4.20115218e-02 -9.43946559e-03
 -1.76759008e-02  8.39545131e-02 -3.46743874e-03  7.37351039e-03
  2.24957056e-02 -2.35131639e-03 -2.86577381e-02 -6.28433909e-08
 -1.56243052e-03 -4.03468944e-02  7.93705732e-02 -5.13897464e-03
 -2.58380193e-02 -3.21741179e-02  1.28976852e-02  1.10347206e-02
 -2.19956809e-03  9.69641842e-03  2.86250599e-02  2.34018662e-03
 -5.68116270e-02  4.28641252e-02  2.87478864e-02 -8.61263946e-02
  6.96399137e-02 -1.61778345e-03 -5.61904311e-02 -3.27131115e-02
 -1.97028834e-02 -4.40037623e-02 -9.11695063e-02 -5.08531462e-03
  3.30619030e-02  1.14553049e-02  1.92839392e-02 -1.19689256e-02
  7.97618553e-03  6.58912808e-02  2.62997206e-02 -1.65844336e-02
  1.28482133e-02 -5.44305220e-02 -2.37830356e-02 -3.15627009e-02
  2.97299586e-02  1.15860747e-02 -4.08054106e-02  2.03795154e-02
  8.50441754e-02 -3.39734890e-02  4.36921557e-03 -1.10610547e-02
  8.16063304e-03 -2.63094772e-02 -4.03602198e-02  8.07199329e-02
 -4.52620611e-02 -5.92743792e-02 -7.34498948e-02  2.48614307e-02
  4.03595865e-02  3.97661962e-02 -1.72229670e-02 -4.46244590e-02
  5.30054010e-02  4.61965092e-02 -5.36143035e-02 -4.61030677e-02
  1.08097062e-01  6.02938123e-02  5.00142984e-02 -4.84302230e-02]