[-4.97256964e-02  6.53942302e-02  1.78580359e-02 -4.38845083e-02
 -5.12663200e-02 -1.90278608e-02  7.25805312e-02  1.12146705e-01
 -5.08076162e-04  1.01959750e-01  6.49331659e-02 -7.66248479e-02
  1.76976044e-02 -2.30367258e-02  7.01669045e-03 -3.00153252e-03
 -2.73564109e-03  2.80752257e-02  2.72446927e-02  6.37070984e-02
  3.06128711e-02 -1.01875655e-01 -1.16364487e-01  7.48234838e-02
 -1.23632669e-01  9.43862181e-03 -8.92153010e-02  5.93774952e-02
 -3.12982164e-02 -7.01983124e-02 -6.62523881e-02  5.23912162e-02
  3.33347991e-02  9.58482642e-03 -5.83559461e-02  6.82211947e-03
  7.06733018e-02 -1.00753203e-01 -6.85001165e-02  8.78786519e-02
 -1.24050491e-02  2.41359714e-02 -5.36313467e-02 -6.73419982e-02
 -2.89876629e-02  4.73465677e-03  2.53678393e-02  2.59837881e-02
  2.20556930e-03 -4.09852974e-02 -7.98221603e-02  2.99070198e-02
  9.92717221e-03 -5.43099754e-02 -1.66581478e-02  1.30731715e-02
  3.39246430e-02 -2.45117396e-02  7.98255429e-02  3.73504423e-02
 -5.15925437e-02  1.54554909e-02 -4.42432967e-04  4.18668613e-02
 -1.09397736e-03 -6.03823364e-02 -8.62730816e-02 -5.91931194e-02
 -3.50052789e-02  8.92991424e-02  6.36722818e-02 -8.45261365e-02
 -5.48883937e-02 -1.78733524e-02 -5.27769588e-02  1.30928248e-01
  2.90407352e-02  3.60720512e-03 -7.49971867e-02 -6.31541908e-02
 -1.13336733e-02  3.13031785e-02 -1.42558683e-02 -8.96037742e-02
  3.22055025e-03 -4.43154350e-02  2.15370022e-02 -5.83830616e-03
 -3.51871992e-03  3.51596111e-03  3.78697179e-02  8.59996304e-02
 -1.34422705e-01 -3.94323654e-02  3.54485102e-02  3.33832353e-02
  3.58213261e-02 -8.65894929e-02  5.72712868e-02  1.13588497e-02
  9.75412130e-02 -2.05494557e-02 -8.06032401e-03 -3.21433460e-03
 -4.88500595e-02 -3.09269242e-02 -1.85603779e-02 -6.93244115e-02
  5.55775268e-03  4.26469855e-02 -3.51488329e-02 -4.62607108e-02
 -3.92565802e-02  3.22091170e-02 -4.96778227e-02  3.45051251e-02
 -2.66696215e-02 -2.55260728e-02 -9.38058179e-03 -2.05344409e-02
  2.83126347e-02 -3.23463492e-02  8.22951496e-02  4.89284843e-03
  5.23305312e-02 -4.72436734e-02  1.42176943e-02  1.32833551e-32
  1.00100832e-02 -5.76638132e-02 -2.11698841e-02  9.49401874e-03
  3.65937292e-03  9.60204676e-02 -8.55533555e-02  3.15306522e-02
  1.20259216e-03  3.94233502e-02 -6.63630292e-02  1.87830382e-03
 -1.50153646e-02 -1.76977683e-02  8.16452131e-02  2.35025547e-02
  7.39433318e-02 -8.80302936e-02 -6.36703521e-02 -2.26196740e-02
 -2.27705091e-02 -6.75848639e-03  3.39612477e-02 -3.07631344e-02
  3.51487659e-02  1.29792273e-01 -3.61574665e-02 -8.75164717e-02
 -9.64154154e-02  4.04394232e-02  3.56790945e-02 -5.58540113e-02
  5.85013488e-03  2.39004809e-02 -4.76565808e-02 -6.58423901e-02
  3.68962847e-02  2.09228508e-02 -6.79164752e-02 -4.55730371e-02
  2.66752336e-02 -2.22713854e-02 -1.47795705e-02  6.31175935e-02
  1.92763340e-02 -4.33897600e-02  9.11011100e-02 -4.37907726e-02
  7.74051920e-02 -8.17926507e-03  4.50011343e-03 -7.99761678e-04
  3.06017417e-02 -1.00061104e-01  4.58828919e-03  3.33896577e-02
 -9.62403715e-02 -1.37008503e-02 -6.01664856e-02  5.17973560e-04
  5.50177433e-02  1.14608055e-03 -5.54119013e-02 -3.62697691e-02
 -8.65447428e-03 -3.30757201e-02  4.71675210e-02  5.33775166e-02
  8.42729807e-02  7.70937791e-03 -5.88085651e-02 -3.80217358e-02
 -2.01676060e-02  2.08696164e-03 -8.43080226e-03  2.43689306e-02
  5.79147339e-02  2.23940965e-02 -3.84132899e-02  2.09334958e-02
 -1.58883948e-02  6.39564767e-02  5.94376512e-02 -2.39023864e-02
  4.84086014e-02  8.42602085e-03  1.02706246e-01  6.77886978e-02
 -4.10187244e-02  4.37478907e-02  9.60368942e-03  8.53773430e-02
  1.92868989e-02 -7.87350163e-02  3.17118093e-02 -1.50871438e-32
 -2.04094574e-02  5.82661899e-03 -2.64222361e-03 -9.65605024e-03
  3.58969420e-02 -4.78989221e-02 -4.40496765e-02 -4.35438566e-02
 -1.61690526e-02 -1.44446775e-01 -8.29057992e-02 -1.24265850e-01
  7.47914165e-02 -4.83125225e-02  6.60160333e-02  7.76958242e-02
 -1.50271893e-01  1.16539747e-02 -1.03135556e-01  1.29704899e-03
  6.61180122e-03  3.60816866e-02  9.50535536e-02 -3.66507657e-02
 -6.80075586e-02 -5.48189431e-02 -3.49418446e-02 -2.02944074e-02
 -6.55526444e-02  2.28189994e-02 -1.05519593e-02  4.48399968e-02
  1.64473448e-02  7.21702352e-02 -4.26487019e-03 -1.24289822e-02
  2.72145960e-02 -3.00360168e-03  7.47731829e-04  1.25558078e-01
  2.44271401e-02  8.42007324e-02  3.75700556e-02 -8.45776424e-02
 -7.29242456e-04  1.11716008e-02 -1.92173030e-02 -8.53412747e-02
 -3.48053798e-02 -4.29595960e-03  1.10203400e-02 -6.67756200e-02
 -2.89547089e-02 -4.52496298e-03  5.07664420e-02 -7.64255524e-02
  1.44170085e-03 -1.83175635e-02 -7.96536207e-02  3.78267616e-02
  7.74457008e-02 -3.95268686e-02 -5.32315262e-02 -2.88220085e-02
  4.54984605e-02  6.40910342e-02  4.24000509e-02 -9.24382173e-03
 -3.50123160e-02  2.76512839e-02  4.68372442e-02 -1.54085988e-02
 -8.35096315e-02  8.12598690e-03  7.61486078e-03  5.35925804e-03
 -7.92618990e-02  7.72264525e-02 -9.84689686e-03  2.19213194e-03
 -1.03152491e-01 -9.87911876e-03 -2.63896305e-02 -1.97605286e-02
  2.87515856e-02  7.26951510e-02 -3.69074084e-02  1.49929319e-02
  7.62214279e-03 -9.23691690e-03  1.76395215e-02  2.51116455e-02
  3.13348928e-03 -1.83206145e-02 -5.84633788e-03 -7.03136536e-08
  2.03282349e-02 -1.36046112e-02 -1.22725163e-02  2.37460677e-02
  7.95979127e-02  2.24624928e-02  3.33383842e-03 -4.13599908e-02
 -3.84923327e-03  3.17721367e-02  1.97110623e-02 -5.76996207e-02
  1.57458838e-02 -9.78646707e-03  2.70385505e-03  5.21987155e-02
 -1.23359272e-02  6.81195408e-03  6.26529800e-03  3.97804081e-02
  3.38645838e-02 -1.28390510e-02 -5.91593198e-02  1.91259496e-02
 -5.69685129e-04 -4.09897603e-02 -8.84449184e-02 -1.98537055e-02
 -2.36473959e-02  3.10416613e-02  2.48014648e-02 -2.19439007e-02
  4.65250351e-02 -1.11195154e-01 -2.09657382e-03 -7.54004810e-03
  6.02621101e-02  1.70307215e-02 -3.37545462e-02  2.00991891e-02
  1.39122009e-01  3.83769833e-02 -4.32026535e-02 -1.17800394e-02
 -1.61443744e-02  5.50940111e-02  2.48287804e-02 -1.40657593e-02
  2.27050576e-02  4.89976592e-02 -5.71615212e-02  2.76497081e-02
  5.86481802e-02  3.33951339e-02 -4.79231402e-02 -5.00270054e-02
  3.27552967e-02  6.37347847e-02 -4.82506901e-02 -5.18714413e-02
  7.82896206e-02  8.43906626e-02 -4.60440107e-02 -6.18718863e-02]