[-3.85483094e-02  6.65044412e-02  1.28610814e-02  3.23842801e-02
 -9.30420533e-02 -5.71693876e-04 -3.02379355e-02  6.73536882e-02
  4.20621037e-02  8.42016563e-03  2.21396033e-02 -5.60453534e-02
 -6.07991107e-02 -1.64909903e-02 -5.18107191e-02 -3.73525918e-02
 -7.28386268e-02  9.75724217e-03  1.43928546e-02  3.38877216e-02
  1.32209986e-01 -7.01321959e-02 -4.58476320e-02  7.46592805e-02
 -2.43759137e-02  2.42430661e-02 -6.35756925e-02 -6.50581715e-05
 -2.36642100e-02  4.39687334e-02 -3.92880291e-02  6.10786192e-02
  6.76098093e-02 -6.31492585e-02  7.39264488e-02  3.31289992e-02
  5.58568910e-02 -5.52837923e-02  3.68398242e-03  1.00886300e-02
 -2.70303227e-02 -3.35392170e-02  3.14051695e-02  3.31410617e-02
  5.29342005e-03  3.03061567e-02  5.14131933e-02  3.47090550e-02
 -1.04631864e-01  6.97546080e-02 -1.43854395e-02  4.07752069e-03
 -2.27986909e-02 -9.19812918e-03 -6.41821971e-05  4.77034971e-02
 -5.44996336e-02 -5.26544405e-03 -4.71928506e-04 -6.23055035e-03
 -3.15227569e-03  4.89099659e-02 -5.72718382e-02 -1.94802675e-02
  8.16853775e-04 -2.47214045e-02  2.12651826e-02 -5.18661961e-02
 -4.86502647e-02 -5.56609407e-02  4.19623293e-02 -5.87192550e-03
  9.48592946e-02  6.04989603e-02 -1.71206072e-02  4.07355838e-02
 -5.95879108e-02  4.62852865e-02  2.37789154e-02 -1.15136743e-01
 -2.67710700e-03 -3.70858721e-02 -2.93568871e-03 -2.98641492e-02
  2.44192202e-02  1.41123654e-02 -3.46183591e-03  2.83622704e-02
  2.61137765e-02  2.61669587e-02  6.13711290e-02  9.45165679e-02
 -8.41747131e-03 -5.45294993e-02 -4.16326569e-03 -1.47628607e-02
  5.21088345e-03  1.99668314e-02  6.25609234e-02  2.31912863e-02
  1.76926032e-02  8.80142301e-02 -4.44180891e-03  5.69623560e-02
 -5.26946336e-02  2.07774639e-02 -8.46110061e-02 -7.22075626e-02
 -3.17812823e-02  1.04827583e-02 -6.43750429e-02 -4.18536626e-02
 -5.03394427e-03 -8.68732482e-02 -4.60587628e-02  2.32219957e-02
 -3.40041593e-02  3.12730600e-03  8.50684047e-02  2.26048082e-02
 -6.17308263e-03 -2.47404985e-02  9.12305620e-03  7.97337480e-03
 -9.95801389e-03 -8.47570598e-02  1.03931047e-01  1.82471048e-32
 -2.55497359e-02 -1.51525950e-02 -2.01011077e-02  1.06785456e-02
 -5.69514139e-03  4.59710732e-02 -8.25252980e-02 -4.62877154e-02
  1.08094864e-01 -4.62628007e-02 -2.02937610e-02  3.69050913e-02
 -1.87665988e-02 -6.50925040e-02  8.92128497e-02  4.44209576e-02
  7.16061890e-02  5.67262992e-02  3.15756798e-02 -3.39660197e-02
 -4.34855465e-03  5.90293854e-03  2.49477103e-02 -7.01454729e-02
  3.29675116e-02  1.54944256e-01 -7.07921479e-03 -2.54714140e-03
 -7.92754740e-02  4.02758010e-02  1.01508833e-01 -4.32586484e-02
 -2.23694053e-02 -6.24040961e-02  5.59856789e-03 -7.61423667e-04
  6.04230538e-02  2.11690776e-02 -1.33898044e-02  1.71008632e-02
 -5.00099547e-02  1.09105213e-02  8.19509700e-02 -3.95481428e-03
  5.52785024e-03 -3.27126123e-04  1.17092021e-01  7.04184771e-02
  2.10975066e-01  6.72593713e-02 -4.35477681e-02 -8.20410773e-02
 -1.07358433e-02 -1.25651658e-01  3.23040076e-02 -8.29598773e-03
 -4.64761145e-02  8.04370567e-02 -2.55750529e-02 -4.30658907e-02
  9.00996551e-02 -6.08192291e-03 -2.43472066e-02  1.04321707e-02
 -9.87580121e-02 -4.65103500e-02 -5.74281253e-02  1.44125391e-02
  1.35958359e-01 -1.23608364e-02 -5.78813665e-02 -1.00146625e-02
  1.67186055e-02 -2.14150064e-02  2.41482444e-02 -8.24488979e-03
  7.85827339e-02 -2.17034742e-02 -8.13786965e-03 -1.84700321e-02
 -4.11436968e-02  7.36816274e-03  1.03699468e-01 -3.51592675e-02
  5.50024025e-02  4.21651974e-02 -1.07369926e-02  1.18939355e-01
  3.22473086e-02 -1.47764888e-02  2.34862342e-02  6.07820833e-03
 -4.28752527e-02  5.41155487e-02  3.10243256e-02 -1.85409975e-32
 -4.76396037e-03 -2.41866689e-02 -2.27174144e-02 -8.06809776e-03
 -5.32838218e-02 -3.37711610e-02 -4.00862359e-02  1.45413168e-02
  5.84165044e-02 -1.03612848e-01 -2.38265358e-02 -6.62532970e-02
  5.09535298e-02 -5.44401519e-02 -4.95217219e-02  4.42805327e-02
 -3.65294404e-02 -7.89792836e-02 -4.65845801e-02 -2.16167346e-02
 -3.06662321e-02  6.14794455e-02 -4.86791357e-02 -6.66801408e-02
  1.32602304e-02 -7.36571401e-02 -1.38429157e-03 -5.11462614e-02
 -2.92875022e-02  3.67755094e-03 -2.82266401e-02 -9.54068452e-02
 -2.00608093e-02  6.31124601e-02 -2.72555016e-02 -4.87617925e-02
  5.34755513e-02  2.69772056e-02  5.73541457e-03  1.16773985e-01
  3.33878351e-03  6.66249841e-02  2.47208141e-02 -3.13019939e-02
 -5.99019323e-03  1.62710957e-02 -2.48556323e-02 -2.88681388e-02
  5.96770085e-02 -3.44899856e-02  3.03012375e-02 -9.52580944e-02
 -1.45186177e-02 -6.51033148e-02  4.58438508e-02  2.90764123e-02
  1.74649954e-02 -4.15946953e-02 -8.19915384e-02 -6.82523800e-03
 -8.74963310e-03 -3.77898328e-02  1.19512668e-02  2.49064192e-02
  5.43076806e-02  2.20859405e-02 -6.68681785e-02 -9.73311160e-03
  3.36792693e-02 -4.58855554e-03  9.73182172e-02 -8.91726017e-02
 -1.29396379e-01 -5.69252819e-02 -5.32583781e-02 -5.05390652e-02
  7.08617717e-02  4.60802093e-02 -2.56008618e-02  3.23156780e-03
 -1.17419317e-01  6.89032078e-02 -5.04149757e-02 -2.55128816e-02
 -8.43647718e-02 -5.34326863e-03  3.57883684e-02 -5.58937192e-02
 -5.59316389e-02  1.51779307e-02 -3.56614143e-02  1.58560518e-02
 -2.03732625e-02  5.60881756e-02 -4.82109189e-02 -7.32477048e-08
  1.81613322e-02  3.26928240e-03 -3.95866819e-02  1.01563185e-02
  4.67057005e-02 -6.29028454e-02  2.62308940e-02  2.00193748e-02
  4.48720679e-02  4.21809591e-02  2.71745697e-02 -1.78672206e-02
 -3.71638015e-02 -4.20537665e-02 -1.78836640e-02  2.80216266e-03
  6.13868702e-03  8.01526830e-02 -5.45382872e-02 -6.60387129e-02
  8.97617489e-02 -8.42169300e-02  7.88643677e-03 -8.83610621e-02
 -5.19084372e-02  1.98777597e-02 -8.08632448e-02  7.57602155e-02
 -1.75927281e-02 -1.06052710e-02 -4.39615101e-02  3.01258527e-02
  4.66242582e-02 -1.11683272e-01 -5.64891882e-02  5.03291702e-03
 -1.11757210e-02  6.42597303e-02 -6.01574294e-02  2.84776986e-02
  8.38788971e-02 -3.57062481e-02 -1.02326004e-02  3.31172124e-02
  6.49534017e-02 -1.57090966e-02 -3.45264236e-03 -8.78151972e-03
 -7.60132156e-04  3.20228413e-02 -2.69592796e-02  2.56232801e-03
 -3.35870907e-02 -4.02035937e-02 -9.99143496e-02  3.88234369e-02
  4.57581282e-02 -2.42573321e-02 -4.40269373e-02 -3.88224684e-02
  3.50072309e-02  5.66032305e-02 -1.29101099e-02 -7.30357394e-02]