[-4.27569859e-02 -3.94090731e-03 -6.95784092e-02 -5.40783107e-02
 -8.37073475e-02  3.10029443e-02  1.60072967e-02  2.61789523e-02
 -4.97803614e-02  4.77509424e-02  7.80842304e-02  3.80325541e-02
 -3.98716256e-02 -7.03143375e-03 -1.72303207e-02 -4.62715887e-02
  7.60017112e-02 -1.91452373e-02  1.14791822e-02  1.82778966e-02
  5.88703826e-02  3.82966339e-03 -3.09647098e-02  1.07055195e-01
 -7.89062753e-02 -5.13843149e-02 -6.12713993e-02 -1.68674961e-02
 -1.86468307e-02  6.48608059e-02 -2.51180958e-02  6.84947297e-02
  1.39889508e-01 -3.26108560e-03 -7.87406415e-02 -3.31259705e-02
  8.62855092e-02 -5.72128184e-02  7.82261486e-04  3.16343419e-02
 -3.80092934e-02 -6.83137700e-02 -1.96182970e-02 -4.70359158e-03
  7.74735818e-03 -7.10113198e-02  4.63502202e-03  7.06611350e-02
 -4.37772200e-02 -5.24121672e-02 -5.06570973e-02 -1.25425346e-02
 -1.40776271e-02 -2.80094780e-02 -2.82738544e-02 -5.10282442e-02
 -1.03972949e-01  2.17757430e-02  4.36630063e-02  1.90070979e-02
  6.09264337e-03  1.44342966e-02 -4.24983390e-02  7.22896084e-02
  3.88809443e-02  4.78233434e-02 -6.24097325e-02 -1.32516667e-04
  1.57905463e-02  1.42716095e-02  1.57448053e-02 -4.39442806e-02
  2.96274032e-02  1.40820732e-02 -1.39535638e-02  6.71999678e-02
 -5.06203286e-02 -9.84229334e-03  4.18467633e-02 -1.15178712e-01
  3.80913131e-02  1.22215226e-03  1.26328832e-02 -2.79818624e-02
  8.06557387e-02 -4.46063876e-02  3.59904347e-03  4.03497042e-03
  2.13034879e-02 -2.74458881e-02  6.66581616e-02  8.18400607e-02
 -1.77067555e-02 -3.63550894e-02 -4.15462144e-02 -4.45515569e-03
  1.04548447e-02 -9.13225710e-02  4.70372513e-02  1.73200946e-02
  7.22413957e-02  1.17073618e-02  2.15035547e-02  7.84620792e-02
 -1.19482696e-01  3.24624777e-02  7.17680552e-04 -4.68959920e-02
  4.88705523e-02  1.32361844e-01 -1.48891389e-01 -2.84786243e-02
 -9.50346738e-02 -7.53042623e-02 -6.71799183e-02  4.26106378e-02
 -4.85506393e-02  2.89249457e-02  6.48211762e-02 -7.61321560e-03
 -6.84749708e-02 -1.04155593e-01 -1.62416343e-02 -1.00616947e-01
  8.37677419e-02  1.32755172e-02  1.41018722e-02  1.10298964e-32
 -2.53845286e-02 -6.96008578e-02  1.66502986e-02  4.52839695e-02
 -2.44043376e-02  8.61138850e-02 -9.21690091e-02  4.82603861e-03
  2.24770773e-02  5.23566343e-02 -8.07471275e-02  5.69348186e-02
 -1.02774389e-02  2.25562975e-02  1.07276142e-01 -2.15737447e-02
  1.62496548e-02 -2.55873874e-02  9.79585340e-04  1.59272067e-02
  2.87213158e-02 -3.56088616e-02 -8.09424929e-03 -2.21389867e-02
  4.49036919e-02  9.84202027e-02 -5.29931113e-02 -4.10242192e-02
  3.45316119e-02  7.12535232e-02  2.13298835e-02  2.00586300e-02
 -6.99618086e-02 -6.62383661e-02 -1.81223750e-02  2.75093578e-02
  6.63218200e-02  6.19974267e-03 -3.24167795e-02 -4.07038480e-02
  4.12712572e-03  2.52936538e-02 -4.47930070e-03 -3.17870788e-02
  3.91753092e-02 -5.21988869e-02  3.01320534e-02 -5.39073534e-02
  5.02499864e-02  1.28395528e-01 -8.11680630e-02 -1.48423109e-02
 -1.03903599e-01 -9.44054201e-02 -6.21911325e-03  1.61161143e-02
 -5.55091538e-02  1.47171184e-01 -1.27863996e-02 -5.39670847e-02
  2.88161393e-02 -2.60947756e-02  1.02205267e-02 -6.57447353e-02
  1.23371175e-02  1.69348922e-02 -3.18783782e-02 -1.91290639e-02
  1.01018794e-01  5.16885184e-02  6.15034672e-03  5.70306033e-02
 -8.71562585e-02  4.61286902e-02  3.04521862e-02  2.78643295e-02
  2.08144519e-03  2.75737736e-02 -1.78884901e-02  1.60195469e-03
 -6.68458715e-02 -2.72535328e-02 -1.71017996e-03  2.47774087e-02
  3.02418601e-02  3.97437699e-02  4.99229319e-02  6.78605810e-02
  2.41616070e-02  5.73643781e-02  5.45881782e-03  1.00780167e-01
  1.53286476e-02  1.20416760e-01  4.15023640e-02 -1.28327998e-32
 -5.54643273e-02 -4.57884111e-02 -2.96110101e-02 -4.93746623e-02
 -5.03254570e-02 -2.34371629e-02  1.16350809e-02  3.98351764e-03
  2.83818226e-02 -5.00416271e-02 -2.23033819e-02 -9.57983434e-02
  1.00532956e-01 -1.29663134e-02 -6.95797754e-03 -4.27895645e-03
 -5.06564714e-02 -6.49379864e-02 -6.06020652e-02 -2.58781817e-02
  7.44784670e-03  2.33718958e-02  3.27273123e-02 -1.82648487e-02
  6.70375377e-02 -3.40181589e-02 -3.17366831e-02 -8.32935050e-03
 -1.34373717e-02 -3.83249745e-02  3.32524851e-02  1.43596325e-02
 -5.75029589e-02  9.06181335e-02 -4.78090011e-02 -3.04180495e-02
  5.25149517e-03  5.20729274e-02 -7.73914857e-03  2.09255405e-02
  7.86877424e-02  5.41988201e-02 -1.64119955e-02 -5.09430431e-02
 -2.02630255e-02  1.45887611e-02  6.60714731e-02 -9.48154181e-02
 -4.79362858e-03 -5.92006445e-02  1.11788750e-01 -3.02612446e-02
  2.36832462e-02 -6.63455762e-03  5.20780161e-02 -4.64560417e-03
  2.31391285e-02 -8.70848373e-02 -1.27614781e-01 -3.64462137e-02
  4.99169193e-02  1.31722707e-02 -1.30570352e-01  4.50468399e-02
  9.42472592e-02 -5.25092483e-02 -2.93735452e-02  4.88803051e-02
  1.24992996e-01  2.93647517e-02  2.13742647e-02 -7.85108656e-02
 -7.98765793e-02 -3.89864258e-02 -3.48185785e-02 -6.21170737e-02
 -3.28736193e-02  7.34156743e-02  1.93007924e-02  1.63717028e-02
  1.13901300e-02  3.05424165e-03  1.36581354e-03 -6.10683151e-02
 -1.54489791e-02  1.46553908e-02  6.62716292e-03 -5.51853962e-02
  3.00999805e-02  3.60382088e-02 -3.18721756e-02  6.38196990e-02
 -9.36500207e-02 -1.65831279e-02 -9.82950926e-02 -6.26425418e-08
  3.29448245e-02 -2.81598903e-02  2.89646629e-03  6.03133328e-02
  4.73033041e-02 -4.01763059e-03 -4.06239480e-02 -1.00516295e-02
 -1.71122812e-02  4.58280668e-02 -5.57226082e-03 -3.48742381e-02
 -1.12809818e-02  2.70002782e-02  1.01278285e-02 -5.65727521e-03
  5.49084246e-02  1.76341385e-02 -4.53703366e-02 -5.79346763e-03
  2.52712946e-02 -6.22410588e-02 -9.02624577e-02 -4.36493009e-02
 -1.35526294e-02 -4.29424234e-02 -2.27562003e-02 -1.83994621e-02
  3.17780301e-02 -8.70696921e-03 -8.20062682e-02  2.34411508e-02
 -3.13664041e-02 -1.04064435e-01 -4.50108051e-02  9.98619106e-03
  4.08175178e-02  2.47520059e-02 -1.86426062e-02 -1.32187773e-02
  1.38333663e-01  1.23480277e-03 -2.95747053e-02 -1.43552739e-02
  4.03371826e-02 -3.30516435e-02  4.72072735e-02  1.47609636e-02
  2.44092718e-02 -3.08821574e-02 -5.36953062e-02  2.12014634e-02
  2.64648255e-02  1.41875176e-02 -2.32575163e-02 -3.30715738e-02
  1.87359229e-02  4.79530804e-02 -1.74471606e-02 -4.93549928e-02
  2.38506272e-02  4.43444215e-02 -2.16599628e-02 -4.02722657e-02]