[ 5.71269589e-03  4.37131673e-02 -4.73346747e-02 -3.36606503e-02
 -5.80022968e-02 -1.39050856e-02 -1.53381890e-02  1.23016261e-01
 -2.51409318e-02  5.16363978e-02  8.14472213e-02 -3.69847566e-02
 -1.10323308e-02  4.74008906e-04  3.60689946e-02 -8.69290009e-02
  4.46763039e-02  2.53241844e-02  8.09052493e-03  3.07510961e-02
  1.64115697e-01  2.78043631e-03 -9.58625693e-03  3.35938595e-02
 -6.53892457e-02 -4.70229574e-02 -3.64125818e-02  1.93660036e-02
 -4.89973649e-02 -1.36119733e-02  8.11776496e-04  8.97142589e-02
  5.84705137e-02 -4.26963158e-02  2.74994336e-02  4.37884182e-02
  6.05693366e-03  2.64993012e-02 -2.02147923e-02  4.21923362e-02
 -1.17701508e-01 -3.15550379e-02 -6.88698813e-02 -6.76078498e-02
  3.72283272e-02 -2.69027948e-02  3.23063731e-02  6.82277931e-03
 -4.09241617e-02 -3.53119113e-02 -7.02244416e-02  5.53770503e-03
 -2.96368171e-02  1.98960342e-02 -4.92402650e-02 -1.24615068e-02
  9.45272949e-03 -4.74847630e-02 -2.70883795e-02  5.11382893e-03
 -4.98845242e-03  1.71077605e-02 -1.76416188e-02 -4.53678071e-02
  4.29455712e-02 -4.64395508e-02 -2.89363228e-02 -4.25038636e-02
 -2.29348633e-02 -3.77533445e-03  7.17793033e-02 -8.80456269e-02
 -2.82487683e-02  4.03466932e-02 -3.26347463e-02  3.58881727e-02
 -1.75157394e-02  5.94698489e-02  2.27108374e-02 -1.22666694e-01
  4.80926149e-02  4.72627468e-02 -3.73685248e-02 -4.84486073e-02
  6.49146095e-04 -8.39628428e-02 -1.89997107e-02 -2.55506206e-02
  8.61019045e-02  3.32893361e-03  5.61941415e-02  5.88068180e-02
 -1.13095298e-01  5.35307266e-03 -2.49467175e-02 -4.49412838e-02
 -4.69653569e-02 -2.45902091e-02  8.68868977e-02  3.29646771e-03
  2.39593461e-02 -2.70432439e-02  8.18380900e-03 -1.87829118e-02
 -7.51207322e-02 -3.20082554e-03  2.01652199e-02 -7.74648273e-03
  3.90402190e-02  1.00925684e-01 -6.99232444e-02 -5.83798587e-02
 -9.96912196e-02 -6.85949177e-02 -4.88103852e-02  6.28857836e-02
 -2.28233058e-02 -2.54208464e-02  1.09109685e-01 -3.54322158e-02
  3.52836065e-02  1.98557582e-02  3.37354131e-02 -2.05039233e-02
  4.36688028e-02 -6.69231191e-02  2.60898620e-02  1.27415021e-32
 -2.52946578e-02 -3.27544063e-02 -5.90956621e-02  4.44888845e-02
  9.73858405e-03  2.40355711e-02 -9.34959203e-03  4.44821082e-02
  3.34689617e-02  1.75020602e-02 -1.27081349e-02  8.37405175e-02
 -2.84558777e-02 -3.36963460e-02  9.28134248e-02 -2.13986635e-02
  2.27374975e-02  7.33645335e-02 -8.41569807e-03 -2.13066954e-03
  4.73900512e-03  4.47119400e-03  3.87448333e-02 -4.99603748e-02
  2.57138349e-02  3.40210795e-02 -5.52920997e-02 -2.43513212e-02
 -1.82826798e-02  2.77626626e-02  9.24489796e-02 -4.38453145e-02
  2.20158715e-02 -6.05997033e-02 -5.15133105e-02  2.45818254e-02
 -2.62137298e-02 -1.93303321e-02 -2.94513516e-02 -2.86918618e-02
 -5.05960174e-02  2.93045659e-02  1.25804543e-01  9.62424558e-03
  4.99569066e-02  6.61190785e-03  6.20343052e-02  3.51851508e-02
  9.99337882e-02  5.76743782e-02  1.28860408e-02 -7.54166692e-02
 -4.00503837e-02 -5.21417558e-02  6.12450391e-02  2.86010411e-02
 -4.65743989e-02  4.98664118e-02 -1.40937511e-02 -3.73730548e-02
 -5.88430986e-02 -7.41133327e-03 -5.18795103e-02 -1.61441620e-02
 -3.64707410e-02 -8.20831284e-02  2.05877014e-02  4.45216484e-02
  1.57406405e-01 -3.32008861e-03 -1.25355944e-01  1.99051225e-03
 -2.78149135e-02  6.82586432e-02 -5.55057153e-02 -1.12369377e-02
  3.58746126e-02  2.80635692e-02 -5.73208481e-02  8.42014211e-04
 -4.19976786e-02  2.81879380e-02 -8.20972547e-02  1.61070172e-02
  9.24586058e-02  1.04929231e-01  5.46647310e-02 -4.65403078e-03
  6.30261302e-02  3.29220332e-02  3.57775167e-02  7.31448829e-02
 -4.46787551e-02  6.90403283e-02  2.78967023e-02 -1.39447323e-32
 -3.55265476e-02 -1.42408088e-02 -5.43785840e-02  3.30496654e-02
 -2.24380307e-02  2.04562042e-02 -3.32820192e-02 -5.81463538e-02
 -9.46904570e-02 -1.40408322e-01 -1.10427551e-01 -1.30445138e-01
  4.07903492e-02 -3.67258489e-02 -9.86188129e-02  1.85802151e-02
 -6.29720017e-02 -7.34472498e-02 -3.06908898e-02  3.97094414e-02
 -1.76979302e-04  6.55754581e-02  6.81835925e-03  3.52861336e-03
 -4.03912924e-02 -4.00416702e-02 -6.05558343e-02 -2.55361907e-02
 -5.93991093e-02 -1.30996890e-02  4.62998487e-02 -3.53110693e-02
 -5.28840125e-02  7.21518397e-02 -2.43439991e-02 -7.45923221e-02
  2.96954140e-02 -1.69294067e-02  5.05045243e-03  1.27148032e-01
  7.58443475e-02  7.45869502e-02  1.86936986e-02 -2.21199002e-02
 -4.40574065e-02 -6.87097609e-02 -1.41325798e-02 -1.15979724e-01
  5.42347878e-02 -4.86411899e-02  7.42271170e-02 -4.80853505e-02
 -6.25469629e-03 -7.12522641e-02  2.28386857e-02 -6.57836497e-02
  2.74933688e-02 -6.34110644e-02 -7.42062926e-02  1.58334076e-02
  9.66545269e-02  2.67278310e-02 -1.14661986e-02  5.83077595e-03
  1.28047824e-01  3.18416506e-02 -5.58582786e-03  7.31790140e-02
 -4.20619361e-02  4.34495658e-02 -6.21165746e-05 -5.20419702e-02
 -1.78529546e-02 -7.10236281e-02  9.06766206e-03 -9.12631769e-03
 -1.14579853e-02  1.21294586e-02 -2.79277582e-02  7.12243095e-02
 -7.20219687e-02  1.98035073e-02 -2.22178865e-02 -5.90519011e-02
 -4.50828150e-02 -1.56408884e-02 -1.81044880e-02  5.33860084e-03
  1.80013664e-02  3.02607194e-03 -5.63036613e-02  7.73698315e-02
  5.69373071e-02 -2.30310280e-02 -4.88741472e-02 -6.48384955e-08
 -4.69002593e-03  2.61505164e-04  2.85546090e-02 -2.04445273e-02
  5.18528186e-02 -2.73832995e-02 -2.68330108e-02  2.94726007e-02
  1.14268400e-02  2.29771584e-02 -3.65768708e-02 -4.76972945e-02
 -3.79060023e-02  3.69284605e-03  4.13223282e-02 -5.66408895e-02
  9.51095521e-02  7.89083019e-02 -3.92551273e-02 -6.74166456e-02
  3.44258063e-02 -6.31022360e-03 -1.46561116e-01 -5.36167398e-02
  3.27225253e-02 -1.48604065e-02 -3.10176406e-02  1.80428382e-02
 -3.06025054e-03  8.32758248e-02 -2.61927955e-02 -4.38747369e-02
  1.26925230e-01 -7.36641930e-03  4.66343910e-02 -4.75250594e-02
  2.84854714e-02  5.69335371e-03 -6.01244904e-02  5.76864637e-04
  8.54767784e-02 -1.69241074e-02  7.40813604e-03 -1.93206109e-02
  3.98276225e-02 -2.34988555e-02  2.25508586e-02  7.26950020e-02
  8.21875595e-03  2.14746129e-02 -5.16859554e-02 -3.30379093e-03
  3.10608707e-02  3.16798799e-02 -3.54024321e-02  1.10428128e-02
  1.53253628e-02 -9.92838666e-03 -4.11922187e-02  1.50375320e-02
  6.67957738e-02  5.89733310e-02 -2.67337412e-02  2.42429636e-02]