[-1.52221499e-02  6.42646477e-02 -4.46438044e-02 -8.81757736e-02
 -7.92458802e-02  2.15296373e-02 -2.79672053e-02  7.20084980e-02
  4.04026359e-02  5.53703867e-02  4.61201631e-02  5.45196980e-03
  3.10470234e-03 -1.65948656e-03  2.43180282e-02 -1.03640839e-01
  1.10370263e-01 -4.03865986e-02  5.42552732e-02  4.11987863e-02
  1.26997635e-01 -1.68538950e-02 -7.51693323e-02  2.05913354e-02
 -9.26687047e-02 -4.54762727e-02 -6.27801120e-02  2.25317795e-02
 -6.69490639e-03  5.98346721e-03 -2.06500143e-02  6.86945617e-02
 -2.11264510e-02 -2.59811319e-02 -4.02439851e-03  2.20333878e-02
  3.39990295e-02 -2.21464299e-02 -1.21813053e-02  7.37330317e-02
 -4.90558743e-02 -4.98394221e-02 -4.96101081e-02 -8.76379237e-02
  1.40811782e-02 -5.32058626e-03 -4.34599351e-03 -2.74420902e-02
 -3.99691835e-02  1.30295265e-03 -9.46068689e-02 -3.08651514e-02
  2.12874617e-02  2.67727226e-02 -3.45087945e-02 -7.05372617e-02
 -4.94786864e-03 -4.65315348e-03 -3.52059267e-02 -3.33567001e-02
 -9.78609733e-03  2.06487197e-02 -7.78291002e-02  2.17723325e-02
  6.62253797e-02 -2.10720394e-02 -6.64389133e-03 -4.65695886e-03
 -1.89668406e-02  2.39401534e-02  3.16619053e-02 -6.25412688e-02
  2.52524596e-02 -4.41539772e-02 -5.25726750e-02  4.92897779e-02
 -1.53190764e-02  6.48414418e-02  5.10459058e-02 -1.86091036e-01
  4.27181683e-02  5.68722934e-02 -2.40729991e-02 -1.84227563e-02
 -2.63984706e-02 -6.49540201e-02 -9.28236265e-03  2.20334250e-02
  8.10101703e-02 -4.14303802e-02  8.02703351e-02  2.82403566e-02
 -5.24331592e-02 -3.42493667e-03  5.99188963e-03  5.69210062e-03
 -6.28186390e-02  1.63430944e-02  7.88913146e-02  1.55469747e-02
  8.79916102e-02  2.92470604e-02  1.20324176e-02  5.71781769e-02
 -7.72541985e-02  4.03829515e-02 -4.45420220e-02 -8.50325916e-03
  2.27684285e-02  6.20844848e-02 -8.25561583e-02 -7.81388581e-03
 -7.18143731e-02 -7.78159276e-02 -5.20569086e-02  3.63022052e-02
 -6.11060746e-02 -1.83622614e-02 -1.08754439e-02 -6.01472240e-03
  1.75036397e-02  1.03432015e-02 -2.63815299e-02 -4.94678020e-02
  7.86462203e-02 -2.45870594e-02  8.34693909e-02  1.15425295e-32
 -8.99661519e-03 -7.69863203e-02  1.80686321e-02 -1.07425191e-02
 -2.86804903e-02  4.62342389e-02 -4.12491485e-02  5.86472824e-02
  6.17049262e-02  2.87609175e-02 -8.09393600e-02  6.42997026e-02
 -6.76188106e-03  1.61982123e-02  3.46783325e-02 -1.07631339e-02
  4.71339736e-04  3.96822505e-02 -3.36997956e-02 -1.74367595e-02
  2.55270588e-05 -5.36630750e-02  1.56998616e-02 -3.63431801e-03
 -1.02658048e-02  6.08616993e-02 -4.29411158e-02 -2.21451037e-02
 -7.93621838e-02  3.49877737e-02  6.45486936e-02 -1.24767534e-02
  3.43717821e-02 -4.20998898e-04 -8.29985663e-02  2.65292842e-02
 -2.22164020e-02 -1.51096191e-02 -1.83705632e-02 -5.54249622e-02
 -5.70852719e-02  3.41114625e-02  8.92536640e-02  4.14272435e-02
  1.76325552e-02 -2.02857070e-02  2.63181664e-02 -3.31907086e-02
  9.95380133e-02  1.00162007e-01 -1.30618159e-02 -5.74099645e-03
 -2.62002163e-02 -1.80309452e-02  8.92645400e-03  2.31488626e-02
 -7.53930658e-02  8.82359594e-02 -2.01348383e-02 -7.82091245e-02
 -2.55097505e-02  2.86860317e-02 -6.66737184e-02  1.44841047e-02
 -4.91371900e-02 -3.57341021e-02 -1.89685393e-02  7.41700456e-03
  9.94022489e-02 -1.60394143e-02 -1.20106444e-01 -7.00426928e-04
  4.81709801e-02  7.37482980e-02  1.52071184e-02 -3.99885252e-02
  3.58299464e-02 -3.71543430e-02 -2.82171462e-02 -1.25362398e-02
 -7.95102566e-02  1.27838217e-02 -8.05903077e-02 -1.08625153e-02
  3.96493375e-02  4.45138626e-02  8.27743113e-02 -2.95881499e-02
  2.45303623e-02  5.27572334e-02 -1.15767960e-02  4.67477068e-02
 -3.44144218e-02  7.24031031e-02  5.22829890e-02 -1.43263110e-32
 -6.45869318e-03 -1.19047044e-02 -5.55713512e-02  1.87992081e-02
  3.88118960e-02  5.80156744e-02  5.16314916e-02 -1.95377059e-02
 -6.81217387e-02 -4.60881852e-02 -5.45123369e-02 -6.39081374e-02
  8.67249370e-02  4.25756164e-02 -8.37354437e-02  2.16874164e-02
 -1.17171198e-01 -1.31567987e-03 -4.14162055e-02  2.53692418e-02
  6.38987869e-02  1.04198426e-01  5.88433668e-02 -6.57474110e-03
 -4.55754949e-03 -6.06128871e-02  3.97588406e-03 -6.88568801e-02
 -5.04358970e-02 -1.80519596e-02  1.11252964e-02 -3.34868506e-02
 -7.01912642e-02  1.22386038e-01 -1.35338828e-02 -4.47747521e-02
  1.00545228e-01 -3.83976847e-02 -3.85829508e-02  6.49727955e-02
  5.59921339e-02  7.11866990e-02  3.31338532e-02 -1.57917794e-02
 -5.74337877e-02  1.10287797e-02 -1.77299231e-02 -1.28521025e-01
  2.23738663e-02 -8.82404149e-02  5.88609762e-02 -1.00442814e-02
  1.06265256e-03  9.03817918e-03  6.96486458e-02 -4.71172109e-02
 -7.63942972e-02 -1.22037128e-01 -1.37620047e-01  2.24524941e-02
  9.14952159e-02  5.96741475e-02 -6.05158880e-02 -3.10618784e-02
  1.62470654e-01  4.16851556e-03 -2.31844690e-02  3.77604216e-02
  2.67251730e-02  2.78117154e-02 -2.08976250e-02 -6.71629980e-02
 -4.21107411e-02 -8.55471417e-02  7.55923614e-02 -2.54903827e-02
 -2.61287577e-02 -6.18685149e-02 -8.23754817e-02 -5.32188639e-03
 -3.29434425e-02 -1.22150062e-02 -6.87494781e-03 -1.20382954e-03
 -2.08091754e-02  4.82741110e-02 -3.10084596e-02 -7.78100500e-03
  1.78428777e-02  6.42713755e-02 -5.52347265e-02  4.40676138e-02
  5.41580170e-02  1.20638739e-02  7.52678048e-03 -6.70648816e-08
  9.69642308e-04 -7.05849146e-03  5.35139553e-02  2.57891733e-02
 -2.33952813e-02 -5.99361956e-02 -1.13886101e-02 -1.47747137e-02
 -3.57683823e-02  6.20195754e-02  8.99913907e-02 -8.08067843e-02
 -7.22995400e-02 -2.46423557e-02  3.00907157e-03 -6.53877705e-02
  1.54741909e-02  6.07413463e-02 -5.21978512e-02 -6.08871467e-02
  7.87307695e-02 -3.40120345e-02 -7.76565596e-02 -3.59004363e-02
  5.32492585e-02  1.39363175e-02 -2.82882657e-02 -7.11771427e-03
 -1.95940975e-02  4.46313582e-02 -1.54332677e-02 -4.37611854e-03
  4.22840826e-02 -5.48852272e-02 -3.76544930e-02 -2.63829343e-02
 -4.77980487e-02  9.32279304e-02  8.06936994e-03  8.88761133e-03
  2.41440516e-02  1.30867511e-02 -4.43689972e-02  1.12745855e-02
  5.96876554e-02 -1.14699807e-02 -8.36560428e-02  4.97310720e-02
 -1.64215751e-02 -5.59527650e-02 -7.76460096e-02 -4.15148810e-02
  8.64361674e-02  5.84260151e-02  8.26183427e-03  1.12796593e-02
  2.84841675e-02  7.60873500e-03 -2.89035328e-02 -1.77224707e-02
  9.68451127e-02  5.76968230e-02 -4.03337516e-02 -1.92302577e-02]