[-4.41136099e-02 -7.23665655e-02 -4.31200601e-02 -1.30418822e-01
 -3.77210900e-02 -1.71244773e-03 -4.07511257e-02  7.99168795e-02
 -5.56924427e-03  8.94482806e-02  6.96583688e-02 -6.89076409e-02
 -3.78842168e-02 -9.91056673e-03 -1.68797858e-02 -5.50094619e-02
 -4.95140813e-03 -1.69549379e-02  4.35366631e-02  2.56613903e-02
  5.27622700e-02 -5.44377714e-02 -6.41463846e-02  1.41968010e-02
 -4.62211780e-02 -1.74267660e-03  1.11279078e-03 -1.09542171e-02
 -9.09692496e-02 -5.83944172e-02  3.00699025e-02  3.35718878e-02
  9.46861431e-02 -6.96502812e-03  3.19703966e-02 -9.69746057e-03
 -6.37746125e-04 -8.52944329e-02 -7.99262151e-02  5.22907898e-02
 -3.92060634e-03 -5.63182216e-03 -3.84456068e-02 -4.40639146e-02
 -1.51679413e-02 -6.69242516e-02  7.15163499e-02  2.00530738e-02
 -5.44765452e-03 -1.92161147e-02 -3.89202945e-02  1.06566483e-02
 -5.59351407e-02  7.77192414e-03 -1.48500605e-02 -5.25180390e-03
  1.30960084e-02  4.19182479e-02  4.59963679e-02  4.09868471e-02
  3.14366594e-02  1.29164364e-02 -2.24357191e-02 -8.56684707e-03
  8.04931577e-03 -5.95480837e-02 -3.08220536e-02 -4.90010194e-02
 -3.10351513e-02 -4.30723988e-02  3.92535701e-02 -7.27522150e-02
  9.14340913e-02 -3.44915204e-02 -6.53014705e-02  1.03164412e-01
 -6.16505090e-03  4.51770574e-02  4.17125188e-02 -6.62704706e-02
  1.59215741e-03 -7.50786290e-02  3.40519324e-02 -4.13126014e-02
  4.82899807e-02 -7.41900131e-02 -2.40276698e-02 -8.73443577e-03
  6.30788282e-02  1.03965066e-02  5.04723145e-03  7.16548488e-02
 -5.10794185e-02  2.07870547e-03  3.79486904e-02  3.44471596e-02
  5.40379621e-02 -3.92799601e-02  6.04206435e-02  3.46826352e-02
  2.25566458e-02 -5.18561378e-02 -2.59294175e-02  4.11940785e-03
 -3.62482481e-02  9.90044978e-03  1.69351101e-02 -1.10934265e-02
  8.24870989e-02  6.06812313e-02 -1.04468465e-01  5.05848564e-02
 -3.98403890e-02 -1.52514863e-03 -4.54210490e-02 -3.83584537e-02
 -7.07376972e-02  4.85397549e-03 -6.54633623e-03  1.66844055e-02
  4.07205708e-02 -4.11649235e-02  3.69998887e-02 -2.07834821e-02
  7.59673789e-02 -4.25665304e-02  2.69542867e-03  1.49758744e-32
 -1.84697080e-02 -5.90297170e-02 -3.06957569e-02  1.51202979e-03
  7.36588845e-03  5.95777296e-02 -1.00134976e-01  3.25747132e-02
  2.68138181e-02 -6.32339343e-02 -5.66419028e-02  2.56754290e-02
 -8.01779181e-02  5.17634153e-02  7.32983276e-02  4.82719205e-02
 -4.75131162e-03 -8.25745016e-02 -4.21912596e-02  1.00676566e-02
  6.31441711e-04 -2.89120227e-02  3.75002585e-02  1.38668367e-03
  2.58686822e-02  1.48464561e-01 -7.19034597e-02 -8.22266042e-02
 -7.31952190e-02  6.07791618e-02  1.36188623e-02 -5.11254631e-02
 -8.78552645e-02 -1.01451715e-02 -7.50234723e-02 -5.24407960e-02
  1.52627099e-02 -1.80816147e-02 -7.77338073e-02  1.58030670e-02
 -2.08257185e-03 -2.59090425e-03 -3.72419432e-02 -2.22713538e-02
  5.59883490e-02  3.52899823e-03  8.74635875e-02 -1.83102153e-02
  1.39821723e-01  1.07346877e-01 -3.91076729e-02 -1.00609004e-01
 -3.13287415e-02 -8.56241435e-02  1.73445418e-02  5.25667369e-02
 -7.31842965e-02  2.21722759e-02  1.70863569e-02 -6.02318868e-02
  8.87323730e-03 -4.71512415e-03  2.81820241e-02 -2.87124813e-02
 -2.09941305e-02  2.74555553e-02  8.87573659e-02  4.94729504e-02
  9.12847593e-02  2.73811147e-02 -7.52658844e-02 -4.33085300e-03
  2.45273206e-02 -2.13914011e-02 -3.64605263e-02  2.08636615e-02
  2.28901226e-02  8.01463518e-03 -1.22521661e-01  5.32276593e-02
 -1.08371852e-02  2.82295384e-02 -4.70757857e-03 -4.49738093e-02
  1.19539678e-01  3.05308159e-02  1.31709827e-03  1.64487045e-02
 -1.24367764e-02  6.02633841e-02  3.55594903e-02  9.31628421e-02
 -6.87424541e-02 -1.42705850e-02  1.23242550e-02 -1.48945861e-32
 -1.41825229e-02  1.50897885e-02 -6.79631159e-02  2.26666313e-03
  2.25690920e-02 -4.51733284e-02 -1.99076571e-02  4.84776795e-02
 -1.76560711e-02 -1.02729514e-01 -7.34342635e-02 -7.43544474e-02
  3.62923928e-02 -1.67469736e-02 -6.41410872e-02  6.90596364e-03
 -3.82125825e-02 -5.71199618e-02 -6.39414117e-02 -4.24150936e-03
  1.61010511e-02  2.22676657e-02  1.67945735e-02 -4.56988215e-02
 -3.80636426e-03 -3.49997617e-02 -5.43490658e-03  4.35081720e-02
 -6.72033727e-02 -3.30498219e-02  5.14827259e-02  3.79631296e-02
  3.10744233e-02  7.84503520e-02  3.37513238e-02  3.05891410e-02
  8.40708315e-02  1.18548628e-02 -7.00836107e-02  7.45359510e-02
  1.07025944e-01  9.17353779e-02 -2.75685973e-02 -9.45702419e-02
 -7.13960454e-02 -1.61752559e-03 -5.53344116e-02 -3.61590534e-02
  1.65784936e-02 -1.96363628e-02  1.09780990e-01 -4.85412367e-02
 -3.36862765e-02 -9.77634639e-02  9.40505229e-03 -3.18969749e-02
  3.14826965e-02 -1.98505800e-02 -6.97275698e-02  5.01180254e-02
  1.22704238e-01  1.68338269e-02 -6.45665899e-02 -2.07000952e-02
  4.80398871e-02  7.89131895e-02  1.25133349e-02  4.77789752e-02
 -2.78609972e-02  1.15376405e-01  8.40240419e-02 -2.03390140e-02
 -8.00959468e-02  2.10464094e-02  4.01503174e-03  4.17315736e-02
 -7.18042329e-02  3.80209237e-02  3.36293504e-02 -7.82876648e-03
 -6.13745786e-02 -2.61511952e-02  2.27456428e-02  4.36083901e-05
  5.64816445e-02  9.00871903e-02 -6.84832335e-02  1.33077372e-02
  2.01340951e-02  5.45321256e-02  6.47300035e-02  6.62531704e-02
  6.95218742e-02  5.00825308e-02 -4.05160189e-02 -6.96503051e-08
  3.16439196e-02 -6.00131713e-02  3.97583432e-02  2.41922420e-02
  1.55614447e-02 -8.38794466e-03  1.09194163e-02 -1.04280487e-01
  4.14125398e-02  2.81658210e-02  3.36060561e-02 -7.74145946e-02
 -4.98388484e-02  7.48149529e-02  3.38935740e-02 -2.56988741e-02
 -7.34740216e-03  4.84786481e-02 -3.41048576e-02 -3.52434590e-02
  1.07683353e-02  3.78198884e-02 -7.68196881e-02 -4.33340808e-03
  6.76820949e-02 -5.07818349e-02 -9.62543041e-02  1.51983360e-02
 -2.61118691e-02  5.23731345e-03 -2.31464040e-02 -1.79439802e-02
  2.33500600e-02 -8.99850428e-02 -2.72114649e-02 -2.98509188e-02
  5.24921045e-02 -1.11554340e-02 -4.18689325e-02 -1.95350708e-03
  1.07353456e-01  8.40870384e-03  4.16206419e-02 -6.20213933e-02
  5.07336818e-02  3.81624922e-02  6.94693625e-03 -6.91607893e-02
  5.80904074e-02  4.38135974e-02 -3.76925878e-02  4.82859239e-02
 -3.36031131e-02  5.32137677e-02 -7.09289685e-02 -1.76672544e-03
  5.97159192e-02  2.18471093e-03 -2.25692391e-02 -7.50095695e-02
  6.52125329e-02  6.84615783e-03 -8.78555551e-02 -6.45580068e-02]