[-6.50594756e-02  8.49649496e-03 -3.12605314e-02 -3.79078723e-02
  2.42400039e-02 -3.22844647e-02 -1.37710134e-02  5.90738766e-02
 -7.02308640e-02  9.20632333e-02  1.00659244e-01 -6.99246898e-02
 -1.38016567e-01  4.70267534e-02 -2.60487460e-02 -2.74597239e-02
 -7.21546784e-02 -1.93670318e-02  1.09506203e-02  7.86213502e-02
  7.12140650e-02 -1.53674772e-02 -7.27617219e-02  6.75784796e-02
 -8.20793882e-02 -2.37325653e-02 -2.51232479e-02  5.41331898e-03
 -1.03917375e-01 -5.37904091e-02 -5.34163192e-02 -2.46414226e-02
  3.33248451e-02 -1.18110524e-02  5.05980887e-02 -7.03781173e-02
 -1.34296985e-02 -3.92953902e-02 -3.21909115e-02  8.09473172e-02
  1.50530087e-02 -1.68989599e-02 -3.84708717e-02 -9.60922707e-03
 -1.63744260e-02 -5.49336635e-02  3.74872163e-02  8.97984952e-03
  7.73576973e-03  7.10242474e-03 -3.25454511e-02  1.73743106e-02
 -4.25319858e-02 -1.40025131e-02 -2.97081564e-02 -4.02501784e-02
 -3.62769291e-02 -5.18255271e-02  5.57620917e-03  1.76128373e-02
  7.40739629e-02  3.37802507e-02 -6.59118593e-02 -3.99674065e-02
  1.49999792e-02 -9.46505442e-02  3.20202969e-02 -2.79237553e-02
  5.63655701e-03 -4.67445254e-02  8.56194720e-02 -1.24394201e-01
  8.24639052e-02  4.53205314e-03 -5.39612062e-02  6.38924614e-02
  3.03221028e-02  8.66463222e-03  5.12329023e-03 -4.93774451e-02
  3.77045870e-02 -2.34515090e-02  6.01331331e-02 -6.27989620e-02
  6.27387017e-02 -1.20759904e-02  4.88011446e-03  3.16711590e-02
  3.16246822e-02  3.15910242e-02  6.38260171e-02  7.01566935e-02
 -7.07769543e-02  1.46178426e-02  4.13052440e-02  4.85814922e-02
  7.08586574e-02  2.98552085e-02  3.15494724e-02  6.34345636e-02
  3.93328555e-02 -6.13741167e-02 -1.08361788e-01  2.50987001e-02
 -3.41820940e-02  5.46364347e-03 -1.21949939e-02 -1.00161627e-01
  7.04710633e-02  9.32179540e-02 -6.30183071e-02  2.30009910e-02
 -7.09516183e-02 -3.04073840e-02 -1.00179933e-01  2.51845978e-02
 -8.59847963e-02  3.90456282e-02  4.26420793e-02  4.19723652e-02
  3.60004976e-02 -1.06744058e-02  1.40506784e-02  4.14016731e-02
  8.53789374e-02  1.05862110e-03  1.19402166e-02  3.77410608e-33
 -2.55846437e-02  4.85104229e-03 -2.98719965e-02  5.36480509e-02
  1.20225213e-02 -2.18074135e-02 -9.26321298e-02 -4.23520431e-02
 -3.90994595e-03 -4.11175266e-02 -6.67895377e-02  6.57697544e-02
 -5.63288182e-02  5.83648169e-03  1.40770515e-02  3.61269116e-02
 -3.36838663e-02 -8.01489800e-02 -5.83664700e-03 -3.19345994e-03
  1.85770094e-02  1.29622046e-03 -8.67682335e-04  5.86698800e-02
  5.19207045e-02  7.96524435e-02 -1.04661323e-01 -3.01629826e-02
 -3.63443978e-02  4.73019145e-02  7.22177327e-02 -7.27604851e-02
 -2.07555983e-02 -1.75733473e-02  1.61977131e-02 -2.09483895e-02
  1.87442675e-02 -2.66177971e-02 -5.23731448e-02 -7.13227224e-03
  2.75428519e-02  2.23673861e-02  2.56216284e-02  2.90572606e-02
  5.49967922e-02 -6.74945209e-03  1.41460951e-02  2.01610699e-02
  9.65195075e-02  3.17995735e-02 -9.12436396e-02 -7.21916705e-02
 -3.17801274e-02 -8.50617215e-02  7.90051126e-04 -1.39262015e-02
 -7.21286386e-02 -6.55577751e-03  5.82963899e-02 -3.90795134e-02
  3.53123844e-02 -2.65733860e-02 -1.51926903e-02 -4.88924868e-02
 -1.27726700e-02  3.22120413e-02  2.80015413e-02  5.23134433e-02
  1.29507169e-01 -1.67290848e-02 -7.27634877e-02  1.96143296e-02
  2.63731387e-02  4.46088472e-03 -5.67423254e-02  4.76531759e-02
  6.18877634e-02  5.60055263e-02 -9.82730389e-02  1.67284887e-02
 -1.12848572e-01  3.46504226e-02 -2.38749129e-03  4.43792753e-02
  3.53714824e-02  1.54936574e-02 -1.25235002e-02  4.72486988e-02
  5.56796230e-02  3.76031213e-02  4.75530475e-02  9.26277190e-02
 -5.97861893e-02 -2.57804412e-02  1.38697652e-02 -5.19642743e-33
  1.97060853e-02  2.04093810e-02 -3.71044427e-02  4.35871519e-02
 -6.54853228e-03  4.43400117e-03 -2.81821676e-02  1.69455800e-02
  7.95937926e-02 -6.82705045e-02 -2.80446932e-02 -4.43981364e-02
  4.42159958e-02 -9.70953852e-02  2.13933848e-02  6.74889833e-02
 -5.09349592e-02  3.78376357e-02 -6.74069971e-02  3.56727908e-03
 -2.45529581e-02  6.22174852e-02 -2.35002656e-02 -4.29448932e-02
  5.12365764e-03 -4.42061611e-02  2.04837741e-03 -6.82979673e-02
 -4.51922752e-02 -8.12242478e-02  2.85475906e-02  2.56578289e-02
 -1.39825083e-02  6.46108463e-02 -5.66540286e-02  7.33039305e-02
  4.74836305e-02  2.73919455e-03 -3.83674614e-02  1.32487416e-01
  9.24342275e-02  7.90623054e-02  1.91334467e-02 -3.67992409e-02
 -5.28123751e-02  5.18423459e-03  2.11611856e-02  1.26939220e-02
  3.27151790e-02 -4.56754006e-02  1.54644385e-01 -5.54891266e-02
 -3.43465917e-02 -9.97225717e-02  5.34176677e-02 -5.01386002e-02
 -9.07811150e-03 -3.88703831e-02 -1.20576888e-01  3.79906073e-02
  1.25977725e-01  3.87443192e-02 -1.01767987e-01  8.49141646e-03
  6.73651276e-03  4.50435504e-02 -6.39168844e-02 -1.93328678e-03
  3.78900021e-02  7.31110126e-02  7.22669661e-02 -1.57445688e-02
 -3.23066115e-02 -1.09946216e-02 -4.60148714e-02 -1.26495138e-02
 -4.68874089e-02  6.05086498e-02  7.46618286e-02  2.68297736e-03
 -2.35816836e-02 -4.08017971e-02  8.43414292e-03 -1.26360441e-02
  9.17843133e-02  5.18124774e-02 -1.62323937e-02  1.12239737e-02
  4.82575502e-03  5.31561151e-02  4.29992937e-02  1.78627588e-03
  5.10487221e-02  4.42576371e-02 -3.01243942e-02 -6.31724788e-08
  1.29510492e-01 -5.98009536e-03 -2.86243651e-02  4.65764366e-02
  4.85243322e-03  2.67259330e-02  6.38853610e-02 -1.13096945e-02
  5.28364442e-02  1.06705643e-01  3.11689060e-02  1.67602263e-02
 -2.27187704e-02  2.25013457e-02 -1.14243245e-02 -4.70022112e-02
 -7.14171380e-02  1.21785745e-01 -5.19571714e-02 -3.13209668e-02
 -3.18888314e-02  2.97922883e-02 -1.18696049e-01 -6.88746497e-02
 -7.63275940e-03 -2.51822993e-02 -5.90598434e-02  2.88249925e-02
 -1.05313761e-02 -2.92059183e-02 -3.44115607e-02 -2.69458611e-02
  2.12117117e-02 -9.25309882e-02 -2.93945312e-03  2.06169002e-02
  3.41158696e-02  1.69923319e-03 -2.39079800e-02  1.75150635e-03
  5.62546588e-02 -2.54772939e-02 -6.08615403e-04 -1.42609244e-02
  2.59094331e-02  7.69775780e-03 -2.52864473e-02  1.21716075e-02
 -1.50925174e-04  7.80155323e-03  2.27211341e-02  1.20048057e-02
  2.05512606e-02  3.60753089e-02 -1.05503902e-01  2.24650488e-03
  1.65738165e-02  1.72065571e-02 -5.36912940e-02 -1.01223722e-01
  7.74620697e-02 -1.96002275e-02 -8.40588808e-02  1.58340558e-02]