[-3.39324251e-02  4.23763618e-02 -6.22266494e-02 -2.75499262e-02
 -1.65376486e-03 -6.33389875e-03 -4.99091782e-02  1.49600253e-01
 -1.98905058e-02 -1.07867215e-02  6.01401813e-02 -2.94509195e-02
 -1.00822017e-01 -5.17044663e-02 -4.42688093e-02 -8.25827196e-02
 -4.41515595e-02  2.00403780e-02  4.62397784e-02  5.08321077e-02
  6.01972602e-02 -8.20133388e-02 -4.39816676e-02  4.67796288e-02
 -8.06803256e-02  2.22038683e-02 -8.71736705e-02  6.81966022e-02
 -3.59681062e-02 -4.49257381e-02 -2.59665493e-02  1.20256498e-01
  4.66166548e-02  2.79966928e-03  6.55962378e-02 -3.57054584e-02
  2.79375464e-02 -6.63579255e-02 -5.73681816e-02  5.81318177e-02
 -3.52202728e-02 -3.49825434e-02  3.41289304e-02 -2.70247888e-02
  1.54659441e-02 -1.43020842e-02  6.81916252e-02  8.89600888e-02
  2.55035632e-03  1.54007506e-02 -7.68760368e-02  3.21036391e-02
 -2.77581960e-02 -3.91150638e-02  1.03823077e-02  2.40972657e-02
 -2.13301717e-03  9.10792686e-03  6.23026341e-02  1.03414040e-02
  1.98093429e-02 -2.48851031e-02 -1.55247658e-01  3.18498164e-02
  4.94390260e-03 -4.21517268e-02  1.70937646e-03 -5.54096289e-02
 -6.37546033e-02  4.29670587e-02  5.11973314e-02 -8.14755410e-02
 -1.81455873e-02 -1.32544665e-02  3.49166826e-03  7.46254623e-02
  3.54898890e-04  2.75521018e-02  2.41331812e-02 -1.11642681e-01
  2.68243328e-02 -1.41571146e-02  7.33306026e-03 -7.53690749e-02
  1.06276926e-02 -2.04976406e-02  3.94306146e-02 -3.42772249e-03
  1.03617616e-01 -2.15799734e-02  8.13861340e-02  9.77390558e-02
 -7.93929696e-02  3.52934226e-02 -1.26198959e-02  5.59619293e-02
  4.08702046e-02  1.23740844e-02  4.54355143e-02  4.38568555e-02
  7.82998428e-02  6.67124381e-03 -2.87048779e-02  3.36990841e-02
 -1.27378076e-01  1.03817964e-02  1.17462035e-02  8.45393687e-02
 -4.60280515e-02  1.59291122e-02 -7.39542916e-02 -6.25121593e-02
 -3.26980054e-02 -9.10802633e-02 -5.49558178e-02 -5.83632551e-02
  2.33729314e-02 -7.70529434e-02  4.44931164e-02  1.52642438e-02
  3.25444108e-03 -1.53708141e-02 -1.99757386e-02  3.97577882e-03
  2.81062629e-02  1.19452085e-03  6.54135197e-02  5.77164641e-33
  2.72293538e-02 -4.71254438e-03 -3.73251773e-02 -6.19474575e-02
  4.33876999e-02  1.35938162e-02 -4.28416580e-02  1.84473172e-02
 -4.03228477e-02  4.11805548e-02 -6.99003711e-02  3.77130806e-02
 -5.85046150e-02 -4.79373187e-02  8.37370455e-02  5.47990436e-03
  6.06448129e-02 -6.09502308e-02  4.29183021e-02 -6.97850883e-02
  1.15051763e-02  1.85384806e-02  5.51562794e-02 -1.02032730e-02
  6.55950829e-02  1.08043186e-01 -1.22314980e-02 -4.99079935e-02
 -8.14015195e-02  5.67655005e-02  5.06641343e-02 -1.79953072e-02
 -2.60845125e-02 -1.29242167e-02 -3.07815876e-02  5.62959462e-02
 -5.08999787e-02  5.29325102e-03 -8.25561658e-02 -1.91376507e-02
  3.94118503e-02  1.06591051e-02  2.17253119e-02  2.88765430e-02
  8.44224095e-02 -4.23373803e-02 -1.79861579e-02  3.13365720e-02
  1.80514470e-01  5.74740395e-03 -3.19932438e-02 -5.67002222e-02
 -7.07970038e-02  1.69998631e-02  1.87859926e-02  6.64529130e-02
 -9.85673293e-02  2.49840654e-02 -2.24955939e-02 -4.20881547e-02
  2.47627124e-02  2.96554733e-02 -3.02534029e-02  1.25088962e-02
  4.44690213e-02  5.02705341e-04  3.09500080e-02  1.60515532e-02
  4.57548462e-02  1.42939044e-02 -5.46353720e-02 -5.44920564e-02
  7.78434724e-02  4.82559800e-02  1.42725324e-02  2.68912911e-02
 -2.48620305e-02  3.73507813e-02 -3.18415277e-02  3.63378078e-02
 -7.27379173e-02  4.03755344e-02  1.09554771e-02 -4.60191339e-04
  1.84786320e-02  3.52923609e-02  5.48501126e-02  1.14008360e-01
  3.06813028e-02  3.31271254e-02 -2.90129874e-02 -4.33155000e-02
  4.14115153e-02  1.33201107e-02 -1.97999291e-02 -6.19773813e-33
 -2.88286246e-02 -2.56747343e-02 -4.40242374e-03  4.97469231e-02
 -2.88142320e-02 -2.46565253e-03 -7.98039287e-02  2.35098228e-02
  6.08457848e-02 -6.98585436e-02 -2.56330278e-02 -4.66009751e-02
  8.64073560e-02 -9.68865380e-02 -3.73657532e-02  3.18314917e-02
 -8.88960510e-02 -7.38345012e-02 -9.78578404e-02 -2.56819297e-02
 -6.82247989e-03  2.37720963e-02  4.71051075e-02  5.49611598e-02
 -2.27454305e-03 -7.55377114e-02  8.25085565e-02 -5.83588406e-02
 -1.24486133e-01  4.31437939e-02  1.58723607e-03 -1.67139489e-02
  4.01769951e-02  1.20535687e-01 -4.42571603e-02  2.36046687e-02
  4.99365479e-02  3.66388671e-02 -1.44131873e-02  9.01379734e-02
  1.28565095e-02  7.18930885e-02  6.64210171e-02 -7.47565255e-02
  2.27243919e-02  1.33140180e-02 -1.03221405e-02 -4.78984304e-02
  6.44735806e-03  5.50704403e-03  8.70513618e-02 -1.21000549e-02
 -8.21526051e-02 -3.20903622e-02  3.42349149e-02 -3.83216748e-03
 -1.68430284e-02 -1.79588497e-02 -1.10407554e-01 -9.56244394e-03
  9.23878774e-02  8.37400556e-02 -9.94761661e-02  1.73233226e-02
  1.22683637e-01  2.60394309e-02 -8.30864385e-02 -1.67523082e-02
  4.71926481e-02  3.76984850e-02  2.25422066e-02 -5.51873334e-02
 -4.83672097e-02  2.30091697e-04 -1.42092141e-03 -7.63130002e-03
 -3.98868285e-02  1.04201019e-01  2.05503628e-02  5.68414591e-02
  2.99924091e-02 -2.17434037e-02 -2.43994687e-02  1.39930725e-01
 -1.31892338e-02 -2.66333111e-02 -2.33690869e-02 -6.03555255e-02
  4.55138981e-02  1.99442767e-02  3.14662345e-02  2.76825186e-02
  2.79483665e-02  1.23876957e-02  2.64415648e-02 -6.34080308e-08
  8.25729594e-02  2.97025423e-02 -5.25289290e-02  3.88692766e-02
  4.91897874e-02 -3.56644057e-02 -2.02221470e-03 -1.81957558e-02
 -6.59802258e-02  4.86532189e-02  4.02998552e-02  4.67175292e-03
 -6.59139752e-02 -1.02760438e-02 -4.01470773e-02 -7.91828111e-02
 -2.13240590e-02  9.51475203e-02 -6.22434802e-02 -1.57105830e-02
  5.44503592e-02  2.26499420e-02 -9.43560991e-03 -3.99522185e-02
 -1.04045020e-02 -4.42455038e-02 -9.26994532e-02 -5.52683696e-02
  1.32410666e-02  1.53892227e-02 -2.91340649e-02  1.07619567e-02
  8.92711952e-02 -5.10758087e-02 -1.54195027e-02  4.00338694e-02
  4.80754161e-03 -5.67094935e-03 -6.49584606e-02  2.33583804e-02
  7.60537833e-02 -4.32710908e-02 -5.65800518e-02 -5.08482493e-02
  8.32014345e-03 -7.67966965e-03 -1.48193520e-02  7.29827490e-03
  4.40563727e-03 -3.60627053e-03 -7.32391607e-03  2.73956340e-02
  2.48201136e-02  2.25752145e-02 -4.44041975e-02 -1.44945374e-02
  7.11597921e-03 -3.73354070e-02 -1.58073269e-02 -4.71106321e-02
  5.01046777e-02  9.69245750e-03 -5.16187921e-02  5.58922663e-02]