[-3.02696433e-02  6.84915856e-02 -5.13028800e-02 -5.35381660e-02
 -7.24083483e-02 -1.91763304e-02 -5.82872704e-02  7.44769871e-02
 -2.19221339e-02  3.44084874e-02  6.84287846e-02 -3.10468730e-02
 -5.21543063e-02 -6.87434711e-03 -7.23933848e-03 -1.28527492e-01
  5.73995747e-02 -2.03783624e-02  2.46115327e-02  8.44463408e-02
  1.82193905e-01 -3.99941131e-02 -2.26612594e-02  3.89374383e-02
 -1.02599926e-01 -1.95681863e-02 -7.31153041e-02 -1.36926072e-02
 -5.22050336e-02 -5.43310046e-02  5.88593166e-03  9.31308493e-02
  8.83901305e-03 -1.49227148e-02  5.12364097e-02 -1.14431400e-02
  7.94745684e-02 -5.35017550e-02 -3.73220667e-02  4.35283184e-02
 -4.38226312e-02 -5.88454679e-02 -7.02305362e-02 -2.97357515e-02
  3.19779851e-02 -3.46811712e-02  3.22024375e-02  5.85123487e-02
 -3.18005756e-02 -1.73746385e-02 -5.29203005e-02 -3.55515704e-02
 -6.84008934e-03  2.89091505e-02 -6.84190448e-03 -3.95823270e-02
 -3.19383815e-02 -1.21876961e-02  1.08262990e-02 -2.41371710e-02
 -2.43258569e-02  6.95386976e-02 -2.10574660e-02  3.60084511e-02
  7.15083852e-02 -3.90388891e-02 -2.63098534e-02 -2.11174297e-03
 -2.67445222e-02  1.57898683e-02  4.24366109e-02 -6.38499632e-02
  2.84988340e-02 -8.33142083e-03 -3.47434320e-02  3.80935781e-02
 -3.51266451e-02  5.96212111e-02  1.88360848e-02 -1.68920189e-01
  3.75444815e-03 -1.09847374e-02 -1.88279785e-02 -3.60390022e-02
  2.44779885e-02 -3.24421301e-02  1.48366354e-02 -8.44848435e-03
  8.07645544e-02  2.21237782e-02  6.11261390e-02  8.57329816e-02
 -2.96769142e-02  5.31401765e-03 -2.52403095e-02  9.59087163e-03
 -2.95798364e-03  1.07298074e-02  1.11942485e-01  2.82422248e-02
  1.15621418e-01 -2.10563038e-02 -5.05673550e-02  4.01970930e-03
 -6.50350749e-02 -4.00972292e-02  1.59373600e-02 -1.78728495e-02
  2.34753471e-02  4.64669392e-02 -9.58334506e-02 -3.83590683e-02
 -8.51864517e-02 -5.43072335e-02 -9.07206014e-02  4.14685579e-03
 -2.70448737e-02 -5.18673770e-02 -1.49452994e-02 -5.41615225e-02
 -4.90954407e-02 -6.16413727e-03 -1.99000277e-02 -3.46057154e-02
  7.78240636e-02  5.04102372e-03 -5.00141084e-02  1.04626557e-32
  3.30312341e-03 -8.58676434e-02 -1.10336095e-02 -5.78739531e-02
 -2.48772260e-02 -3.34161706e-02 -9.26884264e-03 -3.33028436e-02
  2.72072218e-02  3.18738297e-02 -2.24592593e-02  4.28688712e-02
 -7.03553930e-02 -1.38392542e-02  7.03139529e-02 -1.72879770e-02
  4.79458608e-02 -3.78545593e-07  1.58566590e-02 -2.68918723e-02
 -5.01062348e-02 -5.66944154e-03  2.48639714e-02 -6.19378909e-02
  1.38596713e-03  9.62912515e-02 -9.69017297e-02 -3.09179607e-03
 -9.53703374e-03  4.80713882e-02  3.48218605e-02 -1.71556603e-02
  5.89912906e-02 -1.12855220e-02 -3.83390412e-02 -4.32022922e-02
  1.17736803e-02  3.23422346e-03 -8.65059346e-02 -5.00649810e-02
 -2.06774455e-02 -3.32815270e-03  6.80904090e-02  3.16718295e-02
  7.86310714e-03  3.02470773e-02  2.34760270e-02  7.90727232e-03
  1.12581126e-01  2.39037629e-02 -2.56012939e-02 -5.29950745e-02
 -2.54995916e-02 -4.11153100e-02 -3.06532513e-02 -8.71568359e-03
 -6.97500408e-02  8.85711983e-03 -2.24759113e-02 -7.00054914e-02
 -2.25268584e-02  1.40978955e-02 -4.64380421e-02 -1.86577048e-02
 -8.51233751e-02 -4.64833826e-02  3.54953669e-02  5.25501445e-02
  1.30483508e-01 -4.35655154e-02 -5.28972931e-02  1.79716609e-02
  1.43694067e-02  9.58707929e-02  6.85625821e-02 -4.19720495e-03
  8.84353071e-02  4.37602215e-02 -3.38973515e-02  3.20080109e-02
  1.42667210e-02  4.73805144e-03 -5.73686548e-02 -5.95607311e-02
  3.82496752e-02  1.00620285e-01  4.72847298e-02  2.35684551e-02
  9.36032683e-02  2.36450657e-02 -7.67394155e-03 -8.67716409e-03
 -4.41951118e-03  4.43460280e-03  6.19293973e-02 -1.27004171e-32
 -1.38713317e-02  7.99792260e-03 -4.42418158e-02  1.92490593e-02
  2.96429228e-02  2.90335342e-02 -4.75640688e-03 -3.27240974e-02
  2.94495579e-02 -1.15171805e-01 -5.31038903e-02 -6.52147755e-02
  6.94128796e-02 -2.32555214e-02 -6.85622469e-02  1.81126110e-02
 -6.30720556e-02 -6.79034814e-02 -1.90467387e-02 -1.25512742e-02
  1.95516143e-02  3.29300985e-02  3.25305946e-02  4.88586240e-02
 -3.46796662e-02 -4.17746119e-02 -2.67092511e-02 -1.50313666e-02
 -7.99878016e-02 -8.79955664e-03  5.36213331e-02 -3.04144844e-02
 -4.21376340e-02  4.50183488e-02 -4.35859859e-02 -1.50466561e-01
  5.64548448e-02 -5.66260628e-02 -6.11793287e-02  9.48912278e-02
  6.22483753e-02  4.64715697e-02  4.12037969e-02  5.98957250e-03
 -6.88534006e-02  2.18578917e-03  3.33075672e-02 -1.59090951e-01
  4.17363606e-02 -7.90751576e-02  9.80767533e-02 -2.78047342e-02
  1.54942255e-02  1.01715536e-03  1.12026058e-01  3.43243703e-02
  1.13801388e-02 -3.13205160e-02 -7.94629082e-02 -1.97288450e-02
  9.44844186e-02  4.17637862e-02 -1.08499557e-01 -3.29962485e-02
  1.36333346e-01  6.79320889e-03 -1.78488623e-02 -4.42798696e-02
  3.32525559e-02  5.83093464e-02 -2.36008242e-02 -1.17005765e-01
 -6.06008843e-02 -2.40258463e-02 -7.01779500e-03 -2.61713602e-02
 -1.30816111e-02  4.06053327e-02 -3.24752517e-02  5.04675359e-02
 -5.75366840e-02 -6.63604680e-03 -3.33925486e-02 -3.03489249e-02
 -1.39278790e-03  1.00180190e-02  2.21502520e-02 -3.50396112e-02
 -9.96515434e-03  1.08668037e-01 -2.50434298e-02  6.81598336e-02
  8.88898149e-02  5.63538820e-02 -5.93517087e-02 -6.53235119e-08
  6.23778105e-02 -6.59981817e-02  3.53743252e-03  6.40266910e-02
 -1.02931466e-04 -6.73700869e-02 -1.12442710e-02  2.17057839e-02
  2.06628554e-02  4.48450074e-02  4.83387969e-02  9.39099304e-03
 -4.07225825e-02 -6.06622435e-02 -4.39439388e-03 -5.76364398e-02
  2.49025803e-02  3.74764502e-02 -7.13548660e-02 -7.99256042e-02
  3.91698256e-02  4.07915097e-03 -5.54586463e-02 -8.30226950e-03
  3.05040367e-02  1.35554047e-03 -2.11908738e-03  9.10481345e-03
  1.19551169e-02  5.38597591e-02 -3.90403681e-02  6.32118667e-03
  5.60635589e-02 -6.62333295e-02  3.22531007e-04 -3.18534032e-04
  4.13384959e-02  6.43862039e-02  2.62469426e-03  4.15881984e-02
  6.93419799e-02 -2.27346271e-02  1.10331383e-02 -3.84879604e-05
  6.72747493e-02 -4.35586423e-02 -8.43203142e-02  8.20445418e-02
  4.60848920e-02 -8.69449601e-03 -6.62476569e-02  1.67077687e-02
  1.45737408e-02  5.00165448e-02  2.36960053e-02 -4.68145534e-02
  3.41840088e-02  4.85754870e-02 -4.37663458e-02 -3.26301865e-02
  1.42782554e-01 -8.65148148e-04  1.31704109e-02  3.01715843e-02]