[-2.95741912e-02  2.52065733e-02 -5.50882667e-02 -6.60750568e-02
 -2.30914000e-02 -4.66776080e-02  3.67056020e-02  7.87643567e-02
  1.56326238e-02  4.10696827e-02  5.32465316e-02 -1.47976158e-02
  2.53298692e-03  2.95311250e-02  4.74480391e-02 -5.37920631e-02
  5.76512553e-02 -2.26432122e-02  3.98629792e-02  3.92078310e-02
  1.11376420e-01 -1.10767921e-02 -8.98215473e-02  4.36293185e-02
 -6.10682964e-02 -8.58362578e-03 -1.71244740e-02  2.37633437e-02
 -4.07001190e-03  2.04848386e-02 -4.90782186e-02  8.46704170e-02
  3.57056297e-02 -5.08591207e-03  2.80024521e-02 -5.67579344e-02
  4.77402918e-02 -3.92461270e-02 -1.18998267e-01  2.51887199e-02
 -2.55692936e-02 -4.06495258e-02 -8.92172828e-02 -5.80312088e-02
 -2.61863843e-02 -3.96768525e-02  1.35893663e-02  8.63937959e-02
 -3.87629122e-02 -5.02875224e-02 -3.87768112e-02 -3.12603079e-02
 -7.44853988e-02  1.46007966e-02 -1.29341718e-03 -4.26199958e-02
  1.42314872e-02  7.97533803e-03  2.55500264e-02  4.43634950e-02
 -4.77238446e-02  1.33461589e-02 -4.68071364e-02  3.91786136e-02
  4.10820469e-02  5.47251143e-02 -5.99016435e-02 -2.26713587e-02
 -3.34598646e-02  3.01670637e-02 -3.42941657e-02 -9.32582840e-02
  8.57189372e-02  1.80822108e-02 -3.49654742e-02  5.49690463e-02
  4.26847190e-02  4.76805530e-02  3.77485678e-02 -2.28946686e-01
  2.79279854e-02  2.47361939e-02 -2.68788449e-02 -5.17001376e-02
  3.56095284e-02 -4.60735001e-02 -4.46561571e-05  2.71911751e-02
  8.80456120e-02  1.23130875e-02  3.79509479e-02  7.13673234e-02
 -1.78610981e-02 -2.94877030e-02  1.37562556e-02 -1.88099612e-02
  1.62505005e-02 -6.70565590e-02  2.81809662e-02 -2.06652693e-02
  4.36463542e-02 -1.34094479e-02 -4.83035147e-02 -8.94029345e-03
 -2.48160157e-02 -1.47229154e-03 -2.70499825e-03 -8.04345608e-02
  5.60407527e-02  1.16032369e-01 -4.94787544e-02 -3.78947631e-02
 -4.36997414e-02 -1.24112494e-01 -1.08297750e-01  2.27122158e-02
 -6.10900484e-02  2.78758276e-02  3.92350927e-03 -4.66971844e-02
 -6.96190372e-02 -5.72181307e-02  4.44245897e-02 -5.33185080e-02
  9.49806347e-02 -3.34974416e-02  4.36371267e-02  1.14417220e-32
 -1.17096463e-02 -4.07303171e-03 -8.02542642e-02  3.68172415e-02
 -5.99762015e-02  5.12099974e-02  1.68553274e-02  1.93801243e-02
  4.25652228e-03  4.54832762e-02 -6.92514479e-02  2.16054395e-02
 -5.96765094e-02  3.88550125e-02  1.57786265e-01  3.04482132e-02
  7.02757835e-02 -2.15000659e-02  1.30881751e-02  5.42999469e-02
  2.59969663e-02 -5.53580113e-02  1.11057051e-03  3.54371890e-02
  4.73749600e-02  6.45620227e-02 -1.29684150e-01 -5.19293174e-02
 -1.23175662e-02  5.55686131e-02  7.71267042e-02 -4.85929884e-02
  1.12124148e-03 -2.15752162e-02 -1.07852081e-02 -1.82726011e-02
 -3.67302336e-02 -4.23873067e-02 -2.41588634e-02 -3.10133081e-02
 -4.22743782e-02 -1.86937936e-02  3.19449902e-02 -2.42889058e-02
  6.67318106e-02 -9.76947397e-02  3.37148830e-02 -1.87099949e-02
  1.49109498e-01  6.99059218e-02 -3.74088474e-02 -3.71012278e-02
 -3.56009714e-02 -6.02208301e-02 -8.10439419e-03  1.52053917e-02
 -9.51035991e-02  3.84796225e-02  2.83376649e-02 -3.88360815e-03
 -6.60279393e-02 -5.15152514e-02 -4.10218611e-02 -3.95166911e-02
 -8.90015997e-03  1.06113348e-02 -4.11438383e-03 -5.01595140e-02
  8.59330595e-02  2.68273819e-02 -7.99027756e-02 -5.88358322e-04
 -3.79496696e-03  6.11409582e-02 -1.81340892e-02 -1.59950219e-02
  3.15764397e-02  9.19600204e-02 -3.93606946e-02  3.02832834e-02
 -5.22588752e-02  3.29602920e-02 -3.95541042e-02  3.75504196e-02
  4.89397533e-02  3.24519984e-02  1.27338665e-02  1.08974941e-01
  2.62398645e-02  1.11422084e-01  8.35422706e-03  9.66562554e-02
 -2.82720961e-02  3.10994592e-03  6.43443316e-02 -1.24290263e-32
  2.87801754e-02 -5.13283210e-03 -2.82024313e-02 -1.42043317e-02
 -5.97245023e-02 -1.79017726e-02  3.35667692e-02 -7.86178783e-02
 -5.16823865e-02 -1.29782274e-01 -2.07021050e-02 -6.80075511e-02
  1.14333622e-01 -6.39311150e-02 -4.39670458e-02  6.86643878e-03
 -6.79076910e-02 -6.07130118e-02  1.21509498e-02 -1.81026943e-02
 -2.55212886e-03  1.37444502e-02  4.37746383e-02 -5.25795668e-02
  3.36180180e-02 -6.26025051e-02 -6.08099066e-02  8.96877982e-03
 -4.19398881e-02  3.75634804e-02  4.07801941e-02  5.58626279e-02
 -3.73081006e-02  1.28751025e-01  1.12480195e-02 -2.33455561e-02
  3.05677410e-02  2.32277550e-02 -4.30141389e-02  2.25413814e-02
  7.46170208e-02  3.66635472e-02  1.90119967e-02 -2.52429117e-02
 -7.16768056e-02 -9.45289433e-03 -1.41261555e-02 -3.75651978e-02
  2.61151437e-02 -8.38607326e-02  1.13310978e-01 -1.82094909e-02
  1.57445837e-02 -1.34419128e-02  3.73948505e-03  3.24288569e-02
 -4.84425714e-03 -9.79756191e-02 -3.09681371e-02 -2.29662992e-02
  1.26652077e-01 -1.27596343e-02 -2.07969639e-02 -1.55437058e-02
  4.72863317e-02  1.82708092e-02  1.05817867e-02  3.42538394e-02
  5.33438586e-02 -4.59810868e-02  2.55944971e-02 -7.43627101e-02
 -5.62760271e-02 -6.21034801e-02 -1.96132865e-02  1.90651231e-02
 -1.39784080e-03  3.68659422e-02 -4.87923361e-02  2.21644193e-02
 -2.16788519e-02  8.26159492e-02  4.07779077e-03  2.49245353e-02
 -5.80841526e-02  1.39363825e-01 -3.33188549e-02 -4.83327098e-02
  1.96988564e-02  1.68088470e-02 -1.23820193e-01  6.55032024e-02
  4.64266203e-02  4.92541380e-02 -1.35497162e-02 -6.15482918e-08
 -2.67721526e-03 -2.69598626e-02  6.95657730e-02 -3.26254824e-03
  1.62634123e-02 -4.03945707e-03 -1.90790296e-02 -5.62046133e-02
 -5.12584345e-04  3.72975916e-02  1.54575091e-02 -1.66230835e-02
 -8.88326243e-02  2.68224208e-03  6.74284995e-03 -2.62125302e-02
  3.51311415e-02  5.07825427e-02 -5.20840660e-02 -1.49677079e-02
  5.33760525e-02 -5.51515371e-02 -7.69784972e-02  3.83883826e-02
  7.32824504e-02  1.31043105e-03  1.86675729e-03 -5.14386185e-02
  6.10656105e-02  2.07247306e-02 -2.23453771e-02 -6.92739710e-02
  2.11757515e-02 -6.95850980e-03 -3.86778042e-02 -2.92239822e-02
 -1.16214636e-04  2.58389376e-02 -2.42792368e-02 -4.69572609e-03
  1.36924326e-01 -2.27723224e-03 -2.22392026e-02 -2.46034097e-02
  2.33187377e-02  1.01487269e-03  7.39046978e-03 -9.51024611e-03
 -6.21163053e-04  8.26710276e-03 -7.69696236e-02 -2.19286196e-02
  3.38730030e-02  6.24101646e-02 -8.36788677e-03 -6.51877970e-02
  4.77946140e-02 -6.67657182e-02  1.24702966e-02 -1.55415246e-02
  1.50758969e-02  4.66556735e-02 -7.49599049e-03 -5.24388440e-02]