[ 1.25919487e-02  3.74137387e-02 -3.67503352e-02 -7.29146153e-02
 -5.83844930e-02  3.75097394e-02  6.59550279e-02  9.26653370e-02
 -1.99743453e-02  2.00585313e-02  9.64498967e-02 -7.38409758e-02
 -2.66224314e-02  2.41863169e-02 -1.58742052e-02 -7.87498616e-03
  5.99040724e-02  1.29619509e-03 -8.27360377e-02  8.58991146e-02
  1.33765996e-01  9.60436929e-03 -7.59865791e-02  7.38835568e-03
 -4.22627665e-02 -1.17872981e-02 -5.13320602e-02  1.58534069e-02
  5.45205176e-03 -3.70474681e-02 -5.94780175e-03  4.59122360e-02
  9.07159448e-02 -5.39577715e-02  4.48014541e-03 -6.20672368e-02
  4.69313562e-02 -8.04440975e-02  2.57271286e-02  6.31865859e-02
 -1.60598457e-02  3.13463658e-02 -1.05280869e-01  4.18754891e-02
  9.51332971e-03 -4.45133224e-02 -6.19836338e-03  3.57567258e-02
  3.18025961e-03  1.73768494e-02  1.41758658e-02  3.59994695e-02
 -3.89393866e-02  8.02847967e-02  7.66299944e-03 -3.34365778e-02
 -7.82769695e-02 -5.54237068e-02  2.82224994e-02 -2.85816267e-02
 -4.57032435e-02  2.89504379e-02 -4.09010611e-02 -1.07823787e-02
  4.19129012e-03  2.20644604e-02 -4.69453149e-02 -6.58651963e-02
  1.55934570e-02  4.68804277e-02  7.49933813e-03 -3.58454958e-02
 -2.82076150e-02  1.91904828e-02 -5.54913729e-02  7.58223236e-02
  2.36643832e-02  4.86097336e-02 -1.65084023e-02 -2.35952780e-01
 -8.96666292e-03  5.75999059e-02 -2.53535379e-02 -4.94690351e-02
  7.87430406e-02 -2.61886846e-02 -4.41325791e-02  8.66750814e-03
  1.07225729e-02  3.78814116e-02  7.90107176e-02  3.16442922e-02
 -6.02809936e-02 -3.73795144e-02 -8.85737027e-05 -7.50807375e-02
 -7.81470686e-02  2.58802772e-02  9.31594521e-03  8.38681962e-03
  8.95045102e-02  3.15640531e-02 -7.44001940e-02 -4.94589424e-03
 -8.62615332e-02 -1.24540171e-02  5.07465228e-02  3.41752395e-02
  5.19672297e-02  1.34691879e-01 -7.35871419e-02  3.47859450e-02
  1.18989125e-02 -4.59856242e-02 -1.09787181e-01  6.48455322e-02
 -5.68583515e-03 -1.54132443e-02  9.11865309e-02 -7.23965764e-02
  6.84625562e-03 -3.85771915e-02  6.56502768e-02 -5.70884086e-02
  2.94526909e-02 -8.80836397e-02 -1.27151702e-02  1.08550313e-32
 -8.69160369e-02 -5.77004589e-02  2.60698609e-02  1.03604421e-03
  2.08353251e-02  3.28352004e-02 -9.51026455e-02  5.98562357e-04
  4.64330688e-02 -5.07917628e-02 -7.77445585e-02  2.87233479e-02
 -7.20534250e-02 -3.27241123e-02  7.16939420e-02  1.94653906e-02
  6.23890758e-02  1.23508200e-02 -3.83038190e-03 -1.23783927e-02
 -3.42645682e-02 -3.90847027e-02 -5.86641170e-02  1.71169285e-02
  2.13749753e-03 -3.27150850e-03 -3.28133255e-02 -1.17622335e-02
  1.21305464e-04  5.74819706e-02  6.42138049e-02 -3.23436083e-03
  2.49283221e-02 -2.33859867e-02 -8.31113458e-02 -3.59294824e-02
  5.87869324e-02 -7.56894983e-03 -4.38278308e-04 -6.51040720e-03
 -6.79156259e-02 -1.30176386e-02  7.26407394e-02  5.37992232e-02
  4.19447757e-02 -9.45487767e-02  3.79090384e-02  3.93572673e-02
  6.11950643e-02  5.63947037e-02 -8.00930485e-02 -7.80323967e-02
  2.31196713e-02 -5.01026884e-02 -1.77144092e-02 -3.72624509e-02
 -1.17862813e-01  5.85445613e-02 -1.40934940e-02  6.19442202e-04
 -3.55168507e-02  5.18622659e-02  7.06202351e-03 -4.60403506e-03
 -3.22577208e-02 -1.55691768e-03 -5.00633605e-02  7.97651522e-03
  9.41069052e-02 -6.62966212e-03 -7.20281079e-02 -1.86700895e-02
  1.47262290e-02  7.47039393e-02  1.09754028e-02  8.99858866e-03
  2.04615332e-02  4.77893353e-02  3.42958868e-02 -2.28409246e-02
 -2.16149613e-02  4.78076637e-02 -9.84097738e-03  4.90039494e-03
  6.74580485e-02  1.96543224e-02  3.08618341e-02  4.13536616e-02
 -4.17649634e-02  2.59018987e-02  7.35233054e-02  5.06066456e-02
 -2.61834357e-02  2.39663981e-02  8.00235718e-02 -1.24922459e-32
  3.85984741e-02  9.68708470e-02 -4.46514674e-02 -3.12326308e-02
  4.53351422e-05  1.50344204e-02  1.72022115e-02 -7.53899068e-02
 -1.21489875e-02 -1.30910009e-01 -6.22226484e-03 -3.93512398e-02
  1.34068683e-01 -3.68001424e-02 -3.58316265e-02 -6.88801380e-03
 -7.78354257e-02  1.54436147e-02 -5.55932336e-02 -1.07334862e-02
  1.72407385e-02  1.26284026e-02  3.78280506e-02 -3.72658600e-03
 -2.54179607e-03  8.60634074e-03 -8.34499225e-02  5.48506789e-02
  8.48956755e-04  1.43596325e-02  1.14412690e-02  1.48856863e-02
 -4.91897725e-02  8.06404576e-02  5.32330154e-03 -8.11249390e-02
  1.04071917e-02  2.68009435e-02 -3.85835618e-02  1.05857417e-01
  1.51220486e-02  1.39724221e-02  7.43433163e-02 -3.13235931e-02
 -2.55110972e-02  6.70830486e-03  1.08631469e-01 -1.77446470e-01
  4.59588021e-02 -4.70596403e-02  7.95987919e-02  7.81146809e-03
 -2.09488664e-02  4.66366373e-02  4.86980602e-02  2.79025491e-02
  2.09422074e-02 -8.68753046e-02 -4.28876951e-02 -1.85596514e-02
  6.02277778e-02  1.19469717e-01 -6.49023568e-03 -5.05956188e-02
  2.81887222e-02 -5.05958423e-02 -8.76351353e-03  3.90605852e-02
  5.04604317e-02 -5.55632003e-02 -5.08514196e-02 -9.41833481e-02
 -2.16108328e-03 -8.90022442e-02 -1.31894452e-02  1.38861910e-02
  6.09459765e-02 -2.10208744e-02  1.98726598e-02 -7.60651752e-03
 -9.76668075e-02 -1.64088793e-02 -1.71944126e-03  1.71997417e-02
 -9.59213078e-02  2.59091402e-03 -5.50967082e-02 -2.54250243e-02
 -1.14826327e-02  9.09196511e-02 -5.04001640e-02  3.72089036e-02
  7.62437731e-02  1.55689253e-03 -3.85941826e-02 -6.04540205e-08
  9.73030273e-03 -1.64658818e-02  2.85037663e-02 -4.35443682e-04
  3.73138301e-02  4.73954296e-03 -9.47612450e-02 -4.87423055e-02
 -5.87221049e-02  2.47081108e-02  1.51109202e-02  1.62069984e-02
 -1.03353046e-01 -2.82172766e-02 -4.88196313e-02 -7.38356486e-02
  5.63295223e-02  4.04776298e-02 -2.25870851e-02 -4.40933648e-03
 -4.30124020e-03 -2.22228579e-02 -4.35371809e-02 -1.70256086e-02
  2.71626301e-02 -2.62405295e-02  2.97591016e-02 -1.55915646e-02
  2.34118141e-02  4.23380844e-02  1.03759542e-02  1.18826209e-02
 -3.02001630e-04 -2.00798009e-02 -2.37229541e-02 -6.48062602e-02
 -3.63237783e-02  6.81300685e-02 -2.75184284e-03  9.93569102e-03
  9.95813906e-02 -1.04955219e-01 -3.35707888e-02  3.55229452e-02
  6.62914142e-02 -6.60429429e-03  6.28240872e-03  8.09812024e-02
 -7.70783424e-02 -3.34865507e-03  1.14330929e-02 -1.91326980e-02
  6.69082776e-02 -3.99136618e-02 -3.99227925e-02 -2.15347074e-02
 -2.76071317e-02 -1.16580725e-03 -3.07230651e-02  6.92483224e-03
  1.45704681e-02  4.04533930e-02 -2.64908914e-02 -2.56969947e-02]