[-1.46496650e-02  6.92862272e-02 -2.34392341e-02 -6.74908683e-02
 -9.10862163e-02 -1.10595003e-02  1.01712272e-01  6.09213077e-02
 -2.71358844e-02  3.33208665e-02  7.26350173e-02  6.34803027e-02
 -2.22180951e-02  2.64938958e-02 -7.30029941e-02 -6.39431849e-02
 -1.33737624e-02 -2.53513325e-02 -1.10856686e-02  9.62303504e-02
  1.33483917e-01  3.06795910e-03 -5.32683954e-02  3.20719033e-02
 -4.58637029e-02 -7.62183592e-02 -8.83902833e-02  7.83436522e-02
  6.89475611e-03 -3.93172279e-02  1.77883692e-02  8.31861049e-02
  8.05781409e-02 -7.60417581e-02  4.33235988e-02  2.79587116e-02
  6.08284958e-02 -9.04275104e-02  2.76597310e-02  1.27382621e-01
  4.10107616e-03 -6.68465644e-02  5.46673918e-03  1.42237800e-03
 -2.98893433e-02  1.11897960e-02 -5.08227795e-02  5.40458299e-02
  4.95485216e-02  1.30851902e-02 -1.11673605e-02  4.26777080e-02
  2.78620981e-02  1.54516688e-02  3.31568681e-02 -1.11427717e-01
 -8.42703208e-02 -1.39577966e-02 -2.77827252e-02 -2.81755514e-02
  1.61781418e-03  1.53962178e-02 -7.83293415e-03 -1.97915770e-02
  1.07358523e-01 -4.20496576e-02 -2.57724021e-02 -1.39167830e-01
 -5.81974089e-02  1.05485106e-02  4.07222845e-02 -3.47306728e-02
  2.28204280e-02  7.03258589e-02 -7.44321868e-02  5.73305972e-02
 -5.05019687e-02 -4.55914363e-02  4.14100615e-03 -1.05437927e-01
  1.75188668e-02 -3.16321589e-02  3.77338156e-02 -2.50513852e-02
 -5.66558493e-03 -1.33724492e-02 -3.43792401e-02 -3.54864225e-02
  1.33385882e-01  3.70907299e-02  6.63063601e-02  3.00341938e-03
 -5.05659506e-02 -5.76693490e-02 -8.71421397e-02  5.41333063e-03
 -6.81960583e-02  1.04683721e-02 -5.60040846e-02  7.02267811e-02
  4.35534157e-02  6.50333092e-02 -3.07041053e-02 -6.70554489e-03
 -4.31778505e-02  8.07878096e-03  4.29863036e-02  5.23706526e-02
 -2.65275594e-02  6.51577115e-02 -1.05285794e-01 -2.46198419e-02
 -6.86553586e-03 -9.52060297e-02 -7.14530200e-02 -2.28928775e-02
  9.99638624e-03 -1.67217217e-02 -1.23085855e-02 -4.99756746e-02
  2.63909660e-02  5.73345041e-03  1.42104533e-02  2.49031764e-02
  9.11843684e-03 -1.73470229e-02  1.69187840e-02  1.99871538e-32
 -2.01068558e-02  1.67356990e-02  9.93579701e-02  8.51598382e-03
 -2.46838611e-02  1.91044025e-02 -1.75724421e-02 -5.92599250e-02
  4.32370370e-03 -5.40500367e-03 -6.56298548e-02  6.99655935e-02
  1.30507885e-03 -3.85220051e-02  4.18608077e-02 -6.95651397e-03
  9.14743170e-02 -2.10891701e-02  5.48283607e-02 -4.37050350e-02
 -6.81188256e-02 -1.80875547e-02  2.61837486e-02  2.04509553e-02
  3.08305193e-02  3.36697437e-02 -8.90015587e-02 -1.42423827e-02
 -5.35744429e-03  6.67537302e-02  2.53532622e-02  3.93506587e-02
 -5.11146449e-02 -4.50741164e-02 -6.68909922e-02 -1.97817776e-02
 -4.23933100e-03 -2.37566861e-03 -4.68738079e-02 -4.10123914e-02
  1.11147966e-02  3.63772847e-02 -3.11735203e-03  4.47846912e-02
  5.23445047e-02 -2.54048482e-02  2.92563234e-02  1.06747225e-01
  6.08003400e-02  7.96362609e-02 -6.30113482e-02 -6.38367143e-03
 -6.34971261e-03 -5.33033758e-02 -1.17519647e-02 -2.18220092e-02
 -2.76615527e-02  8.37781206e-02 -4.28473856e-03 -4.05517556e-02
  4.16093171e-02 -1.81880258e-02 -2.74088532e-02  8.50631949e-03
 -4.10045646e-02 -7.12857842e-02  1.45434029e-02 -1.66458637e-02
  7.64054134e-02  1.93379894e-02 -5.08719869e-02  1.69144664e-02
 -3.80099677e-02  8.82804170e-02 -3.60646881e-02  7.86376477e-04
  6.18043132e-02  2.90986765e-02  4.09401879e-02 -5.50446324e-02
 -2.30475701e-02  3.21175605e-02 -4.77186777e-03 -2.97459099e-03
  6.26524240e-02  2.40471568e-02  6.58729523e-02  3.06294449e-02
  3.00773997e-02  3.94178070e-02  4.11077626e-02  1.52159706e-02
  2.86756940e-02  3.34749520e-02 -8.25480279e-03 -1.94742885e-32
 -5.35405800e-02  2.76249759e-02 -3.61721180e-02 -2.23400984e-02
 -6.57403702e-03  3.27258855e-02  1.05087990e-02 -1.31598767e-02
  4.38034069e-03 -6.04201294e-02  4.63156514e-02 -1.04274645e-01
  7.25291148e-02 -2.94463988e-02 -5.00027500e-02  1.83011722e-02
 -8.07341561e-02  2.77354605e-02 -2.02107802e-02  2.40194146e-02
 -2.05804827e-03  6.85404092e-02  5.04881553e-02  2.76305750e-02
 -7.76378959e-02 -2.36851256e-03 -2.36342307e-02 -7.14893937e-02
 -6.46392331e-02  1.64030641e-02  2.91169547e-02 -1.11226952e-02
  1.77763794e-02  6.64006099e-02 -9.75910667e-03 -2.37994324e-02
 -1.09135192e-02  2.78462339e-02  1.12473354e-01  1.32268995e-01
  8.93300399e-03  1.78246759e-02  8.27271044e-02 -6.17826246e-02
 -3.54033224e-02 -6.15345389e-02  5.59130982e-02 -8.92516226e-02
  1.61662512e-02 -8.82012323e-02 -2.76063941e-02  4.41952236e-03
 -5.77020608e-02 -2.03926004e-02  6.30753562e-02 -3.76794338e-02
 -1.57804973e-02 -8.46476257e-02 -1.03953771e-01  5.48818596e-02
  5.26243225e-02  9.29800197e-02 -4.32327390e-02  4.15210798e-02
  1.02905147e-01 -2.32408494e-02 -4.12737802e-02  6.79276744e-03
  2.52027418e-02  5.04915323e-03  7.68631324e-02 -1.06529184e-01
  8.71183872e-02 -2.02453043e-02 -4.44468744e-02 -9.17230248e-02
 -1.89350899e-02  2.82756295e-02  1.40808634e-02  3.12952809e-02
 -3.04477401e-02 -3.06324381e-02 -5.86695075e-02  6.86811144e-03
 -1.05250835e-01 -6.86993152e-02  1.21431001e-01  4.81106807e-03
 -4.01657149e-02  8.08732510e-02 -7.25551369e-03  3.16052102e-02
  5.38599715e-02  7.36338692e-03  1.16198165e-02 -7.72902311e-08
  6.11217692e-02 -4.24015895e-02  5.74616808e-03 -1.20405629e-02
  2.77313069e-02 -1.97594613e-02 -4.80609126e-02 -7.46085197e-02
 -1.58663967e-03  3.78202051e-02  1.59572866e-02  3.99378948e-02
 -3.54444496e-02 -3.33219543e-02  2.15405095e-02 -4.40818556e-02
  3.22017446e-02  6.34262562e-02 -9.09127817e-02 -4.45577390e-02
  7.73594305e-02 -5.67861833e-02  9.46992915e-03 -1.12686329e-01
 -7.98505358e-03  1.24828657e-02 -6.53624386e-02 -2.05561779e-02
 -2.14184299e-02  1.41748032e-02  1.72650348e-02  2.54283585e-02
 -1.27724353e-02 -1.04027219e-01 -7.17082918e-02  4.93569896e-02
 -2.97622085e-02  3.62502038e-03  1.02258381e-02  7.46713877e-02
  9.54383332e-03 -8.80219489e-02 -5.23442812e-02 -1.50011973e-02
  3.53060365e-02  6.09811470e-02 -8.23789462e-03  6.83946237e-02
 -1.20527454e-01  5.57200518e-04 -9.00544301e-02  3.53939719e-02
  3.81625816e-02 -5.85609302e-02 -5.16400561e-02 -1.90452766e-02
  4.39499617e-02  6.29828572e-02  2.14193556e-02 -6.40115887e-02
  2.37902291e-02  2.43489686e-02  3.71979806e-03 -5.82638383e-02]