[-3.64401452e-02  4.98429388e-02 -4.35970649e-02 -3.64150144e-02
 -5.77908829e-02  3.05459239e-02  4.06541228e-02  8.43897834e-02
  1.30932368e-02  4.03381847e-02  5.92119507e-02 -2.80100275e-02
 -3.86875682e-02  3.71793620e-02  4.16150466e-02 -2.88534798e-02
  8.71003717e-02  3.95970047e-02  8.02718918e-04  2.82993186e-02
  1.35053396e-01 -1.10743595e-02 -4.43335474e-02  7.53679350e-02
 -9.17305723e-02 -8.70446581e-03 -5.31709082e-02 -5.26635982e-02
 -5.23080006e-02 -2.27685031e-02 -7.65060857e-02  1.05177492e-01
  7.79921561e-02  1.78311579e-02 -1.27710747e-02  9.74094868e-03
 -2.38974858e-03 -6.83652237e-03 -9.71897878e-03  3.44734117e-02
 -9.10803899e-02 -9.29520354e-02 -8.11390579e-02 -6.89963698e-02
 -6.86896127e-03 -4.26605232e-02  3.26640047e-02  9.70589370e-02
 -2.67481972e-02 -2.27714162e-02 -3.57025973e-02 -3.33304554e-02
 -4.34666649e-02  4.95526977e-02  1.68046057e-02 -4.33345921e-02
  1.35613671e-02 -7.76235759e-03 -1.15462104e-02  3.73954326e-02
 -4.05209437e-02  4.00898680e-02 -8.46199021e-02  1.15217688e-03
  1.84141600e-03  7.24134967e-02 -6.53959140e-02  2.99350563e-02
 -7.46945804e-03  5.63359745e-02 -2.75453599e-03 -4.68689762e-02
  1.45870419e-02 -1.67380106e-02  2.04572757e-03  1.38679231e-02
  1.82226840e-02  3.43234837e-02  2.76503824e-02 -2.27470249e-01
  1.56471878e-02  6.62706718e-02 -3.63032781e-02 -5.46255894e-02
  7.65825342e-03 -2.62279864e-02 -3.16899940e-02  1.40263028e-02
  6.13079332e-02  3.99584603e-03 -1.49604259e-02 -1.42595442e-02
 -4.68453281e-02 -2.68629156e-02 -1.54327620e-02 -2.44625863e-02
 -3.34550813e-02 -8.09095129e-02  1.04756117e-01 -4.15054820e-02
  9.85013843e-02  6.59392253e-02  3.38266860e-03  2.37043593e-02
 -2.48893965e-02 -1.03766127e-02 -5.06371772e-03 -2.30032708e-02
  4.51593362e-02  1.37970880e-01 -5.67669980e-02 -2.56338362e-02
 -7.71447644e-02 -1.19356982e-01 -8.78092051e-02  2.46197134e-02
 -6.22901842e-02 -1.56792756e-02  4.39256169e-02 -4.82288375e-02
 -4.07760032e-03  7.55427917e-03  6.27229437e-02 -2.18868349e-02
  8.80425349e-02 -8.59582424e-02 -1.17425285e-02  9.39583875e-33
 -2.02553738e-02  1.48208323e-03  1.61251165e-02  4.24697809e-02
 -1.47124780e-02  1.24509754e-02 -4.20217812e-02 -3.07942703e-02
  8.48095417e-02  1.25497773e-01 -7.90956467e-02  1.03656277e-01
 -3.41395922e-02 -1.37674203e-03  1.10185102e-01 -5.51288016e-02
  2.24973653e-02  1.77039905e-03  4.14136462e-02 -5.73625648e-03
 -1.82573404e-02  3.84580679e-02  3.19715664e-02 -4.13412154e-02
  3.60570513e-02  3.73279899e-02 -1.06566399e-01  1.76918078e-02
 -3.73473875e-02  5.62750921e-02  7.12476522e-02 -4.42595072e-02
  6.98762387e-02 -3.15043726e-03 -7.16181025e-02 -4.25256640e-02
 -7.16369450e-02 -5.17951436e-02  3.81083926e-03 -1.03303446e-02
 -6.86794072e-02 -3.54060344e-02  1.92578211e-02 -1.46801649e-02
  4.68400009e-02 -6.22996055e-02  3.16065624e-02 -1.32745188e-02
  8.36056694e-02  6.31720498e-02 -5.80770709e-03 -5.08723371e-02
 -3.13111208e-02 -5.90704530e-02 -2.45295130e-02  2.69513410e-02
 -6.95803836e-02  1.04179094e-02 -1.32746641e-02 -3.05842254e-02
 -2.18345672e-02 -1.16680833e-02  4.71431576e-03 -1.89653486e-02
 -5.66832013e-02 -3.99627090e-02  5.60390018e-03  7.68229424e-04
  1.27928555e-01  7.11879805e-02 -8.98807570e-02  3.36788781e-02
 -2.45794486e-02  2.17455663e-02  6.57726005e-02 -9.24049236e-04
  3.94276157e-02  8.15937016e-03 -5.75933866e-02  2.17006393e-02
 -1.71280503e-02 -3.75638828e-02 -1.00796921e-02  9.47356969e-03
  5.08259274e-02  7.93849379e-02  1.97606646e-02  5.61743304e-02
 -7.10355816e-03  6.98846355e-02 -2.82669887e-02  1.00010388e-01
 -3.05801928e-02  7.82562345e-02  8.09481218e-02 -1.29336749e-32
  3.18938419e-02  6.77454174e-02 -3.33230942e-02 -5.19543923e-02
 -1.74926110e-02 -1.90289542e-02  4.22367007e-02 -1.20725289e-01
 -6.68722466e-02 -6.75676614e-02 -7.11686015e-02 -7.03516006e-02
  1.84459258e-02 -2.94722244e-02 -7.73400143e-02 -3.43716959e-03
 -2.31402069e-02 -5.54353148e-02 -4.89020571e-02  1.00626778e-02
 -4.01591435e-02  3.68696414e-02 -2.18778905e-02  8.50163866e-03
  4.81443107e-02 -8.84428024e-02 -5.70632555e-02  1.86052136e-02
  3.49049130e-03  1.46942269e-02  4.22667041e-02  6.61322922e-02
  2.21637525e-02  7.87669495e-02  9.43486765e-03 -5.18163033e-02
  6.37416616e-02  1.60710942e-02 -1.73583310e-02  5.79546951e-03
  9.71933752e-02  4.14358042e-02  1.24456519e-02 -1.86899919e-02
 -8.74215066e-02 -1.31473830e-02 -1.73994731e-02 -1.14670970e-01
  2.77946312e-02 -7.23000243e-02  8.89161602e-02 -3.71479988e-02
 -4.47651632e-02 -2.19191704e-02  5.86054707e-03  2.03257035e-02
  9.08565521e-03 -1.00077152e-01 -2.80123129e-02  1.69852730e-02
  5.86323291e-02 -4.21573892e-02 -1.58131570e-02 -3.57490368e-02
  8.77754763e-02 -2.76762042e-02 -6.46611722e-03  4.03390676e-02
  5.84997162e-02  2.26633959e-02  6.30968139e-02 -1.90773234e-02
 -9.62244645e-02 -5.34824058e-02 -4.23853621e-02 -5.08564375e-02
 -7.27675203e-03 -5.91913722e-02 -4.22195084e-02  2.51883101e-02
 -1.26707843e-02 -1.89778209e-02  8.16762075e-03 -1.97082246e-03
 -1.07246913e-01  2.16324050e-02 -3.86261158e-02  1.46252755e-02
 -1.00670953e-03  5.44633567e-02 -9.09160301e-02  3.71243730e-02
  3.71192060e-02 -4.19085659e-03 -5.99905401e-02 -6.19386071e-08
 -2.51939911e-02 -7.45523348e-02  8.33010972e-02 -1.13479309e-02
  2.44286843e-02 -5.00643738e-02 -2.75027938e-02  1.87940225e-02
 -2.15154048e-03  8.59662192e-04 -5.62640503e-02  5.96048124e-03
 -2.59785298e-02  6.94445753e-03  3.24124917e-02 -4.48582992e-02
  7.29406253e-02  4.97980341e-02 -3.87707837e-02 -7.20968544e-02
  5.32598980e-02 -1.29589317e-02 -1.52400240e-01 -1.78741477e-02
  4.24218923e-02 -4.62045595e-02 -3.30367213e-04  1.12850936e-02
  3.67271416e-02  4.57549021e-02  8.63511022e-03  2.84574251e-03
  2.61473786e-02 -5.96805140e-02 -3.93102653e-02 -1.68185961e-02
  6.05651252e-02 -1.14234937e-02 -4.77384366e-02 -4.17076275e-02
  7.58079961e-02  1.58027839e-02 -3.03622894e-02 -6.44925609e-03
 -1.68523137e-02 -3.36792767e-02  3.64535931e-03  5.35854883e-02
 -2.70897951e-02 -3.27224843e-02 -3.91701721e-02  3.08418851e-02
  6.64880276e-02  6.74425140e-02  1.68487523e-02 -4.26613241e-02
  3.94800752e-02 -2.34082490e-02  1.18165212e-02 -2.27101073e-02
  7.91948438e-02  9.19518843e-02  5.92106022e-02 -4.78026718e-02]