[-5.16309030e-02 -1.18676596e-03 -7.08602443e-02 -7.85265416e-02
 -6.54437542e-02 -4.95749861e-02  2.29402594e-02  1.06153503e-01
  3.76203061e-05  5.30827269e-02  5.46652414e-02 -1.89658459e-02
  6.36684597e-02 -6.48947572e-03  6.42059073e-02 -5.34951426e-02
 -1.05198482e-02  5.45039726e-03 -4.81795100e-03  3.47609408e-02
  1.78505898e-01  1.61987729e-02 -6.73321933e-02  2.02130862e-02
 -4.70994823e-02 -3.52301728e-03 -2.26923078e-02  6.95905415e-03
 -1.80587098e-02 -3.33287045e-02 -8.69435966e-02  1.30522549e-01
  1.13888547e-01  6.11833036e-02  8.21447000e-03  3.48803140e-02
  3.00349519e-02 -3.00383680e-02 -7.86836669e-02 -2.81836651e-03
 -1.48085117e-01 -9.02816374e-03 -7.26720169e-02 -5.28656170e-02
  2.50374675e-02 -4.58732955e-02  5.27552795e-03  1.93958655e-02
 -5.74944653e-02 -4.37480621e-02 -1.46953329e-01 -8.56258254e-03
 -4.54702750e-02  2.85275728e-02 -1.16929794e-02 -5.71542233e-02
 -3.00973225e-02  1.42514585e-02  9.80766676e-03 -2.28091087e-02
 -2.81291306e-02  1.30253015e-02 -1.67496055e-02  4.31608669e-02
  1.33100227e-02 -6.86862622e-04  3.10143773e-02 -1.48421079e-02
 -3.86821083e-03 -2.69070901e-02 -7.95071945e-03 -6.92310557e-02
 -1.54233230e-02  7.45714530e-02 -7.03282654e-02  5.99909276e-02
 -1.76820867e-02  5.97115606e-02 -8.40767622e-02 -1.39020413e-01
  3.29440981e-02  3.57470028e-02  4.34034085e-03 -1.20248273e-02
 -4.04483788e-02 -5.71523327e-03 -4.29697055e-03  1.66777112e-02
  5.51403128e-02  1.86892282e-02  2.45814566e-02  3.49389240e-02
 -2.80440412e-02 -4.11038250e-02 -8.72360170e-03 -4.47371155e-02
  5.01312837e-02  3.60331051e-02  4.10079360e-02  1.50670456e-02
  7.45141879e-02  1.53072365e-02 -6.43810490e-03 -2.99895816e-02
 -3.53875719e-02  2.09440198e-02 -1.45995840e-02 -7.75507018e-02
  7.54645467e-02  7.22721964e-02 -1.02648407e-01 -6.45949841e-02
 -1.38999715e-01 -7.67282322e-02 -8.40582475e-02 -7.56836450e-03
 -5.00680916e-02 -5.10026440e-02  3.52202319e-02 -1.00830430e-02
  4.40612324e-02 -4.36238609e-02  2.69117095e-02 -6.58253878e-02
  3.65443528e-02 -3.02437954e-02  1.10876307e-01  9.96336302e-33
 -1.31361671e-02  5.73398843e-02 -9.65584666e-02  3.81916761e-02
  2.09567957e-02  1.52597036e-02 -3.71294282e-02  2.46901028e-02
  3.81273180e-02 -2.69773100e-02 -6.97603896e-02  1.19362511e-01
  1.44706387e-03 -1.37796598e-02  7.53943175e-02  1.74220763e-02
  1.69832297e-02  4.66716848e-02  3.57913226e-02  1.74278989e-02
  3.54276337e-02  3.22515378e-03  2.92900503e-02 -6.40702546e-02
  6.17146641e-02  7.33856857e-02 -6.93470519e-03 -4.61247340e-02
  2.88134180e-02  2.16462798e-02  6.88537732e-02 -7.45874345e-02
  3.00040431e-02 -4.04733829e-02 -1.23929195e-02 -3.75446975e-02
  4.25492460e-03 -4.29747067e-02 -1.56835951e-02 -2.09153946e-02
 -3.41111012e-02  1.19631896e-02  4.27764170e-02  2.97450107e-02
  2.80066449e-02 -2.03122403e-02 -1.27128838e-02 -4.03721444e-03
  7.55155906e-02  3.49883847e-02  2.00170390e-02 -3.86451147e-02
 -1.31110637e-03 -5.96366450e-02  6.21349327e-02  1.12621794e-02
 -1.42379096e-02 -1.14093032e-02 -5.00593558e-02 -1.50032705e-02
  1.16973883e-03 -4.04802002e-02  1.20655103e-02  1.95927452e-03
  3.21165994e-02 -7.00792745e-02 -2.75046341e-02  3.54945362e-02
  1.15333952e-01 -1.52308792e-02 -4.38700840e-02 -2.93148775e-02
 -7.79057504e-04  5.80433160e-02 -8.59628152e-03 -1.70513876e-02
  1.55691048e-02  1.06236544e-02 -5.81027009e-02  3.53728533e-02
 -8.51525888e-02 -1.39153628e-02 -2.17249934e-02  4.64885943e-02
  2.53493618e-02  6.72126636e-02  6.55590072e-02  5.75728668e-03
 -1.16617454e-03  3.33943032e-02  2.29064543e-02  7.74878711e-02
 -9.50347185e-02  1.60433240e-02  4.08523344e-02 -1.20096445e-32
 -4.23125289e-02  3.81062515e-02 -8.58418941e-02  5.44556007e-02
 -8.34764466e-02 -1.32633364e-02  6.96362481e-02  2.63794884e-02
 -1.22054173e-02 -1.02239832e-01 -7.61671588e-02 -1.17532194e-01
  8.84569734e-02 -3.46705616e-02 -5.56277484e-02  3.71046783e-03
 -3.79546657e-02 -4.71065566e-02 -5.34378476e-02  4.26604487e-02
 -5.69176441e-03  2.17848234e-02 -6.44178838e-02 -6.14825636e-02
 -5.57916472e-03 -3.55731212e-02 -1.90591123e-02 -5.97962849e-02
 -6.02948815e-02  4.60153492e-03  9.04148370e-02 -1.51731726e-02
 -4.68053669e-02  1.12762958e-01 -4.29502539e-02  5.95340878e-03
  7.09043667e-02  6.62540493e-04  8.05032253e-03  8.40847641e-02
  8.98049995e-02  8.19246396e-02 -4.94608320e-02 -5.81262484e-02
 -6.97752982e-02 -4.19722088e-02 -5.81804775e-02 -8.39363188e-02
  3.52164283e-02 -9.88060907e-02  1.46460563e-01 -4.90563028e-02
  8.78968369e-03 -8.50441605e-02  1.44555140e-02  3.37528810e-02
  1.17083685e-02 -6.51544407e-02 -7.33992457e-02 -1.51424697e-02
  7.69161507e-02  2.78713240e-04  1.99475810e-02 -1.45467659e-02
  6.11428283e-02  5.03403507e-02  5.68253687e-04  1.90395471e-02
 -2.98869852e-02 -6.61419407e-02  5.58802895e-02 -1.37354553e-01
 -5.48245087e-02 -4.27551344e-02  3.05635878e-03 -1.29881427e-02
 -3.27860788e-02  1.90640185e-02 -7.37636611e-02  2.80837044e-02
 -2.01322660e-02  4.49092574e-02 -4.45772931e-02  3.70322764e-02
 -7.66199678e-02  3.92579623e-02  1.67874824e-02  3.36494222e-02
  4.32429661e-04  1.95187749e-03 -2.85208747e-02  1.09416790e-01
 -9.01577156e-03  9.63422954e-02 -5.57583347e-02 -6.75497418e-08
 -3.37934047e-02 -6.39760643e-02 -8.45822971e-03  3.28077078e-02
  4.11540382e-02 -9.76861268e-03 -1.78730488e-02 -2.69528292e-03
  7.91560113e-03  2.55610179e-02 -1.64313968e-02 -8.01594928e-02
 -1.40295744e-01  3.18364650e-02  6.09937236e-02 -1.32786976e-02
  5.09657748e-02  3.41868512e-02 -5.99502511e-02 -5.06991111e-02
  6.33312315e-02  2.10059551e-03 -7.98317567e-02 -1.59423724e-02
  1.20844059e-02  1.20864110e-02 -5.34835756e-02 -3.03240865e-03
  3.02420203e-02  3.10640619e-03 -1.06273545e-02  1.59331430e-02
  2.57056970e-02 -2.36841347e-02 -2.17694342e-02 -4.34050374e-02
  1.22740231e-02  4.58353907e-02  2.09944672e-03  4.29663360e-02
  1.11701585e-01  6.24055974e-04 -6.91535324e-02  2.59207040e-02
  6.77269846e-02  6.02937024e-03 -1.71868932e-02  8.13178811e-03
 -1.48653621e-02 -1.85868479e-02 -5.67157492e-02 -2.49997843e-02
  5.12821451e-02  2.06853412e-02 -7.58266356e-03 -2.34316196e-02
  2.65920516e-02 -7.70023419e-03  3.36224250e-02  1.06492834e-02
  3.43255550e-02  7.15135261e-02 -3.64493043e-03  3.81856635e-02]