[ 4.91726063e-02 -3.01558059e-02  1.50467530e-02  3.05163674e-02
 -6.36832565e-02  2.40556616e-02  6.34474456e-02  9.60730314e-02
  2.18447596e-02  2.30446756e-02  1.01095408e-01 -1.02288492e-01
 -1.70914427e-05  2.83839833e-02  8.90163297e-04 -6.66124299e-02
  6.99377134e-02 -1.92457363e-02 -8.97085592e-02  2.66579408e-02
  1.52514419e-02 -1.61938388e-02  2.43569463e-02 -3.75200249e-02
 -3.87422144e-02 -2.72843125e-03  1.32578630e-02 -5.72386524e-03
  2.08421759e-02 -5.28050251e-02 -8.88989493e-03  8.15360993e-02
  1.19668394e-01 -6.86810166e-02 -5.16358502e-02  6.52590441e-03
 -2.25120280e-02 -9.20902863e-02 -3.63880657e-02  5.23617379e-02
 -3.66198234e-02 -6.81902170e-02 -2.17341911e-02 -4.42125872e-02
  3.20325904e-02 -5.25873527e-02 -6.53448477e-02  2.40236185e-02
  1.96140632e-02 -1.14248032e-04 -7.14315474e-02  2.79928315e-02
 -1.45992870e-02  4.06114832e-02  3.54407020e-02 -1.11375026e-01
 -3.89496610e-03 -4.97636497e-02 -1.62724759e-02 -2.41989177e-02
  3.99362948e-03  5.36394678e-02 -5.58439195e-02  1.48405402e-03
  9.40990970e-02  6.60221046e-03 -6.85370639e-02 -9.01123323e-03
 -6.58828579e-03  3.88409831e-02  5.45283407e-02 -6.09949678e-02
  2.69736052e-02  5.67676360e-03 -9.84582491e-03  4.31269268e-03
  3.91997918e-02  3.36250104e-02 -3.36593576e-02 -4.80682068e-02
 -1.63325462e-02 -4.48987149e-02 -2.00521313e-02  2.41861679e-02
 -2.07161084e-02 -5.14617562e-02  1.67544819e-02  2.20014136e-02
  4.69721556e-02  1.21052749e-02  2.27272399e-02  7.68841729e-02
 -8.72096941e-02 -6.06423542e-02  4.34089899e-02  7.29945973e-02
 -6.05746284e-02 -4.06506136e-02  4.72691515e-03 -4.18678448e-02
 -1.13373306e-02  1.03552686e-02 -1.19957224e-01 -5.30364830e-03
 -1.02349624e-01 -1.07144207e-01 -4.60367575e-02  3.47396396e-02
  1.34970853e-02  9.36954096e-02 -7.24664778e-02 -3.43103856e-02
 -6.71816915e-02 -1.63717624e-02 -5.38477600e-02 -6.88951686e-02
  2.71491800e-02 -6.08263686e-02  5.97087294e-02 -4.09109108e-02
  2.95660812e-02  1.34177189e-02  4.01361994e-02 -5.63835502e-02
 -2.73568388e-02 -5.35688996e-02  5.07860407e-02  1.29593183e-32
 -6.06144816e-02 -1.23928607e-01 -2.77188756e-02  2.14981055e-03
 -8.55183881e-03 -2.44108923e-02 -9.49442312e-02  4.54225354e-02
  8.92279297e-02  3.10901669e-03 -7.76132345e-02  5.53849898e-02
 -5.98460026e-02  1.82410721e-02  4.53280210e-02 -3.58527116e-02
 -1.01129459e-02  3.44028771e-02  2.07268856e-02 -3.85180600e-02
 -7.34407753e-02  1.01580406e-02  9.85020306e-03 -3.71708162e-03
  4.48202007e-02  3.63121666e-02  4.32478171e-03 -2.79797111e-02
 -4.03078757e-02 -1.11411966e-03  8.06824565e-02  5.04881097e-03
 -1.83085501e-02 -8.98987129e-02 -1.28333569e-01  7.75821507e-02
  1.18789123e-02  6.64737150e-02 -1.97713636e-02  4.43764180e-02
 -5.62908761e-02 -4.01525805e-03  9.96966809e-02  4.31535207e-02
  6.22016552e-04 -7.52299558e-03 -9.09509719e-04 -5.19725792e-02
  8.56036246e-02  4.07640859e-02 -2.82457042e-02 -3.59693207e-02
  4.49240170e-02 -5.58996573e-03 -2.78897472e-02  4.89792228e-02
 -3.80621627e-02  5.62366433e-02 -4.03707996e-02 -1.23880589e-02
  8.09271354e-03 -1.97102856e-02 -1.16878282e-02 -5.14909066e-03
  7.64883682e-03  2.23023910e-03  2.89471913e-02 -1.10378116e-02
  5.26229739e-02 -3.42985732e-04 -3.97052169e-02 -3.69674526e-02
  2.89482856e-03  3.10712717e-02 -1.46342320e-02 -1.67164840e-02
  7.23773986e-02  5.55899292e-02  5.61176706e-03 -2.84823333e-03
 -3.09689064e-02 -9.97540504e-02 -5.66583266e-03 -1.65694878e-02
  8.05989802e-02  8.42078477e-02  5.73830009e-02  4.07598577e-02
  3.79574089e-03  3.42977680e-02 -6.54131640e-03  6.50611669e-02
 -2.79898457e-02  4.42592427e-02  2.34319568e-02 -1.45702025e-32
 -3.60656828e-02  7.99139142e-02 -4.95956987e-02  4.92714792e-02
  4.36042175e-02  2.80593056e-02 -1.63578521e-02 -6.39494210e-02
  7.42685273e-02  2.86428705e-02 -7.93034956e-02 -2.54857782e-02
  1.94167849e-02 -4.41878289e-02 -1.33293107e-01  4.95399386e-02
  1.40164676e-03  2.95551512e-02 -7.94482082e-02  2.33917404e-02
 -7.04935342e-02  1.28920943e-01  5.27427606e-02  5.80941476e-02
 -2.20578145e-02  3.11947968e-02 -1.69424135e-02 -4.53931391e-02
 -9.06557664e-02 -4.16611657e-02  3.67227644e-02 -7.39981756e-02
 -1.10281380e-02  3.19881737e-02 -6.23521768e-02 -2.67423242e-02
  4.39663976e-02 -1.41101610e-02 -6.72307089e-02  1.19702235e-01
  3.08602918e-02  3.69087905e-02  1.42918192e-02 -1.41038280e-02
 -3.76085155e-02 -5.50691225e-02  7.30216354e-02 -1.21532582e-01
  2.08169576e-02 -8.83959513e-03  1.05990395e-01  1.07430108e-02
 -1.06916288e-02  9.10595283e-02  9.75665543e-03  1.78882163e-02
  6.11158786e-03 -9.40242708e-02 -1.05709530e-01  3.73013923e-03
  9.64490995e-02  8.16983208e-02  2.82885451e-02 -7.01844469e-02
  5.83130792e-02 -1.07865194e-02 -4.36509587e-02  8.90394393e-03
 -2.55204807e-03 -6.45733699e-02  5.98302260e-02 -2.80574504e-02
 -3.35835367e-02 -3.15533429e-02 -1.52741289e-02 -5.02534397e-02
 -4.14120667e-02  2.88695544e-02  4.61493172e-02  3.56679317e-03
 -6.64892122e-02  1.56799499e-02 -5.55092171e-02 -8.09807628e-02
 -1.73918977e-01 -1.50096817e-02  3.13652232e-02 -5.73319644e-02
  1.89017560e-02  7.21103102e-02 -9.20963362e-02  1.93094686e-02
  2.66718846e-02  2.32122751e-04 -2.21529994e-02 -5.59184983e-08
  1.96801834e-02 -5.44260740e-02 -1.55810742e-02  8.13504681e-02
  4.67733480e-03 -2.28530318e-02 -5.12580462e-02 -3.74383735e-03
 -4.70574610e-02 -4.61545214e-03 -2.57622655e-02  4.25062627e-02
 -9.78164002e-02  1.37534440e-02 -6.16114959e-02 -9.65335667e-02
  5.40050417e-02  8.72933194e-02 -7.88410008e-02 -4.90584113e-02
  3.60091180e-02  4.69570421e-02 -1.12854047e-02 -5.22520877e-02
  5.97985648e-02  5.71281165e-02 -1.89731680e-02  3.31397611e-03
  2.29415894e-02  4.84378636e-02 -3.73189859e-02 -3.44073884e-02
  1.44502893e-02 -4.91521731e-02 -2.13948470e-02  1.28090270e-02
  1.30505965e-03 -2.11666897e-02 -2.57432982e-02  6.19453937e-02
  1.02653587e-02 -3.35993096e-02 -2.31578350e-02  5.15347458e-02
 -7.04730581e-03 -2.15770025e-02 -1.20307654e-01  1.25374466e-01
  3.37501653e-02 -2.92099882e-02  5.50738722e-02 -2.38202810e-02
  3.70268486e-02  2.63163038e-02 -5.97768538e-02  4.10935059e-02
  1.96393598e-02  7.34150410e-02 -3.37528735e-02  8.50990135e-03
  7.86905661e-02  4.19060774e-02  4.47501577e-02  1.07204020e-02]