[-3.52620967e-02 -3.63789275e-02 -1.00247175e-01 -5.76275811e-02
 -4.24831919e-02  2.20874231e-02  6.70275390e-02  1.42572492e-01
 -1.31655401e-02  3.78521606e-02  4.51528318e-02 -5.85571267e-02
  1.70713905e-02 -2.78757000e-03 -2.10174713e-02 -5.71904816e-02
  1.73809491e-02  5.89145534e-02 -8.67734775e-02 -2.51075886e-02
  1.38497055e-01 -4.45994698e-02 -1.38263917e-02  3.48109491e-02
  3.81271280e-02  7.54146203e-02 -5.73996864e-02  2.80321874e-02
  3.83324688e-03 -1.12411734e-02 -7.09862029e-03  8.34939405e-02
  1.00816682e-01 -9.47087035e-02  6.98505342e-03 -8.42171535e-03
 -3.24263647e-02 -7.55224302e-02 -9.44580417e-03  3.56889851e-02
 -6.00252524e-02  4.44129400e-05  1.91488070e-03 -4.16645221e-02
 -4.00931574e-02 -7.86114484e-02 -5.43715619e-02  4.94861715e-02
  3.12008914e-02 -1.62896253e-02 -3.75855938e-02  1.01450257e-01
  1.14394454e-02  4.90991287e-02 -2.07990222e-02 -7.26817474e-02
 -5.85582443e-02 -3.28322081e-03  9.44726751e-04  1.92773286e-02
  1.35070859e-02  2.57654320e-02 -3.64477262e-02 -2.96384692e-02
  5.39369695e-02  4.20392416e-02 -2.92594619e-02 -1.25467703e-01
 -3.21874730e-02  5.06340452e-02  6.64496841e-03  5.61795272e-02
 -4.41395771e-03  3.16172168e-02 -7.43769780e-02  4.68833819e-02
  5.30518182e-02 -2.90880315e-02 -2.36662943e-02 -7.71662965e-02
  3.63153145e-02  3.27847451e-02  3.08195539e-02 -1.94530636e-02
  2.03671400e-02  7.69189559e-03 -3.05976383e-02  8.15773532e-02
  2.59785559e-02  3.02367453e-02  9.87580568e-02  1.05267152e-01
 -6.45261183e-02 -3.00760604e-02 -3.67337391e-02  2.21254211e-02
 -5.78734907e-04  2.00568549e-02  3.92395072e-02  8.61284230e-03
  5.39908484e-02 -2.64978851e-04 -3.66607755e-02 -5.06647006e-02
 -9.05925781e-02 -1.74879748e-02  2.05686521e-02  6.64052367e-02
  1.37960399e-02  4.96880747e-02 -9.45684835e-02 -3.79803870e-03
 -2.50920951e-02  6.61842898e-03 -9.88604277e-02  1.00384373e-03
 -3.10349744e-02 -4.87173349e-02 -2.05406599e-04 -3.36289522e-04
  1.19245080e-02 -4.05206978e-02  1.05225362e-01  2.01239865e-02
  5.74947335e-02 -1.02283843e-01 -4.22999449e-02  1.62921945e-32
  9.33368411e-03  3.42351720e-02  2.60079186e-03 -3.71286198e-02
 -1.74441971e-02  4.07267474e-02 -8.55259374e-02  6.19410835e-02
  1.09351343e-02  1.16749862e-02 -9.14709345e-02  8.80029872e-02
  5.37993526e-03  1.93830710e-02  1.00794911e-01 -4.02282402e-02
 -2.45470610e-02 -4.50676791e-02  2.00426169e-02 -3.31032239e-02
 -7.18560722e-03  1.46310944e-02  3.69796678e-02  4.25718874e-02
  4.24505724e-03  1.08851761e-01  1.44797115e-04  1.69982146e-02
 -8.13240111e-02  8.25691223e-02  5.08229136e-02 -1.77569012e-03
 -1.27973676e-01 -5.25025204e-02 -9.35553480e-03 -4.88444902e-02
  5.66277876e-02 -2.54711732e-02 -5.15330099e-02  5.91699146e-02
 -1.27111971e-02  5.85707314e-02  9.33124498e-02  2.24052966e-02
  2.00362261e-02 -3.20107490e-02  6.14617802e-02  6.72950745e-02
  1.02786176e-01  7.52801895e-02 -7.23699331e-02 -1.33491717e-02
  7.49353096e-02 -4.89634648e-02 -1.01731084e-02  1.01250401e-02
 -7.12317377e-02  8.28808546e-02 -2.53081191e-02  1.01320399e-02
 -8.44615996e-02  1.79886129e-02 -3.18403505e-02 -2.59056482e-02
 -5.60138114e-02  4.66145426e-02 -7.04621747e-02 -5.69095463e-02
  1.06242403e-01 -5.47375390e-03 -5.21479994e-02 -7.33274361e-03
 -3.42443888e-03  3.54452841e-02  1.38995424e-02 -5.86819695e-03
  7.01815188e-02 -2.54379865e-02 -2.86147855e-02  3.52441217e-03
 -5.68151139e-02  3.08626555e-02 -5.50007727e-03 -4.83992249e-02
  4.42102328e-02 -4.87177307e-03  2.33009588e-02  1.97742451e-02
 -3.03703882e-02 -1.20371506e-02  3.73155400e-02 -8.75447225e-03
 -3.47299245e-03 -1.44634461e-02 -3.61208208e-02 -1.61082384e-32
  1.24331692e-03  6.53886795e-02 -4.34420351e-03  7.52821714e-02
  4.46479172e-02  3.12576443e-02  2.87076142e-02 -2.50022653e-02
  5.30338474e-02 -1.25884205e-01  6.24640770e-02 -4.65521216e-02
  3.39819305e-02 -2.02842541e-02 -1.76134538e-02  3.23107978e-03
 -7.96893686e-02  5.75266518e-02 -4.20532078e-02 -3.64611931e-02
 -6.23034919e-03  1.01706959e-01  3.22998986e-02  5.37085952e-03
 -8.82056169e-03 -1.85155272e-02 -8.17433521e-02 -1.51879964e-02
  2.55701523e-02  3.92356701e-02  7.31940046e-02  2.96408404e-02
 -4.33501936e-02  3.90353836e-02 -3.60842533e-02 -3.62920426e-02
  5.66003285e-02 -2.21964531e-02 -1.14174234e-02  1.17528133e-01
  4.09397520e-02  4.53791805e-02  2.08437368e-02 -5.32379188e-02
 -1.31222196e-02 -4.90988269e-02  2.26511862e-02 -9.82582569e-02
  2.47441269e-02 -2.42187604e-02  1.09159589e-01 -3.89663018e-02
 -7.72303492e-02  7.37864673e-02  1.03859156e-01 -1.76264495e-02
 -3.95986438e-02 -2.48002633e-02 -1.28294587e-01 -1.64963640e-02
  6.94822893e-03  6.21527508e-02  4.63925526e-02 -4.35161740e-02
  9.65108424e-02 -2.87578050e-02  3.48758027e-02  3.67667228e-02
  5.38851917e-02 -6.11467939e-03  5.05467020e-02 -8.10394436e-02
 -7.45909242e-03 -4.13455404e-02  1.44092776e-02 -2.86513120e-02
 -5.30855060e-02  3.90806198e-02  3.12420148e-02 -8.51131789e-03
 -4.00901698e-02  1.21226739e-02 -1.68395005e-02 -4.11184058e-02
 -2.95516886e-02 -4.60993079e-03 -1.01677524e-02  1.98317710e-02
  1.27521083e-02  1.00243157e-02 -4.24314924e-02  4.59986255e-02
  1.01973809e-01  2.89377011e-02  3.68386246e-02 -6.35606980e-08
  1.25849573e-02 -5.05670160e-03 -3.50828581e-02  4.64471318e-02
  2.34068278e-02  2.65398324e-02 -4.37785424e-02 -7.47372285e-02
 -2.68359333e-02 -1.92900989e-02  7.93390498e-02  2.67374031e-02
 -6.84000552e-02  9.33042355e-03 -1.67978276e-02 -7.99995586e-02
  4.69697602e-02  1.02355123e-01 -3.86694632e-02  1.02293855e-02
  4.44473587e-02 -2.19007619e-02 -1.53704463e-02 -7.93613270e-02
 -1.81065444e-02 -4.97091487e-02 -7.99818411e-02 -6.09534271e-02
  1.76670926e-03  6.42821789e-02 -5.75708635e-02 -2.69233081e-02
  9.02325846e-03 -1.21610992e-01 -5.31031974e-02 -1.48733694e-03
 -2.68690120e-02  3.23182158e-02 -3.46373655e-02  6.33198172e-02
  6.94599226e-02 -6.33759722e-02 -1.24527946e-01  7.78405578e-04
  7.21911043e-02 -5.74794188e-02 -3.46831456e-02  4.24653739e-02
 -5.21527566e-02 -6.90858811e-02 -7.04743266e-02  3.84486001e-03
 -7.22256899e-02 -5.31957038e-02 -1.87962651e-02 -1.34365521e-02
 -2.74785552e-02  3.39961089e-02 -2.72524040e-02 -4.09745798e-02
  1.94878336e-02  9.17967502e-03 -5.28898016e-02 -1.04224190e-01]