[ 7.11978739e-03  4.24531735e-02 -6.55071214e-02 -3.52191888e-02
 -9.37506407e-02  5.59152067e-02 -1.04498873e-02  4.24822085e-02
  7.04997359e-03  8.05575103e-02  1.03364944e-01 -1.78246722e-02
  9.55129042e-03  7.93439150e-03  3.20395939e-02  2.00498663e-02
  4.30595800e-02  1.57904178e-02 -1.10239498e-02  5.30520976e-02
  1.26401156e-01 -3.86334322e-02 -1.03415675e-01  6.53323606e-02
 -8.84484202e-02  2.35677678e-02 -2.68025249e-02 -3.19751888e-03
 -4.28343154e-02 -7.57525908e-03 -2.93886825e-03  1.61538236e-02
  1.32993400e-01 -1.46380728e-02  3.97734344e-02  8.96863639e-03
  3.37662064e-02 -2.72981860e-02 -5.69657283e-03  7.31905475e-02
 -5.49414530e-02 -2.06487719e-02 -6.35893643e-02 -1.08633518e-01
 -1.16863567e-02 -2.53212228e-02  9.74140465e-02  5.66166677e-02
 -2.80395821e-02 -5.40561713e-02 -3.96529306e-03  1.40275545e-02
 -4.85630408e-02  4.44179736e-02 -2.55715903e-02 -5.19572161e-02
  5.76954009e-03 -2.30780020e-02 -2.71864459e-02 -1.67045705e-02
 -6.55703172e-02  3.49497385e-02 -4.67689112e-02  1.39245410e-02
  3.99762131e-02 -1.81688257e-02 -4.83957306e-02 -1.53428111e-02
 -3.68149667e-05  5.32483980e-02  1.76922902e-02 -8.68549198e-02
  7.37737864e-02 -1.80748403e-02 -1.87393129e-02  2.80242860e-02
  1.32260518e-02  9.10197720e-02  4.67148609e-02 -2.05949664e-01
  2.58721132e-02  4.19511981e-02  1.09535875e-02 -6.45599067e-02
  1.89922415e-02 -3.23920250e-02  1.06654959e-02  2.89099701e-02
  3.66023667e-02 -3.48934531e-03  2.75694169e-02  7.17352852e-02
 -7.59589532e-03 -7.82878697e-02 -1.18724667e-02 -2.02934556e-02
  5.34980325e-03 -5.85519224e-02  4.30183485e-02 -2.60618534e-02
  5.09314574e-02  2.77886447e-02 -1.97306853e-02 -7.17294868e-03
  3.89737450e-02  5.70366450e-04 -4.41127177e-03 -2.74361428e-02
  3.28484438e-02  1.50623336e-01 -1.50576821e-02 -2.63237511e-03
 -7.98162743e-02 -9.09343436e-02 -2.53920220e-02  1.37295551e-03
 -2.37072837e-02 -4.80741728e-03  8.84957761e-02 -7.60639086e-02
  8.64354800e-03 -3.36085111e-02  4.62083220e-02 -5.21745719e-02
  9.12979320e-02 -4.10371609e-02 -1.05020113e-03  1.11709851e-32
 -2.53450423e-02 -6.79142177e-02  1.66495773e-03  2.27903705e-02
 -3.56681347e-02  2.88892239e-02 -2.91447211e-02  3.74285541e-02
  6.03158288e-02  9.49744806e-02 -3.86030786e-02  5.98513260e-02
  5.85419498e-02 -1.31410183e-02  8.70162845e-02 -2.73073614e-02
  4.76297513e-02  1.17565114e-02  2.81825215e-02  4.84706573e-02
  1.15735522e-02  4.48079109e-02  1.59019735e-02 -3.59495427e-03
  3.68836187e-02  3.11545525e-02 -2.99174916e-02 -4.11869138e-02
 -8.40785950e-02  2.63582058e-02  7.68249631e-02 -3.76989879e-03
  6.07954524e-02 -4.90566567e-02 -2.19988301e-02 -3.77284512e-02
 -2.49927752e-02  1.51330596e-02 -7.84168467e-02 -5.54635301e-02
 -7.47051910e-02 -2.59636622e-02  9.05393809e-02  3.12252119e-02
  2.90283095e-02 -3.71467136e-02  8.18136111e-02 -5.23273461e-02
  7.66648650e-02  6.43347427e-02  2.70902663e-02 -3.36696282e-02
 -4.09997366e-02 -4.94433269e-02 -2.04644091e-02 -2.34716479e-03
 -8.29451084e-02  6.71169460e-02  1.54113583e-02 -5.60317039e-02
 -1.12254713e-02 -8.71106312e-02 -4.73140590e-02  2.83390395e-02
 -1.42170051e-02 -8.09577554e-02 -3.47210467e-02  4.67913300e-02
  1.44550934e-01  2.53279954e-02 -1.01572782e-01  4.90592618e-04
  1.89403899e-03  1.99203901e-02 -4.17605117e-02  6.12607412e-03
  2.93501019e-02  6.72153709e-03 -6.68912157e-02  2.35668290e-02
 -2.64599212e-02 -3.06334649e-03  1.12259928e-02 -6.41988516e-02
  8.41223598e-02  6.28628060e-02  4.97334488e-02  7.80806467e-02
  3.09409164e-02  5.92653267e-02  2.03803647e-02  4.96398322e-02
  4.48911916e-03  5.54095134e-02  7.49608427e-02 -1.28281199e-32
  2.86681834e-03  1.07224723e-02 -6.17913976e-02 -2.55335774e-02
  1.45454109e-02  3.97081785e-02  2.37428751e-02 -4.90121245e-02
 -1.13111064e-01 -1.15344562e-01 -3.28301862e-02 -9.41982046e-02
  5.72333857e-02  3.20267789e-02 -7.19169825e-02  4.26707268e-02
 -9.10157114e-02 -4.26670685e-02 -2.89716925e-02  1.42795825e-02
 -1.45310499e-02  1.06311209e-01  6.10499568e-02 -1.22420946e-02
 -1.34786414e-02 -4.74570580e-02 -4.00898308e-02  5.92298340e-04
 -4.25156355e-02  1.71894375e-02  5.32638095e-02  4.28699851e-02
 -4.74217944e-02  7.00190291e-02 -8.39003772e-02 -4.92899939e-02
  2.56755594e-02 -5.25439791e-02 -2.83581279e-02  9.92899835e-02
  4.34433073e-02  8.31676424e-02  1.03695588e-02 -3.30052041e-02
 -7.16433972e-02 -2.40761805e-02 -4.07785214e-02 -1.52963534e-01
 -4.92638443e-03 -1.10597610e-01  1.71208624e-02 -1.13087602e-01
 -2.70871650e-02 -2.82926243e-02  5.50208800e-02 -4.75280918e-02
 -5.25534786e-02 -6.73637018e-02 -2.19798647e-02  2.55207028e-02
  8.60441029e-02  1.73795894e-02 -4.20332551e-02  8.22962960e-04
  8.86502862e-02 -5.35948551e-04 -3.43856327e-02  5.70859062e-03
  1.22924810e-02  1.54793784e-02  2.10134871e-02 -5.84390275e-02
 -1.13640666e-01 -2.39954125e-02 -2.41888799e-02 -8.90922546e-03
  2.40344666e-02 -1.10545019e-02 -6.03843518e-02  4.78739068e-02
 -3.79443504e-02 -5.44411056e-02 -4.55730818e-02  9.13836062e-03
 -1.01485446e-01  2.10889075e-02  2.13597529e-02  6.05051545e-03
  6.04548724e-03  6.17037788e-02 -6.10166639e-02  2.08573975e-02
  3.19633558e-02 -2.19749520e-03  1.65595654e-02 -6.11953581e-08
 -7.93399010e-03 -1.72385424e-02  6.75367266e-02 -1.88093632e-02
  3.24987248e-02 -7.33542815e-02 -2.45058839e-03 -6.51121885e-02
  4.96433862e-03  3.60494889e-02  3.34426872e-02 -5.10944910e-02
 -9.29430947e-02 -3.31488140e-02  4.18495573e-03 -4.87697832e-02
  6.45822100e-03  4.44432124e-02 -2.56173797e-02 -2.53905468e-02
  4.03305851e-02 -2.58061122e-02 -1.13498770e-01  1.32312421e-02
  8.71251896e-02 -3.08490871e-03  3.20707681e-03 -6.29989384e-03
  1.28598418e-02  7.05213770e-02 -2.32354235e-02 -2.45600212e-02
  4.01454009e-02 -5.72862774e-02 -6.07252531e-02 -2.18427461e-02
  3.59659754e-02 -9.68065858e-03 -1.63046401e-02 -1.78526416e-02
  1.05816111e-01 -1.92097183e-02 -1.81595497e-02 -1.96597576e-02
 -1.71516854e-02  9.69826989e-03 -4.53059487e-02  6.12599961e-02
  1.72558869e-03 -4.59444299e-02 -4.86184023e-02  1.94658227e-02
  5.91896623e-02  5.35121858e-02  2.61249822e-02 -2.61148140e-02
  2.96920072e-02  2.49908771e-02 -4.35813889e-02 -1.09721739e-02
  9.74376202e-02  5.23188561e-02  1.17499959e-02 -7.47850835e-02]