[-6.11797422e-02  3.23123969e-02 -9.95312110e-02 -7.44734406e-02
 -9.71285179e-02 -4.47755158e-02 -3.33250724e-02  1.61014304e-01
 -2.66979728e-02  3.82067002e-02  8.66049975e-02  3.29213627e-02
  6.46672677e-03 -4.36311178e-02 -9.33352113e-03 -5.48441475e-03
 -3.75763997e-02  8.19634926e-03 -7.10844900e-03  4.62058708e-02
  1.30903289e-01 -7.09879994e-02 -1.01350069e-01  3.20005529e-02
 -4.95263375e-03 -2.36054957e-02  9.93967615e-03  3.38762887e-02
 -2.51838714e-02 -7.79197514e-02  4.67950664e-02  5.99158183e-02
  1.13867685e-01 -8.36993977e-02  4.12109345e-02  5.16990870e-02
  3.50554511e-02 -3.92687321e-02 -1.02349855e-01  2.05936725e-03
 -3.43075097e-02 -5.52944876e-02 -6.02150783e-02 -2.59827301e-02
 -6.04308210e-03 -3.77140865e-02  3.39799970e-02  7.17959786e-03
 -7.47926757e-02 -4.36418280e-02 -1.08031839e-01  6.90042088e-03
  9.64212138e-03  7.52044795e-03 -4.23134491e-02 -4.59865108e-02
 -7.19054490e-02 -3.73925362e-03  3.80252525e-02  1.42619957e-03
  8.46883357e-02  2.47992687e-02 -1.04669912e-03  6.77849399e-03
  1.37682669e-02  1.09515255e-02  7.35388547e-02 -5.19604757e-02
 -4.66607176e-02 -6.43832684e-02  5.41651845e-02 -1.02169506e-01
 -1.02613177e-02  2.13788468e-02  1.53214289e-02  5.19201905e-02
 -3.45254503e-02  5.65507673e-02  1.08313359e-01 -8.61202329e-02
 -4.51334678e-02  4.23507392e-03 -3.13681215e-02 -6.55334024e-03
  3.35731059e-02 -8.90646689e-03 -1.53849497e-02  1.25763183e-02
  3.38172801e-02 -1.17879035e-02  3.63310240e-02  6.47817180e-02
 -7.24397153e-02 -1.46512548e-02 -5.88007504e-03 -1.26779638e-02
 -1.89990215e-02 -7.94125050e-02  3.17164846e-02 -1.40562691e-02
  2.30987258e-02  4.04090397e-02  2.75229737e-02  3.96564677e-02
 -4.02065106e-02 -2.78864079e-03  1.64011936e-03 -2.40000430e-02
  4.99677323e-02  2.54963711e-02 -1.04177080e-01 -4.59092930e-02
 -3.46806012e-02 -8.69570971e-02  5.37083368e-04  3.52290161e-02
  2.02426314e-03 -4.86444402e-03  9.50239897e-02 -7.34985247e-02
 -3.48605588e-02 -2.09319741e-02 -3.04550603e-02 -5.09591326e-02
  1.71486773e-02 -3.39082889e-02  3.47148925e-02  1.59754899e-32
 -1.05875708e-01 -2.27855635e-03 -2.40862109e-02  1.53876357e-02
 -9.64919105e-03 -4.89065386e-02 -2.78951693e-02  1.57155283e-02
  4.81837355e-02  1.60391293e-02 -5.15220389e-02  9.54452306e-02
 -2.55279802e-02  4.20912653e-02  1.53982639e-01 -6.14432432e-02
  3.23651657e-02 -2.69084296e-04  1.43619170e-02  6.19742982e-02
  5.52359410e-03 -2.64843237e-02  7.26530561e-03 -2.98476275e-02
  5.73456101e-02  9.62307304e-02  1.58840809e-02  5.53100929e-03
 -6.86820596e-02  4.13068756e-02  4.81808409e-02 -6.78790547e-03
 -1.66057386e-02 -6.20542318e-02 -4.44088429e-02 -2.62642000e-02
  2.48549343e-03  2.21154913e-02 -6.28325902e-03  1.88200444e-03
 -2.84034163e-02  2.84827352e-02  4.69218791e-02  1.22424145e-03
  1.04339391e-01  2.34143082e-02  6.10771775e-02  5.85888363e-02
  8.88028219e-02  4.21263501e-02 -9.04179364e-02 -2.37535052e-02
 -4.85877767e-02 -4.91936319e-02  3.43177468e-02  4.90499996e-02
 -7.64254928e-02  8.14975500e-02  1.26744714e-02  1.86443999e-02
 -3.39805968e-02 -3.28147248e-03 -2.98840143e-02  8.59356485e-03
 -3.87906842e-02 -6.69696853e-02  1.59755312e-02 -1.49809206e-02
  1.17454439e-01 -5.86288236e-03 -6.11719154e-02 -3.06596165e-03
 -3.18602584e-02  3.23296003e-02 -7.30698034e-02 -3.39851379e-02
 -3.51232104e-03  5.51461466e-02 -2.38161795e-02  2.28339639e-02
 -4.13248278e-02  5.96170016e-02  4.93430197e-02 -2.40424238e-02
  7.22502619e-02  4.51283678e-02  1.93274003e-02  3.62188667e-02
 -5.00379410e-03  1.08942494e-01  2.97784042e-02  8.29389095e-02
 -4.20923680e-02  5.74046336e-02  4.09082584e-02 -1.67462292e-32
 -2.18374059e-02 -3.17338593e-02 -6.44744858e-02 -2.33255010e-02
  1.35965329e-02  6.18864521e-02  3.31670651e-03  8.22710805e-03
 -2.03345506e-03 -1.07211463e-01 -6.96410611e-02 -9.45794880e-02
  8.61389711e-02 -4.97417711e-02 -5.71401492e-02  6.10350706e-02
 -6.18277937e-02 -9.16158557e-02 -2.94509977e-02  7.67037598e-03
 -2.78465208e-02  1.27203792e-01 -1.84192266e-02  2.97386162e-02
  2.96954289e-02 -5.02278619e-02 -6.42664209e-02  3.27199772e-02
 -7.53370970e-02 -1.44461999e-02  2.72472538e-02 -4.57084030e-02
 -5.20732068e-02  8.81316736e-02 -7.37024546e-02 -5.95999435e-02
  2.90617365e-02  3.40211801e-02  2.51091048e-02  5.52723780e-02
  1.15156904e-01  3.93643118e-02 -1.70450229e-02 -5.66846281e-02
 -4.42910427e-03  2.06023008e-02 -3.00494842e-02 -1.55689731e-01
 -5.21629862e-02 -1.23541877e-01  8.76501203e-02  8.02237727e-03
  7.34296292e-02 -9.06765759e-02  4.51595262e-02 -1.02765553e-01
  1.82339884e-02 -7.34520704e-02 -7.14463666e-02  1.11616105e-02
  9.46972221e-02 -2.48928312e-02 -1.65711753e-02  1.92465656e-03
  3.75442244e-02  1.39477812e-02 -1.49724996e-02  1.69380717e-02
  4.34073474e-04 -2.70042960e-02  6.55391663e-02 -9.09750015e-02
 -8.10671747e-02 -4.31153513e-02 -1.34164365e-02 -8.23720396e-02
 -7.84637257e-02 -2.93850736e-03 -2.12750733e-02 -8.51100031e-03
 -4.60515581e-02  4.44109924e-03 -2.31407452e-02 -4.55840342e-02
 -6.11497536e-02 -2.57796347e-02  1.06768764e-03  2.46751998e-02
  3.15474756e-02  4.64862771e-02 -5.53450808e-02  5.74948564e-02
 -5.57080992e-02  1.17277447e-02 -2.92944070e-02 -7.12135559e-08
  3.54266614e-02 -6.81414455e-03  3.99367623e-02 -9.82349459e-03
  8.12315289e-03 -5.64150773e-02 -1.72046311e-02  2.72028893e-03
  1.36833088e-02  6.54294118e-02  3.76186008e-03 -1.43184979e-02
  3.71019216e-03  6.37491420e-02  1.63506344e-02  5.18936431e-03
  1.00391634e-01  9.63547528e-02 -1.16902636e-02 -2.34010071e-02
  3.69320288e-02  2.12216051e-03 -7.56746009e-02 -5.60825840e-02
  5.58556952e-02  6.13853056e-03  3.54670100e-02  2.15886088e-04
 -1.61281172e-02  8.98428932e-02 -3.59565280e-02  1.13574753e-03
  5.10415174e-02 -1.66799509e-04 -2.22930461e-02  5.84496837e-03
  8.21165890e-02  5.88564537e-02 -2.97923889e-02 -4.22184207e-02
  5.42800352e-02  1.80995539e-02 -6.11629076e-02 -3.16750929e-02
  9.07587539e-03 -3.28228213e-02 -8.98970068e-02 -4.11466835e-03
  5.03137596e-02 -9.85887554e-03 -9.23014362e-04  2.04832570e-04
  2.47037411e-03 -5.59129228e-04 -1.33051248e-02 -2.23053899e-02
 -1.00340964e-02  2.07762010e-02 -4.84227538e-02 -8.68533272e-03
  6.86170980e-02  7.28647187e-02  3.65360826e-03 -4.14368622e-02]