[ 1.51230125e-02  1.25733837e-01 -1.95433982e-02 -1.87617401e-03
  2.09795032e-02  6.14636857e-03  2.29201000e-03  7.97876492e-02
  6.09783176e-03  6.61077574e-02  7.65437558e-02 -2.91110557e-02
  3.11853234e-02  1.73935164e-02  1.95367727e-02 -4.72528264e-02
  9.91943944e-03  1.39328567e-02  1.51111847e-02  4.62078042e-02
  7.88008198e-02 -7.15195984e-02 -6.59633800e-02  4.83554527e-02
 -1.25336766e-01  2.10643075e-02  1.05655314e-02 -4.31959517e-02
 -2.35587638e-02 -1.15628056e-02 -1.18592754e-02  2.21208669e-02
  1.20085515e-01 -8.56385753e-03 -1.00144846e-02  2.07902007e-02
  4.25798781e-02  3.35265584e-02 -2.01092772e-02  7.15194196e-02
 -1.09220810e-01 -6.15852624e-02 -2.61419751e-02 -3.13055404e-02
  2.37659048e-02 -5.61468154e-02  4.60666902e-02  5.76089695e-02
 -1.70898177e-02 -3.33771110e-02 -5.94758913e-02 -4.69487607e-02
 -5.91297261e-02 -5.50306924e-02  5.93042793e-03 -3.45350616e-02
  2.52243169e-02 -1.97435655e-02 -1.31430719e-02 -4.20137197e-02
  2.37077172e-03  2.54555475e-02 -7.10754097e-02  6.88776746e-02
  8.01825076e-02 -1.33777736e-02 -1.34074606e-03  1.03740478e-02
  2.36241729e-03  6.54656962e-02  1.28353313e-01 -8.60090479e-02
  8.12792853e-02 -9.39441565e-03 -7.73005607e-03  5.45835644e-02
 -1.67068932e-02  5.34987226e-02  3.07075400e-02 -1.46048799e-01
  4.51493375e-02  4.80022095e-02 -3.27745304e-02 -2.99632121e-02
 -1.02343690e-02 -3.15355919e-02 -1.10577252e-02 -3.75891738e-02
  3.31732221e-02  1.43834520e-02  2.32156143e-02  1.26396837e-02
 -2.20659189e-02 -2.08795108e-02 -2.58196630e-02  2.04098132e-02
  5.72560297e-04 -4.78391238e-02  1.27302296e-02 -3.56909167e-03
  4.72821221e-02  5.14593199e-02 -4.08421941e-02  6.48072287e-02
 -2.85832817e-03 -3.58308889e-02 -1.62948798e-02 -7.26903602e-02
  3.49547975e-02  9.67111886e-02 -3.70700099e-02 -3.63002717e-02
 -6.89454675e-02 -1.04992799e-01 -4.67519201e-02 -9.53826774e-03
 -2.96870675e-02  1.44667341e-03  5.16106654e-03 -5.98968901e-02
  1.97250582e-03 -2.36048526e-03  3.60139906e-02 -4.06894498e-02
  3.35546434e-02 -8.57600570e-02 -1.69689134e-02  8.34146220e-33
 -4.76859435e-02 -9.52361003e-02 -4.13743593e-02  2.03362517e-02
  9.37092002e-04 -6.60607666e-02 -2.89885513e-02 -4.16120701e-02
  6.71326965e-02  8.60798433e-02 -4.07149410e-03  3.33408825e-02
 -8.36366508e-03  3.27747315e-02  1.08221769e-01 -3.24302800e-02
  2.83763036e-02  4.69114352e-03 -4.96497750e-03  1.93739086e-02
 -2.07058638e-02 -6.02526702e-02  2.16183942e-02  5.02162892e-03
  4.85703573e-02  6.68780357e-02 -1.96157843e-02 -4.84232754e-02
 -5.58881275e-02  5.89914694e-02  6.73714578e-02 -2.89013330e-02
  1.97053105e-02 -3.48304622e-02 -3.39449756e-02 -1.35117229e-02
 -2.27221753e-02 -7.49272807e-03  3.39514688e-02 -2.91417446e-02
 -6.97026402e-02 -3.46724726e-02  1.05220661e-01  1.72720663e-02
  6.67605847e-02 -4.06241976e-04  2.86356211e-02 -5.19985110e-02
  2.32086590e-04  6.51442707e-02 -8.05146527e-03 -2.97298506e-02
  3.54804359e-02 -6.13626800e-02  5.45228692e-03 -3.02383397e-02
 -1.08330056e-01 -2.66792718e-03 -2.62567098e-03 -1.09964060e-02
  1.77848693e-02 -1.38641177e-02 -8.95989388e-02 -1.78226852e-03
 -1.51705891e-01 -3.59708853e-02 -2.53206398e-02 -1.01153739e-02
  7.30190948e-02  7.39474595e-02 -1.13355599e-01  4.00056839e-02
 -8.43067467e-02  5.77552691e-02 -3.98579240e-02  1.83481295e-02
  3.29028256e-02  1.34088127e-02 -4.10799384e-02 -1.37167545e-02
 -3.97636406e-02  4.07846086e-03  6.58467487e-02  5.09375371e-02
  5.49939424e-02  8.74723047e-02  1.29218623e-02  7.03888163e-02
  6.44189725e-03  7.31418282e-02 -1.82181913e-02  6.26909509e-02
  7.62722874e-03  3.24616246e-02  1.03571467e-01 -1.09391570e-32
 -2.93749361e-03 -1.15547339e-02 -6.35855123e-02 -1.00025877e-01
  7.09047215e-03 -6.12148223e-03 -4.34603579e-02 -1.52949110e-01
 -4.56146523e-02 -3.79062295e-02 -1.15931042e-01 -1.04461037e-01
  4.10943441e-02 -1.55523298e-02 -1.03667527e-01  7.63471499e-02
 -2.38728579e-02 -4.91949655e-02 -9.80021134e-02 -1.84204988e-02
  1.00667973e-03  9.10402909e-02  3.35348188e-03 -6.71888292e-02
  1.03789745e-02 -3.09902281e-02 -4.23549898e-02 -2.81122196e-02
 -7.34997764e-02  4.76294905e-02  2.17466224e-02  6.93190144e-03
 -2.99424026e-02  2.21588798e-02 -2.67987400e-02  3.01255528e-02
  3.33846882e-02 -2.24200194e-03 -7.65320808e-02  5.98323457e-02
  7.69076943e-02  7.13802800e-02  3.52766812e-02  1.50712458e-02
 -2.42026504e-02 -1.88819875e-04 -2.76566460e-03 -1.59322992e-01
  4.32384387e-02 -7.39294738e-02  6.87607676e-02 -5.70810251e-02
  3.43380719e-02 -2.90855709e-02  2.73348037e-02 -7.13115707e-02
  7.99603388e-03 -6.42590150e-02  2.12852471e-02 -1.91494375e-02
  8.07039738e-02 -8.37258995e-03 -3.48347910e-02 -3.62415286e-03
  5.36628552e-02  3.87298153e-03 -2.62943581e-02  3.33437510e-02
 -1.86977144e-02  1.08812917e-02  9.80450585e-02 -6.10941648e-02
 -1.54456198e-01  7.50968279e-03 -2.93260645e-02  2.62096245e-02
 -4.58129123e-02 -1.28563745e-02 -5.51466830e-02  9.24367756e-02
  3.64773758e-02 -2.27971375e-02  1.08164195e-02 -8.73808749e-04
 -8.20127204e-02  7.76139721e-02 -1.59894843e-02  2.80033872e-02
 -6.65158406e-02  4.27657925e-02 -9.21355635e-02 -4.64892481e-03
 -3.16140475e-03 -4.06503119e-02 -3.02072875e-02 -5.35091331e-08
 -3.06560844e-02 -5.54845519e-02  7.48705938e-02 -1.35947112e-02
 -2.68714670e-02 -6.50903881e-02 -2.89326496e-02 -3.91163724e-03
  1.23103512e-02  1.69709940e-02 -6.42385986e-03  3.33612226e-02
  6.40625972e-03  5.66662811e-02  1.57452598e-02 -4.93754484e-02
  5.21577485e-02  8.77662152e-02 -7.35908225e-02 -6.80032596e-02
  3.75944749e-02  2.34059617e-02 -1.36734053e-01 -2.49257665e-02
  9.18268859e-02  1.69954430e-02 -2.51137149e-02 -1.64054602e-03
  1.00043835e-02  3.61362956e-02  4.43946663e-03  1.92097649e-02
  1.61536969e-02 -5.67853972e-02 -7.13281380e-03  8.32741149e-03
  4.72266711e-02  1.27980709e-02 -3.63523141e-02 -2.26984974e-02
  4.64644656e-02 -1.02405939e-02  2.51872744e-02  4.25309390e-02
 -2.50774175e-02 -3.83126177e-02  1.87610630e-02  8.24879706e-02
 -2.78573949e-02 -2.55224612e-02 -1.92499515e-02 -1.78508051e-02
  3.02354712e-02  5.63005917e-02  7.42829684e-03 -3.71133871e-02
  5.70474118e-02  4.75440994e-02 -6.76110834e-02 -2.82304026e-02
  1.15717813e-01  7.64003769e-02  5.13562560e-02 -5.63406087e-02]