[-6.89912215e-02  1.02758281e-01 -7.10256845e-02 -5.51105477e-02
 -6.62009120e-02 -2.96786260e-02 -3.02217379e-02  8.25763270e-02
 -8.45048809e-04  1.01707801e-01  3.05285789e-02  2.02570297e-03
 -1.09375827e-02 -6.36490360e-02 -5.75256161e-03 -2.82518053e-03
  3.20725702e-02 -8.73997808e-02  3.92755382e-02  3.61239463e-02
  1.13838047e-01 -2.75430623e-02 -5.76844476e-02  5.73978014e-02
 -2.54956875e-02 -1.33982310e-02 -8.01373199e-02  3.84357795e-02
 -6.12966977e-02 -1.39710121e-02 -5.43463938e-02  7.57510513e-02
  3.20335738e-02  1.11545194e-02  3.43143642e-02  2.95064449e-02
  8.61348435e-02 -4.12299410e-02  3.03198751e-02  3.06999609e-02
 -1.77609716e-02 -2.42808498e-02 -9.71356034e-03 -7.52032399e-02
 -3.62550654e-02 -2.96783894e-02  5.76803014e-02 -1.39313964e-02
 -9.47608352e-02 -2.28004716e-02 -6.42533973e-02 -8.92946124e-03
  9.28983930e-03  1.55430799e-02 -7.36370776e-03 -3.78527083e-02
 -2.24062037e-02  2.77189743e-02 -9.35521070e-03 -7.91833736e-03
 -5.79136200e-02  6.65901154e-02 -7.85077587e-02  8.30644649e-03
  8.21287930e-02  1.11680795e-02 -2.18664389e-02 -2.72546764e-02
 -8.40535313e-02  7.11070467e-03  3.65634933e-02 -6.34984300e-02
  2.60395743e-02  7.17569608e-03 -4.16600406e-02  3.38235088e-02
  9.10755713e-03  9.09429491e-02  4.24882695e-02 -1.37174532e-01
  5.50829321e-02 -8.07716046e-03 -6.46420866e-02 -4.44557667e-02
  4.78527173e-02 -2.10425328e-03 -3.73734497e-02 -2.31918860e-02
  6.06124066e-02 -3.02617718e-02  5.44287227e-02  7.00870007e-02
 -2.59980513e-03  3.64651196e-02 -3.90920676e-02 -5.22952154e-03
  4.05756719e-02 -4.93412698e-03  9.15701836e-02  4.73416820e-02
  6.91157132e-02  3.59716602e-02  1.43656544e-02  6.42802566e-02
 -8.05422515e-02 -3.13853249e-02  1.90840587e-02 -1.88233200e-02
  1.00778872e-02  7.28716925e-02 -2.97734309e-02 -1.43277859e-02
 -5.12095951e-02 -8.13006014e-02 -4.86876853e-02 -1.21767130e-02
 -9.03525427e-02 -1.53969182e-02  9.09899846e-02 -4.49513532e-02
  2.34517362e-03 -5.57100251e-02 -9.59656085e-04 -5.19945926e-04
  4.72945720e-02 -8.57857689e-02  2.50107925e-02  1.31438077e-32
 -3.04122828e-02 -3.41457576e-02  3.68771814e-02 -8.76090769e-03
 -4.25376184e-02  2.47489978e-02 -6.55462518e-02  4.29279208e-02
  1.13753855e-01  4.13966691e-03 -5.09881638e-02  4.02725767e-03
 -3.19469571e-02  2.75932085e-02  1.58746332e-01 -7.00392798e-02
  9.99830081e-04 -7.18776137e-03  1.35093592e-02 -2.33189743e-02
 -1.33502595e-02 -6.71283156e-02 -2.68621165e-02 -3.56639735e-02
  7.20704123e-02  6.94271624e-02 -4.32327315e-02 -4.58331406e-02
 -1.16036281e-01  7.38793090e-02  4.80786674e-02  3.05974707e-02
  6.99563995e-02 -3.67402397e-02 -1.01960689e-01 -2.48277802e-02
 -2.71404535e-02 -7.85904191e-03 -4.51650135e-02 -2.45246235e-02
  1.55750299e-02  1.01339016e-02  4.60396409e-02  4.56980728e-02
 -2.54348945e-03  1.69661064e-02  7.88741112e-02 -4.66681086e-03
  1.06912091e-01  5.46312332e-02 -4.50703278e-02 -3.38749886e-02
 -1.28260618e-02 -8.48341361e-02  5.57678379e-02  1.74490130e-03
 -1.42991357e-02  3.76601182e-02 -2.95541640e-02 -3.35742608e-02
 -2.75464300e-02 -2.11937893e-02 -2.88399439e-02 -1.25724857e-03
 -4.72218320e-02  2.04920005e-02 -5.58520518e-02 -1.08888028e-02
  1.71852380e-01  1.21278530e-02 -8.19043592e-02 -2.25186665e-02
 -3.01190577e-02  7.05665872e-02  2.27469988e-02  1.78988930e-02
  3.28140380e-03  1.48238186e-02 -6.23786747e-02 -6.34413632e-03
 -8.36871490e-02 -4.02746014e-02 -2.09023319e-02 -7.89543241e-03
  7.64006227e-02  1.14027644e-02  9.83998552e-02  4.85406928e-02
  2.35155914e-02  1.55274691e-02 -6.33747783e-03  4.02403399e-02
  4.26584575e-03  2.48814374e-02  6.85121864e-02 -1.58112880e-32
  4.90194093e-03  4.24861573e-02 -6.85868859e-02 -2.42541041e-02
 -6.20301114e-03 -2.64669936e-02  2.33430471e-02 -3.45478132e-02
 -2.23622210e-02 -2.13668700e-02  3.31261312e-04 -8.53623673e-02
  4.32835110e-02 -1.24927619e-02 -4.51263934e-02  1.04844226e-02
 -6.33263662e-02 -1.03745550e-01 -2.08374169e-02 -1.76785551e-02
  2.76178606e-02  4.28551547e-02  1.99879650e-02 -2.74601933e-02
 -2.06588442e-03 -6.12862147e-02 -6.99642599e-02 -4.87971976e-02
 -3.41590866e-02 -3.61557235e-03 -4.13040034e-02 -1.37042371e-03
  8.19705799e-02  1.04472190e-01 -3.89970765e-02 -2.10780799e-02
  6.38956949e-02 -4.56754006e-02  1.31754242e-02  5.94848730e-02
  2.73492280e-02  9.42662656e-02  2.60458961e-02 -3.64215150e-02
 -4.02043089e-02 -8.50470830e-03 -3.58936228e-02 -1.08727671e-01
 -1.87941338e-03 -1.27027571e-01  7.93880597e-02  7.73670035e-04
  5.09644821e-02 -8.17751288e-02  3.97914387e-02 -3.23890671e-02
 -1.03910984e-02 -6.64402470e-02 -3.55397798e-02 -2.82580759e-02
  7.22926855e-02  1.60838794e-02 -2.55989190e-02 -1.12763522e-02
  1.10117845e-01 -4.84994650e-02  2.12378446e-02 -1.75731778e-02
  7.00485706e-02 -1.97888240e-02  1.43881002e-02 -7.38376006e-02
 -6.54222593e-02  8.09131470e-03 -2.16061622e-02 -4.55000438e-02
  1.32249212e-02  2.22261697e-02 -1.00582466e-02  3.89623418e-02
 -1.03190199e-01  3.04915663e-02 -2.45135557e-02 -4.34307270e-02
 -4.04904000e-02  2.19579041e-02 -3.11871711e-02 -1.71340723e-02
 -3.18893157e-02  8.11691284e-02 -3.94163132e-02  4.23940346e-02
  1.73424445e-02  2.95465942e-02 -4.77562658e-02 -7.20085254e-08
  1.87572520e-02 -4.06900086e-02  3.69973644e-03  4.53840196e-02
 -2.05499846e-02 -6.63519129e-02  1.47298956e-02 -8.61857459e-02
  3.47194783e-02 -9.28352308e-03  5.18021993e-02  4.47320635e-04
 -3.85741070e-02  4.24414314e-02 -2.97544450e-02 -7.21984282e-02
 -3.97917628e-02  1.93282347e-02 -9.22469720e-02 -8.11003335e-03
  9.22321081e-02 -3.67449261e-02 -1.29577801e-01 -4.99805845e-02
  6.23147972e-02  6.26477227e-03 -6.97172806e-02  5.23089953e-02
  2.62133554e-02  3.30681764e-02 -4.08335924e-02  4.78171930e-02
  7.15782195e-02 -5.12654819e-02 -7.06801713e-02  6.33000338e-04
  2.61163618e-02  3.83115858e-02 -4.86760363e-02  4.68144752e-02
  1.23294882e-01 -6.13139719e-02 -8.32752436e-02 -1.64952632e-02
  7.45920390e-02 -3.02914008e-02  2.41863367e-04  3.07946242e-02
 -3.23640853e-02 -3.13822627e-02 -4.29031402e-02  9.55461338e-03
  5.29961437e-02 -1.04743318e-04  1.16421711e-02 -6.10531680e-02
  7.46438559e-03  5.21535091e-02 -8.12042132e-02 -8.83725435e-02
  1.38013408e-01  5.94526976e-02  1.65783446e-02 -2.77916044e-02]