[-1.86505876e-02 -5.72729809e-03 -8.78927633e-02 -1.06907502e-01
 -2.47179717e-02 -7.02550113e-02 -3.77196353e-03  1.25245094e-01
 -3.55256768e-03  4.35320213e-02  5.71515821e-02  1.62191447e-02
 -1.17179779e-02  4.42959554e-02  3.93088795e-02 -8.08845907e-02
  3.50166075e-02 -3.45377512e-02 -2.11658012e-02 -4.20122072e-02
  1.20059676e-01 -3.18929441e-02 -4.88488376e-02  7.79416692e-03
 -3.36376019e-02 -4.77510691e-02 -3.45890708e-02 -4.41712551e-02
 -2.19952408e-02 -8.38407222e-03 -5.53522557e-02  7.43324980e-02
  6.01069853e-02  9.20996349e-03 -5.11585213e-02 -9.84448753e-03
  9.21953768e-02 -3.55594568e-02 -6.65815249e-02  5.85555173e-02
 -5.75729012e-02 -3.10231782e-02 -9.16325822e-02 -4.54398878e-02
 -4.11042795e-02 -5.69776557e-02  1.13398731e-02  1.70816537e-02
 -4.96242605e-02 -1.92063414e-02 -6.65095821e-02  2.61016656e-02
 -2.73352601e-02  5.68392202e-02  5.45100449e-03 -8.03368688e-02
 -1.28817139e-03 -4.85568773e-03  2.19534468e-02  3.99184488e-02
  2.18215771e-02  1.60511825e-02 -7.28500485e-02  3.38267833e-02
  4.67126183e-02  5.20819128e-02 -2.12564524e-02  1.22465901e-02
  1.00616002e-02 -4.33214679e-02 -2.23092102e-02 -4.88346145e-02
  4.39860113e-02  7.32003823e-02 -7.09111094e-02  6.13940582e-02
  3.88877727e-02  3.87793705e-02  8.30391515e-03 -1.28883660e-01
  4.42031994e-02  3.61517780e-02 -3.99122685e-02 -8.58890563e-02
  1.17043303e-02  1.41876396e-02 -4.18526269e-02  2.57636085e-02
  5.80884814e-02  1.55287664e-02  5.25506362e-02  7.33411089e-02
 -3.70297544e-02 -1.34026166e-02  5.56638930e-03 -3.40799019e-02
  1.13083376e-02 -5.57991937e-02  4.62525077e-02  1.24885142e-02
  2.38469280e-02 -5.26563711e-02 -1.14833738e-03  8.01202026e-04
 -5.06409220e-02 -2.07505077e-02  3.54672819e-02 -4.86929938e-02
  7.35227019e-02  9.43938866e-02 -6.19599968e-02 -4.60350588e-02
 -1.16482884e-01 -9.04304758e-02 -8.28663409e-02 -3.70929353e-02
 -5.16231209e-02  3.05081299e-03  1.79020371e-02 -5.40868146e-04
  1.52380187e-02 -3.69341066e-03  3.22141349e-02 -3.68049070e-02
  1.21093005e-01  1.54162738e-02  2.95837410e-02  1.18228863e-32
 -1.06062330e-02  5.87071255e-02 -7.96705559e-02 -9.10292380e-04
  5.93189746e-02  5.79818413e-02 -6.87125325e-02  3.83996814e-02
  1.83106568e-02  2.38008685e-02 -8.74486044e-02  3.91095802e-02
 -1.17962221e-02 -4.80438471e-02  1.57146886e-01 -3.26619819e-02
  5.88500910e-02  1.99143048e-02  2.46894509e-02  5.38799562e-04
  1.71600157e-04  2.43804464e-03  4.06324007e-02  3.40289883e-02
  8.18275362e-02  5.70525192e-02 -9.04387534e-02 -2.67370027e-02
  2.85366476e-02  4.87223491e-02  6.58006221e-02 -9.17142723e-03
  1.32969161e-02 -1.34744747e-02  3.28104235e-02 -2.05890313e-02
 -6.01925589e-02 -7.01031685e-02 -2.83435266e-02 -3.47595923e-02
 -5.70872501e-02 -2.17317492e-02 -1.81389134e-02  2.60500479e-02
  6.14132397e-02 -8.20915177e-02  1.42185614e-02  1.82839613e-02
  1.08512953e-01  5.16457036e-02 -5.31077944e-02 -4.41886904e-03
 -5.44450209e-02 -5.64464815e-02  5.69256730e-02  4.70468104e-02
 -2.24706158e-02 -7.03886244e-03  7.82793760e-02  1.07087307e-02
 -4.90171351e-02 -2.32657846e-02 -4.25796062e-02 -3.10427547e-02
  5.08372746e-02 -7.34527186e-02  3.12486384e-02  8.15603044e-03
  1.10676236e-01  4.60338779e-02 -5.54381199e-02 -8.42243154e-03
 -2.44363919e-02  9.65147018e-02 -3.66752855e-02  3.75612341e-02
  1.47007219e-02  1.06162932e-02 -9.01948363e-02  3.73854302e-02
 -8.33072737e-02  4.14720327e-02 -7.10807787e-03  5.03761554e-03
  6.17305897e-02  7.39548653e-02  1.41187748e-02  4.42782305e-02
  1.02256360e-02  7.71051645e-02  1.69423521e-02  9.57794860e-02
 -7.21503049e-02  2.19900664e-02 -1.36289345e-02 -1.28363013e-32
 -2.22953781e-02  2.62029301e-02 -8.89578983e-02  1.77702699e-02
 -5.58207855e-02 -1.29644917e-02  6.47055544e-03 -4.76015396e-02
 -6.23655729e-02 -5.10682464e-02 -3.82569358e-02 -9.25473347e-02
  5.78349903e-02 -6.75693527e-02 -2.03771945e-02  8.68181884e-03
 -3.75210121e-02 -1.13955110e-01 -4.85992730e-02  1.52750462e-02
  3.33082154e-02  6.57044053e-02 -3.07121314e-02 -4.44756374e-02
  5.83117120e-02 -7.06552863e-02 -6.19211644e-02 -1.96621548e-02
 -2.32802052e-02 -4.46150489e-02 -2.04210579e-02 -2.67098192e-02
 -2.83731315e-02  1.26634866e-01  4.21778299e-03 -2.28164960e-02
  1.35185987e-01  3.66854132e-03 -1.09844953e-02  5.10770120e-02
  1.22284152e-01  9.85517427e-02 -3.20887705e-03 -6.84997812e-02
 -7.86303058e-02 -3.74213010e-02 -3.00479811e-02 -1.63203906e-02
 -9.17342957e-03 -6.57580644e-02  1.11967176e-01 -3.95100154e-02
 -1.03956193e-03  8.92164558e-03  6.87523708e-02 -5.53833460e-03
  1.30448816e-02 -4.01363410e-02 -8.94348472e-02 -3.28586884e-02
  1.12907775e-01 -5.70967905e-02 -4.22659842e-03  1.86044145e-02
  1.16645105e-01  1.10279564e-02  2.09227037e-02  6.32681623e-02
 -4.98051057e-03  4.17711399e-03  4.88957167e-02 -6.88798577e-02
 -5.41403219e-02 -8.92281458e-02 -4.97583486e-02 -2.94933300e-02
 -7.10072964e-02  1.30632129e-02 -9.38378945e-02  3.83471288e-02
 -2.68789157e-02  5.60091399e-02  1.19751133e-02 -1.91526730e-02
 -8.60592071e-03  4.75004204e-02  5.69861196e-02  3.64090572e-03
  3.67088094e-02 -9.33400937e-04 -7.29872435e-02  4.76258360e-02
  1.89663116e-02  1.17415011e-01 -1.23505527e-02 -6.91384301e-08
 -1.13511682e-02 -1.44154942e-02 -2.11543054e-03 -4.64732908e-02
  7.67513737e-02 -3.16862315e-02 -3.32804956e-02 -3.11227813e-02
 -1.96270514e-02  3.23968567e-02  2.46317196e-03 -5.71258254e-02
 -9.84312072e-02  3.09412032e-02  1.04334787e-01 -7.01639354e-02
 -7.45862303e-03  1.14619518e-02 -3.90650891e-02 -4.21284931e-03
  4.96375337e-02 -2.61355676e-02 -1.14394106e-01  2.31905729e-02
  9.69128218e-03 -7.27361767e-03 -1.40190655e-02  3.92761376e-06
  5.11472858e-02  3.06579359e-02 -4.83824015e-02 -7.06916116e-03
  2.98921876e-02 -7.44848251e-02 -3.65017317e-02  5.95718529e-03
 -1.82702839e-02  2.85124164e-02  8.40292405e-03  3.64086293e-02
  9.56851244e-02 -1.06366463e-02 -9.12097935e-03  4.47377861e-02
  1.88492425e-02 -2.59402730e-02 -2.33634021e-02 -3.72768193e-03
  2.90268939e-02 -4.65280786e-02 -3.66754644e-02  3.03705651e-02
  9.38077550e-03  5.22395894e-02  2.16331594e-02 -3.95868458e-02
  6.90816194e-02 -7.96849355e-02 -6.29322603e-03  4.63226531e-03
  4.99672033e-02  5.50665334e-02  6.93209842e-03 -3.18386108e-02]