[ 2.98052002e-02 -4.21709232e-02 -1.24690923e-04 -3.90947945e-02
 -3.19079980e-02 -7.69306421e-02  2.34802477e-02  7.67186210e-02
 -8.37694947e-03  3.21462378e-02  1.02905840e-01 -1.53746353e-02
 -3.72656770e-02  4.92585190e-02 -4.12024232e-03 -6.42799586e-02
  4.42736037e-02 -7.74995238e-02 -1.25422135e-01  7.84669071e-02
  1.41585559e-01 -2.35709287e-02 -5.20161279e-02  1.34484489e-02
 -6.06697537e-02 -3.94740775e-02  6.48458023e-03 -4.23822850e-02
 -6.37188852e-02 -7.48277307e-02  6.02277869e-04  2.09213793e-02
  1.10143878e-01 -6.09701909e-02  1.40735880e-02 -7.87977353e-02
  1.34861665e-02 -1.03277825e-01 -6.49534389e-02  6.82700053e-02
 -4.36547957e-02 -8.07997882e-02 -6.05308786e-02 -2.09236350e-02
 -9.31092817e-03 -2.21310202e-02  1.23891402e-02  5.59200086e-02
 -1.56347044e-02  3.41285281e-02 -3.55402157e-02  8.05474892e-02
 -6.44717440e-02  8.17786530e-02 -2.47935653e-02 -7.34284669e-02
 -9.61693600e-02  1.67291183e-02  4.20772061e-02  5.48037328e-02
 -1.72677338e-02  3.02829463e-02 -5.60140982e-02  1.66145973e-02
  1.64025032e-03 -2.94359475e-02  1.53250787e-02 -2.68623885e-02
  9.86042339e-03  2.01270357e-02  3.74502689e-02 -3.28909755e-02
 -6.18152029e-04  5.55344634e-02  9.42879077e-03  6.77410290e-02
 -4.76897284e-02 -3.58277336e-02 -1.99473910e-02 -9.13882628e-02
 -1.53943654e-02 -1.81885026e-02  4.80218381e-02 -8.48696232e-02
  5.75791001e-02  1.70834120e-02 -1.72302872e-02  7.16218129e-02
 -9.57221836e-02  4.91385907e-02 -4.62537457e-04  3.68119292e-02
 -6.25090450e-02  3.88278104e-02  5.14619192e-03  2.46169269e-02
 -3.71891968e-02 -4.18036357e-02  5.34616411e-02 -1.77656729e-02
  3.56634110e-02 -3.60618252e-03 -4.75304872e-02  1.80533025e-02
 -4.53395396e-02 -4.68895771e-02 -1.52123543e-02  5.17851580e-03
 -3.01692374e-02  1.44002080e-01 -4.31250036e-02 -5.90909570e-02
 -5.48915565e-02 -6.35935441e-02 -2.19431613e-02 -4.18467186e-02
 -3.78133170e-02 -3.18274610e-02  4.85349447e-02  2.37302333e-02
 -4.67779338e-02 -1.14947379e-01 -2.96409912e-02 -3.25608969e-04
  7.93526024e-02 -3.72032262e-02  1.83677617e-02  1.04481633e-32
 -4.71262746e-02 -3.96006294e-02 -2.23805886e-02 -4.71905863e-04
 -3.26648634e-03 -8.18702579e-03 -2.44869962e-02  5.78304045e-02
  2.72271112e-02  2.65763849e-02 -3.92026640e-02  7.80654475e-02
 -6.74297139e-02 -4.59790677e-02  6.39437735e-02 -3.70676294e-02
  8.23535174e-02  2.51124613e-02 -1.86926201e-02 -1.78353228e-02
 -2.48454884e-02  3.42932739e-03  2.66897362e-02  1.66284218e-02
  4.76811863e-02  2.31276117e-02 -5.20138368e-02 -3.51828262e-02
 -4.23117355e-02  5.86905554e-02  4.39737253e-02 -6.55275062e-02
  2.98359934e-02 -3.76917757e-02 -3.12186498e-02  1.30340960e-02
  2.75873467e-02  4.21048477e-02 -9.22768712e-02  2.75872089e-02
 -2.41797175e-02  1.92450527e-02  5.02712652e-02  3.82571928e-02
 -1.15757333e-02  1.12182833e-02 -1.09480210e-02 -6.34150952e-03
  2.60883942e-02  2.50357054e-02 -4.03733812e-02 -1.70155372e-02
 -8.98027886e-03  1.37950135e-02  6.16718344e-02  2.37144772e-02
 -1.06277041e-01 -5.12954071e-02 -3.60808186e-02 -5.84327877e-02
  1.97228305e-02  2.43393444e-02  2.74084229e-03 -1.47111481e-02
 -8.65143910e-02 -2.18728650e-03  3.73645267e-03  3.56385671e-02
  4.19906043e-02  1.19766137e-05 -6.25935011e-03 -5.07334545e-02
 -3.32642682e-02  3.27189267e-02  3.34319249e-02  1.09181032e-02
  1.05672650e-01 -4.80721798e-03 -4.44009751e-02  5.33394441e-02
 -2.91843582e-02  9.80626140e-03  2.14594249e-02  4.37764591e-03
  5.58727304e-04  1.43962912e-03  2.61585657e-02  6.60997480e-02
 -4.73186187e-02  3.65271531e-02  6.06193468e-02  1.04847901e-01
  2.64698137e-02  3.72097176e-03  1.23333186e-03 -1.24776727e-32
 -3.27514075e-02  4.01755944e-02 -6.91966563e-02 -1.68380346e-02
 -3.20373178e-02  6.52307644e-02 -2.63665756e-03  1.13072596e-01
 -7.34843267e-03 -1.06585488e-01 -1.38905291e-02 -2.43077371e-02
  9.72561352e-03 -1.06209531e-01 -6.57704249e-02 -4.58916370e-03
  1.10323569e-02 -8.17877725e-02 -1.02282865e-02  2.39316449e-02
 -4.25486937e-02  5.78519553e-02  3.40437070e-02  5.56384958e-03
  3.46031669e-03 -4.72152717e-02 -9.49741006e-02  3.67993452e-02
 -2.74670441e-02  3.35323140e-02 -3.01123626e-04  6.32829079e-03
  1.84492543e-02  5.49162701e-02 -1.44865308e-02 -7.67179430e-02
  1.72893181e-02  3.37760672e-02 -1.32260984e-02  6.29433021e-02
  9.01679099e-02  5.20071611e-02  4.13195454e-02 -6.97063506e-02
 -2.48742439e-02 -2.31448710e-02  7.74114067e-03 -1.70947492e-01
  3.05294357e-02 -6.30803108e-02  1.10863239e-01 -4.31494974e-02
  3.58649604e-02  4.66691218e-02  3.46673839e-02  5.51591814e-02
  8.54644831e-03 -5.07101603e-02 -8.15593973e-02  1.50936507e-02
  1.00969888e-01  1.44833454e-03 -5.30447476e-02 -5.65698408e-02
  7.98024684e-02 -1.68687515e-02  1.45681780e-02 -4.17950600e-02
 -9.19735897e-03  3.14332508e-02  6.57716095e-02 -6.70060888e-02
 -4.00295146e-02  4.16896194e-02 -2.00271383e-02 -1.05175674e-01
 -3.85715701e-02  1.71321202e-02 -1.03636958e-01  8.87538195e-02
 -1.11834407e-01  9.32607576e-02 -6.74499795e-02 -2.73133907e-02
 -2.20711734e-02  8.95966124e-03  5.84935956e-02 -6.80040568e-02
 -5.34644723e-02  8.93251449e-02  1.45667326e-02  6.93800077e-02
 -3.61037552e-02  6.20928733e-03 -9.21564028e-02 -6.10310522e-08
  2.29684282e-02 -8.72507393e-02  5.54022714e-02  1.75625011e-02
  3.03941797e-02 -3.19035118e-03 -2.87672188e-02 -1.86923631e-02
  1.86460689e-02 -1.25089213e-02  6.79556951e-02  2.48382222e-02
 -2.69647967e-02  3.01208813e-03  4.79696393e-02 -5.14261313e-02
  3.85418050e-02 -1.22586377e-02 -3.52431238e-02 -5.21467701e-02
  1.26661211e-02  8.84775352e-03 -4.69712764e-02 -3.14762667e-02
  2.64901333e-02  4.29086424e-02  2.51578223e-02 -1.84489004e-02
  1.19986515e-02  3.94604653e-02 -4.74271998e-02 -5.72969466e-02
  2.19247956e-02 -1.37980469e-02 -8.50074664e-02 -3.49260122e-02
  3.48456167e-02 -2.76880451e-02 -1.49413049e-01  4.39205989e-02
  1.47390231e-01 -5.82447201e-02  1.52913136e-02 -2.11580098e-03
  1.02421828e-01 -4.38985340e-02  4.20698039e-02  1.86083838e-02
 -1.09156426e-02  4.07615341e-02  8.65799375e-03  1.09863736e-01
 -9.91576631e-03  2.02483479e-02 -4.49938606e-03 -8.00163373e-02
  5.64689152e-02  2.42955964e-02 -7.94984773e-02 -3.08414991e-03
  6.98974356e-02  9.25772041e-02 -6.92755058e-02  3.20790755e-03]