[-2.74769422e-02  8.40807855e-02 -6.48471937e-02 -3.67117152e-02
 -1.40158106e-02  2.13179830e-02  6.27517402e-02  1.67310983e-01
 -4.21326794e-02  5.60086705e-02  6.02673516e-02 -1.23898359e-02
 -2.99111269e-02  3.22301351e-02 -7.88245648e-02  3.01641952e-02
  9.22989100e-04  6.63447659e-03 -9.11552832e-02  1.45275723e-02
  7.51948133e-02  1.43815158e-02  2.38053408e-02  2.61178147e-02
  8.27179775e-02  7.25255981e-02 -6.23084754e-02  7.88483843e-02
  4.96288501e-02 -9.16960016e-02 -2.14533112e-03  8.82492661e-02
  1.79561108e-01 -5.28409332e-02  1.00989584e-02 -4.61260639e-02
 -1.72929615e-02 -7.19708949e-02  3.40621658e-02  3.55190895e-02
 -3.96213196e-02 -5.82866743e-02  1.02749234e-02 -2.29832195e-02
 -2.14408245e-02 -4.72023003e-02 -5.94159700e-02  4.84568849e-02
  5.56639135e-02  1.63791813e-02 -2.13407446e-02  9.12174806e-02
 -3.50416042e-02  2.06535514e-02 -8.30431283e-03 -6.91097975e-02
 -5.66890836e-02 -4.02034223e-02  1.27918879e-02 -2.42251698e-02
  2.87077557e-02  1.80771109e-02 -8.70217606e-02  7.01344106e-03
  1.48868654e-02  2.42255516e-02 -2.01062337e-02 -6.07275479e-02
 -9.35097933e-02  2.11715959e-02  9.08129811e-02 -1.57663785e-02
  5.80345951e-02  5.82156964e-02  3.09595023e-03  2.38430295e-02
  9.34741721e-02 -4.26363247e-03  2.44421177e-02 -1.03456795e-01
  4.39646840e-02  1.86900944e-02  2.34950595e-02 -8.83713812e-02
  1.07194446e-02  1.92265585e-02  4.66638431e-03  5.36238682e-03
  9.87720266e-02  1.77590083e-02  1.65815858e-04  7.15095624e-02
 -7.42176920e-02 -4.53110747e-02 -5.89482524e-02  5.78398854e-02
 -2.22908221e-02 -3.71956229e-02 -1.36590851e-02  8.18776041e-02
  1.01265952e-01 -3.11099738e-03 -6.90153763e-02  1.54482629e-02
 -8.00891891e-02 -3.80910672e-02  8.17641988e-02  5.09786047e-03
  9.18110460e-03  3.82323563e-02 -6.18778244e-02 -4.88003492e-02
 -5.25460355e-02 -7.45583102e-02 -4.53721173e-02 -6.97968155e-02
  2.48381146e-03  4.78994213e-02 -3.93031761e-02 -4.11084518e-02
  7.24911690e-03 -2.02139560e-02  9.21739191e-02  1.15569336e-02
 -3.48066166e-02 -7.45792761e-02  1.39610292e-02  1.82560517e-32
 -2.81400606e-02 -1.52958073e-02 -3.51248905e-02 -3.79624171e-03
 -2.54348200e-02  1.75176526e-03 -7.26978406e-02  3.75415944e-02
 -1.86392013e-02  9.80894268e-03 -1.20487213e-01  4.31333967e-02
 -6.13261722e-02 -5.32435393e-03  1.11934505e-01 -5.27054891e-02
  7.14920238e-02 -2.79022343e-02  4.07560468e-02 -6.95041046e-02
 -3.56364734e-02 -1.39600607e-02  2.88733188e-02  2.40867883e-02
  6.85043558e-02  7.95169473e-02  1.74611695e-02 -8.42341259e-02
 -7.14020059e-02  8.28367248e-02 -2.53816023e-02  1.01811156e-01
 -1.95688754e-02 -1.08776093e-01 -6.64853603e-02  1.51871732e-02
 -5.29422723e-02 -2.01406912e-03 -3.79459448e-02 -1.78272370e-03
  1.74025148e-02  3.54487672e-02 -3.60605493e-02  3.63723212e-03
  1.88621320e-02 -4.88460474e-02 -2.97363685e-03  1.18020155e-01
  8.69008750e-02  1.14822015e-01 -9.02290419e-02 -2.09826417e-03
 -3.30212414e-02  7.95597967e-04 -2.19624061e-02  4.38298797e-03
 -8.84770080e-02  4.27568518e-02  3.76809426e-02 -7.49307573e-02
  2.00907309e-02  6.66268691e-02 -1.76365580e-02 -9.42592137e-03
 -6.45061061e-02 -2.97918469e-02  1.31143704e-02  2.88502011e-03
  4.39671092e-02  2.56044865e-02 -3.06594782e-02 -6.33694679e-02
 -4.06235605e-02  3.82662676e-02 -2.47432962e-02  1.65466070e-02
  4.44450714e-02 -2.15982329e-02  1.07174721e-02 -1.27768479e-02
 -7.10224882e-02  6.22877069e-02  1.17215859e-02 -7.34350532e-02
  7.47362673e-02  2.39861663e-02  4.49663363e-02  1.02574890e-03
  3.10187135e-02 -1.48206977e-02  7.01988563e-02  1.79922171e-02
 -9.10338107e-03 -5.18739223e-02  2.83783581e-03 -1.68610397e-32
  3.67919318e-02  4.73144650e-02 -6.35925978e-02  2.03113984e-02
 -7.15776579e-03 -3.92081626e-02 -3.44617143e-02 -1.70257334e-02
  2.96254810e-02  2.00438034e-02  4.07902822e-02 -7.79838562e-02
  2.14664117e-02 -1.01196922e-01  1.97890643e-02  8.91611539e-03
 -5.70620522e-02 -3.50374612e-03  7.34600239e-03 -3.75692570e-03
 -2.58002542e-02  8.08709934e-02 -9.71323438e-03  3.00102290e-02
 -2.33236458e-02 -1.09070614e-02 -3.92067023e-02 -3.30805331e-02
 -2.44414024e-02 -2.75357999e-02  5.36768734e-02  2.63952389e-02
  2.23701950e-02  8.51459056e-02  9.61657031e-04 -4.35761325e-02
  1.29778668e-01 -2.86611579e-02  2.92406417e-02  2.33676806e-02
  4.89330478e-02  9.45249647e-02  2.41081212e-02  1.86155713e-03
 -4.34465781e-02 -1.13612518e-01  4.50415201e-02 -6.21009804e-02
  6.90201148e-02 -8.15887377e-02  8.92706290e-02 -1.30570633e-02
 -1.02298632e-02 -7.46541051e-03  3.67612438e-03 -5.44783520e-03
 -6.13409057e-02 -4.45498563e-02 -9.51874480e-02  1.31655391e-02
  4.13819104e-02  1.45395417e-02  3.10253259e-02  9.34867363e-04
  1.05719477e-01 -3.02133393e-02 -2.33209729e-02  8.47206637e-02
  1.71523076e-02 -6.02691136e-02  8.85134786e-02 -7.70248771e-02
  4.25785361e-03 -4.76912595e-02 -1.01983519e-02 -5.15799560e-02
  8.87810369e-04  3.28419246e-02  3.64726856e-02 -9.25535522e-03
  9.44894832e-03  5.64743998e-03 -3.37508842e-02 -3.94294970e-02
 -1.25412777e-01 -5.87227419e-02  3.86530273e-02 -3.85470712e-03
 -1.65390633e-02  5.16119488e-02 -2.88608354e-02  6.20981753e-02
  8.58438388e-02  2.73621865e-02 -9.30214394e-03 -7.09954051e-08
  7.95518514e-03 -6.24778159e-02 -3.48826461e-02  7.54805356e-02
  4.65648323e-02  2.54910178e-02 -6.01556674e-02 -7.64819831e-02
 -1.57106034e-02 -1.02758128e-02  2.01364569e-02  5.40354056e-03
 -1.15563497e-01 -9.53756459e-03 -2.96466444e-02 -5.84598258e-02
  5.62745193e-03  1.27000064e-01 -4.34976369e-02 -3.83036444e-03
  5.50561510e-02  2.25161482e-02  2.27691955e-03 -8.57598782e-02
 -2.94869971e-02  1.90910529e-02 -7.67984688e-02 -1.69294383e-02
  2.59761419e-02  2.69789826e-02 -8.73861089e-03  3.94802056e-02
  4.59808968e-02 -6.28929511e-02 -2.20345967e-02  9.17277206e-03
  3.50065790e-02  3.38632725e-02 -5.25520369e-02  1.36243948e-03
  6.26772940e-02 -5.39211109e-02 -6.74697012e-02 -5.61985467e-03
 -3.14050987e-02 -3.92906033e-02 -5.72786368e-02 -6.19788142e-03
 -2.46172734e-02 -8.75457153e-02 -3.88223045e-02  1.45138446e-02
 -4.61842120e-03  1.62184294e-02 -4.16030288e-02 -1.46687524e-02
  1.43397572e-02  5.10978028e-02  1.05940700e-02 -6.63231164e-02
  4.38753515e-02 -1.60523644e-03  1.42722521e-02 -2.49902885e-02]