[-2.89168805e-02  5.24886465e-03 -6.72600195e-02 -3.61385220e-03
 -1.42897740e-02 -9.57764313e-03  1.23055167e-02  1.41698286e-01
 -3.44727188e-02  6.31614774e-02  1.06422454e-01 -3.65857482e-02
 -3.41518782e-02 -1.34578208e-02  1.45812705e-02  9.15647764e-03
  8.82208720e-02  1.03220744e-02 -6.40477836e-02  1.01170383e-01
  1.38781458e-01 -1.78545509e-02 -1.17456885e-02  4.05589454e-02
 -6.30124733e-02 -1.06281294e-02 -3.30305621e-02 -1.83332935e-02
 -7.73806777e-03 -1.62943769e-02 -3.22115906e-02  5.15333116e-02
  1.26968428e-01 -6.06401712e-02  3.66837606e-02 -5.89529425e-03
  2.71096528e-02 -5.42039573e-02 -5.12415394e-02  4.61556800e-02
 -7.23047033e-02 -2.68623978e-02 -9.88702551e-02  4.33215313e-03
 -1.78080909e-02 -5.23861125e-02  6.08592182e-02  3.22456583e-02
 -3.15452740e-02  1.64871234e-02 -5.75911589e-02 -8.75407737e-03
 -4.44386564e-02 -1.94002986e-02 -6.37080297e-02 -6.58103302e-02
 -4.49099094e-02 -2.30512228e-02  1.34451147e-02  5.51637113e-02
 -5.53994067e-02  4.38806005e-02 -1.63261677e-04 -2.26907991e-02
  2.63201259e-02 -2.24889591e-02  6.68470748e-03 -2.75601689e-02
 -4.83558327e-02  2.14163419e-02  1.80759355e-02 -5.77269681e-02
  4.41173241e-02  6.81999996e-02 -3.14359218e-02  7.52540082e-02
  5.46801202e-02  5.52783646e-02 -5.92318829e-03 -1.60439715e-01
  1.96937006e-02  1.49343824e-02 -3.95432226e-02 -2.88624857e-02
 -2.71520112e-02 -1.22512113e-02 -3.24709825e-02  3.22407633e-02
  5.22783808e-02 -4.09150170e-03  1.31804431e-02  1.14584722e-01
 -5.84053546e-02 -6.96396008e-02  7.79431826e-03 -2.14026012e-02
  6.24871952e-03 -6.91486299e-02  2.62660664e-02  4.64531919e-03
  5.84639125e-02 -3.71275283e-02  4.17797128e-03  1.93625018e-02
 -3.01748198e-02 -3.48512866e-02 -2.03027762e-02 -8.28031152e-02
  1.28032807e-02  1.42806828e-01 -4.46482934e-02 -3.28084007e-02
 -4.81336080e-02 -1.09838270e-01 -6.21478222e-02 -1.41496640e-02
 -4.67099510e-02 -3.40949856e-02  1.11179575e-01 -5.91243580e-02
  1.93765368e-02 -6.17881864e-02  7.28469938e-02 -6.38505295e-02
  3.02219819e-02 -7.04186931e-02  5.61401993e-02  1.21500955e-32
 -7.05104396e-02 -2.25895401e-02 -1.95049495e-02  4.05728519e-02
 -1.86452772e-02 -2.30149063e-03 -2.42573414e-02  4.52176901e-03
  1.09423911e-02  4.21083719e-02 -5.44220023e-02  3.33637968e-02
 -6.57899026e-03  1.77805033e-02  7.52648786e-02 -3.39306928e-02
  6.63208216e-02  5.33546098e-02  2.05907831e-03 -3.51690105e-05
  2.19717529e-02 -4.87678684e-02  8.28441326e-03  1.14813875e-02
  2.36570016e-02  1.01195879e-01 -3.25121172e-02 -3.53799649e-02
 -1.37840354e-04  7.24671734e-03  4.02028225e-02  2.31374856e-02
  2.43693050e-02 -7.01841339e-02 -5.47987111e-02  9.54679772e-03
 -7.59445876e-02 -1.50262807e-02 -5.98601475e-02 -2.66408641e-02
  3.39284167e-02  3.08803003e-02  1.75680760e-02  2.27929335e-02
  6.48176074e-02 -7.05830231e-02  2.35236175e-02 -1.11379512e-02
  1.09661341e-01  3.94364893e-02 -1.82803087e-02 -7.35409036e-02
 -4.43975367e-02 -3.96042056e-02 -1.01786545e-02  1.88633020e-03
 -1.06775790e-01  4.53491732e-02  3.41154486e-02 -4.46126089e-02
 -1.37247723e-02 -1.05591165e-02 -3.47189642e-02 -2.53307000e-02
 -2.88396236e-02 -1.78798139e-02 -4.69528548e-02 -1.59884654e-02
  1.30008981e-01 -3.57670453e-03 -6.63869455e-02 -1.11669227e-02
 -6.78897649e-02  3.14662680e-02 -2.80009024e-02 -1.41030271e-02
  7.31710857e-03  2.37363018e-02 -1.11318799e-02  1.06176492e-02
 -2.64341873e-03  2.07337108e-03  4.03221976e-03  9.39833373e-03
  6.76402375e-02  8.79762098e-02  2.30271127e-02  8.52867886e-02
 -8.82348418e-02  4.27280143e-02  6.40313774e-02  7.45743737e-02
 -1.44793615e-02  2.42687874e-02  6.94412142e-02 -1.49034948e-32
 -1.20271761e-02 -6.20428985e-03 -6.07402846e-02 -2.25633550e-02
  3.37103270e-02 -4.95236926e-03 -4.80787195e-02 -9.13444906e-02
 -3.61720882e-02 -1.18842855e-01 -5.00112958e-02 -9.02422965e-02
  2.18292791e-02 -8.06493610e-02 -9.68480781e-02  8.73502344e-03
 -5.77398576e-02 -4.48668227e-02 -3.30761522e-02  5.76659339e-03
 -5.43941595e-02  5.58971763e-02  2.59486260e-03 -9.05329455e-03
  1.07437894e-02 -1.20905489e-01 -5.73382489e-02  1.37186330e-02
 -3.29309478e-02 -7.53276795e-03  6.09061979e-02  3.76977138e-02
 -2.11588144e-02  1.14337094e-01 -2.49639209e-02 -8.95130187e-02
  6.25914633e-02 -2.35594120e-02  5.51317707e-02  4.42349091e-02
  7.01707900e-02  4.33741137e-02  2.07632855e-02 -2.10140236e-02
 -8.82433355e-02  9.47175722e-04  9.18378029e-03 -1.56018183e-01
  2.44872877e-03 -8.52832571e-03  1.49657279e-01 -2.30616406e-02
 -4.49253432e-02 -4.81370017e-02  9.38691664e-03  2.04012729e-02
  1.20913312e-02 -8.12058449e-02 -3.20904888e-02 -2.57050507e-02
  5.71195409e-02  5.89522198e-02 -1.57082323e-02 -5.90411248e-03
  9.34594199e-02  2.56407447e-02  4.78653274e-02  7.68198445e-02
  6.41871244e-02 -3.55362110e-02  5.37820458e-02 -1.29336677e-02
 -5.84301874e-02 -7.86404982e-02  2.85684075e-02 -2.80692689e-02
  6.35701744e-03  4.48151026e-03 -6.16978807e-03  5.05237840e-03
 -6.31146729e-02 -1.66334212e-02 -2.16442198e-02 -8.85517430e-03
 -5.59290983e-02  7.82061275e-03 -1.02212420e-02 -4.28472795e-02
 -7.12118519e-04  1.03298053e-01 -6.24750108e-02 -7.51172146e-03
  3.37214544e-02  4.97782603e-02 -5.89537881e-02 -6.68875515e-08
  2.98079345e-02 -6.22056760e-02 -1.82333756e-02 -1.97712928e-02
  5.10097779e-02 -8.45980644e-03 -5.53488322e-02  1.13692693e-02
  3.44834477e-02  2.43664626e-02 -1.01734628e-03 -2.85558570e-02
 -9.33929533e-02 -7.90467393e-03  3.09939664e-02 -4.63819839e-02
  6.31176159e-02  8.89791250e-02 -5.31658307e-02 -3.51777859e-02
  3.94208170e-02 -1.08702714e-02 -1.06652215e-01 -2.71321200e-02
  9.32062641e-02 -2.40718015e-02 -1.76611356e-02  1.42886210e-02
 -1.47225298e-02  1.27672926e-02 -1.31775979e-02 -2.48765461e-02
  1.35533679e-02 -3.60818319e-02 -5.21947024e-03 -3.59500311e-02
  9.14863348e-02  2.62442441e-03 -6.77304566e-02 -5.75234834e-03
  1.57854736e-01  1.60310343e-02 -4.07366045e-02 -4.01393324e-02
 -3.02244304e-03  1.97599400e-02 -6.61217943e-02 -1.19632808e-02
 -4.02607908e-03  3.82970795e-02 -6.74293563e-02  4.29701619e-02
  3.07914820e-02  3.27078551e-02 -4.89343777e-02 -2.25433819e-02
  6.05984293e-02  5.98988589e-03 -2.19739228e-03 -7.02116266e-03
  1.12706326e-01  7.43812025e-02  6.72293380e-02 -1.78575292e-02]