[ 5.45376772e-03  5.00832796e-02 -4.21454869e-02 -4.97962311e-02
 -4.34179492e-02 -1.29510066e-03  8.99399258e-03  6.01423569e-02
 -4.37849388e-02  5.07418253e-02  1.34555608e-01 -3.33317518e-02
  2.68032979e-02  5.29029332e-02  2.71961689e-02 -4.25021052e-02
  2.38219220e-02  4.45556156e-02 -2.53631659e-02  6.05153479e-02
  1.59143373e-01 -4.11716923e-02 -7.16577470e-03  9.78111010e-03
 -1.38903096e-01  1.60440840e-02 -7.00002611e-02  3.30326408e-02
 -3.39057036e-02 -5.83263636e-02 -5.30835651e-02  3.85159627e-02
  3.56746167e-02 -5.11858538e-02 -2.41902247e-02 -4.38699648e-02
  7.16111213e-02 -2.36978289e-02 -3.71607728e-02  1.73923865e-01
 -7.80316293e-02 -7.07905442e-02 -9.44175944e-02 -5.41976206e-02
  5.77937104e-02  2.39024553e-02  4.24419455e-02  1.71545427e-02
  3.31749804e-02 -2.45380029e-03 -3.81007418e-03  3.16732116e-02
 -2.35631857e-02  4.56444360e-02  2.35444717e-02 -3.01192272e-02
 -4.99192253e-02 -6.69778585e-02  1.48848891e-02 -2.24363920e-03
 -3.14672440e-02  2.29644962e-02 -3.37416753e-02 -1.35148140e-02
  2.56472155e-02 -2.86758039e-02 -5.22326194e-02 -4.20760103e-02
 -4.32327725e-02  1.28036290e-01  7.71101797e-03 -5.61636314e-02
  2.27623060e-02  2.73998193e-02 -4.53152955e-02  4.03616950e-02
  2.24038623e-02 -1.87192429e-02  3.53707410e-02 -1.99261948e-01
  4.80534602e-03  2.25155074e-02  1.26895616e-02 -1.60986781e-02
 -6.49793446e-03 -1.43823950e-02  4.69295494e-02  2.82535367e-02
  6.20656349e-02  5.01010567e-02  4.97025214e-02  7.09479898e-02
 -1.04486518e-01 -6.62039965e-02 -3.12562808e-02  1.66509822e-02
 -6.51251748e-02  1.76410954e-02 -1.40258102e-02 -1.68911889e-02
  7.03145713e-02 -4.86410595e-02 -1.94658637e-02  2.76049450e-02
 -2.06288844e-02 -8.18180200e-03  2.83262338e-02  3.03851231e-03
  1.36175109e-02  1.35949299e-01 -1.70852561e-02  8.30332458e-04
 -1.13033541e-01 -9.06586051e-02 -5.23517355e-02  6.43251538e-02
 -1.66905876e-02  1.21920370e-03  5.69471270e-02  1.67927723e-02
  4.02615666e-02 -1.70266517e-02  8.01730603e-02  4.12297342e-03
  3.07931136e-02 -4.34595421e-02  5.18700853e-02  1.46021422e-32
 -1.88178103e-02 -6.70581684e-02 -3.94641701e-03 -2.19821301e-03
 -2.65492816e-02  1.31406114e-02 -1.66419167e-02  4.22628000e-02
  7.17130452e-02  3.01658250e-02 -1.72546115e-02  8.52622613e-02
 -1.22402404e-02  2.08403375e-02  1.07480854e-01 -1.97230950e-02
  3.43885198e-02 -2.53526047e-02 -2.17964891e-02 -2.40978133e-02
  6.05094188e-04  1.53386984e-02  2.81262081e-02  4.57622558e-02
  9.90747474e-03  3.27953286e-02 -4.59389538e-02 -1.01354849e-02
 -7.72681311e-02  3.97294350e-02  6.39724955e-02 -1.97628308e-02
  4.04365696e-02 -4.67628278e-02 -7.38076195e-02 -3.06197219e-02
  1.70889702e-02  6.01731008e-03 -3.35350111e-02  1.19963614e-02
 -7.02058524e-02 -2.14800015e-02  5.97640835e-02  3.52984853e-02
  1.27454810e-02 -7.47465268e-02  1.01979807e-01 -1.27637722e-02
  5.53578883e-02  2.70824339e-02 -1.77384932e-02  3.73365730e-02
 -2.27796026e-02 -3.51032615e-02  7.91587308e-03  2.12469827e-02
 -1.11308992e-01  5.98935336e-02 -4.20148745e-02 -3.36319394e-02
 -6.55803680e-02  6.83767628e-03  3.38354707e-02 -2.18037721e-02
 -6.58175573e-02 -4.01867665e-02 -3.49504985e-02 -1.18240062e-02
  7.21713975e-02  2.69677211e-02 -7.21718669e-02  9.31896921e-03
 -2.71833055e-02  3.69742624e-02 -1.95899676e-03  3.34683806e-02
  1.03288293e-01  3.88337970e-02 -3.94116603e-02 -6.62945881e-02
 -3.44490334e-02  1.71345174e-02  1.28796129e-02 -2.68393811e-02
  1.06408494e-02  1.98433883e-02  1.17993511e-01 -4.88008652e-03
 -4.20578336e-03  6.81606159e-02  1.83584765e-02  4.60117273e-02
  2.53847279e-02 -2.97095627e-03  5.15981913e-02 -1.48920837e-32
  3.00956126e-02  8.01171809e-02  3.94970365e-02 -3.12547982e-02
  8.51114187e-03  5.48844710e-02  3.39483954e-02 -6.84166253e-02
 -9.00512487e-02 -6.77033886e-02 -6.73239380e-02 -6.02575652e-02
  3.32465135e-02 -5.54196909e-02 -3.83464769e-02  1.23527227e-02
 -1.12576798e-01  3.10070049e-02 -2.13688575e-02  3.25819366e-02
  6.32139444e-02  9.53714177e-02  2.82697901e-02  2.37683337e-02
 -1.01012411e-02 -1.84386235e-03 -2.69125570e-02 -3.93409804e-02
 -2.79273652e-02  6.82726130e-03  4.49582897e-02 -3.54337022e-02
  1.69306342e-02  8.73464048e-02 -2.71153674e-02 -5.25659099e-02
 -3.98489684e-02  1.38996989e-02 -3.30713997e-03  1.21687502e-01
  5.32509126e-02  6.33942112e-02  4.15794365e-02 -4.67726961e-02
 -6.26919270e-02 -5.86458854e-02  3.11923176e-02 -1.27183393e-01
 -3.54366824e-02 -4.90675084e-02  7.96197653e-02 -4.68157455e-02
 -1.12783752e-01 -1.43468138e-02  3.53638902e-02 -5.60311526e-02
 -4.60470580e-02 -1.04160316e-01 -1.35311693e-01  8.36439952e-02
  5.80405593e-02  1.25063611e-02 -3.26997973e-02 -2.01878268e-02
  1.02919534e-01  1.85913930e-03  3.31631824e-02  6.26827404e-03
 -1.10289669e-02  2.58907713e-02  8.45287926e-03 -7.91333988e-02
 -1.28639992e-02 -7.38522187e-02  4.03991491e-02 -1.26362089e-02
  1.80848893e-02 -1.72895996e-03 -4.46211249e-02  2.12963261e-02
 -6.69207796e-02 -7.26353377e-02 -1.46597102e-02  1.26739787e-02
 -1.55280292e-01  6.26427159e-02  1.85430180e-02  7.19838515e-02
  7.53812771e-03  8.10793042e-02 -3.45505923e-02  5.95398545e-02
  3.08006033e-02 -1.58551559e-02 -1.51016116e-02 -5.36335136e-08
 -4.77613742e-03 -4.20275219e-02  1.09552115e-01  4.23870273e-02
 -4.48705740e-02 -1.97044276e-02  3.98720987e-03 -8.13303366e-02
  8.60775448e-03 -1.63847711e-02  2.24229228e-02 -7.32500246e-03
  7.36997696e-03 -4.23843861e-02  1.37291886e-02 -3.68581600e-02
  3.03770937e-02  9.40682143e-02 -5.89483529e-02 -6.16926663e-02
  1.64982583e-02 -4.57685161e-03 -8.18248093e-02  1.72915887e-02
 -1.71778724e-02  6.14223965e-02 -4.78158221e-02  2.30023321e-02
 -9.94910672e-03  3.56230587e-02  6.03862740e-02 -5.13844676e-02
  1.90477837e-02 -7.48597533e-02 -1.33431023e-02 -3.03986296e-02
  2.81308610e-02 -1.75908245e-02  1.05493388e-03  4.00372781e-02
  4.41708341e-02 -4.73768562e-02 -1.38653163e-02  3.36313397e-02
  1.78685971e-02 -4.05882820e-02 -5.07354103e-02  4.08015661e-02
 -7.15778768e-02 -1.66954771e-02 -1.97420809e-02 -3.71680632e-02
  2.80192196e-02  2.38803253e-02 -7.92176723e-02 -1.59612633e-02
  1.18299276e-02  3.32746841e-02 -5.27604818e-02 -1.67498533e-02
  6.60490692e-02  6.32652128e-03 -4.90061827e-02 -1.57464296e-02]