[-4.62337323e-02 -7.83362426e-03 -5.02193719e-02 -1.33188710e-01
 -8.19310993e-02 -8.04388747e-02  9.96110030e-03  1.23602472e-01
 -1.28911008e-04  5.57423607e-02  8.84830207e-02  7.85238948e-03
  7.52455276e-03 -3.94049042e-04  4.75223660e-02 -7.46097267e-02
 -1.12970369e-02 -8.46767128e-02 -9.95624438e-03  2.91478797e-03
  1.46469027e-01 -5.52278990e-03 -2.52585802e-02 -1.40620368e-02
  1.01386253e-02 -5.28879985e-02 -1.66865718e-02  4.47203740e-02
 -3.28835249e-02 -2.18286235e-02 -7.08162272e-03  1.26599878e-01
  1.13221683e-01 -3.23501565e-02 -4.01473232e-02  3.87543999e-02
  3.99147794e-02 -1.13845859e-02 -8.69658813e-02  4.85420562e-02
 -7.99491033e-02  1.27507895e-02 -5.98819852e-02  1.83294676e-02
 -8.24009255e-03 -4.27783653e-02  7.75473239e-03  2.92195175e-02
  6.51975209e-03 -5.99850416e-02 -5.14019914e-02  1.51005574e-02
 -2.60082912e-02  2.08086520e-02 -5.36783338e-02 -1.16575425e-02
 -1.28629990e-02  7.74970353e-02  5.44607304e-02  5.15923277e-02
 -1.53760205e-03  3.75443771e-02 -3.76645103e-02  9.28479247e-03
  4.82640229e-02  4.19107489e-02 -2.28998577e-03 -4.42601107e-02
 -1.20960623e-02 -2.44489172e-03 -2.18905509e-02 -2.23080702e-02
  5.01180403e-02  2.26959493e-02 -5.51958457e-02  8.00652876e-02
  1.00774998e-02  4.67016250e-02  2.35711690e-03 -9.23321694e-02
  4.63224500e-02 -1.36913648e-02 -2.38483865e-03 -1.11228619e-02
  4.19458337e-02 -1.90082341e-02 -5.69128543e-02 -2.51759961e-02
  3.60148698e-02 -2.75804456e-02  3.31791267e-02  6.28362373e-02
 -3.84193733e-02 -2.29981877e-02 -3.41140926e-02 -5.87161724e-03
 -6.07763510e-03 -6.67174906e-02  1.18051162e-02  1.80695355e-02
  2.36626435e-02 -8.01760033e-02  3.94136235e-02  4.09984589e-02
 -7.60847628e-02 -4.03606035e-02 -5.80691267e-03 -1.36242313e-02
  4.48992923e-02  5.53028658e-02 -1.02359086e-01 -6.25155792e-02
 -5.76034188e-02 -1.20234556e-01 -9.81268883e-02  1.34876622e-02
 -4.38888334e-02 -4.08537127e-02  9.47916806e-02 -4.25362512e-02
  2.94888718e-03 -3.14512104e-02  1.31847914e-02 -6.84371889e-02
  1.28178179e-01 -1.90027966e-03  7.87840635e-02  1.25845604e-32
 -5.33716194e-02  4.84245233e-02 -6.90085813e-02  3.64650012e-04
  1.95458885e-02  2.30945740e-02  4.13055277e-05  2.25037169e-02
  2.21178718e-02 -2.19445527e-02 -5.80952428e-02  5.73620535e-02
 -1.23793697e-02 -4.88364212e-02  1.20161086e-01 -3.59563902e-02
  3.60321030e-02 -1.42917670e-02 -5.19812398e-04 -7.57470634e-03
 -2.41368520e-03 -2.54072119e-02  3.86860743e-02 -1.54912239e-02
  9.88636389e-02  3.43333520e-02 -2.41235662e-02  1.16123781e-02
  3.54487561e-02 -5.32406429e-03  9.39431190e-02 -2.86550801e-02
 -4.97219793e-04 -2.91972943e-02 -2.63779890e-02 -2.04341505e-02
 -5.68896644e-02 -2.15974618e-02 -5.42275384e-02 -7.78651983e-03
  4.33722930e-03 -7.34028453e-03 -1.63530826e-03  4.26441617e-02
  6.04400113e-02 -4.41105403e-02 -1.85992923e-02  2.73658708e-03
  8.69176388e-02  5.37572615e-02 -3.12345456e-02 -1.38946308e-03
 -5.29864468e-02  1.08527280e-02  3.98006923e-02  3.87074575e-02
 -4.30549569e-02  1.60300899e-02  2.48780362e-02 -5.69600575e-02
 -1.00668566e-02  3.23589100e-03  2.38121226e-02  9.33013577e-03
  2.36955676e-02 -9.95628610e-02 -1.19458828e-02 -1.01085501e-02
  9.30818468e-02  3.25754918e-02 -6.23131990e-02  4.50057443e-03
  2.55301576e-02  5.32006808e-02 -7.47111738e-02  5.97303659e-02
 -7.83977583e-02  2.58687511e-02 -7.78199285e-02  1.60528123e-02
 -7.64759909e-03  2.24668179e-02  2.39319336e-02  2.80738212e-02
  9.87346917e-02 -1.28610078e-02  4.39706333e-02  7.12054735e-03
  1.87485516e-02  7.28944242e-02  2.64397636e-02  1.02691449e-01
 -6.13206849e-02  7.64258355e-02  1.58599187e-02 -1.25763569e-32
 -2.49101277e-02  1.49739999e-02  9.58742481e-03 -3.21288444e-02
 -1.92166436e-02  7.60122202e-03  4.62743826e-02  7.45298434e-03
 -3.92995104e-02 -9.32150781e-02 -3.82168306e-04 -7.02479854e-02
  8.77672136e-02 -5.27371950e-02 -3.11544426e-02  3.06985192e-02
 -7.25473836e-02 -5.57888262e-02 -1.71301737e-02  3.11737284e-02
 -2.51524318e-02  6.72231242e-02  1.08572596e-03  4.25640307e-02
 -3.07665467e-02 -1.12156920e-01 -5.24813384e-02  2.27902140e-02
 -4.06206138e-02 -3.85336466e-02 -4.90215560e-03 -4.43601571e-02
 -5.93514554e-02  1.57918751e-01  3.70368361e-03  2.76921713e-03
  6.75199851e-02  4.80868220e-02  2.67680362e-02  9.40342769e-02
  1.74578339e-01  5.33127375e-02  9.80994548e-04 -1.03656940e-01
 -8.14326853e-02 -4.22262810e-02  1.26763303e-02 -7.22296089e-02
 -9.79038626e-02 -2.94654574e-02  1.23307899e-01 -2.41624918e-02
  2.30924841e-02 -4.95496020e-02  7.93468207e-02  1.88017637e-02
  2.66077314e-02 -7.19433948e-02 -4.17144299e-02  1.21189402e-02
  1.35968417e-01 -8.61416012e-02  2.63890587e-02 -1.62531808e-02
  8.30860361e-02  1.71490498e-02 -1.69947594e-02  1.05312429e-01
  4.37570810e-02  2.78552510e-02  1.63789131e-02 -7.93627053e-02
 -2.79027261e-02 -2.90671345e-02  4.71836403e-02 -3.17465514e-02
 -1.05365463e-01  4.48109023e-02 -5.95184118e-02 -5.23413066e-03
  5.55268582e-03  3.76375206e-02 -2.26392671e-02  1.33317737e-02
 -4.42083813e-02  2.11764611e-02  3.25306021e-02 -9.41761304e-03
  4.62968946e-02 -4.48894463e-02 -7.17393011e-02  2.07629912e-02
  1.49355419e-02  1.19105361e-01 -8.43530335e-03 -5.67706877e-08
  6.86604390e-03 -5.18802963e-02  2.43578106e-02 -1.57660581e-02
  8.99116769e-02 -9.93295684e-02  3.45333293e-02 -3.83654349e-02
 -4.82324604e-03 -1.77995989e-03 -1.95417348e-02 -2.78082080e-02
 -8.76875892e-02  4.63835634e-02  4.12833840e-02 -1.34188095e-02
 -8.64034519e-03  1.74629446e-02 -2.63207722e-02 -4.99178506e-02
  8.03679526e-02 -3.63272950e-02 -4.53843698e-02  4.88063768e-02
  7.06203729e-02 -7.94016197e-03 -5.43569215e-02 -2.78618722e-03
 -5.58484672e-03  4.19964977e-02 -5.39865382e-02 -6.63173059e-03
 -7.33626354e-03 -5.53980321e-02 -6.53299242e-02  9.72194597e-03
 -3.37173827e-02  1.08217783e-02 -2.58225501e-02  1.02311373e-02
  1.12966411e-01  2.28873501e-03 -2.86703445e-02 -3.02452315e-03
  4.42651436e-02 -4.87063676e-02 -3.84403057e-02 -1.17041403e-02
  7.19184503e-02 -9.46477279e-02 -4.75618951e-02  4.31950577e-02
  2.78389100e-02 -1.72520038e-02  1.31242704e-02 -1.00731336e-01
  4.89410646e-02 -1.40838195e-02 -1.62923913e-02  4.03348580e-02
 -1.46528119e-02  1.03858355e-02  9.34949983e-03 -2.43076533e-02]