[-6.94829505e-03  2.80552432e-02 -6.17456287e-02 -4.55569662e-02
 -3.74342538e-02  5.72467521e-02  1.11099724e-02  5.60533702e-02
  2.77776853e-03  9.62364897e-02  1.54185563e-01  1.34754181e-02
  1.62523985e-02  4.40712236e-02  5.44661693e-02 -1.77000314e-02
  6.93943426e-02  2.51185596e-02 -4.92545702e-02  1.28142938e-01
  1.97099969e-01 -1.97961200e-02 -2.92816535e-02  5.68452701e-02
 -7.75163993e-02 -5.62611362e-03  3.67022003e-03 -4.54802774e-02
 -2.18022335e-02 -1.47396624e-02 -2.18212586e-02  1.62714608e-02
  5.42340018e-02 -3.53358798e-02  9.39800683e-03 -1.39966020e-02
  5.78620844e-02 -2.93574426e-02 -1.59924198e-02  4.33099493e-02
 -3.74753810e-02 -2.21899692e-02 -1.20907821e-01 -3.43956016e-02
  1.97076495e-03 -1.83850508e-02  4.30647321e-02  1.76511016e-02
 -5.57786673e-02 -6.65582269e-02 -1.02368984e-02  2.74460274e-03
 -5.19403107e-02  6.55544037e-03 -2.48646038e-03 -1.42586634e-01
 -6.84651136e-02  1.44141177e-02  3.41509245e-02 -3.82747944e-03
 -4.30010594e-02  4.70346212e-02  2.04622112e-02 -7.99296517e-03
  1.81763957e-04  2.48417668e-02  1.95951797e-02 -6.33738115e-02
 -4.59342776e-03  7.23617971e-02  6.48784339e-02 -4.37833220e-02
  7.92728215e-02 -6.98533375e-03 -6.79882094e-02  2.74649728e-02
 -8.56619235e-03  5.61667569e-02 -3.24316472e-02 -1.83069244e-01
  2.39727199e-02 -3.87898535e-02 -5.40073775e-02 -6.50968850e-02
  1.59545634e-02 -1.56796034e-02 -1.30870435e-02  1.18301651e-02
  7.50804096e-02  4.17103209e-02  6.18292131e-02  7.44644403e-02
 -2.12685410e-02 -9.06429887e-02  3.42357159e-02 -5.10465614e-02
 -2.40519308e-02 -7.32053816e-02  6.26510829e-02 -9.19573102e-03
  3.53492275e-02  4.84756641e-02 -4.70159724e-02  3.52062914e-03
  2.60054078e-02 -1.74260940e-02 -2.73278784e-02 -6.42557740e-02
 -2.18477100e-03  1.25501707e-01 -3.27483900e-02 -5.24448697e-03
 -1.13993883e-02 -3.94195095e-02 -5.51653206e-02  2.30807569e-02
 -2.98194401e-02 -4.34817486e-02  7.63995498e-02 -4.85139340e-02
  4.04204912e-02 -1.10247657e-01  5.32406680e-02 -7.39246048e-03
  3.87876220e-02 -7.48118162e-02 -4.33570258e-02  7.64327953e-33
 -2.83965413e-02 -7.41461143e-02 -4.22487780e-02  1.35285594e-02
 -1.29971951e-02  7.96206761e-03 -4.51828279e-02 -1.48605304e-02
  8.53023157e-02  1.45982793e-02 -4.51752692e-02 -1.10805528e-02
  2.45828908e-02  7.45423883e-02  8.42734426e-02 -1.69622563e-02
  3.04362681e-02 -3.78976502e-02 -4.37322110e-02  3.17050447e-03
  3.20694670e-02  1.71807893e-02 -1.00120772e-02  1.37194451e-02
 -1.03693694e-01  5.82533032e-02 -4.85859104e-02 -3.07626184e-02
 -5.39642572e-02  3.37573513e-02  4.82217073e-02 -4.87991348e-02
  6.22034483e-02 -2.28518620e-02 -4.12422381e-02  5.04826382e-02
  2.62745703e-03  3.59774102e-03 -3.78612466e-02 -3.24374251e-02
 -8.24527889e-02 -1.19957998e-02  1.67302527e-02  6.14601858e-02
  2.00160090e-02 -4.92484160e-02  4.24170792e-02 -3.28734927e-02
 -1.33178360e-03  8.61689672e-02 -5.56882098e-03 -1.48376916e-02
 -8.47705733e-03 -7.67352358e-02 -5.97701296e-02  7.20214471e-02
 -1.20434746e-01  2.37995144e-02 -5.42059168e-02 -5.13383001e-02
 -7.50904810e-03 -7.74472137e-04 -6.08591810e-02 -4.29018475e-02
 -7.42895678e-02 -3.75103205e-02  8.95279832e-03  1.00439200e-02
  1.17318109e-01 -2.63162851e-02 -5.46057597e-02  2.76591983e-02
 -2.33148783e-02 -7.03383703e-03 -2.04535536e-02  3.29010887e-03
  7.40800649e-02  1.77785158e-02 -6.24836683e-02 -4.22250591e-02
 -2.82332897e-02 -4.53969389e-02 -8.03080737e-04 -7.18411477e-03
  8.41783211e-02  4.13653404e-02  3.28639038e-02  4.01019342e-02
 -6.14394583e-02  1.88687406e-02  6.33462593e-02  8.46874043e-02
  3.96699011e-02  1.41046997e-02  4.43056747e-02 -1.08219595e-32
  8.67948961e-03  2.07322910e-02 -7.04274252e-02  2.37935670e-02
  5.57253044e-03  1.89537201e-02 -3.81234698e-02 -8.70539695e-02
 -7.15328231e-02 -1.40692815e-01 -1.56707019e-01 -9.26221088e-02
  7.97123685e-02 -2.34960131e-02 -4.74806279e-02  2.58083977e-02
 -7.30390847e-02 -4.30836901e-02 -4.84720655e-02 -1.49044418e-03
  1.62113458e-02  9.71632823e-02  3.78801301e-02 -4.34950478e-02
 -3.62701481e-03 -5.86407185e-02 -5.43123521e-02  3.60673927e-02
 -4.88812849e-02  1.21023124e-02  3.68876569e-02  5.32080941e-02
 -6.76847436e-03  8.45733956e-02 -3.09506766e-02 -6.82960376e-02
  9.19621289e-02 -2.99481675e-02 -5.29874302e-02  6.78037480e-02
  1.93081964e-02  8.69327039e-02 -3.48691158e-02 -4.28590737e-02
 -8.35856795e-02 -1.63610023e-03  1.45150581e-02 -7.31159523e-02
  4.64621671e-02 -3.82631011e-02  8.91990140e-02 -4.21260409e-02
 -5.58755500e-03  9.15517192e-03  3.11327204e-02 -1.08543187e-02
  1.61518808e-02 -7.39772990e-02 -2.19224840e-02  4.21130992e-02
  4.07577753e-02  1.61778480e-02 -4.77213450e-02 -1.28648840e-02
  7.07657859e-02 -7.61813903e-03  8.66357144e-03  4.59440686e-02
  2.21619848e-02 -9.33141168e-03  2.70222258e-02 -3.77735458e-02
 -7.46401176e-02 -3.05294115e-02 -2.39536520e-02 -4.71571609e-02
 -5.24922926e-03 -5.05902618e-03 -1.65562599e-03 -1.00796123e-03
 -2.29719039e-02 -1.02868928e-02 -5.29941618e-02 -1.94079045e-03
 -8.19182470e-02  2.09784266e-02 -4.61801421e-03  1.83183933e-03
  6.61191158e-03  2.78032161e-02 -1.92747749e-02  9.49113257e-03
  8.38623121e-02  1.13196699e-02 -7.10019842e-02 -5.95627085e-08
 -3.37310433e-02 -6.33166591e-03 -2.22982746e-02 -6.90723443e-03
  4.04544398e-02 -2.82843988e-02 -3.94064561e-03  7.28052855e-03
 -2.31973007e-02 -2.97725480e-02  5.37540503e-02 -3.96755189e-02
 -4.83900532e-02  2.85739359e-03  3.35821323e-02 -4.63390611e-02
  5.00322990e-02  3.39570716e-02 -5.91724329e-02  3.94405331e-03
  2.15115156e-02 -2.43883468e-02 -1.12776935e-01  6.65692240e-03
  5.00137396e-02 -9.60632134e-03 -4.16863197e-03  1.57202985e-02
 -3.74281146e-02  6.48404360e-02 -7.76467025e-02  2.21823528e-02
  2.03965101e-02 -1.03302926e-01 -4.19007689e-02 -4.38718498e-03
  6.10958524e-02  3.27171385e-02 -4.42619547e-02  5.10405935e-02
  1.06253468e-01 -5.02653569e-02  1.42100109e-02 -1.45859327e-02
  5.04670851e-02 -4.00415100e-02  1.38007058e-02  2.87690088e-02
 -8.52405094e-03  6.76048920e-02 -1.15662999e-03  5.24622053e-02
  4.31982055e-02  1.54119581e-02 -5.21239452e-02 -4.86874841e-02
  3.70193943e-02  1.73249338e-02 -2.25247089e-02 -2.43149530e-02
  1.47091448e-01  1.21826798e-01  7.78477639e-02 -2.60319207e-02]