[-3.42846848e-02  5.05839922e-02 -5.51302843e-02 -5.91275766e-02
 -2.30356473e-02 -9.79447644e-03  6.03814945e-02  5.82058653e-02
  1.49144456e-02  8.79877210e-02  6.03774637e-02 -6.34993613e-02
  3.33422469e-03  2.29408219e-02  3.25768441e-02 -4.19871584e-02
  2.46048514e-02  3.20289796e-03 -7.78012723e-02  7.61646256e-02
  1.92109987e-01 -1.76493768e-02 -1.66612212e-02  3.35579403e-02
 -5.24923652e-02 -3.99871841e-02 -5.09807430e-02 -5.10308135e-04
 -4.86299656e-02 -3.50406766e-02 -1.11001264e-02  6.30497783e-02
  7.46189058e-02 -9.32576135e-03  6.31053001e-02 -1.31400395e-02
  7.32686222e-02 -8.78902748e-02 -1.63941216e-02  3.60906199e-02
 -1.06912993e-01  4.01559360e-02 -4.05775122e-02 -4.04875204e-02
 -1.72252171e-02 -2.99374070e-02  6.66412041e-02  1.97257251e-02
 -4.92950678e-02 -8.30740016e-03  5.25422487e-03  2.62068138e-02
 -7.57047385e-02  2.07461473e-02  6.31349832e-02 -7.19456002e-02
 -4.70232144e-02 -2.33824039e-03  2.06807652e-03 -3.30447331e-02
 -3.70050743e-02 -1.44673213e-02 -3.36455181e-02 -1.07752448e-02
  1.60556473e-02 -8.72251485e-03  3.81328873e-02 -2.57402938e-02
 -7.33675286e-02  6.43599629e-02 -8.51203315e-03 -3.81172970e-02
 -1.28865198e-04 -5.83687518e-03 -2.39485502e-02  7.44648576e-02
  4.31713499e-02  7.64485821e-02 -5.77028804e-02 -1.66557297e-01
 -4.80554327e-02 -3.65138836e-02  5.69995912e-03 -5.69515824e-02
  1.61093138e-02 -3.12684029e-02 -6.09724596e-03 -1.05601167e-02
  1.09140135e-01  2.73976550e-02  3.83863822e-02  2.52583940e-02
 -3.81777361e-02 -4.33822833e-02  6.01880206e-03  1.64837390e-02
  8.58647190e-03  1.02720773e-02  9.57592577e-02  4.02390286e-02
  1.12888664e-01  1.76647361e-02  2.12806854e-02  4.70091738e-02
 -5.51011413e-04 -5.03805280e-02 -3.45844701e-02 -5.15591577e-02
  5.86553384e-03  5.81323206e-02 -7.11943060e-02 -6.69102520e-02
 -5.52776381e-02 -2.89137512e-02 -5.13669774e-02 -3.93946990e-02
 -3.48775722e-02 -2.92856805e-02  4.74363863e-02 -2.08727699e-02
  5.15223742e-02  1.23118917e-02 -3.50396857e-02 -3.08457315e-02
  2.95725055e-02 -2.74905823e-02  2.60644387e-02  8.91945865e-33
 -3.44435796e-02 -5.56489117e-02 -5.82960621e-03 -1.66513659e-02
 -3.30690220e-02  3.42858583e-02 -1.49262128e-02  4.35297936e-02
  4.45376970e-02  3.07931080e-02 -5.29963411e-02  8.21973830e-02
 -4.53575738e-02  2.61052419e-03  1.26481533e-01 -1.50158992e-02
 -4.10736762e-02  1.23615228e-02  2.55341716e-02  5.32523356e-02
  1.06473025e-02 -4.26161056e-03  2.41107456e-02 -4.25190805e-03
  2.26149131e-02  6.17015921e-02 -5.29790744e-02 -3.31668295e-02
 -9.25341100e-02  4.48601209e-02  7.50869513e-02  4.05632854e-02
  4.36744541e-02  2.12992765e-02 -9.28737968e-02 -2.77941041e-02
 -3.59645411e-02  8.08541477e-02 -1.95978582e-02 -7.22142309e-02
 -2.65083779e-02  2.97297817e-02  8.79143402e-02  4.23913300e-02
  2.54754648e-02 -6.32297248e-02  6.83138222e-02  1.52470618e-02
  1.05334900e-01  5.05255312e-02  3.62313241e-02 -5.50334044e-02
  1.93370692e-02 -9.43862498e-02 -1.61964633e-02 -3.91345620e-02
 -7.96988904e-02  3.93476784e-02 -7.76800513e-02 -5.07267714e-02
 -4.22364585e-02 -3.56411412e-02  2.07019392e-02 -1.54132852e-02
  6.57305541e-03  2.70847660e-02 -4.73739654e-02  3.79301794e-02
  1.01212814e-01 -1.78652778e-02 -5.74585311e-02  3.29661649e-03
 -4.01228033e-02  8.01478699e-02  7.66508142e-03 -1.29090585e-02
  8.07749256e-02 -1.22052496e-02 -4.69340868e-02 -4.50869044e-03
 -8.95083472e-02  1.83937270e-02 -1.64088234e-02 -4.55237888e-02
  5.09854220e-02  3.25750448e-02  5.57424985e-02  1.19146537e-02
  6.41785115e-02 -2.35201535e-03  4.89531197e-02  3.32866535e-02
 -4.86340001e-02  1.47919651e-04  7.01590776e-02 -1.15408882e-32
  2.54898015e-02  3.98858748e-02 -3.20045762e-02  4.47867252e-02
 -1.47381099e-04  3.08226310e-02 -2.13063378e-02 -3.77237536e-02
 -7.98639432e-02 -1.53434500e-01 -8.02442208e-02 -6.91075996e-02
  3.24760601e-02  3.03525496e-02 -6.30435199e-02 -1.79865751e-02
 -5.49642406e-02 -6.37905598e-02 -2.05929410e-02 -1.07255783e-02
  3.78950574e-02  6.72289822e-03  5.57887070e-02 -1.87201668e-02
 -1.26520749e-02 -5.68473153e-02 -8.63553956e-02 -1.04895294e-01
 -5.21944463e-02 -3.76792587e-02  1.44915553e-02 -3.23028602e-02
 -6.79486664e-03  8.04673210e-02  3.24906223e-03 -1.12550475e-01
  9.11456421e-02 -1.04660809e-03 -2.43372750e-02  8.38888511e-02
  1.58460420e-02  1.08419828e-01  3.47118974e-02  1.40917199e-02
 -3.49199101e-02 -1.68230869e-02  1.44429784e-02 -8.75843540e-02
  1.93230528e-02 -9.35376510e-02  7.76229948e-02 -4.15327474e-02
  4.99751745e-03 -3.79083902e-02  1.46785052e-03 -8.18904769e-03
 -4.69630323e-02 -6.01428412e-02 -8.54212120e-02  5.85871600e-02
  6.29247949e-02  7.22151026e-02 -1.65860690e-02 -1.24091972e-02
  4.64409590e-02  3.92701058e-03 -2.58435048e-02  5.85450744e-03
  2.92444602e-02  2.00525112e-03  2.06983164e-02 -1.41786098e-01
 -1.23757012e-01 -5.89764044e-02  2.52154078e-02 -4.78157699e-02
  1.56208603e-02 -6.01282064e-03 -1.52191827e-02  5.52181341e-02
 -6.97581321e-02  4.48730662e-02 -4.99323718e-02  1.05542680e-02
 -1.62370652e-02 -3.36632878e-02  1.28887957e-02  2.66681649e-02
  1.93055102e-03  7.32307136e-02 -2.51550972e-02  5.47982380e-02
  8.72753412e-02  4.88459468e-02 -4.26007137e-02 -6.31241264e-08
 -1.98722165e-03 -2.94636991e-02 -4.44132499e-02  3.34184915e-02
  3.22910808e-02 -1.17471954e-02 -5.09285703e-02 -2.07756720e-02
 -2.39905603e-02  2.35372018e-02  7.66223818e-02 -1.01275630e-02
 -7.56514147e-02  2.13554539e-02 -3.08664422e-02 -8.99480656e-02
  4.06550504e-02  2.48318054e-02 -8.89457315e-02 -2.00923476e-02
  3.93913910e-02 -2.54655555e-02 -1.14819922e-01 -8.52275733e-03
  7.32404664e-02 -9.98273399e-03 -5.25605120e-02  2.63563246e-02
 -8.55115894e-03  1.23107187e-01 -4.11025919e-02 -1.52174290e-03
  2.14366548e-04 -9.36892629e-02 -6.28342852e-02 -6.07542284e-02
  4.42866459e-02 -1.25068252e-03  1.85325146e-02 -2.91746203e-02
  1.10586569e-01 -7.70402551e-02 -1.80624425e-02  7.94347934e-03
  7.03897327e-02 -1.64441392e-02 -4.54637259e-02  2.45469008e-02
 -2.18807645e-02 -1.09392582e-02 -2.75247265e-02  2.58111581e-02
  1.42169455e-02 -6.51547965e-03 -1.07761845e-02 -1.89948026e-02
  5.16821072e-02  2.45043077e-02  3.86263477e-03 -8.96608010e-02
  1.22729778e-01  3.93923521e-02  1.80798173e-02 -9.27341450e-03]