[ 7.51219988e-02  4.73875292e-02 -3.64105441e-02  9.66549269e-04
 -8.08847249e-02 -2.72341333e-02  1.99788879e-03  1.27826229e-01
 -3.68365906e-02  7.98375979e-02  5.98857254e-02 -4.15745489e-02
 -5.56330197e-03  1.44515093e-03 -4.23759259e-02 -2.81936843e-02
  6.05823286e-02 -8.71683354e-04 -6.21417053e-02  2.79822317e-03
  9.94957387e-02 -2.84751263e-02 -1.62153002e-02  3.83074284e-02
  7.48250773e-03  1.91781390e-02 -2.89987158e-02  1.61191635e-02
  1.55989677e-02 -8.38014781e-02 -9.23268273e-02  8.43384042e-02
  1.07983164e-01 -8.75384510e-02 -1.35510862e-02 -1.40201300e-02
  7.99847096e-02 -1.27178490e-01  2.80053709e-02  2.73496732e-02
 -6.63864538e-02 -2.53113415e-02 -5.56185842e-02  2.43913624e-02
  3.40542383e-02  3.40296775e-02 -3.98244262e-02  4.33638506e-02
  1.26376040e-02  2.77916039e-03 -4.46004272e-02  4.05895524e-03
 -3.67790163e-02  3.53275649e-02 -2.28878837e-02 -9.11240578e-02
 -8.70599598e-03 -6.28055260e-02  1.37713458e-02 -1.54616740e-02
  1.82855520e-02  3.84337194e-02 -2.14656442e-02  3.46015505e-02
  8.12724382e-02 -3.63545604e-02 -1.73637103e-02 -5.93137071e-02
 -1.44716099e-01  1.14308950e-02  1.89358983e-02 -1.93700660e-02
  6.70976639e-02  1.04438774e-02 -4.59199846e-02  2.06519291e-03
  2.58974954e-02  3.97981927e-02  4.17941250e-02 -5.84343672e-02
  6.40503019e-02 -9.97819006e-04  3.63710010e-03  4.16370630e-02
 -1.10717705e-02 -3.23580429e-02  3.55531462e-02 -9.64075513e-03
  5.98193221e-02 -3.17495055e-02  4.62897122e-02  8.26179758e-02
 -7.08624348e-02 -1.27487322e-02  1.52113317e-02  3.46972682e-02
 -4.29270826e-02 -4.64440212e-02  7.38816510e-04 -1.97957959e-02
  1.13361422e-02  4.44498360e-02  6.11394942e-02 -7.44622126e-02
 -8.25185850e-02 -1.73630305e-02 -9.99087351e-04  3.52306478e-03
  6.91654161e-02  8.17774013e-02 -7.49514773e-02 -5.94176017e-02
 -8.23286548e-02 -3.17647681e-02 -7.74394870e-02 -8.63905847e-02
  5.81285134e-02 -7.06275180e-02  8.26499145e-03 -8.55765045e-02
  2.59619113e-02 -5.41373808e-03  5.84819391e-02 -5.59341423e-02
  4.75222766e-02 -1.02067128e-01  5.97563460e-02  1.51816712e-32
 -4.74659167e-02 -6.20682538e-02  2.18547368e-03  1.07102497e-02
 -4.30995692e-03 -1.00426869e-02 -4.88197394e-02  8.11690930e-04
  6.08185157e-02 -4.41858470e-02 -1.10546336e-01  3.63451876e-02
 -6.75616972e-03  4.50868271e-02  8.63608122e-02  2.60411240e-02
  2.97046546e-02  5.99491931e-02 -2.45810375e-02 -3.09807342e-02
 -8.11281055e-02  5.84842414e-02  3.23312506e-02 -3.02838944e-02
  3.26615609e-02  3.09852175e-02 -2.15824135e-03 -3.42671536e-02
 -1.30817860e-01  1.45334806e-02  9.73257124e-02 -8.46731476e-03
 -3.75614092e-02 -6.35786504e-02 -5.95047958e-02 -4.10094298e-02
  3.92574817e-02  3.31859067e-02 -3.49229164e-02  2.70980690e-02
 -4.08459865e-02  2.86930464e-02  5.94838709e-02  2.12967541e-04
 -3.56038660e-02 -3.05645745e-02  9.13321525e-02 -2.72371229e-02
  1.57736450e-01  4.92422879e-02 -6.78705052e-02 -1.90335943e-03
 -5.07453829e-02 -5.63708283e-02  1.34346001e-02  3.70282680e-02
 -6.44260123e-02  2.75430176e-02 -1.30935302e-02 -4.77698185e-02
 -1.44903027e-02  4.91117686e-03  1.37384012e-02 -5.01398668e-02
 -2.77010202e-02 -2.01807320e-02 -1.57686453e-02  1.64351854e-02
  7.19401240e-02  6.03711046e-02 -4.89582196e-02 -7.94781446e-02
  3.27731818e-02  4.39832397e-02 -2.32016388e-02  1.00598726e-02
  7.64780790e-02  2.68697292e-02 -8.54060461e-04 -5.25118923e-03
 -2.61597168e-02 -2.56212465e-02 -4.79951538e-02 -5.62560931e-02
  2.57399399e-02  9.42042097e-02  5.58230653e-02  6.83134571e-02
 -1.30579444e-02  5.35797998e-02 -2.05027615e-03  5.87733760e-02
 -4.95588221e-02  9.25458036e-04  4.28291038e-02 -1.63603893e-32
 -5.66323474e-02  7.22583085e-02 -3.26476954e-02  3.02970242e-02
 -6.39590770e-02 -1.83998104e-02  2.80768387e-02 -7.90604670e-03
  3.26080211e-02  2.49341857e-02 -5.55975363e-02 -6.43355548e-02
  3.55268978e-02 -2.09326930e-02 -9.43731740e-02  6.44376576e-02
 -8.45694020e-02 -4.02933583e-02 -1.87495872e-02  5.95471449e-03
 -1.65399853e-02  1.00942403e-01  5.65054528e-02 -1.62850507e-02
  5.06609902e-02 -1.11005604e-02 -8.58326256e-02 -8.06620868e-04
 -5.97151108e-02 -9.54518840e-02  5.28384782e-02 -7.12625757e-02
 -1.19788619e-02  2.92475279e-02 -1.03104517e-01 -3.36566232e-02
  3.90278064e-02 -2.24774107e-02  2.94586178e-02  8.22621658e-02
  5.87994233e-02  2.95955613e-02  3.90323773e-02 -5.93007877e-02
 -1.18199121e-02 -3.27308662e-02  5.61233722e-02 -1.50241598e-01
  1.53761068e-02 -1.23671964e-01  1.36383712e-01  2.84865312e-02
 -1.29383877e-02  3.28436345e-02  5.72626106e-02  1.09310448e-02
 -8.03953260e-02 -5.26095740e-02 -6.32375255e-02 -1.82205196e-02
  9.04778764e-02 -8.26945435e-03 -8.15022271e-03 -4.98493910e-02
  7.04911500e-02  2.49790382e-02 -2.65716780e-02  1.24733837e-03
 -1.28348088e-02  3.54532748e-02  5.44480868e-02 -3.16605605e-02
  2.07274817e-02 -6.82822475e-03  2.64967745e-03  3.04118078e-02
 -3.02246902e-02 -3.68833318e-02  5.38423331e-03  2.55478844e-02
 -2.47814730e-02 -3.43390889e-02 -5.95236570e-02 -4.45307493e-02
 -1.28962114e-01 -7.91713819e-02 -1.43997381e-02 -3.40136774e-02
 -1.24276904e-02  5.96106872e-02 -9.27466154e-02  3.38974558e-02
  1.81155000e-02  3.20763960e-02 -4.22037169e-02 -6.41724469e-08
 -1.80965755e-02 -7.53638521e-02 -1.39586153e-02  2.52417717e-02
 -6.38240669e-03  5.38125355e-03 -2.92330980e-02 -3.20740393e-03
 -2.27166358e-02  3.44062336e-02  3.28552979e-03 -1.09496275e-02
 -9.77353305e-02  3.03459093e-02 -3.24380212e-02 -2.02873964e-02
  2.88894642e-02  8.33909512e-02 -8.87204334e-03 -7.03765601e-02
  9.94114131e-02 -2.27177460e-02 -2.62383632e-02 -2.10247487e-02
  1.55943679e-02  6.50613457e-02  1.44173391e-02  5.18062040e-02
 -3.63642313e-02 -5.72274961e-02 -1.96675658e-02 -5.47132338e-04
  2.91527342e-02 -3.75231877e-02 -3.25954109e-02  1.35013917e-02
  2.27303433e-04  7.44507462e-02 -7.48220235e-02  3.46337184e-02
  5.55253364e-02 -4.96020950e-02 -5.19686975e-02  1.10842539e-02
  2.33833659e-02 -1.14547480e-02 -3.43419276e-02  7.00671449e-02
 -3.19923572e-02 -5.14115617e-02  7.03129768e-02 -1.02388106e-01
  3.12290620e-02  3.38735394e-02 -5.41638285e-02 -2.43519172e-02
  6.16177581e-02  2.51321550e-02 -4.12518643e-02  2.33804714e-02
  5.45721948e-02  9.06032920e-02  3.11369747e-02 -3.83234732e-02]