[ 2.63648126e-02  6.81308955e-02 -3.23351026e-02 -9.60807875e-03
 -3.60994935e-02  6.99192518e-03 -5.85565455e-02  7.41658509e-02
  1.72636379e-02  1.44427447e-02  6.84275776e-02 -6.13989457e-02
 -3.91292684e-02 -5.89338550e-03  1.58244520e-02 -6.66428953e-02
  3.47094121e-03  5.62656391e-03  1.04074171e-02  1.37555927e-01
  1.62443489e-01 -5.05195074e-02 -3.85636948e-02  6.55348375e-02
 -7.45649338e-02  2.65631732e-03 -3.10760699e-02 -5.69771416e-03
 -4.45990227e-02 -4.16653045e-02 -5.22590522e-03  9.43204910e-02
  8.48376751e-02 -5.52217029e-02  6.32612631e-02  5.88866882e-04
  4.22078781e-02 -3.64118293e-02 -3.28933969e-02  4.98910919e-02
 -9.98582318e-02 -5.12314066e-02 -4.78393361e-02 -3.29489745e-02
 -2.91339476e-02 -7.19392449e-02  4.67698872e-02  7.56631419e-02
  1.34409918e-02 -8.12473614e-03  7.93952402e-03 -1.51675735e-02
 -6.49393648e-02  4.67311554e-02  4.35080789e-02 -6.33014888e-02
 -6.81508705e-02  7.10574258e-03  9.43365786e-03 -1.28587093e-02
 -5.04370108e-02  6.55439496e-02 -3.96431461e-02  9.16195381e-03
  2.94258408e-02 -9.41245724e-03 -5.87130524e-02 -7.61683006e-03
 -4.82770130e-02  5.12319617e-02  3.31246518e-02 -5.89518435e-02
  2.76203938e-02 -1.44887413e-03 -4.12384905e-02  7.97046497e-02
  2.18360443e-02  5.88210598e-02  3.89256962e-02 -1.61928982e-01
  2.53089722e-02  5.03012463e-02 -2.99476422e-02 -1.14078596e-01
  6.45103753e-02 -1.06669050e-02 -5.01597766e-04 -2.38340022e-03
  7.24220723e-02  2.41425391e-02  4.12386134e-02  1.01159416e-01
 -5.11077344e-02 -4.49191965e-02 -4.84440885e-02 -1.80793721e-02
 -8.22704937e-03 -1.14719896e-02  9.00011584e-02 -5.77715645e-03
  1.31482035e-01  4.59909886e-02 -2.01193262e-02  1.55849671e-02
 -1.90082230e-02 -3.59101896e-03 -1.03912493e-02 -2.55342573e-02
  3.12103387e-02  6.85012415e-02 -5.30044995e-02 -1.93736032e-02
 -2.32720934e-02 -5.78807257e-02 -7.41880760e-02  2.03850009e-02
 -2.40513310e-02 -3.13696712e-02  1.13723092e-02 -4.95462716e-02
 -4.30407189e-02 -6.89246804e-02  2.27667205e-02 -6.56994283e-02
  5.13729081e-02 -7.49823079e-02 -2.32638624e-02  1.09261693e-32
 -3.35002365e-03 -8.58466774e-02  1.64356679e-02 -2.80378317e-03
 -1.16375014e-02 -3.71366031e-02 -1.55052096e-02 -1.07830148e-02
  2.94028241e-02  2.62804329e-02 -1.27539067e-02  5.63861290e-03
 -2.19638832e-02  5.69696492e-03  1.05463572e-01 -5.09274863e-02
  7.63079375e-02 -5.63418269e-02  2.75800079e-02  3.52344252e-02
 -3.69866416e-02 -6.94976142e-03  3.49868536e-02 -4.08394188e-02
  2.85108201e-03  5.38878143e-02 -8.13969448e-02 -1.98621023e-02
 -6.38799444e-02  5.60738146e-02  5.50144129e-02 -8.08324665e-03
  1.30845252e-02 -5.67940176e-02 -5.40028736e-02 -5.71625978e-02
  5.36324903e-02 -9.20331664e-03 -6.90174177e-02 -7.15795979e-02
 -6.79613277e-02  1.16180619e-02  1.07913822e-01  5.62106222e-02
  6.88438937e-02  7.37671321e-03  3.85936052e-02  2.95833256e-02
  6.25109151e-02  4.28857990e-02 -3.39546464e-02 -5.77231199e-02
 -4.43551838e-02 -6.83765560e-02 -1.57180522e-02  3.82447406e-03
 -9.05566290e-02 -1.18566817e-02 -3.11801173e-02 -4.95796278e-02
 -5.62710781e-03  1.67217557e-04 -4.28029634e-02 -1.14016444e-03
 -9.94549915e-02 -5.16104177e-02 -2.42213695e-03  3.45316082e-02
  1.21056393e-01  5.91651872e-02 -4.70158681e-02  2.63190903e-02
 -8.41427892e-02  6.53533638e-02  3.13106105e-02  1.19503038e-02
  8.70405510e-02  2.53492650e-02 -1.03932908e-02  5.32387337e-03
 -2.84581841e-03 -5.86165814e-03 -4.41510603e-02 -4.49095815e-02
  6.38954714e-02  7.32767507e-02  4.00910899e-02  4.92302962e-02
  4.67577428e-02  3.50132883e-02 -9.63887200e-03  5.07910810e-02
 -1.49258571e-02 -4.19206545e-02  3.04890480e-02 -1.18419507e-32
  6.16569407e-02  3.59039456e-02 -2.86844792e-03 -3.95457856e-02
 -5.17285839e-02  1.64535232e-02  3.51491221e-03 -1.17851540e-01
 -1.92057695e-02 -1.17073730e-01 -7.68995583e-02 -6.58648089e-02
  7.34851882e-02 -4.42289934e-02 -6.26104102e-02  5.73849753e-02
 -4.50110771e-02 -9.06694084e-02 -7.55181164e-02 -4.33373787e-02
 -7.30063096e-02  4.44353223e-02  2.58811451e-02  2.36277655e-02
 -2.80143842e-02 -4.08629216e-02 -7.84279183e-02  1.06018335e-02
 -5.38348183e-02  1.03623699e-02  3.94798331e-02  1.80692784e-02
 -2.83725355e-02  2.89883539e-02 -5.05432971e-02 -7.11139217e-02
  4.13350314e-02 -2.96810269e-02 -3.26998681e-02  6.88887760e-02
  7.80440718e-02  7.17400461e-02  3.64862122e-02  5.93507988e-03
 -6.00673668e-02 -3.22005115e-02  3.19536515e-02 -1.26177624e-01
  4.55903858e-02 -4.80475277e-02  8.01730528e-02 -5.66867255e-02
 -3.18751298e-02  2.47495826e-02  5.74651584e-02 -1.44691421e-02
  1.43690938e-02 -8.38259682e-02 -8.16056058e-02 -1.91304218e-02
  6.99608922e-02  3.33466567e-02 -4.57320698e-02 -6.00403585e-02
  8.46381560e-02 -3.21843699e-02 -1.37763266e-02  7.68011378e-04
  7.70742968e-02  2.86596082e-02  4.28348854e-02 -6.52187169e-02
 -7.79346004e-02 -6.28604926e-03 -3.73068154e-02 -4.29500360e-03
  1.02398228e-02  1.57466251e-02 -3.28228343e-03  7.19571188e-02
 -5.35243787e-02  9.32528987e-04 -2.61239391e-02 -3.40434872e-02
 -6.58340007e-02  2.58555543e-02 -3.65990680e-03 -3.89418565e-02
 -9.62485839e-03  6.80293962e-02 -4.91055399e-02  8.34960416e-02
  9.46233720e-02  1.67054031e-02 -3.48995551e-02 -5.89908709e-08
  5.72980568e-03 -7.43380859e-02  1.94023717e-02  4.59870957e-02
  1.46065941e-02 -5.69007061e-02 -2.05465499e-02 -1.55152939e-02
  2.28805896e-02  4.68474366e-02  3.90902497e-02  6.76957443e-02
 -8.93972628e-03 -7.16487244e-02 -1.99870747e-02 -1.42651834e-02
  1.00305200e-01  6.06408715e-02 -5.60695864e-02 -5.04605249e-02
  2.37510744e-02 -1.33760017e-03 -9.70831290e-02  3.22269686e-02
  4.90415916e-02 -3.61087956e-02 -3.63008268e-02  1.68742035e-02
  4.56760153e-02  6.47020340e-02 -4.72974731e-03 -4.04254394e-03
  6.58848435e-02 -8.96828398e-02  1.24097604e-03 -1.51322018e-02
  6.51572496e-02  4.41050008e-02 -2.09348965e-02  3.69613096e-02
  9.20784846e-02 -6.72985092e-02  2.22075381e-03 -2.52974760e-02
 -5.29287495e-02 -2.64778268e-02 -4.59600426e-02  1.05936319e-01
  1.73921697e-02  2.99889874e-02 -3.94219048e-02 -9.29291919e-03
  5.20993806e-02  5.63261025e-02  5.13885822e-03 -5.53766489e-02
  5.38065098e-03  4.49216850e-02 -5.91996452e-03 -4.13345546e-02
  1.09422006e-01  5.62119670e-02  2.83820238e-02 -1.76708363e-02]