[-9.88077000e-03  9.08256471e-02 -1.15506805e-01 -4.20923419e-02
 -7.22276717e-02  3.55431661e-02  9.03566647e-03  7.79812112e-02
 -5.19048385e-02  3.54037508e-02  4.59407978e-02  1.80043560e-02
 -2.02491712e-02  5.40966280e-02 -1.68360993e-02  9.98919457e-03
  4.38338183e-02  2.11724285e-02  1.09301461e-02  4.57312465e-02
  4.10064384e-02 -7.00171068e-02 -6.38091415e-02  1.03320517e-02
 -3.48357968e-02 -2.16651950e-02 -8.89633670e-02 -2.76737176e-02
  3.27778421e-03 -5.00809066e-02 -9.33142286e-03  7.39696622e-02
  6.49903668e-03 -4.06902619e-02  6.23899288e-02 -2.49209590e-02
  2.08206866e-02 -2.97738723e-02 -2.33594868e-02  1.34721017e-02
 -2.56474502e-02 -1.08435992e-02 -7.17157274e-02 -2.80540809e-02
 -6.70158789e-02 -6.58112243e-02  1.26987575e-02  2.92635448e-02
 -6.84449002e-02  3.45885977e-02 -3.11588161e-02  1.95525419e-02
  1.76868197e-02  1.82798523e-02 -6.30619973e-02 -8.65133703e-02
  2.42837053e-02  3.73912677e-02 -3.38216387e-02 -4.01186384e-02
  4.40806486e-02  5.61790541e-02 -3.47323567e-02  1.12402923e-02
  7.76605774e-03 -9.14428309e-02  2.17231233e-02  4.02627746e-03
 -2.96871550e-02 -2.59306151e-02  7.07648620e-02 -1.29510522e-01
 -1.52302440e-04  3.16357380e-03 -7.20104352e-02  3.45632136e-02
  1.68390665e-02  9.49923471e-02  4.31744196e-02 -9.66001824e-02
 -1.37911807e-03 -5.69282426e-03  4.24556993e-03  1.02658998e-02
 -4.56664488e-02 -3.92832123e-02  1.94496121e-02  3.11428849e-02
  8.99662599e-02  9.29749571e-03  4.56153229e-02  1.22997478e-01
 -1.77048333e-02 -4.65048812e-02 -2.84037068e-02 -5.35588376e-02
  3.73241752e-02  3.31002660e-02  4.00938652e-02  4.79134358e-02
  1.15324743e-01  2.48653870e-02 -7.66898543e-02 -5.99228498e-03
 -4.13207300e-02  5.29889874e-02 -2.28765067e-02 -2.11687572e-02
  6.79160506e-02  2.45206691e-02 -8.66104588e-02 -9.20705963e-03
 -5.58099756e-03  1.10302605e-02 -4.90242280e-02  6.75386861e-02
 -6.96750507e-02  2.48975623e-02  9.74223018e-02 -6.13836348e-02
  7.78692141e-02 -3.52220051e-02 -3.47874463e-02 -1.29248172e-01
  1.52012557e-02 -5.29221967e-02  8.79956111e-02  7.31919060e-33
 -6.62548244e-02 -2.29495354e-02 -6.84082583e-02  9.77153704e-03
 -1.43729551e-02 -2.34263819e-02  3.83855402e-02  7.67433867e-02
 -8.10794085e-02 -3.03787565e-05 -9.21655521e-02 -2.83483565e-02
 -2.57238722e-03  1.59045756e-02 -9.80032887e-03 -7.46224076e-03
  2.70557050e-02 -2.19400320e-03  4.17075790e-02 -1.18822893e-02
  5.24121858e-02 -5.76934917e-03  6.14833413e-03  4.61728163e-02
  5.00471294e-02  2.67532226e-02 -6.24169298e-02 -6.93413019e-02
 -2.99472809e-02  4.69452590e-02  1.00206651e-01 -2.99494322e-02
  2.09740605e-02 -1.43828858e-02 -2.77469605e-02  2.30017230e-02
  1.04762334e-02  6.01701699e-02 -4.95758988e-02 -1.48098143e-02
 -1.99940503e-02 -7.65317911e-03  7.50146760e-03  6.98413327e-02
 -1.93584543e-02  3.01070064e-02 -3.71377356e-03 -4.30401191e-02
  6.19216375e-02  6.73951879e-02 -5.96887358e-02 -4.67466637e-02
 -1.09788001e-01  1.07313767e-02 -2.54388489e-02 -5.12315053e-03
 -1.70495197e-01 -1.04055507e-02  1.38007104e-02 -1.10711552e-01
  8.01007673e-02 -3.89878708e-03 -6.63971901e-02 -1.47213100e-03
  2.07815785e-03 -9.11964476e-02  1.82078071e-02 -9.54417326e-03
  8.04929063e-02 -2.93938722e-02 -1.19608656e-01  6.30612671e-02
  3.37456055e-02  2.00510100e-02 -5.07244207e-02 -8.25052932e-02
  7.08046602e-04  2.77807154e-02 -1.86929535e-02  1.44308014e-02
 -4.14105430e-02 -4.35825214e-02 -1.91197935e-02  7.36428017e-04
  7.16434047e-02  8.19085613e-02  2.35232804e-02  3.12419944e-02
  1.88045837e-02  8.29085484e-02  2.08807569e-02 -5.06463461e-04
  4.66751633e-03 -2.13803258e-02  9.57834497e-02 -8.59949790e-33
 -7.11259665e-03 -9.44167748e-02 -1.43546201e-02  6.28656894e-02
  2.50324663e-02 -4.19710251e-03 -3.89114805e-02 -1.46865975e-02
 -1.16311535e-02 -4.33842167e-02 -1.20904878e-01 -1.71099007e-02
  3.84069420e-02 -2.36319844e-03 -1.05316386e-01  5.80587948e-04
 -3.68035212e-02 -4.36365977e-02 -5.23804575e-02 -1.51621616e-02
 -7.90762715e-03 -9.51690134e-03 -5.61121106e-03 -1.27571626e-02
  2.85393698e-03 -1.73573792e-02  2.87620854e-02 -1.36665612e-01
 -2.14293320e-03  7.74335042e-02  1.40439654e-02 -4.29847138e-03
 -2.69929189e-02  1.13113128e-01 -7.51337036e-02 -5.31018525e-02
  9.67303291e-02 -3.12053710e-02 -2.70125847e-02  6.54369891e-02
  3.45976017e-02  8.93351138e-02 -3.02385539e-02  4.31558229e-02
 -2.14035865e-02 -1.75849330e-02 -8.09223577e-02 -5.45232147e-02
  5.30874878e-02 -4.54158112e-02  1.50410146e-01  1.61606055e-02
  8.71771947e-03 -3.39942127e-02  4.64949086e-02  2.12578606e-02
 -2.90173031e-02 -8.13667402e-02 -6.51136413e-02  7.70411938e-02
  8.44715387e-02  1.02928869e-01 -7.83384815e-02  1.03590181e-02
  1.07050881e-01  1.64037813e-02 -4.91461046e-02  6.05697073e-02
 -1.37446718e-02  2.79146750e-02  5.50889708e-02 -1.08863398e-01
 -2.22310573e-02  1.04091903e-02  9.04178843e-02  1.67341735e-02
  3.93942278e-03  4.88321446e-02 -4.15279232e-02  4.95574437e-02
  3.46290739e-03  6.81907218e-03 -3.44671914e-03  2.09244597e-03
  7.80745596e-02 -1.42459059e-02 -8.21718667e-03  8.17089435e-03
  6.05551619e-03  3.28243114e-02 -1.61007140e-02 -1.84503123e-02
  7.50372335e-02  4.07973230e-02  2.83351596e-02 -5.10066833e-08
  2.44648159e-02 -6.98109642e-02 -3.33963707e-02  6.24174066e-02
 -2.78088800e-03  3.56886014e-02  3.97289954e-02  4.55804467e-02
 -4.33480069e-02  6.36234879e-02  5.94711006e-02 -3.44721638e-02
 -9.41083729e-02 -1.09115373e-02  1.15986085e-02 -7.70442262e-02
  3.80253568e-02  2.02008039e-02 -3.87153514e-02 -6.26824703e-03
  1.43049676e-02 -2.63365004e-02 -4.93995547e-02 -4.71025407e-02
  2.39601973e-02 -1.03830229e-02 -1.02970004e-03  4.73061018e-02
 -5.67701552e-03  1.56886838e-02 -8.31424668e-02  7.41525516e-02
  4.31745127e-03 -4.97436747e-02 -2.17647944e-02  2.65409462e-02
  1.58131924e-02  4.02331464e-02 -3.20441425e-02 -6.74274638e-02
 -8.90161376e-03 -2.09290739e-02 -8.36456101e-03 -4.94763702e-02
  5.33747561e-02  3.93588003e-03 -1.00312866e-01  2.92940848e-02
 -4.67419485e-03 -2.83436123e-02 -3.79113033e-02 -5.31627275e-02
  7.73485452e-02  9.73839834e-02  2.96818931e-02  1.03912633e-02
  5.99168688e-02 -2.74145920e-02 -5.18054180e-02 -4.68377173e-02
  6.92867115e-02  2.54701581e-02  9.87630412e-02 -4.08878028e-02]