[-1.02791116e-02  8.31353217e-02 -2.25839783e-02 -8.93754438e-02
 -1.00213587e-01  8.39175582e-02  5.58763649e-03  5.57298250e-02
 -3.82387228e-02  6.25508204e-02  6.06407560e-02  6.05714787e-03
 -4.79931496e-02  7.61007378e-03 -3.08676958e-02 -6.10305667e-02
  4.31544185e-02 -2.54099090e-02  1.18454108e-02  1.63221899e-02
  1.27666280e-01 -6.16157874e-02 -4.82800156e-02  2.35872855e-03
 -1.32641688e-01  2.15035453e-02 -6.12250343e-02  3.48725845e-03
 -2.89591793e-02 -3.02427653e-02 -2.60364953e-02  5.11839017e-02
 -1.53878517e-02 -5.79127157e-03  1.31022464e-02  1.60336252e-02
  2.65414473e-02 -5.81464618e-02 -1.25706652e-02  2.50934530e-02
 -2.15636268e-02 -4.40333821e-02 -7.10139498e-02 -1.17523976e-01
  1.48399547e-02 -2.58580931e-02  1.61724200e-03  6.11458020e-03
  7.84054399e-03 -4.39257845e-02 -9.66006219e-02 -1.93872005e-02
  3.98466587e-02  2.79903542e-02 -1.88202281e-02 -1.08524328e-02
 -1.34764584e-02 -2.02760883e-02  2.73822844e-02 -1.24074251e-03
 -1.06785446e-03  5.71948886e-02 -7.54645020e-02  7.71387899e-03
  2.20206343e-02 -1.22519553e-01 -1.74823385e-02 -6.44833641e-03
 -3.38599570e-02  5.89722209e-02  3.78445685e-02 -8.81033540e-02
 -8.02158006e-03 -3.49493511e-03 -2.98871547e-02  3.09301708e-02
 -6.44872934e-02  3.21959183e-02  7.89249167e-02 -1.45099908e-01
  2.08666567e-02 -2.71867961e-02 -1.50020402e-02  1.50013734e-02
 -4.43066992e-02 -7.85757452e-02  2.45478209e-02  6.16776012e-02
  7.91254938e-02 -1.20287742e-02  4.68047671e-02  5.72026856e-02
 -3.43482457e-02 -4.28541414e-02 -5.93788736e-02 -2.38176771e-02
 -3.34199108e-02  7.76620507e-02  8.19197893e-02  1.56258196e-02
  5.57456203e-02  2.51178406e-02 -1.20730493e-02  3.80358845e-02
 -1.03056356e-01  7.06696510e-02 -1.12113515e-02 -3.39362770e-03
 -1.18514374e-02  3.72357890e-02 -3.73188294e-02  3.75705622e-02
 -8.50543529e-02 -8.79881978e-02 -2.09277775e-02  9.97925699e-02
 -1.23793088e-01 -1.81084775e-04 -8.08262452e-03  1.77424531e-02
  5.91683574e-02 -7.48095475e-03  6.16164133e-03 -2.25662645e-02
  2.73224600e-02 -2.11856961e-02  5.70660606e-02  1.19484681e-32
 -9.46956687e-03 -1.06560424e-01 -8.92610382e-03 -3.92978126e-03
  4.71561737e-02  4.10093255e-02 -7.70626310e-03  8.29087943e-02
  3.80220823e-02  3.47821414e-02 -6.65278956e-02  2.91851591e-02
 -1.34544158e-02 -8.60699415e-02 -2.85505299e-02 -2.96397414e-02
  5.58223091e-02  5.30950688e-02 -3.25001590e-02 -2.87514031e-02
  3.98539975e-02 -4.13539335e-02  1.18647469e-02  7.74713745e-03
  5.77480253e-03  3.29181664e-02 -2.46175490e-02 -1.24593927e-02
 -1.05183646e-02  5.99776655e-02  5.63802011e-02  1.81274186e-03
 -5.95756248e-03  2.67648119e-02 -5.66602089e-02  1.30437519e-02
 -1.78841054e-02 -4.86333184e-02 -8.80984403e-03 -5.10753356e-02
 -4.58310768e-02 -2.43807270e-04  7.67744109e-02 -6.74651843e-03
 -2.34732870e-03 -5.60534478e-04  7.84838721e-02 -5.79007268e-02
  8.11697766e-02  1.22588947e-01 -5.72331473e-02 -2.79421117e-02
 -2.13595890e-02 -3.15456316e-02 -1.21331466e-02  3.88686098e-02
 -4.31423783e-02  5.64124025e-02 -1.75882000e-02 -3.37238796e-02
 -2.90642232e-02  2.15291753e-02 -9.84777883e-02  4.88504283e-02
 -2.67312601e-02 -7.96602890e-02  3.83756198e-02 -4.99349739e-03
  9.84521136e-02 -6.71174424e-03 -1.24532200e-01  1.65075548e-02
  5.21555729e-02  5.18566482e-02 -2.04494707e-02 -3.67052704e-02
  4.36071791e-02 -2.85311788e-02 -8.48909914e-02  5.55197820e-02
 -4.74228449e-02  9.20541491e-03 -3.08096893e-02 -6.23555854e-02
  7.46471807e-02  4.67765853e-02  7.46498704e-02 -1.85013618e-02
  1.53674083e-02  1.11332186e-01  6.34096237e-03 -5.37833897e-03
 -1.88611504e-02  8.57770965e-02  5.14360853e-02 -1.51814096e-32
  2.08249111e-02 -1.43749584e-02 -3.67211811e-02 -1.74732599e-02
  6.49816543e-02  6.20929338e-02  3.48944552e-02  1.04759671e-02
 -7.60714859e-02 -7.77040794e-02 -3.62900533e-02 -6.61702007e-02
  1.03481635e-01  2.89430078e-02 -7.70664960e-02  8.62826593e-03
 -5.13669699e-02 -4.08237204e-02 -6.15309812e-02  1.16117382e-02
  4.53789756e-02  1.27102852e-01  4.66001704e-02  2.34939884e-02
 -8.14294536e-03 -7.26546869e-02  2.43459828e-02 -3.96487676e-02
 -4.06537242e-02  7.71300644e-02  4.00689663e-03 -8.88032839e-02
 -6.65990412e-02  1.33807570e-01 -3.72723378e-02 -5.70218377e-02
  8.98413435e-02 -1.83560494e-02 -1.91543344e-02  1.18616559e-01
  3.36085148e-02  4.72628437e-02  5.05613610e-02  1.10823084e-02
 -3.11332662e-02 -4.47280556e-02 -3.28100100e-02 -1.17168687e-01
 -1.80688165e-02 -7.26696774e-02  2.96258628e-02 -2.35567018e-02
 -4.89669144e-02 -7.07248747e-02  6.85305819e-02 -4.53634076e-02
  3.81216733e-03 -7.66562894e-02 -1.31811470e-01  3.52221131e-02
  1.44027948e-01  4.37119082e-02 -3.21492143e-02  1.52172642e-02
  9.10004824e-02  3.03215859e-03 -6.58648014e-02 -1.35552697e-02
 -9.19397920e-03  2.20990814e-02  3.66125652e-03 -7.02005476e-02
 -7.39576742e-02 -3.13315988e-02  1.32529587e-02 -2.21067499e-02
 -5.47394678e-02 -3.63674611e-02 -6.18722960e-02 -1.07398946e-02
 -1.81193165e-02 -4.44443375e-02 -1.19251311e-02 -2.74610259e-02
 -5.59662804e-02  3.31623256e-02 -2.22616028e-02  3.05241290e-02
  2.64254566e-02  7.31425583e-02 -5.51927201e-02 -9.09836311e-03
  2.73081679e-02  1.69874579e-02 -1.79443900e-02 -6.14163653e-08
 -3.43946111e-03 -2.98181381e-02  3.34639288e-02  9.59307980e-03
  1.25568686e-02 -9.99633744e-02 -2.82443110e-02 -1.76544636e-02
 -2.63650753e-02  1.44917537e-02  1.24144189e-01 -4.25936840e-02
 -4.71388884e-02  4.81602596e-03  1.05973147e-02 -4.19250093e-02
  4.23748232e-02  6.37630224e-02 -4.30000797e-02 -6.55951649e-02
  6.27521500e-02 -4.12791297e-02 -2.94799414e-02  4.81890282e-03
  1.50228571e-02  1.09505942e-02 -3.58714797e-02  3.41640115e-02
 -2.37450209e-02  2.39831768e-02 -7.47521361e-03 -8.21302272e-03
  4.22067009e-02 -7.61056468e-02 -2.21589208e-02  3.55727272e-03
 -6.58962578e-02  3.30798887e-02 -3.07117216e-02  1.05491439e-02
  5.70682660e-02  2.22278070e-02 -3.33986841e-02  2.46664882e-02
  3.86504270e-02 -2.69841664e-02 -6.25488609e-02  5.51495841e-03
 -1.70975621e-03 -7.38011822e-02 -6.09515011e-02 -5.37427627e-02
  6.75182939e-02  4.74358955e-03  1.61423422e-02  3.93861607e-02
  5.92601746e-02  1.53121017e-02 -7.08229169e-02 -1.36370370e-02
  1.01172432e-01  7.01449215e-02  5.94913587e-03 -3.12546268e-02]