[-1.03847377e-01  1.48370247e-02 -5.33026159e-02 -4.62712348e-02
 -8.35890025e-02  1.40614035e-02 -1.37405805e-02  2.88988110e-02
 -1.80824883e-02  3.35566476e-02  1.23997867e-01  1.98141169e-02
 -1.00665510e-01  2.88652419e-03 -5.02574109e-02  3.06239482e-02
 -3.06970477e-02  4.12453013e-03 -3.89484428e-02  6.37947917e-02
  1.53542450e-02 -9.33429692e-03 -1.10216774e-02  4.18631025e-02
 -7.41970614e-02 -1.61159076e-02 -3.06125395e-02 -3.15439366e-02
 -1.07251264e-01 -4.24453802e-02  1.00684594e-02  5.65830171e-02
  2.93890815e-02 -4.90487590e-02  5.85748442e-02 -1.49511071e-02
 -3.38055827e-02 -3.90828289e-02  1.53825646e-02  8.94131809e-02
 -1.32888826e-02  3.04371659e-02 -6.69443384e-02  7.12623261e-03
 -2.14567967e-02 -4.48527262e-02  2.76673809e-02 -2.79486785e-03
  1.16983261e-02  2.54526511e-02 -1.03935115e-01  4.93866876e-02
 -7.94600323e-02 -8.64670239e-03 -6.72499388e-02 -4.29782048e-02
 -5.99583331e-03  6.97160466e-03  2.70131808e-02 -3.81991342e-02
  3.04415226e-02  4.67324024e-03 -6.83826953e-02 -1.98281626e-03
 -2.66230032e-02 -7.24255852e-03  4.25373800e-02 -6.32247552e-02
 -9.25022513e-02 -4.77852933e-02 -1.29099917e-02 -1.33953989e-01
  5.83323129e-02  3.55957425e-03 -8.54864419e-02  1.85657069e-02
  2.44638156e-02 -4.30387035e-02 -4.20873091e-02 -1.13046750e-01
 -1.87176336e-02 -1.38909016e-02  1.05425324e-02 -5.43206520e-02
  2.43798438e-02 -3.76109243e-03  4.01773825e-02 -2.37098355e-02
  7.79290870e-02 -3.69361532e-03  1.01178281e-01  5.67291193e-02
 -1.98300239e-02 -6.09824108e-03  4.84942719e-02 -5.21456264e-03
  2.82031968e-02  8.07626173e-02  5.30786105e-02  2.22184248e-02
  6.07138462e-02 -2.91910153e-02 -1.05463587e-01 -8.44794419e-03
 -1.37304232e-01 -2.83532739e-02 -1.35618765e-02 -5.18813543e-02
  9.09624472e-02  5.28877191e-02 -1.24416113e-01  4.16266657e-02
 -4.17985246e-02 -5.74154630e-02 -6.73170313e-02 -7.45283905e-03
 -4.82207257e-03 -1.68914925e-02  7.09367543e-02  7.12726712e-02
  8.84061307e-02 -1.65354256e-02 -6.22058706e-03  2.43745744e-02
  2.57902499e-02 -4.35071737e-02 -1.20233018e-02  7.36625886e-33
  3.05041689e-02 -3.63877602e-02  2.28332775e-03  5.59278354e-02
  7.73594379e-02 -2.58654878e-02 -1.10605292e-01 -1.36213948e-03
 -4.96657602e-02 -5.04609160e-02 -9.29461718e-02  2.57497150e-02
 -8.26251954e-02  3.33435158e-03 -6.18964434e-02  4.72162776e-02
 -3.30647379e-02 -7.88093507e-02 -6.12630602e-03 -1.65910684e-02
  1.98350474e-02  5.89800999e-02  4.78292443e-02  7.68324435e-02
  1.86685566e-02  5.11793941e-02 -2.52793301e-02  8.48427787e-03
 -3.21099423e-02  4.49970104e-02  3.10331583e-02 -7.26165548e-02
 -8.90365914e-02 -1.53912073e-02 -1.30868675e-02  7.86873177e-02
 -3.94110307e-02 -9.18845739e-03 -6.97047189e-02  2.17234949e-04
  5.99222403e-05  3.72615121e-02  6.45316485e-03  8.56355950e-02
  4.57488224e-02  4.70702117e-03  5.05012497e-02  2.71731727e-02
  1.59919873e-01  3.09652425e-02 -7.67719820e-02 -9.56204981e-02
 -6.75273612e-02 -2.48695631e-02 -2.48370152e-02  1.51213976e-02
 -9.48307291e-02  5.93220443e-03  4.94143479e-02 -2.87974179e-02
  7.30932876e-02  1.56056238e-02 -1.59391351e-02 -3.30173038e-02
 -5.86288869e-02  5.30827045e-02 -1.49006918e-02  5.46732023e-02
  1.36797026e-01 -5.63094355e-02 -4.17873338e-02 -1.42062632e-02
  8.39531124e-02  3.51996124e-02 -2.18681805e-02  5.32687381e-02
  5.56795001e-02  2.69490145e-02 -6.83946460e-02 -7.26788538e-03
 -4.92782891e-02  5.00998273e-03  5.86055815e-02  5.67114092e-02
  2.29870100e-02  5.60759827e-02  2.94247102e-02  4.08424400e-02
  3.60520966e-02  6.92503676e-02  2.55072676e-02  8.28044936e-02
 -4.43046540e-02 -4.73490320e-02  5.01995161e-02 -7.99365179e-33
  2.38262285e-02 -5.94575442e-02 -6.14182316e-02  6.57226816e-02
 -2.78773233e-02 -5.15743084e-02 -8.60787630e-02  8.92130286e-03
  7.08041266e-02 -1.16117790e-01 -2.86002029e-02 -6.32431209e-02
  7.73137808e-02 -3.33891958e-02 -3.55014279e-02  3.13801616e-02
 -1.53334811e-03  1.04366783e-02 -4.90194261e-02  9.99757089e-03
 -3.25016454e-02  4.52247486e-02 -2.62967534e-02 -1.95423681e-02
  1.04937004e-02  4.19389363e-03  9.00242827e-04 -4.83075827e-02
  6.16457837e-04 -3.70526090e-02 -6.78306632e-03  5.73709980e-03
 -3.57748456e-02  4.87962887e-02 -4.64303344e-02  1.51793035e-02
  6.58476055e-02  1.70594770e-02 -5.75639196e-02  1.08853936e-01
  7.80081525e-02  4.32090871e-02  7.44789988e-02  5.25803585e-03
 -2.04342511e-02 -5.55037297e-02 -6.73917010e-02 -3.19394730e-02
  6.45766221e-03  1.01244440e-02  1.03197686e-01 -2.15320736e-02
 -1.97426584e-02 -1.14619888e-01  6.07369132e-02  1.84243731e-02
  6.30072653e-02 -8.06636661e-02 -4.24203575e-02  3.52818333e-02
  6.99863583e-02  8.32040533e-02 -5.71918190e-02 -2.05177441e-02
  2.60760095e-02  4.72999960e-02 -2.03983113e-02 -1.94227323e-02
  6.39774799e-02  4.39846255e-02  4.36483659e-02 -6.64181784e-02
 -5.41386493e-02 -4.54750210e-02 -4.67524789e-02  2.27395017e-02
 -3.92457992e-02  3.54152508e-02  3.30135189e-02  4.87935580e-02
 -3.84321325e-02 -5.20325154e-02  3.16809379e-02  8.33154246e-02
 -1.19485212e-02  3.02405674e-02 -3.79447155e-02 -4.87074517e-02
  1.98955834e-03  1.39555708e-02 -1.16166389e-02 -2.44482718e-02
  9.94748995e-02  5.67600057e-02 -3.38897817e-02 -5.99664887e-08
  4.20435704e-02 -3.49846669e-02  2.81473529e-02  4.58450243e-02
  7.19397739e-02 -3.05303279e-02  5.81663698e-02  4.39353026e-02
  1.42436661e-02  7.51221329e-02  5.77088259e-02  3.51727121e-02
 -6.21313006e-02 -4.34175646e-03 -1.56716201e-02 -1.13393562e-02
 -5.14859939e-03  9.85729694e-02 -2.78024990e-02 -1.80530362e-02
  5.90352388e-03  4.08101715e-02 -2.24459334e-03 -5.45544587e-02
 -9.36520100e-03 -1.14344219e-02 -2.35239882e-02  7.48257041e-02
  2.39111390e-02 -4.23497073e-02 -5.24114780e-02  1.87496189e-02
  7.33012632e-02 -1.11619160e-01 -4.98489700e-02 -5.91486655e-02
  2.72409227e-02  1.68552424e-03 -6.22746460e-02  3.25662270e-02
  7.44704902e-02 -2.68308111e-02  1.94838308e-02  1.89295206e-02
  8.96900073e-02 -1.81326624e-02 -2.81866137e-02 -3.69638531e-03
  2.27204617e-02  2.19537634e-02  7.85863027e-02  5.17891087e-02
  5.45742773e-02  1.07397661e-01 -5.37082516e-02  1.41520612e-02
  4.19508480e-02 -2.20018886e-02 -1.75349861e-02 -3.61053161e-02
  2.21247207e-02  1.25152497e-02 -4.74853143e-02 -1.06169200e-02]