[ 3.87651250e-02 -2.95469258e-03 -3.73871177e-02 -8.76137335e-03
  9.42846818e-04 -2.48734448e-02  6.24836562e-03  8.37197304e-02
  6.98559498e-03  2.58527920e-02  4.66534123e-02 -1.17140077e-01
 -5.94332395e-03  3.39453965e-02 -1.95528697e-02 -3.73092555e-02
 -2.47357842e-02  5.40648140e-02 -4.33182418e-02  4.36026007e-02
  1.71430409e-01 -2.88227182e-02  3.61899100e-02  4.04067934e-02
 -7.62003334e-03  5.15393987e-02 -9.15613547e-02  4.94284593e-02
 -2.41055768e-02 -1.02840714e-01 -5.79702295e-02  1.07631169e-01
  1.69240922e-01 -1.18380100e-01 -3.25645832e-03 -6.08212175e-03
 -4.56328690e-02 -5.51524088e-02 -1.53097007e-02  9.13966671e-02
 -6.91873655e-02 -2.23584156e-02  5.18997237e-02  9.70778335e-03
 -6.64303973e-02 -7.14352503e-02  4.50488093e-04  2.19739210e-02
  4.20519002e-02 -1.11306980e-02 -1.26603479e-02  2.58861519e-02
 -7.20516741e-02  9.56236273e-02  1.31949112e-02 -5.15271574e-02
 -3.54229696e-02 -1.80889498e-02  9.48678236e-03 -5.33435866e-03
  3.46746929e-02  7.14654922e-02 -9.41736624e-02 -1.00361966e-01
  6.14711344e-02 -2.24630404e-02 -2.98396423e-02 -7.52449036e-02
 -5.89616895e-02  7.91744888e-02  6.27509579e-02 -3.19298869e-03
  3.39145586e-02  6.72777519e-02 -5.09777665e-02  7.19300061e-02
  2.55329963e-02  6.76968088e-03  9.10617586e-04 -8.82442296e-02
 -4.03372534e-02  3.34993452e-02  2.52976380e-02 -9.85740051e-02
  3.03700641e-02  2.14824080e-02  3.94743234e-02 -3.33874370e-03
  1.23541628e-03 -8.89975019e-03  7.40667880e-02  8.41362178e-02
 -9.89427269e-02 -2.11148262e-02 -5.00497408e-02  1.94901135e-02
 -3.28265177e-03  2.13030837e-02  6.32407889e-02 -2.37284787e-02
  7.73586035e-02  4.69472706e-02 -5.18342182e-02 -3.97124700e-02
 -7.30680302e-02  9.75692237e-04 -1.52430907e-02  5.49035780e-02
  4.53478061e-02  7.33326152e-02 -8.13818574e-02 -5.58644421e-02
 -3.71090276e-03  7.09881249e-04 -7.56249800e-02  2.87557766e-03
  3.24702170e-03 -3.91620817e-03 -6.33888245e-02  5.25826262e-03
  4.47096974e-02 -2.68672947e-02  1.10684104e-01 -4.55776975e-03
  3.59322950e-02 -8.58154297e-02 -5.69270998e-02  1.42750271e-32
  2.68079359e-02 -3.37021910e-02 -8.31277855e-03  4.04633507e-02
  2.71594096e-02 -1.55905867e-02 -1.01218157e-01  5.89958690e-02
  1.89878717e-02 -2.76341680e-02 -8.81730169e-02  5.14194332e-02
  7.00277137e-03 -1.93538610e-02  1.30818382e-01 -8.53583738e-02
  5.77452332e-02 -7.25239515e-02  1.86823700e-02  1.90038718e-02
 -8.46009031e-02  7.04743415e-02  3.95205133e-02  1.85590610e-02
  2.84260418e-02  9.09639895e-02  1.13572809e-03 -4.29286435e-02
 -1.09616958e-01  4.08590250e-02  5.28749339e-02  6.83578616e-03
 -9.01476964e-02 -1.39860706e-02 -2.09140871e-02 -4.72984426e-02
  5.39731905e-02 -5.49674500e-03 -8.52093250e-02  2.34160926e-02
 -3.56280170e-02  3.88600901e-02  7.59510845e-02  4.07550372e-02
  2.71883514e-02 -1.14085199e-02  3.28131765e-02  7.52054006e-02
  8.33136067e-02  5.59269302e-02 -4.41033170e-02  9.90176946e-03
  3.47200260e-02 -3.50373499e-02 -3.72728296e-02  4.01785187e-02
 -3.07273716e-02  3.25854383e-02  3.12300981e-03 -8.34198389e-03
  1.20116107e-03  5.07701263e-02  3.30024511e-02  1.80930700e-02
 -4.97416854e-02  2.62077861e-02 -9.18427557e-02  1.95085648e-02
  1.13720492e-01  4.55009900e-02 -5.29276915e-02 -1.28382270e-03
  1.79675352e-02  6.13044202e-02 -1.47120636e-02  3.01875882e-02
  4.16522995e-02 -6.88936263e-02  2.88597401e-02 -1.05891386e-02
 -5.60536459e-02  4.54259999e-02  1.38290850e-02 -7.32951090e-02
  1.47252134e-03  3.43111344e-02  2.67718248e-02  2.93101165e-02
 -3.27791553e-03  2.58379802e-02 -2.29176693e-02 -3.46647725e-02
  7.78831961e-03 -9.12858620e-02 -1.56799555e-02 -1.31295152e-32
  4.28352542e-02  2.75695976e-02 -3.72129381e-02  2.01422349e-02
 -7.83060305e-03  1.56154344e-02 -2.76953764e-02 -5.32729290e-02
  6.86159171e-03 -4.27459143e-02  2.50553992e-02 -2.69121937e-02
  5.50980233e-02 -8.53668749e-02 -1.26004098e-02  7.04506487e-02
 -7.68694803e-02  9.48387012e-03 -6.22568354e-02 -5.28077297e-02
 -7.36806765e-02  1.21376760e-01  9.89435823e-04 -2.19517909e-02
 -3.47029492e-02 -1.35768298e-02 -7.68318325e-02 -4.25927788e-02
  4.68330905e-02 -1.28387695e-03  4.15430963e-02 -4.46047112e-02
 -2.97325924e-02  5.52928587e-03 -3.79662849e-02 -3.47699672e-02
  7.13098347e-02  7.53443164e-04  2.81445775e-02  5.40010743e-02
  3.44597665e-03  2.63043493e-02  5.12204543e-02  1.52070704e-03
  2.03413218e-02 -1.07099287e-01  2.67518740e-02 -7.15551227e-02
  2.67421380e-02 -7.57164974e-03  7.35162422e-02 -6.21191598e-02
 -9.17812809e-02  1.02951769e-02  1.89074371e-02  1.17971830e-03
 -2.37804446e-02  1.34111363e-02 -1.00191861e-01 -1.07121114e-02
  9.55124386e-03  5.36340252e-02  4.05692644e-02 -3.86846736e-02
  9.03954133e-02  3.75271402e-02 -1.97337978e-02  6.20381571e-02
  6.89664185e-02  2.19795313e-02  6.42269179e-02 -1.68839283e-02
  9.17942077e-03 -8.13415460e-03  2.61805877e-02 -4.81867278e-03
  2.01661345e-02  3.85236815e-02  1.82340052e-02  1.73317548e-02
 -1.87069327e-02  1.63410995e-02 -2.03589052e-02 -3.45062241e-02
 -6.39743209e-02 -4.54121977e-02  2.55680941e-02  1.99544337e-02
 -1.44204190e-02  2.35884320e-02  4.78716148e-03 -2.97548203e-03
  9.92188081e-02  2.86645666e-02  7.73572251e-02 -5.98505920e-08
 -2.11725757e-02 -2.30823811e-02 -4.19113040e-02  2.16283947e-02
  6.98649734e-02 -2.20454410e-02 -2.78884284e-02 -3.67477797e-02
 -7.08141073e-04 -1.52456285e-02  2.23903847e-03  7.54712522e-02
 -4.76389974e-02  1.85675956e-02 -3.08755748e-02 -5.87385595e-02
  4.01419438e-02  1.14604920e-01 -5.62569164e-02 -2.02729441e-02
  2.63335346e-03 -1.50968973e-02 -4.63473313e-02 -1.26321092e-02
 -6.45004883e-02 -6.63723797e-02 -6.28992096e-02 -4.01347317e-02
 -1.56902019e-02  3.88990976e-02  1.05372118e-02  1.23261372e-02
  4.86239940e-02 -1.13330424e-01 -6.98398740e-04  2.20870115e-02
 -1.03772860e-02 -4.92654275e-04 -5.52041903e-02  6.65666088e-02
  8.96804854e-02 -1.59812585e-01 -4.78151031e-02  3.29921246e-02
  4.99878861e-02 -8.37910250e-02 -9.85351950e-02  4.91999388e-02
 -1.02717467e-02 -3.94524261e-02 -3.26669887e-02  4.10070159e-02
 -1.87465213e-02 -4.63245250e-02 -1.77905429e-02  2.03839075e-02
  1.01506822e-02 -1.96095984e-02  2.82208379e-02 -1.59430075e-02
  6.75509721e-02  1.72944255e-02  4.37196121e-02 -8.72915834e-02]