[ 1.56705249e-02  4.61113043e-02 -7.00442493e-02 -3.38790417e-02
 -5.91278337e-02  1.73320733e-02 -1.53847523e-02  7.93664083e-02
 -4.66509610e-02  3.22054736e-02  1.29573271e-01 -3.89798321e-02
 -3.01545896e-02  7.98582099e-03 -1.88220944e-02 -4.94660586e-02
  4.04261202e-02 -6.77407300e-03 -5.88909984e-02  4.40119058e-02
  9.39590260e-02 -3.73663753e-02 -6.90091327e-02  7.06527382e-02
 -1.08049959e-01  4.30043554e-03 -4.23691273e-02 -3.27397399e-02
 -7.98861608e-02  2.81136055e-02  1.35657145e-02  6.52685645e-04
  1.41862139e-01 -1.10499631e-03 -5.80483628e-03  2.26777345e-02
  5.87651022e-02 -2.17453521e-02 -3.77565287e-02  8.02968666e-02
 -8.07717964e-02 -3.29323262e-02 -1.05572596e-01 -5.45075685e-02
 -3.32097448e-02 -6.90031648e-02  5.36666326e-02  4.45781723e-02
 -3.40734050e-02 -5.52520528e-02 -5.84430248e-02  5.38018644e-02
 -5.04329912e-02 -9.07687470e-03  1.14898263e-02 -4.61131223e-02
 -9.12460499e-03 -1.82667300e-02 -2.22498868e-02 -1.62887275e-02
 -7.16833398e-02 -8.84548482e-03 -2.05504755e-03 -1.34709459e-02
 -2.58504003e-02 -3.54050919e-02 -8.62632506e-03 -1.89676825e-02
 -5.53846732e-02  3.46546695e-02  4.35496978e-02 -9.16789994e-02
  2.71390267e-02  4.90412600e-02 -1.97524037e-02  1.09360240e-01
 -5.49467420e-03  8.33592787e-02  2.02638544e-02 -1.57748595e-01
  6.73820497e-04 -2.94737164e-02  1.49276452e-02 -7.12986663e-02
  4.88789706e-03  2.84807179e-02 -1.00259306e-02  3.03551685e-02
  6.87108263e-02 -1.29737053e-02  2.85995509e-02  1.41413668e-02
 -4.82708253e-02 -3.64104845e-02  3.99979241e-02 -2.28121784e-03
 -1.74468774e-02 -9.76989195e-02  3.02967578e-02 -3.89751717e-02
  5.83091415e-02  8.67314544e-03  7.05968514e-02  2.30605006e-02
 -1.49761820e-02  2.17667781e-03 -1.96871813e-02  9.24162753e-03
  1.31726936e-02  1.16936028e-01 -7.57628530e-02 -4.61783670e-02
 -2.68195421e-02 -3.15981284e-02 -3.70261334e-02 -3.40350467e-04
 -2.81135011e-02 -3.65711711e-02  3.78067493e-02  3.33173089e-02
  5.69768585e-02 -3.27715017e-02  8.39155540e-03 -4.79231291e-02
  6.56411722e-02  1.33198118e-02 -2.42830049e-02  1.38512731e-32
 -2.70235874e-02 -8.04799646e-02 -3.35625187e-02  1.78940147e-02
 -5.02428226e-02  3.93321365e-03 -5.60232215e-02  9.50132981e-02
  3.75343189e-02  1.04556046e-02 -2.89957225e-02  1.73927881e-02
 -2.64966022e-03  2.58561820e-02  6.79685399e-02 -3.22202197e-03
  2.09736209e-02 -1.18653933e-02 -1.49345286e-02  1.66891143e-02
 -2.19764672e-02 -1.56213818e-02  7.24043250e-02  7.90706556e-03
  2.68685780e-02  2.69416831e-02 -6.30614087e-02 -4.50753756e-02
 -1.04360357e-02  2.10666172e-02  5.96058033e-02  3.06676282e-03
 -1.24522261e-02 -1.01609148e-01 -7.26161003e-02  1.32267671e-02
  3.42770629e-02  3.12014041e-03 -3.22882347e-02 -3.78746390e-02
 -5.71170598e-02  1.38426423e-02  9.95423123e-02 -7.25461170e-03
  3.46814841e-02  7.71886960e-04  9.10897031e-02 -1.84555203e-02
  5.09714037e-02  7.92555511e-02 -4.05492261e-02 -9.52555984e-02
 -3.93461324e-02 -4.05951366e-02  4.44589406e-02 -2.78852391e-03
 -9.53972414e-02  5.23419231e-02 -5.52923344e-02 -6.39417842e-02
  2.03966852e-02 -7.41470084e-02  3.30755371e-03  1.15007721e-03
 -3.22082266e-02 -3.01429778e-02  1.79434940e-02  7.57028759e-02
  8.16513821e-02  5.37637435e-02 -8.36191550e-02 -4.82600881e-03
 -6.85614049e-02  1.23221511e-02 -2.48708148e-02  9.00790002e-03
  1.26250952e-01 -2.14314703e-02 -8.83002281e-02  5.39767407e-02
  4.08211676e-03  2.64753811e-02 -4.85984422e-03 -3.87356281e-02
  1.27451196e-01  4.00926769e-02  1.23760533e-02  1.05241917e-01
 -3.32262032e-02 -1.81560013e-02  5.84956780e-02  7.29410499e-02
  9.18483548e-03 -1.78360008e-02  4.03466336e-02 -1.48707559e-32
 -4.55030054e-02  2.08960325e-02 -4.48645838e-02  1.24962935e-02
  4.41285633e-02 -8.40202346e-03 -6.14699498e-02 -7.52914138e-03
 -7.72433728e-02 -1.60878941e-01 -1.11792877e-01 -8.27873349e-02
  1.37731910e-01  6.54157484e-03 -1.23898312e-01 -7.14736897e-03
 -5.45614474e-02 -4.49893810e-02  6.50839601e-03  1.32054258e-02
 -2.16174889e-02  7.86100850e-02  8.59374478e-02 -1.80208888e-02
  3.07564461e-03 -1.63578205e-02 -2.63777580e-02  2.06344035e-02
 -7.27778599e-02 -3.78791913e-02  5.92198484e-02  3.67458351e-02
 -3.92241105e-02  1.07492857e-01 -5.04224040e-02 -5.94462752e-02
  4.06711027e-02  5.45603856e-02 -3.61324549e-02  5.70349917e-02
  5.34882694e-02  5.19697256e-02 -2.07221210e-02 -2.68866327e-02
 -7.78468624e-02  2.12977082e-02  3.82840773e-03 -7.77803734e-02
  2.38550063e-02 -7.08929077e-02  4.99757119e-02 -6.29051328e-02
 -2.25693546e-02 -1.29822707e-02  5.00618070e-02 -8.03187639e-02
  3.43997627e-02 -6.82467446e-02 -7.05092177e-02 -3.27358544e-02
  5.02057225e-02  5.88900708e-02 -1.03779338e-01  9.25453380e-03
  2.32742056e-02  1.35975499e-02 -1.68594643e-02  2.07201727e-02
 -4.19623516e-02  1.92546472e-03  3.35002467e-02 -7.30469003e-02
 -8.63031521e-02  9.11310688e-03 -4.00148034e-02 -3.00575290e-02
 -7.24594966e-02 -3.53584741e-03  6.38285792e-03  7.18703941e-02
 -4.95269150e-02 -8.52411389e-02 -1.42032336e-02  3.53585854e-02
 -6.93444982e-02  1.71967316e-02 -6.15976900e-02  7.35860923e-03
  5.38288765e-02  5.77823892e-02 -6.71114074e-03  5.28557301e-02
  5.12474030e-02  1.05285528e-03 -2.16288231e-02 -7.08239156e-08
  5.86893670e-02 -2.30745366e-03  6.44904971e-02 -1.22101624e-02
  2.60702241e-02 -2.43875347e-02 -3.38959284e-02 -5.68828254e-04
  2.75575202e-02  8.78522843e-02 -9.80074611e-03  1.28961802e-02
 -8.51216447e-03  5.98006044e-03  1.24056349e-02 -7.62353987e-02
  7.63870180e-02  6.61148503e-02 -8.35329015e-03 -5.60442870e-03
  2.33370867e-02 -3.62720340e-02 -7.11045563e-02  3.34057249e-02
  6.85700700e-02 -5.53458370e-02 -5.84336333e-02  1.53022176e-02
  3.13012372e-03 -6.50249282e-03  4.24603320e-04 -5.59468940e-02
  7.52732530e-02 -3.82768922e-02 -3.38091105e-02 -9.92737263e-02
 -1.02470471e-02  1.88154280e-02 -4.33439761e-02 -1.43220564e-02
  1.67045981e-01 -2.48635728e-02  2.82019395e-02 -2.58035846e-02
 -3.94362444e-03  2.00159866e-02 -4.27624583e-02  4.25387546e-02
  1.98693406e-02  5.67319337e-03 -6.55727368e-03  7.42274374e-02
  5.63354604e-02  6.07100502e-02  1.97001896e-03 -4.20600921e-02
  6.75904527e-02  2.63817329e-03 -1.48250787e-02  2.96814349e-02
  4.23016399e-02  6.23121075e-02 -3.09445411e-02 -2.88904049e-02]