[-6.46467954e-02 -1.06903957e-02 -6.76768348e-02 -8.59840140e-02
  1.07006179e-02 -2.05462873e-02  1.06709516e-02  1.18820213e-01
 -2.79388446e-02  8.21615905e-02  9.71912518e-02 -1.35806983e-03
 -2.68186387e-02  4.74379323e-02  8.73186905e-03 -3.49453501e-02
  1.09883649e-02  3.07436790e-02  4.41640914e-05  5.32478280e-02
  1.14922807e-01 -6.83565512e-02 -2.17137057e-02  4.99030612e-02
 -3.44183855e-02  2.55179480e-02 -1.56681370e-02  6.55335858e-02
 -1.29508357e-02 -5.29023483e-02 -1.26420464e-02  1.10451758e-01
  1.39955103e-01 -3.13931070e-02  3.64603736e-02  1.32256113e-02
  4.05169912e-02 -3.88649926e-02 -7.74212405e-02  7.36056045e-02
 -8.16151351e-02 -2.18305066e-02 -1.49219902e-02 -6.89956844e-02
 -2.49924902e-02 -1.72250085e-02  4.24613170e-02  6.53618574e-02
 -3.01172771e-02 -5.98929040e-02 -2.23789532e-02 -2.98784431e-02
 -6.14901520e-02 -1.96948610e-02 -6.72271177e-02 -9.97713134e-02
 -7.84976128e-03 -3.95246316e-03 -1.51009047e-02 -1.00851180e-02
 -2.18102615e-02  6.71804557e-03 -9.44816545e-02  1.75485741e-02
  5.53684728e-03  2.27465946e-02 -4.03595045e-02 -7.39128813e-02
  1.74097642e-02  8.41991138e-03  9.52994004e-02 -7.45305493e-02
  8.85516331e-02 -5.07163107e-02 -6.77527115e-02  7.02999383e-02
  7.69653991e-02  6.22655265e-02 -1.11648194e-01 -2.07927525e-01
  4.00584899e-02  4.03266065e-02  1.24065476e-02 -9.77985635e-02
  2.89383400e-02  2.62478963e-02 -6.96391147e-03  8.06364194e-02
  7.49106854e-02  2.32940596e-02  3.26138735e-02  9.70620587e-02
 -5.60379997e-02 -6.82801753e-02 -2.80269645e-02  5.23878485e-02
  1.98866166e-02 -1.22865103e-02  6.72431514e-02 -3.21245845e-03
  8.55897218e-02 -3.36322263e-02 -2.42907517e-02 -2.17824951e-02
  2.06779465e-02  4.47775587e-04 -2.02897433e-02 -2.74528973e-02
 -1.07148178e-02  3.26743536e-02 -1.10294379e-01 -2.94261966e-02
 -2.54035983e-02 -2.92555019e-02 -5.64702339e-02 -6.86144680e-02
  1.06970803e-03 -5.20812124e-02  4.45399657e-02 -1.64592043e-02
  6.48965091e-02 -5.47922440e-02  8.96910802e-02 -6.57511428e-02
  8.97464156e-02  1.98760349e-03 -1.10687707e-02  1.12319014e-32
 -6.99645728e-02  1.48285590e-02 -4.33201380e-02 -1.82733387e-02
 -9.83183924e-03  2.08021030e-02 -5.10272086e-02  1.38682462e-02
  2.37493496e-02  1.31585961e-02 -2.75339670e-02  9.07267854e-02
  7.52740633e-03 -1.54568965e-03  1.03316218e-01 -2.87510101e-02
  7.77370334e-02 -2.95614731e-03 -3.84245925e-02 -4.83615547e-02
 -6.12419061e-02 -1.28648622e-04 -1.10898288e-02 -2.97773276e-02
  1.46296723e-02  1.07487321e-01 -1.89033616e-02  1.39827458e-02
 -9.24144015e-02  2.91505847e-02  9.88139138e-02  3.07036992e-02
 -9.75027774e-03 -2.03239284e-02 -1.26083912e-02  1.47660160e-02
  1.18714077e-02 -3.83254290e-02 -3.62887420e-02 -4.12862822e-02
 -2.04365738e-02 -2.62735505e-02 -3.45507190e-02  6.93418831e-02
  1.16162166e-01 -1.11118339e-01 -8.32535501e-04  9.71471425e-03
  9.36336890e-02  1.10995565e-02  1.64411422e-02 -2.45139096e-02
  5.10025537e-03 -8.32146779e-02 -3.27757932e-02  2.22178642e-02
 -1.02860972e-01  3.15982550e-02 -1.23052951e-02 -3.92868333e-02
 -4.33271192e-03  8.87406059e-03 -3.27961221e-02  2.73355581e-02
 -4.77077998e-02 -5.35884611e-02  3.57040763e-02  1.17960470e-02
  8.18949640e-02  6.65336028e-02 -4.29356173e-02 -6.85162470e-02
 -5.87487482e-02 -2.07036026e-02  5.63767254e-02 -2.30405033e-02
  7.37030804e-02  3.22042368e-02 -4.71068025e-02  4.19534892e-02
 -3.34744342e-02 -4.59976401e-03 -5.29747568e-02 -1.88452639e-02
  6.63711652e-02  7.52885938e-02  2.74340864e-02  6.45406023e-02
  1.69732682e-02 -7.91101158e-03  6.08357154e-02  2.32548788e-02
 -2.96308356e-03 -2.68739853e-02  7.12618083e-02 -1.28901963e-32
  6.57362305e-03  4.32398915e-02 -4.35606800e-02 -4.75333892e-02
 -3.26498039e-02 -4.84916009e-02 -5.92003837e-02 -3.87367420e-02
 -5.08364327e-02 -1.59296200e-01 -4.78083305e-02 -7.91940615e-02
  6.12799525e-02 -7.56639466e-02 -7.31499568e-02  2.18609646e-02
 -2.80578714e-02 -4.63082828e-02 -2.72261985e-02 -6.19159406e-03
 -2.05845479e-02  7.73236305e-02  9.46305133e-03 -4.09644991e-02
 -1.74842207e-04 -5.26713319e-02 -5.20270020e-02  5.95837943e-02
 -1.31235458e-02  4.09555249e-03  3.65432315e-02  5.15480712e-03
  1.66604889e-03  8.48819762e-02  1.53913628e-02 -4.85934988e-02
  8.46879035e-02 -2.06534117e-02 -1.32510820e-02  5.88360466e-02
  1.93840396e-02  8.74037370e-02  5.33770882e-02 -5.80076464e-02
 -7.68359154e-02 -2.94299722e-02 -3.83185744e-02 -6.50776103e-02
 -8.23200971e-04 -6.42580539e-02  8.28301087e-02 -5.04016429e-02
  1.13206217e-03 -4.53975946e-02  3.94288674e-02 -1.98634062e-03
 -2.80204453e-02 -3.05721611e-02 -3.52597795e-02  6.10859767e-02
  1.03531629e-01  2.88396627e-02 -4.03112955e-02 -3.68947834e-02
  6.55231178e-02 -2.29856558e-02 -3.94136906e-02  4.43517156e-02
  7.96851888e-03  2.08432623e-03  3.49828936e-02 -2.51243524e-02
 -1.03458188e-01 -2.21027806e-03 -4.43964973e-02 -3.82872559e-02
 -2.54713446e-02  1.93474032e-02 -6.62880912e-02  1.60405450e-02
 -3.40967029e-02 -1.45015148e-02 -3.08995582e-02  2.93069612e-02
 -5.06111756e-02 -1.93847865e-02 -2.38901842e-02 -2.61570942e-02
  1.32234376e-02  7.21741188e-03  4.97971550e-02  5.78118227e-02
  7.88275525e-02  1.15879968e-01 -3.51385120e-03 -6.01258421e-08
 -2.89207883e-03 -3.38961035e-02  7.70883858e-02 -2.50260141e-02
  6.65436387e-02 -2.16400847e-02 -4.55474574e-03 -4.72856201e-02
 -3.60871181e-02 -2.19765194e-02 -2.11393181e-02 -9.47913807e-03
 -7.87022803e-03  4.93247323e-02  9.15704528e-04 -3.08986697e-02
  5.52229770e-02  1.87283717e-02 -4.04835939e-02  8.43946822e-03
  7.81135187e-02 -2.29230989e-02 -8.36051181e-02  8.60883016e-03
  8.24911869e-04  2.59400439e-02 -1.37152839e-02 -2.77521275e-02
 -2.74024215e-02  1.49225052e-02  7.80270901e-04  2.93383840e-03
  1.01770736e-01 -2.18594130e-02 -2.36659236e-02 -8.47175065e-03
  3.69014554e-02 -4.20858618e-03 -3.77818719e-02 -7.72583410e-02
  1.52195841e-01 -1.10609112e-02 -3.31742279e-02  8.54392070e-03
 -3.34185772e-02 -4.27285656e-02 -4.02313024e-02 -5.39774783e-02
 -5.07899349e-05 -2.74862386e-02 -9.12745018e-03  4.28966098e-02
 -5.64342225e-03  5.76117402e-03  2.44663693e-02 -5.78738190e-02
  7.26475939e-02  5.45180868e-03  3.18113230e-02 -1.26947667e-02
  6.48405179e-02  8.11049193e-02  2.69065835e-02 -3.47348899e-02]