[-7.23616928e-02  4.91712801e-02 -9.23346449e-03 -2.56737508e-02
 -7.51517341e-02  2.24938765e-02  1.47157377e-02  6.24440201e-02
 -3.93838063e-02  2.08531655e-02  8.61132517e-02 -7.83789232e-02
 -5.70471659e-02  2.84920558e-02 -7.45570734e-02 -1.72281265e-02
 -7.41534755e-02 -4.07323539e-02 -1.35432566e-02  6.94960505e-02
  3.63675728e-02 -3.83507982e-02 -2.93289665e-02  4.36729901e-02
 -4.15002480e-02 -3.94663252e-02 -4.45762910e-02  5.08328862e-02
 -6.13530166e-02 -3.21686603e-02 -2.33355258e-02  6.78512603e-02
  1.16155772e-02 -4.99367453e-02  7.15151429e-02 -4.65603434e-02
 -3.54060829e-02 -3.14491652e-02 -1.31925046e-02  1.82215068e-02
 -1.59707256e-02  5.92595432e-03 -2.22726874e-02 -8.78522173e-03
  3.78512777e-04 -2.97032595e-02  6.02121204e-02  3.84651348e-02
  3.20089944e-02 -2.17586700e-02 -9.59450379e-02  6.29733130e-02
 -4.87756357e-02 -4.40042019e-02 -3.33436988e-02  9.02869459e-03
  2.85165627e-02  2.17161551e-02  3.93188521e-02 -5.09174317e-02
  4.20337655e-02 -2.32888181e-02 -1.02958545e-01 -1.05855847e-02
 -1.42630146e-04 -4.15393040e-02  2.20579877e-02 -5.06346188e-02
 -1.04611106e-01  7.27141351e-02  8.08355585e-02 -1.14970863e-01
  9.24924016e-03 -1.39540089e-02 -7.34053552e-03  4.90804426e-02
  2.46788114e-02 -1.53130647e-02 -3.62207405e-02 -1.16217569e-01
  1.69728752e-02 -6.02835193e-02  1.51209645e-02 -7.48459548e-02
  6.44134432e-02 -5.13294898e-02  1.40856728e-02 -1.95789021e-02
  4.79430817e-02  1.28745129e-02  2.08819248e-02  7.94629455e-02
 -8.93051028e-02 -1.34784598e-02  3.59688625e-02  3.88062745e-02
  3.06766555e-02  3.48850265e-02  4.91910353e-02  2.77679749e-02
  8.06951523e-02  2.54136324e-02 -7.74664357e-02  5.79889119e-02
 -9.30057541e-02  6.98663592e-02 -1.86775569e-02  3.48058641e-02
 -8.14891979e-03  4.50023338e-02 -5.68531416e-02  4.12944518e-03
 -4.03677635e-02 -5.94973043e-02 -1.06294237e-01 -5.76435262e-03
 -3.42263505e-02 -4.02557179e-02  5.71491458e-02  6.71410784e-02
  2.85048764e-02 -1.77353397e-02 -6.11243956e-02  2.36288607e-02
  6.42156973e-02 -5.05701415e-02  6.23040944e-02  7.51062499e-33
  2.46178079e-02 -1.31063052e-02 -2.52739638e-02 -6.97972439e-03
  9.77631807e-02 -2.72991378e-02 -7.04758242e-02  1.75730474e-02
 -2.11287607e-02  1.42244725e-02 -5.71185984e-02 -1.28904227e-02
 -8.10631514e-02 -9.40329283e-02  6.04983829e-02  1.75496303e-02
  8.40042997e-03 -1.12712257e-01 -3.99372503e-02 -3.52935717e-02
 -3.02510113e-02  6.85309917e-02  3.65900481e-03  3.36570516e-02
  1.41623914e-02  5.82167171e-02 -1.82595141e-02 -7.57382810e-03
 -7.85921738e-02  4.24009375e-02 -1.46257225e-02 -1.89298186e-02
 -3.26831974e-02 -1.00628408e-02 -4.31456184e-03 -9.03412141e-03
 -5.48790991e-02 -1.48848817e-02 -9.85106900e-02  2.85835154e-02
 -2.53568273e-02  2.89593562e-02  1.45084979e-02  8.80863145e-03
 -2.63873721e-03 -7.00951694e-03 -1.40091293e-02  4.42022905e-02
  1.33732080e-01  9.00077820e-02 -3.26725505e-02 -7.10036904e-02
 -5.44744432e-02 -1.20392749e-02 -6.80335274e-04  3.56015749e-02
 -1.13902755e-01 -3.64766233e-02  2.83913575e-02 -3.97946239e-02
  6.85641840e-02 -2.29568332e-02 -2.27825437e-02 -3.09728272e-03
 -6.10031113e-02  2.80634388e-02  4.02806476e-02  8.06029979e-03
  9.46212038e-02  2.01351456e-02 -6.18927777e-02 -4.64884192e-02
  6.26605973e-02  1.74274482e-02 -6.76245335e-03  7.19015673e-02
  9.37013701e-03 -2.22250056e-02 -7.65175298e-02 -1.08037004e-02
 -6.86694607e-02  4.32913639e-02  3.56000438e-02  2.49003228e-02
  6.43053874e-02  5.12179919e-02 -8.93565477e-04  2.12082919e-02
  3.75134125e-02  7.77775794e-02  1.85898915e-02  7.48633444e-02
  4.50981315e-03 -7.08499849e-02 -6.29601954e-03 -7.15651761e-33
  2.39460543e-02  3.04164458e-02 -3.30765247e-02  4.84161749e-02
 -2.90544350e-02 -3.38552669e-02 -2.70411912e-02  1.94602855e-03
  8.77287909e-02 -6.87255859e-02 -4.42305058e-02 -1.42995291e-03
  8.76478255e-02 -6.71275556e-02 -6.98019788e-02  6.02549538e-02
 -1.92183796e-02 -2.27141790e-02 -6.87311515e-02 -2.41433140e-02
 -2.99936458e-02  4.23099324e-02 -1.76006984e-02  1.13598974e-02
 -1.01153469e-02 -4.23945896e-02  3.38764563e-02 -3.17090843e-03
 -3.74112241e-02 -7.04081263e-04  2.16006814e-03 -4.50341441e-02
  2.46459357e-02  6.02335855e-02 -8.37865472e-03  7.77464956e-02
  1.17525861e-01 -1.48594622e-02 -8.54929537e-02  1.85949564e-01
  2.83548739e-02  8.28879997e-02  1.66667458e-02 -3.06755472e-02
  7.59322429e-03 -1.42351408e-02 -1.83097292e-02 -5.16472273e-02
 -7.34895794e-03 -1.85805280e-02  1.62883446e-01  3.68305086e-03
 -1.42578036e-02 -5.29622734e-02  4.05245610e-02 -3.05874236e-02
  6.75486475e-02 -4.50354591e-02 -2.30433941e-02  7.72323133e-03
  1.18839622e-01  7.48593360e-02 -8.85322019e-02 -8.54612980e-03
  7.24827498e-02  2.52823681e-02 -5.87063283e-02 -2.01688129e-02
  3.17993723e-02  7.09665567e-02  1.49405999e-02 -7.67921805e-02
 -6.02662712e-02  1.21572670e-02 -6.16880022e-02  1.01565914e-02
 -2.87939198e-02  6.40394911e-02  6.89684004e-02  3.33485641e-02
 -1.68322213e-02 -3.58986072e-02  3.71357203e-02  8.88640732e-02
  6.94405381e-03 -1.63840633e-02 -7.02692270e-02 -3.27913240e-02
  3.86719815e-02  2.95671020e-02  3.64565067e-02  2.20033377e-02
  1.02156691e-01  5.81767317e-03 -5.45032509e-02 -6.06077037e-08
  8.28995854e-02 -3.39506306e-02 -7.99393505e-02  4.33206139e-03
  6.35987148e-02 -2.28214357e-02  6.87628090e-02 -1.62293166e-02
 -9.69009660e-03  9.87293124e-02  7.59064779e-02  1.43302316e-02
 -2.86072120e-02 -6.35016756e-03 -5.08661568e-02  6.46270253e-03
 -2.67119287e-03  7.60482699e-02 -6.36385009e-02 -5.15870415e-02
  5.40296324e-02  5.82035519e-02 -1.12101324e-01 -3.03647052e-02
 -1.88585483e-02 -2.15631723e-02 -6.26522377e-02  3.24077234e-02
 -4.78594145e-03 -2.52052881e-02 -5.58191389e-02  1.77826360e-02
  1.08164318e-01 -9.88766402e-02 -3.58098298e-02  1.59717370e-02
  5.19775003e-02  2.09270343e-02 -2.74137836e-02  2.58722901e-02
  7.06028342e-02  1.36425695e-03 -1.95321776e-02 -1.59323681e-02
  4.74598408e-02 -3.24856825e-02  6.27574837e-03 -1.29424836e-02
 -1.40728997e-02  5.86831793e-02  4.97877933e-02  4.98923399e-02
  2.44840514e-02  9.48081538e-02 -2.50325911e-02 -4.55420949e-02
 -9.43131046e-04  1.66450869e-02 -2.85354815e-02 -6.45440891e-02
  1.09217942e-01  1.19421855e-01 -2.56448835e-02 -2.52958201e-02]