[-6.33749962e-02  3.62394154e-02 -2.82229520e-02 -3.71778831e-02
 -4.96237539e-02 -5.29049225e-02  3.29715051e-02  9.27457809e-02
 -3.58159561e-03  7.87700936e-02  2.34230068e-02  1.11902570e-02
 -2.19127052e-02  3.31482142e-02  8.15182272e-03 -4.52139713e-02
 -3.08137145e-02 -2.18141098e-02 -2.71485094e-02  1.93565004e-02
  1.69551596e-01 -2.86966041e-02 -6.19661920e-02  1.14720827e-02
 -6.09960519e-02 -3.96434637e-03 -3.45036238e-02 -2.04133801e-02
 -5.18839248e-02 -3.08628883e-02 -8.13816488e-02  2.45134458e-02
  3.12776864e-02  2.79968046e-03 -6.17140681e-02  4.65538278e-02
  7.40557164e-02 -3.57438885e-02 -5.29939448e-03  5.31375296e-02
 -5.97303472e-02 -2.25754362e-02 -8.85837525e-02 -2.98588462e-02
 -2.14181002e-02 -3.06268968e-02  1.95250269e-02 -9.47370101e-03
 -5.25157601e-02 -3.06183044e-02 -3.61492485e-02  2.42980402e-02
 -2.96751428e-02  6.12174682e-02 -3.87391401e-03 -4.45577614e-02
 -1.61224995e-02  1.30701000e-02 -5.50946081e-03  3.77470292e-02
 -1.73478182e-02  3.55036519e-02 -1.23588257e-02 -2.10718531e-02
  8.36885199e-02  2.67110150e-02 -5.65742999e-02 -2.75411345e-02
 -3.17927673e-02 -1.64325647e-02 -2.46576555e-02 -7.28016794e-02
  1.00793839e-02  6.20157383e-02 -5.69607094e-02  3.06124538e-02
 -5.80304768e-03  1.81178432e-02 -1.21476604e-02 -7.02889487e-02
  2.46171597e-02  2.87196524e-02 -4.09344677e-03  2.57965666e-03
  2.25517973e-02 -2.50551589e-02 -1.90767366e-02  3.99345048e-02
  7.03183785e-02  3.27339806e-02  2.79393680e-02  5.75810000e-02
 -4.08493727e-02 -1.24560051e-01 -4.38584480e-03 -5.63491089e-03
 -3.02790087e-02 -3.87008451e-02  1.50889922e-02 -2.48147622e-02
  6.90847859e-02  5.15981810e-04  3.18651609e-02  2.44899606e-03
 -6.70042261e-02 -5.10824332e-03  3.33027798e-03 -4.40691784e-02
  2.28176359e-02  7.37653598e-02 -1.10271879e-01 -4.83496524e-02
 -1.10810451e-01 -7.44592026e-02 -7.89251402e-02 -3.49357948e-02
 -6.15295768e-02 -5.56388460e-02  1.74965267e-03 -3.33314463e-02
 -6.06681779e-03 -3.75131406e-02  5.49943745e-02 -4.29843292e-02
  5.65216988e-02 -1.90494936e-02  6.94904178e-02  1.03980998e-32
 -4.02660929e-02  3.57988551e-02 -2.25740373e-02  6.37987107e-02
 -3.80904563e-02  8.39144140e-02 -3.09437811e-02  3.23710069e-02
  7.37150833e-02  2.95783877e-02 -6.58057407e-02  3.60681675e-02
  2.78354399e-02 -5.32377288e-02  9.97331515e-02 -2.54731048e-02
  4.49131131e-02  2.12016180e-02  1.59812886e-02  4.41177934e-02
  1.08518405e-02  2.53620911e-02  1.28399488e-02 -3.36487256e-02
  1.48617253e-02  1.49604706e-02 -8.96836743e-02 -1.72486585e-02
 -7.80887604e-02  3.09280325e-02  7.97250941e-02  2.60411669e-02
  3.30496579e-03 -6.00138642e-02 -4.15625572e-02 -5.62976971e-02
  2.28459984e-02  1.24747213e-02 -2.47057304e-02 -1.01478130e-01
 -3.83564904e-02 -4.08320455e-03  2.89091934e-02  1.10580243e-01
  8.33274517e-03 -5.09935804e-02  2.03109235e-02 -3.06031909e-02
  1.22332834e-01  6.86220974e-02 -5.04332259e-02 -9.42098070e-03
  1.23411361e-02 -9.30928588e-02  5.38830273e-02  4.11502384e-02
 -2.41782852e-02  1.83847621e-02 -1.55460723e-02 -2.57448363e-03
  1.43004330e-02 -6.22850396e-02 -3.06950007e-02 -4.91443947e-02
  3.39827053e-02 -2.33605783e-02 -1.91161279e-02 -2.51376331e-02
  1.48819774e-01 -1.89140497e-03 -5.38560636e-02  4.33114432e-02
  1.04784258e-02  7.81749114e-02 -8.42196308e-03  4.05320637e-02
  6.40394688e-02  4.38963585e-02 -6.98092952e-02  2.34006420e-02
 -2.36293320e-02 -3.72657087e-03  5.71184680e-02  8.30278732e-03
  1.24956235e-01  3.14351618e-02  2.38808598e-02 -8.44447315e-03
 -2.00946797e-02  7.81171918e-02 -7.47189799e-04  5.35479113e-02
 -6.79575428e-02  2.53228266e-02  4.15011197e-02 -1.26147089e-32
  6.19788282e-03  3.93986069e-02 -1.01796217e-01 -1.96456648e-02
 -4.50774655e-02 -1.77136455e-02  1.85234584e-02 -1.67047475e-02
 -2.68133618e-02 -2.77468693e-02 -7.57036824e-03 -1.43064708e-01
  8.36193711e-02 -3.33016813e-02 -8.55513141e-02  3.23209073e-03
 -8.93348381e-02 -5.29708266e-02 -1.33295758e-02 -2.67317742e-02
 -7.17128045e-04  5.21228313e-02  3.06299739e-02  2.89684115e-03
  1.32732661e-02  3.76346614e-03 -6.19888194e-02 -5.43864816e-02
 -6.43280298e-02 -4.62727062e-02  4.30700742e-02 -2.22980008e-02
  6.34002686e-02  1.31616682e-01 -3.23622040e-02 -4.32179086e-02
  4.27809395e-02  5.00583351e-02  9.09684505e-03  8.23966935e-02
  8.85912254e-02  1.02108806e-01  3.41596417e-02 -5.07987477e-02
 -8.43805671e-02 -5.04693575e-02  1.12896282e-02 -9.85811129e-02
 -1.53963855e-02 -1.31058425e-01  1.26867071e-01 -8.57045352e-02
 -2.60308310e-02 -1.82590168e-02  5.45517169e-02  6.57520071e-02
  1.88986678e-02 -6.93884864e-02 -1.02003083e-01 -5.78338047e-03
  9.09624621e-02  1.66235864e-02 -6.81966031e-03 -2.24623131e-03
  8.01713839e-02 -3.40300091e-02  1.20114218e-02  3.14800367e-02
  3.27159427e-02  2.66259760e-02 -2.27275789e-02 -1.35588899e-01
  1.74327232e-02 -3.40710059e-02  6.66464418e-02 -4.45776060e-02
  3.43353534e-03  1.31368274e-02 -4.83013093e-02  6.29866542e-03
 -1.07639872e-01  5.48410555e-03 -1.01643227e-01 -6.86470792e-02
 -1.09961666e-02  1.82154849e-02  3.85823660e-02 -5.00382520e-02
  2.47500744e-02  8.16008225e-02 -9.73156393e-02  6.62008002e-02
 -1.35809220e-02  6.67548925e-02 -1.95775442e-02 -6.01100112e-08
  4.09896970e-02 -5.70528116e-03  3.32573839e-02  3.27303670e-02
  2.52787396e-02 -5.27700074e-02  1.87536385e-02 -1.37270922e-02
  1.38509059e-02  4.77958843e-02 -2.92151645e-02 -2.60771383e-02
 -6.01523742e-02 -1.70653146e-02  5.08589074e-02 -4.02691662e-02
  3.68008651e-02  4.79626060e-02 -5.27919531e-02 -7.17330799e-02
  8.13325942e-02 -9.29230079e-02 -9.90552828e-02  7.21952179e-03
  6.58610761e-02 -3.67482635e-03 -5.35232127e-02  1.20474063e-02
 -2.18344107e-03  5.20620756e-02 -2.47036014e-02 -1.83191299e-02
 -9.83672217e-03 -6.90146536e-02 -6.39178753e-02 -1.09552350e-02
  1.30762812e-03  9.66532249e-03 -4.34951149e-02  5.78097999e-02
  8.77424479e-02  2.47657597e-02 -3.63416262e-02  4.56225537e-02
  5.42576686e-02  6.24620961e-03 -7.55142868e-02  1.04485914e-01
 -6.44790428e-03 -4.92778085e-02 -4.31232415e-02 -2.36658677e-02
  3.51123996e-02  1.14921173e-02 -2.79596206e-02 -5.58125861e-02
  9.46863666e-02 -3.82028800e-03 -1.91531666e-02 -4.06880938e-02
  2.86727697e-02  8.17506835e-02  2.59631267e-03 -4.83055525e-02]