[-9.06450301e-03  6.16599992e-02 -3.47512886e-02 -8.20222348e-02
 -8.92326534e-02  2.16937177e-02 -6.98941527e-03  8.93880501e-02
  3.09302919e-02  1.00762643e-01  1.28723402e-02 -6.18663840e-02
 -4.84010093e-02  2.09727604e-02 -2.67560259e-02 -1.75150633e-02
  8.21643174e-02 -1.30965346e-02 -1.37038706e-02  8.76538604e-02
  1.44860059e-01 -4.20347378e-02 -5.94081841e-02  1.88943166e-02
 -1.11275643e-01 -1.98139157e-02 -5.72785027e-02 -2.86261644e-02
  8.56634229e-03  1.38938110e-02 -1.03963949e-02  8.07040110e-02
  1.14444658e-04 -2.21509486e-02  6.58730865e-02  3.10445833e-03
  1.75137427e-02 -4.16139476e-02 -1.27230166e-02  4.56386283e-02
 -1.75527968e-02 -4.75865677e-02 -8.77502039e-02 -6.60111159e-02
  2.07017697e-02 -3.97668257e-02  5.51947169e-02  5.05516306e-02
 -5.20492420e-02 -6.31338311e-03 -7.37866610e-02 -6.44095838e-02
 -5.66733675e-03  4.88068312e-02 -1.97234880e-02 -6.09660745e-02
  1.37742879e-02 -6.77395612e-04  1.03371153e-02 -2.46091634e-02
 -5.46150319e-02  3.27297896e-02 -7.43536204e-02  1.25185698e-02
  7.14585036e-02 -8.10990669e-03  1.19692832e-02  8.68654519e-04
 -3.84568311e-02  1.05306126e-01  2.87703462e-02 -6.23465776e-02
  4.56668921e-02  5.64258033e-03  1.19122006e-02  7.13599250e-02
 -1.97746512e-02  4.10684012e-02  6.41249865e-02 -2.07382917e-01
  4.50369902e-02  2.55849175e-02 -8.48694704e-03 -4.69515584e-02
  3.61147453e-03 -6.77379817e-02  3.06002460e-02  4.34024595e-02
  8.16124454e-02 -1.16291805e-03  7.58740753e-02  3.42793129e-02
 -2.36758329e-02 -6.43896013e-02  2.29333378e-02 -2.94207316e-03
 -3.54660153e-02 -1.31412009e-02  1.18746847e-01 -1.52381249e-02
  5.92900179e-02  4.59827557e-02 -2.51734313e-02  1.84040070e-02
 -3.49017642e-02  1.51949394e-02  1.19577879e-02 -2.01557875e-02
  3.72744836e-02  6.65750131e-02 -4.50293534e-02  1.01282215e-02
 -5.22440001e-02 -9.67818126e-02 -1.85063481e-02  3.91704589e-02
 -4.82387282e-02  2.37949018e-04  4.15163487e-02 -2.24474464e-02
 -1.63284242e-02  7.52662355e-03  1.58724207e-02 -1.93476100e-02
  6.65768981e-02  3.30362539e-03  1.09129911e-02  1.31605923e-32
  6.54355483e-03 -6.51315600e-02 -2.12604664e-02 -4.52932380e-02
 -1.18120071e-02  3.80310267e-02 -1.91027801e-02  3.37620340e-02
  3.08110453e-02  1.10279739e-01 -9.52357203e-02  5.20517007e-02
  1.86718442e-02 -2.42830310e-02  8.50885734e-02  1.24046188e-02
 -2.57112682e-02  3.04900911e-02 -3.36727314e-02  1.94161646e-02
  2.37130541e-02 -9.16069187e-03  1.59266926e-02  4.27725650e-02
 -3.33400816e-02  5.69123589e-02 -7.81084597e-02 -1.97260249e-02
 -7.11905137e-02  3.80639806e-02  5.35060391e-02 -1.58023965e-02
  1.89235844e-02  7.44791352e-04 -4.57284488e-02 -3.05545442e-02
 -5.16982339e-02  1.23384325e-02  9.23405867e-03 -5.28178690e-03
 -8.30498114e-02 -5.07868640e-03  9.79405418e-02  1.99246909e-02
 -6.37815939e-03 -1.11966081e-01  4.31474745e-02 -5.71987890e-02
  1.01029024e-01  8.61915275e-02 -1.19929984e-02 -3.23549062e-02
 -2.38634534e-02 -8.63419026e-02 -1.62036791e-02  8.41682870e-03
 -7.65634701e-02  6.27992973e-02 -1.99733358e-02 -6.99786395e-02
 -6.92060404e-03 -1.18489936e-02 -7.72567466e-02  2.24834867e-02
 -8.87191072e-02 -4.21457477e-02 -2.65542474e-02 -7.34066870e-03
  1.12166360e-01 -2.59296000e-02 -1.15943953e-01  2.92010643e-02
  3.90658081e-02  2.48007067e-02  2.69335788e-02 -1.77339446e-02
  4.49652746e-02 -3.72924805e-02 -3.33742797e-02 -1.58300612e-03
 -3.45129520e-02  3.59836631e-02 -1.78594422e-02 -1.38921561e-02
  1.55124506e-02  8.63452256e-02  4.85641174e-02  1.53927328e-02
 -5.93927223e-03  5.85766844e-02  3.60312569e-03 -7.11370632e-03
 -2.85978485e-02  3.83474417e-02  6.81214854e-02 -1.48372308e-32
  4.10755016e-02 -8.07365577e-04 -8.33389089e-02 -4.93649617e-02
  4.90921848e-02  3.83500196e-02  3.59201804e-02 -6.34083226e-02
 -6.66226298e-02 -1.11796051e-01  8.02819559e-04 -6.82755485e-02
  8.18036869e-02  2.33875252e-02 -1.17783859e-01  2.55838484e-02
 -1.02296531e-01 -4.36207801e-02 -4.10214216e-02 -6.22917712e-02
  7.07926750e-02  7.76773095e-02  5.56856059e-02  5.07396925e-03
  3.48586626e-02 -6.27579689e-02 -1.16691729e-02 -2.19188463e-02
 -3.83791956e-03  1.68270450e-02  5.32204192e-03  9.73431300e-03
 -1.78044364e-02  1.06301971e-01  2.21360009e-02 -5.20146266e-02
  7.80143440e-02 -6.31449074e-02 -2.46180892e-02  6.09653220e-02
  4.36448157e-02  8.07461217e-02  4.74849008e-02 -3.84241249e-03
 -2.69870423e-02  2.23557130e-02 -5.19659296e-02 -1.19381696e-01
  2.77461931e-02 -8.29877928e-02  7.11793229e-02 -2.89841462e-02
 -6.94369990e-03  1.61932632e-02  2.28578094e-02 -3.75100523e-02
 -3.62294018e-02 -1.13278516e-01 -8.83860365e-02  3.29664052e-02
  7.57111982e-02  2.99592149e-02 -1.55852158e-02 -1.11515215e-03
  1.30205825e-01  2.37460919e-02 -6.11126535e-02  1.62920505e-02
 -3.37969366e-04  2.69572530e-02  5.26632220e-02 -5.96280023e-02
 -1.22506008e-01 -8.84609073e-02  4.18875441e-02  1.08571500e-02
 -2.52306573e-02 -3.85259241e-02 -5.78724183e-02  2.61671375e-02
 -1.52055379e-02  1.08608743e-02  5.05269878e-03  1.50903584e-02
 -4.12743464e-02  4.40548360e-02 -5.31145446e-02  9.14796535e-03
 -1.67450421e-02  8.21635947e-02 -9.34856981e-02 -3.39125171e-02
  7.40129501e-02 -5.05080586e-03 -2.45894045e-02 -6.48735394e-08
  1.13677641e-03 -3.26904692e-02 -6.05227239e-03 -8.61727446e-03
 -4.09564091e-05 -7.09874928e-02 -5.53908758e-02 -1.84038337e-02
 -3.32561731e-02  2.29939334e-02  1.11396268e-01 -5.72863519e-02
 -5.26655801e-02 -1.75173879e-02  3.37816728e-03 -4.54918928e-02
  2.10515019e-02  2.96060815e-02 -5.19723520e-02 -6.19558468e-02
  4.10094559e-02 -3.99311259e-03 -1.12840913e-01 -2.38353647e-02
  5.08611202e-02  2.96571814e-02 -2.31345482e-02 -7.45681627e-03
 -1.34244291e-02  3.20614763e-02 -2.72959210e-02  8.13264959e-03
  9.24424548e-03 -5.47594987e-02 -5.77194318e-02  1.28150247e-02
 -2.41295248e-02  4.09847237e-02 -3.98342684e-02  2.18743924e-02
  7.79916346e-02 -2.00695787e-02 -2.64602117e-02 -9.69842658e-04
  6.18169717e-02 -3.41349617e-02 -5.30586280e-02  3.45372520e-02
 -5.64877223e-03 -3.03434599e-02 -4.57166843e-02 -2.39371732e-02
  4.53352444e-02  5.26012033e-02 -1.81402899e-02 -2.43105739e-02
  6.40436634e-02  6.43426925e-03 -4.73319776e-02 -2.54188813e-02
  1.33955404e-01  9.53751653e-02  2.67322082e-02 -6.07413687e-02]