[-9.36602131e-02  6.71086833e-02 -1.20078539e-02 -3.70345148e-03
 -2.02737823e-02  1.32169724e-02 -7.44290873e-02  1.04509920e-01
 -6.13783002e-02  2.44407300e-02  7.00634867e-02 -3.68871391e-02
 -8.10764655e-02  4.03898917e-02 -6.55431673e-02 -2.69481540e-02
 -7.61459395e-02 -3.13705914e-02  1.33999903e-02  1.03458531e-01
  2.24505421e-02 -9.19077545e-03 -2.86270697e-02  4.85157482e-02
 -4.92658243e-02  2.15452015e-02 -1.05987554e-02  1.49930548e-02
 -8.63954499e-02  2.85250079e-02 -1.77084585e-03  4.46074866e-02
  3.34988087e-02 -4.07739319e-02 -2.29560398e-02 -9.54823419e-02
  2.13273540e-02  1.23135105e-03  2.50218157e-02  7.28226751e-02
 -2.24567689e-02 -3.93242799e-02 -6.46371841e-02 -2.83464845e-02
  5.10050822e-03 -8.30828249e-02  5.54884970e-02  3.99676487e-02
  1.49497036e-02 -5.88912610e-03 -1.05506763e-01  7.23421797e-02
 -1.44817326e-02 -1.07763587e-02  1.98038127e-02 -2.99158953e-02
  1.11209685e-02 -7.55568743e-02 -9.62436385e-03 -2.04662047e-02
  3.38211022e-02  7.21702399e-03 -8.74884352e-02 -3.14578637e-02
 -1.84087344e-02 -4.64189462e-02  3.72126116e-03 -3.03668734e-02
 -6.06465973e-02  8.64738971e-02  2.27919035e-02 -2.86146235e-02
  3.82155329e-02 -5.47552742e-02 -7.75060728e-02  5.88588081e-02
  2.14769114e-02  4.87699024e-02  8.65323748e-03 -1.21179946e-01
  2.31865756e-02 -8.99640694e-02  3.86506729e-02 -1.04966797e-01
  5.88621981e-02 -3.62486243e-02  7.65752867e-02 -6.54701889e-02
 -6.97856210e-03  1.52179534e-02  3.25896293e-02  4.05526496e-02
  2.26417626e-03  1.82449594e-02  2.43129618e-02  2.71717254e-02
  4.00919095e-02  7.88350403e-02  6.57913685e-02  3.89624238e-02
  7.16647357e-02  6.88518572e-04 -8.59632120e-02  5.55806980e-03
 -1.09681472e-01  3.62389274e-02  6.36121025e-03  1.95523668e-02
  3.83844337e-04  6.82528038e-03 -4.97102663e-02 -5.60788764e-03
  5.85330781e-05 -4.42774333e-02 -9.79172662e-02  3.86825902e-03
 -7.28285760e-02  1.80243291e-02  1.55939274e-02  9.10897180e-02
  3.36975455e-02 -4.12250459e-02 -1.99064855e-02  1.73544753e-02
  1.30448595e-01 -2.34389249e-02  3.61637771e-02  3.75147120e-33
  4.63800728e-02 -7.40171596e-02 -5.04323393e-02  4.24569808e-02
  2.96124676e-03  5.25902957e-02 -1.14663213e-01 -1.08244810e-02
 -1.39351152e-02 -6.26386553e-02 -3.24591696e-02  1.37691610e-02
 -1.05569340e-01 -6.65703118e-02  1.66595578e-02  7.87261054e-02
 -5.75219840e-02 -6.87938929e-02 -2.83601545e-02  3.25744227e-03
  4.49845828e-02  4.31318358e-02  2.56884284e-02  4.94538248e-02
  4.57695611e-02  1.30602241e-01 -3.82829644e-02 -4.68544476e-02
 -7.75865167e-02  5.21080382e-02 -1.10983578e-02 -5.31358495e-02
 -4.42044996e-02 -8.23719020e-04 -3.45730744e-02  2.47152522e-02
 -1.57029536e-02 -6.66809874e-03 -1.22665197e-01  3.09275351e-02
  5.69003448e-02  1.67447440e-02  1.06485689e-03 -2.56378017e-02
  5.25448732e-02  1.80511884e-02  2.14296542e-02  1.09839644e-02
  6.10745586e-02  6.04144782e-02 -6.23192266e-02 -7.59735107e-02
 -2.19770875e-02 -1.84773970e-02  4.50829789e-02  2.49826536e-02
 -8.04076120e-02  8.27349164e-03  3.40832844e-02 -1.92468613e-03
  1.96717978e-02 -4.46790736e-03 -5.58669977e-02  2.26355325e-02
 -6.16049059e-02  1.11110888e-01  3.45994867e-02  3.43281254e-02
  4.07592393e-02  1.94786265e-02 -6.81550354e-02  2.74746437e-02
 -2.98763886e-02  3.30818780e-02 -3.89091037e-02  1.99849084e-02
  5.86543195e-02 -4.98901270e-02 -8.74728486e-02 -3.31954937e-03
 -5.95686547e-02  4.68764454e-02  3.87194194e-02 -7.10047549e-03
  7.71251321e-02  3.14145871e-02 -1.56995580e-02  5.84806427e-02
  7.11680111e-03  2.83651836e-02 -4.89381049e-03  6.95500001e-02
  9.33129806e-04 -3.39212529e-02  4.94081192e-02 -4.99436436e-33
  2.10567489e-02 -4.05809917e-02  6.54104445e-03  8.89519230e-02
  5.98974852e-03  3.37497629e-02 -7.33062178e-02  5.78920431e-02
  3.29814292e-02 -5.49789257e-02  8.99248291e-03 -4.45952378e-02
  2.70109586e-02 -2.15111971e-02 -6.42646849e-02 -1.60308667e-02
 -2.00448278e-02 -8.72734189e-02 -1.14280537e-01 -6.10185266e-02
 -8.13552644e-03  6.95467591e-02  4.56922799e-02 -2.27232985e-02
 -3.70637467e-03 -3.14559303e-02  4.20566127e-02 -4.13541980e-02
 -6.02193885e-02 -2.68708915e-02  6.82152982e-04  2.47694589e-02
 -2.21060719e-02  3.68332677e-02 -1.62788518e-02  1.96312666e-02
  5.82157075e-02  2.79426184e-02 -8.12746212e-02  1.37727141e-01
  2.37571485e-02  4.82211597e-02  7.47403596e-03 -1.77724808e-02
 -4.73190472e-02 -3.90588976e-02 -4.05095704e-02 -3.05193011e-02
  4.44126576e-02  1.43806578e-03  1.18608959e-01 -6.13289513e-02
 -3.95174101e-02 -3.11091673e-02 -1.08468933e-02 -6.00693934e-02
  4.48691510e-02 -4.60199602e-02 -1.19798239e-02  3.63896377e-02
  8.17877501e-02  5.98779395e-02 -8.40162113e-02 -9.71098139e-04
  7.65798381e-03  9.08706244e-03 -3.53543423e-02  5.03995717e-02
  6.07555322e-02  3.78080010e-02  6.97585419e-02 -7.63085037e-02
 -6.87263757e-02  7.34688789e-02  2.17692973e-03  8.37869495e-02
 -8.62920284e-02  7.94834569e-02  1.09689221e-01  7.48765022e-02
  5.14487596e-03 -6.99935183e-02  3.10925711e-02  5.62234409e-02
  1.50587382e-02  2.26113442e-02 -4.33627479e-02 -7.26457909e-02
 -7.44349463e-03  1.26495017e-02  5.10492548e-02  9.77674033e-03
  6.90112114e-02  3.70145333e-03 -7.37045184e-02 -5.38800329e-08
  4.31383811e-02 -2.73641590e-02 -1.74677894e-02  4.18854728e-02
  3.52398083e-02 -2.95551941e-02 -2.65063923e-02 -2.13232134e-02
 -6.33394055e-04  1.09289296e-01  1.20595418e-01  4.22914326e-02
 -8.82415846e-03 -7.83645315e-04 -3.52679715e-02 -2.27441546e-02
 -7.16579240e-03  7.81026334e-02 -5.60593344e-02 -2.38850862e-02
  3.84810232e-02  3.71855348e-02 -8.33244324e-02  4.24250029e-03
  2.83106100e-02 -6.70192242e-02 -7.42235184e-02  2.60516256e-02
  7.55915930e-03 -5.00295050e-02 -3.48875746e-02 -7.01068016e-03
  7.18139485e-02 -1.16278462e-01 -6.16474599e-02  3.36464541e-03
  6.80702031e-02 -1.89301744e-02 -4.14821245e-02 -7.42413150e-03
  1.34127617e-01 -1.85220316e-02 -2.76062097e-02 -5.04811183e-02
  4.28494848e-02 -1.72270928e-02 -1.35520063e-02 -1.40038738e-02
 -3.66900899e-02  2.37444974e-02 -1.26737086e-02  5.03227673e-02
  5.68022728e-02  9.50392708e-02 -3.26286890e-02  3.85902897e-02
  2.35469230e-02  2.06844807e-02 -5.46050072e-02 -4.19647135e-02
  6.81716800e-02  4.09262180e-02 -3.18246484e-02  4.27190736e-02]