[-2.77273869e-03  3.93295623e-02 -3.85423377e-02 -9.09499228e-02
 -1.04414389e-01  3.81940380e-02 -4.41922285e-02  6.91486746e-02
  2.91727446e-02  6.53184280e-02  6.53357729e-02 -1.85301211e-02
 -7.11051654e-03 -7.41176540e-03 -1.97387468e-02 -5.34167849e-02
  1.02453016e-01 -3.49864475e-02 -1.44418962e-02  3.91868949e-02
  1.36171028e-01 -5.10591827e-02 -1.02107652e-01  4.59319353e-02
 -1.36475176e-01  4.02789377e-02 -3.13952081e-02 -3.15717421e-02
 -1.07031111e-02 -2.98975445e-02  7.32082548e-03  7.55758882e-02
 -9.41886974e-04 -1.49868289e-02  2.98880860e-02 -1.81194805e-02
  9.59892347e-02 -5.72140180e-02 -5.07687367e-02  9.65585709e-02
 -3.40785682e-02 -2.16859002e-02 -6.18460812e-02 -6.51395321e-02
  4.89031225e-02 -2.83057000e-02  2.82239188e-02  2.68642115e-03
 -3.10986247e-02 -1.83205530e-02 -7.19741583e-02 -1.63612217e-02
  1.60779466e-03  5.15929051e-02 -3.51416543e-02 -6.95743933e-02
 -2.00917479e-02  5.91537217e-03 -1.37871336e-02  5.41625079e-04
 -6.30707517e-02  3.11291628e-02 -4.45867218e-02  2.76459530e-02
  4.13159207e-02 -3.97384241e-02 -2.22992785e-02 -1.76362712e-02
 -3.64691094e-02  1.02144741e-01  2.77107637e-02 -6.33774623e-02
 -2.31798664e-02  8.46348517e-03 -6.15426665e-03  7.13461116e-02
 -3.30019817e-02  2.98954528e-02  7.20941946e-02 -2.41597220e-01
  9.95660014e-03  8.60788580e-03  2.92137591e-03 -4.17766571e-02
 -1.22898892e-02 -6.62483275e-02  1.16612501e-02  6.37358651e-02
  5.28132580e-02 -1.91252865e-02  8.07404965e-02  7.60502219e-02
 -3.74813564e-03 -2.71322466e-02  1.54725080e-02  2.02903943e-03
 -4.66837771e-02 -5.81875863e-03  8.27668831e-02 -3.77077423e-02
  5.21917827e-02  4.96960692e-02 -2.48382203e-02  1.34763876e-02
 -5.42328954e-02 -9.78960097e-03 -1.78885330e-02 -3.00668683e-02
  4.92769741e-02  1.12760194e-01 -3.49639989e-02 -6.34457497e-03
 -8.16114694e-02 -8.42373371e-02 -2.77801193e-02  3.45342606e-02
 -4.02741693e-02 -4.73489352e-02 -7.01775542e-03  2.98762862e-02
  6.08236995e-03 -1.60740782e-02 -1.35795865e-02 -3.24423723e-02
  5.54635301e-02 -6.82957983e-03 -1.85521599e-03  1.08505064e-32
 -2.08445191e-02 -8.79497603e-02  1.69588737e-02 -4.39936854e-02
 -3.54640596e-02  2.35868469e-02 -3.07467330e-04  3.75859216e-02
  4.44883406e-02  8.38029161e-02 -8.03278387e-02  7.75439814e-02
 -3.34664583e-02  3.12083531e-02  1.14997186e-01 -3.79240997e-02
  1.82417985e-02  4.67052534e-02 -3.59425917e-02  1.78610664e-02
  2.54212301e-02 -1.68056448e-03  8.12166370e-03  1.15867257e-02
 -9.41344444e-03  6.65672868e-02 -4.75787669e-02  1.42201558e-02
 -6.79787546e-02  4.45649736e-02  5.25163785e-02 -2.68749204e-02
  2.15269867e-02 -5.91968559e-03 -6.36143833e-02 -1.90960448e-02
  4.58749058e-03  1.02979112e-02 -1.93586051e-02 -2.71510482e-02
 -6.62090406e-02 -1.03475398e-03  7.80246705e-02  3.54749672e-02
 -4.10953676e-03 -7.43232071e-02  7.02658072e-02 -7.09589645e-02
  9.22629386e-02  5.14882840e-02 -2.77271438e-02 -1.50468834e-02
 -4.56322506e-02 -6.45561740e-02 -7.94271473e-04  2.29427759e-02
 -1.24400288e-01  6.82768002e-02 -4.04429175e-02 -4.85003106e-02
 -2.24096570e-02 -5.39139733e-02 -2.35015675e-02  3.44727300e-02
 -5.99290095e-02 -1.91801880e-02 -7.12485332e-03  1.30395759e-02
  1.31037518e-01  1.00053176e-02 -1.06219843e-01 -4.83357441e-03
  1.31348167e-02  7.48380926e-03  6.19689748e-02 -3.62750478e-02
  7.02953264e-02 -2.17183866e-02 -6.88766986e-02  1.74514577e-02
 -2.65705381e-02 -1.92725975e-02 -1.47595617e-03 -2.66428832e-02
  1.00098997e-02  6.96904883e-02  8.02460685e-02  7.68822655e-02
 -1.88974175e-03  3.57727967e-02  3.36087146e-03  2.41484866e-02
 -8.89803469e-03  4.55121920e-02  8.60990509e-02 -1.37625027e-32
 -5.94106503e-03  4.59319763e-02 -3.96288000e-02 -2.81094331e-02
  5.92465848e-02  6.77160770e-02  3.96222845e-02 -6.01742137e-03
 -6.30751625e-02 -1.04311243e-01 -7.90935662e-03 -6.24843463e-02
  8.94808397e-02 -1.06912311e-02 -1.27403423e-01  3.68738472e-02
 -7.19781443e-02 -4.65611070e-02 -2.24893354e-02 -2.90169418e-02
  2.39839628e-02  6.36233538e-02  5.63360676e-02 -1.37907499e-02
  5.82093094e-03 -6.83191940e-02 -5.52140586e-02 -2.43246108e-02
  2.23816261e-02  1.04140230e-02  3.26726325e-02 -1.40010165e-02
 -3.84086408e-02  1.02208741e-01 -3.12763825e-02 -5.05633987e-02
  5.38122319e-02 -3.47887240e-02 -3.83199230e-02  7.36815557e-02
  5.17838039e-02  4.74825054e-02  2.13982407e-02 -3.78861278e-02
 -4.64920364e-02  5.71884122e-03 -2.81681828e-02 -1.24902822e-01
  4.87930141e-02 -6.72564432e-02  6.40202612e-02 -1.42441224e-02
 -5.86762168e-02  2.61964295e-02  8.03687349e-02 -4.97184880e-02
 -1.64903849e-02 -7.78311789e-02 -1.28126264e-01  2.61070058e-02
  3.13872173e-02  3.33367363e-02 -5.15954047e-02  6.95192721e-03
  1.14632271e-01  5.05188201e-03 -1.71267558e-02 -1.62554514e-02
 -1.35543593e-03  1.77973639e-02  6.09865412e-02 -2.18125619e-02
 -1.48265148e-02 -6.66468814e-02  3.31434831e-02 -2.63526049e-02
 -2.22390182e-02 -4.64043468e-02 -6.14795573e-02  4.07222845e-02
 -5.43965362e-02 -3.77811529e-02  6.89679233e-04  1.96373723e-02
 -4.76300493e-02  4.98081110e-02 -1.91533417e-02 -8.57189298e-03
 -2.84884628e-02  1.23099744e-01 -7.41536245e-02  3.06633115e-03
  4.10191864e-02 -3.73690389e-03  3.39669129e-03 -6.04160491e-08
  7.42615713e-03 -5.96598051e-02  4.47985120e-02  2.03695875e-02
  3.29597411e-03 -7.69163519e-02 -7.92228356e-02  7.27870734e-03
  1.90222310e-03  5.37212417e-02  1.35393962e-01 -3.63538712e-02
 -3.79797295e-02 -6.94054924e-03 -1.04983188e-02 -7.08761683e-04
  1.06745735e-02  1.11149969e-02 -3.87824047e-03 -5.50681911e-02
  1.02169141e-02 -1.89776979e-02 -7.63648972e-02 -4.10055369e-02
  4.50519733e-02  3.55476551e-02 -2.58240849e-02  8.84248875e-03
 -1.94305424e-02  3.72704044e-02 -1.65696219e-02 -3.94465700e-02
  8.41741217e-04 -5.91362529e-02 -7.05833808e-02 -6.45550117e-02
 -1.55059444e-02  5.43273389e-02 -3.86915915e-02  2.50872672e-02
  1.15626059e-01 -4.16692570e-02 -2.97923591e-02 -2.31635161e-02
  9.63117331e-02 -1.60302292e-03 -8.32964927e-02  4.86342385e-02
 -1.25311911e-02  1.99101656e-03 -8.36873129e-02 -1.54924644e-02
  5.55039644e-02  1.44864935e-02  3.53867747e-02 -4.01143916e-02
  4.89629842e-02 -2.55868267e-02 -3.61655429e-02 -9.38010309e-03
  7.55975544e-02  7.19567984e-02 -5.39870281e-03 -4.14134003e-02]