[-1.20581742e-02  6.43841224e-03 -4.58896235e-02 -5.64241521e-02
 -6.97025955e-02  9.47944541e-03  7.97173679e-02  6.93317279e-02
  2.06829291e-02  2.30970676e-04  5.84583916e-02  1.34869516e-02
 -7.80365197e-03  5.66870067e-03  6.38423041e-02 -6.59719333e-02
  7.66697600e-02  8.16367159e-04 -1.43559976e-02  1.16278315e-02
  1.52275443e-01 -3.03467531e-02 -8.75611082e-02  2.05926802e-02
 -7.04619884e-02 -4.41887155e-02 -4.47420105e-02 -4.29931358e-02
 -5.35911582e-02 -7.85659254e-03 -2.23996006e-02  4.31434400e-02
  9.75709185e-02 -9.86284856e-03  1.22773116e-02  7.86727145e-02
  7.54654557e-02 -5.20906560e-02 -2.59695761e-02  9.50655118e-02
 -1.25803173e-01 -3.73973846e-02 -1.14036106e-01 -3.24142985e-02
  3.01433471e-03 -3.39287482e-02 -1.38453729e-02 -3.80156301e-02
 -3.48702669e-02 -1.59618985e-02 -9.65677872e-02 -1.06723895e-02
 -1.98167209e-02  1.74263772e-02  1.00760655e-02 -3.31846923e-02
 -6.13845512e-02 -2.23216787e-03 -1.73458066e-02 -1.46818545e-03
 -3.94454896e-02  9.04777087e-03 -8.51750746e-03  2.54494101e-02
  6.21623360e-02  2.09086332e-02 -4.44434062e-02 -4.84134406e-02
 -3.30819376e-02  9.45525523e-03 -2.00841092e-02 -3.07156537e-02
 -1.85717512e-02  7.65632885e-03 -6.55936301e-02  6.25681952e-02
  2.91164126e-02  5.66932112e-02  3.77051183e-05 -1.67864278e-01
 -3.84255266e-03  8.74402374e-03 -4.22239751e-02  1.61362179e-02
 -1.31266676e-02 -1.00090783e-02 -1.89945176e-02 -3.75647545e-02
  9.82614979e-02  1.21538918e-02  4.17822339e-02 -9.28429421e-03
 -7.17362612e-02 -1.36412717e-02 -3.68590094e-02 -3.23104933e-02
 -3.35491747e-02 -1.75091196e-02  1.19897112e-01 -9.08832066e-03
  6.06555603e-02  3.75602655e-02  6.31423220e-02  2.52655242e-03
 -8.80521312e-02 -9.69244167e-03 -1.31760277e-02 -2.94665899e-02
  1.35101154e-02  1.46944225e-01 -7.93186575e-02 -6.11080751e-02
 -1.12108171e-01 -7.45107383e-02 -6.02245145e-02  2.66946722e-02
 -2.43745819e-02 -3.50745730e-02  5.20319641e-02 -9.32576321e-03
  3.18702497e-02 -1.12509225e-02  3.65810953e-02 -5.44217117e-02
  3.70524004e-02 -5.47972508e-02  6.07992373e-02  7.10205842e-33
 -8.22716132e-02 -4.71163765e-02  8.25974438e-03  2.02229600e-02
 -1.92680359e-02 -6.91067544e-04 -2.24264655e-02  5.09220622e-02
  1.23315305e-02  2.59160046e-02 -4.37769294e-02  1.18812166e-01
 -2.57887803e-02 -2.49066688e-02  5.95382974e-02 -4.33046296e-02
  4.46249656e-02  2.08754633e-02  2.42347084e-02 -2.74457093e-02
 -1.24733243e-02  5.80246700e-03  2.08026897e-02 -3.69502120e-02
  4.48188037e-02  9.20544192e-03 -3.58274020e-02 -2.15396751e-03
 -2.36871245e-04  1.11072557e-02  1.24750756e-01  1.33489892e-02
  1.68264136e-02 -9.88120958e-03 -9.33054239e-02  1.77014561e-03
 -4.58701476e-02 -2.21107528e-02 -3.45006958e-02 -4.25150990e-02
 -2.31803767e-02  2.92549748e-02  7.73079991e-02  5.98040270e-03
  3.25801335e-02 -1.87209882e-02 -4.60093049e-03  3.66267264e-02
  1.32160440e-01  4.05797549e-02  9.05871298e-03 -2.28861589e-02
 -8.94900877e-03 -2.90170070e-02  3.29735167e-02  1.60267856e-02
 -5.98607399e-02  2.89495531e-02 -1.62275769e-02 -6.93266392e-02
 -3.14247012e-02 -5.57426624e-02  9.39188525e-03 -5.03157489e-02
  2.77965702e-03 -4.49846499e-02  9.58827324e-03  2.78768986e-02
  1.10582955e-01  3.40771973e-02 -7.53909200e-02 -5.02774166e-03
 -3.36111858e-02  8.08987692e-02 -1.77182052e-02  3.85818770e-03
  2.49723867e-02 -1.72995497e-02 -4.55387458e-02  5.27866557e-02
 -2.79260427e-02 -2.09097285e-03 -4.06912081e-02 -1.48307998e-02
  8.87928903e-02  7.29079843e-02  6.14497922e-02  8.02336447e-03
 -1.17462664e-03  8.84712040e-02  2.70733684e-02  1.31268859e-01
 -6.25297353e-02  3.25635299e-02  4.01621982e-02 -1.03052901e-32
 -6.46647299e-03  3.23845483e-02 -8.58993083e-02  3.14611495e-02
 -2.29391586e-02  3.09821945e-02  1.14095509e-02 -8.15590024e-02
 -5.31992093e-02 -5.94935380e-02 -1.02543503e-01 -1.02049425e-01
  6.13395572e-02 -1.06941992e-02 -1.08461641e-01  2.58519361e-03
 -8.12538713e-02 -2.93344911e-02 -2.84675546e-02  2.27518622e-02
 -8.59722942e-02  1.31838545e-01  2.65468452e-02  9.52139031e-03
 -1.54791102e-02 -4.99282070e-02 -4.87404689e-02  1.13246925e-02
 -9.36115384e-02 -5.73179647e-02 -2.11463295e-04 -5.21488152e-02
 -1.84659082e-02  9.65938121e-02 -4.66202907e-02 -5.30666970e-02
  5.59752658e-02  2.75750961e-02  7.07053021e-03  7.50799030e-02
  5.03753014e-02  6.15810528e-02 -7.07536144e-03 -3.03947069e-02
 -6.79895803e-02 -4.95482273e-02  2.77654845e-02 -9.47849825e-02
  1.10748382e-02 -4.50733900e-02  6.43507466e-02 -7.35665634e-02
 -5.03333285e-02 -5.44594452e-02  4.98015061e-02  1.48354592e-02
 -1.24614676e-02 -8.82871225e-02 -8.14936981e-02 -2.29558665e-02
  9.42614675e-02  4.10316214e-02 -4.43208148e-04 -2.32735332e-02
  1.21014304e-01 -4.70090806e-02  2.40474790e-02 -7.74783455e-03
  1.95289515e-02 -6.37913048e-02 -1.19777210e-02 -7.38572404e-02
 -5.14607355e-02 -2.85554715e-02 -3.23973671e-02 -4.31945324e-02
 -3.25851655e-03 -4.73149419e-02 -4.43046689e-02  2.06336305e-02
 -6.12881333e-02  1.06023075e-02 -1.36773316e-02 -1.54218394e-02
 -6.52850345e-02  2.98675839e-02  2.18101908e-02  4.72880667e-03
  2.63830423e-02  5.23553565e-02 -7.46883750e-02  8.29888880e-02
  5.52916899e-02  9.46683586e-02 -6.43530935e-02 -5.62550220e-08
 -8.32269527e-03  2.03444269e-02  2.86480766e-02  1.85024831e-02
  4.31814790e-02 -6.14355914e-02  1.94965042e-02  5.12868017e-02
 -1.65550709e-02  1.87509097e-02 -9.64600313e-03 -2.48247515e-02
 -9.08517390e-02  4.89307866e-02  6.38117865e-02 -6.01067580e-02
  5.41714877e-02  2.07499173e-02 -4.20916602e-02 -4.70422916e-02
  6.86574429e-02 -2.20877975e-02 -9.84241515e-02  3.30332406e-02
  8.05061460e-02 -3.60295214e-02 -3.87147553e-02  4.41786014e-02
  1.15997940e-02  1.63220987e-02 -5.47420681e-02 -1.17207309e-02
  1.57192051e-01 -3.58726941e-02 -8.39236937e-03 -3.95458378e-02
  4.98541212e-03  3.58017199e-02 -2.06510443e-02  5.78649901e-03
  9.46763679e-02 -7.94232357e-03 -1.20414235e-02  8.83979350e-03
 -2.27883016e-03  2.88325269e-02 -4.86889482e-02  7.30208009e-02
 -3.30124535e-02 -9.25181247e-03 -6.20500147e-02 -2.46074013e-02
  9.16914046e-02  4.05319929e-02  3.59714292e-02 -2.44012531e-02
  1.25938496e-02  1.13321859e-02  4.04755734e-02  1.39488764e-02
  3.03664785e-02  5.02350330e-02  6.65223738e-03 -3.48255448e-02]