[ 5.31475581e-02  4.41711619e-02 -4.34741154e-02 -1.07897250e-02
 -9.46219489e-02  1.74992979e-02 -1.21081630e-02  9.43067223e-02
 -1.50160724e-02  6.40683547e-02  3.68910283e-02 -4.54038829e-02
 -3.73095609e-02 -1.97956599e-02 -8.95045400e-02 -1.77334566e-02
  1.59448795e-02 -4.69361581e-02  3.34117189e-02  1.93527027e-03
  6.81504011e-02 -9.66379233e-03 -2.95552425e-02 -6.67781848e-03
  6.89251050e-02  3.11650541e-02 -5.86757138e-02  5.34566231e-02
 -3.90499420e-02 -5.52225113e-02 -5.21901324e-02  9.29026604e-02
  5.61888106e-02 -2.27933507e-02  1.46772629e-02 -6.62957281e-02
  1.57317314e-02 -3.02576032e-02  5.95274381e-02  8.39697272e-02
 -1.52184824e-02 -8.02169889e-02 -7.69654941e-03 -1.04423597e-01
 -2.43839044e-02 -3.53328064e-02 -1.28949340e-03  9.31422338e-02
  4.77244072e-02  2.09666770e-02 -4.31476086e-02  4.21655104e-02
 -1.93531532e-02  5.70073538e-03  2.25257352e-02 -5.21179102e-02
  2.26111311e-04 -2.75836829e-02 -3.26706818e-03  3.76415029e-02
  2.99041402e-02  4.03741486e-02 -9.62040871e-02  4.62703034e-02
  3.81227210e-02 -5.05137034e-02 -3.40886191e-02 -5.86061850e-02
 -1.34801462e-01 -8.26284941e-03  1.60710774e-02 -7.86075648e-03
  5.64585701e-02 -1.06335342e-01 -7.10918456e-02 -1.71584710e-02
  8.38058069e-02 -6.16731588e-03  4.75564003e-02 -1.49009392e-01
  2.97085214e-02 -5.15745021e-02 -1.64661817e-02 -4.52070497e-02
  2.28969902e-02  3.84987853e-02  3.69197726e-02  3.41036767e-02
  1.10545203e-01  2.83723534e-03  5.07627726e-02  3.57662030e-02
 -6.45077378e-02 -3.46994475e-02 -4.91042659e-02  4.20593061e-02
 -1.02280523e-03 -2.27681510e-02  7.87569210e-03  2.40836665e-02
  1.03351191e-01 -3.82291041e-02 -1.06659345e-02 -2.62040533e-02
 -6.57101348e-02  7.03843161e-02  5.32248951e-02  3.76949124e-02
  3.96084078e-02  3.33399512e-02 -1.04417033e-01 -9.55979712e-03
 -7.16028959e-02 -5.57416193e-02 -5.72781153e-02  2.57804208e-02
 -1.27537036e-03 -2.22637542e-02 -1.26217911e-02 -1.32394768e-02
  2.20092628e-02 -1.88642833e-02  4.90371436e-02 -1.55992163e-02
 -7.08354563e-02 -8.83112028e-02  4.20408323e-02  1.32874179e-32
 -1.48368618e-02 -1.21577978e-02  5.54255396e-02 -3.23536396e-02
 -1.06788119e-02  2.09978707e-02 -6.32516146e-02  3.08022499e-02
  8.54218937e-03  6.80570211e-03 -1.05821759e-01 -2.31233286e-03
 -5.53960633e-03  3.61253098e-02  9.29949954e-02 -5.25164679e-02
  2.23075673e-02  3.39404233e-02  1.23936692e-02  1.24157546e-02
 -4.95259138e-03 -5.59198409e-02 -1.26176653e-02  8.96164626e-02
  4.09953631e-02  1.05403259e-01 -1.55858109e-02 -2.55886000e-02
 -4.38005961e-02  9.09089297e-02  1.06458282e-02  6.11944646e-02
  6.74151927e-02 -5.59849665e-02 -4.17578183e-02 -1.68046914e-02
 -1.21875508e-02  1.09029133e-02 -7.54069835e-02 -1.21326314e-03
  1.09097781e-02  2.91330889e-02  5.86776063e-02 -8.10058671e-04
 -4.29529063e-02 -4.71732393e-03  8.92875940e-02 -1.59614440e-02
  1.62222132e-01  7.26452023e-02 -1.07356831e-01 -4.97305184e-04
 -8.29118118e-02 -2.34116856e-02  3.92174646e-02  3.86506319e-02
 -9.28123444e-02  8.24709758e-02 -1.40801920e-02 -2.01694779e-02
 -4.12829556e-02  7.04175383e-02 -5.00174146e-03 -3.78725938e-02
 -2.68435888e-02  3.99056338e-02  2.43487246e-02 -1.03509165e-02
  1.04654998e-01  1.30614052e-02 -5.40245064e-02 -4.01354581e-02
  3.67079601e-02  2.91608889e-02  3.44955064e-02  9.22951382e-03
  4.76448946e-02 -6.61426187e-02  3.90839912e-02  2.55272966e-02
 -1.16916284e-01  4.96676937e-03 -3.15482356e-02 -1.11302271e-01
  1.01423718e-01  8.27636421e-02  4.10570726e-02  5.76160699e-02
  3.11302356e-02  4.28366922e-02  1.96332484e-02  3.81054841e-02
 -3.12118828e-02 -2.20965371e-02  3.55685093e-02 -1.41575996e-32
  7.29582226e-03  8.04514959e-02 -3.33465338e-02  2.49247886e-02
 -2.90210433e-02  2.46818811e-02  2.82613393e-02  7.00433627e-02
 -2.46875342e-02 -2.01399997e-02 -4.72442880e-02 -1.85512491e-02
  3.78941298e-02  2.22967509e-02 -1.08045442e-02 -3.52996495e-03
  1.50870910e-04 -8.09178427e-02 -2.26323735e-02 -3.23301852e-02
 -3.45594399e-02  1.62970442e-02  7.18408599e-02  6.73784316e-02
  4.05729823e-02 -1.06326202e-02 -6.47870153e-02 -6.36303872e-02
 -5.17275892e-02 -1.66509729e-02  2.90921051e-02 -3.34343240e-02
 -2.76918411e-02  1.38140127e-01 -4.27422039e-02 -4.51972857e-02
  7.07171187e-02  1.65823475e-02 -6.34221034e-03  2.38958597e-02
  4.26347293e-02  3.04432809e-02  4.89261262e-02 -4.89786528e-02
 -3.94591242e-02 -7.06547126e-02  1.09022427e-02 -9.67662856e-02
  3.76377776e-02 -1.37216985e-01  9.15779844e-02  1.69175677e-02
 -8.18617493e-02  4.42249030e-02  2.00124998e-02 -2.01999657e-02
 -3.75798792e-02 -1.38180349e-02 -1.20009370e-01 -3.78813478e-03
  6.11256212e-02  3.26388478e-02 -2.54678968e-02  7.08936229e-02
  1.15504980e-01 -2.38171499e-02 -6.32528774e-03  1.48620950e-02
  2.28822185e-03 -3.81195992e-02  3.08414306e-02 -6.74443096e-02
 -1.78821143e-02  1.78393684e-02 -2.38689147e-02 -4.86814417e-02
 -1.23240827e-02 -4.10646060e-03  5.97586259e-02  4.38752808e-02
  1.97155494e-03 -1.21420724e-02 -1.03785726e-03 -4.50927056e-02
 -9.35416594e-02 -1.05656795e-01 -1.02182396e-03  1.45631679e-03
  1.34200684e-03  6.65212944e-02 -6.02974892e-02  7.99170136e-02
 -1.88129991e-02 -9.60098058e-02  3.84707600e-05 -6.15817228e-08
  2.89476179e-02 -5.83870932e-02  2.82461252e-02  2.44134963e-02
  1.92975421e-02 -2.85404865e-02 -2.44832058e-02 -1.98973157e-02
 -1.61602087e-02  5.39651848e-02  1.15053579e-02 -2.25218590e-02
 -2.46837530e-02  4.20798920e-02 -8.35140869e-02 -5.18112890e-02
 -9.82577819e-03  1.17994040e-01  1.64188887e-03 -7.85307735e-02
  6.31917790e-02  9.94067825e-03 -7.58532360e-02 -8.56576264e-02
  1.38616124e-02  3.95011120e-02 -4.62796614e-02  4.85199690e-02
 -2.58924738e-02  2.63974443e-02 -2.99252886e-02  1.61055103e-02
 -1.53040849e-02 -1.15985356e-01 -3.40553261e-02  3.50753404e-03
 -1.58502832e-02  3.59822363e-02 -4.54865620e-02  1.66370701e-02
  6.72448501e-02 -8.28478485e-03 -3.01644113e-02 -3.64558175e-02
  5.66441081e-02  1.02313980e-03 -9.86717492e-02 -1.98698677e-02
  2.98202690e-02 -7.78304338e-02 -3.97800878e-02  3.30080129e-02
  4.28005047e-02  4.07656506e-02  1.45040860e-03 -3.58089954e-02
  7.44706427e-04 -4.84036468e-02 -5.67127615e-02 -3.67492698e-02
  5.76801151e-02 -3.19867395e-02 -1.43194189e-02 -6.09497614e-02]