[-2.46471688e-02  6.36742562e-02 -4.51139063e-02 -3.65832970e-02
 -2.81893313e-02  5.75730018e-03  7.04286667e-03  8.47792029e-02
  1.18175205e-02  7.38260448e-02  8.81958380e-02 -3.16682383e-02
 -2.68953182e-02  3.80408950e-02  1.69519484e-02 -1.27209146e-02
  1.73413083e-02  5.07234894e-02  1.63744669e-02  5.04749939e-02
  1.72088683e-01 -7.95224216e-03 -2.55913399e-02  1.64612047e-02
 -8.00536796e-02  4.58081998e-02 -6.67138696e-02 -1.90456752e-02
 -4.80036475e-02  1.02972554e-03 -5.56022078e-02  6.81703389e-02
  1.34908454e-02  3.24271135e-02  3.78536507e-02  1.68382861e-02
  1.84267089e-02 -3.51798125e-02 -7.23732561e-02  9.14294571e-02
 -7.80883953e-02 -6.37182444e-02 -1.05848894e-01 -3.74718867e-02
 -1.68097038e-02 -4.90334593e-02  4.05526608e-02  6.02627210e-02
 -2.08413899e-02 -3.63378786e-02 -3.72227617e-02 -2.41855788e-03
 -5.75930029e-02  3.84946205e-02 -1.57586355e-02  8.20509903e-03
 -1.88107919e-02  1.13402577e-02  5.72743500e-03 -4.25436497e-02
 -6.10653833e-02  4.12414633e-02 -5.70680238e-02 -3.14404443e-02
  4.35600132e-02  4.38116565e-02  2.22327956e-03  2.34573316e-02
 -5.68317994e-02  7.52965733e-02  1.76697299e-02 -3.44299376e-02
 -1.15562826e-02  1.44047644e-02 -5.00825569e-02  2.84252921e-03
  3.62089388e-02  2.49550939e-02  2.84557752e-02 -2.06614122e-01
  3.18760574e-02  4.40260991e-02 -2.28792458e-04 -8.80213380e-02
  4.70644003e-03 -1.71893183e-03  3.20626958e-03  8.99334159e-03
  8.90109539e-02  3.13279778e-02  1.65257230e-02  5.82061883e-04
 -1.05343731e-02 -5.52686537e-03  4.18176204e-02  1.24750438e-03
 -5.41785210e-02 -7.36550912e-02  1.16961069e-01 -2.02025846e-02
  7.04927444e-02  6.35177568e-02 -4.75182049e-02  1.89546458e-02
 -3.25786509e-02 -2.03802548e-02  1.24198699e-03 -9.37772170e-02
 -7.61800539e-03  1.05115607e-01 -5.11871576e-02 -9.80682019e-03
 -6.71550110e-02 -8.21125731e-02 -9.16624516e-02 -3.21392752e-02
 -1.02061830e-01 -3.63769270e-02  2.77305711e-02 -3.35959941e-02
 -3.39401588e-02 -4.64928746e-02  2.72226650e-02  3.23842205e-02
  6.87847435e-02 -4.71296385e-02 -1.63596068e-02  1.53481653e-32
 -4.84417826e-02 -3.79364491e-02 -8.44400283e-03  3.20942849e-02
 -2.40576975e-02  4.52544540e-02 -3.80650274e-02 -2.82625798e-02
  1.60162710e-02  9.33485404e-02 -1.32095903e-01  5.23291864e-02
 -3.68373655e-02  5.50945848e-02  1.30994916e-01 -1.03857461e-02
  5.81035577e-03  1.35583505e-02  1.56318806e-02 -1.74748991e-02
 -2.68038362e-02  5.40654585e-02  3.06748040e-02 -3.91821340e-02
 -1.07347658e-02  4.88406383e-02 -9.99558568e-02 -2.88909990e-02
 -5.17972074e-02  4.61564176e-02  1.69184208e-02 -4.08331528e-02
  5.04741743e-02 -3.05206031e-02 -6.95189089e-02  3.09358956e-03
 -1.52684841e-02 -3.36151198e-02 -1.34765208e-02  1.89499184e-02
 -3.96671146e-02 -2.43668072e-02  7.37710893e-02  1.10465288e-02
 -2.53584087e-02 -5.08845635e-02  5.92849664e-02 -1.72717441e-02
  7.70786107e-02  5.94214350e-02 -2.13982277e-02 -6.36947230e-02
 -2.22885460e-02 -7.51250237e-02 -1.75857195e-03 -1.61874723e-02
 -1.18633606e-01  3.12824287e-02 -2.59677116e-02 -4.40090187e-02
  1.19220850e-03 -2.85878256e-02  3.93035747e-02 -4.48832922e-02
 -4.00174521e-02 -3.07349227e-02 -4.46048193e-02  2.20944397e-02
  1.43851832e-01  5.42803183e-02 -8.21837336e-02 -2.11173925e-03
 -1.77006815e-02  4.91023958e-02  9.30658877e-02  3.43675800e-02
  5.62388562e-02  3.37514542e-02 -6.68015108e-02  4.05612774e-02
 -6.35122061e-02 -3.41168419e-02  2.58087162e-02 -1.98961217e-02
  6.48876578e-02  4.95436899e-02  4.22450490e-02  2.29119528e-02
 -3.03826900e-03  5.36094047e-02 -3.63076143e-02  7.56216794e-02
 -3.48669700e-02  3.75226811e-02  7.29079768e-02 -1.78801948e-32
 -9.62439366e-03  8.88217166e-02 -7.27763847e-02 -4.05115709e-02
 -4.18691300e-02 -1.35275088e-02  1.04751382e-02 -1.15371913e-01
 -2.24582385e-02 -1.00159019e-01 -1.13894172e-01 -8.42866898e-02
  2.19687559e-02 -7.58151188e-02 -4.53219041e-02 -1.21400794e-02
 -5.37640005e-02 -2.70090457e-02 -2.18884964e-02  1.33217322e-02
 -5.94303198e-02  3.71550843e-02 -4.26849723e-03  5.50092869e-02
  5.46749569e-02 -6.77332059e-02 -1.88618395e-02  2.36588176e-02
 -4.83390689e-02  2.85334829e-02  8.21401626e-02  7.28926715e-03
 -7.35544832e-03  8.98027271e-02 -5.13201244e-02 -8.50062538e-03
  9.58066657e-02 -1.25342340e-03  1.29300645e-02  6.82216734e-02
  5.22853136e-02  1.07098907e-01  3.18492800e-02 -3.09991613e-02
 -9.97477695e-02  5.39910793e-02  3.07805240e-02 -8.75211731e-02
  2.91277152e-02 -1.21492758e-01  1.08658142e-01 -1.17778350e-02
 -2.31137555e-02 -2.61328612e-02  3.73624302e-02 -1.46294711e-02
 -6.28240854e-02 -8.25442746e-02 -5.09552732e-02  4.08789236e-03
  9.43353251e-02  1.93252452e-02 -3.54633033e-02 -2.59522200e-02
  5.07699735e-02  5.08506037e-03  1.58023424e-02 -4.84328009e-02
  9.74898413e-03  3.73446271e-02  3.96356620e-02 -1.17564052e-02
 -1.13749504e-01 -4.09992188e-02 -1.09491367e-02 -1.32840797e-02
 -5.64950984e-03  1.21283550e-02 -7.84536079e-03 -2.52127647e-02
 -1.63957775e-02 -3.17642055e-02 -2.11186484e-02 -7.10458085e-02
 -8.20649564e-02  8.33419785e-02 -3.42346504e-02  3.02224960e-02
 -3.18334252e-03  6.99271113e-02 -6.00370392e-02 -1.29198597e-03
  4.00412492e-02  4.59168814e-02 -3.15110050e-02 -6.72295499e-08
  9.68579855e-03 -5.70926592e-02  2.77583916e-02 -7.87195470e-03
 -4.77819741e-02 -2.16508768e-02  1.41284345e-02 -1.84339192e-02
  1.13536408e-02 -4.05015238e-02  1.50403231e-02 -1.17375199e-02
 -4.11949456e-02 -6.31645974e-03  3.14237550e-02 -4.65043187e-02
  4.06405479e-02  9.58724096e-02 -6.01236075e-02 -2.44530290e-02
  6.16584159e-02 -5.12684556e-03 -1.22737505e-01 -1.38988271e-02
  8.08616206e-02 -2.09346693e-03  1.59312133e-02 -2.87351245e-03
  4.90642786e-02 -2.32942333e-03  4.26803380e-02 -2.26347391e-02
 -1.37875145e-02 -2.74721142e-02 -2.59655118e-02 -4.34044190e-02
  8.23200494e-02  9.21126269e-03 -3.87304612e-02 -2.25167256e-02
  1.07184537e-01 -5.84763754e-03 -2.12602448e-02 -2.30674502e-02
  2.75704507e-02 -6.52214559e-03 -2.78369710e-02  1.47666819e-02
 -2.73769591e-02 -6.00962229e-02 -1.44847417e-02  3.23580764e-02
  1.76013932e-02  6.00993857e-02 -7.79818685e-04 -9.18200091e-02
  4.26132083e-02  2.24710610e-02 -6.07146509e-03 -4.44341749e-02
  7.21731558e-02  7.16124326e-02  3.06776911e-02 -6.37992769e-02]