[-1.46258241e-02  1.14286244e-02 -7.51018822e-02 -3.79437990e-02
 -3.79268043e-02 -1.54784136e-02  5.03482558e-02  1.23651065e-01
  3.71803567e-02  2.60731094e-02  6.82704225e-02 -1.29517853e-01
 -3.42403278e-02  3.73297967e-02 -2.89545786e-02 -3.21210288e-02
  4.48206585e-04  4.56909314e-02 -5.39160185e-02  6.73981709e-03
  1.33895248e-01  2.18666974e-04 -1.42501192e-02  4.80354726e-02
  3.45969165e-04  3.68416756e-02 -9.94699746e-02  4.47611213e-02
 -5.44649959e-02 -6.29028603e-02 -8.11627731e-02  7.47596994e-02
  1.36506796e-01 -9.32717547e-02  6.92044292e-03  2.19574943e-03
 -3.01891547e-02 -5.84147498e-02 -1.30296499e-02  8.62415507e-02
 -3.59987430e-02 -1.32244511e-03  4.54762205e-02  1.81493151e-03
 -4.06678021e-02 -4.70151678e-02 -5.03510982e-02  5.67505583e-02
  2.54705455e-02  3.18482071e-02  1.97818386e-03  6.36967644e-02
 -6.32196516e-02  9.35402140e-02  4.37003002e-02 -6.42764866e-02
 -7.25682974e-02 -5.41308671e-02  1.00326939e-02  1.37570659e-02
  5.94568774e-02  5.41716926e-02 -4.22981754e-02 -5.44176362e-02
  2.64247283e-02 -1.68445073e-02 -6.32342175e-02 -5.90107366e-02
 -8.23512450e-02  5.17667048e-02  7.53546059e-02  5.69356896e-04
  1.27453040e-02  3.73401418e-02 -5.12425266e-02  6.23792894e-02
  5.05701564e-02 -1.08740507e-02  2.04844363e-02 -7.65727907e-02
  1.80199016e-02  8.83144662e-02  2.47596521e-02 -4.01057228e-02
  5.45565300e-02  2.17496417e-02  6.48829062e-03  2.63337456e-02
 -1.13916928e-02  1.63595248e-02  9.11383629e-02  7.45711476e-02
 -6.51220083e-02 -2.34188996e-02 -4.82828729e-02 -1.23745240e-02
  2.13236026e-02  2.91822050e-02  2.65994612e-02 -2.82627996e-02
  7.86785558e-02  2.85863108e-03 -5.52887283e-02 -5.37162088e-02
 -1.06073461e-01 -4.93394909e-03  3.54373753e-02  3.15520652e-02
  5.49507178e-02  8.75703245e-02 -1.26784593e-01 -8.16051662e-03
 -3.86807173e-02  3.69504187e-03 -9.48568061e-02  1.00059742e-02
  1.02740538e-03 -1.94634907e-02 -4.31138324e-03 -7.41563551e-03
  1.48632647e-02 -3.12450994e-02  5.84033914e-02 -2.03168206e-02
  2.67633498e-02 -2.91334763e-02  5.05325210e-04  1.98689417e-32
  1.41853606e-02 -1.74007770e-02 -2.61906050e-02  6.26155660e-02
 -5.26562857e-04  2.37248726e-02 -1.01505086e-01 -2.66839215e-03
  2.81630438e-02 -5.38507737e-02 -1.28408894e-01  7.47977793e-02
 -1.04338862e-02  3.16390879e-02  7.06521869e-02  1.64027810e-02
  2.84438841e-02 -6.66381046e-02 -6.39831647e-03 -3.42350081e-02
 -3.83499712e-02  2.01583449e-02 -1.39865477e-03 -1.49682828e-03
  5.86466817e-03  1.19699828e-01 -4.08877023e-02 -2.08286173e-03
 -9.89990979e-02  6.69308603e-02  5.08049913e-02  7.10987626e-03
 -4.82964776e-02 -3.36346477e-02 -1.14650419e-02  1.69309461e-03
  7.18714893e-02 -2.16887332e-03 -6.83381259e-02  4.86232266e-02
 -1.85016412e-02  6.42835796e-02  5.82496598e-02  1.33086108e-02
  5.80396354e-02 -6.22465350e-02  3.66009250e-02  5.11571951e-02
  1.17800355e-01  6.61497340e-02 -9.19752792e-02 -8.22926965e-03
  5.09578995e-02 -5.13321683e-02 -5.92798963e-02  3.20155472e-02
 -5.44360504e-02  6.27882928e-02 -4.86502796e-02 -2.57126987e-02
 -4.56073135e-02  4.61495146e-02  5.11072204e-02 -9.12392512e-03
  2.08671740e-03  4.77629900e-02 -1.07195221e-01  1.87992565e-02
  8.56277272e-02  9.72099195e-04 -4.84358445e-02 -1.37684615e-02
  6.01859344e-03  1.83936711e-02 -1.01253027e-02  1.60523085e-03
  6.60943240e-02 -1.39971282e-02  5.11497119e-03  6.82681974e-04
 -3.60521786e-02  1.14774471e-02  3.68612143e-03 -3.30201238e-02
  1.39660691e-03  4.15445119e-02  2.47805919e-02  2.55680867e-02
  1.13330851e-03  4.87356335e-02  9.57891252e-03  1.26521671e-02
 -1.66739766e-02 -6.33267388e-02 -5.94316982e-02 -1.89685556e-32
 -3.87995690e-03  7.45368823e-02 -2.83918567e-02  2.37819273e-02
  7.74779357e-03 -1.74852014e-02  3.37139145e-02 -1.61054134e-02
  1.28904087e-02 -9.89731476e-02  9.07932408e-03 -4.69337702e-02
  3.16465795e-02 -7.03184083e-02 -4.89416393e-03  4.94573601e-02
 -8.79594088e-02  4.99535017e-02 -6.89892247e-02 -8.08223113e-02
 -2.91902907e-02  7.68032074e-02  3.97061519e-02 -1.91805940e-02
 -6.69733481e-03  5.47643146e-03 -7.89377689e-02 -1.14180632e-01
  2.71824170e-02 -3.84688862e-02  4.97833788e-02  2.33618375e-02
 -4.40264456e-02  4.24414314e-02 -2.41154470e-02 -5.95666654e-02
  5.39024398e-02 -3.18334177e-02  4.24366705e-02  9.07497481e-02
  4.18996997e-02  2.59591360e-02 -1.27523178e-02  3.23512009e-03
  2.08807290e-02 -3.93063724e-02  5.59323430e-02 -9.89003330e-02
  4.62213121e-02 -4.11724392e-03  1.00367397e-01 -6.64559901e-02
 -9.50326771e-02  6.60589114e-02  5.51071763e-02 -2.13623419e-03
 -3.12654139e-03 -2.34512743e-02 -1.16214663e-01  3.97071417e-04
  2.20026094e-02  6.16979562e-02  3.58964247e-03 -4.76442315e-02
  1.18137121e-01  2.22981311e-02 -1.05450004e-02  5.74948527e-02
  7.52341598e-02 -1.56053761e-02  8.48902315e-02 -4.61935326e-02
  4.69628116e-03 -8.25413465e-02  8.18093866e-03 -7.57878199e-02
 -5.15712239e-02  1.23333922e-02  1.90063342e-02  5.83204105e-02
 -9.44876745e-02  1.15747452e-02  7.89732393e-03  3.10309045e-02
 -4.75507639e-02 -5.07725477e-02 -3.63187902e-02  2.00989656e-02
 -5.18876575e-02  6.22678027e-02 -5.11038601e-02  3.76468664e-03
  5.70689142e-02  5.41023239e-02  5.75389750e-02 -7.65720429e-08
  3.62640098e-02 -3.13054398e-02 -7.35461414e-02  4.46701534e-02
  1.98599920e-02  7.58609548e-03 -7.64223859e-02 -2.87910625e-02
  1.32029476e-02  5.71960472e-02  2.32896730e-02  6.10719658e-02
 -8.36529583e-02  8.90565757e-03 -2.82062478e-02 -4.66115735e-02
  4.52501774e-02  5.66861369e-02 -3.73233035e-02 -9.13686119e-03
  5.20307384e-02 -2.12971363e-02 -3.40795852e-02 -4.37678210e-02
 -6.25832230e-02 -6.23749495e-02 -6.22516312e-02  3.68896406e-03
 -1.80433467e-02  4.23916243e-03 -2.81918515e-02 -7.83406291e-03
 -9.20639187e-03 -8.31509456e-02 -7.49392275e-05  1.47357536e-02
 -2.28448026e-02  4.13205735e-02 -2.64032818e-02  2.58643832e-02
  7.39543214e-02 -1.20462447e-01 -6.57749772e-02  6.16656132e-02
  5.44207282e-02 -5.08442931e-02 -7.06654415e-02  9.76827070e-02
 -4.33850177e-02 -8.74761567e-02 -2.33621709e-02 -2.90098228e-02
  4.18723421e-03 -3.67824212e-02 -7.95584396e-02 -1.40662165e-02
  1.42885409e-02  2.27472428e-02  3.68427262e-02 -1.78388730e-02
  3.47302370e-02 -1.31380539e-02 -4.79183421e-02 -9.47302282e-02]