[ 5.15988357e-02 -1.30030345e-02 -2.16790307e-02 -2.49308534e-02
 -3.00718974e-02  1.90642979e-02  3.07692010e-02  1.07724577e-01
  8.49587657e-03  6.64599091e-02  1.17736638e-01 -8.02608952e-02
 -3.98281915e-03  3.68050635e-02 -3.57855484e-02 -1.95586290e-02
  4.19668257e-02  3.91459912e-02 -9.35328379e-02  3.42248380e-02
  1.03444792e-01 -1.84500776e-02 -1.29208406e-02  2.80922353e-02
 -6.16285875e-02  7.55430083e-05 -4.84418646e-02 -5.18119102e-03
 -8.49399343e-02 -8.15957487e-02 -4.38420027e-02  9.33408216e-02
  6.88436702e-02 -1.04316227e-01 -3.51459607e-02 -4.84978454e-03
 -1.29060075e-02 -3.05640753e-02 -1.77753344e-02  6.17688596e-02
 -9.62461829e-02 -3.40117104e-02 -4.51653488e-02 -2.48826295e-02
  3.74075733e-02  2.50524958e-03 -6.10433668e-02  6.09131008e-02
  4.72943783e-02  3.99519131e-02 -1.14266239e-02 -1.49634294e-02
 -7.61341974e-02  8.03529024e-02 -3.15254950e-03 -4.73054536e-02
 -4.73472401e-02 -3.61131169e-02  4.92525287e-03  1.64721981e-02
  5.46904989e-02  7.98746496e-02 -4.36302312e-02  3.59846689e-02
  3.59295011e-02 -3.68376374e-02 -6.70443336e-03 -7.35569522e-02
 -6.97785020e-02  2.31474899e-02  3.82171683e-02 -4.84150499e-02
  4.51387800e-02 -2.41545755e-02 -3.98092307e-02  5.66842370e-02
  4.32934798e-02  4.60279919e-02  2.87725311e-02 -8.94466713e-02
  2.41396446e-02  3.07455845e-03  1.99187379e-02 -2.97587235e-02
  2.61712279e-02 -3.15171592e-02  4.12603356e-02  1.70819275e-02
  1.05733499e-01  1.71287339e-02  5.18185198e-02  1.37398511e-01
 -2.41385736e-02 -8.23051259e-02  6.17282093e-02  3.86453122e-02
 -6.93535060e-02 -9.37788282e-03  1.64598841e-02 -2.99689006e-02
 -8.57525691e-03  8.36590677e-03 -9.42052063e-03 -3.31545509e-02
 -8.11838210e-02 -2.74942350e-02 -1.04375940e-03  1.16238762e-02
  5.99854700e-02  1.39205351e-01 -8.91960487e-02 -4.53281514e-02
 -7.73425996e-02 -4.90894963e-05 -5.11588715e-02  1.56980418e-02
  8.53003375e-03 -8.20672140e-02  4.34413701e-02 -1.10859489e-02
  1.97133012e-02 -1.24833742e-02  4.81622368e-02 -4.94802743e-02
  3.70450057e-02 -5.19276485e-02  2.13998705e-02  1.09900376e-32
 -9.05251279e-02 -4.30379286e-02 -2.66296044e-02  5.45619279e-02
  3.52928303e-02 -2.99992375e-02 -2.05698479e-02  4.01578750e-03
  7.40422681e-02 -1.85976811e-02 -1.05174281e-01  5.47694415e-02
 -2.68394463e-02 -3.71007808e-02  6.84415251e-02  1.82505278e-03
  8.95658657e-02  4.63092960e-02 -3.98365268e-03 -6.44557625e-02
 -1.40845887e-02  8.22632536e-02  5.42833358e-02 -8.47305581e-02
  1.60338040e-02  5.60571477e-02 -5.34477569e-02 -1.65577270e-02
 -7.22311884e-02  2.65806690e-02  5.69783151e-02 -2.84983739e-02
 -3.09462529e-02 -1.07943982e-01 -7.02492595e-02 -5.67023307e-02
  1.84031148e-02  1.08083356e-02 -3.78281549e-02  6.27388433e-02
 -7.80233517e-02  1.66101344e-02  7.82463979e-03  7.88525678e-03
 -4.25630156e-03 -9.19629410e-02  4.02523428e-02  2.54768264e-02
  1.20639250e-01  7.75826350e-02 -5.15955314e-02 -3.10320631e-02
 -4.57974849e-03 -4.47618291e-02 -4.97567244e-02  7.12013245e-02
 -1.07352398e-01  5.60560450e-02 -5.08223958e-02 -6.44295290e-02
  2.14522984e-02  4.30688858e-02  7.18459254e-03 -1.16922539e-02
  2.50268495e-03 -2.05474515e-02 -2.06663162e-02  1.89228356e-02
  5.48012480e-02  5.81862517e-02 -4.45944108e-02 -5.32279424e-02
  1.06577352e-02 -2.48783920e-02  2.27468982e-02 -4.37877886e-02
  1.02760144e-01 -3.22800279e-02 -1.49839502e-02 -5.08640939e-03
  6.02763034e-02 -8.93806946e-03 -8.18865076e-02  1.18603054e-02
  7.79200792e-02  5.81589229e-02  7.00069889e-02  3.63493897e-02
 -4.44123782e-02  4.40610610e-02  2.33913735e-02  2.49508563e-02
 -3.49219032e-02 -1.31346472e-02  5.61448336e-02 -1.30255985e-32
 -4.69328538e-02  7.74427354e-02  2.05912329e-02  1.07413465e-02
 -1.34269288e-02  1.59867966e-04  4.86853607e-02 -3.81020941e-02
  7.50848418e-03 -5.67770973e-02 -5.75046912e-02 -1.92659535e-02
 -5.20483684e-03 -9.38848825e-04 -1.03467569e-01  6.87487647e-02
 -6.20258898e-02 -9.97154042e-04 -9.38768163e-02  4.19390500e-02
  3.03651416e-03  1.11534834e-01 -1.60625447e-02  1.77053586e-02
 -2.29874067e-02  5.54447435e-03 -1.56355333e-02  3.89674422e-03
 -5.93103804e-02 -5.36159128e-02  4.49126847e-02 -8.27082470e-02
  1.82811096e-02  4.11907956e-02 -7.49008581e-02 -6.94547072e-02
 -2.68798545e-02 -5.73132448e-02 -2.19067372e-02  1.11726493e-01
  5.22342362e-02  4.47089672e-02  1.35319317e-02 -4.46422733e-02
 -3.56800705e-02 -8.90951008e-02  7.95890838e-02 -7.70384893e-02
  5.49193136e-02 -4.96482663e-02  1.42495424e-01 -3.23946103e-02
 -7.45719373e-02  2.75804475e-02  4.24213000e-02  2.89722029e-02
  3.58057371e-03 -7.08024949e-02 -1.24951847e-01 -2.34856680e-02
  4.19973657e-02  5.22976220e-02 -1.08588152e-02 -4.37332280e-02
  9.11942273e-02 -2.40773465e-02 -2.12083478e-02 -4.07260470e-03
 -3.36898044e-02 -2.06087679e-02  6.66342154e-02 -3.65238776e-03
 -6.61323518e-02 -8.46036822e-02  2.55307686e-02 -6.22640830e-03
 -3.23003866e-02 -3.36530358e-02 -2.16859374e-02  7.40592694e-03
 -4.46713977e-02 -3.26190516e-02 -1.93690676e-02 -1.14327602e-01
 -7.24970251e-02 -4.94918339e-02 -1.70764048e-02 -1.46206497e-04
  2.77808513e-02  2.70240735e-02 -2.04985328e-02  1.56550221e-02
  9.99197736e-02  5.01701795e-02 -3.38697731e-02 -5.75477905e-08
  5.29873036e-02 -2.52143275e-02  2.79107653e-02  3.88274975e-02
  1.91814825e-02 -3.19453888e-02 -4.50175665e-02 -1.39030106e-02
 -2.32003573e-02 -2.48454418e-02  4.66610044e-02  5.68746775e-02
 -1.01564050e-01  7.72677138e-02 -1.15933446e-02 -6.99407905e-02
  5.17249480e-02  6.60151169e-02 -4.58858199e-02 -6.15076646e-02
 -1.02131907e-02 -7.91895390e-03 -3.28562036e-02 -3.04100346e-02
  3.40571664e-02  1.52688706e-03 -1.37815494e-02  3.33013274e-02
 -3.88737349e-03  3.78381871e-02  6.10775826e-03 -4.75938246e-02
  6.28431514e-02 -2.45373230e-02 -2.17168387e-02 -1.70566887e-02
  1.19953491e-02  4.80984263e-02 -1.07241824e-01  1.52462618e-02
  6.53920174e-02 -8.00585281e-03 -4.14993018e-02  3.99551056e-02
 -1.84384151e-03 -4.36144993e-02 -5.51009774e-02  3.55539098e-02
 -2.09853314e-02 -1.64260827e-02 -9.17376485e-03 -5.14977165e-02
 -5.68046756e-02  5.08850776e-02 -2.03561578e-02 -3.41948085e-02
  1.94243006e-02  2.24091299e-02 -7.82368630e-02  1.61824860e-02
  7.93719739e-02  6.71002567e-02 -1.18576956e-03 -8.99526104e-02]