[-3.12735140e-02 -9.62142926e-03 -1.23373821e-01 -9.29807499e-02
 -8.50807056e-02  3.00798286e-03  7.95345474e-03  1.22822106e-01
 -4.58539240e-02  9.73028019e-02  6.00790307e-02 -5.06519265e-02
 -2.22332068e-02 -3.16036455e-02 -5.18347509e-02 -1.21037483e-01
  2.17187684e-02 -8.26302171e-02  2.41650287e-02  4.08983380e-02
  1.87805414e-01 -6.44387007e-02 -4.72996645e-02  6.78824401e-03
 -4.06715311e-02  1.31097645e-03 -7.68017769e-02 -3.30773741e-02
 -5.38762286e-02 -6.32028803e-02 -1.15108304e-03  8.86915997e-02
  1.07743695e-01 -7.11966231e-02  3.03320531e-02 -2.76420079e-03
  1.06599450e-01 -7.05935657e-02 -3.21949758e-02  7.10573345e-02
 -9.28483531e-02  1.26972632e-03 -7.69901723e-02 -1.37241064e-02
  4.26586494e-02 -1.82811953e-02  1.64819900e-02  6.80924505e-02
 -7.02370182e-02  4.67316099e-02 -2.28919834e-02  3.44382413e-02
  7.71224266e-03  3.96524258e-02  2.71059275e-02 -1.51751498e-02
  4.03136574e-02  4.47022840e-02 -1.43221412e-02 -2.11655372e-03
 -6.71240210e-04 -2.24384516e-02 -1.37154544e-02  4.26150635e-02
  4.14340049e-02  4.23613600e-02 -2.83599831e-02 -7.16703683e-02
 -5.91138080e-02 -5.63125424e-02  2.31777132e-02 -9.24611464e-02
  1.33621581e-02 -2.75875647e-02 -3.96330729e-02  3.31247784e-02
 -6.89847069e-03  6.50384054e-02  2.73680091e-02 -1.41271710e-01
  3.12188491e-02 -1.57796219e-02 -2.79710963e-02 -1.62815512e-03
  1.49912052e-02 -8.52056593e-03 -1.68199297e-02  2.39788853e-02
  4.01049405e-02 -2.31252536e-02  6.45927116e-02  6.48746639e-02
  2.47753672e-02 -3.04150954e-02 -5.24509931e-03  3.00294813e-03
 -1.89565513e-02 -5.74585870e-02  3.83887254e-02 -3.34630199e-02
  6.35558143e-02 -7.00110849e-03  7.60075217e-03 -2.76905391e-02
 -3.72971632e-02 -4.05667633e-05  4.20480967e-02  1.39863715e-02
  5.86023740e-02  3.49406637e-02 -1.08973652e-01 -2.00709910e-03
 -3.66299599e-02 -4.16714959e-02 -1.14598812e-03  3.22686546e-02
 -8.53404999e-02 -6.97453544e-02  6.67469949e-02 -3.35757509e-02
  4.05191332e-02 -5.50965965e-03 -2.80219838e-02 -6.22859597e-02
  4.84208986e-02 -5.19144721e-03 -1.31372362e-02  1.11125858e-32
 -4.85711619e-02 -2.19050111e-04 -4.63809520e-02 -4.44215797e-02
 -3.43369953e-02  1.82278603e-02 -1.39390826e-02  5.65860095e-03
  7.19939992e-02 -1.75584585e-03  1.87355618e-03  6.77786097e-02
 -1.72569100e-02  7.85440858e-03  8.25981498e-02 -3.99106294e-02
  1.51084419e-02  2.90864259e-02 -3.30678560e-02  3.24755535e-03
 -2.88164709e-02 -2.64235716e-02  2.66980696e-02 -7.54796490e-02
  9.18176323e-02  8.60587135e-02 -9.13848579e-02  8.05776753e-03
 -1.77772511e-02  5.48173301e-02  5.89841828e-02 -7.58944917e-03
  7.40170106e-02 -3.46050709e-02 -4.02299538e-02 -7.07734898e-02
 -1.14761083e-03  2.16971487e-02 -3.01373433e-02 -1.57796443e-02
 -1.54605648e-02 -1.24300746e-02  5.57319319e-04  4.04264033e-02
  3.57088633e-02 -3.11137289e-02  3.49992849e-02  6.77455217e-04
  8.19698423e-02  6.17192499e-02 -6.32824823e-02 -3.59883010e-02
 -1.39490217e-02 -6.43083230e-02 -2.61525027e-02  3.42758037e-02
 -7.72339031e-02 -4.70691249e-02 -5.97722381e-02 -1.08249754e-01
  1.05998479e-03  4.50548418e-02 -2.81103496e-02 -1.00086771e-01
 -7.42020607e-02  1.43209407e-02  2.33923327e-02  4.62604649e-02
  1.10551678e-01  3.15318592e-02 -6.81579560e-02 -1.25466567e-02
 -2.58440822e-02  6.06042482e-02  6.02253489e-02 -1.55200092e-02
  7.14716315e-02  6.02870397e-02 -7.51546249e-02 -1.94568012e-03
 -1.22420099e-02 -1.86158102e-02  3.36392596e-02 -3.57083380e-02
  6.29970133e-02  8.53070021e-02  6.96192533e-02  8.51381347e-02
  5.98441176e-02  1.75027922e-02  2.57540327e-02  2.99971774e-02
 -4.81044501e-03  2.33416483e-02  4.44160998e-02 -1.34924182e-32
 -4.94637191e-02  4.24019024e-02 -7.27159679e-02 -7.40190037e-03
 -4.02072854e-02 -2.62732059e-02 -2.49097906e-02 -2.59479862e-02
  5.80861345e-02 -1.18300259e-01 -8.18374455e-02 -8.89704376e-02
 -1.26209380e-02 -1.66490655e-02 -4.19917963e-02  8.60380009e-02
 -6.39249384e-02 -1.12359941e-01 -1.45245958e-02 -5.34483679e-02
  4.59740572e-02 -5.43587469e-02  5.20388922e-03 -5.83811803e-03
 -1.07620051e-02  2.76146885e-02 -5.64402193e-02 -7.64752254e-02
 -4.14377153e-02 -3.96037847e-02  1.32852001e-03 -7.02754557e-02
 -9.81013291e-03  9.46627930e-02 -5.44725731e-02 -9.03725922e-02
  4.14832383e-02 -1.78426988e-02 -2.50681918e-02  1.02474466e-01
  8.06439519e-02  9.18844715e-02  6.20459951e-02 -5.65115660e-02
 -2.78846212e-02 -4.69236821e-02  2.14971937e-02 -9.97274742e-02
  1.06648440e-02 -7.76085332e-02  1.12328142e-01  4.05806553e-04
  2.01180321e-03  2.45137513e-02 -1.24638667e-02  2.84688417e-02
  2.23122723e-02 -6.61349017e-03 -7.59927034e-02  1.81731228e-02
  5.54943457e-02  4.00854051e-02 -7.72237256e-02  4.28080484e-02
  9.42737684e-02 -1.91498920e-02  1.81828305e-04 -1.74172074e-02
  2.10985797e-03 -2.72921263e-03  4.75337841e-02 -8.29568878e-02
 -1.31296134e-02 -2.98264511e-02 -4.15079668e-02  4.93179588e-03
 -8.55469406e-02  2.72732116e-02 -3.93898189e-02  4.10016626e-02
 -6.10694923e-02  3.19856703e-02 -5.20986430e-02 -1.01656921e-03
 -4.33450192e-02 -3.74908261e-02 -3.42644192e-02 -3.66975702e-02
 -1.46212457e-02 -4.88851569e-04 -6.64993897e-02  5.73331639e-02
 -1.32379346e-02  1.73024870e-02  2.19539343e-03 -6.55841106e-08
  5.09474054e-02 -8.32807459e-03 -1.17329659e-03  3.26264910e-02
  7.58964941e-02 -3.32340375e-02 -2.02862197e-03 -2.47970093e-02
 -7.38877384e-03 -1.41482539e-02  6.39495254e-02 -1.31125925e-02
 -6.31919354e-02 -1.38041414e-02  1.35704959e-02 -6.33591041e-02
  8.27390514e-03  6.50462806e-02 -1.14279501e-05  3.63463513e-03
  6.67597577e-02 -4.96773571e-02 -8.31207484e-02 -2.65295058e-02
 -3.98095101e-02 -3.29743227e-04  3.82240266e-02  1.39987674e-02
 -1.72741991e-02  5.26435748e-02 -4.14712019e-02  7.04506263e-02
  1.64936460e-03 -1.22804128e-01  3.96027463e-03  1.51935620e-02
  6.06912337e-02  8.79650638e-02 -5.77779813e-03  6.71067089e-02
  2.66490430e-02  1.82507411e-02 -1.71943065e-02  3.94261256e-03
  6.33304343e-02 -8.90324116e-02  7.98307639e-03 -7.90352747e-03
  8.50891918e-02 -4.54936698e-02 -5.12283519e-02  7.49945233e-04
  1.99841876e-02  3.55822057e-03 -4.93599661e-02 -8.07992443e-02
  3.22327465e-02  1.80931278e-02 -8.47639814e-02 -2.56166533e-02
  7.25786984e-02  8.19283014e-04  5.21788560e-02  3.56161743e-02]