[-8.10064077e-02  8.65697265e-02 -1.99237727e-02 -2.70584947e-03
 -6.76746145e-02  2.43641324e-02 -2.22521201e-02  8.30108747e-02
 -1.35695739e-02  9.93687660e-02  5.28846867e-02 -6.98570833e-02
 -1.04671434e-01  1.66473221e-02 -7.38330260e-02 -1.34607991e-02
 -2.18766667e-02 -4.37986152e-03 -8.69059283e-03  1.00812040e-01
  4.09904197e-02  2.18072273e-02 -6.24409243e-02  4.89081405e-02
 -1.06124692e-01  4.46139127e-02 -3.85264196e-02  1.33880572e-02
 -7.98116177e-02  5.72422147e-02 -1.25102075e-02  2.94172242e-02
  3.05330772e-02 -2.32431535e-02 -1.63647570e-02 -3.89275178e-02
  3.30512337e-02 -3.34210023e-02 -7.10155768e-03  5.97386360e-02
  2.53688432e-02  8.78349319e-03 -3.19053754e-02 -3.37295271e-02
  5.96921891e-02 -1.17812008e-02  5.71165308e-02  8.39078203e-02
  1.71052851e-03 -1.71235017e-02 -2.63934508e-02  7.15272725e-02
 -7.22670481e-02 -6.69689104e-03 -3.14966254e-02 -3.44546437e-02
 -7.55777862e-03 -7.74509683e-02 -1.12125231e-03  2.29226779e-02
  1.96297504e-02 -4.00284957e-03 -4.94501702e-02  5.11956750e-04
  4.11090674e-03 -1.10609978e-01  3.33346911e-02  1.22929295e-03
 -5.56881912e-02  7.67501770e-03  2.40348075e-02 -7.78441206e-02
  5.96459247e-02  1.35760382e-02 -7.53094926e-02  6.43665940e-02
  5.54436743e-02  3.04324850e-02  2.68531293e-02 -1.47325367e-01
  2.37498134e-02 -4.90732938e-02  7.50253722e-02 -4.39580530e-02
  5.87594025e-02 -5.02707437e-02  6.58426136e-02 -6.05439432e-02
  7.90991727e-03 -5.23305032e-03  7.36511275e-02  5.41775562e-02
 -2.69217882e-04  5.79986814e-03  5.96102625e-02  5.45546645e-03
  2.11732951e-03  1.05244443e-02  3.79571803e-02  5.02145104e-03
  1.09727848e-02 -9.01390910e-02 -8.82377848e-03  1.58089609e-03
 -8.81838724e-02  3.45725976e-02  5.36977081e-03 -1.77840877e-03
  5.68073094e-02  6.02647439e-02 -1.12932712e-01  2.30729673e-02
 -2.22441703e-02 -2.08260734e-02 -4.59298752e-02 -2.53677648e-02
 -5.48356138e-02 -5.20689972e-02 -3.56893539e-02  7.60654360e-02
 -8.44462775e-03 -8.41785818e-02 -2.84625869e-02 -4.10645418e-02
  5.52067906e-02 -2.76232623e-02  7.19960853e-02  9.63997056e-33
  5.62942252e-02 -7.73089752e-02  5.04839700e-03 -2.66000573e-02
  2.38713808e-02  5.82898706e-02 -9.69632044e-02 -3.49054337e-02
 -7.75451493e-03 -6.40265420e-02 -5.25011644e-02  8.96715838e-03
  5.29987738e-03  5.85208200e-02  5.59342233e-03  9.71641541e-02
 -4.88255918e-02 -5.97762130e-02 -2.45919637e-02  2.98959063e-03
  3.65279126e-03  3.97597626e-02  3.58677767e-02  3.25294957e-02
  2.30243653e-02  9.23288688e-02 -4.67021018e-02 -1.04795054e-01
 -7.92107284e-02  2.29770653e-02  3.77808139e-02 -6.45732358e-02
 -3.64769250e-02 -7.63035491e-02 -1.94045939e-02  1.80273578e-02
  2.16868427e-02  1.14022172e-03 -6.18581735e-02 -1.53112877e-02
  4.58193235e-02 -3.10443924e-03  3.23804505e-02  3.19573544e-02
  5.89031279e-02 -2.84554381e-02  3.50063331e-02 -2.10350752e-02
  7.35727325e-02  7.21333697e-02 -4.54121046e-02 -5.05635403e-02
 -1.33906873e-02 -2.18215603e-02  9.49691236e-03  3.56711671e-02
 -1.22307509e-01  7.58733377e-02  4.25464250e-02 -3.75775397e-02
  3.67767327e-02  2.38929391e-02 -2.23729219e-02 -1.39129143e-02
  3.06408620e-03  5.81875956e-03  1.82911362e-02  6.67512566e-02
  6.93852976e-02 -5.48730493e-02 -8.18680823e-02  3.03769149e-02
 -4.33137715e-02  2.41443310e-02 -6.04778044e-02  3.22703533e-02
  9.78007242e-02  1.56895835e-02 -5.21875434e-02  1.75898988e-02
 -7.11283237e-02  3.53970416e-02  6.14517704e-02 -2.95773875e-02
  5.36942482e-02  4.40479666e-02  1.20009743e-02  2.58109570e-02
 -4.06901352e-02  3.70487124e-02  9.72902123e-03  7.91947916e-02
 -5.63024469e-02  1.64781343e-02  2.27511935e-02 -1.19679460e-32
  6.98109418e-02 -3.04290000e-02 -2.77831173e-03  2.06889454e-02
  2.71792151e-02  2.57730600e-03 -1.37393638e-01  3.86489220e-02
 -1.75700933e-02 -1.27006829e-01  1.33305509e-02 -2.48415284e-02
  9.23536345e-02 -8.61039793e-04 -3.34267039e-03 -1.38334120e-02
 -7.24735633e-02 -8.17979313e-03 -1.12257712e-01 -4.53679599e-02
  1.88794918e-02  9.44833457e-02  3.29210348e-02 -3.83187532e-02
 -4.15737294e-02 -8.02203193e-02  2.70026270e-02 -5.06330989e-02
 -2.93393210e-02 -9.59379673e-02  5.40821701e-02  6.37470260e-02
 -6.84718341e-02  6.32652491e-02  2.89144143e-02  2.50255316e-02
  9.99671295e-02 -1.67869180e-02 -6.89763278e-02  1.23495929e-01
  8.32106248e-02  1.06495127e-01 -2.75828149e-02 -5.77643476e-02
 -2.10282467e-02  1.58963352e-02 -4.99818772e-02 -7.51142739e-04
 -2.51320144e-03 -4.96520475e-02  9.66392606e-02 -7.17387795e-02
 -5.35923764e-02  1.40321697e-03  8.13661739e-02 -8.25505629e-02
  2.52269412e-04 -3.18969004e-02 -5.21371663e-02  8.09810963e-03
  2.63370834e-02  5.35320230e-02 -9.05685946e-02 -7.05048069e-02
  2.57616807e-02  3.41510847e-02 -4.38235886e-02 -5.26481122e-03
  3.70033793e-02  4.93438654e-02  5.57607636e-02 -7.49155506e-02
 -8.16729069e-02  7.90056307e-03 -3.24962009e-03  4.61000949e-02
 -5.63269146e-02  4.10326272e-02  3.54395658e-02  2.20765099e-02
  1.12162586e-02 -8.36882591e-02  4.86811101e-02  6.34516776e-02
 -3.39544639e-02  2.10398249e-02 -8.85099545e-02 -1.08360849e-01
 -4.24103206e-03  3.86795625e-02 -2.57172026e-02 -7.91497529e-02
  2.61992831e-02  1.98651943e-02 -5.49396947e-02 -7.47321565e-08
  8.61589834e-02  3.98766473e-02  5.55975176e-02  5.03046662e-02
 -1.39490692e-02  3.80053148e-02 -2.44450029e-02 -1.24919666e-02
  1.23100756e-02  8.69041383e-02  6.32455423e-02  1.53248738e-02
 -2.86231190e-02 -9.70158167e-03 -3.21586877e-02 -9.46229510e-03
  1.11230882e-02  5.31046726e-02 -2.48886012e-02 -2.37103216e-02
 -9.80187301e-03 -3.83252166e-02 -1.46973897e-02  1.03266509e-02
  2.98985317e-02 -6.00333996e-02 -2.73295231e-02 -5.78004159e-02
 -3.46348411e-03 -4.07608114e-02 -9.50411893e-03  2.18963400e-02
  9.05767530e-02 -6.65485263e-02 -3.50888856e-02 -4.70915511e-02
  4.88196984e-02  2.76999921e-03 -5.18174544e-02  6.56132353e-03
  1.27654880e-01 -2.45767571e-02  1.60016231e-02 -2.95784455e-02
  4.07709889e-02 -4.88947779e-02  4.81212214e-02  2.07286347e-02
 -4.60707992e-02 -5.61084896e-02 -3.41790691e-02  4.45547961e-02
  7.64184305e-03  8.50151032e-02 -9.25089493e-02  1.34709124e-02
  2.73443125e-02  2.70361267e-02 -1.49365850e-02 -1.66319497e-02
  7.18344226e-02 -9.32910945e-03 -7.84121230e-02 -2.35539172e-02]