[-2.58336458e-02  7.52886534e-02 -7.47541189e-02 -8.04825574e-02
 -6.20015152e-02  7.72332177e-02 -5.46070933e-02  4.68046553e-02
  8.57301801e-03  8.45207870e-02  9.22153220e-02 -1.69619862e-02
 -5.22437133e-02 -1.58110994e-03  3.07244677e-02 -5.19770011e-02
  6.88947439e-02 -5.29058650e-03 -2.21618768e-02  9.05427188e-02
  9.83320251e-02 -4.38419543e-02 -6.14434816e-02  6.43077195e-02
 -7.04661459e-02 -1.79258594e-03  1.75945703e-02 -3.35491518e-03
 -4.00301926e-02 -3.16760130e-02 -1.32561568e-03 -1.67820025e-02
  1.01207033e-01 -3.10462974e-02  5.86881069e-03 -5.43706585e-03
  3.67825963e-02 -5.04505634e-02 -6.71807155e-02  7.37779140e-02
 -4.58360910e-02  1.79554578e-02 -4.50960658e-02 -4.66517806e-02
  5.00532947e-02 -2.24575289e-02  7.77604952e-02  1.99375544e-02
 -3.61929499e-02 -5.64826019e-02 -2.63621472e-02 -1.82445068e-02
 -4.60154042e-02  3.18404324e-02  1.51437875e-02 -5.93546294e-02
 -4.95337695e-02 -5.61469123e-02  2.86210459e-02 -1.11070229e-02
 -1.89091489e-02  5.06521109e-03 -2.47244705e-02 -2.64072325e-02
 -2.70120595e-02  2.22027805e-02  2.50012074e-02 -1.06313461e-02
  1.51224919e-02  7.11802170e-02  1.00015057e-02 -2.94251535e-02
  3.24920341e-02  2.75083166e-03 -4.78750505e-02  8.82948861e-02
  3.84913497e-02  1.42264841e-02  2.16128118e-02 -2.24141791e-01
 -3.90463732e-02  6.97564706e-02  1.56503360e-04 -7.76914433e-02
  1.50778051e-03 -5.19325584e-02  2.52765454e-02  4.96921465e-02
  7.43811503e-02  1.84488185e-02  5.60871027e-02  7.42679015e-02
 -1.71238929e-02 -8.78285021e-02 -2.55453419e-02 -3.10185074e-04
 -3.02001238e-02 -8.15760866e-02  8.47135857e-02 -6.23061098e-02
  1.14120327e-01  5.45968674e-02 -4.36745584e-03  3.83603881e-04
 -1.32455193e-02  5.35337068e-03 -2.40042750e-02 -6.29217848e-02
 -8.78097955e-03  1.79897755e-01 -7.54722953e-02  8.16973299e-03
 -7.02949911e-02 -4.89580669e-02 -8.19615461e-03  6.11416847e-02
 -3.74536701e-02 -3.04734763e-02  3.35245505e-02 -3.26649435e-02
  1.70830190e-02 -7.35873431e-02  6.93849772e-02 -6.48989901e-02
  3.03900265e-03 -1.74160097e-02  6.20017871e-02  9.05048072e-33
 -4.54906225e-02 -4.91320714e-02 -2.83996705e-02  1.63480602e-02
  2.00592969e-02 -2.10956149e-02 -1.10012908e-02  2.14911569e-02
  5.93240969e-02  4.87118624e-02  7.25898519e-03 -5.00262063e-03
 -2.87760459e-02  3.60692888e-02  6.19793460e-02 -2.87214629e-02
  4.71175797e-02  2.69949697e-02 -4.51033004e-02 -1.77311413e-02
 -2.26893965e-02 -1.67551788e-03  1.96440443e-02 -2.96864603e-02
 -5.24851540e-03  1.36883250e-02 -4.05664854e-02 -3.94332176e-03
 -8.09421912e-02  2.54618358e-02  8.58902186e-02 -1.45124365e-02
  3.56915332e-02 -6.00657985e-02 -5.99314384e-02 -2.16872571e-03
  1.91575699e-02 -1.65490303e-02  2.43351739e-02 -3.88769507e-02
 -1.03991209e-02  2.12108507e-03  4.71028611e-02  5.64654581e-02
  4.87621576e-02 -8.92601982e-02  1.53865025e-03 -3.29965726e-02
  3.44449468e-02  1.45977112e-02 -9.19101946e-03  1.74089277e-03
  6.55853003e-03 -7.45734125e-02  6.30717119e-03  9.77101363e-03
 -9.69753265e-02  1.90311112e-02 -4.47009578e-02 -9.77185145e-02
  1.62625115e-03  2.54316162e-02 -2.19261292e-02  3.08628753e-02
 -1.07667841e-01 -2.06834935e-02 -6.83782203e-03  3.26887146e-02
  8.10427070e-02 -7.81640783e-03 -9.68474522e-02  2.55375057e-02
 -1.07972108e-01 -4.07579960e-03 -1.59434639e-02 -7.81940017e-03
  4.92379479e-02  5.14244623e-02 -2.30210740e-02 -3.12568061e-03
 -6.06088601e-02  5.13981357e-02 -4.96714795e-03 -2.03867238e-02
  5.78028858e-02  6.54308945e-02  4.45572101e-02  6.84898794e-02
  3.18288393e-02  4.57377871e-03  6.33927882e-02  4.88905609e-02
  7.35289697e-03  2.63520679e-03  8.93421695e-02 -1.19087900e-32
 -1.48834381e-02  1.67757403e-02 -1.26966629e-02 -1.45130502e-02
  2.01641973e-02 -1.00423563e-02 -6.06095754e-02 -9.51404646e-02
 -3.88347283e-02 -1.85018346e-01 -8.94722790e-02 -9.88850594e-02
  7.99056366e-02 -4.54230681e-02 -2.16225814e-02  1.03080953e-02
 -9.78329182e-02 -2.34821532e-02 -4.63787653e-02 -3.06303278e-02
 -1.29542323e-02 -2.46146508e-02  4.76820804e-02 -1.41363079e-03
  7.21094711e-03 -7.00998306e-02 -5.07254265e-02 -9.86677501e-03
  2.68330742e-02 -2.52809245e-02  7.34862462e-02  4.23012152e-02
 -5.33586517e-02  1.26911864e-01 -6.16506264e-02 -9.91515368e-02
  8.75905249e-03  1.81490928e-02 -2.01594457e-02  8.13592225e-02
  8.58333036e-02  4.86077294e-02  7.29772670e-04 -2.31436361e-02
 -1.34677887e-01  2.33784392e-02  5.24572097e-02 -1.26182184e-01
  4.79581319e-02 -4.93460894e-02  9.32938829e-02 -6.48333924e-03
 -1.10332510e-02 -1.84155274e-02  6.96065128e-02  2.09588911e-02
 -2.67897211e-02 -8.68635848e-02 -4.09292728e-02  1.98393427e-02
  4.76305634e-02  3.50733250e-02 -4.32785926e-03 -1.66039225e-02
  1.14618838e-01 -7.16511672e-03 -6.77222759e-02  4.01612669e-02
  1.87137108e-02 -2.07765736e-02  6.04113266e-02 -4.37228999e-04
 -4.36833836e-02 -4.54439670e-02  2.26699896e-02 -5.17422818e-02
  1.45218084e-02 -1.62986293e-02 -1.33194290e-02  6.82847351e-02
 -3.41438167e-02  2.88475789e-02 -1.24596264e-02 -4.66123420e-05
 -7.96146914e-02  3.25881392e-02 -5.02482895e-03  3.67300101e-02
 -1.56956119e-03  8.56080055e-02 -5.52925691e-02  4.16015685e-02
  2.70749200e-02  5.70517639e-03 -4.63189632e-02 -5.75765782e-08
 -5.95383160e-03 -1.94169767e-02  1.01838328e-01  3.24370749e-02
 -9.25675035e-03 -2.55318675e-02 -4.40005101e-02 -1.77246984e-02
 -2.51378398e-02  2.00640187e-02  2.63710860e-02  4.24202718e-02
  1.35317985e-02 -1.14676235e-02 -8.64974484e-02 -6.60829842e-02
  9.36005935e-02  1.72742251e-02 -2.60836426e-02 -2.25790832e-02
  2.86247432e-02 -2.37277858e-02 -6.00222275e-02 -8.93185753e-03
  7.94797391e-02  8.22886452e-03 -3.67739387e-02  4.13775817e-02
 -3.14016491e-02  7.69137368e-02  1.81892775e-02 -3.73014212e-02
  5.59832864e-02 -3.88593040e-02 -7.86709785e-03 -5.27228378e-02
  4.17796113e-02  2.44821366e-02 -6.24375837e-03 -3.49105708e-02
  1.40318856e-01 -6.50175959e-02 -3.92234139e-02 -9.71830101e-04
 -4.39656377e-02 -1.98949203e-02 -6.29151240e-02  8.59251171e-02
 -5.50918840e-02  1.53761609e-02 -6.79410845e-02  6.58778055e-03
  6.68816492e-02  3.65090109e-02  3.08292657e-02 -1.78517550e-02
  3.76409069e-02  3.65959038e-03 -3.19456705e-03 -1.85268857e-02
  7.39382282e-02  2.72365361e-02  2.04562349e-03 -1.32228136e-02]