[ 2.23594736e-02  5.10472432e-02 -5.86174317e-02 -2.81752385e-02
 -3.76545847e-03  5.34386039e-02  2.79897861e-02  1.03529081e-01
  1.08749541e-02  6.87338933e-02  1.25883505e-01 -3.52005251e-02
  1.74722692e-03  3.91968600e-02 -2.36550663e-02 -1.09788328e-01
  3.13823298e-02  2.17284337e-02 -1.21476660e-02  2.01341063e-02
  1.46594688e-01 -2.65309513e-02 -3.31510641e-02  1.76850855e-02
 -6.51206821e-02 -5.38479723e-02 -4.64137867e-02  2.20483541e-02
 -7.05777556e-02 -1.20581985e-02 -4.04895432e-02  6.10740595e-02
  9.75480378e-02  2.59205438e-02 -3.61763649e-02  3.58067825e-02
  4.81790863e-02  7.16495654e-03 -7.67198801e-02  4.74683009e-02
 -1.11993529e-01 -3.14799361e-02 -6.90699741e-02 -4.84028272e-02
 -4.66752723e-02 -3.51160988e-02  2.40676682e-02 -4.00526337e-02
 -1.12610631e-01 -1.52709056e-02 -4.86568473e-02 -1.28665753e-02
 -1.73812602e-02  4.42844033e-02 -3.49049382e-02 -6.02574721e-02
 -1.22934747e-02 -2.65235268e-02 -4.08207290e-02  6.61604479e-02
  2.59721614e-02  2.89355367e-02 -1.18797058e-02  1.98061671e-02
  5.37113920e-02  9.14675929e-03 -1.86162703e-02 -3.74626070e-02
  4.36439470e-04 -2.93241683e-02  3.53712514e-02 -7.25346878e-02
  8.27674661e-03  2.70029176e-02 -4.11965558e-03  4.88197245e-02
  2.91313864e-02  4.15727831e-02  5.15966676e-05 -1.45643681e-01
 -5.55672566e-04 -6.64019399e-06 -3.86241302e-02 -2.39018463e-02
 -3.80607620e-02 -5.18374331e-02 -3.27480324e-02  2.07733409e-03
  4.27342616e-02  6.43219845e-03  4.39972058e-02  9.09593478e-02
 -4.64241505e-02 -2.70546842e-02  3.20925936e-02 -2.87553854e-02
 -1.12954583e-02 -3.05625778e-02  3.54379900e-02 -5.21887988e-02
  2.03217585e-02  3.52395438e-02  3.60240377e-02  7.18381703e-02
  1.11823585e-02 -1.05038462e-02  3.41648571e-02 -1.07069239e-01
  1.98788028e-02  9.53972489e-02 -5.99485189e-02 -2.31356788e-02
 -1.04984105e-01 -8.10363218e-02 -7.43223578e-02  7.35111535e-02
 -6.94005117e-02 -3.18773985e-02  8.98094699e-02  2.14892458e-02
  2.61669066e-02 -1.37467561e-02  4.68196087e-02 -8.52969587e-02
  7.96515271e-02  7.00314716e-03  9.99335106e-03  8.29786017e-33
 -4.18173335e-02  3.73181095e-03 -7.18163028e-02  6.65696412e-02
  5.29410085e-03  5.77705428e-02 -9.27154068e-03  9.59946774e-03
  4.65692282e-02  1.61436703e-02 -4.40609865e-02  1.09759226e-01
  1.12561341e-02 -1.95712727e-02  9.99952257e-02 -5.08900695e-02
 -1.72014851e-02  6.75493702e-02  2.41677905e-03  3.99273932e-02
 -1.38420044e-02 -1.52593423e-02  2.98223123e-02 -7.05008954e-02
  9.11512673e-02  3.59005071e-02 -4.23685201e-02 -6.80169929e-03
 -2.72429176e-03  2.90257484e-02  7.64057338e-02 -9.50714666e-03
  3.49065661e-02 -8.78648236e-02 -6.54873019e-03 -1.86582133e-02
  3.11938897e-02  2.83419434e-02 -2.22570263e-02 -3.62478234e-02
 -4.63059284e-02 -2.49931104e-02  1.04075752e-01  1.73225882e-04
  6.51321188e-02  8.07426311e-03  9.01490822e-02  2.11555138e-02
  1.13931216e-01  2.88089011e-02 -2.49190126e-02 -3.36818509e-02
 -6.73217624e-02 -8.35538357e-02  6.96573267e-03  2.02404172e-03
 -2.99953669e-02  2.11282931e-02 -5.83025031e-02 -6.98542595e-02
 -4.96042110e-02 -1.97735339e-04 -7.66473170e-03 -5.20019187e-03
  1.63174979e-02 -8.32596719e-02  1.62671469e-02 -4.18180553e-03
  1.58407107e-01 -1.38318015e-03 -1.14239156e-01 -7.49020604e-03
  3.28129381e-02  3.10638137e-02  3.24713718e-03  6.16356470e-02
  6.47997931e-02  3.35915647e-02 -6.29074685e-03 -3.18801999e-02
 -4.16446291e-02  9.07539856e-03  1.23765052e-03  3.81749906e-02
  5.45060523e-02  5.09824418e-02  3.21630314e-02  4.77775000e-02
  1.57703413e-03  5.19170165e-02  7.04753697e-02  1.08798333e-01
 -2.08345205e-02  5.31403124e-02  4.29223664e-02 -1.06148411e-32
 -1.62231680e-02  5.42941177e-03 -3.24069597e-02 -1.53838247e-02
  9.76131856e-03  1.80227440e-02  2.88739819e-02 -9.06809606e-03
 -6.06393516e-02 -8.58424678e-02 -4.99756113e-02 -1.40779123e-01
  5.48036434e-02 -5.71536571e-02 -6.21636584e-02  3.26166265e-02
 -8.26123580e-02 -2.72458438e-02  1.55715523e-02  4.11462784e-02
  4.69663851e-02  6.28581196e-02 -2.08887924e-02  3.92777752e-03
 -8.23300425e-03 -3.85286734e-02 -2.62047630e-02 -2.84968112e-02
 -9.23092291e-02 -2.31816657e-02  1.48046240e-02 -3.19587067e-02
 -5.59568480e-02  1.29213214e-01 -7.46607706e-02 -7.84490779e-02
 -6.15771208e-03 -5.72666861e-02  4.53865575e-03  1.07721865e-01
  9.14168283e-02  6.92601800e-02  2.15393417e-02 -6.54237345e-02
 -8.85714814e-02 -4.18661237e-02  6.88363099e-03 -1.25730261e-01
 -1.39383078e-02 -4.56493795e-02  8.95977467e-02 -7.46789798e-02
 -2.69802585e-02 -7.96794891e-02  2.37446763e-02 -2.22700890e-02
 -2.16272790e-02 -5.63681237e-02 -8.67417082e-02  5.14669381e-02
  1.49484724e-01  1.99722368e-02 -5.58561832e-02  2.82275658e-02
  6.29382720e-03  9.46886186e-03 -1.99978035e-02  8.05257335e-02
 -3.79562890e-03 -1.95613410e-02  4.91585061e-02 -1.02192208e-01
 -3.41837406e-02 -9.01130289e-02 -2.25245091e-03 -6.01028688e-02
 -3.46275605e-02  7.17139279e-04 -3.03612314e-02  3.10861040e-02
 -5.63357696e-02 -1.26355700e-02 -5.79956360e-02 -1.90665480e-02
  8.47412087e-03  1.96694792e-03  2.31888350e-02  4.49452139e-02
  4.06486243e-02 -2.80018300e-02 -9.53860953e-02  8.51332247e-02
 -3.46769276e-03 -2.90975496e-02 -1.93720441e-02 -6.13485156e-08
  4.19128463e-02 -1.21478904e-02  4.73801717e-02 -1.96456518e-02
  5.27022183e-02 -7.59321079e-02  4.52564302e-04  1.98991392e-02
 -1.31197162e-02  6.52378127e-02 -2.80644055e-02 -3.56933512e-02
 -4.51759100e-02  3.62240640e-03  6.71520978e-02 -7.87598863e-02
  5.75318336e-02  9.48105380e-03 -2.24077515e-02 -2.81436071e-02
  1.41336219e-02 -2.32596789e-02 -1.00766793e-01  8.54101125e-03
 -1.42827872e-02 -4.69908025e-03 -3.28197964e-02  1.14489961e-02
  6.32200111e-03  8.98377225e-02 -1.99461449e-02 -6.71703182e-03
  2.11373009e-02 -6.99101090e-02 -3.30165513e-02  1.79872718e-02
  4.63343933e-02  8.73009581e-03 -5.27139753e-02  4.82309051e-02
  3.72146368e-02 -6.03140369e-02 -3.02882325e-02  3.18450183e-02
 -3.79038267e-02 -1.73800234e-02 -5.19248545e-02  4.07449491e-02
  2.08448921e-03 -3.63659002e-02 -2.35368460e-02 -2.02863887e-02
  1.52917225e-02 -1.52098183e-02 -2.54187249e-02 -2.46589724e-02
  2.75358036e-02  4.26108986e-02 -7.02530891e-02 -1.24530783e-02
  5.91664389e-02  7.24948943e-02 -2.09057331e-02 -1.90648772e-02]