[-6.54983521e-02 -3.72012630e-02 -5.82054146e-02 -1.11636810e-01
 -5.35380617e-02 -1.13207258e-01  2.32522171e-02  4.93116342e-02
 -1.03225596e-02  4.48438749e-02  4.75992225e-02  3.70280221e-02
 -4.43512574e-03 -3.54087865e-03  1.00338086e-01 -3.09386496e-02
  1.26986532e-02 -2.81799026e-02  2.64510158e-02 -2.59975493e-02
  1.61503121e-01 -5.54662459e-02 -8.26686919e-02  1.61932465e-02
 -1.03169501e-01 -8.36740136e-02 -8.41278303e-03 -6.97123026e-03
 -7.98599273e-02 -6.15914427e-02 -1.26766264e-02  8.13689735e-03
  9.09271538e-02 -1.92059204e-03 -2.49821935e-02  3.90972532e-02
  2.99461242e-02 -5.61079234e-02 -1.22477286e-01  4.42969948e-02
 -1.10113420e-01 -3.49592194e-02 -6.68660849e-02 -1.58328433e-02
  1.27241109e-02 -3.64877135e-02 -4.78529781e-02  1.07410699e-02
 -1.53533136e-02 -4.75028008e-02 -1.01314723e-01 -5.24974428e-02
 -3.16909850e-02 -4.67655808e-02 -2.31735744e-02 -2.33222730e-02
  2.65946146e-02  1.24223670e-02  1.08709857e-02  5.80661173e-04
 -1.63100585e-02  7.72218080e-03 -2.03749631e-02 -2.66391132e-02
  2.99674943e-02  2.54152040e-03 -5.63716050e-03 -2.48009674e-02
  5.64582064e-04 -2.13820860e-02 -4.16535176e-02 -5.65618612e-02
  5.87109700e-02  4.89763822e-03 -9.23629329e-02  3.79199907e-02
  7.42363883e-03  6.00181073e-02  8.53641238e-03 -1.82365865e-01
  3.50966379e-02  2.45467182e-02 -4.87013645e-02  4.70636645e-03
  3.13204750e-02  1.29615562e-02 -1.05418004e-01  2.03297492e-02
  3.17958333e-02 -2.32471656e-02  5.28299436e-02  3.53211607e-03
 -6.83899745e-02 -4.24113423e-02 -5.43744536e-03  2.31096260e-02
  4.37212288e-02 -5.46411686e-02  4.17500027e-02  9.83270351e-03
  1.61657147e-02 -6.50171377e-03  4.77760658e-02  2.85257748e-03
 -2.03981660e-02  1.66908298e-02 -2.72022896e-02 -1.55250635e-02
  1.28639909e-02  8.08239952e-02 -1.13438934e-01 -5.29058240e-02
 -1.28524035e-01 -7.59829879e-02 -9.53696221e-02  1.33178718e-02
  3.46118002e-03 -4.32189777e-02  3.64519060e-02 -2.76285596e-02
  4.58319038e-02 -6.62597548e-03  3.75815220e-02 -6.55735508e-02
  8.87207314e-02  1.04448572e-02  8.55379626e-02  1.04924596e-32
 -7.08051994e-02 -2.85791308e-02 -6.35286570e-02 -6.02093898e-03
 -1.05223041e-02  2.38401257e-02  1.56538989e-02  2.93501634e-02
  4.75323983e-02  1.80648261e-04 -5.28415106e-02  4.30411957e-02
 -1.86807755e-02 -3.67773473e-02  1.16210066e-01 -7.89779201e-02
  5.50940745e-02  4.08465862e-02  4.15213034e-02  2.77675111e-02
 -2.32363567e-02 -2.42530908e-02  9.58480500e-03 -1.50611605e-02
  7.91312456e-02  8.73352736e-02 -4.84098233e-02 -1.19819622e-02
  7.28289634e-02  5.38249547e-03  1.39373749e-01 -3.68184485e-02
 -4.24831873e-04 -5.55295544e-03 -5.01789898e-02  1.07740173e-02
 -6.33495599e-02  1.22357542e-02  1.59653146e-02  1.76336560e-02
  6.45135297e-03 -8.62585288e-03  5.06170094e-02  3.18969674e-02
  1.76707972e-02 -3.81132960e-03 -1.37495287e-02  5.58091961e-02
  1.02493197e-01  5.71791641e-02 -2.76728533e-02  8.71615484e-05
 -9.77282692e-03 -2.46157404e-02  3.58024091e-02  1.03228064e-02
  1.61188710e-02  4.44573276e-02  2.66405428e-03 -6.23823702e-03
 -9.14789438e-02 -7.22334580e-03  2.88942531e-02 -7.19228312e-02
 -1.69496983e-02 -8.18831623e-02  4.95486185e-02  1.40881538e-02
  8.06895494e-02  2.10575256e-02 -3.92204523e-02 -1.64230615e-02
  5.56847919e-03  3.67912315e-02 -6.75950125e-02  1.94460452e-02
  3.01252399e-02  2.15322990e-02 -7.78430179e-02 -3.68356220e-02
 -5.34374788e-02 -9.53540020e-03 -1.67035405e-02  3.23907025e-02
  5.83021641e-02  3.52772251e-02  5.00071142e-03  6.77724257e-02
  2.12698020e-02  2.20458154e-02  5.90687655e-02  1.10261634e-01
 -3.71893309e-02  5.56093790e-02  5.19415401e-02 -1.22986302e-32
  2.80501903e-03 -5.26810880e-04 -2.06933916e-02  6.92487881e-02
 -4.17836681e-02  4.78241406e-02  3.61336805e-02 -3.03420052e-02
 -9.09804925e-02 -8.46890733e-02 -5.02358302e-02 -1.83576718e-02
  2.78990623e-02 -7.08835316e-04 -5.59296198e-02  5.62377349e-02
 -1.39606357e-01 -3.60965319e-02  1.66122075e-02  1.45646688e-02
 -5.35294265e-02  1.08489864e-01 -3.05193141e-02  2.44351048e-02
  1.01970071e-02 -6.00090921e-02 -6.37692660e-02 -2.77973916e-02
 -5.18174693e-02 -7.95327723e-02  3.87376249e-02 -6.19854927e-02
 -1.23237669e-02  9.58005041e-02  7.01217279e-02 -7.71966875e-02
  4.84423637e-02  3.93717848e-02 -1.13931578e-02  1.10491186e-01
  1.46370262e-01  2.89539956e-02 -8.39947315e-04 -5.76383844e-02
 -6.82886615e-02 -3.39888223e-02 -4.71311063e-02 -8.77930596e-03
  2.86722351e-02  1.23081077e-02  5.04974276e-02 -1.06343523e-01
  1.12369854e-03 -8.94217342e-02  5.96338734e-02 -9.07217246e-03
  3.85256670e-02 -6.81262314e-02 -5.75349331e-02  1.88581198e-02
  4.71488684e-02 -7.95929357e-02  5.36156297e-02  2.04953160e-02
  6.98178113e-02 -3.44779007e-02  4.04355861e-02  9.23136026e-02
 -2.61652283e-03 -1.75718069e-02  4.01671305e-02 -2.39654837e-04
 -6.51077484e-04 -6.45689443e-02 -8.05029459e-03 -2.27591954e-02
 -2.30318028e-02  1.88125614e-02 -1.39933778e-02 -3.24398950e-02
 -3.04563250e-02  6.07306808e-02  2.17115283e-02  2.70478195e-03
 -9.22702402e-02  1.50930015e-02  6.26782775e-02  1.69712417e-02
  1.36988666e-02 -4.50549275e-02 -7.47474656e-02  1.00157961e-01
  3.95002887e-02  9.64435115e-02 -4.15164083e-02 -6.61874751e-08
 -7.93506298e-03 -2.73473691e-02  4.88931760e-02  1.51711851e-02
  3.12777348e-02 -4.86252978e-02  3.55820805e-02  4.59304266e-02
  1.83709152e-03  4.30642925e-02 -1.88629609e-02 -4.20236625e-02
 -4.28830273e-02  1.47503093e-02  7.79153928e-02 -1.17308805e-02
  7.00103268e-02  6.33546114e-02 -3.70475389e-02 -6.75084516e-02
  5.40177114e-02 -2.97613582e-03 -4.07089405e-02  1.28447087e-02
  9.02368724e-02 -4.93765958e-02 -4.24969383e-02  1.73311792e-02
  1.59165543e-02  4.12574187e-02 -4.52752262e-02 -3.40543501e-02
  7.19445497e-02 -9.13978834e-03  6.93721473e-02 -4.38121185e-02
 -3.90784107e-02  4.16107848e-02 -1.08772684e-02  3.52932252e-02
  4.84511927e-02 -4.93503874e-03 -5.47338277e-02 -4.66572046e-02
  3.70742492e-02 -4.15161438e-02 -6.08081259e-02 -7.15592643e-04
  8.04328301e-04  3.81960324e-03 -1.20238975e-01 -1.61507528e-03
  4.07761149e-02  3.07712723e-02  4.30625752e-02 -3.70323732e-02
 -7.25304475e-03 -3.06625757e-03  9.09665525e-02  5.18247597e-02
 -1.51065513e-02  1.97951421e-02  5.98645443e-03  3.31165902e-02]