[-5.68839535e-02 -2.97217853e-02 -9.52309556e-03 -6.07764721e-03
 -7.06157014e-02  4.07189094e-02  2.83088777e-02  2.52572019e-02
  1.83527377e-02  4.78483438e-02  1.54357553e-01 -3.60439382e-02
 -9.07704830e-02 -2.49028038e-02 -6.00366741e-02  5.10321334e-02
 -7.40863457e-02  1.43175796e-02 -2.00538002e-02  1.17352106e-01
  3.74477617e-02 -8.41788724e-02 -1.99143477e-02  8.91551599e-02
 -5.04398793e-02 -3.71900834e-02 -4.48800251e-02  6.11400642e-02
 -1.03029937e-01 -3.69335338e-02 -2.02975124e-02  6.48678541e-02
  3.39476503e-02 -6.59225732e-02  1.64776221e-02  4.29087207e-02
  9.86228511e-03 -5.18440306e-02 -2.02283785e-02  3.45991403e-02
  8.98250937e-03 -4.77541350e-02 -2.75074188e-02 -1.60777494e-02
  1.74171310e-02  1.16356660e-03  5.03417924e-02 -3.57941538e-02
 -3.36115398e-02  1.97656751e-02 -5.38720936e-02  4.21126857e-02
 -3.66216786e-02  6.99381623e-03 -2.96389330e-02 -7.87361059e-03
 -1.69412382e-02 -2.81418283e-02  2.11871471e-02 -3.97613272e-02
  2.98450980e-02  9.19528455e-02 -3.38291340e-02  3.30248363e-02
 -1.65510587e-02 -4.03448641e-02 -5.81511995e-03 -7.24932030e-02
 -4.02150713e-02 -4.53092717e-02  3.93737927e-02 -1.52499899e-01
  4.08111624e-02 -7.61805428e-03 -4.95833084e-02  5.31879701e-02
  3.85226607e-02 -8.09381306e-02 -7.66622871e-02 -6.97411969e-02
 -3.01209949e-02  4.79837172e-02  5.19164130e-02 -4.75115888e-02
  4.22852039e-02 -4.90467064e-02  3.14885154e-02 -1.90793499e-02
  5.67765068e-03  7.89885502e-03  4.77263369e-02  1.01534076e-01
 -9.50582400e-02  3.72414440e-02  1.33881032e-01  3.52492295e-02
  6.73928931e-02  5.21815196e-02  1.35852816e-02 -4.80505079e-03
  4.35963012e-02  1.82642769e-02 -1.11003362e-01  4.41179723e-02
 -7.81157538e-02 -5.72900325e-02 -2.94825863e-02 -8.56845006e-02
  1.77873522e-02  3.44241336e-02 -1.06444754e-01 -4.70049940e-02
 -7.34862164e-02 -4.52862009e-02 -9.12602842e-02  3.05845626e-02
 -3.78129445e-02 -1.20780105e-02  3.18276137e-02  7.11465701e-02
  2.37569716e-02 -5.21958806e-02 -3.07105109e-02  6.55976906e-02
  3.43893692e-02 -8.96617547e-02 -3.22518274e-02  1.17827094e-32
 -2.93554529e-03 -7.38421036e-03  3.10925767e-02  3.75670241e-03
  7.41670877e-02 -4.22955416e-02 -8.03714022e-02 -5.43057397e-02
  7.60244429e-02 -3.92990708e-02 -8.22764710e-02  3.70350033e-02
 -1.01716690e-01 -7.01750442e-02 -1.04972813e-02 -7.83175882e-03
 -2.38167830e-02 -6.54466152e-02 -3.67187001e-02  1.56616997e-02
 -3.56049091e-02  6.35594130e-02 -1.06188729e-02  1.93058960e-02
  1.21862208e-03  4.25222628e-02 -2.90867314e-02  1.16522359e-02
 -8.53520781e-02  5.34735993e-02  1.97803192e-02 -6.88821673e-02
 -4.35022376e-02 -2.05506030e-02 -3.04231290e-02 -4.94436733e-02
  2.28896691e-03 -3.21430899e-02 -4.85928394e-02  3.14377248e-02
 -2.25079488e-02 -6.27123658e-03  7.28868246e-02  4.43903469e-02
  2.46790815e-02  1.82469450e-02  3.09488028e-02 -2.23199395e-03
  7.82567561e-02  3.54714058e-02 -5.16553931e-02 -7.10431784e-02
 -3.47853601e-02 -2.49126740e-02 -1.70839168e-02 -1.81842297e-02
 -1.20602056e-01  2.59514917e-02 -3.02238576e-03 -1.22939562e-03
  4.30687927e-02 -2.20130738e-02  2.22698599e-02 -4.92043719e-02
 -4.32435088e-02  3.33533846e-02  2.92768758e-02  4.25822213e-02
  8.17099661e-02 -5.62697090e-02 -9.36801881e-02 -1.80755816e-02
  2.60058027e-02 -1.63365752e-02  2.83382088e-02  5.50098717e-02
  5.23510389e-02  2.58196369e-02 -4.65033948e-02 -6.08525425e-02
 -4.38851081e-02  2.75306478e-02  9.95534472e-03  4.82341833e-02
  2.83969902e-02  1.03869839e-02  6.18910883e-03  1.74823776e-02
  4.36791368e-02  4.16232124e-02  6.50421232e-02  9.47675779e-02
 -1.94918197e-02 -1.15941115e-01 -7.36176688e-03 -1.16997842e-32
  4.37647849e-02  2.15714723e-02 -4.70346771e-02  4.29716259e-02
  3.96881206e-03 -2.53519081e-02 -1.54958507e-02  3.00737042e-02
  6.48659468e-02 -7.93248639e-02 -3.89219336e-02 -6.63079396e-02
  3.92738869e-03 -7.53340870e-02 -5.83654605e-02  6.72293380e-02
  7.20755681e-02  2.60360464e-02 -4.81332280e-02  7.16208620e-03
 -1.17511377e-02  5.32748513e-02 -4.64100055e-02 -8.04027095e-02
 -5.45481741e-02  3.27882506e-02  1.13871368e-02 -6.00738078e-02
 -1.22539960e-02 -1.77039374e-02  1.81775689e-02  3.18591222e-02
 -2.16646474e-02  1.26580521e-02  2.14386694e-02 -2.05835933e-03
  3.02745029e-02 -2.97103003e-02 -8.94279703e-02  1.24916680e-01
  1.22415312e-01  1.98804624e-02  3.63759734e-02 -5.90714589e-02
 -1.66827552e-02 -3.01412996e-02 -6.34646714e-02 -8.07363540e-03
  3.73156033e-02  1.58945248e-02  1.43198952e-01 -1.50193460e-02
  5.07390313e-02 -6.71496764e-02  8.15629810e-02 -6.18936382e-02
  9.27652046e-02 -7.58062825e-02 -7.55058676e-02  2.55813785e-02
  8.86259601e-02  3.87113765e-02 -5.15040234e-02  1.04361931e-02
  5.47710806e-02  7.64294788e-02 -3.21207009e-02 -1.56502351e-02
  1.25980200e-02  5.97238466e-02  5.65804541e-02 -2.83934791e-02
 -5.43901585e-02  2.59094662e-03 -8.19033831e-02 -1.69988200e-02
 -7.51096429e-03 -5.30456789e-02  4.29799929e-02  3.73161063e-02
 -5.78052625e-02 -2.57473886e-02  8.59913453e-02  2.40660720e-02
 -7.82947242e-03 -1.46315657e-02 -8.44996572e-02  4.68685031e-02
 -2.85169818e-02 -3.23051699e-02  5.72095104e-02 -3.52040865e-02
  6.52872492e-03  3.11747957e-02 -4.50399378e-03 -7.59608270e-08
 -7.19051529e-03 -2.77480800e-02  1.16777848e-02 -7.06541911e-03
  4.90006506e-02 -1.29288221e-02  1.06296949e-01 -1.62881687e-02
  4.35123146e-02  5.62356785e-02  3.79964262e-02  6.73818886e-02
  6.44775629e-02  3.52780358e-03  5.78560960e-03  2.46746186e-02
  3.98752317e-02  6.10860996e-02 -4.23759706e-02 -1.09942993e-02
  2.46331189e-02  9.93023161e-03 -1.11213073e-01 -8.81447047e-02
 -1.45901674e-02  2.55136751e-02 -5.25632463e-02  9.08406153e-02
  6.47590670e-04  1.98356225e-04  5.43923080e-02 -8.90894234e-03
  8.70393664e-02 -6.12684228e-02 -5.64342663e-02 -3.70100290e-02
  2.30419766e-02  2.14529783e-02 -6.44726008e-02  1.57841332e-02
  6.62014335e-02 -2.95673870e-02  6.13127016e-02  2.12126933e-02
  6.20578900e-02 -4.19097766e-02 -2.87008286e-03  7.05215009e-03
  2.03958061e-02  6.81596398e-02  8.24540630e-02  8.78695324e-02
  5.31730130e-02  3.09389569e-02 -6.15752488e-02 -1.56593565e-02
  4.37441245e-02  2.19043344e-02 -4.31862101e-02 -8.04388151e-02
  6.79268539e-02  2.24171188e-02  1.32724568e-02 -1.47753833e-02]