[ 3.38025913e-02  8.26602522e-03 -5.44527173e-02 -1.24584474e-02
  6.34044409e-03 -1.70191657e-02  1.70053146e-03  8.74177068e-02
  2.07084045e-03  1.69056822e-02  3.66976112e-02 -1.16302840e-01
 -3.08145140e-03  3.07345279e-02 -1.84758436e-02 -3.74231637e-02
 -2.91544106e-02  4.72038426e-02 -4.44338955e-02  4.15188670e-02
  1.75809085e-01 -1.79885123e-02  4.11156006e-02  3.79700139e-02
 -1.96601618e-02  5.17869815e-02 -9.27041844e-02  4.61838506e-02
 -2.96903048e-02 -1.07847050e-01 -5.05583175e-02  1.04137212e-01
  1.64760292e-01 -1.08537018e-01 -6.30574906e-03  4.05889610e-03
 -3.94415334e-02 -6.31915405e-02 -1.15777496e-02  9.09409970e-02
 -6.91108480e-02 -1.79477632e-02  4.49084640e-02  5.52124856e-03
 -6.79633319e-02 -6.66478500e-02 -6.38072053e-03  2.11363770e-02
  6.05587177e-02 -1.34365233e-02 -1.08214412e-02  2.12269090e-02
 -7.04978257e-02  9.89005119e-02  1.49791120e-02 -4.86057587e-02
 -5.36044277e-02 -3.31844091e-02  1.02672800e-02 -1.60221159e-02
  4.09720354e-02  7.12421611e-02 -8.76705423e-02 -9.87734869e-02
  5.73194399e-02 -3.05946413e-02 -3.59468646e-02 -6.40794411e-02
 -4.86898124e-02  5.75001575e-02  6.13467842e-02  1.32242525e-02
  1.60757266e-02  6.66629672e-02 -4.97247502e-02  6.46260306e-02
  1.74345151e-02  1.43677369e-02 -1.05899712e-03 -8.26028809e-02
 -2.60667000e-02  3.35677303e-02  2.62953900e-02 -9.31009948e-02
  3.74230333e-02  2.12830696e-02  4.46227714e-02  2.16949848e-03
  1.07669896e-02 -6.52113883e-03  7.24051595e-02  8.93688500e-02
 -1.03644095e-01 -9.65802744e-03 -6.16921373e-02  1.21097872e-02
  1.69310858e-03  3.33803240e-03  5.76794595e-02 -1.87511723e-02
  9.01384354e-02  4.50022742e-02 -4.87442464e-02 -3.78934219e-02
 -7.22356662e-02  5.67636511e-04 -4.33504209e-03  7.79456422e-02
  4.70547490e-02  6.77425712e-02 -8.22347626e-02 -5.19894622e-02
 -8.37155152e-03  2.43211770e-03 -7.75969028e-02  1.44202290e-02
 -7.09877955e-03 -4.07142937e-03 -7.10455254e-02  7.79654924e-03
  2.93180887e-02 -2.13062726e-02  1.21463850e-01 -1.59975104e-02
  4.69515994e-02 -8.65444541e-02 -5.70517629e-02  1.38727656e-32
  3.17485854e-02 -2.89631393e-02 -1.65832322e-02  3.85191217e-02
  2.89955940e-02 -1.22367451e-02 -1.01346456e-01  4.67344634e-02
  1.66626517e-02 -4.22876999e-02 -9.97895151e-02  5.76931611e-02
  3.58154043e-03 -1.58327240e-02  1.25844851e-01 -9.35706869e-02
  7.08478168e-02 -6.19924366e-02  9.90265701e-03  9.88554861e-03
 -8.96179080e-02  5.98963834e-02  4.27208170e-02  1.16197420e-02
  2.90872604e-02  9.49481204e-02 -4.56168922e-03 -4.44681421e-02
 -1.08060770e-01  4.31172065e-02  6.21964857e-02 -3.29049886e-03
 -9.27743837e-02 -6.87152799e-03 -1.51724899e-02 -6.01437241e-02
  6.10425584e-02 -4.32435309e-06 -8.95168260e-02  2.08964441e-02
 -1.76837817e-02  4.29523624e-02  8.71199369e-02  3.81593257e-02
  1.14807840e-02 -1.13954041e-02  4.82157208e-02  8.16429630e-02
  9.11517367e-02  6.28264174e-02 -4.87249121e-02  1.29840467e-02
  3.02976817e-02 -3.89727317e-02 -3.83874029e-02  3.55078019e-02
 -3.36740389e-02  2.74409298e-02 -7.15991762e-03 -1.46894716e-02
  1.01872757e-02  3.65379639e-02  2.44530123e-02  1.49287172e-02
 -4.09409478e-02  1.50379390e-02 -9.99611095e-02  2.09969282e-02
  1.07905962e-01  5.62404692e-02 -4.80258726e-02 -1.40829952e-02
  3.26619111e-02  6.36143982e-02 -1.39054321e-02  3.04300338e-02
  5.08702062e-02 -6.51108623e-02  2.05531586e-02  2.80668400e-03
 -5.32964952e-02  5.23020476e-02  8.22614320e-03 -6.08406626e-02
  5.43706445e-03  3.18915360e-02  3.85739915e-02  3.21002528e-02
  2.55814451e-03  2.79096365e-02 -2.98670195e-02 -2.50459481e-02
 -8.27611610e-03 -9.50729698e-02 -1.01110274e-02 -1.24698557e-32
  5.91599792e-02  3.83054316e-02 -3.47720198e-02  1.94923468e-02
  1.62715907e-03  1.86599270e-02 -1.54918795e-02 -4.16267961e-02
  7.57270353e-03 -4.41111699e-02  2.40851715e-02 -2.78581847e-02
  5.55267669e-02 -8.10360759e-02 -7.91301113e-03  7.69359842e-02
 -7.40665272e-02 -1.69417122e-03 -6.52413815e-02 -4.97859567e-02
 -8.28716978e-02  1.15180761e-01  9.41196922e-03 -2.48238482e-02
 -3.25161107e-02 -9.95649211e-03 -5.90837300e-02 -3.96257602e-02
  3.24770287e-02 -9.54668317e-03  4.93975878e-02 -4.11618054e-02
 -4.06155623e-02  2.19186898e-02 -4.98642288e-02 -3.16280983e-02
  8.02243277e-02  6.36143843e-03  2.88443081e-02  6.28195256e-02
  2.18068622e-02  2.87297554e-02  4.15718555e-02 -1.22872768e-02
  1.76165495e-02 -1.16016410e-01  3.75306681e-02 -7.21069276e-02
  2.34189369e-02 -1.49140432e-02  7.35420808e-02 -6.12953454e-02
 -7.53745511e-02  1.83166396e-02  2.13426389e-02 -1.20883668e-02
 -3.71009223e-02  1.33371539e-02 -9.30814445e-02 -1.62491221e-02
  2.01799478e-02  5.71143739e-02  2.96859723e-02 -3.82127427e-02
  9.05136541e-02  2.45883726e-02 -1.07294032e-02  5.65618984e-02
  6.39285892e-02  3.10555510e-02  5.99228889e-02 -3.34286243e-02
  2.75345203e-02  3.51308240e-03  3.76483276e-02 -4.18122532e-03
  7.88397714e-03  3.48919816e-02  2.92712953e-02  2.41841599e-02
 -2.43859086e-02  8.44276045e-03 -3.02340835e-02 -4.98655513e-02
 -5.57192080e-02 -3.07751559e-02  2.14996040e-02  2.23644935e-02
 -1.96162499e-02  1.31157152e-02  1.23776915e-02 -4.30865948e-05
  9.97665077e-02  3.88468243e-02  6.65393919e-02 -5.81941144e-08
 -1.25457840e-02 -3.63428853e-02 -4.40821350e-02  2.98311282e-02
  6.41368255e-02 -1.07801007e-02 -3.23383808e-02 -4.68094461e-02
  7.95360096e-03 -2.15117410e-02  1.51493065e-02  5.64731881e-02
 -3.77564766e-02  2.20833849e-02 -3.89203094e-02 -5.59713542e-02
  4.13589180e-02  1.24651231e-01 -5.86923882e-02 -2.87456978e-02
  3.19465157e-03 -2.26005204e-02 -4.04810943e-02 -1.05828326e-02
 -5.30566163e-02 -6.20266683e-02 -6.35008961e-02 -3.68121788e-02
 -1.73759144e-02  2.97899619e-02  1.12966914e-02  7.10390043e-03
  5.50865009e-02 -1.23520292e-01 -3.87700391e-03  2.19091866e-02
 -7.33296806e-03  9.32979304e-03 -5.81827424e-02  8.13480839e-02
  9.99597907e-02 -1.38282925e-01 -4.34680544e-02  2.94297989e-02
  4.36334386e-02 -8.07519928e-02 -8.13129917e-02  4.32221517e-02
 -9.76951607e-03 -4.39633839e-02 -2.28546802e-02  2.55561993e-02
 -5.32234786e-03 -4.29010130e-02 -3.91919985e-02  2.15822179e-02
  1.61193733e-04 -9.37874429e-03  2.54760496e-02 -8.90464708e-03
  6.14882670e-02  1.31127806e-02  1.00043174e-02 -9.04934630e-02]