[-2.89638918e-02  3.95485163e-02 -5.56878448e-02 -1.19304908e-02
 -7.83157423e-02  5.11718877e-02  3.81786167e-03  1.48303151e-01
  2.09246147e-02  3.88172120e-02  7.02878535e-02 -7.97840953e-02
 -5.24374703e-03  3.32157016e-02 -9.67166126e-02 -9.15853083e-02
 -2.22177543e-02  5.05738147e-02  1.05208880e-03  3.99213843e-02
  9.87844020e-02  3.97368185e-02  4.91447449e-02 -1.96073931e-02
  1.24895456e-03 -4.31085238e-03 -6.49071038e-02  2.20765863e-02
 -3.51892859e-02 -1.65510233e-02 -5.65373562e-02  1.20773979e-01
 -2.57511567e-02 -4.38909307e-02  2.11056825e-02 -6.11236785e-03
 -5.52823544e-02  1.19195078e-02 -4.21122387e-02  6.00709356e-02
 -3.20618716e-03  1.04010319e-02 -4.32246737e-03 -5.07174619e-02
 -3.28954495e-03 -4.01020348e-02 -4.81261574e-02  4.02542278e-02
 -2.17493735e-02  2.31532417e-02 -4.39508259e-02  6.79140969e-04
  1.90151762e-02  2.44877189e-02 -1.72853041e-02 -8.96133259e-02
 -2.56422907e-02 -6.34166300e-02  1.98383052e-02 -2.15354208e-02
  9.61682387e-03  3.47034261e-02 -5.40015846e-02 -3.87913957e-02
  1.01304532e-03 -3.93145867e-02 -3.08229327e-02 -4.79519069e-02
 -2.97567751e-02  6.90843239e-02  3.51204500e-02 -7.74447322e-02
 -3.28519158e-02  2.07709335e-02 -2.66765505e-02  5.11927642e-02
 -1.89842843e-02  1.77842006e-02 -5.37250831e-04 -1.37873322e-01
  6.00161180e-02  6.98417844e-03  6.83026109e-03 -8.94440040e-02
  4.32360321e-02 -4.40723225e-02  8.65973979e-02  6.68563088e-03
  4.07798514e-02 -1.34121254e-02  6.66046739e-02  9.58677754e-02
 -7.97236189e-02 -6.68846890e-02  4.56162877e-02  1.33869180e-03
 -6.94176480e-02  4.34526987e-02  1.10445386e-02 -6.33955700e-03
  4.21062820e-02 -5.91792259e-03 -7.30159432e-02  3.43464017e-02
 -1.23764068e-01 -1.78729557e-02  2.86643077e-02  9.03164502e-03
  1.04591828e-02  4.30599265e-02 -9.54773575e-02  9.33555327e-03
 -4.62800525e-02 -7.25544840e-02 -4.21444699e-03  2.08235066e-02
 -1.13747813e-01 -2.57913936e-02  6.98518232e-02  4.90783080e-02
  6.41513765e-02 -1.14757800e-02  1.20100910e-02 -2.94398703e-02
  2.13753004e-02 -1.39120119e-02  5.89493103e-02  1.40915368e-32
 -1.21913683e-02 -6.62426651e-03 -3.95019501e-02 -4.16550189e-02
  3.08878813e-02  1.97901437e-03 -9.02835056e-02  4.34277952e-02
  6.54414520e-02  7.73170218e-03 -7.77019411e-02  6.47224411e-02
 -1.66072641e-02 -2.85190605e-02  4.42687534e-02  1.03740422e-02
  1.12303704e-01  7.40561187e-02 -7.33231520e-03 -5.37089743e-02
  1.07992310e-02  7.34155476e-02  6.76644668e-02  3.50540737e-03
 -1.09395874e-03  4.13264483e-02 -3.67104746e-02  1.27317160e-02
 -6.03631176e-02  4.31651734e-02  6.76849186e-02 -1.60006639e-02
  1.29006337e-02 -7.84206912e-02  2.15477012e-02 -3.42458598e-02
  1.03344051e-02  7.99979270e-03  2.10463908e-02  4.47614677e-02
 -5.29802255e-02 -1.63668133e-02  2.95210890e-02 -1.52713750e-02
 -8.39273538e-03 -5.10476604e-02  8.91137198e-02 -3.12744267e-02
  7.23921810e-04  5.87438568e-02 -4.11317609e-02 -2.17078049e-02
 -2.24098265e-02  2.64026523e-02  1.82589628e-02  7.32455496e-03
 -8.42000246e-02  5.97462580e-02 -3.52993868e-02 -1.39934812e-02
 -2.70043537e-02  6.51963800e-02 -4.47448120e-02 -3.21186259e-02
 -2.86758635e-02 -1.69649515e-02 -1.20555060e-02  4.08974774e-02
  4.57036495e-02  2.49506235e-02 -7.00488314e-02 -1.87222846e-02
  3.80755998e-02  1.67977326e-02  3.60591076e-02  2.19936911e-02
  6.17374182e-02 -5.39530348e-03 -7.24442825e-02 -2.07679905e-02
 -1.07350349e-01  4.66382578e-02 -4.70884331e-02 -8.50667357e-02
  6.59433901e-02  1.64238121e-02  6.34810179e-02 -4.57720831e-03
  4.70954403e-02  8.32067337e-03  2.48695258e-02 -4.57214424e-03
 -8.54110569e-02  4.25212979e-02  1.48844598e-02 -1.56704373e-32
 -3.64582650e-02  5.21463118e-02  2.22746357e-02  5.05068749e-02
  2.36312915e-02 -5.14365267e-03 -5.96972927e-02  3.64105147e-03
  3.04114586e-03 -1.70496061e-01 -8.14725365e-03 -6.68954700e-02
  2.90301852e-02 -3.83936241e-02 -1.98601261e-02  5.17972074e-02
 -1.28096342e-01 -2.12474372e-02 -8.64531994e-02 -8.93265754e-03
  5.15401252e-02  3.89308594e-02  3.36817540e-02  2.31120293e-03
 -3.30722965e-02  1.07493559e-02 -8.72872490e-03 -9.35861394e-02
 -1.51513063e-03  4.18374836e-02  4.32608984e-02  7.34591391e-03
 -6.37058392e-02  9.80344042e-02 -3.76954414e-02 -2.82434225e-02
  6.43532872e-02 -4.55997651e-03 -2.41034850e-02  1.53410554e-01
  8.02389607e-02  3.98446433e-02  7.31485635e-02 -6.51366189e-02
  1.58897080e-02 -1.26444206e-01 -3.10008638e-02 -1.09139986e-01
  6.90985247e-02 -5.21603264e-02  9.65949297e-02  2.61890776e-02
 -2.62271538e-02  7.01849684e-02 -2.13957136e-03 -4.18233275e-02
 -3.14948475e-03 -6.52324930e-02 -9.59642828e-02  1.09398849e-02
  9.47174802e-02  5.23935817e-02 -3.74392048e-02  5.02027832e-02
  1.34603426e-01  2.87311967e-03 -6.13029413e-02  5.11483960e-02
 -1.69799626e-02  2.28618812e-02  1.32033294e-02 -1.69132762e-02
 -3.16800997e-02 -5.45830354e-02  1.80080701e-02 -3.88947465e-02
 -3.82805839e-02  2.06161179e-02 -4.86883837e-05  8.66371617e-02
 -5.25477752e-02 -3.50269973e-02 -3.01624630e-02 -3.25877629e-02
 -8.20629224e-02 -2.48188209e-02 -1.03893755e-02 -1.39149986e-02
  1.78067386e-02 -1.76003985e-02  2.13773362e-02 -4.03227806e-02
  3.00294627e-02  2.04674695e-02  8.90211761e-03 -7.58582246e-08
 -1.70170551e-03 -4.83918861e-02  5.15100099e-02  1.72247700e-02
  5.27981855e-02 -6.50425404e-02 -3.13269980e-02  3.13322619e-02
 -6.21377528e-02 -1.39812864e-02  7.47900680e-02 -1.87289082e-02
 -2.66879480e-02 -5.48337474e-02 -2.45271111e-03 -5.52198254e-02
  5.18602580e-02  1.07275479e-01 -5.28993551e-03 -7.62931257e-02
  6.49758726e-02 -2.76180767e-02 -2.87465714e-02 -4.28752713e-02
 -8.15318674e-02  1.33894766e-02  9.52054467e-03  3.78476530e-02
 -8.41274559e-02  7.65248239e-02  1.40204243e-02 -2.55775619e-02
  7.05034509e-02 -9.20704901e-02  3.88762075e-03 -3.39403487e-04
 -3.65393935e-03 -2.34005880e-02 -2.42788270e-02  8.19460005e-02
  4.30046357e-02 -1.69130217e-03 -3.20864283e-02  5.76237142e-02
  4.84674163e-02 -1.06772751e-01 -1.15506053e-02  3.30925956e-02
  1.31523013e-02 -8.75302032e-02  1.20347552e-02  5.47239073e-02
 -1.62147731e-02 -7.49825453e-03 -3.92138027e-02  1.07049318e-02
  2.42950022e-02  5.17857261e-02 -1.62279546e-01 -1.81149971e-02
  6.07429557e-02 -3.70053574e-02  2.44488176e-02 -5.15208282e-02]