[ 2.92663965e-02  5.63977845e-02 -3.97164784e-02 -6.26801476e-02
 -1.35696650e-01 -6.29817992e-02  1.13340570e-02  4.04001474e-02
 -1.66114029e-02  5.33034541e-02  6.46576509e-02 -1.52124604e-03
 -1.42675554e-02  4.37840447e-03  3.46331969e-02 -9.59858485e-03
  1.66549068e-02 -1.40074492e-02  5.46750836e-02  4.99585690e-03
  7.67451525e-02 -5.74498922e-02 -1.22106813e-01  7.41583332e-02
 -6.67542294e-02 -2.59124152e-02 -2.07243338e-02  4.13121246e-02
 -5.08099534e-02 -3.17262150e-02 -3.83711449e-04  1.01239681e-02
  9.03892443e-02  4.19387072e-02 -3.21588293e-02  4.86212857e-02
  6.60062805e-02 -1.03473224e-01 -2.09859796e-02  8.54227394e-02
 -5.62557504e-02 -2.17541121e-02 -4.55514565e-02 -1.02539279e-01
 -4.79742251e-02 -7.36140087e-02  3.69687676e-02  3.49192172e-02
 -3.11534498e-02 -6.88046589e-02 -2.30200253e-02 -8.97340290e-03
 -3.33014652e-02  2.27389224e-02 -4.11171578e-02 -4.35684621e-02
  3.40019818e-03  9.39796492e-03  2.57280022e-02  1.13934902e-02
  1.72269326e-02  7.51474947e-02 -2.68635135e-02  5.02758883e-02
  7.24291652e-02 -1.19361386e-01 -2.08410099e-02  3.30381393e-02
 -5.53581826e-02  2.06359252e-02  2.43346673e-02 -1.21132270e-01
 -2.72465609e-02  5.73774949e-02  6.74984604e-03  5.64117096e-02
  9.44323651e-03  2.75957938e-02  2.57061515e-02 -1.34010017e-01
 -1.59209874e-02 -9.25443880e-03 -2.34782137e-02 -1.33243445e-02
 -6.29065335e-02  3.76594882e-03 -6.09456282e-03  1.51155358e-02
  7.07462505e-02  1.72062796e-02 -1.12360530e-02  2.46131457e-02
 -9.55561474e-02 -2.24345475e-02 -5.99350296e-02 -7.76941469e-03
  4.04656008e-02  4.42396775e-02 -3.22533515e-03 -8.83917604e-03
  6.71234280e-02  4.81873900e-02  6.27752319e-02  4.41478491e-02
 -5.47806174e-02  7.66470283e-02 -7.89830301e-05 -8.94443970e-03
 -1.48040354e-02  1.29200488e-01 -7.63598084e-02 -1.90088544e-02
 -9.79793444e-02 -6.49840236e-02 -4.84635644e-02  9.21956971e-02
 -3.02230921e-02 -3.15752905e-03  4.10650112e-02 -4.40243147e-02
 -1.26901548e-03  2.32098550e-02 -2.42177956e-03 -9.23622325e-02
  1.05086640e-02 -6.06067814e-02  4.92514223e-02  7.56852691e-33
 -3.70133631e-02 -5.57724349e-02  1.38004764e-03  8.17404315e-02
  9.03959852e-03 -1.94923766e-02 -5.47225699e-02  4.76079173e-02
  2.98221819e-02  3.51915956e-02 -5.46835959e-02  6.79431856e-02
  4.57767323e-02 -7.58732855e-03  4.84063812e-02 -5.79946395e-03
  2.11829301e-02  1.29481722e-02  4.01296429e-02  4.20464091e-02
 -2.21244991e-02 -8.91960599e-03 -1.35974344e-02  5.11777215e-02
  5.49656078e-02  6.29244791e-03 -4.71506920e-03 -5.54643497e-02
 -3.48044038e-02  5.42205088e-02  1.58664435e-02  6.82393759e-02
  2.83737723e-02 -7.20445961e-02 -5.69890626e-02  2.32088100e-03
  7.86236674e-03  1.91290807e-02 -6.82163462e-02 -3.48639265e-02
 -6.67471718e-03 -3.53058917e-03  6.62514120e-02  1.60836615e-03
 -3.42949573e-03  4.12328579e-02  9.10136551e-02 -3.08015477e-02
  7.39011914e-02  8.82341936e-02 -3.07734162e-02 -7.01904893e-02
 -3.29387076e-02 -2.00245855e-03  1.66421533e-02 -1.12725262e-04
 -4.06820998e-02  8.84783361e-03  1.85781845e-03 -6.74488842e-02
  9.91849881e-03 -4.90875170e-02 -4.09728028e-02  4.86591272e-02
 -1.46799884e-03 -9.63112637e-02  1.03433449e-02  1.06545813e-01
  1.42052189e-01  2.44682413e-02 -1.03578575e-01 -1.68810494e-03
 -4.64623123e-02 -1.04446560e-02  6.20946987e-03  2.42585447e-02
  2.45458391e-02 -6.59300387e-02 -2.33163089e-02  4.60014716e-02
 -3.30956057e-02 -8.53346754e-03 -2.41768844e-02 -1.52620599e-02
  1.18836500e-01  9.91401523e-02  6.79035485e-02  1.77602712e-02
  1.15102697e-02  1.46925822e-01 -4.15317900e-02  6.48823008e-02
  6.52225986e-02  2.34688371e-02  9.16903690e-02 -1.13656462e-32
 -8.01146682e-03 -2.50506364e-02 -7.66751496e-03 -8.00890324e-04
  3.46370451e-02  5.66329695e-02 -2.75034952e-04 -1.61495851e-03
 -7.44088665e-02 -2.11913493e-02 -9.09094661e-02 -9.00822952e-02
  9.89789665e-02  2.85191983e-02 -5.88689633e-02 -1.79476421e-02
 -5.53078726e-02 -9.43686813e-02 -1.17758671e-02  4.32323776e-02
  2.39290632e-02  4.66031842e-02  4.93760407e-02  1.70831103e-02
  1.31530815e-03 -8.92226547e-02 -4.45085242e-02 -4.94325086e-02
 -6.60473555e-02  1.75231453e-02  6.76743537e-02 -5.69159677e-03
  1.39960162e-02  1.53670862e-01 -7.80427828e-02  5.72255254e-03
  2.97542308e-02  5.64545253e-03  8.98019671e-02  7.08327517e-02
  2.02213079e-02  5.42635703e-03  3.96695621e-02 -3.33089717e-02
 -5.35356700e-02 -3.80980968e-02 -7.57649913e-02 -1.12136401e-01
 -2.69985721e-02 -2.16820911e-02  3.23921144e-02 -1.91960279e-02
 -9.57434848e-02 -9.90726650e-02  5.24356589e-02 -8.04730877e-02
 -3.47802565e-02 -6.89413175e-02 -9.60627571e-02  8.82726163e-03
  8.40994567e-02  4.27022018e-02 -9.27158073e-03  4.48266789e-03
  5.62079772e-02 -5.17684631e-02  2.32929550e-03  1.42564839e-02
 -6.15242757e-02  1.67316850e-02  5.23304380e-02 -3.32696326e-02
 -1.14540420e-01 -1.21679506e-04  2.54442226e-02 -1.16071947e-01
 -1.59350056e-02 -1.89421326e-02  2.01773786e-04 -1.09789828e-02
 -3.69890407e-02 -5.66374250e-02  3.29927541e-02 -4.61643897e-02
 -3.68822701e-02  1.36511624e-02  2.39834865e-03  5.27215041e-02
  1.83323957e-02  1.85139757e-02 -1.81182586e-02  1.63907558e-02
 -9.96921735e-05 -7.57208392e-02 -5.26237227e-02 -5.19470689e-08
 -8.21742509e-03 -3.96079868e-02  4.40129191e-02  3.61352302e-02
 -4.59470972e-02 -4.02474441e-02 -3.55157368e-02  2.52803415e-02
  5.55205867e-02  6.21467717e-02 -6.10722418e-05 -5.56414537e-02
 -2.62698196e-02  3.90167870e-02  2.21949145e-02 -4.81595844e-02
  6.11262172e-02 -1.85158546e-03 -5.05446680e-02 -1.21977836e-01
 -6.60459569e-04 -2.42182277e-02 -7.25131258e-02  2.08876468e-02
  9.88862850e-03  2.40753703e-02 -4.10644002e-02  1.77154485e-02
 -1.27397263e-02 -5.91253955e-03 -9.40346066e-03  1.02405474e-02
 -2.62573622e-02 -4.64249253e-02 -1.68524496e-02 -5.55627570e-02
 -9.26986523e-03  1.21227503e-02 -4.89393100e-02 -1.76044013e-02
  9.03815553e-02 -9.04682186e-03 -4.06360738e-02 -3.10210325e-02
 -3.40423640e-03  5.23152389e-02 -5.19427210e-02  8.24057013e-02
 -7.23683760e-02 -1.45169627e-02 -5.11576682e-02 -5.79341222e-03
  8.03545192e-02  3.79104875e-02  3.20225321e-02 -3.11780963e-02
  2.80409437e-02  2.58189645e-02 -3.35292593e-02 -6.39653765e-03
  6.85627162e-02  4.39622961e-02  2.83405874e-02 -6.74174726e-02]