[-4.57387231e-02 -3.24296951e-02 -1.69211954e-01 -8.99040028e-02
 -7.78421853e-03 -3.14879082e-02 -9.18535143e-03  1.01553850e-01
  1.16596911e-02  1.32209370e-02  4.90280911e-02  2.26825960e-02
  8.19647498e-03 -2.85058152e-02  6.79668784e-02 -7.62435049e-02
 -3.27070318e-02 -1.22661423e-02  5.36207482e-03  2.24758754e-03
  1.31102771e-01 -3.12684849e-02 -2.57946905e-02  2.89129447e-02
  6.98975241e-03 -8.20146576e-02 -2.79927906e-02 -3.88278216e-02
 -4.07030545e-02 -7.44365752e-02 -1.02556692e-02  5.50311059e-02
  1.17198586e-01 -6.16412424e-03  5.75155877e-02 -1.23311803e-02
  6.45121038e-02 -1.80570409e-02 -1.13072097e-01  3.83046754e-02
 -5.63487560e-02 -3.08131725e-02 -6.01337403e-02 -4.39450070e-02
  5.00161294e-03 -3.73956338e-02 -1.91568621e-02  5.65111823e-02
 -1.37819238e-02  1.15057053e-02 -6.59611151e-02 -5.32304086e-02
 -6.17291895e-04  4.16988954e-02 -5.00550903e-02 -8.16504061e-02
 -6.80038473e-04 -9.41186678e-03 -3.28537934e-02  2.61230934e-02
 -5.77419735e-02  3.29648554e-02 -4.08662893e-02  2.36493442e-02
  5.97895086e-02  1.12862242e-02  8.93860310e-03 -4.49014306e-02
  2.10518464e-02 -4.40066457e-02 -6.16808832e-02 -5.59441969e-02
  3.90647352e-03  5.31563647e-02 -8.10660049e-02  3.79641801e-02
  7.50571676e-03  7.67950043e-02  1.14994971e-02 -1.97291225e-01
  2.86897421e-02  2.89580468e-02 -1.03117069e-02 -1.38028990e-02
 -2.96549574e-02 -9.41140950e-03 -1.43789323e-02  3.69374938e-02
  1.49376420e-02  1.07915215e-02  9.45251733e-02  3.24730538e-02
 -1.70248020e-02  4.65171551e-03 -3.96154411e-02  1.50416046e-02
 -1.37762297e-02  3.34473816e-03  7.07459971e-02  2.23254524e-02
  3.54554318e-02 -9.74750239e-03 -7.54913688e-03 -2.54365131e-02
 -1.49615649e-02  4.01401296e-02  4.41722060e-03 -1.22023616e-02
  4.10935357e-02  7.22538456e-02 -1.03932761e-01 -7.43878260e-02
 -9.10762548e-02 -9.69993696e-02 -9.82520133e-02  4.58450057e-03
 -8.02509338e-02 -2.13594455e-02  4.17180583e-02 -7.34571293e-02
  3.36729214e-02  3.53121944e-02  5.57030812e-02 -6.30010068e-02
  6.08050115e-02 -3.37023241e-03  5.66830859e-02  9.72154252e-33
 -7.52890483e-02 -2.20432901e-03 -5.97287267e-02 -1.42261712e-02
 -1.73699670e-02 -1.11503741e-02 -1.38632962e-02  2.61479672e-02
 -5.11743277e-02 -1.54641001e-02 -6.35630563e-02  7.43291825e-02
 -2.72388756e-02 -5.20066954e-02  1.57058671e-01  9.28308815e-04
  2.78062392e-02  7.62856081e-02  7.70348683e-02  3.94145921e-02
  1.51745938e-02 -1.51008293e-02  2.72910371e-02 -2.82413028e-02
  5.99173233e-02  1.00373164e-01 -1.89636275e-02  3.30233127e-02
  5.45122027e-02  1.60974208e-02  1.11758552e-01 -5.89867160e-02
  4.29611877e-02  2.10324861e-03  1.17494594e-02 -1.15953684e-02
 -3.48221697e-02 -1.54451057e-02  2.68726423e-03  4.10617702e-02
  3.37923951e-02  1.71478372e-02  2.27935761e-02  3.24891284e-02
  3.86393443e-02  4.76865564e-03  3.25280838e-02  2.54381076e-02
  1.69880375e-01  2.45188698e-02 -1.40617471e-02 -3.17750908e-02
 -6.67010248e-03 -1.90846119e-02  1.07548356e-01  5.74292056e-03
 -3.87766846e-02  7.06470851e-03  3.29128727e-02 -4.09692265e-02
 -9.55575481e-02 -7.35628360e-04 -1.60598792e-02 -2.24399660e-02
 -6.10705353e-02 -7.42942914e-02  1.19806528e-02  4.05669697e-02
  8.45422372e-02  1.48611292e-02 -7.47424066e-02 -1.82621777e-02
 -3.33890840e-02  8.03448632e-02 -4.79960628e-02 -2.55340915e-02
 -7.28776737e-04 -4.30072285e-03 -7.94922784e-02  3.44757773e-02
 -6.67239726e-02  2.98740109e-03 -3.11618261e-02  3.85011733e-02
  8.37406144e-03  7.61787221e-02 -2.07647942e-02  6.67591766e-02
  1.92848444e-02  1.53452102e-02  4.73813266e-02  1.00443020e-01
 -6.93780854e-02  1.02833442e-01  6.92234114e-02 -1.13348931e-32
 -4.28567380e-02  9.81396646e-04 -1.56353023e-02  4.12728973e-02
 -2.85203196e-02  1.28152268e-02  4.14643297e-03  1.55193936e-02
 -2.07544100e-02 -1.16532542e-01 -7.85171241e-02 -5.20464890e-02
  6.46071881e-02 -5.90369701e-02 -4.37700711e-02 -1.51386177e-02
 -7.30106235e-02 -1.01880662e-01 -1.00144986e-02  2.94290930e-02
 -7.53199756e-02  6.35503009e-02 -8.01386684e-02 -1.19742593e-02
  3.87136564e-02 -4.71004806e-02 -5.87282367e-02 -3.57796364e-02
 -2.16248985e-02 -4.63668890e-02  7.58006126e-02 -5.25903255e-02
 -9.26703438e-02  7.84482732e-02 -2.71159522e-02 -8.66968259e-02
  8.79264623e-02  3.00507117e-02 -2.87079774e-02  9.20513719e-02
  6.09460734e-02  1.07563920e-01 -4.00617905e-02 -7.21180886e-02
 -1.37036014e-02 -2.20230278e-02 -4.10942361e-02 -5.08882031e-02
  4.69092727e-02 -2.63064969e-02  6.88457787e-02 -9.25828293e-02
  3.47030610e-02 -6.95903525e-02  3.89974378e-02 -1.98780559e-02
  1.06982933e-02 -1.45205511e-02 -9.54015553e-02  1.41856577e-02
  9.05664191e-02  3.15487720e-02  4.10574023e-03  2.52227597e-02
  4.58680727e-02  6.03452362e-02  1.75823066e-02  9.16869044e-02
 -5.33742346e-02 -1.29970666e-02  7.22812936e-02 -9.07237008e-02
 -6.10903986e-02 -6.65048137e-02 -1.47993555e-02  2.18345318e-02
 -1.28872264e-02  4.63692322e-02 -3.37854661e-02  2.86152842e-03
 -2.34049801e-02  7.23572895e-02 -7.02674640e-03  1.07080955e-02
 -6.73597306e-02  1.64436307e-02  6.15692139e-02 -5.28782196e-02
 -2.37027016e-02 -1.86749548e-02 -5.40320203e-02  4.46907505e-02
  9.64454841e-03  9.89841223e-02 -3.60944085e-02 -6.10198896e-08
 -7.68045150e-03 -5.66557199e-02 -3.40155163e-03 -2.33877972e-02
  4.21545319e-02 -2.05041599e-02  6.14871923e-03  4.36515957e-02
 -2.17176322e-03  2.91913096e-02  1.90088749e-02 -7.64354318e-02
 -8.10471475e-02  8.74591526e-03  4.89344671e-02 -7.37466663e-02
  3.47598866e-02  8.20963606e-02 -4.02253680e-02 -4.93262559e-02
  4.65886816e-02 -3.27848759e-03 -2.27597039e-02 -2.58410387e-02
  4.67409678e-02 -1.61858965e-02 -4.09168610e-03  1.63112059e-02
  6.45746803e-03  3.41228619e-02 -2.21852455e-02 -7.74403987e-03
  6.16991073e-02 -1.33962268e-02  7.32187629e-02 -1.78542621e-02
 -1.76934525e-02  5.37648536e-02 -1.05999308e-02  2.60643139e-02
  8.73764530e-02 -6.87658461e-03  9.97237861e-04 -3.56852673e-02
  2.26510763e-02 -2.94755381e-02 -1.07336566e-02  1.56135559e-02
  1.05854655e-02 -2.37920806e-02 -9.17330310e-02 -3.31658162e-02
  4.08477755e-03  1.74750127e-02  3.08372490e-02  3.40684666e-03
 -1.52175752e-02 -4.57586683e-02  2.20599603e-02  2.37183440e-02
  3.54962908e-02 -4.08949032e-02  4.45389077e-02  3.72286402e-02]