[-1.58798061e-02  7.47797787e-02 -7.01157004e-02 -4.76052836e-02
 -2.04266589e-02 -6.85215369e-02 -5.29060587e-02  5.96281886e-02
 -5.22405580e-02  3.23517583e-02  9.97136384e-02 -1.43764555e-04
 -3.77991758e-02 -6.04818910e-02 -3.23548466e-02 -2.47635636e-02
 -3.57738920e-02 -9.38275829e-02  2.66369767e-02  1.53354192e-02
  5.59885725e-02 -3.78236324e-02 -8.77623409e-02 -1.57964136e-02
 -6.05101399e-02  5.57402894e-02 -8.41893330e-02  3.75954546e-02
 -9.05624703e-02 -5.21256104e-02 -6.11107349e-02  8.84319991e-02
  5.36983609e-02  1.58006586e-02  5.19955391e-03  4.27278616e-02
  6.12692870e-02 -4.48144674e-02  1.75539106e-02  6.72413111e-02
 -5.34211621e-02 -6.90927655e-02 -5.55986026e-03 -4.71682474e-02
 -2.56317332e-02 -2.65391152e-02 -3.76735106e-02  2.26077866e-02
  3.23935971e-02 -6.99388282e-03 -3.82652618e-02  8.73279721e-02
 -2.15648767e-02  8.93940125e-03 -3.94536071e-02 -6.81324527e-02
 -3.98743339e-02 -4.43948805e-02 -1.35186035e-03  6.41032006e-04
 -5.08777350e-02  3.40010710e-02 -5.83010167e-02  1.83386486e-02
  2.99898721e-02 -2.21482161e-02 -5.42354323e-02 -2.14753207e-02
 -2.86386162e-02 -5.03230952e-02  1.66898910e-02 -5.59078678e-02
  2.39069425e-02 -1.03253694e-02 -6.79459050e-02  1.79864001e-03
  4.60856967e-02  6.40583560e-02  1.19816707e-02 -1.22071929e-01
 -1.59092918e-02 -1.04413824e-02  1.14130899e-02  7.42305815e-03
 -1.08715389e-02  3.63343284e-02 -4.96393861e-03  3.03296093e-02
  1.07619703e-01  2.58160010e-03  7.96827823e-02  5.05205542e-02
 -4.60593998e-02  1.67843234e-02 -6.08002953e-02  2.35106256e-02
  5.23479208e-02 -2.80641336e-02 -3.82611789e-02  4.43051048e-02
  7.29677230e-02 -2.20880751e-02  1.27890641e-02 -2.42139380e-02
 -7.94875622e-02 -3.33426078e-03  3.09094824e-02 -1.34891998e-02
  6.17275480e-03  7.87206180e-03 -5.63632809e-02 -1.60289314e-02
 -5.31141162e-02 -1.12238660e-01 -3.49446088e-02 -5.74730448e-02
 -4.34446558e-02 -3.77147719e-02  9.59033985e-03  2.86708437e-02
  6.25789315e-02 -3.27822827e-02 -1.71338823e-02 -4.72236704e-03
  1.46219060e-02  4.11067121e-02  1.16784476e-01  1.15155335e-32
 -8.93923733e-03  1.14380736e-02  1.21541365e-04  1.37270251e-02
  2.21445002e-02  7.40408003e-02 -8.34723189e-02  5.41391857e-02
 -3.19119506e-02  7.69636966e-03 -9.47371051e-02  1.25220008e-02
 -2.89076623e-02 -8.43134224e-02  6.94116876e-02 -3.21835950e-02
  7.62109235e-02 -1.97941810e-02  1.30898994e-03 -3.85137610e-02
 -1.53242182e-02 -3.48958373e-02  3.44402939e-02 -5.21627329e-02
  9.32685733e-02  1.28760591e-01  2.35482864e-02 -2.83758994e-02
 -6.57317415e-02  7.12875128e-02  6.19847439e-02  1.81852393e-02
  9.38253291e-03 -3.07297502e-02 -6.05055913e-02  1.20996647e-02
 -1.07195843e-02 -7.55438209e-02 -9.38591585e-02 -4.40774597e-02
 -4.28031087e-02  1.00335609e-02  4.42190021e-02  6.21499866e-02
  1.19841704e-02 -6.67690719e-03  1.41670242e-01 -2.41166959e-03
  1.13077648e-01  4.07594107e-02 -1.25459522e-01  4.10473347e-03
 -7.06617013e-02 -8.28614552e-03  4.13682451e-03  2.73030647e-03
 -1.58108883e-02 -4.48602214e-02  8.55480693e-03 -3.04931886e-02
  4.33977554e-03  2.76786909e-02 -1.19897733e-02 -3.73778716e-02
  3.29441056e-02 -3.01897898e-02  1.58302914e-02  1.97665915e-02
  7.89554939e-02  3.26252729e-02 -3.40350829e-02 -8.87183920e-02
  9.01139379e-02  9.57420543e-02 -2.45511089e-03  4.51502390e-02
  9.40163583e-02  5.66657051e-04 -1.37031905e-03  7.41611719e-02
 -5.61802536e-02  1.21824481e-02  5.48904156e-03 -6.52872175e-02
  5.89111522e-02  4.11215313e-02  8.19794089e-02  3.62164080e-02
 -2.56747175e-02  5.62987439e-02 -8.88086259e-02  9.25611481e-02
 -4.60280739e-02  4.15093527e-04  1.44411400e-02 -1.39799163e-32
 -2.37471014e-02  3.20642896e-04 -6.61120489e-02 -5.88364117e-02
  4.89607314e-03 -1.76054239e-02  2.66364496e-02  3.05041615e-02
  4.09720168e-02  1.82870142e-02 -3.66820209e-02 -7.94815868e-02
  9.84842032e-02 -9.73911881e-02 -7.74700334e-03  4.67323437e-02
 -3.69511656e-02 -6.46325871e-02 -3.10307797e-02  8.27400945e-03
 -4.00690138e-02  1.36806235e-01 -4.35780920e-02  3.61594260e-02
  9.63342469e-03  1.57138798e-02  1.74602419e-02 -4.38489988e-02
 -8.55216607e-02 -4.20681052e-02 -6.63132826e-03 -1.26645282e-01
 -2.14345399e-02  1.56113729e-01 -7.38551244e-02  2.31055599e-02
  6.67945370e-02  6.08980693e-02 -1.91865563e-02  6.60598353e-02
  9.16578919e-02  2.93178819e-02  4.71671037e-02 -1.09343678e-02
 -7.36599788e-02 -4.91581820e-02 -1.14381907e-03 -3.73723879e-02
 -1.56380739e-02 -9.24408510e-02  6.28101900e-02 -5.27850911e-03
 -7.73921385e-02  6.20884188e-02  7.15671703e-02 -2.86921952e-02
 -6.72203153e-02  5.39858476e-04 -1.47219121e-01 -4.25893366e-02
  7.30172917e-02  1.05235782e-02 -6.60889000e-02 -1.71490188e-03
  8.89199823e-02 -7.21522346e-02 -2.20112149e-02 -7.59721920e-02
  4.07009088e-02  2.09116135e-02  2.06494145e-02 -8.02041143e-02
 -7.59525374e-02 -2.77303178e-02  2.49016434e-02  1.33244768e-02
 -6.27075359e-02 -2.02417187e-02 -4.48176637e-02 -1.10064913e-02
 -8.13499466e-03 -2.56991107e-02 -3.26000117e-02  1.82400700e-02
 -4.81993966e-02  2.01435406e-02 -4.77077207e-03 -6.16182573e-03
  2.12516729e-02  5.84351979e-02 -4.26982120e-02  5.58295101e-03
 -3.90072353e-02  7.07133710e-02 -3.61348018e-02 -5.58440689e-08
  2.21581794e-02  2.64314897e-02  2.85563432e-02  1.63306873e-02
  3.99739332e-02 -9.92490575e-02  5.40500693e-02 -2.72015715e-03
 -4.35697474e-02  5.51287383e-02  4.98240441e-02  2.61210073e-02
 -3.43484469e-02 -1.97743680e-02  1.87381264e-02  2.98414333e-03
 -1.72978174e-02  7.20110610e-02 -3.44191045e-02 -4.21161391e-02
  9.01391506e-02 -3.04323565e-02 -3.80553007e-02 -3.85882780e-02
 -9.98066459e-03  1.43137453e-02 -7.18372166e-02  1.17880479e-02
 -2.27469411e-02 -1.07602198e-02 -9.94738471e-03 -5.02171665e-02
  3.48549038e-02 -7.62589052e-02 -1.11919763e-02  2.80224141e-02
 -8.40206221e-02  6.30488992e-03 -3.94264841e-03  1.83705855e-02
  7.84786791e-02 -9.78391245e-03 -4.33760509e-02  5.79898842e-02
 -1.46972425e-02 -1.26804831e-02 -4.61080335e-02 -1.18767824e-02
  2.33404543e-02 -9.34883952e-02  1.78125575e-02 -6.95318580e-02
  1.14097297e-01  4.03899699e-02  1.72501784e-02 -3.77519131e-02
  6.22196421e-02 -5.17308479e-03  3.55582833e-02  3.26829143e-02
  5.01696654e-02 -2.43813768e-02 -5.24977334e-02  1.25658326e-02]