[-7.19922259e-02  3.55266817e-02 -1.84003590e-03 -1.15683414e-02
 -2.90953256e-02  7.51312524e-02 -1.02980435e-01  1.33849725e-01
 -1.50675385e-03  3.75606641e-02  9.49137062e-02  1.01714376e-02
 -9.31106284e-02 -1.21860728e-02 -3.21870483e-02 -1.88517068e-02
 -9.03318375e-02 -1.02018341e-02  6.31247908e-02  7.08457083e-02
  2.36124005e-02 -2.64556753e-03 -7.01097026e-02  8.87646992e-03
 -3.64438407e-02  5.25892004e-02 -5.33978865e-02 -1.26774311e-02
 -1.05217054e-01 -3.91124375e-02 -1.13611706e-02  4.40250002e-02
  1.82827041e-02  5.65840118e-03 -1.02462368e-02 -9.68851075e-02
  1.30078029e-02  1.59271853e-03  4.34831269e-02  4.28048708e-02
 -4.55392413e-02 -4.32962999e-02 -2.82811467e-02 -5.03129326e-02
 -1.74119119e-02 -7.69313751e-03  9.73202381e-03  3.99294160e-02
  2.41223723e-03 -1.41110839e-02 -3.28389406e-02  1.94691997e-02
 -2.51533929e-02 -4.58287783e-02 -1.65352002e-02  5.54707367e-03
  3.45780775e-02 -5.78743704e-02  4.47701151e-03  2.28548367e-02
 -2.68446896e-02 -1.52823385e-02 -6.72504827e-02  2.52058059e-02
 -6.64375573e-02 -4.51890081e-02  1.09757066e-01 -5.47737591e-02
 -1.25938833e-01  7.01725036e-02  2.93904617e-02 -3.71944830e-02
  2.34918818e-02 -3.52885039e-03 -2.16738461e-03  4.61480319e-02
 -1.87981334e-02  3.76822874e-02  3.59424502e-02 -1.14629366e-01
  3.14981118e-02 -4.88940179e-02 -4.31146845e-02 -6.50865361e-02
  2.01343112e-02 -1.97469611e-02  4.86990251e-02 -5.04934452e-02
  4.25916538e-02 -3.92464660e-02 -1.00198435e-02  7.59476423e-03
 -9.29311439e-02  4.70769554e-02  4.15224694e-02  1.93155799e-02
  4.88149635e-02  8.97145569e-02  5.33858221e-03  4.57155658e-03
  1.16804473e-01  1.35637466e-02 -3.54094096e-02  4.98353653e-02
 -1.62550546e-02  1.72080304e-02  1.80042908e-03 -3.40539664e-02
  1.63337961e-02  1.22278994e-02 -6.01818115e-02 -5.05960546e-02
 -3.55606712e-02 -6.41464368e-02 -7.12323561e-02 -2.78914105e-02
 -2.61842050e-02 -2.68586818e-02  1.67889688e-02  6.73477650e-02
  3.09455581e-02 -4.64992821e-02  1.67137419e-03  6.60647973e-02
  5.29522598e-02  2.85714120e-03  3.18675153e-02  8.72921370e-33
  4.48213518e-02 -3.46100964e-02 -1.57879181e-02 -1.98643636e-02
 -1.06099622e-04  3.21858679e-03 -1.06646426e-01 -7.11914059e-03
 -4.48383531e-03 -4.12762947e-02 -1.45708412e-01 -3.41552636e-03
 -6.72952607e-02 -3.29865515e-02  9.37610194e-02  9.28037316e-02
 -4.90093753e-02 -3.33251490e-04 -1.25787463e-02 -2.83079017e-02
 -4.08821888e-02 -1.92137416e-02  1.24372821e-02  1.83234848e-02
  3.04402467e-02  1.33652762e-01 -2.77314633e-02 -8.57513621e-02
 -1.07100271e-01  2.63981577e-02  1.94852743e-02 -4.00940441e-02
 -6.24409281e-02 -1.44114867e-02  1.49935356e-03  2.82702334e-02
  2.62189992e-02 -7.02646235e-03 -5.12736589e-02  2.16600057e-02
  9.30697247e-02  5.11814393e-02  4.41344222e-03 -3.45808156e-02
  7.96228945e-02 -3.35535407e-02 -9.29476041e-03  1.83960274e-02
  1.35882810e-01  6.71830028e-02 -5.72763719e-02 -5.51028140e-02
  3.74191965e-04  2.38057901e-03  6.75892159e-02  1.09853419e-02
 -1.07574515e-01  7.10990056e-02  3.73234451e-02 -8.62028264e-03
  4.60813269e-02  3.82356904e-02  1.35469744e-02  2.67681037e-03
 -7.28273019e-02  8.00834820e-02  3.88536453e-02 -4.32340056e-03
  3.55731584e-02 -1.57421269e-02 -7.47675151e-02 -6.98634610e-02
  4.70740683e-02  2.64488868e-02  1.49200801e-02 -1.28693916e-02
  8.96927491e-02  9.03510526e-02 -4.16453090e-03 -2.75200536e-03
 -7.92812277e-03  5.56948707e-02  2.43245866e-02 -3.78562622e-02
  1.74867231e-02  3.38817649e-02  3.58136445e-02  6.26255050e-02
  6.04473939e-03  7.68956393e-02 -1.81681272e-02  6.39670193e-02
 -5.20589016e-02 -5.96359512e-03  2.58877538e-02 -1.00094799e-32
  3.06345727e-02 -2.54516192e-02  3.91592458e-03  1.35102523e-02
  1.07430052e-02  1.16617028e-02 -8.08629915e-02  1.12341620e-01
  2.04832740e-02 -1.16127059e-01  8.74596124e-04 -3.10331192e-02
  8.07394981e-02 -9.11910310e-02  1.79549325e-02 -2.10963115e-02
 -6.45332113e-02 -6.63870424e-02 -8.59621912e-02 -1.87289864e-02
  1.56491832e-03  5.43439873e-02  3.35458294e-02 -2.49123070e-02
 -8.60152300e-03 -2.78426092e-02  2.31121387e-02 -4.22552265e-02
 -7.82610402e-02 -5.29563017e-02  3.40569392e-02 -6.88719330e-04
  1.01754619e-02  7.23438188e-02 -1.65324323e-02  5.97839318e-02
  6.73428774e-02  2.12709289e-02 -7.61324763e-02  1.07592352e-01
  2.48125065e-02  1.27366766e-01  7.21498951e-02 -4.19651419e-02
  7.13168178e-04 -1.72148831e-02 -1.85541343e-02 -3.63217182e-02
 -1.68865789e-02 -2.03262065e-02  6.24420606e-02 -6.48983661e-03
 -9.72935632e-02 -2.93688085e-02  1.95194222e-02 -5.40026724e-02
 -1.70146022e-02 -3.22281830e-02 -1.01490349e-01 -1.48943029e-02
  1.52933365e-02  6.75282329e-02 -8.61198083e-02 -4.33057919e-02
  5.34308702e-02  3.91950868e-02 -6.09059110e-02  9.72330105e-03
  1.73743442e-02  4.07181680e-02 -6.00878103e-03 -8.46165940e-02
 -8.74952525e-02  1.65469665e-02  4.14322764e-02  2.52530519e-02
 -7.57743418e-02  7.21907765e-02  3.68888155e-02  3.32900696e-02
 -6.28395975e-02 -1.51504693e-03 -7.72633124e-03  8.19445848e-02
 -1.10221310e-02  5.31874038e-02 -9.25732851e-02 -9.09086093e-02
 -1.73057094e-02 -6.54078051e-02  6.33990914e-02 -3.63857746e-02
 -4.50968277e-03  1.90764572e-03 -4.10070643e-02 -6.61375452e-08
  8.80924687e-02  4.19207662e-02  3.44714485e-02  2.47459803e-02
  2.41888836e-02 -5.71680441e-02  1.85043793e-02 -1.06889214e-02
  8.00408516e-03  6.55509979e-02  8.00541416e-02  5.45248389e-02
 -9.99089051e-03 -2.89010466e-03 -2.36378820e-03 -3.28930318e-02
 -8.14623088e-02  1.09590612e-01 -5.40322401e-02  5.20067709e-03
  3.46007533e-02  2.37371810e-02 -2.46187346e-03 -7.81765655e-02
  5.27211018e-02 -6.74668280e-03 -6.38049915e-02 -2.02216040e-02
 -3.54430303e-02 -6.23529835e-04  3.35865747e-03  1.30050210e-02
  3.36031094e-02 -1.07178330e-01 -1.85483915e-03 -3.91635038e-02
  8.76592621e-02 -1.80650055e-02 -6.04488514e-02  3.07285879e-02
  9.64113027e-02 -4.79648486e-02 -2.07393281e-02  1.13883745e-02
  6.14624396e-02  1.23676341e-02  5.38649447e-02 -8.05438682e-03
 -8.79017357e-03  8.05447996e-03 -4.69805636e-02  3.41034122e-02
  4.38536219e-02 -1.50146410e-02 -9.58934650e-02 -2.41442174e-02
  2.12484822e-02 -3.45528536e-02 -3.56278522e-03 -4.96809967e-02
  1.22852780e-01  1.74293518e-02 -3.93985957e-02  9.20887515e-02]