[-1.40135856e-02  4.21471149e-02 -1.84421912e-02 -1.29065029e-02
 -2.81728171e-02  6.87576737e-03  1.11909965e-02  7.60318860e-02
  9.54839773e-03  7.46053904e-02  4.87624481e-02 -3.12844776e-02
  1.91057008e-03  4.24551554e-02  4.58592698e-02  4.32535708e-02
  3.84381935e-02  2.87873168e-02 -4.45388667e-02  6.52800053e-02
  1.53505310e-01 -3.54301222e-02 -4.75803241e-02  6.20747358e-02
 -1.35156766e-01  1.39757078e-02 -3.83275673e-02  3.47658433e-02
 -1.44677283e-02  1.83211837e-03  2.23214552e-03  1.01941250e-01
  5.11133932e-02 -1.50503898e-02  4.36128117e-02  5.68197155e-03
  1.95148308e-03  3.68739595e-03  2.68168338e-02  5.27349710e-02
 -8.22343305e-02 -1.89630745e-03 -4.95089218e-02 -9.14024413e-02
  2.16084812e-02 -5.22663491e-03  7.15724230e-02  5.77858984e-02
  2.22227369e-02 -6.99332505e-02 -6.38350695e-02 -4.82639819e-02
 -1.04565814e-01  4.46309708e-03  3.04780882e-02 -7.14009404e-02
 -1.18292896e-02  1.87954563e-03  2.87639480e-02 -6.01869822e-02
 -1.25491703e-02  3.49406563e-02 -3.65011096e-02  1.55538581e-02
  5.24795800e-02  1.30721508e-02  3.82132293e-03 -2.21540648e-02
 -8.43347237e-02  1.06388934e-01  5.02471551e-02 -5.27741462e-02
  3.15913260e-02  3.77595089e-02 -1.91722438e-02  8.58495831e-02
  2.14073323e-02  4.57157474e-03  3.86293754e-02 -1.73460767e-01
  2.10331380e-02  2.31050123e-02 -1.27126109e-02 -4.19249795e-02
  4.59565483e-02 -3.56864408e-02  3.21557075e-02 -8.74050241e-03
  1.05811134e-01  1.47921741e-02 -6.46608323e-03 -1.36021664e-03
 -8.59141275e-02 -5.70542626e-02  1.81058317e-03  6.23873807e-03
 -1.43060731e-02 -4.09318134e-02  1.07098393e-01  1.96146499e-02
  1.07679456e-01  3.90415974e-02 -2.07278598e-02 -2.13609673e-02
  9.05971602e-03 -2.00699735e-02  1.97120639e-03 -3.22136953e-02
  2.02169772e-02  1.45480901e-01 -5.58809899e-02 -1.03058554e-02
 -3.24637294e-02 -9.13072228e-02 -4.88967188e-02  1.43072307e-02
  4.64644283e-02  5.39965415e-03  8.80020391e-03 -4.36843075e-02
  1.00498404e-02 -4.09418792e-02  1.25016704e-01  1.79543141e-02
  2.96802483e-02 -4.53262813e-02 -2.71384660e-02  1.24751366e-32
 -2.05230471e-02 -9.71849859e-02  2.12486344e-03  1.97049957e-02
 -1.86672143e-03 -3.32510518e-03 -1.38509339e-02  3.91471609e-02
  2.92418506e-02  1.03998765e-01 -6.10896870e-02  4.69003730e-02
  1.57109853e-02  4.35449891e-02  1.15572780e-01 -3.28405239e-02
  1.23646325e-02 -1.08946646e-02 -7.60042891e-02 -1.78370271e-02
 -3.38293351e-02 -4.87579070e-02  6.19586790e-03  4.18483838e-02
 -4.46721949e-02  1.86758023e-02 -5.27921282e-02 -2.52455380e-02
 -2.43414175e-02  4.05748785e-02  4.26789373e-02  1.59380771e-02
  5.87289978e-04 -4.38204315e-03 -5.36373742e-02 -1.98839605e-02
 -6.02659211e-02 -1.95324514e-02  4.55834996e-03 -1.01966532e-02
 -3.71663719e-02  8.18569958e-03  1.75207648e-02  4.12624702e-03
  6.11544512e-02 -7.44360983e-02  5.82074700e-03 -1.05352001e-02
  3.08647975e-02  1.98690146e-02  1.91335045e-02  1.64637063e-03
  1.56580824e-02 -1.09686583e-01 -2.88499123e-03  1.90737583e-02
 -9.05166864e-02  7.34304413e-02 -1.62038184e-03 -6.27544671e-02
 -7.13846236e-02 -1.95252895e-02 -3.04504186e-02  3.96242552e-02
 -6.93040043e-02 -8.85533076e-03 -3.36238146e-02 -3.26198973e-02
  3.76760997e-02  3.24674584e-02 -6.86675832e-02  2.01017540e-02
 -8.40121433e-02  5.09253889e-02 -1.46082435e-02 -2.50665527e-02
  5.71183637e-02  4.19056602e-02 -2.40667649e-02 -1.24733336e-02
 -3.28147747e-02 -1.89293455e-02  5.06603383e-02  1.09013207e-02
  9.10639018e-03  3.89772207e-02  2.11034473e-02  4.09872569e-02
  4.78144997e-04  6.24026023e-02  3.72996964e-02  4.54225875e-02
  7.15087401e-04 -4.78984453e-02  1.03569321e-01 -1.30704995e-32
  1.04741082e-02  3.58813070e-02 -9.55242217e-02 -7.14421421e-02
  2.18291227e-02  5.50482515e-03 -4.35055532e-02 -1.59188107e-01
 -7.34854415e-02 -1.44700363e-01 -5.84160760e-02 -6.59228414e-02
  6.62506968e-02 -1.34357465e-02 -1.20575793e-01  5.54750860e-03
 -1.89076774e-02  1.17707727e-02 -4.93132621e-02 -3.80840376e-02
 -2.78061423e-02  7.59339258e-02  7.17334524e-02 -7.92921707e-02
 -1.06000490e-02 -4.98036444e-02 -7.34831169e-02  6.46952912e-02
  2.06066631e-02  5.12136929e-02  5.52686350e-03  8.34678262e-02
  1.25815235e-02  7.08262697e-02  3.21545117e-02  2.57359482e-02
  1.27531737e-02 -2.09841803e-02  2.01449655e-02  6.64878935e-02
 -1.78982392e-02  7.31059909e-02  1.83212273e-02 -4.69204411e-02
 -4.15757708e-02  1.56449042e-02  2.97041666e-02 -1.30244195e-01
  2.74642762e-02 -7.15593174e-02  1.05005570e-01 -1.63938981e-02
  8.90371483e-03 -4.77042012e-02  1.42631037e-02 -6.54125412e-04
 -3.35364118e-02 -1.15993693e-01 -1.29077369e-02  4.64466363e-02
  5.57324886e-02  1.01488223e-02 -5.00126183e-03 -6.05092831e-02
  5.82679771e-02  3.78992409e-02 -3.11723668e-02  2.54658386e-02
  4.48218808e-02 -1.37496078e-02  5.41188084e-02 -4.62118052e-02
 -8.00283104e-02 -3.88716944e-02  1.22012282e-02 -7.70325353e-03
 -4.37988248e-03  9.83923301e-03 -2.07399465e-02  2.86134658e-03
 -5.12078591e-02  1.33885280e-03  1.87103506e-02 -4.17285524e-02
 -1.03227027e-01  1.02054691e-02 -9.47972760e-02  3.47111910e-03
 -3.78945619e-02  7.93264881e-02 -7.76799694e-02 -3.45095457e-03
  7.41336197e-02 -6.41365116e-03  4.47098073e-03 -5.78994985e-08
  9.86556243e-03 -3.60180810e-02  7.10608289e-02  1.65577102e-02
  4.46911454e-02  1.20467292e-02 -1.34392176e-02 -5.85682653e-02
  2.54315399e-02  4.87737590e-03  4.64746542e-02 -4.91577340e-03
 -2.46020928e-02  4.29177620e-02 -2.49320958e-02 -7.64771849e-02
  4.15702499e-02 -2.77379109e-03 -7.88382813e-02 -3.55717987e-02
  8.34038332e-02 -2.12825164e-02 -1.33659825e-01 -4.77265492e-02
  1.28164098e-01 -2.64211111e-02 -2.73301564e-02 -2.22350229e-02
 -4.94523421e-02  9.72523261e-03 -3.70449685e-02  3.55032124e-02
 -3.04810964e-02 -1.63388252e-02 -6.54845089e-02 -1.13398451e-02
  3.58453766e-02  2.02768985e-02 -7.12401718e-02  1.57900434e-02
  1.51840225e-01 -3.14910039e-02 -4.50160578e-02  1.22650666e-02
 -6.13941066e-03  8.45109485e-03 -1.26392571e-02  2.87520327e-02
 -2.29291040e-02  1.73591413e-02 -2.02943590e-02  5.38824424e-02
  9.37892571e-02  3.57282311e-02 -5.61312214e-02 -1.38466293e-02
  6.50132746e-02  4.09604535e-02 -2.67734341e-02 -4.48034629e-02
  6.82340562e-02  7.44479373e-02  1.36994664e-02 -7.20574856e-02]