[ 2.98817107e-03  7.75100244e-03 -1.27769068e-01 -6.34213313e-02
 -1.34580374e-01 -6.78188540e-03  1.09307682e-02  1.51843771e-01
  1.50750205e-03  4.82875630e-02  4.84054238e-02 -1.56918749e-01
  4.43432387e-03 -3.57713774e-02 -1.09118782e-01 -6.51935190e-02
  8.36178660e-03  1.36831740e-03  3.34006213e-02  5.98778352e-02
  4.71418649e-02  9.81500559e-03 -2.56083738e-02 -2.60887388e-02
  4.50705402e-02  3.60573605e-02 -3.11679784e-02  3.75896133e-02
 -4.15208824e-02 -1.18739001e-01  4.46691997e-02  1.08589724e-01
  1.38210952e-01 -4.79445830e-02  2.29945276e-02 -4.86369319e-02
  3.26804109e-02 -3.14971581e-02 -1.38526573e-03  2.30843443e-02
 -6.62195608e-02 -4.59588971e-03  6.10185880e-03 -3.03653218e-02
  1.43629126e-02  6.83862111e-03 -7.63652399e-02  1.27447799e-01
 -7.44518638e-03  5.96761554e-02 -4.23017628e-02  7.40681961e-02
 -4.57294434e-02  4.26522493e-02 -1.41509594e-02 -5.48376925e-02
  2.42756959e-02 -1.29762460e-02  6.19001861e-04  2.25050692e-02
  1.07568288e-02  9.01317894e-02  2.50721909e-02  7.02939704e-02
  9.36078727e-02  5.15333004e-02 -5.05703352e-02 -3.24320532e-02
 -7.86700845e-02 -5.18734939e-02  1.15876831e-02 -1.04291752e-01
 -1.56736840e-02  8.44856445e-03 -2.84664705e-02  2.56025083e-02
  5.13645401e-03  4.03523482e-02 -2.10562311e-02 -5.96444309e-02
 -2.67835911e-02 -4.69019957e-04 -1.56338103e-02 -2.51624659e-02
 -2.50820760e-02 -3.52984741e-02  3.11705898e-02 -2.00010221e-02
  5.03941141e-02 -2.10668221e-02  6.79488108e-02  6.94359094e-02
 -2.40457226e-02 -4.55031246e-02 -1.75748952e-02 -6.31371932e-03
 -4.91511077e-02 -9.31372400e-03  4.23604436e-02 -1.48335937e-02
  5.47199622e-02  9.74926911e-03 -6.04417361e-02 -7.23315775e-02
 -1.11583136e-01 -4.02990952e-02  1.01009287e-01  4.37733456e-02
  1.03034519e-01 -1.53092844e-02 -1.03522927e-01 -2.96957251e-02
 -2.75860019e-02 -6.54114559e-02 -3.00232531e-03  1.41145121e-02
  8.59879947e-04 -5.87373562e-02  9.50800627e-02  2.53942776e-02
  6.86586201e-02 -2.05806289e-02 -8.22318047e-02 -4.97197360e-02
 -5.93458638e-02 -2.38908771e-02 -2.64031980e-02  1.40480332e-32
 -7.94483870e-02 -1.43650956e-02  2.15717684e-02 -3.80203724e-02
 -3.50573063e-02  1.79213546e-02 -2.34179329e-02 -7.09848199e-03
  8.34752247e-03  7.09282001e-03 -7.79278576e-02  2.96117850e-02
 -1.33775352e-02  3.51444744e-02  7.94185046e-03  2.25536786e-02
  7.38861831e-03 -3.60430242e-03 -5.12326695e-02  4.14355621e-02
 -4.05406430e-02  1.20117599e-02  5.61539270e-02 -3.88757586e-02
  8.69420022e-02  7.11033046e-02 -3.15009989e-02  2.87898537e-02
  5.08911256e-03  6.90824073e-03  4.55127396e-02  1.55695118e-02
 -3.96265474e-04 -6.46586642e-02 -6.44461811e-02 -2.98704393e-02
  2.71965582e-02  5.30692600e-02  1.47588253e-02  6.63027689e-02
 -3.37680569e-03  2.58756578e-02  2.89795231e-02  2.62643415e-02
  4.64862660e-02  1.96046438e-02  3.12433634e-02 -4.07782092e-04
  5.93455657e-02  6.43320903e-02 -5.21736816e-02 -3.33054960e-02
 -5.46759926e-02 -1.52894305e-02 -2.29684394e-02  2.24003894e-03
 -8.98592174e-02 -3.30189033e-03 -2.97852512e-03 -5.32254241e-02
 -4.57687713e-02  3.43634523e-02 -2.31118710e-03 -6.97339848e-02
 -4.95043844e-02  2.16056369e-02  3.24158184e-02 -3.68617661e-03
  6.67083785e-02  4.52649854e-02 -1.02412067e-01 -2.87048332e-02
  6.78522885e-02  1.38972811e-02  2.49770912e-03 -3.67349088e-02
  4.64396253e-02  7.27209970e-02 -2.74480060e-02 -4.90656449e-03
 -5.61328866e-02  6.47794828e-03 -6.73923234e-04 -5.03863096e-02
  8.25220123e-02  1.02262370e-01  7.91965276e-02  1.82608832e-02
  2.59238370e-02 -3.63338180e-02 -6.03089435e-03  2.01395731e-02
 -1.88363139e-02 -7.28052575e-03  6.47900105e-02 -1.38616895e-32
 -2.08930038e-02  9.29730162e-02 -3.59216928e-02  4.71917018e-02
 -2.49527059e-02 -2.17299554e-02 -1.33501207e-02 -2.75165820e-03
  1.02779180e-01  1.58732627e-02 -6.69647474e-04 -4.42228466e-02
 -8.49948358e-03 -3.35025154e-02 -2.07782071e-02  6.70511052e-02
  1.12155387e-02 -3.11462232e-03 -6.56455830e-02 -5.02794273e-02
  1.99881159e-02  9.99290496e-02  4.36580405e-02  3.54843847e-02
 -1.25238171e-03  5.00181876e-02 -8.33932161e-02 -8.21759477e-02
 -1.23137236e-02 -1.17383562e-02 -1.60946958e-02 -8.03642496e-02
 -6.39149174e-02  8.15357193e-02 -7.55658895e-02 -1.04667850e-01
  1.67597067e-02 -2.90194266e-02 -3.29573490e-02  4.79048193e-02
  4.04220037e-02  3.73678096e-02  2.85652466e-02 -2.21862104e-02
  3.02162766e-02 -5.82867078e-02  5.47930375e-02 -7.87021890e-02
  1.00132218e-02 -3.57942805e-02  7.42506608e-02  4.71778810e-02
 -3.60315703e-02  6.94570988e-02  3.21064778e-02  2.88312696e-02
  5.71899526e-02 -2.57941559e-02 -1.32116184e-01 -1.13200098e-02
  3.86106186e-02  7.92028308e-02  1.62818432e-02 -2.37998762e-03
  9.16830897e-02  6.70187920e-03  6.20928404e-05 -2.22905949e-02
  2.42333617e-02 -1.22846356e-02  8.05983841e-02 -4.67492118e-02
  1.25209391e-02 -5.40682711e-02 -2.60182330e-03  1.98028013e-02
 -6.56585395e-02  4.81837057e-02 -2.90372688e-03  4.92194742e-02
 -6.89958334e-02  3.58396675e-03  3.54396179e-02  2.21680589e-02
 -8.51718336e-02 -7.48400092e-02 -8.29923600e-02 -6.41822442e-02
  1.82901546e-02  5.61690293e-02 -6.88253790e-02  8.14912543e-02
  6.54431731e-02 -2.51728725e-02  5.23070991e-02 -8.20347736e-08
  1.54120615e-02 -7.23736659e-02 -5.52188344e-02  7.52833262e-02
  1.04064420e-01 -4.56791604e-03 -7.82055259e-02 -5.44300536e-03
 -5.31297922e-02  6.70377165e-03  3.73694561e-02 -6.06622035e-03
 -8.92594978e-02 -5.63330352e-02 -6.16301857e-02 -2.73038242e-02
  3.59699838e-02  6.01055063e-02 -7.85386190e-03  2.91979946e-02
  5.45826480e-02  1.69265065e-02 -3.42985950e-02 -4.35968041e-02
 -6.07743748e-02  4.01207991e-02  1.33961979e-02  2.27553919e-02
  1.48726469e-02  6.01818860e-02 -3.30066048e-02 -2.79807765e-02
  5.25604710e-02 -1.08452722e-01 -4.10439074e-03 -2.99708135e-02
  2.40358878e-02  7.01991096e-02 -6.14880398e-02  3.67340334e-02
  3.43985036e-02 -2.89124306e-02 -3.76577899e-02  1.94680728e-02
  3.70219089e-02 -7.53196701e-02 -4.03587595e-02  1.33970575e-02
  9.65219960e-02 -7.66315088e-02 -1.19250538e-02  6.50579156e-03
  3.46732996e-02 -3.80615611e-03 -3.81976701e-02 -5.22058718e-02
 -2.99341287e-02  4.78566773e-02 -8.28120634e-02 -5.02438471e-02
  1.02263182e-01 -3.27923521e-02  1.99092682e-02 -3.73263173e-02]