[-4.91275229e-02  4.82895561e-02 -4.98593524e-02 -5.74623793e-02
 -9.82996523e-02 -6.86015747e-03  2.79392246e-02  4.00158353e-02
  4.57793213e-02  2.79202554e-02  9.70067903e-02  1.99053716e-03
  1.14948982e-02 -2.37194151e-02  3.90570872e-02 -8.51926580e-02
  3.84185351e-02 -3.62379886e-02 -4.31329617e-03  3.24329622e-02
  1.29331842e-01 -8.21620319e-03 -8.09007511e-02  6.60947636e-02
 -3.72819975e-02 -7.23690242e-02 -5.66018969e-02  2.59426627e-02
 -9.77707189e-03 -3.59905534e-03 -5.94883831e-03  2.34076753e-02
  9.52046290e-02 -4.11726125e-02 -7.13926833e-03  5.72189614e-02
  9.75145772e-02 -2.23467909e-02 -5.45102619e-02  7.88127631e-02
 -1.09175183e-01 -5.57919778e-02 -4.43246812e-02 -6.00151755e-02
 -1.96533324e-03 -2.69345287e-02 -1.60203613e-02 -2.91555300e-02
 -4.30288278e-02  6.44451799e-03 -4.19236682e-02  1.30396364e-02
  1.47204250e-02 -2.88015511e-02 -3.49339168e-03 -9.33247432e-02
 -4.26825359e-02 -1.68691557e-02 -5.08636888e-03  5.49992966e-03
  5.86747751e-03  8.09291232e-05 -3.25077027e-02  3.29234973e-02
  7.32121766e-02  6.13787165e-03 -1.79432426e-02 -2.55438276e-02
 -6.77056089e-02 -2.11157687e-02  2.04952732e-02 -9.61757302e-02
  1.07431049e-02  1.01557681e-02 -5.34759536e-02  7.08172694e-02
 -1.63381808e-02  6.10497408e-02  9.17580444e-03 -1.37067452e-01
  4.79766577e-02  1.49346516e-02 -2.69980356e-02 -2.52478477e-02
  8.95521231e-03 -2.94777229e-02 -1.85955074e-02 -2.43167896e-02
  8.41868222e-02 -4.62328549e-03  6.86265901e-02  1.17278937e-02
 -4.61692438e-02  2.36995984e-02  2.02825386e-02 -1.07332447e-03
 -5.42699695e-02 -4.05017808e-02 -8.80409125e-03  3.49154286e-02
  7.83231184e-02  5.10417074e-02  4.83778976e-02  2.84441877e-02
 -5.64874671e-02  3.40945497e-02 -2.27498412e-02  1.01195639e-02
  2.03744471e-02  1.04663812e-01 -9.98958349e-02 -6.94934055e-02
 -1.10698886e-01 -6.54026046e-02 -5.32995164e-02 -2.09720968e-03
 -4.62139398e-02 -2.03335397e-02  3.06337010e-02 -4.97026630e-02
  2.54715979e-03 -4.37270515e-02 -3.87758128e-02 -8.11423436e-02
  4.62889448e-02 -6.10050298e-02  1.11373797e-01  1.42273226e-32
 -3.60471681e-02 -3.97570767e-02  2.75405571e-02  5.47199734e-02
 -3.85930091e-02  1.69395208e-02 -4.96560447e-02  4.27118801e-02
  5.22258878e-02 -1.57378167e-02 -3.29469740e-02  9.31749642e-02
  9.77925770e-03  4.02280465e-02  6.56700060e-02 -5.31156315e-03
  2.96535194e-02 -2.12500244e-02  3.21202539e-02 -1.92588605e-02
 -1.51710538e-02 -4.03190590e-02  2.91636847e-02 -5.06293178e-02
  4.04220028e-03  2.32239719e-02 -5.06598577e-02 -5.00404388e-02
 -2.95857675e-02  4.18165736e-02  7.29190409e-02 -2.40235613e-03
  8.68560001e-03 -5.24666645e-02 -7.11477920e-02  2.69902516e-02
  3.92949060e-02 -3.67111829e-03 -3.81551050e-02 -9.24983621e-02
 -5.19421101e-02  4.13021557e-02  5.97225130e-02  8.17029998e-02
  6.40151426e-02 -3.63593996e-02  7.01113567e-02 -7.22865667e-03
  9.58118215e-02  1.00708157e-01 -3.61489020e-02 -2.26564202e-02
 -2.15299167e-02 -1.95653643e-02  1.80436224e-02  2.49412097e-03
 -7.39630461e-02  7.35863000e-02 -2.93328017e-02 -1.13249689e-01
  9.15890653e-03  1.83823965e-02 -5.31747064e-04 -1.96545888e-02
  2.19734181e-02 -2.45728553e-03 -2.97720311e-03  1.63877325e-03
  5.59855439e-02  3.18803117e-02 -7.48466924e-02 -2.82623507e-02
 -6.70970371e-03  7.98876435e-02 -3.03054675e-02 -3.51474397e-02
  1.15357637e-02  1.41653204e-02  7.51488563e-03  1.12646325e-02
 -2.68066488e-02 -8.22296552e-03 -5.48664927e-02  1.23969875e-02
  4.84631062e-02  4.47468720e-02  8.81549045e-02 -5.08759031e-03
  7.36897662e-02  9.66748446e-02 -6.11448288e-03  1.33243859e-01
 -4.54061441e-02  5.88946790e-02  1.46813504e-02 -1.62621048e-32
  1.54302828e-02  2.09946353e-02 -4.47681174e-02  3.13902088e-02
 -1.09176971e-02 -3.23131011e-04  1.67037398e-02 -2.00376268e-02
 -2.01949254e-02 -7.21349940e-02 -8.37713853e-02 -1.06558934e-01
  1.12432867e-01  1.48868496e-02 -8.62761885e-02 -5.95503626e-03
 -1.35765955e-01 -2.21465789e-02 -8.72471370e-03  1.12841092e-02
  1.32064354e-02  8.85611624e-02  2.90979668e-02 -1.57764647e-02
 -1.55873187e-02 -3.27660777e-02 -4.80436645e-02 -4.51165289e-02
 -1.04761206e-01 -9.59726423e-02  3.83078307e-02 -1.27431890e-02
 -3.30137201e-02  1.02847971e-01 -7.49322996e-02  7.51337328e-04
  6.48258403e-02  2.77389139e-02 -4.82833944e-02  6.69111609e-02
  4.19521928e-02  6.05670027e-02  5.01195854e-03 -6.34564012e-02
 -5.29689528e-02 -8.60610232e-03  1.79933459e-02 -1.16350159e-01
  5.24149928e-03 -1.03691936e-01  8.16233456e-02 -1.98220741e-03
 -2.60802247e-02  2.44202949e-02  7.98285231e-02 -2.84232628e-02
 -5.36108129e-02 -9.40247551e-02 -1.44968003e-01 -1.47495726e-02
  7.60162994e-02  6.53677806e-02 -6.44701347e-02 -2.24974826e-02
  1.60424829e-01 -3.55290473e-02 -1.44331018e-02  5.91707453e-02
  3.91430892e-02 -1.22845136e-02  3.87755432e-03 -1.12350203e-01
 -2.56366450e-02 -6.90410957e-02  2.76651606e-02 -4.47779149e-02
  2.38991505e-03 -4.82864939e-02 -5.25933765e-02  4.78821225e-04
 -5.28539419e-02 -7.38780806e-03 -2.76820865e-02  8.06972478e-03
 -8.10028687e-02  4.49294597e-02  2.51166746e-02 -3.75808822e-03
  6.61737518e-03  5.18998168e-02 -3.32267694e-02  5.56637980e-02
  2.44989824e-02  3.07229944e-02 -3.59025970e-02 -7.13064807e-08
  1.81942806e-02  2.13286243e-02  6.35699034e-02 -2.05211039e-03
  1.70591958e-02 -4.80499715e-02  1.47715267e-02 -2.40485705e-02
 -3.01652290e-02  5.26763573e-02 -2.63494789e-03 -3.49978879e-02
 -6.66951835e-02 -3.51855867e-02 -1.21733570e-03 -5.38505651e-02
  4.32866924e-02  5.26922978e-02 -4.10581492e-02 -1.74394269e-02
  1.02638826e-01 -3.20429727e-02 -6.93408474e-02 -5.44286035e-02
  2.69098897e-02  1.73429344e-02 -4.25545052e-02 -1.00711063e-02
 -2.64238752e-02  4.11685482e-02 -3.58314067e-02 -1.13308486e-02
  6.92850947e-02 -9.21674520e-02 -2.83392668e-02 -3.78431156e-02
 -2.01144703e-02  4.51288074e-02 -2.25686505e-02 -3.40056419e-03
  3.15433480e-02  2.55732797e-02 -5.15903123e-02 -1.21751809e-02
  2.52967738e-02  1.56628191e-02 -7.91735724e-02  1.06636688e-01
 -5.74999303e-02 -6.80582272e-03 -7.08987415e-02 -6.09389730e-02
  7.23179281e-02  4.63950448e-02  1.65068340e-02 -4.36500758e-02
 -9.02025669e-04  2.63008140e-02  1.73811112e-02  4.28094296e-03
  9.23689231e-02  2.30497532e-02 -2.52005290e-02 -2.45037712e-02]