[ 3.92462276e-02 -7.26828724e-03 -3.87822315e-02 -6.55372860e-03
  2.30488670e-03 -2.04686206e-02  1.40660862e-02  8.59812126e-02
  4.44204721e-04  2.26904526e-02  5.24118915e-02 -1.07677266e-01
 -3.35464138e-03  3.04081142e-02 -2.00208556e-02 -3.73065136e-02
 -3.27772275e-02  4.47093360e-02 -5.10706492e-02  4.22236659e-02
  1.66586205e-01 -3.08899488e-02  3.51202153e-02  3.72597426e-02
 -7.04877824e-03  5.37711084e-02 -8.86713639e-02  4.82536815e-02
 -1.80298686e-02 -1.12854995e-01 -5.31591401e-02  1.11383565e-01
  1.73600748e-01 -1.16030023e-01 -1.05612050e-03 -5.52524114e-03
 -4.31555919e-02 -5.38481027e-02 -9.47817136e-03  8.89171138e-02
 -7.01843575e-02 -2.23821905e-02  5.54969087e-02  1.01306597e-02
 -6.67415783e-02 -7.00713247e-02 -6.08113641e-03  1.67642906e-02
  4.93100248e-02 -9.08044726e-03 -1.04749519e-02  2.38349084e-02
 -7.42336884e-02  9.52186882e-02  1.40956137e-02 -4.98759374e-02
 -4.20595445e-02 -2.54791137e-02  1.17948707e-02 -3.63954622e-03
  3.32023315e-02  6.12826273e-02 -8.85005295e-02 -1.01819322e-01
  5.95011152e-02 -1.56092672e-02 -2.66557951e-02 -7.28015602e-02
 -6.14489876e-02  7.11330250e-02  6.01039752e-02  1.99244404e-03
  3.04673258e-02  6.94179982e-02 -4.46440727e-02  7.09183738e-02
  3.43513899e-02 -1.50228001e-03 -6.04613964e-03 -8.69440064e-02
 -3.92394997e-02  3.89748178e-02  2.29978561e-02 -1.02189422e-01
  3.67321223e-02  1.88585538e-02  3.27193700e-02 -2.91134673e-03
  3.91152920e-03 -3.45278112e-03  7.68983290e-02  8.32982734e-02
 -9.92232636e-02 -2.25318689e-02 -5.20141348e-02  1.78410783e-02
 -5.30845905e-03  1.58647969e-02  6.98781312e-02 -1.97143406e-02
  7.83853158e-02  4.64313403e-02 -5.24483584e-02 -3.69934887e-02
 -7.08049983e-02  1.47407153e-03 -1.09786429e-02  5.76968268e-02
  3.68917845e-02  6.49698079e-02 -8.06057751e-02 -5.43499254e-02
 -4.73827636e-03 -2.85691814e-03 -7.56734163e-02  5.53985359e-03
  4.39076638e-03 -6.19090721e-03 -6.16370700e-02  1.60020089e-03
  4.72717322e-02 -1.45528885e-02  1.15640119e-01 -5.23521146e-03
  3.22347917e-02 -8.18123594e-02 -5.49033470e-02  1.42888568e-32
  2.16343869e-02 -2.92994436e-02 -7.71737425e-03  4.09268811e-02
  2.66311001e-02 -8.49823281e-03 -1.02791138e-01  6.33140877e-02
  1.89966802e-02 -3.71064134e-02 -9.69500467e-02  4.87766899e-02
  9.68906935e-03 -2.72709746e-02  1.28075972e-01 -9.18076187e-02
  6.59787580e-02 -7.42210224e-02  1.96176060e-02  2.00802684e-02
 -8.15360770e-02  7.24319369e-02  3.72009873e-02  1.99837387e-02
  2.97243670e-02  8.15825388e-02  6.66087586e-03 -3.92148308e-02
 -1.07457183e-01  4.04702276e-02  5.13589457e-02  7.12091150e-03
 -8.57168660e-02 -5.13844937e-03 -1.32015105e-02 -4.44788262e-02
  5.03015667e-02 -2.27006711e-03 -8.01420808e-02  2.44603604e-02
 -3.82984057e-02  4.11947444e-02  6.94407597e-02  4.34285849e-02
  2.03726124e-02 -2.08924543e-02  3.29101048e-02  8.18554759e-02
  9.03440639e-02  6.39904216e-02 -4.45454381e-02  1.44757312e-02
  3.03252246e-02 -3.56485471e-02 -3.61915939e-02  4.36975285e-02
 -3.30292284e-02  3.22520956e-02  6.19893335e-03 -3.72691778e-03
  2.96331098e-04  5.07926755e-02  3.01587842e-02  6.21388108e-03
 -4.66350988e-02  2.85720881e-02 -9.48207080e-02  1.41947651e-02
  1.15599118e-01  5.01019694e-02 -5.35358936e-02 -3.30146332e-03
  2.16046162e-02  6.33590519e-02 -1.42030539e-02  3.48325893e-02
  3.68363708e-02 -6.57585561e-02  2.24387590e-02 -1.14963856e-02
 -6.13372363e-02  5.49046844e-02  1.01697119e-02 -5.53611293e-02
  2.27250537e-04  3.04447953e-02  3.11604924e-02  2.94186100e-02
 -4.93774656e-03  2.99466904e-02 -1.87411178e-02 -3.10490858e-02
  9.36926156e-03 -9.47952643e-02 -1.02719693e-02 -1.29949798e-32
  4.73486334e-02  3.45565788e-02 -4.34493385e-02  2.29740888e-02
 -7.39580067e-03  1.45481993e-02 -1.97669119e-02 -5.22815250e-02
  1.63795776e-03 -2.85254326e-02  2.77955960e-02 -2.85813771e-02
  5.42238429e-02 -9.14143622e-02 -1.46848867e-02  7.94398263e-02
 -7.81825110e-02  1.51939923e-02 -5.83166741e-02 -4.80627269e-02
 -7.81233832e-02  1.33688882e-01  7.84502272e-03 -1.44374995e-02
 -3.27591635e-02 -4.23030695e-03 -7.99636915e-02 -3.87999229e-02
  4.25010696e-02  1.83914090e-03  4.60444391e-02 -4.91048321e-02
 -3.19339857e-02  6.08568266e-03 -4.12393771e-02 -3.72101441e-02
  7.28891790e-02  4.01962316e-03  2.82766670e-02  5.00418879e-02
  5.64022455e-03  2.74988152e-02  5.67368418e-02  5.05240075e-03
  1.24226455e-02 -1.04550101e-01  3.92071642e-02 -6.37188628e-02
  2.20894329e-02 -3.70980985e-03  6.90511093e-02 -6.16684146e-02
 -9.13860798e-02  1.43346544e-02  1.63041968e-02 -8.59713741e-03
 -2.01917831e-02  8.48907232e-03 -1.05350018e-01 -7.38777639e-03
  1.72060765e-02  4.90529947e-02  3.96943167e-02 -4.41832989e-02
  9.18210074e-02  1.67689845e-02 -2.29495019e-02  5.76867275e-02
  6.82859197e-02  1.69864707e-02  6.53343499e-02 -1.69109534e-02
  1.44886225e-02 -1.27554201e-02  2.43232790e-02 -7.46613310e-04
  1.30942436e-02  2.66943499e-02  1.90983098e-02  1.84017643e-02
 -2.45983936e-02  1.30063267e-02 -1.67538114e-02 -3.22218202e-02
 -7.56583363e-02 -4.95262891e-02  2.69184969e-02  1.96728818e-02
 -1.16469879e-02  2.28467193e-02 -7.21274992e-04  2.24308902e-03
  9.05483738e-02  2.84685697e-02  7.26307184e-02 -5.90986780e-08
 -1.62728205e-02 -3.37679200e-02 -4.24967743e-02  2.18322780e-02
  6.81251585e-02 -3.16223241e-02 -2.99184099e-02 -3.86365987e-02
 -8.28281394e-04 -1.18050883e-02 -8.51481163e-04  7.15451092e-02
 -5.11115938e-02  1.01242894e-02 -2.95643304e-02 -5.53525537e-02
  4.75188754e-02  1.18711933e-01 -5.89635968e-02 -1.92307625e-02
  5.08574443e-03 -2.01185420e-02 -5.63179962e-02 -1.15343137e-02
 -6.55725077e-02 -6.15543611e-02 -5.49719930e-02 -4.08305749e-02
 -1.23517793e-02  3.43853012e-02  1.69038679e-02  8.36293213e-03
  4.64573801e-02 -1.21703818e-01 -4.98640258e-03  1.90310255e-02
 -2.67459312e-03  1.46177516e-03 -5.41025884e-02  6.91171139e-02
  9.10571590e-02 -1.57990694e-01 -5.47435619e-02  3.65849510e-02
  4.18411978e-02 -8.39527771e-02 -9.33196023e-02  4.70517911e-02
 -8.66268855e-03 -3.92562747e-02 -3.15780789e-02  3.11441347e-02
 -1.25391269e-02 -4.10465114e-02 -1.95025802e-02  1.84030849e-02
  8.89566913e-03 -1.55219957e-02  3.02863251e-02 -2.15739235e-02
  6.24942519e-02  2.11508051e-02  4.81658429e-02 -8.96431580e-02]