[ 1.13799339e-02  7.78297111e-02 -1.12602636e-01 -4.10207063e-02
 -7.68961664e-03  6.15874818e-03  4.97727543e-02  9.82772484e-02
  7.16680149e-03 -5.73427882e-03  1.23262279e-01  2.48038564e-02
  7.92264473e-03 -2.32024351e-03 -1.75848100e-02  4.62518632e-03
  3.17254253e-02  7.69614428e-02 -1.10131234e-01  3.68999504e-02
  1.77535042e-01 -2.15458311e-02  3.61973569e-02  5.88008985e-02
 -3.39100435e-02 -4.05845717e-02 -4.02969904e-02 -3.01536415e-02
 -6.84571639e-02 -2.72448864e-02 -7.92356022e-03  4.61400785e-02
  1.78468004e-01 -6.70252442e-02 -2.99577210e-02 -2.33140197e-02
  2.72880234e-02  2.69818876e-04 -2.73503624e-02  6.74247295e-02
 -9.57815051e-02 -3.25912125e-02 -1.28064275e-01 -2.93854866e-02
  6.56173285e-03  6.04922092e-03 -1.30327744e-02  4.91028093e-02
 -6.75040260e-02  2.47750822e-02 -1.10588130e-02  5.49010979e-03
 -1.66824870e-02  3.33559923e-02 -1.69871375e-02 -1.18367180e-01
 -6.61350191e-02 -3.74573632e-03 -3.68142016e-02  6.27363473e-02
 -2.37233322e-02  4.42410298e-02 -7.37305358e-03  2.49231532e-02
  1.61863882e-02  2.44316626e-02  1.15608536e-02 -3.78286242e-02
 -5.46262003e-02 -1.03264526e-02  7.45699257e-02 -3.28876898e-02
  2.43440345e-02  3.24811675e-02 -3.18467952e-02  8.28314796e-02
 -5.07652713e-03  6.85588941e-02 -7.13360310e-03 -1.85206860e-01
  5.48443794e-02  2.73343436e-02 -2.34308317e-02 -1.29907615e-02
  4.88600060e-02 -4.11762223e-02  1.84397722e-04  2.32302174e-02
  5.42859826e-03  3.48078981e-02  5.70301823e-02  3.93441990e-02
 -4.61806990e-02 -8.41735005e-02  1.00957528e-01 -3.30258645e-02
 -4.20741066e-02 -2.54323874e-02  3.22438180e-02 -3.07131689e-02
 -1.25115213e-03  2.07061656e-02 -2.45161876e-02 -3.13318372e-02
  9.84890386e-03 -4.96251322e-02  4.04728800e-02 -1.71850882e-02
  5.14580943e-02  1.17819525e-01 -3.39612439e-02 -2.36707758e-02
 -7.61439502e-02 -5.26565574e-02 -3.72469090e-02  2.94466875e-03
 -1.75601542e-02 -1.24771679e-02  6.39631376e-02 -1.31551232e-02
  9.98921506e-03 -3.34755890e-02  8.48562345e-02 -2.93520670e-02
  5.41738644e-02 -5.66846468e-02 -3.02333646e-02  7.14406618e-33
 -5.99186048e-02  1.74192023e-02 -6.92321435e-02 -4.53250483e-03
 -2.54734419e-02  2.00811308e-02 -3.18378769e-02 -2.32601054e-02
  4.53325920e-02  4.85044010e-02 -5.57465628e-02  5.27104288e-02
  1.76088959e-02  2.21400615e-02  1.05472833e-01  7.48075694e-02
  4.99159023e-02  5.88161275e-02  2.89282389e-02 -9.03018285e-03
 -1.77615136e-02  5.87098300e-02 -2.34475173e-02  1.38261644e-02
  1.92357209e-02  6.35755509e-02 -7.68033043e-02 -5.69606796e-02
 -8.01677108e-02  4.15781997e-02  9.27115828e-02 -4.53983843e-02
  7.27819949e-02 -8.43121558e-02 -5.91021664e-02 -3.46750654e-02
  4.02965881e-02  2.03341190e-02  2.34206021e-02 -1.47170536e-02
 -9.00262129e-03 -1.35100458e-03  1.03599906e-01  3.23809162e-02
  2.31954996e-02  4.33712192e-02  1.37911141e-02 -2.19481383e-02
  3.09093185e-02  1.04422510e-01 -4.52277139e-02  9.45425779e-03
 -6.44745026e-03 -5.44971190e-02 -3.33481617e-02 -4.29588137e-03
 -5.98108880e-02 -2.42733629e-03 -3.45285125e-02 -7.13502914e-02
 -4.69142310e-02  5.19671328e-02 -3.51704545e-02 -4.90810350e-02
 -9.02546123e-02 -6.90658540e-02  3.24820424e-03 -3.02149002e-02
  8.01481605e-02 -2.75384467e-02 -1.05394676e-01 -2.43999250e-02
 -1.13574483e-01  8.32040980e-02 -4.77062389e-02 -1.63224675e-02
  1.08935341e-01 -4.03253129e-03 -2.70310231e-02 -1.71111114e-02
 -1.25025315e-02 -2.93562301e-02  6.28621271e-03 -1.05371615e-02
  1.92166902e-02  6.56453744e-02  5.24000302e-02  6.84555098e-02
 -2.97644995e-02  5.56481443e-02  9.10647810e-02  7.33324587e-02
 -7.74211884e-02  4.92135473e-02  4.44029719e-02 -9.86756317e-33
  6.19433681e-03  4.30358760e-02 -1.51979197e-02  2.42928863e-02
 -6.60679676e-03  5.05496897e-02  5.80209447e-03 -1.63618717e-02
 -1.45987580e-02 -6.31258190e-02 -4.09773961e-02 -7.29789510e-02
 -4.19647573e-03 -4.70325910e-02 -1.82617251e-02  1.95843242e-02
 -8.66356567e-02  5.62297218e-02 -1.62920579e-02  8.43159389e-03
  9.96568985e-03  8.97669718e-02  4.98173311e-02  4.17026551e-03
  4.52821935e-03 -3.81787829e-02 -4.08491120e-02 -2.35494580e-02
 -1.37371663e-02  2.41507813e-02  2.22307984e-02 -2.19105277e-02
  9.89874545e-03  7.14317337e-02 -6.16095811e-02 -9.56355706e-02
  6.46233186e-02 -7.06111044e-02 -5.09160757e-02  1.04211204e-01
  2.19308585e-02  5.13413325e-02 -2.69547235e-02 -3.98034640e-02
 -9.35361087e-02 -5.89832589e-02  2.19315179e-02 -6.91194162e-02
  7.84236006e-03 -2.31194906e-02  8.85595232e-02 -5.90613224e-02
  4.80972864e-02  2.40826723e-03  1.38447350e-02 -1.72092002e-02
 -5.79835847e-03 -3.50032039e-02 -1.14444651e-01  7.60410577e-02
  8.90733004e-02  6.02634437e-02 -6.96888193e-02 -5.34667168e-03
  1.26911933e-02 -6.62103877e-04 -1.64593421e-02  1.08864866e-01
 -7.46163130e-02 -7.53555773e-03  2.95980666e-02 -6.13848343e-02
 -6.85842941e-03 -3.39203440e-02 -6.24449626e-02 -3.44820917e-02
 -3.02830264e-02 -8.34592991e-03 -2.00966522e-02  3.04714823e-03
 -5.75066693e-02 -2.31874883e-02 -2.11381298e-02  5.74951526e-03
 -9.51425582e-02 -7.22736493e-03  2.87657138e-03  2.21084096e-02
 -5.15602082e-02  1.48110790e-02 -5.77048734e-02  3.75635289e-02
 -2.60753091e-04  2.19632871e-02 -4.58942614e-02 -6.00596124e-08
  1.09260147e-02 -1.89782139e-02  1.06742047e-01 -3.33759747e-02
  7.56797343e-02 -3.43603990e-03 -3.70248780e-02  4.86869700e-02
 -1.69128105e-02  4.46449732e-03 -9.08453763e-03  3.69431302e-02
 -1.14966772e-01 -5.09705693e-02 -1.27620753e-02 -9.33373496e-02
  3.93023826e-02  1.87641736e-02 -1.49662029e-02  1.72347948e-02
  3.97464819e-02  1.33275315e-02 -9.09157768e-02 -8.71700495e-02
  9.08886362e-03 -3.59056368e-02  2.20399238e-02  8.77917185e-03
 -3.22107673e-02  6.64719269e-02 -8.83983448e-03  2.99634790e-04
  2.54334081e-02 -5.36895134e-02 -7.70370811e-02 -7.87670352e-03
 -6.51239557e-03 -2.07057409e-02 -5.67170419e-02  3.07333544e-02
  4.27141152e-02 -1.32493302e-01  2.54305825e-02 -5.57319587e-03
 -1.33691588e-02 -4.21683080e-02  1.02121774e-02  3.36039923e-02
 -1.80142093e-02 -4.11085151e-02 -1.37791941e-02  2.57807337e-02
  2.34233923e-02 -1.27706919e-02 -4.00315076e-02 -5.35629168e-02
  1.51935192e-02  1.66974775e-02 -3.79326195e-02  6.25217147e-03
  9.40230116e-02  4.17657085e-02  3.77318002e-02 -2.53997967e-02]