[-8.40921700e-03  3.24272364e-02 -9.10055637e-03 -3.18768714e-03
 -2.83996630e-02  3.97227501e-04  3.71603966e-02  7.63870254e-02
 -1.64535530e-02  5.86531833e-02  1.33768141e-01  4.89277940e-04
 -2.14459635e-02  8.09560865e-02  3.69122140e-02 -6.94344565e-02
  9.09252763e-02 -1.41076883e-02 -5.80373146e-02  1.78024340e-02
  1.28124207e-01 -5.89000098e-02 -8.20017606e-02  2.16728933e-02
 -1.16989948e-01 -1.67912412e-02 -5.59747517e-02 -2.16297582e-02
 -6.61870614e-02 -2.01060493e-02 -6.39611930e-02  4.53410149e-02
  5.87752163e-02 -1.24872895e-02 -2.14131158e-02  5.31101264e-02
  2.74193417e-02 -7.11504295e-02  1.27866224e-03  5.90176173e-02
 -1.19472697e-01 -6.47097155e-02 -1.00840650e-01 -8.52251351e-02
  1.20338257e-02 -4.10849042e-02 -1.41859036e-02 -5.01199476e-02
  2.26221308e-02 -1.74778569e-02 -2.06814520e-02  2.31210906e-02
  5.76977432e-03  1.00428564e-02  1.68396849e-02 -6.31502271e-02
 -3.98523733e-02 -7.44256983e-03  9.23242979e-03  3.87759763e-03
 -6.00122139e-02  2.49002734e-03 -4.18384634e-02  2.14654692e-02
  5.57675138e-02 -3.12425271e-02 -6.24422580e-02 -3.03125363e-02
 -3.63942655e-03 -2.13498672e-04  7.04675838e-02 -6.04780018e-02
  3.48051861e-02  1.99978761e-02 -3.45278494e-02  3.36112827e-02
  4.77239899e-02  5.04158437e-02 -1.19465897e-02 -1.19349241e-01
  3.22386958e-02 -5.68807013e-02 -8.85894615e-03  2.82987431e-02
 -4.02269652e-03 -4.71290527e-03 -3.07079125e-03  6.45493492e-02
  1.21505573e-01  3.97256613e-02  6.09123334e-03  9.78712440e-02
 -7.44349584e-02 -2.61109900e-02 -4.53328103e-04 -1.86239854e-02
 -6.14866130e-02  1.58556644e-02 -2.78582238e-02 -1.50835067e-02
  5.93194440e-02  2.75731459e-03  4.03045081e-02  5.94785698e-02
  2.54158536e-03 -2.04401352e-02  1.14494422e-03 -6.16102740e-02
  6.63011288e-03  1.03231393e-01 -5.89791387e-02 -3.94110195e-02
 -7.79576972e-02 -7.41182417e-02 -9.86129791e-02  9.86403972e-03
 -6.18424825e-02 -7.30067268e-02  2.61826012e-02  1.59371123e-02
  4.22150381e-02 -2.33672094e-02  6.76864684e-02 -6.45280853e-02
  2.82488819e-02  3.11791357e-02  8.34849104e-02  4.82569782e-33
 -5.47636487e-02 -5.67105636e-02 -1.70438569e-02 -1.48374112e-02
  1.39888693e-02 -7.18655670e-03 -1.60710923e-02  2.87881065e-02
  5.27148023e-02 -3.37762386e-02 -5.42022288e-02  3.13810706e-02
 -2.45997515e-02 -6.55262172e-02  8.07498395e-02 -6.80919811e-02
  1.31237153e-02  1.96251422e-02  1.97309628e-03  2.04445794e-03
 -5.92153966e-02 -4.77851555e-02  3.26544419e-02 -4.69314046e-02
  1.74542088e-02  2.15602815e-02 -3.06568090e-02 -1.51880896e-02
  2.50996109e-02  3.98380905e-02  7.76978657e-02  8.49428959e-03
 -2.31053196e-02 -2.58418825e-02 -6.73214123e-02  3.01979762e-02
 -7.23331934e-03 -2.14078762e-02 -3.39669399e-02 -2.69256514e-02
 -5.91495186e-02 -7.02028954e-03  5.75456955e-02  7.09832832e-02
 -3.71851190e-03 -4.45056520e-02  5.14224023e-02 -7.08528748e-03
  7.80174658e-02  7.44041353e-02 -7.90276527e-02 -2.94395182e-02
 -2.16390714e-02 -7.22286478e-02 -9.75208171e-03  7.56832659e-02
  4.13266104e-03  2.53278259e-02 -6.30423501e-02 -2.47775838e-02
 -3.33206467e-02 -8.10241774e-02  3.21591049e-02 -2.37138141e-02
  1.04616791e-01 -5.33851348e-02  4.77360412e-02  1.82070844e-02
  8.73672813e-02 -3.77013981e-02 -6.68890849e-02 -5.19564934e-02
  4.67255339e-02  3.17859575e-02  5.12402505e-02  1.59158499e-03
  1.43334687e-01 -4.52457927e-03 -2.96453759e-02 -7.24508381e-03
 -2.64299344e-02 -4.84701507e-02 -2.57772096e-02 -1.80324577e-02
  1.01302847e-01  5.83640710e-02  4.19431999e-02  1.08669577e-02
 -2.43551601e-02  6.74384534e-02 -1.35407029e-02  1.43228188e-01
 -1.05144590e-01  5.85571751e-02  4.86537330e-02 -7.86366195e-33
  1.13339843e-02  9.17703584e-02 -5.38739786e-02  2.77201254e-02
  1.51950931e-02  1.78578701e-02  1.09425848e-02 -5.15212901e-02
 -8.32808390e-03  8.48812144e-03 -5.74589148e-02 -1.08817413e-01
  4.84792963e-02 -2.50742193e-02 -1.37285531e-01  4.41452935e-02
 -6.54041022e-02  2.08711587e-02 -2.93476600e-02 -3.54770035e-03
 -4.88423035e-02  8.59316662e-02  1.03285909e-02 -2.15643458e-03
 -6.54885871e-03 -2.41041165e-02 -2.20951252e-02 -2.94460244e-02
 -1.16639487e-01 -5.31780086e-02  4.94953543e-02 -2.55355556e-02
  2.26220768e-02  1.37901098e-01 -4.56212983e-02  3.24990749e-02
  4.83249836e-02  1.00264912e-02 -2.67275777e-02  1.03193015e-01
  5.57901859e-02  5.19312210e-02  3.14470381e-02 -4.49995808e-02
 -8.98018330e-02 -3.66088301e-02  5.21472562e-03 -9.57746133e-02
  4.29967884e-03 -6.32930994e-02  8.24764296e-02 -6.31925911e-02
 -4.71548103e-02  7.36720627e-03  7.30870217e-02 -9.65667516e-03
 -1.26659274e-02 -8.12712386e-02 -1.21096879e-01 -5.05682267e-02
  1.30515844e-01  5.20030111e-02 -5.81143983e-02 -1.94490422e-02
  6.01132251e-02 -5.92474379e-02 -1.23012988e-02 -3.94443497e-02
 -3.56493145e-02  8.82833148e-04 -9.46623366e-03 -2.78306630e-04
  1.92867704e-02 -3.34635451e-02 -5.17214388e-02 -2.43158005e-02
 -1.19498577e-02  7.30102183e-03 -3.84345814e-03 -5.99969923e-02
 -1.68049820e-02 -8.84289388e-03 -5.49494885e-02 -5.97999170e-02
 -1.02190129e-01  4.06440757e-02  3.07653174e-02  4.13379222e-02
  1.42559167e-02  6.50641024e-02 -5.24150990e-02  6.53483570e-02
  2.75267996e-02  5.91811948e-02 -6.73446730e-02 -5.20030774e-08
  3.01574003e-02  2.56053749e-02 -9.22068674e-03  3.33578289e-02
  4.90555838e-02 -4.57211062e-02  3.29339318e-02  1.12575572e-02
 -1.87201961e-03  3.70307676e-02 -2.00941674e-02  5.77489063e-02
 -6.78417236e-02  1.46849230e-02  3.67757818e-03 -7.44244680e-02
  4.28459123e-02  4.47909199e-02 -2.49376055e-02 -2.75308359e-02
  7.56662935e-02 -3.77212837e-02 -3.99208441e-02 -7.90346600e-03
  4.48628664e-02 -9.69026238e-03 -5.79755083e-02  3.96975242e-02
  7.55020138e-03 -1.00118911e-03 -3.64999399e-02 -7.27125183e-02
  4.02876325e-02 -1.02404028e-01 -7.34969834e-03 -9.60945711e-03
 -8.74959603e-02 -2.41874456e-02 -1.33659197e-02  3.81426290e-02
  2.89369393e-02 -5.87278791e-03 -5.77258505e-02  6.34700526e-03
  7.53019424e-03  1.92967933e-02 -9.76754501e-02  7.09284171e-02
 -3.99034061e-02 -5.58698364e-03 -3.72063294e-02 -5.28288558e-02
  6.66554943e-02  4.33454011e-03  4.72818390e-02  2.29524504e-02
  6.53692931e-02  1.91363990e-02 -7.99616333e-03  2.93036122e-02
  2.56312601e-02  7.43152425e-02 -4.22773659e-02  7.87754252e-04]