[-4.17798311e-02 -4.99016009e-02 -8.67816210e-02 -5.60469925e-02
 -2.72930954e-02  2.13099904e-02  6.22627586e-02  1.49095342e-01
 -3.16496640e-02  3.95095274e-02  3.82407904e-02 -3.20110470e-02
  2.53728200e-02 -7.03503552e-04 -2.88793594e-02 -5.28405383e-02
  2.72236131e-02  5.16845919e-02 -1.03649199e-01 -2.73912977e-02
  1.61598638e-01 -6.53868243e-02 -1.82101671e-02  2.08728965e-02
  3.30116265e-02  7.96216056e-02 -5.05863987e-02  1.03011504e-02
  1.57609116e-02 -1.12402085e-02 -1.32991523e-02  7.87169114e-02
  9.34751034e-02 -9.31442976e-02  7.08679482e-03 -6.73134066e-03
 -3.97343375e-02 -7.64626041e-02 -7.79515458e-03  2.55568717e-02
 -4.95480374e-02 -1.76893501e-03 -1.36764400e-04 -3.91222574e-02
 -3.25719751e-02 -7.30444565e-02 -6.29600137e-02  3.95305417e-02
  3.38085368e-02 -3.39275524e-02 -5.18363938e-02  9.00220126e-02
  1.17857410e-02  5.16132116e-02 -3.63793857e-02 -7.50740990e-02
 -7.04328418e-02 -2.11399365e-02 -4.24598437e-03  5.72512345e-03
  8.38043913e-03  2.30340865e-02 -3.51348482e-02 -3.42974812e-02
  5.74899092e-02  4.67588492e-02 -3.09709106e-02 -1.20785140e-01
 -3.02307811e-02  7.04142973e-02  2.36633979e-03  5.73256835e-02
 -5.17103402e-03  5.04091270e-02 -4.60044965e-02  5.44065759e-02
  4.67448048e-02 -4.18526419e-02 -2.45041661e-02 -8.38624462e-02
  4.39100899e-02  2.57322788e-02  3.32083181e-02 -1.16199078e-02
  1.55630521e-02  4.57158312e-03 -3.04794312e-02  8.37963000e-02
  1.74500421e-02  2.22836398e-02  9.35766175e-02  8.14665407e-02
 -7.18301982e-02 -2.57735066e-02 -4.53260802e-02  3.28078046e-02
  4.76502953e-03  2.32856274e-02  4.81159128e-02  7.31133856e-03
  4.91254628e-02 -1.32907266e-02 -2.91393939e-02 -5.38525358e-02
 -8.80341753e-02 -3.29692774e-02  1.56709515e-02  7.11784437e-02
  1.69403292e-02  4.31650430e-02 -9.22127813e-02 -1.71651244e-02
 -2.20753867e-02  9.67245083e-03 -9.89567488e-02 -4.33384534e-03
 -1.77837778e-02 -4.76196148e-02 -5.82063897e-03 -1.08269816e-02
  1.93063989e-02 -2.21434310e-02  1.08105183e-01  2.12621707e-02
  6.18183352e-02 -9.27392170e-02 -4.77294549e-02  1.64864317e-32
  9.99957044e-03  3.36269066e-02  1.36935655e-02 -5.59591129e-02
 -1.36366440e-02  3.36290486e-02 -7.72830248e-02  5.67329824e-02
  1.74089260e-02  2.58987378e-02 -9.23002064e-02  8.69234726e-02
  9.89010930e-03  1.59217641e-02  9.45425704e-02 -3.32836695e-02
 -3.78960222e-02 -4.69684489e-02  2.53184810e-02 -3.79237905e-02
 -8.17851920e-04  1.91218331e-02  4.32909019e-02  4.84584682e-02
  1.08576450e-03  9.13028196e-02  2.70507671e-03  2.58029308e-02
 -6.41719028e-02  7.72600099e-02  5.09874076e-02  4.63679229e-04
 -1.39483094e-01 -2.96788570e-02 -2.63642371e-02 -4.82680388e-02
  4.70817834e-02 -4.08094674e-02 -5.11709861e-02  5.22749498e-02
 -3.47299618e-03  6.44197240e-02  7.84175023e-02  2.43478902e-02
  2.47436855e-02 -3.91376130e-02  6.90121800e-02  7.53472298e-02
  9.06076953e-02  7.03474507e-02 -7.87723288e-02 -1.26730679e-02
  7.41372779e-02 -4.95248139e-02 -2.07865164e-02  1.85529962e-02
 -5.78214228e-02  8.82046297e-02 -1.96363498e-02  7.97095615e-03
 -7.77170211e-02  5.50772436e-03 -2.49667075e-02 -1.79845262e-02
 -5.97524010e-02  4.44081835e-02 -7.36160055e-02 -5.59595339e-02
  1.10530913e-01  4.08610888e-03 -5.69959134e-02 -3.25138401e-03
  7.09056621e-03  3.28799002e-02  1.02294115e-02 -1.30883828e-02
  6.01464882e-02 -1.92475524e-02 -3.30774635e-02  1.21670337e-02
 -7.04354942e-02  3.85123491e-02 -7.29221792e-04 -3.79280560e-02
  3.87482569e-02  1.79636627e-02  1.20449523e-02  1.06063187e-02
 -3.13082710e-02 -1.88862775e-02  2.73148231e-02 -1.58016961e-02
  1.68169532e-02 -2.24709101e-02 -3.86582240e-02 -1.61795851e-32
 -9.37630981e-03  6.26477003e-02 -6.04258431e-03  8.70312452e-02
  5.68916760e-02  2.88061537e-02  2.34310310e-02 -2.14826614e-02
  4.92686927e-02 -1.36546552e-01  6.02735989e-02 -2.02004798e-02
  5.81597276e-02 -1.80569626e-02 -1.37862796e-02  1.20494433e-03
 -7.76037127e-02  6.21172078e-02 -2.91813985e-02 -3.14646065e-02
  4.86289710e-03  1.16935186e-01  3.14098597e-02  2.01048050e-02
  7.32411630e-03 -2.68677939e-02 -7.46238381e-02  7.57530890e-03
  2.95466706e-02  5.10892458e-02  7.62093812e-02  4.61789891e-02
 -4.94382791e-02  3.08262967e-02 -3.85928079e-02 -3.78177315e-02
  4.90072742e-02 -1.70224123e-02 -2.21761372e-02  1.30602136e-01
  2.44068056e-02  3.84633727e-02  2.60636788e-02 -3.86574715e-02
  3.39263701e-03 -2.52519678e-02  2.27664337e-02 -1.05026804e-01
  2.37582456e-02 -3.88277061e-02  9.35347900e-02 -4.33642752e-02
 -8.45911503e-02  7.46619105e-02  1.05431639e-01 -1.06952004e-02
 -4.95533198e-02 -2.01127045e-02 -1.15231536e-01 -2.34064739e-02
  7.31673697e-03  5.72727546e-02  2.85091270e-02 -5.25707863e-02
  9.52226669e-02 -1.98324528e-02  3.50631736e-02  1.24312043e-02
  4.13624160e-02 -1.64690404e-03  5.33559173e-02 -7.62547627e-02
 -1.44519284e-02 -3.22967954e-02  2.05701347e-02 -2.74709575e-02
 -4.99132536e-02  4.65733074e-02  2.27187835e-02 -2.91883200e-03
 -4.95678782e-02  1.87900625e-02 -1.85300298e-02 -4.19745892e-02
 -2.23366190e-02  5.25209075e-03 -2.35063229e-02  2.50141062e-02
  1.46181090e-04  4.75694053e-03 -5.87596223e-02  4.52912487e-02
  1.00739419e-01  2.19452344e-02  3.30280997e-02 -6.33675015e-08
  2.87403669e-02  1.53917004e-03 -3.45129967e-02  3.97643857e-02
  2.75131408e-02  1.71496831e-02 -7.37707317e-02 -5.79339899e-02
 -2.14221664e-02 -2.18899399e-02  7.82228708e-02  1.41726099e-02
 -6.99818879e-02  1.72008425e-02 -4.31285147e-03 -8.17976072e-02
  4.63632308e-02  1.21473908e-01 -4.57079373e-02  8.57537030e-04
  3.02409232e-02 -1.89288389e-02 -1.32802790e-02 -7.88870230e-02
 -1.24733830e-02 -4.19936329e-02 -6.13448732e-02 -7.89248571e-02
 -2.61375069e-04  5.27864434e-02 -6.07976988e-02 -2.36969683e-02
  2.56852657e-02 -1.13643348e-01 -4.24084701e-02  7.30417296e-03
 -2.28964016e-02  4.10064720e-02 -1.43892728e-02  5.33901900e-02
  8.75161216e-02 -6.72448725e-02 -1.26204282e-01  4.78281919e-03
  7.19508305e-02 -6.38239831e-02 -3.54869030e-02  3.74990925e-02
 -4.70190197e-02 -6.30279332e-02 -6.53987527e-02 -3.29307327e-03
 -7.75167942e-02 -5.57833984e-02  4.71086428e-03 -1.32876178e-02
 -2.80018337e-02  1.72666442e-02 -2.55348347e-02 -3.00756674e-02
  3.05687319e-02  2.48819739e-02 -5.49515374e-02 -1.01755485e-01]