[-1.56896375e-02  7.21226186e-02 -5.67596580e-04 -3.06087267e-02
 -7.90357888e-02  1.26443906e-02 -1.24238320e-02  2.02220865e-02
  1.16181476e-02  3.53402942e-02  1.89538784e-02 -3.82827669e-02
 -3.15442160e-02 -4.08466160e-02  1.16946560e-03 -2.38577463e-02
 -1.31203150e-02 -4.33267560e-03  6.11906275e-02 -1.73504092e-02
  9.43019465e-02 -1.79865863e-02 -1.21138550e-01 -2.88551264e-02
 -5.79359978e-02 -3.44365835e-02 -2.92115193e-02  1.92194115e-02
 -1.20525829e-01 -1.21338489e-02  2.20503304e-02  7.11812600e-02
  4.99200597e-02 -5.86262234e-02  1.72061175e-02 -4.11074124e-02
  3.51699181e-02 -2.27204058e-02  8.05312842e-02  1.02593914e-01
 -4.20976356e-02 -8.20719153e-02 -2.59815971e-03  3.98519775e-03
 -2.90488116e-02 -6.54402003e-02  4.00164817e-03  7.63749480e-02
 -2.04806756e-02  7.80251920e-02 -4.00915407e-02 -7.66398385e-03
 -1.96615309e-02  7.28558525e-02 -2.47219298e-02 -4.76360917e-02
 -4.00256477e-02  5.35969995e-02  1.04811601e-02  4.08865251e-02
  6.41008019e-02  8.65169317e-02 -5.40494211e-02 -1.29420077e-03
  3.48759219e-02 -1.11720413e-01  2.84122676e-02  3.50325517e-02
 -5.83481677e-02  1.40495943e-02  1.33779068e-02 -2.72058956e-02
 -7.38685429e-02 -2.20631268e-02 -1.71146914e-02  4.10418212e-02
 -2.39350852e-02 -1.29755428e-02  3.40189002e-02 -1.10899203e-01
 -9.22518969e-02 -7.01517984e-02  1.81258842e-02 -8.36063847e-02
 -2.61085555e-02  4.53463662e-03 -1.19816046e-03  9.84282196e-02
  8.08605179e-02  1.78303700e-02 -2.25894414e-02 -1.13398870e-02
 -5.65346442e-02  1.15850857e-02 -2.95143221e-02  2.83196964e-03
 -9.13267490e-04  5.09555042e-02  2.40392275e-02  2.48018783e-02
  4.23253179e-02  4.37741503e-02  3.13551240e-02 -2.82026157e-02
 -6.86605647e-02  1.22322790e-01  1.23644881e-02  3.51607404e-03
 -1.97208542e-02  1.28546422e-02 -9.35793519e-02  1.88762955e-02
 -8.72681942e-03 -5.81805184e-02  5.94078489e-02  5.32069355e-02
  6.57088496e-03  2.36573769e-03  3.34030315e-02 -1.22235687e-02
  5.97064011e-03  3.91376670e-03 -1.78210139e-02 -2.69833226e-02
 -5.46616092e-02 -1.89343523e-02  1.08928517e-01  1.03362710e-32
 -3.95191014e-02 -2.51863077e-02  3.27861831e-02  1.04457051e-01
  3.06863268e-03  2.72139516e-02 -1.24351606e-02  3.35542597e-02
 -5.76515198e-02  7.59686297e-03 -8.36446136e-02 -1.73365120e-02
  7.25597981e-03 -3.93155776e-02  5.25769256e-02  7.30733350e-02
  1.63779445e-02 -6.77973852e-02 -9.21890512e-03  8.91789328e-03
  3.34703438e-02 -9.23020765e-03  7.43257208e-03  1.42032560e-02
  2.36136671e-02  3.29539515e-02 -3.08182426e-02 -8.46823677e-03
 -3.69703211e-02  8.16522613e-02  2.08898094e-02  4.01328839e-02
  4.78919670e-02 -4.23822291e-02 -3.08309421e-02  3.99914533e-02
 -2.09800042e-02  4.02423181e-02 -6.71491846e-02 -2.85867695e-02
  4.14391421e-02  1.42212380e-02  4.85039689e-02 -1.19434148e-02
 -1.42635116e-02  4.59646918e-02  1.09332144e-01 -1.20545691e-02
  9.47230309e-02  7.01735020e-02 -8.01505819e-02 -3.83295827e-02
 -3.17675695e-02 -7.95475319e-02  3.25057954e-02 -1.32396526e-03
 -7.94473812e-02  3.87314335e-02 -2.35924982e-02 -9.90738906e-03
  5.73128574e-02 -4.16027568e-02 -9.78320744e-03  2.89305095e-02
 -7.18547329e-02 -3.40226330e-02  3.61275375e-02  2.72816215e-02
  1.15871139e-01  2.56851595e-02 -6.96242526e-02  1.33351786e-02
  1.22140124e-02 -3.79910022e-02  5.74932508e-02 -1.64499395e-02
  4.05249931e-02 -6.60241619e-02 -5.23684919e-03  8.33404530e-03
  1.04079107e-02 -1.92670841e-02 -6.13908581e-02 -4.25138064e-02
  9.57161561e-02  8.51712078e-02  5.58389351e-02  5.35987541e-02
  2.66386941e-03  1.00766033e-01 -3.05990316e-02  5.75378761e-02
  1.38760861e-02 -1.53196622e-02  1.34042934e-01 -1.18377475e-32
  2.97456817e-03  3.25119076e-03 -2.67066658e-02 -3.15169268e-03
  1.05311927e-04  1.74668953e-02  5.22586778e-02  5.51808812e-02
 -6.79061562e-02 -6.75311759e-02 -3.26964520e-02 -1.35754868e-01
  5.70635088e-02 -8.11828952e-03 -1.05413189e-02  1.81761067e-02
 -5.64312376e-02 -1.44907624e-01 -1.78079121e-02  9.55525879e-03
 -5.89257898e-03  3.50523517e-02  6.06666459e-03  9.73759685e-03
  5.29374927e-02 -4.90747765e-02 -2.60376669e-02 -2.82597411e-02
 -4.99495529e-02  7.06983218e-03  3.93545022e-03 -6.76101595e-02
 -7.34235346e-03  1.20284267e-01 -4.98034619e-02 -3.91574018e-03
  7.13477135e-02  1.55209322e-02  6.83292374e-02  4.16690744e-02
  2.85357255e-02  6.52485266e-02 -2.44900454e-02 -4.60905675e-03
 -4.96576726e-02  3.21321785e-02 -2.89747175e-02 -3.74529399e-02
  1.40947411e-02 -1.05998412e-01  5.91837317e-02 -7.22861886e-02
 -1.28640831e-01 -3.55866998e-02  1.01598300e-01 -1.12495143e-02
 -2.40134243e-02 -2.30079591e-02 -8.09236616e-02 -2.67006960e-02
 -5.22735761e-03  2.59508789e-02 -6.94601983e-03 -8.52567889e-03
  9.10434648e-02 -7.91954473e-02 -2.16319673e-02  1.08213965e-02
  4.11775522e-02  1.75331794e-02  6.66024163e-02 -6.52940944e-02
 -1.04574472e-01  3.37659307e-02  1.97317963e-03 -1.44394770e-01
 -4.92696315e-02 -2.35944688e-02 -5.98621517e-02 -2.86471262e-03
 -2.51200952e-04 -2.01219954e-02  4.78288271e-02 -5.26572838e-02
  1.64847076e-02 -5.92048205e-02 -4.16347235e-02  2.63952296e-02
  9.20373132e-04  6.52441680e-02  2.92960554e-02  8.13135654e-02
 -2.42071990e-02 -5.66872656e-02 -2.01491546e-02 -5.35039533e-08
  3.99856754e-02 -2.60690693e-02  3.36980936e-03  8.07929412e-03
 -3.52507755e-02 -5.32986261e-02 -2.41743475e-02  2.80941278e-02
  6.53086230e-02  1.22706302e-01  4.14766967e-02 -2.71066613e-02
  3.20274085e-02  3.81428078e-02 -1.98520236e-02  2.31121085e-03
  3.43936458e-02  2.89140269e-02 -2.48587132e-02 -7.32824355e-02
  2.10859291e-02  6.27843104e-03 -7.65360147e-02 -1.04350662e-02
 -1.51720289e-02  5.73710538e-02 -5.80473542e-02  4.13233750e-02
  1.19898387e-03 -4.03754078e-02 -2.09488999e-02  2.59480216e-02
  5.88358846e-03 -1.22802563e-01 -7.75048956e-02 -1.25007192e-03
 -1.76882688e-02  8.97858292e-03 -7.56980702e-02 -7.25136176e-02
  1.39756203e-01 -2.45777518e-02 -8.87681767e-02 -1.11734848e-02
  5.44862039e-02 -3.36220898e-02 -4.09032218e-02  1.99657003e-03
 -4.05023955e-02  5.14342487e-02 -7.40737766e-02 -2.85639800e-02
  1.24241620e-01  4.35241908e-02  2.19227909e-03 -2.84722503e-02
 -2.06443667e-02  5.03709400e-03  1.37386806e-02 -5.01662306e-02
  1.00878239e-01  8.71287212e-02 -2.78771501e-02 -1.08823217e-01]