[-3.41003276e-02  6.34174272e-02 -7.27607533e-02 -4.80396785e-02
 -4.56539877e-02  3.27755176e-02  6.30180165e-03  7.60318041e-02
  2.09034104e-02  7.61346221e-02  8.64059478e-02  6.98293326e-03
  3.36446948e-02 -7.32696289e-03  2.16360688e-02 -4.47092541e-02
 -2.37957500e-02  6.94615990e-02  5.19018176e-05  6.74402863e-02
  1.62258089e-01 -5.73811643e-02 -5.77776618e-02  7.35872053e-03
 -5.66124804e-02 -2.19401973e-03 -4.91641089e-02 -2.40640938e-02
 -6.41271323e-02 -4.55240123e-02 -3.62937376e-02  7.10777342e-02
  1.14819005e-01 -1.07935835e-02 -1.51517261e-02  4.26651463e-02
  4.96054031e-02 -2.57034097e-02 -1.50377322e-02  3.45585905e-02
 -6.94799572e-02 -7.64527395e-02 -9.81309190e-02 -3.80416624e-02
 -6.39491202e-03 -2.16241386e-02  5.79095036e-02 -6.79499423e-03
 -9.73700732e-02 -1.29579538e-02 -6.72849268e-02  5.89621533e-03
 -3.50263231e-02  8.77180845e-02  2.24405546e-02 -4.66759913e-02
  3.14259203e-03 -7.16603687e-03 -2.61585768e-02 -3.26889046e-02
 -4.67483178e-02  6.30042478e-02 -1.78270005e-02  5.11787925e-03
  6.85739145e-02  1.28469123e-02 -3.37137468e-02 -5.63019002e-03
 -1.38529576e-02  3.31753604e-02  6.38883710e-02 -3.88335362e-02
 -3.78071554e-02  2.79882643e-02 -4.60209362e-02  2.95206364e-02
 -3.71492580e-02  5.34820631e-02 -4.42240462e-02 -1.45091295e-01
  2.53051147e-02 -9.85066034e-03 -1.01394486e-02 -8.85554589e-03
 -8.70548002e-03 -1.39955543e-02 -2.55374368e-02  5.84613066e-03
  6.49728067e-03  8.96529295e-03 -1.03654452e-02  6.47909045e-02
  2.15565171e-02 -1.02033697e-01 -2.45500877e-02 -2.33718175e-02
 -2.53027491e-02 -2.67129894e-02  1.01689465e-01  1.19900880e-02
  5.98538890e-02  6.52631149e-02  3.89162339e-02 -8.40231776e-03
 -3.49581130e-02 -2.73444932e-02 -7.47790840e-03 -7.35436082e-02
 -1.77961737e-02  7.82179460e-02 -8.69809985e-02 -4.44193296e-02
 -1.03768229e-01 -2.99035385e-03 -6.08631736e-03 -5.09077124e-02
 -6.43126070e-02 -3.79758403e-02  4.46357280e-02 -3.40220928e-02
  5.22186942e-02 -6.91275448e-02  5.69826141e-02 -5.00789508e-02
  1.60258580e-02  1.31744207e-04  2.52518877e-02  1.08945132e-32
 -5.57772666e-02  6.49876334e-03 -3.81100662e-02  3.90204079e-02
 -4.49228622e-02  5.12981303e-02 -1.44646661e-02  1.46111362e-02
  8.18332285e-02 -9.71603300e-03 -8.82289708e-02  5.63410372e-02
  2.17700726e-03  7.70170288e-03  8.16854089e-02 -1.16798161e-02
  2.85131112e-03  3.19810435e-02  5.26538081e-02  2.57713180e-02
  2.05185022e-02  6.62038103e-02  9.83841997e-03 -4.02229354e-02
  3.37109156e-02  5.25883734e-02 -4.81470786e-02 -6.73891902e-02
 -7.42691159e-02  2.12687626e-02  9.43703875e-02  4.37687598e-02
  2.62046698e-02 -4.12890911e-02 -3.96658704e-02 -2.60392856e-02
  1.72235426e-02  2.51114871e-02  5.77485235e-03 -1.98939238e-02
 -5.01952209e-02 -3.98824662e-02  4.91599254e-02  2.70498432e-02
  5.72341457e-02  6.59982767e-03  8.73579383e-02 -3.19967978e-02
  7.97701925e-02  4.01456915e-02 -3.93360108e-02  1.26735365e-03
  2.29491238e-02 -9.98908728e-02  1.73582248e-02  2.55874335e-03
 -6.95022196e-02  1.87644344e-02 -9.28734764e-02 -3.86983305e-02
  1.14305634e-02 -1.40700554e-02  1.07638007e-02 -3.61119397e-02
 -3.75102721e-02 -3.49655375e-02 -4.44101021e-02  1.88878854e-03
  1.09027430e-01  3.51980515e-02 -8.32330063e-02  1.46082863e-02
 -5.94005883e-02 -3.78042459e-02  6.03044182e-02  1.39444955e-02
  7.68096149e-02 -5.81789762e-03 -7.30254501e-02  4.44852468e-03
 -2.21249778e-02  2.38183583e-03  7.15487218e-03 -3.80844437e-02
  1.30112022e-01  3.41832973e-02  4.32291217e-02  1.73065383e-02
  6.88565429e-03  6.34618178e-02  6.60808459e-02  3.50113399e-02
 -3.19551863e-02  5.51627129e-02  9.29599255e-02 -1.26680411e-32
 -1.39782922e-02  1.58431008e-02 -5.91074564e-02  4.97090034e-02
 -2.40721647e-02 -2.65036039e-02 -1.50932819e-02  2.00482868e-02
 -7.12969154e-02 -9.39010605e-02 -4.44842093e-02 -1.35360584e-01
  8.62479359e-02 -3.03183706e-03 -8.48846287e-02 -1.21279284e-02
 -7.87493587e-02 -7.62152895e-02 -5.04466631e-02 -5.90219498e-02
  1.30138956e-02  8.84595215e-02  3.78804700e-03 -2.29980554e-02
  5.92901977e-03 -3.04844249e-02 -6.69558644e-02 -5.22278920e-02
 -4.50429544e-02  3.77717428e-02  2.08483171e-02 -2.32041776e-02
 -6.36602193e-03  9.30244178e-02  8.92596086e-04 -7.35951364e-02
  6.72627315e-02  1.64303780e-02  2.43764259e-02  1.07293457e-01
  2.95204092e-02  1.05164938e-01  6.51910948e-03 -8.98060501e-02
 -3.81693318e-02 -2.12172922e-02 -2.69257724e-02 -1.10824727e-01
  4.07160819e-02 -8.70202705e-02  1.26348630e-01 -4.48823608e-02
 -8.00083429e-02 -1.03242904e-01  4.27509770e-02 -8.11825693e-03
  3.95645313e-02 -8.48260447e-02 -1.07974298e-01  4.16920520e-02
  2.15307176e-02  2.33469270e-02 -3.79221961e-02  2.42304038e-02
  3.27266194e-02 -3.74810360e-02  7.69507978e-03  3.11027747e-02
 -4.39961739e-02  2.48505338e-03  2.02700309e-02 -6.98703378e-02
 -3.71608622e-02  6.13803160e-04  3.25454888e-03 -7.80965909e-02
 -3.02329473e-02  2.16798373e-02 -2.78860833e-02  3.82427052e-02
 -5.09037226e-02 -1.56679917e-02 -2.03558579e-02 -2.82273237e-02
 -7.77447522e-02  2.13518739e-02  1.57449429e-03  2.21162327e-02
 -1.28236338e-02 -2.38334527e-03 -4.82134186e-02  5.35722934e-02
 -1.10963583e-02  8.20002481e-02 -2.19784547e-02 -6.73988794e-08
  1.74908284e-02 -4.21074145e-02  5.49696721e-02  1.25082387e-02
  3.81190926e-02 -3.60930972e-02 -1.31879011e-02 -3.17618363e-02
 -3.64712672e-03  9.01231449e-03 -6.75472990e-02  5.69184357e-03
 -6.66498914e-02  6.92271208e-03  6.73779398e-02 -4.53185476e-02
  1.13940217e-01  6.68065622e-03 -5.96611798e-02 -6.30995557e-02
  1.21546127e-01 -2.28113122e-02 -1.13349989e-01  9.74914897e-03
  1.65692493e-02 -1.67085156e-02 -2.07593124e-02 -3.38323750e-02
 -1.36855394e-02  3.09428629e-02 -3.39927226e-02  2.37469859e-02
  2.17335671e-02 -3.04153487e-02 -2.89265402e-02 -4.78156023e-02
  6.31897002e-02  6.30275831e-02 -1.48647791e-02 -1.15898307e-02
  1.18828326e-01 -3.05033810e-02 -5.52582964e-02  2.76823435e-02
  5.86947575e-02 -8.35310016e-03 -3.59558463e-02  6.16882071e-02
 -3.40891965e-02  3.69925275e-02 -4.37491760e-02  2.99904421e-02
  7.32441992e-02  2.19402816e-02 -2.86816917e-02 -4.49978486e-02
  5.41433208e-02  1.48652885e-02 -3.07402369e-02 -5.71016371e-02
  1.23997822e-01  7.93107226e-02  5.88309132e-02 -5.65274991e-02]