[-9.22401175e-02 -2.92738830e-03 -3.49886417e-02 -8.94159824e-02
 -9.78323817e-03  3.13791111e-02 -2.43933033e-02  1.11190513e-01
  1.95547640e-02  5.85745424e-02  8.84619206e-02 -5.07955533e-03
 -3.30374017e-02  9.49612469e-04  2.82688513e-02  4.45333682e-03
 -5.08503318e-02 -1.77981015e-02  1.02132866e-02  2.87549682e-02
  4.34249900e-02 -3.63030508e-02 -4.38990779e-02  6.50538802e-02
 -1.04474992e-01 -3.78036289e-03  2.44756658e-02  3.75285484e-02
 -4.67817746e-02 -3.88364494e-02 -3.76807898e-02  7.95122534e-02
 -2.09164154e-02 -1.91024821e-02  2.18809466e-03 -2.31041759e-02
  1.66178439e-02 -3.90802436e-02 -1.41629120e-02  5.09402044e-02
 -4.31539081e-02 -3.30036283e-02 -5.40689975e-02 -4.72816341e-02
 -9.88071505e-03 -2.45956667e-02  3.92156765e-02  5.61774895e-02
  1.18375365e-02  1.19682262e-02 -6.09736070e-02 -6.56023528e-03
 -5.05138636e-02 -1.75337680e-02 -3.85607802e-03  2.40113679e-02
 -3.07471305e-02  3.61202396e-02  5.45486137e-02  1.75860594e-04
 -1.16881263e-02 -2.68350244e-02 -4.44370136e-02 -5.62538533e-03
 -5.43422922e-02 -4.86097150e-02  7.70741478e-02  4.24156226e-02
 -9.86753553e-02  4.62659933e-02 -1.70473650e-04 -4.90205251e-02
  8.22549872e-03 -1.46291284e-02 -6.98931292e-02  9.03073698e-02
  2.25004692e-06  5.65736555e-02 -5.24658058e-03 -1.71130225e-01
  3.92737351e-02 -2.98188701e-02 -3.43314223e-02 -1.03109501e-01
  2.95311660e-02 -1.52018410e-03  5.05009815e-02 -4.19410467e-02
  6.66125491e-02 -3.02447844e-02  3.18931937e-02  5.84233378e-04
 -4.50343005e-02  5.32461256e-02  5.65126278e-02  4.24968861e-02
  9.83320409e-04  9.22532380e-03  6.82117566e-02  4.55177240e-02
  8.21426064e-02  5.71503080e-02 -4.78861630e-02  3.74404155e-02
 -5.03585599e-02  2.20661368e-02 -7.90334493e-03  2.40615709e-03
  6.82668313e-02  6.71955720e-02 -6.09936491e-02 -4.57413532e-02
 -1.03678983e-02 -4.12693024e-02 -8.43084008e-02 -1.40076801e-02
 -8.81034415e-03 -1.23526109e-02  1.74331237e-02  3.14419679e-02
  1.83397643e-02 -6.59181252e-02 -5.41781969e-02  3.07411607e-02
  4.18462232e-02 -7.61981755e-02  5.21596447e-02  8.31134456e-33
  5.58962412e-02 -6.23300634e-02 -7.13415071e-02  3.05944029e-02
 -6.98001450e-03  7.47225583e-02 -8.92684758e-02  4.32337299e-02
 -6.86727688e-02 -6.90507814e-02 -1.45128801e-01  4.92558442e-03
 -2.35439502e-02 -6.59196526e-02  8.08590800e-02  4.63894941e-02
 -3.52284499e-02 -4.04809713e-02 -1.40904142e-02  1.37131317e-02
  1.57430917e-02  2.40856372e-02  3.96758690e-02  3.73370536e-02
  7.44621456e-02  1.06340453e-01 -8.23964272e-03 -5.89227416e-02
 -3.13706994e-02  2.33827271e-02  6.53448002e-03 -1.03900425e-01
 -3.93119045e-02  3.25001702e-02  2.23830622e-02  3.31015722e-03
  8.35284591e-03 -3.13344486e-02 -9.76159871e-02 -2.41010394e-02
 -4.65851370e-03  1.37324845e-02 -1.30041754e-02  2.75743008e-02
  1.00662626e-01 -8.23252350e-02  5.95457517e-02  1.43463621e-02
  8.71364921e-02  2.76720547e-03 -6.34610876e-02 -5.11565953e-02
 -5.01220040e-02 -8.65747854e-02  1.42564019e-02 -2.61179004e-02
 -1.24376155e-01  5.80159165e-02  6.07982166e-02 -5.68757346e-03
  2.14051101e-02  3.50791663e-02  3.27773881e-03  8.32922012e-03
 -2.76915245e-02  4.46119197e-02 -5.47585301e-02  9.85107012e-03
  1.10478930e-01  1.98543034e-02 -2.55421940e-02  3.89671745e-03
 -1.14170257e-02  3.01609077e-02 -8.29458330e-03  4.18465585e-02
  5.85744902e-02  8.44835886e-04 -3.07736080e-03  5.77581897e-02
 -5.56649268e-02  2.05893368e-02  5.02674431e-02  9.13011841e-03
 -5.51623292e-04  2.66038887e-02  1.68413986e-02  2.09919531e-02
  4.76852134e-02  1.11652173e-01  2.39930246e-02  9.41798836e-02
 -3.38764824e-02  4.22526672e-02  3.28542069e-02 -7.78299438e-33
  2.53106337e-02  3.84806059e-02 -1.14136739e-02  5.30347489e-02
 -2.97902909e-04  5.13660815e-03 -5.89656048e-02  2.05062293e-02
  3.07621248e-02 -1.07778043e-01  5.08387759e-03 -5.01122773e-02
  1.12028688e-01 -4.96307686e-02 -4.31119800e-02 -1.00729140e-02
 -2.98985727e-02 -6.34766445e-02 -1.00151524e-01 -5.25934547e-02
  1.24383345e-02  6.88505247e-02  1.74249038e-02 -6.23882227e-02
 -4.52483222e-02 -1.14903366e-02  8.69260132e-02 -2.54995953e-02
 -1.18818574e-01 -1.18588116e-02  1.03863098e-01 -5.98635571e-03
 -3.51611711e-02  9.89707112e-02  3.39255929e-02  8.95753205e-02
  6.21852055e-02  1.60624571e-02 -4.85118479e-02  3.64493243e-02
  3.58103588e-02  1.16844170e-01  1.15137249e-02 -6.78079873e-02
 -5.61252311e-02 -1.65945161e-02 -3.30065712e-02 -7.98835680e-02
  2.32663695e-02 -6.90243766e-02  1.13866746e-01 -2.44389120e-02
 -5.49867786e-02 -1.02334321e-01  3.53645794e-02 -5.65582775e-02
 -1.04198316e-02 -2.73167342e-02 -9.29684788e-02  1.05725713e-02
  9.85502154e-02  5.22338524e-02 -3.56586985e-02 -1.59715526e-02
  6.15848713e-02  4.93141785e-02 -2.48226263e-02  6.47491589e-02
  7.57230073e-02  6.74766302e-02  6.17726631e-02 -5.18384799e-02
 -1.23382382e-01 -6.57374365e-03  5.00585372e-03  2.36855652e-02
 -4.30119745e-02  3.44541557e-02  3.19039933e-02  4.80848029e-02
  4.51082876e-03 -1.95389483e-02 -1.29500162e-02  7.06900135e-02
 -2.23390013e-02  8.12660530e-02 -4.96633053e-02  5.40794106e-03
  1.01120742e-02 -1.07490430e-02  3.36340293e-02 -4.08898033e-02
  3.89580913e-02  1.37808081e-02 -6.74348418e-03 -6.38700968e-08
  1.64310597e-02 -3.84364985e-02 -2.08093114e-02  6.48976341e-02
  3.82820554e-02 -7.08788708e-02 -7.47187622e-03 -2.39102561e-02
  2.50044968e-02  1.08089954e-01  4.33554761e-02 -1.22926496e-02
 -9.46466476e-02  3.04256938e-03  5.76662309e-02  4.65759672e-02
 -2.16664691e-02  6.10498376e-02 -4.35423627e-02 -3.83766778e-02
  1.01625249e-01  1.91233563e-03 -6.02862872e-02 -1.28445048e-02
  3.72399874e-02 -4.53902595e-02 -6.93923309e-02 -9.86939296e-03
  1.38368644e-03 -4.87381369e-02 -3.59119512e-02 -3.47432904e-02
 -1.13573112e-02 -1.11785859e-01 -3.23913805e-02 -5.71765611e-03
  4.37993482e-02  1.99421495e-02 -6.67135939e-02  4.70172353e-02
  1.19526386e-01 -9.33469459e-03  4.79341764e-03  7.02160876e-03
  6.52650977e-03 -3.48020941e-02  6.23170026e-02 -3.70230712e-02
 -4.60695028e-02  1.26423258e-02 -1.34675233e-02  1.95514522e-02
  8.11977535e-02  3.33492607e-02 -4.73613217e-02 -1.36994878e-02
 -3.44301201e-02 -5.84023334e-02 -3.33749950e-02 -9.63306427e-03
  8.89576375e-02  4.05898355e-02 -9.75436252e-03  3.12528796e-02]