[-2.89184321e-02  5.97902723e-02 -6.81732297e-02 -7.72697031e-02
 -5.27222194e-02 -2.12473571e-02  4.43717800e-02  1.02347724e-01
  6.49802620e-03  7.27010071e-02  1.49105296e-01  3.20303179e-02
 -1.40292943e-02  4.52755988e-02  2.60938127e-02 -7.21763596e-02
 -6.48541283e-03  6.45265589e-03  6.64381718e-04  1.38559528e-02
  1.59619659e-01 -4.46784012e-02 -6.67181909e-02  1.96917485e-02
 -1.66085765e-01 -1.21470857e-02 -4.22460400e-02  3.70411761e-03
 -5.22267856e-02 -5.10370135e-02 -4.97392677e-02  7.44520426e-02
  4.92996946e-02 -5.96375316e-02 -4.16909568e-02 -1.64139532e-02
  5.60431778e-02 -1.25538288e-02 -1.87165514e-02  3.66017129e-03
 -8.28019604e-02 -5.52598499e-02 -9.16686580e-02 -2.72903796e-02
  5.21509014e-02  2.21302565e-02 -1.77950561e-02  5.59574515e-02
 -2.35023238e-02 -1.10565620e-02 -2.86722910e-02 -1.32933594e-02
  1.07451426e-02  1.73426606e-02  2.83664316e-02 -9.02136341e-02
  2.06782250e-03  2.76595782e-02  3.25662456e-02  4.56679519e-03
 -4.89794388e-02  8.41814876e-02 -3.77672426e-02  4.03011627e-02
 -6.39484322e-04  2.85790265e-02 -2.77220178e-02 -5.39529361e-02
  2.35774517e-02  3.34992558e-02  3.44881304e-02 -1.14952885e-01
  2.22416092e-02  9.09072347e-03 -1.03763174e-02  2.82828733e-02
 -6.61208248e-03  3.12874056e-02 -2.34430786e-02 -1.30737811e-01
  1.89257134e-03  2.94746477e-02 -4.70179971e-03 -1.51770813e-02
 -1.10790301e-02 -1.80215929e-02 -2.37090103e-02  4.19316925e-02
  9.25112143e-02  5.92465103e-02  3.57326828e-02  3.84798907e-02
 -5.47931269e-02 -9.56184119e-02  1.14998326e-03 -3.66068371e-02
 -5.13535645e-03 -2.03328077e-02  2.65541971e-02 -5.93136176e-02
  5.16939908e-02 -7.49541447e-02 -8.36994499e-03  8.83747116e-02
 -6.72761574e-02 -2.31458787e-02  2.24615564e-03 -8.74211863e-02
  2.28722077e-02  6.05754256e-02 -1.02935389e-01  7.11200060e-03
 -6.67495206e-02 -5.57804629e-02 -1.09972581e-01  1.69995520e-02
 -1.26229241e-01 -4.42332812e-02  8.17406923e-02 -2.11023819e-02
  1.71977859e-02 -3.90624143e-02  8.27923566e-02 -8.14307705e-02
  9.60008129e-02 -2.58331560e-02  8.66911039e-02  7.16851426e-33
 -1.07560657e-01 -2.33383290e-02 -4.84312400e-02  3.55991088e-02
  3.38757187e-02  3.01956274e-02 -7.98783824e-03 -5.33894170e-04
  5.21951653e-02  2.68361419e-02 -4.60949577e-02  1.17683904e-02
 -2.01240573e-02  1.12698656e-02  1.29130602e-01 -2.88279261e-02
  3.85050476e-02  8.45291559e-03 -2.10611746e-02  4.84872907e-02
  1.06531465e-02 -4.14457880e-02  4.94182631e-02 -9.75326728e-03
  7.78223574e-02  1.01435617e-01 -5.89049347e-02  2.81584337e-02
 -3.06855347e-02  6.51051700e-02  6.25941679e-02 -3.84465382e-02
 -1.06428992e-02  9.49959084e-03 -6.50559291e-02 -2.15253532e-02
  9.37868492e-04 -1.67573914e-02 -3.58162820e-02 -4.51920219e-02
 -2.06449218e-02 -4.15663011e-02  1.13739716e-02  7.04700500e-02
  5.84066706e-03 -4.82372567e-02  6.70634443e-03 -4.59787622e-02
  4.21854742e-02  7.54695609e-02 -6.91727102e-02 -9.32512805e-04
 -1.94189250e-02 -8.04882720e-02 -1.40149929e-02  1.77058429e-02
 -6.72806203e-02  6.58569112e-03 -8.22168216e-02 -2.08745990e-02
  7.26284506e-03 -2.36506891e-02  1.77935679e-02 -3.59118101e-03
  3.23554426e-02 -7.26967454e-02  3.82984057e-02 -6.02738373e-03
  1.02834575e-01 -4.34183283e-03 -1.09377712e-01 -8.29799660e-03
  1.55761139e-02  4.66621621e-03 -6.88811904e-03  1.90633554e-02
  6.45516142e-02  4.24058624e-02 -9.24229398e-02  1.99475395e-03
 -3.94041426e-02 -2.76884641e-02  6.63155597e-03 -2.54850239e-02
  1.40130997e-01 -1.23778507e-02  2.15425603e-02  7.31405243e-02
 -1.92077551e-02  6.63690194e-02  1.63046159e-02  1.31833151e-01
 -4.22348157e-02  5.01602069e-02  6.78516403e-02 -1.10379684e-32
 -5.94224548e-03  4.30196263e-02 -1.00519480e-02 -3.08583230e-02
 -3.97912785e-02 -1.64873693e-02  2.43714284e-02 -5.95329702e-02
 -1.07868351e-02 -9.91515368e-02 -8.48878250e-02 -7.74887651e-02
  4.36515510e-02 -1.14078075e-02 -7.32677355e-02  4.86702770e-02
 -8.89538676e-02 -5.00606894e-02 -3.67244817e-02  7.90846813e-03
 -1.98241025e-02  5.67352250e-02  4.18973491e-02 -1.68860089e-02
  2.81735067e-03 -5.58786914e-02 -4.01462689e-02  2.25236844e-02
 -3.26973796e-02  1.30338967e-03 -2.76867971e-02 -1.85868461e-02
  1.27267754e-02  1.56103298e-01 -4.06831764e-02 -6.48116171e-02
  6.69030175e-02  6.56399280e-02 -1.39906118e-02  1.06353618e-01
  9.44583267e-02  9.47507918e-02  9.25146800e-04 -6.30044341e-02
 -5.50633483e-02  1.31199928e-02  1.26812430e-02 -9.20155048e-02
 -1.29164010e-02 -2.76521072e-02  1.01131700e-01 -1.31645938e-02
 -7.54745957e-03 -3.69192809e-02  3.18839550e-02 -2.67986245e-02
  5.41748330e-02 -4.31053191e-02 -8.66669416e-02  4.06194944e-03
  8.94994810e-02 -1.47563508e-02  7.43933860e-03 -3.81700620e-02
  4.44972664e-02 -2.59153992e-02  2.35311911e-02  7.00945128e-03
  4.55055945e-02 -2.22385228e-02  4.77610715e-02 -4.67588976e-02
 -6.18612021e-02 -3.34345214e-02  7.84478895e-03 -6.95150122e-02
 -6.02220558e-02 -3.31460647e-02 -3.82997207e-02 -1.46109965e-02
 -4.18386571e-02 -3.54340635e-02 -3.08392826e-03  1.94284618e-02
 -6.28703982e-02  3.80434021e-02 -9.41616520e-02  1.25739761e-02
  4.46042046e-02  1.83863286e-02 -5.64514101e-02  4.94751967e-02
 -1.17473835e-02  5.64037785e-02 -5.67194559e-02 -5.96014296e-08
  4.48749773e-03 -6.69364780e-02  4.06310260e-02  1.85787166e-03
  3.17863598e-02 -5.77521250e-02 -2.27127708e-02 -1.04897898e-02
 -2.41803955e-02 -1.43350195e-02  1.63912717e-02  1.56806856e-02
 -1.95401534e-02  2.65003256e-02  1.63854100e-02 -5.39443456e-02
  6.03156127e-02  7.65531212e-02 -3.78288701e-02 -5.25153428e-02
  5.37064038e-02 -5.65359816e-02 -6.80400729e-02  4.99919839e-02
  4.12579663e-02 -5.92709407e-02 -3.14497240e-02  4.78347158e-03
  2.30170018e-03  1.26162218e-02  2.69936621e-02 -1.05746137e-02
  3.51013355e-02 -1.60586387e-02 -5.53237647e-03 -3.69846970e-02
 -6.61970302e-02  2.80793291e-02  3.73719372e-02  2.20900737e-02
  4.74007390e-02 -2.24522371e-02 -5.56306764e-02  1.28467269e-02
  1.75784882e-02 -1.90448295e-02 -4.17147093e-02  1.76488608e-02
 -3.16326581e-02 -5.71154431e-02 -4.16163839e-02  1.10453032e-02
  4.93985265e-02  3.91212255e-02  9.95149370e-03  1.33284107e-02
  7.74632916e-02 -2.39236057e-02 -2.46068905e-03  2.11795475e-02
  2.02751830e-02  1.10318534e-01  3.45592648e-02 -9.17052254e-02]