[-5.74887022e-02  5.42755350e-02  9.42272041e-03 -3.27614583e-02
 -6.64866194e-02  2.93744095e-02 -1.71834547e-02  8.65639150e-02
 -9.38281231e-03  5.71227372e-02  7.70724714e-02  2.80034784e-02
 -3.00458688e-02 -1.17854066e-02 -1.50969659e-03  3.12937261e-03
  2.74060573e-03  6.39366955e-02 -2.55347174e-02  9.22064334e-02
  1.48046538e-01 -1.32125290e-03 -9.90251545e-03  3.69152240e-02
 -5.62941693e-02  7.40808994e-02 -6.19922541e-02  5.68141192e-02
  2.58100890e-02 -3.42057049e-02 -3.45564559e-02  7.73027167e-02
  8.28247517e-02 -6.46275654e-02  5.32140285e-02 -6.17003702e-02
  1.39191337e-02 -3.48574780e-02 -5.16783372e-02  7.91582912e-02
 -8.05977806e-02  4.56059771e-03 -1.03962116e-01 -4.40731049e-02
 -4.88605583e-03 -2.82306466e-02  3.13294418e-02  6.53532296e-02
 -2.37082038e-02 -1.66088138e-02 -3.58833596e-02 -4.33448292e-02
 -6.72180578e-02  2.42764186e-02 -6.40096143e-02 -5.94377220e-02
 -7.09605590e-02 -4.67216484e-02  2.84039155e-02 -1.28920237e-02
 -4.38610688e-02  4.70390730e-02 -4.16915677e-02  1.76262166e-02
 -8.49259924e-03  1.71501301e-02  1.75925884e-02 -8.14753212e-03
 -2.99215335e-02  6.13363273e-02  1.41456518e-02 -4.90701720e-02
  5.55184223e-02  3.38219702e-02 -4.05025296e-02  8.15474764e-02
  3.94476987e-02 -2.41188984e-02 -6.97477162e-02 -1.95121437e-01
  7.16534033e-02  5.16674668e-02  1.81864633e-03 -6.75577670e-02
  5.41575663e-02 -5.50101213e-02  5.86438365e-02  3.93396243e-02
  2.12263837e-02  3.64855956e-03  8.99050292e-03  7.21374974e-02
 -5.87471426e-02 -6.38477653e-02  5.04191965e-02  1.48955202e-02
 -3.03060301e-02 -6.60926029e-02  7.16557577e-02  9.10063740e-03
  9.54774618e-02 -1.41418735e-02  3.70480563e-03 -2.98281368e-02
 -1.57867130e-02 -8.88536870e-03 -4.28167060e-02 -3.44240442e-02
  2.78295372e-02  1.13441080e-01 -2.66063809e-02 -8.74392875e-03
 -1.14457738e-02 -6.17898330e-02 -3.48194987e-02 -5.08983955e-02
 -3.79072838e-02 -1.28149772e-02  7.98459202e-02 -1.14881089e-02
  1.29503813e-02 -8.15161541e-02  7.49350488e-02 -2.27947030e-02
  3.04537378e-02 -8.14399868e-02 -3.42098214e-02  1.03077564e-32
  2.45242054e-03 -7.44237080e-02 -3.87300812e-02 -6.67327782e-04
 -7.51620019e-03  4.57367934e-02 -6.56717122e-02  2.81206123e-03
  3.22262719e-02  2.83076763e-02 -2.39959210e-02  1.11494856e-02
  2.10601650e-02  1.08980443e-02  6.11105412e-02  4.35689129e-02
  1.12713665e-01  8.55051260e-03 -6.25331793e-03 -2.94865970e-03
 -1.53725557e-02 -8.27488489e-03  6.08153502e-03 -6.21220283e-03
 -7.80790970e-02  1.23120248e-01 -4.45074663e-02 -2.31970008e-02
 -7.92669207e-02  1.11569110e-02  5.64611591e-02 -2.04244442e-02
  2.81889550e-02 -5.46055194e-03 -5.19615561e-02 -5.88317178e-02
  3.02050728e-02 -2.47087199e-02 -2.59457454e-02 -4.49399278e-03
 -1.67184453e-02  1.18436087e-02  1.60770677e-02  4.73547131e-02
  1.16752923e-01 -5.12876734e-02  4.97283638e-02 -7.48964399e-03
  7.27261603e-02  3.52066420e-02 -6.99562207e-03 -1.48931788e-02
 -5.19705527e-02 -1.89891160e-02 -5.65883853e-02  4.39418480e-02
 -1.09162644e-01  6.65725768e-02 -6.01029070e-03 -8.60036258e-03
  2.53756307e-02  5.33209443e-02  3.22469976e-03  2.53452323e-02
 -6.28851876e-02  8.72208364e-03 -6.90366700e-02  3.98546178e-03
  8.84461701e-02  1.05626427e-01 -7.14425966e-02 -2.35717278e-02
 -4.91592139e-02 -9.64577962e-03  5.95401563e-02 -6.91418946e-02
  9.10172239e-02 -7.09531363e-03 -2.62431707e-02  6.50498718e-02
 -1.28291594e-02 -3.62895317e-02 -1.39718782e-02 -2.50669215e-02
  3.86760978e-04 -1.55397160e-02  5.59594072e-02  8.83370638e-02
 -2.48014322e-03  1.20130023e-02  8.06621015e-02 -1.37189478e-02
  5.28434329e-02 -7.11041875e-03  6.11902289e-02 -1.20924096e-32
  4.91901021e-03  3.56702805e-02 -3.61743048e-02 -1.51785482e-02
 -2.08780896e-02 -3.96531858e-02  2.37269187e-03  6.46545319e-03
 -5.09280786e-02 -1.45010725e-01 -1.22795375e-02 -9.35966447e-02
  6.57296404e-02 -7.19899386e-02 -5.96497692e-02  5.67373596e-02
 -1.90640613e-02 -3.38866301e-02 -2.36579143e-02 -2.02425607e-02
 -2.92785075e-02  6.17977902e-02  4.37500216e-02  4.97698830e-03
 -4.42679040e-03 -6.10047132e-02  4.47223373e-02  3.64503777e-03
 -5.80887869e-02  5.03778793e-02  6.74503744e-02  7.23305047e-02
 -6.51079416e-03  5.59050404e-02 -2.36455668e-02 -3.89068723e-02
  1.06313266e-02 -6.96214885e-02 -3.20385657e-02  6.27467930e-02
  5.10996096e-02  9.07073915e-02  2.22293530e-02 -7.84421489e-02
 -8.02907050e-02  1.58306677e-02 -3.53932939e-02 -5.93142211e-02
  1.72998942e-02 -6.83135837e-02  7.87957534e-02 -2.16271449e-02
 -2.44403072e-02 -5.22513911e-02  4.16924506e-02 -5.61096817e-02
 -2.46080421e-02 -6.95114434e-02 -5.75222969e-02  8.36470127e-02
  3.78639363e-02 -3.52514151e-04 -4.33560424e-02 -7.28439391e-02
  5.71454465e-02  1.99515726e-02  3.86210270e-02  3.19369808e-02
  4.79622036e-02  3.19797024e-02  7.28665516e-02  1.09578315e-02
 -9.23025832e-02 -4.37142365e-02 -4.77273501e-02 -8.22759420e-03
  9.76956799e-04 -1.61262173e-02 -2.51181219e-02 -4.96796854e-02
 -1.09914541e-01 -6.51987866e-02 -5.11089601e-02  1.27287591e-02
 -1.26760691e-01  2.55496968e-02 -5.95169291e-02 -2.79597123e-03
  2.52661519e-02  7.21448064e-02 -2.68030795e-03  1.96552686e-02
  3.95975858e-02  1.95065700e-02  1.07649313e-02 -5.95487393e-08
  5.84192723e-02 -7.33537599e-02  7.87814930e-02  2.72741765e-02
  9.28573310e-02 -1.63132977e-02 -1.59881711e-02 -1.15778623e-02
  4.88069057e-02  2.57552173e-02  4.04944979e-02 -6.20087085e-04
 -3.27414423e-02 -2.38855015e-02 -1.68162603e-02  2.11320594e-02
  7.94442147e-02  5.69751635e-02 -4.99833450e-02 -4.83008251e-02
  4.09092456e-02 -7.09226262e-03 -8.69418085e-02 -5.43119051e-02
 -8.44508596e-03 -7.24952901e-03  3.04510109e-02 -3.79823055e-03
 -4.67686392e-02 -4.88282368e-02 -2.31861845e-02 -5.17851161e-03
 -1.49933398e-02 -6.02947064e-02 -5.46692424e-02 -5.46271652e-02
  1.02576979e-01  1.04026906e-02 -1.04812615e-01 -1.49182891e-02
  1.54579133e-01 -9.85577255e-02 -1.30306566e-02 -3.50616910e-02
 -4.65665124e-02 -4.58982624e-02  2.48115901e-02  1.82646106e-03
  1.65444836e-02 -2.02685446e-02 -2.14598291e-02  7.57597536e-02
  6.14659209e-03  3.34965065e-02 -1.70449093e-02 -2.21644603e-02
  4.26796004e-02  3.12896483e-02 -4.30019721e-02  5.14482427e-03
  8.40447173e-02  4.52964678e-02  1.76165737e-02 -1.03022277e-01]