[-6.22076206e-02  5.70059055e-03 -5.02917618e-02 -4.91066277e-03
 -4.74137142e-02  8.75777972e-04  5.26083596e-02  1.05475355e-02
  8.38457327e-03  5.47798201e-02  4.93064262e-02  5.72133483e-03
 -4.27222811e-02  7.23060826e-03  9.73436143e-03 -7.82377794e-02
  6.78645968e-02 -4.51141484e-02  1.11342194e-02  2.17523593e-02
  1.29150435e-01 -1.25427600e-02 -5.45072965e-02  4.95441183e-02
 -3.30034532e-02 -7.08223647e-03 -6.91214725e-02 -1.57939754e-02
 -1.78804509e-02 -7.66424928e-03 -3.12144179e-02  8.88900980e-02
  9.44566280e-02 -2.27808487e-02 -6.86319219e-03  4.23983671e-02
  8.91256481e-02 -1.85769200e-02 -2.67471969e-02  4.66433577e-02
 -8.47866759e-02 -5.46537302e-02 -7.28767812e-02 -5.09731807e-02
 -7.48379622e-03 -1.71638317e-02  7.95369148e-02  3.61048281e-02
 -7.65587091e-02  1.63172353e-02 -2.53363568e-02  5.50594321e-03
 -4.00380306e-02  3.78028043e-02  5.05402572e-02 -1.15450986e-01
 -6.36677518e-02 -3.77939939e-02  2.53071133e-02  1.35074630e-02
 -7.80365095e-02 -5.07722050e-03 -6.16589263e-02  4.29897979e-02
  5.22622019e-02  8.79424531e-03 -2.62107160e-02  5.99408522e-04
  6.28978387e-03  3.38697098e-02  1.80853065e-03 -3.05894651e-02
 -8.17494933e-03 -1.98502466e-03 -7.33932182e-02  7.86656439e-02
  1.62531482e-03  2.57626604e-02  5.97611330e-02 -1.63286448e-01
  2.91991923e-02  2.22949535e-02  2.31728852e-02 -1.00281350e-02
  2.89105996e-02 -3.80615517e-02 -4.98503968e-02 -2.83238497e-02
  6.32670075e-02  3.28301899e-02  3.05803884e-02  5.21499142e-02
 -2.62849554e-02 -3.85950506e-02  1.61783453e-02 -2.48690452e-02
 -2.77493969e-02 -8.22116882e-02  6.37280638e-04 -3.64572159e-03
  6.30921721e-02  4.27302197e-02  2.33745053e-02  2.01559365e-02
 -4.20008525e-02  2.39757188e-02 -1.30374609e-02 -4.43923324e-02
  4.65831049e-02  1.33599281e-01 -1.41818985e-01 -2.44867336e-02
 -8.67814422e-02 -8.37223753e-02 -5.18381409e-02  2.64526326e-02
 -4.06357720e-02 -1.51296686e-02  1.47642684e-03 -3.53456810e-02
 -7.50646070e-02 -5.97549938e-02 -2.01543421e-02 -4.97134849e-02
  7.91401044e-02 -2.43105665e-02  3.05295326e-02  1.20966252e-32
  5.52124390e-03  4.75525996e-03 -1.42887486e-02  5.17817587e-02
  1.55616123e-02  5.59574589e-02 -5.04448302e-02 -1.68377217e-02
  5.36868647e-02  5.95871471e-02 -4.93952148e-02  5.34318797e-02
 -8.77370127e-03  1.41667575e-02  7.12338835e-02  5.46232937e-03
  5.05067222e-03  3.64855044e-02  4.36843671e-02 -3.26717831e-03
  2.06090184e-03 -1.63381267e-02  8.58700136e-04 -8.57811421e-03
  6.70137331e-02  6.68054819e-02 -4.86589745e-02 -2.09719744e-02
 -1.13776661e-02  4.06043790e-02  1.15186870e-01  6.83440790e-02
 -4.08235844e-03 -2.07419936e-02 -9.94168073e-02 -8.85210410e-02
  6.43872395e-02 -3.41880508e-02 -6.34964034e-02 -6.56487122e-02
 -4.58622305e-03  2.54449379e-02  1.20449997e-02  2.21234486e-02
  2.84549370e-02 -8.94031152e-02  1.49550913e-02 -1.09113883e-02
  1.01015605e-01  1.05599865e-01 -1.08155394e-02 -1.56987440e-02
 -2.46547777e-02 -6.22257181e-02  4.32010591e-02 -1.02656567e-02
 -8.80945772e-02  8.09061974e-02  1.53389471e-02 -3.12679335e-02
  1.55308740e-02 -2.93356978e-04  2.69500501e-02 -3.70763652e-02
  5.75315170e-02  3.42423357e-02 -3.20062637e-02  8.42907000e-03
  1.75289810e-01  2.69973464e-02 -1.16289416e-02  4.54948135e-02
 -8.04027319e-02  2.93674432e-02  2.48854831e-02 -2.70192046e-02
  2.48668902e-02  9.77717992e-03 -4.36695851e-03  6.49280325e-02
 -6.75116405e-02 -9.40513983e-03 -3.29585583e-03  1.93110518e-02
  6.09770082e-02  3.93772200e-02  7.37434998e-02  5.97261451e-02
 -2.00749654e-02  7.59957219e-03  6.60113096e-02  8.92141685e-02
 -3.66307003e-03  4.60941419e-02  4.10743654e-02 -1.27035454e-32
  2.72888578e-02  2.04645917e-02 -6.09101988e-02 -4.61873272e-03
 -3.28079239e-02 -4.21185000e-03 -2.65810899e-02 -6.11601323e-02
  2.45125331e-02 -1.12171024e-02 -5.51604331e-02 -1.14288062e-01
  5.41807190e-02  2.10317364e-03 -2.56326571e-02 -5.58786355e-02
 -9.63505581e-02 -6.66390732e-02 -2.17777062e-02 -5.79963392e-03
  2.23447569e-03  1.74772274e-03  4.09108475e-02 -1.50367124e-02
  3.30021195e-02 -5.24377748e-02 -7.81972855e-02 -2.31571253e-02
 -4.50019911e-02 -7.03362674e-02  5.06197475e-02  1.27916867e-02
 -6.60364553e-02  8.42726827e-02  1.57423671e-02 -6.46166950e-02
  5.16612679e-02  7.74023235e-02 -3.40998210e-02  4.74239439e-02
  1.06901892e-01  5.20840213e-02 -3.16150635e-02 -2.96080951e-02
 -8.04026127e-02 -4.48596813e-02  5.57185188e-02 -1.41168177e-01
 -3.07697114e-02 -1.14121877e-01  1.08806141e-01 -5.94209917e-02
 -1.49738481e-02 -1.45296063e-02  3.93444709e-02  7.71744736e-03
 -3.71779222e-03 -2.89968252e-02 -9.31234136e-02 -2.49122847e-02
  1.06044084e-01  3.92318480e-02 -8.71558487e-02  1.62674896e-02
  9.48101729e-02 -9.08597745e-03  2.00118758e-02  2.71304883e-02
  5.60166836e-02  3.95610034e-02  4.29184828e-03 -7.67433196e-02
 -2.22263206e-02 -3.61380093e-02  4.36520539e-02 -5.35704382e-02
  3.73351686e-02 -2.82549430e-02 -1.00634983e-02 -5.42939594e-03
 -1.67513210e-02  2.68537868e-02 -6.47979528e-02 -4.10534209e-03
 -4.23432551e-02  3.49777043e-02 -6.81598531e-03  4.97536734e-02
  6.38365075e-02  1.09675549e-01 -6.99321181e-02  6.90119117e-02
  4.37381901e-02  2.20713783e-02 -4.85515781e-02 -6.37644675e-08
  8.48772004e-03  2.59396248e-02 -1.32479530e-03  3.65409739e-02
  7.10721016e-02 -7.09441351e-03 -7.77973160e-02 -2.95161493e-02
 -8.14273022e-03  2.72471402e-02  1.03456229e-02  1.79742631e-02
 -4.52812854e-03 -1.94104891e-02  5.34969084e-02 -8.09181333e-02
  6.05227239e-02 -1.97685212e-02 -4.11569327e-02 -2.26731151e-02
  4.12339009e-02 -2.14827526e-02 -1.12850413e-01  5.45465527e-03
  3.90372612e-02 -3.10741700e-02 -1.43746752e-02 -7.18095228e-02
 -1.35444812e-02  5.86038195e-02 -4.53121364e-02 -1.97969750e-02
  8.24366510e-03 -1.06954321e-01 -7.03064278e-02 -2.23652702e-02
  2.37942617e-02 -1.49324127e-02 -1.26339970e-02 -1.45523883e-02
  9.89439040e-02 -2.61437595e-02 -3.32188830e-02 -5.01016676e-02
  1.34587297e-02  4.00029160e-02 -3.22610624e-02 -8.63727089e-03
 -4.70301732e-02 -3.44118364e-02 -1.04762010e-01 -8.77303444e-03
  6.09917678e-02  2.59175748e-02  8.28963146e-03 -8.33828524e-02
  2.73818169e-02  3.03264195e-03  1.03866063e-01 -4.73099537e-02
  4.91089001e-02  8.60506445e-02 -6.83767721e-02 -5.20826057e-02]