[-3.53148989e-02 -2.38814130e-02 -2.03734785e-02 -3.87711972e-02
 -6.84147924e-02  1.66416485e-02 -7.08643813e-03  9.60181579e-02
 -6.19296804e-02  4.25212197e-02  4.40735258e-02 -5.27343526e-03
 -1.26543969e-01 -2.93637980e-02 -4.71734516e-02 -3.47905494e-02
  4.29164851e-03 -3.27781960e-02  7.14408383e-02 -4.25400073e-03
  8.99518579e-02 -4.82408963e-02 -7.50086606e-02  6.98583433e-03
  3.57555482e-03  1.69030782e-02  3.58624458e-02 -1.42190857e-02
 -3.63748409e-02 -4.11693640e-02 -8.91324803e-02  3.84767018e-02
  2.52991896e-02  8.23773257e-03  1.53705711e-02 -1.77954286e-02
  7.99636319e-02  3.36839333e-02  2.99238376e-02  6.65983856e-02
 -1.50450720e-02 -1.91901121e-02 -5.94385751e-02 -5.40608950e-02
 -1.74550209e-04 -1.80557761e-02  7.52394125e-02 -6.59807818e-03
 -5.79594336e-02  4.66782749e-02 -5.30927116e-03  3.54835838e-02
  9.23212897e-03  2.18493249e-02  1.81991942e-02 -5.40718399e-02
  1.95524693e-02  3.07725966e-02 -1.95983127e-02  3.31018679e-02
  1.65657997e-02  2.38123890e-02 -5.86641915e-02 -3.27111036e-02
  1.00952089e-01 -4.89078127e-02 -4.70613912e-02  3.25521417e-02
 -1.18412822e-01 -3.61941122e-02  1.93258729e-02 -8.47950876e-02
 -5.36511913e-02 -6.18660003e-02 -5.82632869e-02  2.56719925e-02
 -1.20861549e-02  4.73182946e-02 -6.31056400e-03 -8.59375224e-02
  3.43123414e-02 -2.07721647e-02 -2.39214525e-02 -7.73002207e-02
 -2.36009173e-02 -2.32417155e-02  2.41917744e-03 -8.55192542e-03
  1.08049922e-01  3.54644433e-02  3.72806452e-02  3.83627005e-02
 -3.46726854e-03 -3.31708267e-02 -7.35527202e-02 -7.43975397e-03
 -4.20251815e-03  3.72020490e-02  6.23822547e-02  1.81291159e-03
  7.85153881e-02  2.03858800e-02  8.20143335e-03  8.33440386e-03
 -8.09256136e-02 -1.84166282e-02  1.24954870e-02 -7.26656057e-03
  5.00097200e-02  1.36637166e-02 -1.10079467e-01  2.09263386e-03
 -7.16068149e-02 -8.51607174e-02 -5.05679436e-02 -3.53090018e-02
 -1.02206871e-01 -2.51023863e-02 -3.53666805e-02 -1.58614833e-02
  8.05808417e-03 -3.32355127e-02 -3.32391262e-02 -3.61292847e-02
  3.01651787e-02 -3.16815190e-02  2.89341696e-02  1.37517528e-32
 -6.74053421e-03 -2.20338386e-02 -3.73239033e-02  3.86568494e-02
 -1.02935657e-02  7.85862878e-02 -2.70382091e-02  4.68255505e-02
 -2.20426973e-02  2.48047840e-02 -2.07800809e-02  3.43554690e-02
 -9.18471664e-02 -9.07205604e-03  8.62266645e-02 -4.15470675e-02
 -6.26926497e-02  4.24675047e-02  3.86066362e-02  4.66330117e-03
  1.27044600e-03  3.67511809e-02 -4.03556451e-02  1.62172019e-02
  6.37693889e-03  8.83763656e-02 -4.87763248e-02  6.30607735e-03
 -2.29687970e-02  7.54404068e-02  5.47731332e-02  7.28339553e-02
  3.04446612e-02 -4.01273668e-02 -4.66496646e-02 -1.65925398e-02
 -7.51258479e-03  1.23739429e-03 -1.79011654e-02 -7.27303326e-02
 -7.10120099e-03  1.97031219e-02  5.20884953e-02 -1.30199054e-02
 -2.35763192e-02  6.92394143e-03  1.04904607e-01  8.29470530e-03
  1.54662266e-01  6.45458028e-02 -5.39903641e-02 -6.08915538e-02
 -4.09382917e-02 -6.10946976e-02  6.75191209e-02 -6.67182133e-02
 -1.21853769e-01  4.24194634e-02  1.26235774e-02 -5.27776182e-02
  3.11198663e-02 -3.40772606e-02 -4.43286113e-02 -5.52302785e-03
 -5.10597080e-02  2.14793161e-02  2.88062580e-02  6.02968223e-02
  1.09153956e-01 -9.04650136e-04 -2.07396802e-02 -1.68788582e-02
 -2.67580487e-02  2.43123174e-02  1.88475810e-02  1.28980847e-02
  5.14391735e-02  8.35312903e-02 -3.11675724e-02 -1.21125579e-02
 -6.29841462e-02 -5.40868454e-02  6.06802385e-03 -5.73125705e-02
  1.25180393e-01  8.31092298e-02  5.86879738e-02  6.08715154e-02
  5.97012937e-02  7.08964914e-02 -1.75992008e-02  1.13624908e-01
 -1.07292056e-01  4.65322696e-02  9.78272334e-02 -1.53936246e-32
  8.87562335e-03  4.47700620e-02 -9.32041630e-02 -1.94434542e-02
 -5.20984195e-02 -1.82267856e-02 -4.30670492e-02  3.64461467e-02
 -5.50251678e-02 -5.55184148e-02 -3.66874039e-02 -1.18786328e-01
  7.83871859e-02 -5.79130463e-03 -6.38719276e-02 -6.47253320e-02
  2.11091572e-03 -1.41720384e-01 -4.96230423e-02 -4.61262204e-02
 -9.13218036e-03  1.06440000e-02 -2.45795511e-02  5.84788062e-03
  7.92438257e-03 -2.58973092e-02 -9.05536860e-02 -3.58463498e-03
 -4.62124906e-02 -1.18943816e-02 -1.62478618e-03 -8.69345036e-04
 -5.16959652e-03  1.47690684e-01 -7.18110800e-02 -4.47661802e-02
  1.13543622e-01  2.55863518e-02 -2.73911096e-02  6.24131262e-02
  8.37385431e-02  7.44547099e-02 -1.04361828e-02  1.26457345e-02
 -3.16529125e-02 -1.56281646e-02 -2.84323823e-02 -7.88510665e-02
  5.54657876e-02 -1.11032166e-01  1.14546768e-01 -1.41699594e-02
 -4.15393710e-03 -4.02057283e-02  3.13827619e-02  2.19903868e-02
  3.18474993e-02 -3.68497148e-02 -7.13614821e-02 -3.63399312e-02
  4.94788773e-02  5.46561666e-02  1.07767889e-02  6.93271810e-04
  8.45234245e-02 -3.86458226e-02  7.23903254e-03 -2.87416540e-02
  7.60596171e-02 -2.47051697e-02  4.19070721e-02 -1.19294398e-01
 -7.63704851e-02  4.20215428e-02  1.23091592e-02 -6.77339034e-03
 -3.45545001e-02  3.86098810e-02  5.22729242e-03  3.56572717e-02
 -3.14976126e-02  1.84272509e-02  3.72545086e-02 -8.54540989e-02
  7.55427405e-03  1.02482187e-02 -9.74594057e-03 -9.76399891e-03
 -8.08438193e-03  3.58975045e-02 -1.63756572e-02  1.22811384e-02
  5.60719520e-03  4.98577729e-02 -2.07046373e-03 -6.70848053e-08
  1.52028520e-02 -3.97877544e-02  3.97591069e-02  2.96267737e-02
 -1.22770555e-02 -1.16409019e-01  2.38500535e-02  5.99409118e-02
 -1.05499178e-02  8.78880247e-02  4.37704064e-02 -2.64060497e-02
 -6.10729419e-02  7.05249533e-02  7.14105889e-02 -5.32639287e-02
  6.09306199e-03  4.59703244e-02 -3.18482034e-02 -4.83011939e-02
 -3.70735931e-03 -3.30750905e-02 -4.53348681e-02 -5.38500361e-02
  1.81341060e-02  6.32405654e-02 -5.32075800e-02  3.08447089e-02
  6.24031834e-02  3.06322402e-03  4.96901339e-03  7.20507279e-02
  2.22477559e-02 -1.00722261e-01 -8.51932764e-02 -2.05176044e-02
  3.03836842e-03  2.67195459e-02 -5.91852590e-02 -4.43833098e-02
  8.94850492e-02 -2.28816941e-02 -6.33864179e-02  9.27373953e-03
  5.31672984e-02  4.52216109e-03 -6.06207028e-02  1.46672241e-02
  1.82231776e-02 -5.90353161e-02 -6.35410249e-02 -2.19470263e-02
  7.82503411e-02  1.47881145e-02 -1.69113763e-02 -6.14188053e-02
  7.80900754e-03 -4.18349495e-03 -7.52102062e-02 -1.00661516e-01
  7.74702281e-02  3.10862884e-02  4.45866062e-05 -2.41567418e-02]