[-2.24306956e-02 -3.56965251e-02 -1.26667798e-01 -1.15795627e-01
 -7.42598474e-02  5.06092384e-02 -1.29297385e-02  1.31909832e-01
  3.69768441e-02  5.76434955e-02  4.90838662e-02 -4.48243953e-02
 -1.14065977e-02 -2.80512739e-02 -4.95182313e-02 -1.20974526e-01
  2.36621741e-02 -2.71259458e-03  4.99352068e-03  8.14998969e-02
  1.01624154e-01 -2.13815644e-02 -1.92450304e-02  3.01800463e-02
 -3.52137685e-02 -3.64782079e-03 -1.32494522e-02 -2.97768656e-02
 -2.27229763e-02 -5.77888526e-02 -1.29751507e-02  8.02892074e-02
  9.35581401e-02 -4.24601398e-02  1.19610224e-02 -6.32438436e-02
  7.92796835e-02 -1.08565301e-01 -4.81356569e-02  1.32637650e-01
 -1.41887330e-02  4.60399203e-02 -4.91143130e-02 -5.12502715e-02
  2.22938564e-02  1.06987255e-02  1.91792496e-03  6.64877445e-02
 -3.87621038e-02  2.34637894e-02 -5.92874065e-02  6.22146390e-02
 -1.38776349e-02  9.71053820e-03  8.93471588e-04  4.99970163e-04
 -4.45295982e-02 -6.76315604e-03 -2.16319412e-03 -4.43882542e-03
  5.03048359e-04  2.10028142e-02  5.65950274e-02  2.40382403e-02
  3.07233389e-02  2.08568797e-02  1.14883138e-02 -3.91570963e-02
 -2.63818800e-02  6.58650231e-03  1.71607472e-02 -6.62289709e-02
 -9.18612406e-02 -7.34586734e-03 -6.81817308e-02  1.27128437e-01
  2.99968990e-04  4.30707186e-02 -1.44635662e-02 -1.55439168e-01
  1.20085590e-02 -1.93478484e-02 -1.93187371e-02 -4.18853201e-02
  1.83326956e-02  2.99580935e-02 -4.11109067e-02  5.31890653e-02
  5.75984307e-02 -3.20491903e-02  9.03737321e-02  5.66743053e-02
  7.61153083e-03 -6.77493811e-02  5.56224287e-02 -3.63439955e-02
 -3.42772268e-02 -4.04723920e-02  4.48744521e-02 -7.90734142e-02
  8.89703780e-02  2.51831319e-02 -1.13237062e-02 -4.77491952e-02
 -5.90844005e-02 -5.62347770e-02  6.65603131e-02  3.44763584e-02
  8.16781819e-02  8.80554095e-02 -9.33727324e-02 -3.10681388e-02
 -1.84574369e-02 -6.37335479e-02 -4.30955850e-02  6.85418844e-02
  9.62105521e-04 -9.39447358e-02  1.02682948e-01  4.18641698e-03
  3.83081660e-02 -2.71336660e-02 -1.90206412e-02  5.94691653e-03
  1.24481795e-02 -2.14214772e-02 -8.05208385e-02  8.39524621e-33
 -4.26730476e-02 -1.56011293e-02 -1.58371907e-02 -3.86945494e-02
 -9.10064876e-02  1.95924137e-02 -4.49033864e-02 -1.69397760e-02
  1.40283266e-02 -2.61777416e-02 -7.72377476e-02  9.74702686e-02
 -2.53863167e-03  6.48414204e-03  4.88717444e-02  2.45085824e-02
  2.84949634e-02 -7.30527937e-03 -4.57909629e-02 -2.54572667e-02
 -4.74270061e-02  4.47349139e-02 -4.75617358e-03 -1.43040167e-02
  3.29234190e-02  7.07057491e-02 -9.02894959e-02  2.00617872e-03
 -4.14685309e-02  1.22995945e-02  3.20087709e-02 -3.48923504e-02
  4.06470448e-02 -2.57601086e-02 -1.36577720e-02 -3.72253321e-02
 -2.24539288e-03  3.38255540e-02 -1.68137420e-02  5.53653166e-02
 -5.31705953e-02 -2.30117310e-02  3.04536596e-02  1.19260466e-02
  3.58174667e-02 -7.51183629e-02  1.31885894e-02 -2.39462941e-03
  7.41373003e-02  4.11365665e-02 -4.86025028e-02 -2.70874538e-02
 -3.83908600e-02 -3.66886333e-02 -3.04650906e-02  3.25119169e-03
 -1.40487313e-01  1.15585839e-02 -3.18880193e-02 -6.25318959e-02
 -5.88145740e-02 -2.57110242e-02 -2.04807278e-02 -4.71413322e-02
 -5.05327880e-02  5.24462946e-02 -2.10067797e-02  1.71948280e-02
  9.34836194e-02  8.46071839e-02 -6.27055466e-02 -8.41305591e-03
 -8.41519050e-03  4.79673781e-02  6.33907095e-02 -3.20455767e-02
  3.29761952e-02  7.31416866e-02 -4.86021377e-02  8.05705562e-02
 -7.89837039e-04 -4.69640456e-02  9.65113938e-03  2.18446087e-02
  6.06856830e-02  1.98841933e-02  1.00148141e-01  5.34944199e-02
 -1.17950821e-02 -1.18996426e-02  7.80134946e-02  8.82834475e-03
  2.05645487e-02  9.54723544e-03  3.85864824e-02 -1.04269111e-32
 -8.26842859e-02  6.26131594e-02 -6.34834617e-02 -1.87784489e-02
 -6.98897168e-02  4.35967557e-02 -1.49936520e-03 -9.24950987e-02
 -6.64005522e-03 -1.79670885e-01 -4.84601036e-02 -7.13966712e-02
  5.88243157e-02 -3.31989415e-02 -3.21904756e-02  6.99158683e-02
 -8.14113468e-02 -1.79919135e-03 -1.18774837e-02 -3.17418724e-02
  2.84295846e-02 -5.78331202e-02  3.37349437e-02  4.27296199e-02
  3.22414860e-02 -8.80995940e-04 -6.31542578e-02 -6.75762668e-02
 -3.03526074e-02 -1.41944680e-02  1.49340332e-02 -1.60821415e-02
 -5.05117439e-02  1.00585081e-01 -8.78370330e-02 -9.48020369e-02
  2.35150270e-02  1.48947369e-02 -2.47115139e-02  1.20702321e-02
  2.74915472e-02  6.87069912e-03  1.10817842e-01 -9.46311802e-02
 -1.03740878e-02 -3.82498801e-02  5.31215630e-02 -9.21206698e-02
 -2.27590483e-02 -7.30311091e-04  6.91692010e-02  1.43849002e-02
  5.40018687e-03  7.59721249e-02  7.77062960e-03  3.48952487e-02
 -1.73835398e-03  4.56303591e-03 -9.14155096e-02  2.96620578e-02
  6.26074374e-02  8.24109837e-02 -6.11086115e-02 -9.54348780e-03
  6.42312840e-02 -3.50553542e-02  1.33444099e-02  1.52043700e-02
 -1.04717594e-02 -2.62397863e-02  3.31687964e-02 -8.07212200e-03
 -3.05725524e-04 -2.78374664e-02 -4.52367291e-02 -3.33201624e-02
 -5.53399399e-02  4.01114784e-02 -2.73724068e-02  2.88365241e-02
 -9.89021137e-02  1.07744883e-03 -3.50470059e-02  1.46774510e-02
 -4.31089811e-02  5.65477472e-04  4.00028548e-05 -4.40972224e-02
  2.28647143e-03 -2.57091746e-02 -5.76286688e-02  2.77141370e-02
 -2.41183280e-03  4.35027629e-02 -1.45590696e-02 -5.62193350e-08
  4.51950207e-02  1.68220531e-02 -2.88727209e-02  5.08007184e-02
  7.83695653e-02  4.44639698e-02 -2.93866303e-02 -1.17860800e-02
 -6.00867420e-02  8.65765847e-03  8.75035375e-02 -1.61508881e-02
 -4.93248254e-02 -6.95533454e-02 -1.13610551e-02 -4.84816730e-02
 -7.99792539e-03  5.72162084e-02  4.64763343e-02  1.72960162e-02
  7.52690211e-02 -8.87434836e-03 -5.31471521e-02 -3.50330397e-02
 -5.08033298e-02  2.76986659e-02  4.44188006e-02  4.78673652e-02
  8.51213560e-03  5.12799919e-02 -4.75607477e-02 -2.26254184e-02
  2.64508631e-02 -6.42580092e-02 -2.35811509e-02 -4.12594080e-02
  8.35643560e-02  6.09410740e-02 -4.54876721e-02  8.85664448e-02
  6.88229874e-02  8.28593597e-03 -5.00023477e-02 -1.56390481e-02
  5.38647473e-02 -6.21066988e-02  2.56291144e-02 -1.40855648e-02
  1.22961409e-01 -9.18867067e-03 -1.27443876e-02  5.44737130e-02
  2.47804634e-02  2.58289613e-02  5.29908808e-03 -4.01245728e-02
  3.44861932e-02 -2.25717239e-02 -1.10404260e-01  6.36864547e-03
  7.88452476e-02  4.49592732e-02  4.90552597e-02  4.24899533e-02]