[-7.14201853e-03 -2.15671351e-03 -9.05816928e-02  4.55242582e-04
 -9.27549452e-02 -4.74584959e-02  2.58571208e-02  1.70709237e-01
  2.53119059e-02  2.36669630e-02 -2.56118621e-03 -1.02501713e-01
 -1.47615019e-02 -1.11498479e-02 -8.73867273e-02 -6.23669401e-02
 -2.03880877e-03 -3.72343808e-02  1.94542538e-02  5.93293793e-02
  5.95038980e-02  2.88343057e-02 -2.12658476e-02 -3.92574966e-02
  6.25046417e-02  7.34004704e-03 -9.51122493e-03  4.42951806e-02
 -1.68332160e-02 -7.59283677e-02  1.47178657e-02  3.59310582e-02
  1.22445956e-01 -3.02949585e-02 -1.45544214e-02 -3.88591290e-02
  5.11969626e-02 -3.85719016e-02 -5.90860657e-02  7.01145530e-02
 -3.11440732e-02  3.06962933e-02  5.59486002e-02  5.76799596e-03
  7.26430211e-03 -2.62399912e-02 -7.86281079e-02  1.00440331e-01
  2.39673872e-02  6.13137484e-02 -7.89506808e-02  7.15664923e-02
 -2.50269435e-02  3.96839529e-02  4.70565632e-03 -3.53362039e-02
 -2.60766204e-02 -5.05434424e-02  3.01515665e-02 -4.52219993e-02
 -6.32655434e-03  1.07007727e-01  5.86503781e-02  5.66059649e-02
  1.00501135e-01  5.98607436e-02 -4.89157215e-02 -5.12780398e-02
 -4.46889997e-02  3.62633727e-02  9.46394261e-03 -1.08983375e-01
 -5.05587757e-02 -2.05535861e-03  3.45288776e-02  4.88137901e-02
 -3.53680588e-02 -1.61784198e-02 -1.87994279e-02 -6.92501664e-02
 -7.16760196e-03 -1.53675694e-02 -2.49337424e-02 -5.67075796e-02
  1.94537695e-02 -5.53268455e-02  5.53097986e-02  5.69015332e-02
  3.01633682e-02 -4.00893576e-02  7.30477497e-02  2.91259456e-02
 -9.63444635e-02 -7.80201405e-02 -8.25385563e-03  9.43606999e-03
 -3.71072106e-02 -1.49468277e-02  1.50185646e-02  6.83759246e-03
  2.86889859e-02  4.50382493e-02 -7.42559060e-02  5.34941768e-03
 -1.06651135e-01 -3.49908248e-02  1.25103161e-01  1.13317423e-01
  7.30500445e-02  3.04146968e-02 -5.17341644e-02  4.14282568e-02
 -8.54789687e-04 -3.54637317e-02  4.74752374e-02 -8.27285636e-04
  1.74763910e-02 -5.86439390e-04  7.84794837e-02  1.29763812e-01
  6.17384613e-02  4.65793721e-03 -6.19707964e-02 -7.99660292e-03
 -3.20650712e-02  2.55411118e-03 -9.35147405e-02  9.73928808e-33
 -6.41623959e-02 -5.59626929e-02  6.82538003e-02 -7.42463842e-02
 -4.98323962e-02  4.40967083e-03 -1.53241856e-02  2.13845912e-03
  2.11161710e-02 -7.49981636e-03 -9.03922021e-02  1.21847996e-02
  1.11308917e-02 -1.52236503e-02 -6.62683183e-03 -1.78353973e-02
  4.92609926e-02  4.38072346e-03 -4.91469726e-02 -6.67308411e-03
 -3.19819041e-02 -5.23277652e-03  3.20341662e-02 -2.22299360e-02
  1.91681497e-02  4.23610136e-02 -1.11956857e-02  5.82531579e-02
 -2.25951709e-03 -1.85335334e-02  6.25388650e-03  4.47695740e-02
 -3.14860083e-02 -9.85020325e-02 -5.09409904e-02 -1.36642763e-02
  3.31925489e-02  7.74901956e-02  4.14752662e-02  4.06453423e-02
 -5.36271892e-02  4.05117758e-02  2.68274564e-02  4.51289769e-03
  4.50498685e-02 -2.09204033e-02  1.87579375e-02  1.44868530e-02
  9.23286006e-03  3.63031700e-02 -6.88049197e-02 -3.84906754e-02
  2.08186870e-03  2.25218348e-02 -2.70027462e-02  3.19404379e-02
 -5.70751354e-02 -1.86846868e-04 -3.16386856e-02  2.09074244e-02
 -1.98039394e-02  1.95066892e-02 -2.37816256e-02 -6.30817711e-02
 -9.68400463e-02  9.12537202e-02  1.15739042e-03 -4.99255918e-02
  3.29002477e-02  1.22094341e-01 -6.25091940e-02 -3.15490738e-02
  8.58737007e-02  1.18591245e-02  2.86221169e-02 -2.09092628e-02
  2.73480788e-02  2.66510844e-02 -4.60569784e-02 -7.55372867e-02
 -3.64548154e-02 -2.31358912e-02 -1.44759696e-02 -1.32540613e-02
  6.74954578e-02  2.27689259e-02  2.76098568e-02 -2.11307667e-02
 -3.55211347e-02 -5.90970106e-02 -3.56051549e-02 -1.90418493e-02
  4.20175903e-02  2.13892758e-02 -5.41312546e-02 -8.74963057e-33
 -7.12062344e-02  1.17000528e-01  1.64240208e-02  5.30245304e-02
  7.96020776e-03  5.56673203e-03  7.20569789e-02 -4.29098792e-02
  7.88446069e-02 -3.78688313e-02  5.88587709e-02 -1.06681362e-02
  2.14582272e-02 -4.03051376e-02 -1.76291987e-02  7.04409182e-02
 -2.07795147e-02  2.35256227e-03 -3.68423760e-02 -6.22048639e-02
  1.92011204e-02  1.01705179e-01  6.29910454e-02  3.07564139e-02
 -8.48234724e-03  5.64448647e-02 -6.46930337e-02 -4.12561446e-02
 -3.52891274e-02 -3.28487046e-02 -2.84847412e-02 -1.81415286e-02
 -5.40252291e-02  2.44020745e-02 -6.21335804e-02 -6.44830987e-02
 -2.75690816e-02 -1.55598009e-02 -3.66206616e-02  4.08595875e-02
  8.80241171e-02  2.37810053e-02  2.44579334e-02 -5.05843759e-02
  6.52366802e-02 -2.02623028e-02  1.25649795e-01 -5.81781976e-02
  3.77183780e-02 -4.49105893e-04  1.17792217e-02  1.46381296e-02
 -1.50595875e-02  1.23271845e-01  6.59636687e-03  4.04525511e-02
  1.81855690e-02 -5.42432740e-02 -1.07850499e-01 -1.98661778e-02
  1.08415252e-02  8.92339945e-02 -1.21342866e-02  1.86677594e-02
  9.72051620e-02 -4.02923003e-02 -6.82464708e-03 -5.39697483e-02
  5.45122512e-02 -1.87229402e-02  1.48483189e-02 -2.54156236e-02
  7.19283000e-02 -1.62284598e-02  2.79738382e-02 -2.82911900e-02
 -3.05361319e-02 -5.46431681e-03 -2.11723261e-02  2.92361509e-02
 -9.15374458e-02  2.51072627e-02 -9.36320925e-04  5.06982096e-02
 -1.12472035e-01 -1.46193216e-02 -9.96285863e-03 -6.92898408e-02
  1.42232105e-02  9.37779322e-02 -5.08573987e-02  9.19486359e-02
  6.74395114e-02 -3.39172222e-02  2.72050053e-02 -6.47377050e-08
  3.60404775e-02 -5.58054075e-02 -3.85401840e-03  4.75170165e-02
  9.11048353e-02  3.15114632e-02 -7.84301832e-02 -3.04238275e-02
 -3.51784006e-02 -2.05380190e-02  4.31924723e-02  4.58374154e-04
 -4.49547879e-02 -6.81293830e-02 -1.06140174e-01 -3.91986445e-02
  3.99473719e-02  3.17485519e-02 -2.62287259e-02 -3.48098613e-02
  4.09177877e-02 -2.65440885e-02 -3.14953290e-02  4.75526880e-03
 -3.61136273e-02  3.54934596e-02  1.65745325e-03  5.74087240e-02
  1.30968471e-03  5.06867692e-02 -5.68659045e-02 -5.34753911e-02
  7.74010345e-02 -6.83768615e-02 -6.87800022e-03  2.01496785e-03
  2.12495867e-02  1.03639387e-01 -2.62123421e-02  7.50035271e-02
  3.92855005e-03 -3.24123725e-02  3.05148936e-03  5.19663543e-02
  5.95280267e-02 -8.76314938e-02 -6.47433326e-02  5.33918515e-02
  1.04314603e-01 -6.73738196e-02  7.61712119e-02  1.85853373e-02
 -1.59519203e-02 -1.07288919e-02 -3.57741080e-02 -3.95284593e-02
 -5.09479195e-02  1.55149866e-02 -1.30390599e-01 -4.49258611e-02
  1.00062340e-01 -3.66232581e-02 -4.89468873e-02 -3.48931402e-02]