[-8.22571293e-02  9.22058076e-02 -7.10118636e-02 -2.48310883e-02
 -7.59121478e-02  5.93066998e-02  3.32376026e-02  6.65094703e-02
 -2.13861261e-02  1.18029090e-02 -2.89732032e-02 -4.14717346e-02
 -1.44027146e-02 -6.83706393e-03 -1.54162776e-02 -6.25452846e-02
 -4.96125966e-02 -1.25688745e-03  1.54090878e-02  4.72024344e-02
  5.20264097e-02 -5.04146032e-02 -7.99980983e-02  1.40287085e-02
 -1.22139506e-01  2.80148797e-02 -2.79766638e-02  4.24559861e-02
 -3.13716978e-02 -6.01499565e-02 -8.05255864e-03  5.03813103e-02
  6.80437833e-02 -3.94304842e-03 -3.05404700e-02 -6.94886670e-02
  2.11127829e-02 -3.43074538e-02  3.15433890e-02  6.66191801e-02
 -3.62720876e-03  1.55537890e-03 -1.06554367e-01  1.82547364e-02
  6.75756577e-03 -3.68073843e-02  6.52110502e-02 -5.67412972e-02
 -1.60150900e-02 -5.31016365e-02 -7.95001239e-02  6.58737272e-02
  2.24461872e-03 -7.12936521e-02 -9.48170349e-02 -8.54593739e-02
  9.44416597e-03  3.53171155e-02  4.45006900e-02  1.42987454e-02
  1.65202040e-02 -5.07254675e-02 -4.01828028e-02  3.32442038e-02
 -2.51777321e-02 -4.19626199e-02 -4.14323062e-03 -7.02856779e-02
 -2.74673551e-02  6.59747347e-02  7.21866339e-02 -7.86493160e-03
 -1.07208028e-01  6.84459228e-03 -4.98604700e-02  1.75289363e-01
 -7.77350646e-03 -1.94668528e-02 -4.96641137e-02 -6.54969588e-02
  2.96778474e-02 -7.24149495e-02  3.87301715e-03 -3.76798809e-02
  3.41578797e-02  1.60952434e-02  4.37452830e-02  2.14603540e-04
  2.72228778e-03  3.39746326e-02 -8.05332884e-03  1.01542979e-01
 -5.43942600e-02  2.13321745e-02 -6.73490926e-04  1.88847110e-02
  4.93418500e-02  1.31590208e-02  1.26389274e-02  2.98880991e-02
  1.08908631e-01 -1.20973177e-02 -4.20338288e-02  3.38871852e-02
 -7.01261312e-02  6.62309155e-02  1.12578534e-02  3.88509966e-03
  1.36517575e-02  4.52091917e-02 -5.34162894e-02  2.25107372e-02
 -9.33631808e-02  9.72196180e-03 -1.34653896e-01 -2.68186890e-02
 -4.87320423e-02  1.10349087e-02  9.96744633e-03  3.78557406e-02
 -2.33214702e-02 -3.65532637e-02 -1.10347336e-02 -9.89985373e-03
  3.27767879e-02 -4.02782634e-02  7.00510060e-03  1.70647808e-32
 -6.12205341e-02 -2.21827067e-02 -3.24010476e-02 -7.22156242e-02
 -3.80194038e-02 -1.33856011e-04 -5.64944297e-02 -6.28589019e-02
  3.54824960e-03 -1.25636980e-02 -1.44382343e-02  1.08059116e-01
 -1.09350579e-02 -3.83857191e-02  7.17418939e-02  4.82766256e-02
 -4.34519118e-03 -1.13373205e-01  3.40307243e-02 -3.43247876e-02
  1.75453760e-02  7.08818361e-02  3.72483358e-02 -4.44297083e-02
 -2.79321652e-02  9.07777101e-02 -2.96967570e-03 -9.62711945e-02
 -8.92371386e-02  4.07294407e-02 -7.33930292e-03 -6.35078028e-02
 -2.36403737e-02  5.40422946e-02 -4.51853452e-03 -8.12005065e-03
  9.41372290e-03 -2.83362227e-03 -1.27870208e-02 -2.00728066e-02
  4.17789929e-02  1.13157453e-02  5.33004254e-02  2.41264217e-02
 -5.87374344e-02  1.07197929e-02 -2.14401390e-02  7.43262172e-02
  1.03058457e-01  3.23701315e-02 -1.03357479e-01 -9.62429121e-02
  1.32871885e-02 -5.23670353e-02  4.22331840e-02 -1.63411815e-02
 -1.07904956e-01  4.61177751e-02 -2.46472470e-02  6.41156407e-03
  3.13959010e-02  1.15568831e-03 -5.74681396e-03  5.55212498e-02
 -6.47643358e-02 -1.03008654e-02 -8.61545131e-02  3.77680548e-02
  9.73667055e-02  1.40711255e-02 -3.71719301e-02 -1.73932891e-02
  3.88016962e-02  1.11826947e-02  7.59727731e-02  2.30886396e-02
  3.86964977e-02  1.27540743e-02 -8.25905725e-02  7.38784745e-02
 -3.68321314e-02 -7.16831814e-03 -6.71753138e-02 -7.44492114e-02
 -5.18325483e-03  3.80323157e-02  5.82945421e-02  1.77795310e-02
 -6.61545608e-04  7.73129389e-02  2.69012935e-02 -3.89782861e-02
 -7.77374394e-03  5.43016661e-03  4.31529880e-02 -1.76342843e-32
  3.46619356e-03  4.18812372e-02  6.72258586e-02  2.99029127e-02
  9.36902836e-02 -3.79033647e-02  3.15516703e-02 -2.04541087e-02
 -8.07293598e-03 -9.60959122e-02 -3.84075493e-02 -5.96582657e-03
  1.24622643e-01 -2.51751090e-03 -9.95257050e-02  2.69146282e-02
  5.91902016e-03 -7.20110536e-02 -2.78731696e-02 -2.95188790e-03
 -7.01196939e-02  6.95637688e-02  4.84658666e-02 -1.57763399e-02
  2.24994903e-04 -1.23531474e-02 -1.40203093e-03 -3.50708468e-03
 -5.72823882e-02  3.15548703e-02  7.34272525e-02  4.82679754e-02
  1.99688729e-02  9.91786569e-02 -6.85535893e-02  3.35506052e-02
  7.10794926e-02  6.92203343e-02  2.82937009e-02  9.79346633e-02
 -2.58013606e-02  3.50341201e-02 -8.34768452e-03 -2.00753529e-02
  5.18390201e-02  5.50621040e-02 -2.46173237e-02 -3.70517420e-03
 -3.11723240e-02 -2.20065787e-02  3.74227166e-02  3.63767035e-02
 -1.28388956e-01 -1.25410836e-02  7.39379525e-02 -8.55451152e-02
  6.78390861e-02 -5.68648949e-02 -1.37175426e-01  1.43598979e-02
  7.60386437e-02  7.19497278e-02 -4.18139063e-03 -3.67742851e-02
 -5.14448993e-03  3.17603946e-02 -2.13405658e-02 -2.94624399e-02
  2.00853143e-02  3.72068211e-02  1.60861667e-02 -1.23428227e-02
 -6.54114932e-02  2.79773232e-02 -3.57656032e-02  4.85533439e-02
 -9.07084718e-02  5.60815185e-02 -3.21191400e-02 -1.26650650e-02
 -1.00012489e-01 -7.80612836e-03 -8.06287304e-02  3.39639597e-02
  4.01994586e-03  7.95470849e-02 -6.17230833e-02 -1.18139666e-02
  4.53915522e-02 -2.24623941e-02  6.81719407e-02  4.58864383e-02
  2.07335204e-02  4.41342499e-03 -4.06497829e-02 -6.50794192e-08
  4.62883562e-02 -2.52194144e-02  1.98961813e-02  4.51729149e-02
 -3.49822417e-02  7.15599442e-03  1.65734943e-02 -1.02834396e-01
  8.16375092e-02  4.86251228e-02  1.11013971e-01 -6.07556924e-02
  3.18798125e-02 -9.87270195e-03 -4.91979085e-02  2.92095188e-02
  7.18893576e-03  6.99346736e-02  1.08899092e-02 -1.58564225e-02
 -2.20301636e-02 -5.54120764e-02 -4.38800640e-02  2.30252743e-02
  5.36970282e-03 -6.54442534e-02 -8.12246427e-02 -1.19525813e-01
 -9.65137221e-03 -1.58034191e-02 -7.74515700e-03 -3.01579153e-03
  5.02255894e-02 -1.17206313e-01  4.15670313e-02 -2.69589927e-02
  5.75479567e-02  2.10473742e-02 -1.80195402e-02  1.29361665e-02
  1.04623303e-01  3.17729525e-02 -7.31984004e-02  5.96229360e-03
  5.05190827e-02 -2.16879174e-02 -6.92786416e-03 -1.32254316e-02
  1.73014905e-02  3.08567137e-02 -1.90821402e-02  2.36120517e-03
  2.40102801e-02  1.89054310e-02  1.89405903e-02  4.22816612e-02
 -8.67672190e-02  4.06757817e-02 -6.37794510e-02 -3.01889926e-02
 -5.20653557e-03 -1.40410513e-02 -2.74303369e-02 -7.85920843e-02]