[ 4.20302898e-02  3.24698724e-02 -5.54610789e-02 -8.81908312e-02
 -8.05839002e-02  1.59577169e-02 -2.20752154e-02  1.07224569e-01
 -1.51568893e-02  1.00609884e-01  7.30862841e-02 -2.53706854e-02
 -1.02320379e-02  1.50958505e-02  2.24122163e-02 -8.14632699e-02
  5.36966361e-02 -6.12552240e-02  3.37349139e-02  6.64792657e-02
  1.45967096e-01 -3.23838443e-02 -7.94939697e-02 -4.12999094e-03
 -9.02370960e-02 -1.55477645e-02 -9.87438038e-02  8.42715800e-02
 -5.14477771e-03 -4.43601944e-02 -6.95744380e-02  8.62905756e-02
  5.13866022e-02  4.36440436e-03 -2.28980486e-03 -2.39764787e-02
  4.11130078e-02 -3.88892032e-02  1.85018834e-02  7.97330812e-02
 -7.35701546e-02 -4.45793718e-02 -6.65760934e-02 -7.32593983e-02
  9.39410273e-03  5.69884479e-02  2.54401062e-02  1.35585507e-02
  1.24646863e-02 -1.36410128e-02 -1.69998333e-02 -2.15529581e-03
 -2.94248890e-02  7.11604208e-02  3.05781420e-03 -7.78179690e-02
 -1.55409323e-02 -3.10450178e-02 -4.67431545e-02  4.97435257e-02
 -6.56067953e-03  3.29127274e-02  9.37814638e-03  1.65465064e-02
  7.09464476e-02 -5.45316637e-02 -2.90932041e-02 -2.21598223e-02
 -3.52123901e-02 -4.37954850e-02  1.23951640e-02 -5.50835617e-02
  3.47210020e-02  6.66956231e-02 -3.73085290e-02  4.30913568e-02
  2.13701781e-02  8.31668451e-02  4.20061611e-02 -1.66971684e-01
  1.66032743e-02  5.66107258e-02 -3.38046346e-03  7.31627969e-03
 -2.70804837e-02 -2.65732054e-02  3.86714516e-03 -1.53046623e-02
  7.02181160e-02 -6.17262674e-03  2.11270638e-02  9.52759907e-02
 -1.75196417e-02 -4.42738160e-02 -1.57361794e-02 -3.81530635e-02
  3.40995491e-02 -5.22961132e-02  3.55315395e-02 -2.91879345e-02
  5.19064553e-02 -4.61741686e-02  5.46078347e-02  6.22754730e-02
  8.47906154e-03 -3.61609012e-02 -3.28590907e-02 -2.79181395e-02
  1.75337680e-02  1.05047785e-01 -6.39281124e-02 -1.08330799e-02
 -7.89155439e-02  6.40273211e-04 -1.21259801e-01 -1.22871762e-02
 -5.64879328e-02 -5.34100644e-02  4.50668857e-02  1.15368620e-03
  1.86002515e-02 -2.59714015e-02  2.53772121e-02 -3.35741416e-02
  2.15921570e-02  1.39682204e-03  5.51962443e-02  6.26596015e-33
 -5.73779196e-02 -2.92807091e-02  3.11195478e-02  4.28461619e-02
 -3.51609737e-02  2.75720526e-02 -5.20200990e-02  2.76019648e-02
  2.81464383e-02  7.05929026e-02 -8.70914310e-02  2.58810241e-02
  1.90275386e-02  5.64066246e-02  1.01950094e-01 -1.50564350e-02
 -3.75776947e-03 -1.89358573e-02 -5.95216714e-02  2.09228415e-02
 -1.82785261e-02  1.96158942e-02  4.94198613e-02 -1.65366381e-02
  8.45777020e-02  7.01856911e-02 -7.43602216e-02 -5.55168428e-02
 -7.72184804e-02  3.38287652e-02  3.17266099e-02 -2.30831392e-02
  3.54904793e-02 -5.20171896e-02 -6.11150339e-02 -5.31207770e-02
  1.52590740e-02 -2.92745065e-02 -7.86409676e-02 -1.49115280e-04
 -3.19365002e-02 -1.81287285e-02  7.02286661e-02  1.52700208e-02
  3.88861969e-02 -2.75082979e-02  1.17952399e-01 -2.58660745e-02
  7.22150654e-02  4.30398285e-02 -3.67598496e-02  1.92325301e-02
 -4.21427526e-02 -7.16370791e-02  1.98745518e-03  8.76698494e-02
 -3.57350148e-02  3.11680008e-02 -1.07580617e-01 -3.60645689e-02
 -4.49372269e-02 -8.97117779e-02  1.15902144e-02  1.65282618e-02
 -1.77658945e-02 -1.15050018e-01  2.29675323e-02 -6.90972107e-03
  1.42572060e-01  4.08348441e-02 -1.24800213e-01 -3.93778905e-02
  5.49041815e-02  2.65505053e-02  1.62752979e-02 -1.44919585e-02
  6.30434901e-02  2.44793929e-02 -5.56142703e-02 -3.27991657e-02
 -6.79188520e-02  9.25027132e-02 -2.52290349e-02 -7.47384802e-02
  9.01547670e-02 -1.65756233e-02  5.05003594e-02  3.01757976e-02
 -4.57589291e-02  5.13724796e-02 -5.16540222e-02  8.51323083e-02
 -5.16483039e-02  2.96734758e-02  7.53719062e-02 -1.05039163e-32
  6.33081829e-04  8.61548167e-03 -4.35100123e-02 -1.37784965e-02
  1.08605353e-02  2.79972684e-02  4.17817384e-02 -4.60484289e-02
 -1.15477249e-01 -1.85779706e-02  6.18604897e-03 -3.71613614e-02
  4.32862900e-02 -2.30065323e-02 -7.22340941e-02  2.58285832e-02
 -1.01687759e-01 -1.37512537e-03  7.36283604e-03  1.36919459e-02
  5.57642989e-03  8.16229656e-02  7.43467882e-02 -6.62711486e-02
  1.13322232e-02 -4.79092896e-02 -1.31117664e-02 -3.83207016e-02
 -4.17081006e-02 -1.18701607e-02 -4.03736369e-04  1.20514464e-02
 -3.05984039e-02  1.22999862e-01 -1.24224816e-02 -5.68006486e-02
  1.68277845e-02 -4.57014665e-02  4.53486294e-03  8.29091743e-02
  6.41663298e-02  7.56055191e-02  3.00209988e-02 -4.92583252e-02
 -8.36193115e-02 -8.48604217e-02 -2.21685357e-02 -1.00140184e-01
 -1.50714647e-02 -5.96627556e-02  8.21510628e-02 -4.73733172e-02
 -8.38373303e-02  4.73762676e-03  3.34825628e-02 -4.43887152e-02
 -2.02195384e-02 -9.59516019e-02 -1.06922396e-01  5.99770285e-02
  1.17335327e-01  1.92867790e-03 -5.74639291e-02  7.85003789e-03
  5.32116927e-02 -1.18018528e-02  9.43478663e-03  2.10758597e-02
  2.35360321e-02  1.60501637e-02  5.18514365e-02 -4.89889868e-02
 -1.98820755e-02 -4.80698049e-02  1.25311930e-02 -3.78756635e-02
 -1.21112391e-02 -9.00835916e-03 -1.07931010e-02 -3.19425948e-02
 -6.61182106e-02 -2.62875613e-02 -1.91452238e-03 -2.84213503e-03
 -5.41312397e-02  7.21043497e-02 -2.86479238e-02  2.67432444e-02
 -1.78584941e-02  3.69820185e-02 -7.08938614e-02  1.78948697e-02
  9.47793294e-03 -6.96415809e-05 -3.97308730e-02 -6.04468866e-08
  3.99074852e-02  4.28124098e-03  2.20376812e-02  1.05410162e-02
 -2.08873879e-02 -7.83327594e-02 -5.26429005e-02 -7.68315885e-03
  2.06173211e-02  2.58630309e-02 -8.01776908e-03 -1.80839524e-02
 -3.92692238e-02  5.02452254e-03  5.72923459e-02 -3.42876241e-02
 -2.84639727e-02  6.85884282e-02 -6.72810376e-02 -4.07681130e-02
  2.99920160e-02 -1.50278257e-02 -1.14992194e-01 -1.40610300e-02
  1.06682247e-02 -4.21107793e-03 -5.58898449e-02  1.41658243e-02
  1.30691361e-02  6.27314821e-02  8.43337737e-03 -2.79869791e-02
 -1.65320300e-02 -6.06576018e-02 -3.53886969e-02 -5.38894720e-02
  8.27060547e-03 -2.28857156e-02 -3.97109017e-02 -1.30769350e-02
  1.50652483e-01 -2.32389644e-02 -3.71643491e-02 -1.14241205e-02
  5.57139181e-02  7.07567260e-02 -2.64827795e-02  9.69299302e-02
 -8.67250096e-03 -2.03092415e-02 -7.97359422e-02  5.75531274e-03
  2.70305388e-02  5.91840148e-02 -1.11391097e-02 -1.85513741e-03
  6.12505823e-02  1.02386801e-02 -3.47170420e-02  3.34978849e-02
  3.43680903e-02  4.14372422e-02 -1.40816416e-03 -3.90343629e-02]