[-1.62090249e-02  4.66788746e-02 -2.25864369e-02 -2.02680938e-02
 -7.58678839e-02  3.64300497e-02 -9.10827667e-02  8.86177793e-02
  3.44033875e-02  1.01710461e-01  1.03752531e-01 -2.11913120e-02
 -5.82048157e-03 -4.00092080e-02 -2.89691128e-02  2.11188407e-03
 -4.53372635e-02  2.04187445e-02 -2.44371668e-02  8.40610452e-03
  8.96237642e-02  2.82025598e-02 -5.25301211e-02  3.76690328e-02
 -2.09256262e-02  2.63434853e-02 -6.62096441e-02 -1.91331189e-02
 -2.31740084e-02 -1.70099717e-02 -8.15443844e-02  1.64568387e-02
  1.09968677e-01 -1.99029297e-02 -2.82176007e-02 -7.98483752e-03
  4.79320064e-02  2.27690153e-02  1.91613063e-02  4.48849127e-02
 -6.90437183e-02 -3.62473167e-02 -1.03991389e-01 -4.85319346e-02
 -3.07885837e-02 -3.25807892e-02  4.01562080e-02  3.47664207e-02
 -5.22833429e-02  1.08020492e-02 -5.18387556e-02  1.63624939e-02
 -1.69005021e-02  1.10491021e-02 -7.17886686e-02 -9.30648670e-02
 -1.72044262e-02 -3.63382814e-03  5.94287030e-02 -1.78655460e-02
 -2.36346163e-02  7.11105093e-02 -3.50606479e-02  2.64434656e-03
 -3.09248306e-02  5.67939412e-03  2.90272268e-03 -4.87163514e-02
 -7.65672559e-03  3.34855057e-02  3.81073467e-02 -2.38957033e-02
  1.06576160e-02  1.12668090e-02 -7.67172724e-02  5.63589893e-02
 -1.91926677e-02  5.84174655e-02 -1.11786043e-02 -1.32637560e-01
  6.42106682e-02 -1.42839337e-02 -1.61865037e-02 -8.93379524e-02
  2.56957170e-02 -4.23345603e-02  3.00276708e-02  1.34513294e-02
  3.10160518e-02 -1.00141363e-02  2.54645701e-02  5.90614788e-02
 -1.75269600e-02 -6.03971854e-02  4.45915349e-02  3.50051895e-02
 -3.46861519e-02 -8.41553882e-03  8.11446086e-02  7.32179591e-03
  9.24113244e-02  1.00516248e-02 -5.24113439e-02  1.53717296e-02
 -1.52308634e-02 -3.94060649e-02  3.18676941e-02 -4.57051583e-02
  2.12752819e-02  5.08620963e-02 -7.48894513e-02 -4.88605984e-02
 -3.21069099e-02 -6.08404800e-02 -2.64437292e-02 -2.38402300e-02
  3.62645872e-02 -1.87609866e-02 -1.48133619e-03 -2.44771149e-02
  2.72504557e-02 -5.33591844e-02  8.53843763e-02  1.62617788e-02
  3.15321237e-02 -1.10989325e-01 -3.25130001e-02  1.62462327e-32
  3.63462120e-02 -2.40701661e-02 -4.00015078e-02 -1.65413115e-02
  1.91210564e-02  2.20792927e-02 -8.84431899e-02 -2.09853891e-02
  4.77119423e-02  1.41352611e-02  3.28983404e-02 -1.45230750e-02
 -3.72916237e-02  2.87145153e-02  7.85364807e-02  1.81491468e-02
  8.75069797e-02 -1.08476647e-03 -9.98838432e-03  1.03078401e-02
 -2.49850005e-02  3.47006172e-02 -1.05036795e-02 -4.06701863e-02
 -3.51377577e-02  8.08825418e-02 -2.11312491e-02 -4.38770801e-02
 -4.90292460e-02  6.69586938e-03  6.37340844e-02 -4.97650616e-02
  1.39784645e-02 -2.99927164e-02 -9.37624350e-02 -6.07589968e-02
  4.87217493e-02 -4.99333031e-02 -2.47602798e-02 -6.63409606e-02
  1.49542568e-02  2.08329558e-02  3.85736562e-02 -1.76321447e-03
  8.82793292e-02 -1.32610248e-02  2.23289207e-02  6.18140353e-03
  6.39548060e-03  4.79678623e-02  1.85678713e-02  2.90228259e-02
 -8.25267807e-02 -4.40916941e-02 -4.96825129e-02  5.14271250e-03
 -4.42439280e-02  8.37689079e-03  3.71356383e-02 -2.39338521e-02
  2.35668439e-02  5.04166707e-02 -5.04094996e-02  3.01551889e-03
 -8.00010040e-02 -6.03003316e-02 -8.55446793e-03  3.15984599e-02
  1.37911096e-01  2.48030871e-02 -1.23707615e-01 -3.04007828e-02
 -9.81925502e-02  2.21780352e-02 -3.08479797e-02 -3.94147970e-02
  8.26669298e-03  2.87818275e-02 -3.31787840e-02  5.73040210e-02
  2.94369515e-02  1.80561393e-02  2.07445007e-02 -1.95934288e-02
  2.85449382e-02 -1.08454796e-02  2.14161482e-02  1.11316331e-01
 -3.77362885e-04  2.25502457e-02  8.81974921e-02  7.59633183e-02
  9.48702637e-03  3.47620286e-02  1.07789457e-01 -1.62303370e-32
  5.92005998e-03 -2.75024064e-02 -5.06217703e-02  2.77644172e-02
 -1.69357061e-02 -1.40071297e-02 -5.75865917e-02 -2.26222891e-02
  5.20296618e-02 -1.81094959e-01 -2.68555731e-02 -9.04159099e-02
  5.72828688e-02 -6.16107807e-02 -7.47060701e-02  1.14480499e-03
 -6.52798563e-02 -4.42943163e-02 -4.25289683e-02 -5.76445237e-02
  2.92096436e-02  4.08774763e-02  5.18112890e-02  2.54011247e-02
  9.66121070e-03 -5.90971485e-02 -2.50808597e-02  5.45560047e-02
 -5.83490990e-02  1.96300671e-02 -3.19563001e-02  1.03391176e-02
  9.99769662e-03  1.19547881e-01 -3.04795261e-02 -9.21410918e-02
  7.25969300e-02 -1.11657333e-04 -4.19296883e-02  3.72833051e-02
  6.34508580e-02  1.01230659e-01 -1.14884907e-02 -3.86884771e-02
 -4.02084105e-02  6.63805902e-02 -8.36758222e-03 -8.85097608e-02
 -2.12717541e-02 -7.57486075e-02  1.04409702e-01 -1.70108136e-02
 -3.87498550e-02 -3.42505723e-02  1.00068003e-01 -7.51457596e-03
  1.99739896e-02 -5.55931441e-02 -1.07675605e-02  2.36478858e-02
 -1.09749082e-02  9.10081565e-02 -7.63865858e-02 -1.90727767e-02
  1.14359751e-01 -9.59184114e-03 -8.17655586e-03  5.66400699e-02
  3.88172343e-02 -2.49739885e-02  4.02695946e-02 -7.63326213e-02
 -7.89395496e-02 -5.49775027e-02  5.65153956e-02 -1.68719143e-02
 -3.98644321e-02 -5.18707670e-02 -6.63477089e-03  1.85932666e-02
 -1.04533300e-01 -5.21396473e-02 -2.52196994e-02 -2.33354922e-02
 -7.85901323e-02  7.26774335e-02 -2.62073148e-02  3.21295671e-02
  2.16561612e-02  5.06253839e-02 -4.72846292e-02  7.11971372e-02
  8.43263194e-02 -7.47678103e-03 -5.62595390e-02 -6.50419238e-08
  3.68959159e-02 -2.56910846e-02  4.80971411e-02  5.23732938e-02
  8.84912014e-02 -5.87192178e-02  2.61157583e-02  2.60919146e-02
  4.69932053e-03  6.26045000e-03 -1.22004142e-02 -2.63526905e-02
 -6.72274232e-02 -2.95931809e-02 -1.91930756e-02 -5.46357073e-02
  6.07949905e-02  5.09517714e-02  5.02130948e-03  5.81107801e-03
  7.45778233e-02  1.70682110e-02 -9.04936194e-02 -7.89422356e-03
  6.20876513e-02 -3.83186340e-02  1.95444487e-02  2.20761206e-02
 -5.27300835e-02  8.83874670e-02  1.77169195e-03 -7.96483364e-03
  5.49418777e-02  4.31283470e-03 -6.45669028e-02 -7.44627044e-02
  1.12330027e-01  5.00520207e-02 -6.94529116e-02  1.49408486e-02
  1.46646753e-01 -7.91186616e-02 -4.30859886e-02 -5.36971986e-02
 -5.12855202e-02 -9.86344647e-04  2.97768433e-02  1.53257297e-02
  1.38768321e-02 -5.74463382e-02 -1.18812071e-02  8.55061263e-02
  8.67176130e-02 -1.33602424e-02 -4.98635247e-02 -3.50591093e-02
  5.20431735e-02  4.67921011e-02 -8.92785471e-03 -6.09644316e-02
  1.24029100e-01  4.90637384e-02  3.97131741e-02 -5.80575652e-02]