[-3.44811263e-03  6.52352395e-03  1.35115851e-02 -3.87609266e-02
 -3.98475826e-02 -2.87722368e-02  4.43701185e-02  9.97299775e-02
  6.48182482e-02  7.22151920e-02  1.04132921e-01 -5.68995290e-02
  4.14189510e-02  2.23713685e-02  2.73369532e-02 -1.86953209e-02
  3.42686288e-02 -2.07643863e-02 -9.09398869e-02  5.05953133e-02
  9.64039490e-02 -1.82691887e-02 -2.57432964e-02 -1.27416346e-02
 -1.27493218e-02 -2.41914634e-02 -2.88464930e-02  1.09404055e-02
  5.60467038e-03 -7.49190301e-02 -4.27272432e-02  7.05804974e-02
  1.06250718e-01 -3.45479622e-02  1.10381991e-02 -2.02992558e-02
  2.03839168e-02 -7.54819959e-02 -5.17986622e-03  4.72707599e-02
 -8.84717777e-02 -4.11383435e-02 -1.29182069e-02 -2.80731171e-02
 -3.14322039e-02 -2.58644838e-02 -7.63003305e-02  1.55199049e-02
 -4.57510166e-03  7.53359636e-03 -7.76013508e-02  5.15565686e-02
 -7.58256391e-02 -1.35093648e-02  6.39115693e-03 -7.37658963e-02
 -6.51837215e-02 -2.13941466e-03  5.14480025e-02 -2.58222595e-02
 -4.74277772e-02  2.66552065e-02 -5.91462776e-02  3.65967117e-02
  9.79412794e-02  1.74720623e-02  1.44746564e-02 -3.41956802e-02
 -1.08185850e-01  7.79377818e-02  5.68725914e-02 -4.21620719e-02
  2.13141646e-02  4.35396694e-02  1.86902359e-02 -1.76389534e-02
  3.81334499e-02  3.44676003e-02 -1.13396235e-02 -3.18344496e-02
  8.73862766e-03 -9.94970836e-03 -4.65116091e-02 -4.03902754e-02
 -1.21148571e-03 -8.23698565e-02  3.79944555e-02  1.24356977e-03
  4.19043861e-02 -5.73824439e-03  4.26918902e-02  3.34498771e-02
 -7.48470798e-02  7.46679679e-03  5.03749698e-02  4.59978953e-02
 -7.35098869e-03  6.30954804e-04  3.87417935e-02  9.34252236e-03
  4.75300103e-02  1.85602065e-02 -4.78831790e-02 -4.37716991e-02
 -9.45564285e-02 -8.11948404e-02 -3.16701531e-02  4.43357117e-02
  2.50276681e-02  6.54164031e-02 -7.94332549e-02 -5.54042831e-02
 -8.69940296e-02 -7.50566274e-02 -4.27248478e-02 -5.31188883e-02
  3.04980576e-02  5.88418730e-03  9.63946506e-02 -5.35033345e-02
  1.43490303e-02 -2.23626439e-02  4.14725542e-02 -1.79202985e-02
 -2.84908377e-02 -6.54246062e-02  5.88838682e-02  1.28712091e-32
 -7.40491226e-02 -8.58277157e-02 -5.71260490e-02 -1.06765991e-02
 -4.80385087e-02  2.26811096e-02 -5.74101917e-02  7.51917288e-02
  1.55749042e-02 -3.84915737e-03 -1.08854473e-01  7.88253248e-02
 -1.01549730e-01  3.08811981e-02  7.14365467e-02 -1.91573128e-02
  2.84659322e-02  4.23757881e-02  1.57465786e-03 -4.15812582e-02
 -7.08668381e-02  7.75093213e-03  3.58621962e-02 -4.39773761e-02
 -9.99725610e-03  5.51629998e-02  1.15033165e-02 -3.10316216e-02
 -5.05264103e-02  1.72467437e-02  6.32533282e-02 -2.90158838e-02
  8.70778318e-03 -8.35202113e-02 -6.02231510e-02  3.82973626e-02
  7.83768017e-03  3.88863981e-02  2.99573764e-02  8.88048392e-03
 -9.67088938e-02  7.59257153e-02  3.35803218e-02  2.30327006e-02
  2.09719175e-03 -2.64967941e-02  3.42649706e-02 -5.55937514e-02
  7.78092891e-02  9.47793275e-02 -5.70218004e-02 -5.17475940e-02
  3.10229715e-02 -1.51113244e-02 -4.13844138e-02  6.64093494e-02
 -6.30446002e-02  4.76557910e-02 -3.34814154e-02 -3.83206978e-02
  5.33584366e-03  4.27840538e-02  1.96430422e-02 -1.48367044e-02
  1.92832656e-03  7.35278521e-03  1.24450317e-02 -1.52144935e-02
  8.79956484e-02  1.51832658e-03 -4.47776876e-02 -7.18067661e-02
 -2.45326478e-02  4.37612943e-02  3.93158160e-02 -3.74593623e-02
  7.11981505e-02  4.99745943e-02  9.09296982e-03 -1.54140010e-03
 -6.47433400e-02 -5.48261516e-02 -1.68784820e-02 -3.58418673e-02
  3.04381717e-02  1.05020173e-01  7.41159692e-02 -4.40877490e-03
  1.52383456e-02  6.06136099e-02 -2.54047886e-02  8.43912289e-02
 -3.76250967e-02  2.68288911e-03  6.51724860e-02 -1.47834769e-32
 -2.21779868e-02  4.27304320e-02 -3.59010324e-02  6.18127286e-02
 -1.56172374e-02  6.98457146e-03  2.62065772e-02 -9.45115462e-02
  8.48653987e-02 -3.77840623e-02 -2.62055881e-02 -5.36262989e-02
 -6.99238759e-03 -5.40099293e-02 -1.22332022e-01  3.64414640e-02
 -3.68742272e-02 -2.62593199e-02 -3.19506563e-02  4.35360931e-02
 -8.47079605e-02  1.11308634e-01  3.30039412e-02  4.28398252e-02
  1.08756386e-02 -3.57346497e-02 -4.88859043e-02  5.14147896e-03
 -3.23629715e-02 -3.52453366e-02  3.24611254e-02 -5.11787646e-02
  9.83950589e-03  7.83647448e-02 -7.52254575e-02 -9.68916342e-03
  7.07572401e-02 -2.07733605e-02 -6.67159930e-02  1.19852819e-01
  1.50349690e-03  9.82719436e-02  1.88195668e-02 -6.89832792e-02
 -5.29719889e-02 -2.23310404e-02  6.86288327e-02 -1.23037383e-01
  4.20106947e-02 -1.06727727e-01  1.03845946e-01  2.18610000e-02
 -8.81108176e-03  2.09146049e-02 -5.13178343e-03 -3.31439334e-03
 -2.81326063e-02 -8.85638222e-02 -1.00905649e-01  4.58667381e-03
  7.38255978e-02  6.64798468e-02  6.94326183e-04 -1.22901134e-01
  9.19676796e-02  1.42246466e-02 -1.43279098e-02 -1.50925042e-02
 -2.74612941e-02 -5.73445261e-02  1.02977306e-01 -3.88642401e-02
 -1.79179069e-02 -6.69439286e-02 -1.21327974e-02 -4.59225252e-02
 -3.80014218e-02  2.94139497e-02  2.70230286e-02 -4.76443581e-02
 -3.76298167e-02  2.32209228e-02 -8.75287279e-02 -8.99561644e-02
 -1.62227377e-01  2.69187000e-02  3.07279956e-02 -2.66058818e-02
 -6.85775504e-02  6.47529289e-02 -4.00126241e-02  4.95939925e-02
  3.65167409e-02  4.19570915e-02 -7.08214194e-02 -6.25946726e-08
  2.43082573e-03 -5.21523431e-02  2.64472305e-03  3.32291350e-02
  8.89568590e-04  4.76444792e-03 -5.50729781e-03 -3.26722600e-02
 -1.36866411e-02 -3.94309759e-02  3.35556865e-02  1.60735641e-02
 -8.14138949e-02  2.79939789e-02 -7.40855783e-02 -2.59203389e-02
 -1.50371986e-02  6.37406334e-02 -3.74584198e-02 -1.76514301e-03
  7.52029344e-02  2.95902696e-02 -4.31595258e-02 -8.15747008e-02
  5.06660752e-02  5.98200075e-02  1.92543340e-03  1.64050069e-02
  3.31740547e-03  2.58270893e-02 -5.74718229e-02 -3.00580822e-02
 -1.14282593e-02 -7.13240802e-02  1.80365015e-02  1.66258961e-02
 -6.93611708e-03  2.46702554e-03 -6.80095479e-02  6.68522194e-02
  4.51528654e-02 -9.69776977e-03 -4.87013794e-02  2.05976330e-02
  3.40763964e-02 -5.14506884e-02 -3.57880555e-02  8.56408104e-02
 -1.47840921e-02 -1.09124463e-02  4.57577519e-02 -5.33814058e-02
  9.78311058e-03  1.77114997e-02 -2.61719208e-02 -4.11343984e-02
  3.63129228e-02  7.84914792e-02 -3.47524732e-02  2.45036911e-02
  1.22076087e-01  6.08358458e-02  3.93296219e-02 -7.15116132e-03]