[-3.28512192e-02  5.92280701e-02 -4.52615656e-02 -1.41627118e-01
 -6.73405975e-02  1.32043920e-02 -1.73436478e-03  9.93409082e-02
  3.75450216e-02  6.77437559e-02  6.81827739e-02 -2.50265449e-02
 -1.40763400e-02 -4.32959087e-02  4.68962751e-02 -6.14848435e-02
  5.36226667e-02 -1.27494102e-03  3.11654378e-02  3.13487053e-02
  1.09988168e-01 -2.61209551e-02 -9.69324633e-02  2.45523057e-03
 -6.19546175e-02  2.14868020e-02 -5.67212068e-02  3.16842906e-02
 -2.40990762e-02 -3.47114578e-02 -4.49218862e-02  6.23292811e-02
 -7.59489611e-02 -9.77584254e-03  2.64926665e-02 -4.02438454e-02
 -5.23529714e-03 -3.57432738e-02 -8.10366217e-03  6.25271574e-02
  3.76685220e-03 -7.34069273e-02 -8.30191821e-02 -7.24555328e-02
  2.76540667e-02 -2.85360012e-02 -1.68592669e-02  4.36459146e-02
 -1.44746564e-02  3.34248543e-02 -7.05380663e-02 -3.20169553e-02
 -5.21991542e-03  6.83026761e-02 -3.59433107e-02 -4.20034416e-02
  2.74923183e-02  1.12873027e-02 -1.20691664e-03 -1.93088260e-02
 -6.75662383e-02  5.39787635e-02 -4.40447666e-02 -9.98188742e-03
  4.69950661e-02 -3.94132324e-02  1.81036927e-02 -4.28350531e-02
 -1.15477340e-02  4.33293954e-02  1.40626607e-02 -6.82179928e-02
 -2.29978133e-02 -6.32314011e-03 -2.49247104e-02  5.29214591e-02
 -2.85163987e-03  8.80215392e-02  1.33482541e-03 -1.84193298e-01
  4.18422967e-02  3.00251506e-02  7.52502820e-03 -6.72332272e-02
 -1.61342788e-02 -5.20172231e-02 -3.24114179e-03  5.84118105e-02
  6.40341118e-02 -4.22028378e-02  7.67926574e-02  5.43457605e-02
  1.38440216e-02 -3.44108567e-02  4.48787473e-02  7.00724823e-03
 -7.09444564e-03  2.52713561e-02  9.66954231e-02  2.99998885e-03
  9.10876244e-02  6.92317635e-02 -8.02811310e-02  1.79916713e-02
 -3.99188586e-02  5.00385277e-02 -1.43119516e-02 -3.65847312e-02
  5.17832749e-02  3.46031785e-02 -5.60699180e-02 -1.12934560e-02
 -8.43210984e-03 -6.67759329e-02 -3.53556350e-02  3.30499187e-02
 -8.49846676e-02 -2.02539638e-02  5.51064871e-02 -2.09729429e-02
  5.83888888e-02 -2.21015308e-02  5.75453695e-03 -1.96888708e-02
  3.35424021e-02 -1.51833883e-02  6.56440202e-03  1.14890460e-32
 -3.68602318e-03 -2.44022068e-02 -5.73838176e-03 -9.14750434e-03
 -8.41549784e-02  4.46793474e-02 -6.57892898e-02  3.61311138e-02
 -6.32124301e-03  3.46236490e-02 -1.22062005e-01 -3.24439779e-02
 -8.13975278e-03 -4.64126989e-02  6.19450845e-02  3.84446792e-02
  5.55795655e-02 -6.25014398e-03  1.48425922e-02  1.58663727e-02
  1.44790234e-02 -1.62886605e-02  2.02202355e-03  1.62205696e-02
  1.78547006e-03  9.72458273e-02 -9.73324031e-02 -3.13099101e-02
 -6.33157417e-02  3.32657620e-02  2.91013326e-02 -2.52417773e-02
  3.83365788e-02  3.32108214e-02 -1.84163060e-02 -3.79340127e-02
 -2.34626476e-02 -6.40687649e-04 -1.03243394e-02 -2.94658914e-03
 -1.14145994e-01 -2.44014338e-03  5.04297353e-02  4.04947251e-02
  4.21763621e-02 -7.61065260e-02  6.51026443e-02 -6.86840639e-02
  1.02307081e-01  6.13075234e-02 -3.10043972e-02 -4.37160721e-03
 -2.60969475e-02 -5.34947813e-02  2.39596772e-03 -4.86738980e-04
 -9.18352976e-02  3.20357084e-02 -3.75614651e-02 -6.10344869e-04
  1.00806709e-02  1.92001630e-02 -4.29310203e-02  2.00425014e-02
 -8.88039693e-02 -7.23130489e-03 -4.08534370e-02 -3.99109945e-02
  1.49260655e-01  6.95172846e-02 -1.11526042e-01  9.75606497e-03
  3.72836627e-02  4.29633036e-02  8.67959559e-02 -4.61883657e-02
  1.00911647e-01 -1.57105196e-02 -1.89714190e-02  1.57373725e-03
 -6.10205382e-02  1.56331677e-02  7.14502938e-04 -9.78211872e-03
  4.25555035e-02 -5.53960260e-03  4.28060405e-02 -5.86161017e-03
 -2.44598202e-02  7.12423250e-02  9.23375338e-02  4.83906902e-02
 -3.76223549e-02  5.45200221e-02  5.65847941e-02 -1.19713689e-32
  3.06696072e-02  1.91898923e-02 -8.76945928e-02 -1.27735119e-02
 -1.59094185e-02 -1.04061272e-02  7.21212626e-02 -2.96329502e-02
 -5.57566434e-02 -9.81832594e-02  3.11018955e-02 -5.97224943e-02
  8.14101323e-02 -1.13556879e-02 -4.75342572e-02  5.47719970e-02
 -6.47502169e-02 -1.24737648e-02 -4.00929973e-02  2.86890883e-02
  1.03019901e-01  9.71983820e-02  2.63111312e-02 -1.81389600e-02
  9.24280612e-04 -6.47050291e-02 -4.50541871e-03 -5.34767359e-02
 -1.96946654e-02  1.61721651e-02 -1.47677190e-03  1.28028607e-02
 -1.93492863e-02  7.84896314e-02  1.42855952e-02 -7.55890682e-02
  1.12837620e-01 -6.96941242e-02  9.32297762e-03  7.54145011e-02
  1.93401072e-02  1.16803937e-01  3.26960348e-02 -2.12959349e-02
 -4.30859365e-02  2.31354404e-02 -5.53551018e-02 -8.46738815e-02
  1.58798620e-02 -1.10662669e-01  7.70657286e-02 -4.90345843e-02
  1.03841787e-02  1.19093461e-02  8.45981166e-02 -4.37619537e-02
 -4.96975007e-03 -6.88096657e-02 -9.45834219e-02  4.40964587e-02
  5.88576086e-02  3.73069346e-02 -3.13504860e-02 -4.21317294e-02
  1.38299286e-01  3.33971530e-02 -1.81702022e-02  2.28071641e-02
  1.40908286e-02  4.30101156e-02  3.65495831e-02 -6.85016662e-02
 -1.05921336e-01 -7.27147609e-02  1.79450214e-02 -1.01917744e-01
 -3.55684981e-02  2.40630427e-04 -3.58696617e-02  3.15738991e-02
 -6.83441758e-02  5.03771007e-02  3.71645787e-03  1.21862802e-03
 -2.67470200e-02  2.56344415e-02 -2.71165296e-02  4.90772910e-02
 -1.72572564e-02  4.06035595e-02 -2.85734516e-02  1.38059137e-02
  3.57723199e-02  3.81087698e-02  7.47774169e-03 -6.58330137e-08
  4.54400219e-02 -5.08681573e-02 -1.53648830e-03  2.53794212e-02
 -5.70225809e-03 -2.32217219e-02 -3.76880430e-02 -3.49099003e-02
 -3.16350684e-02  4.05451618e-02  4.94430922e-02 -2.62114424e-02
 -6.81236014e-02 -3.65812965e-02  2.72746962e-02 -2.06488110e-02
  6.91820085e-02  6.06146865e-02 -5.03324419e-02 -7.58566856e-02
  7.45326653e-02  1.75113697e-02 -8.09372142e-02 -3.71147096e-02
  6.21019769e-03  9.86115076e-03  2.08676998e-02  2.60290857e-02
 -4.86739399e-03 -3.14369388e-02 -4.21083085e-02 -3.41377072e-02
 -9.72353795e-04 -8.47399682e-02 -4.27634344e-02 -2.15319134e-02
  3.94660346e-02  7.31877089e-02  1.84428897e-02  1.25762383e-02
  7.80032501e-02 -2.33163591e-03 -1.12442620e-01 -1.70765579e-05
  6.57478198e-02 -2.38088854e-02 -4.21453267e-03 -1.25716217e-02
 -6.61037210e-03 -4.02045697e-02 -3.69648114e-02 -4.78265574e-03
  6.74179196e-02  3.95273753e-02  3.76036651e-02 -3.85328680e-02
  1.86321475e-02 -9.59395804e-03 -6.68413043e-02 -2.78430693e-02
  1.64159000e-01  7.81161711e-02  1.97447091e-02 -7.63184354e-02]