[-2.44379099e-02  6.27972931e-02 -3.59725170e-02 -7.01309368e-02
 -5.53731322e-02 -3.00627667e-02  7.07613444e-03  8.22619870e-02
  2.08737124e-02  4.53741029e-02  1.12998992e-01 -3.83844450e-02
 -4.95247394e-02 -6.07686909e-03  3.61866541e-02 -6.07686862e-03
 -3.13562229e-02  2.99541443e-03 -4.54920717e-02  6.28848970e-02
  1.36886597e-01  1.70309632e-03 -6.98580518e-02  6.93461597e-02
 -5.44634908e-02  4.52405848e-02  9.10325814e-03  1.13496953e-03
 -4.51648682e-02 -6.47308081e-02 -3.63457203e-03  4.86922525e-02
  1.02070116e-01 -4.85002249e-02 -9.94037092e-03 -5.92220724e-02
  1.26824647e-01 -4.76405285e-02 -2.92996764e-02  8.10996443e-02
 -8.76712799e-02 -2.30863672e-02 -4.66925576e-02 -6.26776293e-02
 -2.75844857e-02 -3.49625759e-02  6.58600554e-02  3.74969654e-02
 -2.57918835e-02  4.92376322e-03  3.79672348e-02  4.81522717e-02
 -3.89248924e-03  3.53510268e-02  5.51328994e-03 -6.83119372e-02
 -2.28046831e-02  1.41442819e-02 -1.97592122e-03  8.88903588e-02
 -9.36790183e-02  5.39693460e-02 -1.24177160e-02  2.03831252e-02
  1.81762259e-02 -3.11195515e-02  1.84567720e-02 -2.15738583e-02
 -1.09491989e-01  1.02956602e-02  1.23981033e-02 -8.34785178e-02
  5.29193506e-03 -3.53455096e-02  1.74406096e-02  2.78973263e-02
 -3.74109857e-02  2.66635604e-02 -1.19943963e-03 -1.84357181e-01
  4.21123905e-03  1.95886698e-02  1.49362292e-02 -7.86551461e-02
 -3.64116430e-02 -4.20264639e-02  1.47388987e-02  5.12016527e-02
 -2.18061619e-02  3.92491370e-02  4.45955843e-02  5.56998849e-02
 -3.16481926e-02 -1.75733157e-02 -1.24783628e-02  3.61124277e-02
  4.38662060e-02 -1.50179453e-02  8.54489580e-02 -2.97883656e-02
  7.75164217e-02  8.19497854e-02 -7.27110282e-02  5.53797372e-02
 -4.94746938e-02  3.03390976e-02  6.18635025e-03 -1.39957378e-02
  3.58129367e-02  7.70754442e-02 -9.88621339e-02 -2.39597522e-02
 -1.21871173e-01 -7.68781155e-02 -7.21849650e-02 -3.74154150e-02
 -9.65654403e-02 -2.12495029e-02  4.28700522e-02 -5.95862195e-02
 -4.07066345e-02 -8.17982629e-02  5.53841069e-02  9.79289692e-03
  2.22314093e-02 -9.83824581e-03  6.57683611e-02  1.08055224e-32
 -6.68827593e-02 -2.47122580e-03 -2.78342254e-02 -1.16112288e-02
 -2.06714068e-02  2.66391062e-03 -4.18736637e-02  4.75776941e-02
  3.00546326e-02  3.04394700e-02 -4.14983705e-02  5.00010476e-02
 -1.04684299e-02 -1.86384693e-02  1.23772979e-01 -1.82264801e-02
 -1.29855191e-02 -3.48543352e-03  4.82328013e-02  3.09720598e-02
  1.79753155e-02  1.84205640e-02  6.88119384e-04 -3.40825249e-03
  7.28611127e-02  1.28172874e-01 -5.93413599e-02  3.04416548e-02
  3.70299257e-02  2.39801165e-02  9.73186120e-02 -5.03494330e-02
  2.38642637e-02 -2.49452014e-02 -3.09638400e-02 -3.47042968e-03
  2.94951256e-02  4.69277129e-02 -5.76132685e-02 -3.03020123e-02
  4.94879577e-03 -5.34022264e-02  1.64271202e-02  6.85961172e-02
  2.52346527e-02 -2.79359682e-03  7.97790438e-02 -6.11783974e-02
  5.65759838e-02  4.77170236e-02 -5.17530553e-02 -1.92178227e-02
  3.51586984e-03 -6.25388324e-02  4.29741144e-02 -7.77156353e-02
 -1.05225049e-01 -3.62842456e-02 -6.69384468e-03 -7.18305260e-02
 -1.94448568e-02  4.06125151e-02  2.50050779e-02 -4.36889008e-02
 -5.80063798e-02 -6.80597648e-02  3.05157602e-02 -2.03278698e-02
  1.16306692e-01 -9.91441659e-04 -5.12652695e-02  3.35884430e-02
 -4.74556796e-02  4.24419008e-02  6.06310647e-03  3.84430885e-02
  1.07916603e-02 -4.94844979e-04 -5.88247553e-02  3.82370688e-02
  3.25180218e-02 -2.97025535e-02  2.74078473e-02 -8.43643583e-03
  6.01202063e-02  4.39135395e-02  4.79926504e-02  4.35700789e-02
  4.54703998e-03  9.12429616e-02  7.24805752e-03  8.95012990e-02
 -6.93791732e-03  1.98809914e-02  1.07197128e-01 -1.31556699e-32
  3.22492123e-02  2.36416478e-02 -1.48080429e-02 -2.21724552e-03
 -5.45213632e-02 -2.57300492e-03  5.68532161e-02 -9.63799935e-03
 -5.11004962e-03 -1.44483894e-01 -9.76742953e-02 -4.88050953e-02
  7.11668059e-02 -4.17066067e-02 -2.08326671e-02  2.01047733e-02
 -1.03982009e-01 -7.67506957e-02 -1.74526237e-02 -4.72893640e-02
 -5.75108156e-02  7.51157328e-02 -4.88293581e-02  2.27134186e-03
  1.10513549e-02 -3.70908342e-02 -7.66459554e-02 -5.61828017e-02
  4.01273742e-03 -4.59544780e-03  5.47978505e-02 -4.53108549e-02
  4.69161496e-02  1.33373201e-01 -5.21741956e-02 -4.76064272e-02
  3.25856842e-02  2.37761401e-02 -4.97445166e-02  6.01601936e-02
 -1.13828154e-02  9.98299867e-02 -1.96348615e-02 -1.66623034e-02
 -2.58883704e-02 -6.32786471e-03 -9.05642461e-04 -1.00105003e-01
  1.37842959e-02  3.07610084e-04  1.03908524e-01 -2.57579219e-02
 -9.04555321e-02 -5.95244840e-02  9.75078493e-02  3.30773392e-03
  5.82801886e-02 -4.18014936e-02 -6.24290816e-02 -2.39052121e-02
  3.55420224e-02  4.37096059e-02  1.47236632e-02 -1.28244422e-02
  1.30180381e-02 -3.21778208e-02  3.63653488e-02 -2.50134300e-02
  3.25498655e-02 -2.80934237e-02  4.15955409e-02 -7.93091878e-02
 -7.98684582e-02 -3.25549543e-02  1.38518829e-02 -1.90579146e-02
  2.95097264e-03  4.60210592e-02 -4.43700291e-02  3.79666314e-02
 -8.21800008e-02 -2.48413980e-02 -1.98405958e-03 -3.26098166e-02
 -9.36460868e-02  9.37677547e-03  6.39806837e-02  2.49179802e-03
 -4.31816168e-02  4.24536951e-02 -3.12104486e-02  1.56315509e-02
 -7.89566711e-03  2.73529515e-02 -8.21009129e-02 -5.66309950e-08
  2.22355220e-02 -9.63461548e-02  6.89008087e-02 -2.11053751e-02
  3.60796228e-02 -3.94817814e-02  3.16933133e-02  5.81270531e-02
 -8.02605040e-03  2.71818638e-02  7.71201923e-02 -2.69502215e-02
 -1.21514827e-01  5.36756963e-03  4.47436720e-02 -5.65904640e-02
  6.87934682e-02  4.97754104e-02 -1.71636697e-02 -5.37505560e-02
  1.77402459e-02  5.60728787e-03 -7.00032637e-02 -3.78547534e-02
  5.91924042e-02 -2.99632493e-02 -2.93779485e-02  1.38688376e-02
  1.86130125e-02 -1.82876866e-02 -1.73086976e-03  2.51411051e-02
  1.20507115e-02 -6.27509058e-02 -1.42254913e-02 -6.05683699e-02
  5.04834838e-02  3.79905626e-02 -2.19621472e-02 -5.68296574e-03
  1.02415659e-01 -9.92932543e-02 -6.86564744e-02 -3.04329935e-02
  4.19149771e-02 -7.68203987e-03 -2.13974360e-02  7.65249319e-03
 -6.28682598e-03  1.27572417e-02 -7.74380937e-02 -7.21207075e-03
  4.56684940e-02  1.29929744e-02  3.13345157e-02 -5.65000661e-02
 -2.21417882e-02 -9.14385077e-03 -3.21971923e-02 -1.39087634e-02
  2.89550833e-02  6.65277764e-02 -1.66299641e-02 -6.74636215e-02]