[-2.81564258e-02  1.11085370e-01 -1.12429308e-02 -7.63856843e-02
 -3.45924720e-02 -2.01275218e-02  5.09656705e-02  1.80365313e-02
 -9.43076611e-03  6.90184236e-02  9.15839523e-02 -2.70882547e-02
  6.71220943e-02  1.56934019e-02  4.27532159e-02 -8.24080110e-02
  6.07412867e-02  5.38845174e-02 -5.90315163e-02  2.53379699e-02
  1.62340343e-01 -3.12413387e-02 -1.55574102e-02  9.78446454e-02
 -1.08758837e-01 -1.77265459e-03 -3.94361913e-02 -1.23858210e-02
 -1.07540645e-01 -1.26017658e-02 -7.42221922e-02  2.62098070e-02
  9.44929197e-02  1.20637119e-02 -6.86812215e-03 -6.84194639e-02
  3.56587917e-02 -6.36090711e-02 -1.36235338e-02  1.01995975e-01
 -1.05814412e-01 -3.10010090e-02 -9.32827890e-02 -1.12643568e-02
 -1.77766364e-02  3.73288132e-02  4.55079861e-02  3.77140865e-02
 -4.71363254e-02  1.53099792e-03  9.83202271e-03  2.95679201e-03
 -5.73215671e-02  5.76791838e-02 -6.44946063e-04 -6.33679256e-02
 -1.70665197e-02 -6.00331509e-03 -4.29058773e-03  1.41990222e-02
 -9.58746485e-03  1.37723768e-02 -7.23001435e-02  3.17830294e-02
 -7.19623361e-03 -2.59530246e-02  2.24199854e-02 -6.73686794e-04
 -2.70459019e-02  6.33850992e-02  3.95098999e-02 -2.83870287e-02
  2.85120551e-02  4.60313931e-02 -3.86532657e-02  7.46631548e-02
  2.22978764e-03  3.23159024e-02 -6.12825602e-02 -2.62260765e-01
  3.15684527e-02 -3.01700109e-03  2.10271366e-02 -2.19445769e-02
  3.55821587e-02 -3.79966795e-02 -3.37508768e-02  5.25670052e-02
  6.66906685e-02  9.94722825e-03  9.59425513e-03  1.66720599e-02
 -8.12685788e-02 -6.28566444e-02  2.62768138e-02 -1.66555904e-02
 -1.49268238e-02  5.51471002e-02  2.58591305e-02 -1.80852413e-02
  6.35707453e-02 -2.96088941e-02  2.01908536e-02  4.37125452e-02
 -8.54139030e-03  4.65808017e-03 -2.15512030e-02 -8.69633555e-02
  2.58637015e-02  1.03059694e-01 -3.96058895e-02 -3.81594375e-02
 -4.39670011e-02 -6.31151721e-02 -5.66089638e-02  4.32233177e-02
 -3.98358144e-02  1.27025833e-02  3.66316712e-03  1.03496071e-02
  5.13067357e-02 -3.30496728e-02  1.76177975e-02 -2.32873894e-02
 -2.38061207e-03 -4.05639596e-02  6.90363795e-02  8.03402120e-33
 -1.28427912e-02 -2.12199818e-02  1.66822840e-02  4.31172289e-02
  2.43784245e-02  5.05939312e-02 -3.06151882e-02  1.38226161e-02
  9.40937474e-02  3.55322249e-02 -6.67317063e-02  7.89378807e-02
 -7.19088176e-03  3.12477387e-02  1.27533406e-01  8.06270726e-03
  2.52396949e-02  5.81169091e-02  2.07802542e-02  4.40387391e-02
  2.51232777e-02  1.35219796e-02  1.98711418e-02 -7.55981356e-03
  4.33417829e-03  6.07885122e-02 -6.55535534e-02 -3.43483090e-02
 -1.00357607e-01  6.98907003e-02  4.67860736e-02  5.94899524e-03
  5.08769676e-02 -2.26027742e-02 -5.79615347e-02 -4.12895828e-02
  1.33403810e-02  8.77596159e-03 -1.18353730e-02 -5.40308133e-02
 -4.31139283e-02 -3.78546864e-02  3.90900709e-02  2.35680118e-02
  5.93513250e-02 -2.86690071e-02  3.55341733e-02  3.37085947e-02
  9.56687182e-02  3.26084718e-02  1.46922329e-02 -2.86392082e-04
 -1.47018768e-02 -1.46014944e-01  8.26075487e-03 -6.73040422e-03
 -6.49266019e-02  6.78625703e-02 -4.10971120e-02 -4.04759385e-02
 -5.26048578e-02  3.10750958e-02 -2.36600172e-03  1.24480091e-02
 -4.00193036e-02 -5.29594440e-03 -7.65792802e-02  3.22362222e-02
  9.53640267e-02 -4.77540400e-03 -5.97760640e-02  3.91499838e-03
 -8.62204209e-02  7.38570914e-02 -4.10724292e-03  4.83639538e-02
  1.00229129e-01 -1.40406573e-02 -5.38936667e-02 -1.87426824e-02
 -5.12343794e-02 -1.90204456e-02 -2.22907271e-02 -3.26641575e-02
  3.86060737e-02  8.18566754e-02  8.50683302e-02  8.61679912e-02
  3.00274137e-02  6.14135377e-02  5.98581992e-02  3.83128040e-02
 -1.40903154e-02  1.81477014e-02  6.05707355e-02 -1.12855267e-32
 -6.47442183e-03  9.97848287e-02 -4.43252549e-02 -1.34421103e-02
 -1.45817343e-02  1.46971550e-02 -1.43987192e-02 -2.78712790e-02
 -8.20234269e-02 -1.15699634e-01 -5.93920127e-02 -9.11477059e-02
 -1.24812755e-03 -4.37324531e-02 -4.40843254e-02 -1.25648417e-02
 -6.31972849e-02  3.64453322e-03 -8.18522945e-02 -3.45433876e-03
  7.08723068e-02 -3.54695041e-03 -7.09632225e-03 -1.10627711e-02
  3.21082596e-04 -4.57017124e-02 -8.96090046e-02 -7.54809752e-03
 -1.73384231e-02  3.24206725e-02  2.59678382e-02  1.09231891e-02
  7.81817944e-05  6.12034015e-02 -1.84854353e-03 -4.87117320e-02
  1.95711665e-02  3.78430374e-02 -3.58525738e-02  5.98056167e-02
 -1.22311339e-02  3.75201218e-02  6.21891133e-02 -2.58681341e-03
 -5.08871488e-02 -1.00829080e-01 -1.98708270e-02 -1.37148112e-01
  2.64795707e-03 -3.67956460e-02  8.11950937e-02 -4.25116122e-02
 -4.96132001e-02 -4.85620536e-02  9.65395570e-03  1.36354156e-02
 -1.18364148e-01 -1.71645992e-02 -4.84582856e-02  6.49787262e-02
  7.47925416e-02  2.99194325e-02 -2.79578790e-02 -1.65270213e-02
  4.02261093e-02 -1.10318568e-02 -3.03515680e-02  6.24117181e-02
  3.24348174e-02  1.16457734e-02  5.09842485e-02 -1.15545698e-01
 -9.88473892e-02 -5.36810756e-02 -8.19380675e-03 -6.15245067e-02
  2.45200582e-02  8.24330561e-03 -8.69575292e-02  1.09658733e-01
 -7.44890720e-02  4.01133345e-03 -5.30943982e-02  2.55050901e-02
 -4.15407047e-02 -6.81674993e-03 -2.35483982e-02  3.93327512e-03
 -7.11641274e-04  1.48648322e-02 -2.49452759e-02  3.71603668e-02
  1.26326699e-02  2.09911317e-02 -1.69964004e-02 -6.09405646e-08
 -3.19381035e-03 -1.99271571e-02  8.26223940e-02  4.35614474e-02
  2.99905632e-02 -5.85887320e-02 -3.07445489e-02 -1.46675734e-02
  1.21649392e-02 -2.03309804e-02  4.24120836e-02  2.69189440e-02
 -2.46691108e-02  1.07519180e-02  4.22090432e-03 -4.67584208e-02
  2.31821369e-02  3.27778496e-02 -7.34413713e-02 -5.06974161e-02
  3.39953117e-02 -3.81541066e-02 -1.14565864e-01 -1.84092019e-02
 -1.39268180e-02  4.29009274e-03 -4.08271551e-02  1.93299521e-02
  1.05328523e-02  1.12891220e-01 -1.21528627e-02 -6.57411516e-02
  2.01709550e-02 -9.43002254e-02 -4.37102914e-02 -3.98129933e-02
  2.79550478e-02  2.49060020e-02 -1.55735146e-02 -5.62743917e-02
  5.43866940e-02 -1.10644192e-01  1.05026551e-02  5.45423962e-02
  4.39014174e-02 -5.86393438e-02 -1.63412895e-02  6.61611110e-02
 -7.28841200e-02  1.18687265e-02 -3.22601311e-02 -1.61333848e-02
  2.38975696e-02  1.98258348e-02 -4.70662937e-02 -2.64215778e-04
  3.41904610e-02  4.92893439e-03 -3.09688225e-02 -5.18188626e-02
  5.01940474e-02  3.18959504e-02 -4.89037884e-05 -2.42236853e-02]