[-7.14148628e-03  1.03102960e-01 -2.37680562e-02 -3.86523642e-02
 -3.56332809e-02  8.96806922e-03 -7.65691791e-03  9.74175110e-02
 -6.18870594e-02  5.17788045e-02  9.33387056e-02 -5.12724593e-02
 -1.04893848e-01 -1.82074253e-02 -1.73395742e-02  2.55767722e-02
 -5.39707243e-02  2.87373438e-02 -4.05077636e-03  2.60811094e-02
  2.64450945e-02 -9.65980142e-02 -1.00661665e-01  6.35256246e-02
 -5.15891537e-02 -1.02133946e-02  4.71242378e-03  6.53567910e-03
 -6.04414716e-02 -6.29950836e-02 -7.03234300e-02  1.46831691e-01
  7.88596794e-02 -3.55193689e-02  2.74259970e-03  6.33425731e-03
  6.48782626e-02 -7.46798515e-02  9.00315645e-04  9.63257998e-02
 -2.38239244e-02 -4.10306416e-02  1.71356779e-02 -5.76107353e-02
  1.41133238e-02 -4.84199263e-02  1.84789870e-03  7.80070052e-02
  5.28565533e-02 -1.13949003e-02 -4.81640399e-02  3.72657664e-02
 -4.82268445e-02 -4.89137461e-03 -3.75268124e-02 -8.48957151e-02
 -3.70732211e-02 -2.42398642e-02 -6.49134489e-03 -5.88339579e-04
 -2.52733082e-02 -1.23644415e-02 -3.53264846e-02  6.44299239e-02
  2.11479310e-02 -2.81431638e-02 -4.47462536e-02 -6.22465089e-02
 -6.18780293e-02  1.62142441e-02  1.56129966e-03 -6.09303676e-02
  5.31707779e-02 -5.05143963e-02 -8.45816359e-02 -4.11718944e-03
  7.90707488e-03  6.89521059e-02 -8.04018136e-03 -1.55845806e-01
 -1.55817568e-02 -3.58050987e-02  2.60108132e-02 -7.72029161e-02
 -5.78805916e-02  4.36758101e-02  6.92365633e-04  2.44430695e-02
  1.09638318e-01  4.64173919e-03  6.04675412e-02  1.08210348e-01
 -7.59414062e-02 -6.48613200e-02 -1.10721231e-01  5.26318885e-02
 -8.69135559e-03 -6.74853325e-02 -1.14485305e-02  6.62375754e-03
  8.78911614e-02  1.76542196e-02  1.56649482e-03 -1.44684557e-02
  1.06588164e-02  5.14309816e-02  1.26880668e-02 -7.33994097e-02
  1.08044781e-02  8.70556086e-02 -8.43745545e-02 -1.17004849e-02
 -6.38644397e-02 -9.16569680e-02 -5.21884747e-02 -6.63936662e-04
 -4.28825762e-04 -6.43043742e-02 -2.43217684e-02 -2.43498269e-03
  6.42045066e-02 -2.58532520e-02  4.27700281e-02 -4.63639498e-02
 -1.47273624e-02 -2.75062323e-02  8.96128863e-02  9.88706756e-33
 -1.66561641e-02 -3.40241306e-02  1.14822974e-02 -8.86164233e-03
  2.02480592e-02 -6.73696119e-03 -6.13939129e-02 -1.62326451e-02
 -7.78768063e-02 -2.47919485e-02 -1.70865525e-02  1.73711143e-02
 -2.60450169e-02 -6.34155124e-02  8.50111544e-02  5.16997604e-03
  8.07243362e-02  1.95657760e-02  5.96696995e-02 -3.11728064e-02
 -4.71485704e-02 -7.33693689e-03 -8.13975185e-03 -5.00927605e-02
  3.40925567e-02  1.25181079e-01  7.22596794e-02 -6.24126606e-02
 -3.91808897e-02  1.88844670e-02  7.81234875e-02 -1.90900732e-02
 -2.67706085e-02 -3.30711938e-02 -6.69612736e-02  2.52599306e-02
 -4.42153476e-02 -1.40447589e-02 -3.19271870e-02 -4.21467004e-03
  1.94810778e-02 -1.74217671e-03  6.73773587e-02  3.00198817e-03
  2.14277506e-02 -3.40140978e-04  1.07733309e-01 -5.09959981e-02
  1.54976115e-01  2.50990279e-02 -8.42280090e-02 -7.09431712e-03
 -7.08742142e-02  3.66203152e-02  2.90813986e-02 -3.94677557e-02
 -4.24379408e-02 -6.43552979e-03  3.90860364e-02  3.67984455e-03
  4.06832322e-02  2.22236793e-02 -6.01692759e-02 -8.71997848e-02
 -2.57195085e-02 -2.28296481e-02  1.20355347e-02  7.74040166e-03
  6.04320280e-02  2.94405874e-02 -1.84169244e-02 -1.24875635e-01
 -4.54314565e-03  1.11773297e-01  1.57391112e-02  1.57843507e-03
  1.25708446e-01  1.24390738e-03 -1.39197120e-02  1.06825754e-01
 -4.29523215e-02  1.86817888e-02 -2.96625745e-04 -1.12459976e-02
  4.55864854e-02  6.90888613e-02  6.80613369e-02  9.29592177e-02
 -1.60549823e-02  1.78942420e-02  3.53899994e-03  5.90128414e-02
  3.59148311e-04  1.75998472e-02  4.05810177e-02 -1.15769384e-32
 -4.42379005e-02  1.62109230e-02 -2.33577508e-02  8.06971174e-03
 -1.34063782e-02 -8.87696631e-03  7.83165102e-04  3.83090191e-02
  6.08605444e-02 -1.79847144e-02 -6.45863935e-02 -3.60231996e-02
  9.85310525e-02 -5.71187623e-02  1.41668934e-02  5.06975688e-02
  4.72697709e-03 -5.66395111e-02 -2.82930359e-02  1.09740788e-04
 -6.16525970e-02  1.33585259e-01 -3.46616544e-02  5.17227352e-02
 -2.41861697e-02 -6.80528954e-02  7.27939233e-02  1.09177753e-02
 -6.04138039e-02 -6.07487485e-02  6.10763021e-02 -1.04406774e-01
 -3.12700868e-02  7.58628026e-02 -4.34910245e-02 -6.15566708e-02
 -2.54091318e-03  5.35551719e-02 -2.16077790e-02  1.04908347e-01
  5.25955893e-02  1.46675585e-02  7.50675658e-03 -1.29181128e-02
 -5.36754429e-02 -6.66370764e-02 -4.62699123e-02 -1.24241654e-02
 -5.07368445e-02 -1.95325315e-02  9.33767632e-02 -1.19352257e-02
 -6.14672117e-02 -4.99561206e-02  6.26216680e-02 -1.76713690e-02
 -7.53059387e-02  2.25304961e-02 -7.57204294e-02 -1.21486289e-02
  2.17410009e-02  5.06461933e-02 -3.97467986e-02 -5.95760234e-02
  3.36934142e-02  8.75472426e-02 -3.96152847e-02 -4.51561175e-02
 -2.25834418e-02  3.78954262e-02  4.95999455e-02 -2.78672501e-02
 -4.57525961e-02  1.11835208e-02 -4.14543226e-02  1.24179609e-02
 -2.23739520e-02  1.01669263e-02  6.58154711e-02 -8.41106009e-03
 -6.37535751e-02 -2.08670460e-02 -3.39972437e-03  1.66999234e-03
 -5.05740047e-02 -9.30975005e-02  5.87642938e-02 -1.45110057e-03
  2.01058593e-02  6.61603138e-02  3.89554072e-03 -2.57669557e-02
 -3.38941403e-02  6.20373525e-02 -8.47762078e-03 -4.68079264e-08
  2.29130574e-02 -5.80919646e-02  6.44520745e-02  1.13236792e-02
  7.66323730e-02  1.83881465e-02  9.09651667e-02  3.24396207e-03
 -2.62201950e-02  8.60735252e-02  4.44151349e-02 -4.22511454e-04
 -1.23460190e-02  8.55033174e-02 -8.61036684e-03  4.01334316e-02
  1.58544444e-02  1.04623728e-01 -2.71672271e-02 -6.57259151e-02
  7.85584822e-02 -2.43416964e-03 -4.60019186e-02 -4.96868081e-02
  2.70397831e-02  3.85418981e-02 -2.84389034e-02 -1.48101496e-02
 -1.00321636e-01 -4.88675088e-02  4.47939523e-02  5.49566140e-03
  1.54686281e-02 -1.66931041e-02 -2.02210387e-03  4.78147976e-02
 -2.91487537e-02  3.47849242e-02  8.80698860e-03  1.46289635e-02
  1.46666653e-02 -3.98526452e-02 -9.43728816e-03 -7.57326279e-03
 -1.03188351e-01 -4.58636694e-03 -4.24637385e-02  2.85651884e-03
 -2.50650700e-02 -5.73968925e-02 -7.83040188e-03 -3.09448298e-02
  7.68585652e-02 -3.94686274e-02  3.40091214e-02 -1.48654385e-02
  5.82878515e-02 -5.92660382e-02 -3.68604884e-02 -1.64145399e-02
  5.61239459e-02 -2.02598367e-02  6.20943541e-03  2.27473229e-02]