[-2.47892011e-02  7.07658604e-02 -4.14353311e-02 -7.41935521e-02
 -5.07221483e-02 -1.90127026e-02 -3.66340615e-02  1.07180811e-01
 -1.13606045e-03  3.70392166e-02  6.00601397e-02 -2.48880088e-02
  2.97123436e-02 -3.09204459e-02  2.75231507e-02  2.05249041e-02
  5.52888475e-02  1.44735044e-02  2.97527220e-02  5.50157651e-02
  1.15426980e-01 -2.21623294e-02 -9.90497023e-02  6.91174567e-02
 -6.27599359e-02  1.70146711e-02 -2.83053163e-02 -4.80741262e-03
 -9.83376354e-02  2.52094562e-03 -3.88933010e-02  8.01214576e-02
  1.81149580e-02 -3.35753523e-02  3.64529490e-02  1.38339754e-02
  1.44357029e-02  3.27078924e-02  1.44108757e-02  6.78881034e-02
 -4.72303890e-02 -1.46329673e-02 -6.54662624e-02 -4.37313542e-02
 -2.51464117e-02 -5.33422194e-02  7.62974322e-02  5.00058793e-02
 -6.43622279e-02 -7.85113405e-03 -3.82384360e-02  4.89202980e-03
 -4.84723151e-02  4.30786461e-02 -6.97040111e-02 -1.06584549e-01
 -7.40272626e-02 -4.52429503e-02 -4.08497592e-03  3.54079939e-02
 -4.96911220e-02  2.25753319e-02 -1.68974884e-02  4.98679951e-02
  5.75114377e-02 -2.67805066e-02 -9.79909580e-03  6.28251815e-03
 -5.90527952e-02  1.17294692e-01 -2.25942247e-02 -6.08921051e-02
  6.67979987e-03  8.35741237e-02 -8.87069851e-03  1.07148185e-01
  2.32035238e-02  4.10234481e-02  5.09981103e-02 -1.99202508e-01
  2.50616986e-02  7.69869313e-02  6.99183252e-03 -2.25509163e-02
 -4.72359266e-03  6.76905410e-03  3.67279239e-02  2.54458282e-03
  4.21450883e-02 -8.30571540e-03  9.32322443e-03  3.68152894e-02
 -5.51056340e-02 -3.35519798e-02  4.46452247e-03 -5.08338995e-02
  1.08096404e-02 -2.36631930e-03  9.87837762e-02 -1.87596064e-02
  4.16394062e-02 -3.06858439e-02 -6.70554722e-03 -8.45033396e-03
 -7.36823454e-02 -6.86273798e-02  2.61634681e-02 -7.34113753e-02
  2.55793314e-02  7.35803843e-02 -3.76834124e-02 -1.94243267e-02
 -2.87827365e-02 -8.42161626e-02 -1.56975556e-02  3.70299667e-02
 -1.08516105e-02 -1.93557348e-02  5.87507002e-02 -2.64757890e-02
 -6.83191931e-03 -4.07872275e-02  5.99179454e-02 -3.57301417e-03
  5.69612607e-02 -5.60640320e-02 -9.50195454e-03  1.04384324e-32
 -1.17477681e-02 -8.25756118e-02  3.10276672e-02  2.43914220e-02
 -1.34078646e-02  2.54286304e-02 -3.45573910e-02 -5.51938685e-03
  3.22441608e-02  8.26332867e-02 -8.17125440e-02  2.88901534e-02
  4.72981163e-04  6.28286377e-02  1.38595879e-01  1.92365032e-02
  3.40716057e-02 -2.64455285e-02 -2.78207585e-02 -1.61941350e-02
 -3.49007867e-04  3.76184583e-02 -4.64904401e-03  5.10689616e-02
  1.12217022e-02  3.92749496e-02 -1.67840607e-02 -5.97456144e-03
 -5.28538041e-02  4.64080833e-02  8.08152333e-02 -2.74736341e-02
 -5.81777713e-04  1.80103183e-02 -5.54655269e-02 -6.59038275e-02
 -5.02078645e-02 -1.11271078e-02 -7.06537452e-04 -7.41165178e-03
 -7.21271783e-02 -5.37910149e-04  6.49073347e-02 -2.92600486e-02
  4.18206081e-02 -6.00234559e-03  4.98401374e-02 -8.28148797e-03
  3.37242931e-02  2.17051916e-02  8.96932761e-05 -5.15546929e-03
 -4.68678889e-04 -5.84152974e-02  3.06313969e-02  8.54053628e-03
 -1.03734136e-01  2.02298220e-02 -5.67251630e-02 -1.69396028e-02
 -5.91583773e-02 -2.88561229e-02 -5.21466918e-02 -6.00419641e-02
 -7.78846219e-02 -3.74876522e-02 -2.87213139e-02  3.63445580e-02
  1.26868188e-01  5.29804127e-03 -5.21608815e-02 -1.89481322e-02
 -1.78404003e-02 -8.04385915e-03  8.53888243e-02  2.01102290e-02
  4.92064916e-02  3.47155593e-02 -6.89484552e-02  6.70255208e-03
 -6.71977699e-02  1.20669296e-02 -1.28581123e-02 -3.64463180e-02
  3.72248739e-02  7.56114302e-03  9.26572829e-02  6.94502965e-02
  3.04422760e-03  7.35121891e-02  4.81246132e-03  4.60492931e-02
  3.79073131e-03  1.34947961e-02  4.49208617e-02 -1.28824659e-32
  3.86628620e-02  2.97968388e-02  4.14950848e-02 -6.44353265e-03
 -2.56693382e-02  9.78391181e-05 -9.58035700e-04 -9.24719349e-02
 -9.71943885e-02 -1.54088825e-01  4.46156785e-03 -1.07250521e-02
  8.64618737e-03 -6.45459397e-03 -1.42423650e-02  1.48037486e-02
 -8.01713541e-02 -4.17044945e-02 -6.71960488e-02 -6.13888912e-02
  3.21535431e-02  6.33242652e-02  5.30820340e-02 -4.84668091e-02
  1.82512179e-02 -8.89486372e-02 -1.45659782e-02  3.35804634e-02
 -3.87957022e-02  5.09997457e-02  9.23607405e-03  1.02920555e-01
 -2.31324956e-02  1.13621712e-01  9.92931984e-03 -4.05862816e-02
  2.98718307e-02 -7.01071694e-02 -3.54675949e-02  5.81251457e-03
  2.10604456e-04  8.72691870e-02  1.23464409e-03 -2.77390294e-02
 -2.93420106e-02 -3.50110605e-02 -6.06537424e-03 -7.77896792e-02
  1.75545886e-02 -7.07180798e-02  9.22709852e-02 -3.85366902e-02
 -2.07246635e-02 -4.01688889e-02  3.79328541e-02 -4.28169928e-02
 -1.18744215e-02 -1.06194280e-01 -1.00738756e-01  2.09276006e-02
  3.75381149e-02 -2.84398980e-02  7.94119388e-03 -5.76837510e-02
  7.12717324e-02 -9.27237608e-03  4.56591777e-04  3.52358632e-02
  5.84634393e-02  2.08919253e-02  8.75426307e-02 -3.47704664e-02
 -9.91609544e-02 -3.15667391e-02  1.11088809e-02 -6.17487729e-02
 -2.23153792e-02 -2.86487564e-02 -1.04813747e-01  4.42266464e-02
 -1.09510936e-01 -4.84302826e-02  2.39967350e-02 -6.11543749e-03
 -6.43325374e-02  4.01704013e-02 -5.92322089e-02  3.53732668e-02
 -1.21312030e-02  8.68913680e-02 -3.81229296e-02  2.83303149e-02
  2.88078226e-02  4.66917716e-02 -9.03114269e-04 -6.38558220e-08
 -2.70198602e-02 -1.57235488e-02  5.85231446e-02 -6.72680233e-03
  2.95634214e-02 -3.34678665e-02 -2.79405154e-02  2.23236484e-03
  5.51630184e-02  1.18286535e-01  1.32126603e-02  2.16609593e-02
 -2.98269335e-02  3.32775451e-02  2.55960505e-02 -3.75816561e-02
  6.35512173e-02  6.48672357e-02 -5.34083098e-02 -6.91011325e-02
  4.65030260e-02  9.11147683e-04 -1.51102602e-01  1.81289837e-02
  4.51900214e-02 -4.92887981e-02 -2.06534490e-02 -5.67612238e-02
  4.07663807e-02  3.72454524e-02  2.89308070e-03  1.87237281e-02
  6.53891787e-02 -7.79688284e-02 -8.17892626e-02 -7.78855979e-02
  6.72568455e-02  2.72970032e-02 -2.71013007e-02  5.00673242e-02
  1.38584211e-01 -3.97658423e-02 -9.10128746e-03 -2.07831990e-02
  9.19152983e-03 -6.15779646e-02 -2.02559587e-02  6.07564971e-02
 -6.94410279e-02 -8.30959901e-03 -6.61441907e-02  6.09266311e-02
  5.30921482e-02  5.03626317e-02  1.37526803e-02 -9.38125104e-02
 -2.56514922e-02  5.41328229e-02 -4.19466160e-02 -1.22756399e-02
  3.72351669e-02  5.32203503e-02  4.86038662e-02 -8.28737840e-02]