[ 3.09401341e-02  5.91609962e-02 -8.90602320e-02 -7.92000517e-02
 -2.74763536e-02  1.34626050e-02  5.23716547e-02  8.56408775e-02
 -1.16145359e-02  9.30218473e-02  7.55790398e-02 -4.65101637e-02
 -6.57862350e-02 -2.00117426e-03 -3.96852894e-03 -8.13036710e-02
  4.01450731e-02 -1.36993565e-02  2.50698766e-03  8.14550146e-02
  1.89355612e-01 -3.16857062e-02 -4.93658856e-02  4.62255925e-02
 -2.21100580e-02 -2.64916942e-02 -4.33167033e-02 -4.32441421e-02
 -3.60431522e-02 -5.17031439e-02 -3.11457179e-03  8.97247791e-02
  3.27865183e-02  1.04181962e-02  5.14389165e-02 -1.93248335e-02
  3.55497189e-02  1.30883949e-02 -2.00414136e-02  3.13953459e-02
 -6.79426864e-02  3.18559185e-02 -8.97348821e-02 -6.02887906e-02
  1.02806129e-02  1.58538800e-02  5.39994538e-02  4.02756445e-02
 -1.30349830e-01 -1.84939168e-02 -4.39574346e-02 -1.79620774e-03
 -3.12027596e-02  1.49684008e-02  1.36212166e-02 -7.76220560e-02
  2.23283190e-02  7.99169950e-03 -4.62878086e-02  4.07823697e-02
 -6.47705719e-02  2.32844260e-02 -2.41047256e-02 -1.10379094e-03
  5.81702739e-02  1.08512016e-02 -4.00717463e-03 -1.40692201e-03
 -4.15140465e-02 -6.80468082e-02  8.10873583e-02 -8.23463127e-02
 -4.85543482e-04 -5.18855378e-02 -3.81850787e-02  2.68577021e-02
 -1.29501987e-02  1.34857565e-01  4.10112701e-02 -1.59841478e-01
  2.65621450e-02  6.16761111e-02 -2.30530947e-02 -3.62357050e-02
 -1.07147843e-02 -3.28036062e-02 -2.19994206e-02 -4.95339569e-04
  8.49544182e-02  2.41889600e-02  5.33610024e-02  6.08942099e-02
  1.01483967e-02 -5.38567007e-02 -2.06076056e-02 -1.89338401e-02
  6.24967478e-02 -3.66362743e-02  1.01638220e-01 -7.43361842e-03
  7.06173405e-02 -2.30290578e-03 -7.71606865e-04  1.18674207e-02
 -4.33360711e-02 -1.99862979e-02 -1.18119419e-02 -4.52857725e-02
  7.36421943e-02  3.23396437e-02 -1.05444327e-01 -2.03574207e-02
 -1.41046554e-01 -6.78413510e-02 -5.57694137e-02  1.37471668e-02
 -5.43910414e-02 -4.20661606e-02  5.53983860e-02 -2.81185713e-02
  4.64063510e-03 -5.74351475e-02 -1.11469990e-02 -7.74527192e-02
  6.02850132e-02 -1.81105435e-02 -1.22864172e-02  6.47616719e-33
 -6.14183880e-02 -3.14049907e-02 -6.16871715e-02  3.21960473e-03
 -8.68294202e-03  2.03871783e-02 -2.44822651e-02  7.50888838e-03
  1.42813008e-02  3.26182097e-02 -3.88091542e-02  7.46173039e-02
 -2.31855679e-02  4.00243327e-02  1.37647182e-01 -3.19703333e-02
 -6.80458620e-02  7.83712193e-02  2.76805218e-02  5.18668741e-02
 -3.99866840e-03  3.37490551e-02  8.16122517e-02 -5.78004420e-02
  6.84790164e-02  3.17504108e-02 -1.02685481e-01 -2.82573327e-02
 -2.50786673e-02  4.58701141e-02  1.44334853e-01  1.99349970e-03
  7.18201697e-02 -1.52841234e-03 -5.06077297e-02 -3.88570279e-02
  1.06702093e-03  4.27959524e-02  7.00130779e-03 -3.96474153e-02
 -3.14090215e-02 -4.12351079e-02  9.90526676e-02  3.86108048e-02
  2.93408073e-02 -2.40898058e-02  2.91161761e-02 -2.73755938e-02
  5.68392985e-02  3.22182961e-02  3.40774506e-02 -5.08641228e-02
  2.22507603e-02 -9.53881964e-02  3.15818489e-02 -4.17894609e-02
 -6.09494522e-02  6.63606776e-03 -5.21592982e-02 -7.23533928e-02
 -6.99239410e-03 -5.47032021e-02 -5.10565341e-02 -4.08846736e-02
 -1.04510284e-03 -1.99575201e-02  2.01772689e-03  3.35754827e-02
  1.82038173e-01 -4.28175814e-02 -4.80424240e-02 -4.12281835e-03
  1.70619832e-03  1.00405738e-01  7.39260204e-03  1.82736628e-02
  1.48699833e-02  5.06001301e-02 -6.34887144e-02  1.17011485e-03
 -9.07384902e-02 -2.46236138e-02 -6.25816882e-02 -1.14206867e-02
  7.32542127e-02  7.21282586e-02  2.92322487e-02  5.64839058e-02
  6.48231581e-02  4.58172113e-02  1.33827236e-02  6.86054975e-02
 -7.89173320e-02  6.73120469e-02  9.04307291e-02 -1.07749126e-32
 -3.40200961e-03  1.59194861e-02 -7.29571804e-02 -3.88469771e-02
 -3.91123034e-02  3.99628431e-02 -5.11423610e-02 -8.18809420e-02
 -6.55708387e-02 -1.19692579e-01 -9.51216966e-02 -8.11839104e-02
  2.66235135e-02  5.89096174e-02 -5.67434952e-02 -2.88635697e-02
 -4.04192843e-02 -1.03181275e-02 -2.96615697e-02  2.90628206e-02
  9.13929939e-03 -9.91748739e-03 -6.53439341e-03 -2.88589671e-02
  1.68098863e-02 -5.06329201e-02 -8.95621330e-02 -7.55507499e-02
  4.41162102e-02 -3.24123092e-02  3.85630818e-04 -3.23006399e-02
 -4.02831361e-02  9.89329293e-02 -6.62946850e-02 -8.15644786e-02
  3.49231586e-02 -4.71207984e-02 -2.87526641e-02  6.99837059e-02
  4.36760038e-02  6.51697665e-02  1.53280972e-02 -2.86882129e-02
 -5.33351451e-02 -1.68624166e-02 -5.53303771e-02 -4.61248532e-02
 -9.04127769e-03 -5.78609630e-02  1.11931548e-01  4.25116345e-03
 -1.38857532e-02 -1.82727631e-02  3.97888524e-03  2.53772959e-02
  3.11860107e-02 -4.20716330e-02 -7.12561905e-02  1.99349206e-02
  9.88498107e-02  4.89551015e-02 -5.87716177e-02 -2.59865671e-02
  5.37870601e-02 -9.66747012e-03 -1.75586250e-02 -2.05051545e-02
  2.54764389e-02 -3.27097625e-02  1.07052615e-02 -7.17250034e-02
 -1.10981554e-01 -3.40029188e-02 -1.03390194e-03  3.45368125e-02
 -8.43426399e-03 -1.58284176e-02 -1.18211079e-02  1.68587975e-02
 -2.68056467e-02  2.09932011e-02  2.24573389e-02 -5.84297664e-02
 -9.61157773e-03 -9.87945125e-03 -7.06202211e-03 -5.14555303e-03
  4.08722833e-02  1.73745817e-03 -4.12131920e-02  9.05650295e-03
  2.72171721e-02  5.89549616e-02 -3.67040671e-02 -5.95241296e-08
  1.06479786e-02 -2.51232423e-02  4.07274663e-02  2.11061370e-02
  3.57768382e-03 -5.28631546e-02 -7.17229617e-04  2.19491776e-02
 -3.85761783e-02 -1.15171261e-03  4.15199324e-02  8.81095603e-03
 -8.47595632e-02 -1.16689652e-02  2.26357225e-02 -7.54538998e-02
  1.24233849e-02  7.28739500e-02 -2.95790825e-02 -2.27901526e-02
 -4.19953931e-03 -6.00545593e-02 -1.08815886e-01 -5.73551469e-03
 -8.43356270e-03 -7.97389373e-02 -1.25294859e-02  5.39928749e-02
  5.57946861e-02  6.65087625e-02  7.93236773e-04  5.85474186e-02
  4.45833337e-03 -4.96986620e-02 -5.34559637e-02 -3.50692822e-03
 -3.16078812e-02  2.21799850e-03  3.15336068e-03 -2.76231188e-02
  6.19905107e-02 -4.32665572e-02 -5.84705807e-02 -1.25100091e-02
  9.33540091e-02 -3.43487076e-02 -2.98769167e-03 -8.45856220e-03
  2.81285681e-02 -5.49147353e-02 -4.63565327e-02  2.55012400e-02
  3.02718617e-02  1.82824060e-02 -1.73822772e-02 -1.08099338e-02
  3.29804979e-02  3.21058813e-03 -7.13777542e-02 -2.42978223e-02
  4.10816632e-02  1.36664547e-02  4.79693338e-02  1.79403163e-02]