[-7.88912103e-02 -3.07485629e-02 -3.50548998e-02 -3.95589061e-02
 -3.62506695e-02 -1.17199598e-02  5.50050661e-02  7.97994211e-02
  1.53568601e-02  8.54233280e-02  3.17673646e-02 -5.44342911e-03
  2.35154554e-02  6.72734454e-02 -2.45328322e-02 -6.33399934e-02
  1.60874780e-02 -8.54733214e-02 -3.45403142e-02  3.45274210e-02
  1.60525009e-01 -1.75298098e-02 -5.40476814e-02  7.99997151e-03
  8.90653487e-03 -7.95044303e-02 -4.15252224e-02  2.35018414e-02
 -5.97619005e-02 -2.65252846e-03 -6.49242103e-02  7.73926899e-02
  7.07564279e-02  4.03171331e-02 -8.65333434e-03 -2.85760663e-03
  4.67333347e-02  8.07949982e-05 -6.81960061e-02 -6.59204414e-03
 -9.23639685e-02 -3.74190100e-02 -8.05544555e-02 -5.80918742e-03
 -9.06766113e-03 -4.18824591e-02  3.15684676e-02 -4.26342003e-02
 -7.19262958e-02  2.30357498e-02 -8.22620690e-02 -3.60490717e-02
 -2.94645317e-02  4.12675440e-02 -3.73118259e-02 -3.71042639e-02
  5.19176312e-02  2.59763151e-02 -2.35262350e-03  5.73646314e-02
  4.14416716e-02 -4.20834646e-02 -6.80726627e-03  2.66115647e-02
  5.95163330e-02  5.13171814e-02 -6.27623647e-02 -3.22888680e-02
 -3.13742831e-02 -4.77157049e-02 -6.38332292e-02 -3.86482030e-02
  7.24692224e-03  7.33110905e-02 -9.55216121e-03  9.08840969e-02
  5.19943871e-02  3.07921786e-02  1.94922928e-02 -1.21204332e-01
  4.00731191e-02  3.69344912e-02 -6.25407770e-02 -1.58584733e-02
  2.58945543e-02 -2.93297637e-02 -7.15212524e-02 -1.58284989e-03
  5.48111871e-02  1.01265474e-03 -7.53056677e-03  6.77691996e-02
 -4.73382734e-02  1.38062211e-02 -3.04503962e-02 -6.36812225e-02
  4.01519565e-03 -8.10465068e-02  4.64101695e-02 -2.82010138e-02
  1.23404730e-02  1.92748499e-03  2.66567394e-02  2.29672790e-02
 -4.97592874e-02 -3.70581858e-02  5.36741652e-02 -2.32061669e-02
  4.07056920e-02  3.57832015e-02 -5.57169691e-02 -3.73411253e-02
 -9.94270593e-02 -1.20951198e-01 -1.04402535e-01  5.93237095e-02
 -9.72544700e-02  1.15886871e-02  6.39068112e-02 -2.77416557e-02
 -3.79301123e-02 -3.13016661e-02  2.12553553e-02 -1.50445446e-01
  5.27949408e-02 -1.53588494e-02  4.52831648e-02  9.72706588e-33
 -1.27907414e-02  6.10409956e-03 -5.40741161e-02  9.38587487e-02
  4.67344671e-02  4.58749309e-02  2.33791415e-02  7.36369099e-03
  4.52458896e-02 -5.51951071e-03 -7.15713724e-02  9.73023176e-02
 -1.04836868e-02 -9.40428004e-02  9.52364802e-02 -1.78884771e-02
 -2.53542734e-04  3.51010039e-02  8.68972391e-03  1.65258814e-02
  8.07229336e-03 -2.65849922e-02  3.29205021e-02 -5.63940294e-02
  6.96237981e-02  3.07623651e-02 -5.12040555e-02  1.58189181e-02
  4.71462496e-02  1.00903097e-03  5.51168248e-02 -1.88973434e-02
  4.65262728e-03 -2.65638009e-02  5.45304380e-02 -1.10070482e-02
 -4.51475084e-02 -6.04692567e-03  5.88035025e-02  2.52391659e-02
 -1.70715004e-02 -3.63159329e-02  9.07364488e-02 -2.28122696e-02
  6.57211989e-02 -5.45239151e-02  4.29868847e-02  2.36885585e-02
  1.07288599e-01  8.28428715e-02  2.89138407e-02  5.91786625e-03
 -5.76346442e-02 -1.69185828e-02  9.37922858e-03  6.68878108e-03
  1.19983088e-02  2.70268749e-02  1.17782573e-03 -4.73605171e-02
 -3.53785902e-02 -6.74718693e-02 -3.89024504e-02 -3.36296782e-02
  8.18579644e-03 -6.56093657e-02  2.13986486e-02 -3.67340096e-03
  7.31623769e-02  1.67529676e-02 -6.14915714e-02 -1.96296759e-02
  3.54804273e-04  3.06423921e-02 -4.04494330e-02  6.09400123e-02
 -3.35776210e-02  3.04751173e-02 -5.18704280e-02  2.10197158e-02
 -8.10139403e-02  2.88136024e-02 -4.31414954e-02 -7.76320277e-03
 -1.23388227e-03  5.62104136e-02  2.72763427e-02  1.29184062e-02
  2.79768575e-02  7.47963488e-02  4.44522500e-02  1.03727855e-01
 -5.10035381e-02  1.04027249e-01  2.91152373e-02 -1.06549923e-32
 -2.37545539e-02 -1.33456700e-02 -1.51220104e-03  1.51533389e-03
 -3.20722423e-02  8.50002933e-03 -1.95293222e-02  1.94372993e-03
 -8.37228075e-02 -8.31368342e-02  3.69412825e-02 -7.99669251e-02
  7.23453611e-02 -2.86488310e-02 -7.09272281e-04  6.98659010e-03
 -7.09547475e-02 -2.88458522e-02  1.11934962e-02  5.89487031e-02
  6.49932921e-02  3.03216074e-02 -5.32802008e-02  4.83070761e-02
  3.74518079e-03 -6.05129674e-02 -8.12460184e-02 -3.98131795e-02
  1.83505528e-02  2.00446583e-02  1.79467555e-02 -3.18879485e-02
 -4.81092632e-02  1.61987662e-01  1.44763868e-02 -1.40354326e-02
  7.87591040e-02 -7.49415159e-02  2.98850872e-02  1.15043610e-01
  1.04877703e-01  4.28416627e-03 -2.51842663e-02 -3.11928373e-02
 -5.83823174e-02 -3.37913772e-03  2.23287977e-02 -1.14463426e-01
 -2.68210415e-02  2.41420213e-02  1.35183260e-01 -2.72673573e-02
 -2.64314674e-02 -6.89262822e-02  4.59517445e-03  4.46949573e-03
 -1.14978920e-03 -5.26910126e-02 -2.02619080e-02  5.78848121e-04
  1.55747101e-01 -2.53558438e-02 -9.51575115e-03  2.47617206e-03
  1.70963202e-02  1.01381257e-01  3.48110981e-02  1.22323923e-01
 -8.66460707e-03 -4.18797582e-02 -1.19211916e-02 -7.32409209e-02
 -8.37244317e-02 -1.31385207e-01 -2.55101826e-03 -9.86077860e-02
 -6.48482293e-02  1.33154122e-03 -7.93826729e-02  1.96496453e-02
 -2.58112848e-02  4.79208604e-02 -2.82205641e-02 -1.71728227e-02
  2.58617802e-03  4.99372296e-02  5.97656257e-02 -1.52264833e-02
 -2.71473695e-02 -5.06133586e-02 -1.33183628e-01  3.66636328e-02
  1.28164403e-02  6.97098225e-02 -1.08750891e-02 -6.14550260e-08
 -3.44139636e-02 -1.31256375e-02  2.45781913e-02 -4.12789509e-02
  7.02513382e-02 -4.40353267e-02 -2.48982683e-02  2.51046307e-02
 -1.28690863e-03  3.34951244e-02 -8.04900657e-03 -8.18273798e-02
 -5.71145825e-02  3.81708555e-02  7.91799054e-02 -2.44778078e-02
 -2.73908246e-02 -8.88902973e-03  4.78600990e-03 -1.49407890e-02
  1.05419330e-01 -3.70859504e-02 -1.88088976e-02  3.84665914e-02
  4.03998047e-02 -2.13086158e-02 -2.78702378e-02  4.12237979e-02
  2.38391687e-03  4.91521414e-03 -4.74366508e-02 -2.52217259e-02
  2.11024377e-02 -1.44973425e-02 -4.95506264e-02  4.95736413e-02
  4.56871428e-02  4.43352200e-02  2.44309101e-03  4.56878059e-02
  4.60056253e-02  3.00474856e-02 -5.85646965e-02  4.05644402e-02
 -1.72180608e-02 -1.11149419e-02 -7.48683661e-02  1.61807761e-02
 -1.24689890e-03 -9.01024342e-02 -6.67363405e-02  3.22505552e-03
  3.34597491e-02  4.91886884e-02 -6.14789538e-02 -4.75756042e-02
  2.20583379e-02  4.43854742e-02 -1.95853002e-02  3.45480852e-02
  3.33563127e-02  5.02197705e-02  1.17699942e-02 -6.49555698e-02]