[-1.08765031e-03 -1.06105777e-02 -3.08943801e-02 -2.82532144e-02
 -8.19492489e-02  3.28881573e-03 -6.46819845e-02  5.15174717e-02
  1.88969988e-02  6.29892796e-02  6.86515942e-02 -3.37686390e-02
 -6.11118525e-02 -7.24533666e-03 -1.00084350e-01 -8.18360597e-02
 -1.41148731e-01 -5.45908418e-03  5.12367375e-02 -7.14868167e-03
  5.16775958e-02  1.94680002e-02 -1.28875291e-02 -2.86685415e-02
  1.09600239e-02  9.42703635e-02 -1.45966206e-02  4.10656668e-02
 -1.28019573e-02 -6.87698647e-02 -4.87192795e-02  1.00098781e-01
  1.19545553e-02  3.70195555e-03 -5.03790053e-03 -7.95136169e-02
 -7.57178804e-03 -4.50149998e-02  6.05104119e-02  2.23273784e-02
 -1.53898392e-02 -7.55614489e-02  2.58141961e-02 -2.81728897e-02
 -6.84982212e-03  2.47853585e-02 -5.49057275e-02  5.83482394e-03
 -2.57404838e-02 -1.96696389e-02 -9.67738554e-02  2.18740329e-02
  1.74613891e-03  4.81943749e-02  2.10685059e-02 -2.87694838e-02
 -9.46147367e-02 -1.13959990e-01 -4.49637591e-04  3.74626629e-02
 -4.27888520e-02  9.09147263e-02 -6.44204319e-02  8.47611111e-04
 -3.92595716e-02 -7.13092927e-03  4.49228566e-03  3.38802338e-02
 -1.60143413e-02  4.50243168e-02  4.43319306e-02 -4.82903644e-02
 -2.22864095e-03  4.34881449e-02 -7.61771426e-02  3.35235521e-03
 -1.15754623e-02  5.88098401e-03  1.12331547e-02 -1.05330244e-01
  6.67130947e-03 -6.62167668e-02  9.38438904e-03  3.17199379e-02
  1.66553818e-02  3.10060903e-02  2.57747639e-02  1.02886464e-02
 -1.22953160e-02  2.94290129e-02  2.85293404e-02  1.25327021e-01
  9.49222669e-02  1.85997486e-02 -5.89496642e-02  6.71967566e-02
  9.35460329e-02  1.90876983e-02  5.32803535e-02  7.68105164e-02
 -1.30522447e-02  2.70583276e-02 -6.34554923e-02 -1.26610314e-02
 -1.24197125e-01 -2.17664372e-02  7.40509422e-04  2.09374707e-02
  2.70109307e-02 -5.46649843e-03 -3.00642326e-02  8.93271179e-04
 -7.06193363e-03 -9.19537321e-02 -1.04644720e-03 -7.15947226e-02
  1.39869312e-02  2.61028521e-02  1.05237424e-01  1.30480856e-01
  3.86225283e-02 -2.57940870e-02 -1.06144957e-01  8.19409415e-02
  1.06813749e-02  3.94964367e-02  1.23109492e-02  1.08710930e-32
  6.63721934e-02 -6.48085475e-02  3.34125347e-02  1.05702132e-02
 -1.86803974e-02  2.66914107e-02 -9.76787433e-02 -4.38496619e-02
 -6.15423620e-02  1.32434238e-02 -8.55222493e-02 -1.73724666e-02
 -9.06717107e-02 -9.59822610e-02  3.96779403e-02  4.56549637e-02
 -2.34166961e-02  2.58581415e-02 -5.37618585e-02  1.39397290e-02
 -1.84482951e-02 -3.51486541e-02  9.81216282e-02 -3.00902892e-02
  9.82657894e-02  4.59062457e-02 -4.09670621e-02 -5.53509034e-02
 -4.25748974e-02  3.35389785e-02  8.35276023e-02 -1.85602885e-02
 -8.87883008e-02 -3.53770927e-02 -5.97678684e-02 -2.07118988e-02
  4.10205647e-02 -1.33086424e-02 -4.74449918e-02  8.01241994e-02
  2.91028023e-02 -1.70310736e-02 -1.51889417e-02 -1.30710402e-03
  8.12546071e-03 -3.85620631e-02  7.55401701e-02 -2.69386210e-02
  4.05560732e-02  1.77099537e-02 -2.71768775e-02 -3.85734327e-02
 -3.16627622e-02  2.72906106e-02 -2.48771515e-02  1.16995554e-02
 -3.87755856e-02 -4.21487913e-03 -1.27417929e-02  4.85478379e-02
  7.43645653e-02  8.90494045e-03  2.31405590e-02 -5.24906367e-02
 -1.22349942e-02 -1.83421336e-02 -5.41911786e-03  3.38344797e-02
  3.96585017e-02  3.19584310e-02 -4.00889553e-02 -5.36791561e-03
  9.18637440e-02 -2.03931332e-02  9.47121996e-03  9.43366066e-03
  3.99631560e-02  2.41147559e-02  2.50326120e-03  4.61054854e-02
 -2.34530494e-02  1.18252337e-02  4.82791550e-02 -5.69467992e-02
  9.78233069e-02  2.93801762e-02  8.25598389e-02 -4.86221956e-03
 -5.77044897e-02 -5.55945979e-03 -4.99954820e-02 -6.78706623e-04
  2.70434376e-02 -2.97964048e-02 -3.06200646e-02 -1.24403317e-32
 -6.06708899e-02  3.66249606e-02 -3.95195708e-02 -1.77589785e-02
  3.11996918e-02 -5.02749979e-02 -3.98574211e-02  1.18286282e-01
  6.52292073e-02  4.68913466e-02  7.13287517e-02 -6.48886710e-02
  9.77862477e-02 -4.39806953e-02 -1.40759982e-02 -1.84013490e-02
 -5.40612265e-03 -4.07550968e-02 -8.96614119e-02 -4.53065522e-02
 -2.80232225e-02  2.99963765e-02 -4.78424951e-02  1.96442995e-02
  4.52641696e-02  2.07518470e-02  4.38563898e-02 -7.03742430e-02
 -6.76418617e-02  2.24299449e-02 -6.03461172e-03 -1.16260402e-01
 -4.43861485e-02  7.41065189e-04 -5.49750142e-02 -1.48461163e-02
 -5.84482215e-03 -2.87587475e-02  1.41088776e-02  3.76733243e-02
 -1.13390349e-02  3.99740674e-02  2.66042370e-02  2.87036132e-02
 -8.05828534e-03  4.78010904e-03  7.97031745e-02  1.74842328e-02
 -9.34288185e-03 -3.31796817e-02  5.87938093e-02  3.68058234e-02
 -1.11486249e-01  2.63770260e-02  9.34903771e-02 -3.68531160e-02
  2.14656885e-03 -2.92413086e-02 -1.16656370e-01 -5.04720211e-02
 -8.27036053e-03  3.29475068e-02 -5.44663370e-02  3.02163530e-02
  8.39463547e-02 -1.01978453e-02 -3.04113645e-02 -9.16033909e-02
  1.04298294e-02  2.04583164e-02  4.21941690e-02 -3.34255658e-02
 -1.46284595e-01  7.62871513e-03  6.55661989e-03  2.35918611e-02
 -7.55406469e-02  5.18914908e-02 -1.59611609e-02  2.46484727e-02
 -8.98138732e-02 -4.69756015e-02 -1.50069566e-02 -2.18989234e-02
 -4.24479507e-02 -4.04328331e-02  4.78807949e-02 -3.44529301e-02
 -8.70881975e-03  3.24606635e-02  2.31958665e-02 -7.62827881e-03
 -3.14768292e-02  2.42203288e-02  5.37600629e-02 -5.30581943e-08
  3.57806608e-02 -5.12363687e-02 -8.50074962e-02  1.88912302e-02
  1.29525691e-01 -4.19065282e-02 -2.63207182e-02 -4.76873992e-03
  9.56434989e-04  2.35630069e-02  8.25990662e-02 -1.33060652e-03
 -1.96169131e-02 -9.51529145e-02  4.06712741e-02  7.50885308e-02
 -6.46821456e-03  7.22325593e-02 -5.06024696e-02 -9.88400131e-02
  4.92183492e-02  3.38971801e-02 -4.06711688e-03 -3.54669429e-02
 -5.07594272e-02  7.87204970e-03 -9.93774533e-02  5.20382039e-02
 -6.50794059e-02 -5.56493141e-02  3.21310647e-02 -2.30328310e-02
  5.12874275e-02 -1.08283214e-01 -5.02630062e-02  4.48773466e-02
 -2.57131793e-02  1.71357784e-02 -5.35019152e-02 -1.45054667e-03
  4.01784703e-02 -3.25313136e-02 -4.75673489e-02  1.11808114e-01
 -5.10976557e-03 -7.82024581e-03  1.45666171e-02  2.58253794e-02
  5.49002849e-02 -1.61267668e-01  3.14979069e-02 -4.02968526e-02
  4.44048829e-02 -1.28710438e-02 -3.29402927e-03  7.99283460e-02
  4.76746522e-02  6.32372946e-02 -5.68553582e-02 -2.11722665e-02
  8.93789828e-02 -1.89682283e-02 -3.84380110e-02  5.65381348e-03]