[-4.88029048e-02  6.12422228e-02 -2.58442536e-02 -1.38810808e-02
 -5.76318465e-02  7.34213665e-02  1.23301251e-02  7.29244426e-02
 -2.82731233e-03  2.27208231e-02  1.91582609e-02 -8.47120881e-02
 -1.20369373e-02 -3.45911481e-03 -1.89408027e-02 -1.15852440e-02
 -3.01737916e-02  1.83842257e-02  3.23660336e-02  6.07750602e-02
  4.49328646e-02 -1.22331865e-02 -1.09874487e-01  4.17785458e-02
 -1.07195504e-01  2.78303884e-02 -3.80595550e-02 -5.88585064e-03
 -9.96966511e-02 -4.06271107e-02 -2.22261194e-02  1.22616544e-01
  5.42990789e-02  3.69999222e-02 -2.05248166e-02 -8.63881037e-02
  2.68616173e-02 -5.64879999e-02  4.47212793e-02  5.23962043e-02
 -5.35567179e-02 -2.08748020e-02 -9.45553705e-02 -2.65282933e-02
  4.24760059e-02 -2.65144370e-02  2.83458866e-02 -2.45673712e-02
  5.84741719e-02 -3.14955190e-02 -7.10467920e-02  6.22135680e-03
 -1.15180397e-02 -4.14199531e-02 -2.70329546e-02 -4.28438326e-03
  2.34953649e-02  1.36679396e-01  4.91959415e-02  1.07242092e-02
  1.89630371e-02 -8.98151565e-03 -2.22680010e-02  4.72220108e-02
 -4.28227037e-02 -5.00049442e-02 -4.52888198e-02 -5.65150753e-02
 -3.00424825e-02  4.23990525e-02  2.09501237e-02 -1.47426305e-02
 -4.66277152e-02 -1.73780378e-02 -5.13499863e-02  1.75317898e-01
  2.18426753e-02  7.08063226e-03 -3.74239050e-02 -9.43602175e-02
  1.27429562e-02 -3.42912562e-02 -6.36538491e-03 -7.70334452e-02
 -1.04540717e-02 -2.85492241e-02  2.23586991e-04  2.96825729e-03
  6.03464693e-02 -1.56817045e-02  4.01255339e-02  6.37055710e-02
 -1.05793126e-01 -2.13216594e-03  2.91849989e-02 -1.86316483e-02
  6.26803860e-02 -4.12719883e-02  6.74287379e-02  3.27474028e-02
  6.90058097e-02  4.53848019e-02 -2.98316702e-02  2.19743811e-02
 -1.25357863e-02  9.93394330e-02  7.45458826e-02 -1.08841129e-01
  4.83593829e-02  1.06131760e-02 -6.94839954e-02 -6.21933723e-03
 -6.38184324e-02 -5.92018142e-02 -7.92316198e-02 -2.68633235e-02
 -1.17255375e-01  1.85453717e-03 -2.82001827e-04 -1.98873598e-02
  2.72543002e-02 -9.76388231e-02  4.36858572e-02  2.40210351e-03
  6.40542572e-03 -2.27324199e-02  3.97947170e-02  1.07959098e-32
 -5.98943084e-02 -6.22265227e-02 -5.70868663e-02  2.93602217e-02
  5.14163114e-02  4.02181931e-02 -4.46421951e-02  1.21493218e-02
 -3.43121253e-02 -7.00936653e-03 -5.10294847e-02  3.09555717e-02
 -3.16202715e-02 -3.07544153e-02  1.24465480e-01  3.44199874e-02
  3.41935493e-02 -3.53158154e-02 -1.83359031e-02 -6.63211867e-02
 -2.25379691e-02  4.72820699e-02  1.23783359e-02 -8.53072554e-02
 -3.22641572e-03  1.02532417e-01 -2.17422447e-03 -1.14204310e-01
 -7.07483813e-02  4.80341315e-02 -1.11581513e-03 -3.50311659e-02
 -2.38700528e-02  1.26167219e-02 -5.60100302e-02 -1.66298728e-02
 -2.34035403e-02 -1.60266086e-02 -7.63512254e-02 -4.28955294e-02
 -3.96253318e-02  4.28285301e-02  1.74943972e-02  4.25679274e-02
 -6.09627590e-02 -3.15702967e-02 -5.70777897e-03  2.24223025e-02
  1.19233876e-01  6.48138672e-02 -8.39646757e-02 -8.83592367e-02
 -2.69897860e-02 -3.95446196e-02  5.18603325e-02 -1.25921601e-02
 -5.65529279e-02  2.30277386e-02 -3.06437388e-02 -6.86172163e-03
 -5.86616481e-03 -3.51932794e-02 -6.88962266e-02 -2.26406730e-03
 -5.74278720e-02  4.24425043e-02 -5.00458144e-02 -1.13053685e-02
  1.39635295e-01  5.59913032e-02 -1.95505228e-02 -2.01048832e-02
 -4.78962390e-03 -4.86798445e-03  1.38605731e-02 -1.13025354e-02
  1.09175503e-01  1.11574167e-02 -7.06445947e-02  9.59578082e-02
 -2.04629898e-02  3.20785269e-02 -3.70683409e-02 -7.26564005e-02
  7.01233000e-02  2.05716863e-02  5.94545454e-02  3.12932692e-02
 -1.39498096e-02  9.34965760e-02  3.83821428e-02  2.21674442e-02
  5.55869378e-02  1.49406297e-02  6.01355359e-02 -1.20996771e-32
 -1.95483714e-02  7.56158978e-02 -2.69016325e-02 -3.03102117e-02
  4.95922752e-02  5.89776877e-03 -2.41511390e-02 -4.63509597e-02
 -6.92431182e-02 -1.47693753e-01 -1.35232911e-01 -2.92808730e-02
  7.12439790e-02  7.73962680e-03 -5.60632199e-02 -9.11713857e-03
 -2.30085272e-02 -6.78594559e-02 -6.52666464e-02  3.44581529e-02
  4.49511521e-02  6.38747811e-02  4.29174863e-02  5.29107824e-03
  3.62203456e-02 -4.27986421e-02  8.15316010e-03  1.83697827e-02
 -1.16300724e-01  2.70490795e-02  4.83763441e-02  6.09609112e-03
  2.62596831e-02  1.64273694e-01 -4.30283770e-02  6.10637814e-02
  3.94921340e-02  5.69665954e-02 -8.94742459e-03  1.30150899e-01
  1.81563050e-02  3.37789170e-02 -4.93090935e-02 -6.48007542e-02
 -3.62245105e-02  1.88788846e-02 -3.01569998e-02 -3.84649970e-02
  7.83477793e-04  1.87539868e-02  2.99979467e-02 -3.73688117e-02
 -1.22774400e-01 -7.90434517e-03  5.55631481e-02 -7.05892667e-02
 -2.54332349e-02 -3.98953483e-02 -5.79458810e-02 -1.19877430e-02
  8.51819366e-02  4.72769998e-02 -1.46060232e-02 -3.23936455e-02
  4.61600088e-02  6.52919263e-02  1.76229421e-02  3.52153517e-02
 -3.28625701e-02  1.21260881e-02  3.40128168e-02 -5.05814925e-02
 -4.10442092e-02  8.63997862e-02 -9.98961087e-03 -3.32672894e-02
 -9.06375647e-02  4.77102259e-03 -1.71323698e-02  4.08239327e-02
 -9.39052105e-02 -4.11938690e-03 -2.86374744e-02  3.61704007e-02
 -3.56182195e-02  6.18851595e-02 -1.10024679e-02 -2.23744642e-02
 -1.97874028e-02  2.14371327e-02  7.11174160e-02  6.92509487e-02
  7.60812014e-02 -1.47664929e-02 -4.38549332e-02 -6.03038544e-08
  2.47216821e-02 -4.59105596e-02  4.47651260e-02  4.14823592e-02
  2.42113806e-02 -6.65983334e-02 -3.74162048e-02 -8.97728186e-03
  3.05344574e-02  3.42268907e-02  9.38847959e-02 -9.30543020e-02
 -1.99555308e-02  4.18005474e-02 -8.78852978e-03 -2.38034502e-03
 -2.80326083e-02  3.85275818e-02 -3.80665958e-02 -2.64354032e-02
 -1.80511968e-03  2.18221173e-02 -5.68042807e-02 -5.08099236e-03
  4.73069027e-02 -5.46938963e-02 -4.43036780e-02  1.36703206e-02
 -2.52470709e-02  4.76248302e-02 -1.23382406e-02 -4.56810929e-03
  1.94660816e-02 -6.73862770e-02 -3.12238131e-02 -2.37239655e-02
  2.49578822e-02  3.00389100e-02 -8.38107690e-02 -1.80662815e-02
  5.06608710e-02  2.74677929e-02 -4.14845869e-02 -7.08378106e-03
  3.68314758e-02 -1.15190679e-02  1.91841032e-02 -2.35582199e-02
 -3.54456832e-03 -2.91811526e-02  1.72925331e-02 -3.85480793e-03
  8.51966664e-02  8.05723444e-02 -3.75351682e-02  2.10797638e-02
 -1.19649395e-02  7.42366463e-02  1.93335395e-02 -1.73614528e-02
  3.24854851e-02  5.35341352e-02  8.10716394e-03 -3.27470750e-02]