[ 1.10279657e-02  8.20766389e-02 -3.68466862e-02 -1.43605983e-02
 -2.26310417e-02 -2.61492617e-02  5.40855005e-02  1.21475197e-01
  5.24478815e-02  8.16841610e-03  7.61565864e-02  8.10012780e-03
 -1.48391072e-02 -5.37309349e-02 -7.56535605e-02 -7.81679079e-02
 -1.57683790e-02 -1.35083664e-02 -3.36210094e-02  9.31130871e-02
  8.19648579e-02  2.66081654e-02 -1.96892349e-03  7.25288526e-04
 -1.57538857e-02 -1.93545558e-02 -7.38033801e-02  2.04793550e-03
  1.62523836e-02 -4.60408628e-02  5.56206182e-02  2.95702815e-02
  6.00956427e-03 -9.25491378e-02 -6.50004856e-03  3.76071222e-03
  6.01871572e-02 -8.11762810e-02 -4.41706665e-02  9.35803503e-02
 -6.48332983e-02  4.19994332e-02 -5.01761436e-02  2.26799157e-02
  2.14484464e-02 -2.37278342e-02 -1.21380225e-01  4.14131880e-02
  2.42641363e-02  7.80018568e-02 -8.89455527e-02  4.83206287e-02
 -1.83811001e-02  2.07151920e-02  9.26785544e-03 -5.74336089e-02
 -9.33275446e-02 -7.61311175e-03  8.96143913e-03 -7.06776008e-02
  1.66125235e-03 -1.86751187e-02  1.67631626e-03 -1.58859380e-02
  2.98178545e-03 -2.21569836e-02 -3.85926082e-03 -1.12820588e-01
 -2.45503876e-02  3.45703922e-02 -2.49743201e-02 -4.89332341e-02
  7.97434449e-02  7.52927363e-02 -8.30447450e-02  4.65263948e-02
  1.34451753e-02 -5.87074310e-02  3.49934655e-03 -1.00297324e-01
  2.32900474e-02 -2.29519252e-02  6.26867637e-02 -6.41390774e-03
  4.98672538e-02  2.26827171e-02 -9.79898497e-03  1.80217512e-02
 -4.89357412e-02  1.13250259e-02  7.05353469e-02  2.91285831e-02
 -2.78281495e-02 -5.31679727e-02 -1.55650619e-02 -1.46587798e-02
 -1.39535889e-02  7.02872425e-02 -4.90076877e-02  4.66665179e-02
  1.57687720e-02  2.26343684e-02 -2.23151073e-02  4.62178364e-02
 -7.59792551e-02 -1.68079808e-02 -5.53593747e-02 -6.89676090e-04
  4.29753028e-02  4.05178592e-02 -1.13897100e-01 -3.70351784e-02
 -3.74162979e-02 -1.00371145e-01 -1.98396966e-02  4.09277081e-02
  1.18847061e-02 -3.78581770e-02  4.92090173e-02  4.25962098e-02
 -1.43549126e-02 -3.44977975e-02 -1.23329638e-02 -7.49561638e-02
 -8.15834943e-03 -2.91124135e-02  5.96578307e-02  1.62384186e-32
 -5.19772284e-02  1.52558042e-02  7.98528315e-04  3.95673774e-02
  5.41876890e-02 -5.09267747e-02 -1.14335537e-01  2.40122434e-03
  6.67054430e-02 -6.39378801e-02 -2.09797453e-02 -1.30694173e-02
 -3.57819051e-02 -3.99183622e-03  2.40890498e-04  4.75218073e-02
  5.58031462e-02 -8.29093042e-04 -1.68953661e-03 -9.32825431e-02
 -3.49383727e-02 -3.49040963e-02  4.56451848e-02 -1.78346001e-02
 -6.29503652e-02  5.54195531e-02 -2.67907437e-02  4.08173203e-02
 -2.77604740e-02  3.84171903e-02 -1.58766676e-02 -1.92762986e-02
  4.06061001e-02 -1.06430799e-01 -3.98825407e-02 -1.12426570e-02
  2.75474582e-02 -2.24601645e-02 -6.70523942e-02 -2.20029410e-02
 -5.08993864e-02  4.85260077e-02  4.71551344e-02  3.02576739e-02
  2.35663019e-02  2.13026889e-02  1.06284067e-01  4.52820212e-02
  1.12265117e-01 -7.32066855e-03 -4.04492579e-02 -4.45324592e-02
 -3.17724086e-02  1.44842267e-02  2.08012294e-02  5.67693003e-02
 -1.02605395e-01 -5.36453025e-03  3.53845917e-02  9.32617579e-03
  7.48962238e-02  4.14093435e-02  3.22500058e-02  4.22570631e-02
 -7.17415810e-02 -4.72323224e-02 -1.33115426e-02 -4.19922732e-02
  1.12423249e-01 -2.48494209e-03 -3.30402516e-02 -4.14704196e-02
  6.88256398e-02  6.23711012e-02 -1.07145365e-02  6.26957193e-02
  4.18584831e-02  1.34402411e-02 -2.77461484e-02  8.87237769e-03
  2.00658664e-02  6.70257285e-02  3.21743712e-02 -8.43098480e-03
  6.31074458e-02 -1.00984285e-02  1.47713851e-02  1.60068553e-02
 -6.20992370e-02  8.43163580e-02 -3.64594162e-02  5.61000630e-02
  1.50641417e-02 -1.61035229e-02 -2.50606658e-03 -1.79815988e-32
  2.47213850e-03  4.46683951e-02 -1.56463496e-02 -1.24709858e-02
 -6.08100556e-04 -8.57446715e-03 -3.28161456e-02 -1.72214340e-02
  9.96353626e-02 -4.92083989e-02  7.37614483e-02 -6.01478331e-02
  1.52363166e-01 -2.80870907e-02 -4.11844403e-02  3.10830399e-02
 -3.39146070e-02 -5.96051663e-02 -4.36859429e-02 -6.29146099e-02
 -5.32990620e-02  4.71384451e-02  8.15819297e-03  4.52211462e-02
 -9.12827998e-03  6.75802529e-02 -7.31953653e-03 -3.94136719e-02
 -7.75697157e-02 -7.58185685e-02  3.01179234e-02  1.24190841e-03
 -3.84962633e-02  9.94651169e-02 -7.08215451e-03 -1.41584612e-02
  3.43121514e-02  1.68310050e-02 -6.63502961e-02  4.77941744e-02
  3.45523320e-02  6.49318546e-02  9.23637003e-02 -3.63846123e-02
  1.11121554e-02 -8.87563154e-02  7.47929588e-02 -1.26497284e-01
  1.07173868e-01 -5.21248877e-02  5.76490304e-03 -1.26290396e-02
 -1.24049380e-01  2.74801180e-02  5.37123270e-02  2.76618026e-04
 -7.92799518e-02 -7.79457837e-02 -8.33484679e-02  6.41778251e-03
  7.85984248e-02  2.77634058e-02 -8.71594995e-02  5.98803051e-02
  1.25107855e-01 -4.32166904e-02 -5.62991463e-02 -6.61018416e-02
  2.77221352e-02  3.17678899e-02  6.98574260e-02 -9.33419317e-02
 -5.91222644e-02 -6.23640022e-04 -1.18185403e-02 -2.58000381e-02
 -5.90271549e-03 -5.27670374e-04 -1.35354009e-02 -1.26888072e-02
 -5.68268746e-02 -7.05975220e-02 -4.49902453e-02  3.55028431e-03
 -1.00442462e-01 -8.57366398e-02 -4.98383529e-02 -4.47277874e-02
 -1.92551091e-02  3.70855741e-02 -4.93586175e-02  2.05328185e-02
  1.05309989e-02 -4.63026501e-02 -2.80373618e-02 -7.38417967e-08
  3.75647210e-02 -3.93048339e-02  2.34313086e-02 -2.00973041e-02
 -2.30504964e-02 -9.29159597e-02 -1.60006937e-02 -2.78968886e-02
 -3.37346345e-02  4.28536311e-02 -3.63756754e-02  8.61478299e-02
 -1.19455522e-02 -1.91752631e-02 -5.49438894e-02 -2.25383006e-02
 -7.93113932e-03  1.18591040e-01 -2.36245561e-02 -2.19076220e-02
  3.54623944e-02 -9.74638760e-02  2.79032234e-02 -8.90933350e-02
 -2.73264069e-02  1.44447628e-02  1.54742477e-02  1.97731294e-02
 -1.23670707e-02  7.68274143e-02 -1.52734118e-02 -6.18619286e-03
  3.33334990e-02 -7.52449855e-02 -4.01907638e-02 -3.43721472e-02
  3.25198621e-02  6.26784414e-02 -4.55672853e-02  8.65114257e-02
  1.05942503e-01 -6.23878501e-02 -9.21070855e-03  4.30465229e-02
  3.10829282e-02 -3.05569824e-02  2.41784472e-02  7.29914382e-02
 -6.00784943e-02 -7.75823044e-03  4.35497239e-02 -4.40342091e-02
  5.23636118e-02 -3.26170512e-02  4.70525678e-03 -6.43372759e-02
  9.46433283e-03  1.01477772e-01  4.65383679e-02  5.35242213e-03
  6.22233041e-02  5.32066263e-03 -1.19464444e-02 -4.50629815e-02]