[-3.10860970e-03  8.56983885e-02 -3.05288397e-02 -3.24116871e-02
 -2.40491685e-02 -2.21553426e-02  4.28372249e-02  1.10121578e-01
  6.76398650e-02  2.61865016e-02  6.66800886e-02  3.60212773e-02
 -1.54770510e-02 -3.51353958e-02 -8.79433453e-02 -6.04188964e-02
 -1.96387321e-02  2.11293437e-02 -4.03211378e-02  9.43095759e-02
  7.10752457e-02  1.97384879e-02  2.02860795e-02  1.92076061e-02
 -1.22342324e-02 -2.99761966e-02 -5.50101809e-02 -1.67761520e-02
  3.65089700e-02 -3.30617316e-02  8.08859318e-02  5.76638244e-03
 -1.83091927e-02 -7.99675062e-02  4.11011837e-03  8.25892482e-03
  4.71621491e-02 -6.56064078e-02 -6.29483312e-02  1.01721056e-01
 -6.86282739e-02  6.34073988e-02 -5.50291128e-02  2.05711313e-02
  1.56062292e-02 -2.90679149e-02 -1.19347602e-01  2.61212867e-02
  2.43662205e-02  7.12726638e-02 -9.45975110e-02  2.76889764e-02
 -1.50488522e-02  4.87968177e-02  1.95285026e-02 -4.73266095e-02
 -9.12216604e-02 -1.88594200e-02 -7.74646597e-03 -1.03292629e-01
 -1.48417652e-02 -2.02284753e-02  1.78004317e-02 -3.83937024e-02
 -2.61368994e-02 -4.44986904e-03  2.14206520e-02 -1.09431930e-01
 -3.73178571e-02  3.80804613e-02 -2.25638580e-02 -4.69565243e-02
  1.00281946e-01  9.09032077e-02 -8.75198245e-02  4.17805575e-02
  2.63354438e-03 -7.08436221e-02  8.93284194e-03 -8.51119310e-02
  1.60690993e-02 -3.39852981e-02  6.67641833e-02 -1.48352543e-02
  4.12968993e-02  1.54808341e-02 -1.56121822e-02  1.06967045e-02
 -5.86022362e-02  3.57029517e-03  5.21361716e-02  3.07290182e-02
  1.60975810e-02 -5.19457385e-02 -1.42953647e-02 -7.44782994e-03
 -1.81904323e-02  6.12130649e-02 -9.23364889e-03  1.53364250e-02
  9.87962540e-03  3.28455493e-02 -1.23738265e-02  7.60201141e-02
 -7.52348825e-02 -2.22942568e-02 -6.68166727e-02 -2.34817602e-02
  3.17530259e-02  3.89916115e-02 -1.07688121e-01 -4.66779917e-02
 -5.95465675e-03 -1.05550781e-01 -2.09280029e-02  4.51142788e-02
  7.23136868e-03 -2.46198568e-02  2.60275714e-02  3.07425894e-02
 -1.12480754e-02 -4.73643504e-02 -3.77105968e-03 -6.35240823e-02
  2.07481496e-02 -4.47526351e-02  5.12972139e-02  1.63480128e-32
 -5.58021069e-02  3.97656491e-04 -2.36868449e-02  4.29515876e-02
  3.38864475e-02 -5.25196046e-02 -1.21696509e-01 -7.42969289e-03
  8.27399194e-02 -7.27405772e-02 -1.13396607e-02  9.06039681e-03
 -2.56360564e-02 -4.04712418e-03 -1.02614714e-02  5.19471206e-02
  4.53436188e-02  1.02422629e-02  1.95568800e-02 -7.45557100e-02
 -3.71835493e-02 -2.49405950e-02  7.13283643e-02 -1.94850974e-02
 -5.46718761e-02  4.32223864e-02 -2.22697929e-02  3.49535272e-02
 -3.39241996e-02  3.76221724e-02 -3.92698403e-03 -3.55052650e-02
  3.12329195e-02 -1.19395643e-01 -4.23006900e-02  8.36027320e-03
  1.82637759e-02 -2.94880732e-03 -6.95070550e-02 -1.23610636e-02
 -3.13154422e-02  2.76162103e-02  4.90730219e-02  1.45851858e-02
  2.55421828e-02  2.36279164e-02  1.26451567e-01  3.85812446e-02
  9.89530608e-02 -2.79321335e-02 -4.34666360e-03 -6.34815395e-02
 -5.21447845e-02 -8.25569779e-03  2.73522343e-02  5.69890216e-02
 -9.58859846e-02 -1.79166440e-02  2.82803848e-02  1.54988561e-02
  8.03254023e-02  2.92925444e-02  2.89049465e-02  2.79515851e-02
 -6.11425191e-02 -7.85216615e-02 -8.75846483e-03 -5.08500040e-02
  1.05041802e-01  1.31095573e-02 -5.39050288e-02 -2.96517964e-02
  4.19286676e-02  4.33190577e-02 -2.05951147e-02  6.15961812e-02
  3.50012928e-02 -6.23593433e-03 -5.01253642e-02  5.17765759e-03
  5.97470719e-03  5.01870736e-02  3.58801745e-02 -6.74324669e-03
  6.79387525e-02 -3.25851291e-02 -1.17563093e-02  3.51157598e-02
 -5.95793352e-02  8.05105940e-02 -2.87654661e-02  4.90633175e-02
 -2.09573004e-03  9.05520562e-03  8.12602136e-03 -1.80697491e-32
  1.81295603e-04  2.95485221e-02 -7.16472417e-03 -1.25668291e-02
  1.30453873e-02 -4.15016571e-03 -5.64230233e-02 -8.61044880e-03
  9.53473896e-02 -4.83091138e-02  6.54020086e-02 -4.85079177e-02
  1.45740539e-01 -1.11345276e-02 -4.54558358e-02  9.91617423e-03
 -3.36741135e-02 -6.44591972e-02 -6.50121644e-02 -6.73681349e-02
 -6.22876808e-02  4.97339666e-02  1.46009615e-02  3.23053338e-02
 -1.24571407e-02  6.13835491e-02  5.35452971e-03 -4.36631031e-03
 -4.91648577e-02 -9.55956057e-02  5.33261374e-02  7.19724316e-03
 -3.79114188e-02  4.44169492e-02  5.85467881e-03 -1.50679890e-02
  6.07281514e-02  1.26851415e-02 -7.81369060e-02  1.10279182e-02
  1.88203603e-02  5.99263571e-02  8.40823427e-02 -3.03505175e-02
  2.77053053e-03 -6.22340292e-02  6.02088831e-02 -9.18208510e-02
  1.10830843e-01 -2.26107910e-02 -3.85652715e-03 -8.75222497e-03
 -1.03621021e-01  2.14235540e-02  7.29806572e-02 -2.75047719e-02
 -9.12643373e-02 -9.07904059e-02 -5.10571860e-02  2.26812735e-02
  8.38470161e-02  1.28512923e-02 -7.75066242e-02  8.37456360e-02
  1.30237713e-01 -3.39506082e-02 -5.19482866e-02 -7.90940672e-02
  2.00830344e-02  7.88347572e-02  7.26514608e-02 -8.25807303e-02
 -6.64296001e-02  1.86820850e-02  1.17819803e-02 -1.02686156e-02
 -1.08207539e-02  6.93386886e-03  1.50548741e-02  1.00248735e-02
 -4.44514304e-02 -7.47359842e-02 -2.98584960e-02 -2.79347762e-03
 -9.72868726e-02 -1.03826530e-01 -5.27510121e-02 -1.32744154e-02
 -8.03883653e-03  7.01588998e-03 -5.13291843e-02  3.08175501e-03
  1.60598177e-02 -6.90017939e-02 -3.53064649e-02 -7.42781907e-08
  1.65353809e-02 -6.04517460e-02  2.91992780e-02 -3.93010415e-02
 -4.09171171e-02 -1.04590505e-01 -1.57183371e-02  3.00235976e-03
 -4.69612107e-02  6.32345676e-02 -4.24264818e-02  1.12973005e-01
  7.49207987e-03 -3.39777283e-02 -3.54337841e-02 -2.40276232e-02
 -7.10855052e-03  1.15548745e-01 -9.11277346e-03 -4.66634519e-02
  4.08257544e-02 -1.06540330e-01  1.38769541e-02 -6.02005981e-02
 -2.54835989e-02  1.90436002e-02  2.25983914e-02  1.16537195e-02
 -3.06965150e-02  8.06500465e-02  9.59246047e-03 -3.45503516e-03
  5.36014922e-02 -5.81458807e-02 -7.01983348e-02 -4.76258732e-02
  5.15459068e-02  8.08778033e-02 -3.31886075e-02  8.63282830e-02
  1.29397646e-01 -5.40461913e-02  7.84324482e-03  2.12487243e-02
  1.67312212e-02 -3.84670720e-02  2.76392791e-02  6.17237762e-02
 -7.17587769e-02  2.39819568e-03  3.90780196e-02 -6.17825314e-02
  2.25452948e-02 -5.73202828e-03  1.48976129e-02 -6.10182434e-02
  1.63280312e-02  6.93593919e-02  5.27805164e-02  1.32616870e-02
  7.15313777e-02  1.28918430e-02  6.47130236e-03 -4.45526689e-02]