[ 1.95784087e-04  7.79630616e-02 -5.18564507e-02 -5.77657223e-02
 -5.54332286e-02 -1.84559859e-02  2.83750948e-02  1.31529704e-01
  3.94598916e-02  5.41678034e-02  8.40150788e-02 -7.28360424e-03
 -2.55015888e-03 -2.75280476e-02 -6.84073716e-02 -6.26587868e-02
 -1.04297046e-02 -2.47631539e-02 -4.53283712e-02  1.12845987e-01
  8.53623599e-02  3.43634523e-02 -2.38160025e-02 -5.08961920e-03
 -1.74859166e-02 -2.97579318e-02 -5.73685281e-02  2.06656642e-02
  1.27971796e-02 -2.10379045e-02  6.25869632e-02  2.17577275e-02
  3.72543931e-02 -6.49333075e-02  2.19708271e-02 -1.55263580e-04
  7.14681074e-02 -9.10963938e-02 -2.97504514e-02  9.25486982e-02
 -7.58017972e-02  2.96180639e-02 -5.99459074e-02  1.13738449e-02
  1.76765881e-02 -1.53400134e-02 -9.79055762e-02  5.12994453e-02
  2.57963706e-02  3.35221775e-02 -7.98736289e-02  7.45789632e-02
 -3.24506387e-02  1.50397234e-02  1.56721473e-03 -3.23573835e-02
 -1.08897388e-01  4.12886916e-03  2.87015494e-02 -5.92574291e-02
 -3.42439897e-02 -7.50022416e-04 -1.54392421e-02 -1.74547918e-02
  2.81458162e-02  9.54269525e-03 -5.56761585e-03 -1.16657294e-01
 -2.80261599e-02  1.36445966e-02 -6.41042143e-02 -3.59192044e-02
  5.84171414e-02  5.17293774e-02 -7.72898197e-02  3.06575205e-02
  2.70051397e-02 -3.13038453e-02  7.97808263e-03 -1.32264957e-01
  1.46129848e-02 -2.63283830e-02  3.89323793e-02 -1.05404565e-02
  8.08815360e-02  2.80558132e-02 -3.52234254e-03  2.21743062e-02
 -3.62740434e-03  2.61840015e-03  7.77534246e-02  5.25721814e-03
 -4.22984250e-02 -2.31674593e-02 -4.27737311e-02 -2.32928414e-02
 -2.67922785e-02  7.77462125e-02 -3.21252123e-02  4.78190668e-02
  3.64423357e-02 -3.38036800e-03 -2.44999118e-02  3.41097713e-02
 -8.30165520e-02  8.78856331e-03 -1.47490222e-02  4.00896035e-02
  4.73867841e-02  6.60251379e-02 -1.10845171e-01 -1.37134781e-02
 -5.90424761e-02 -1.01177029e-01 -3.10636591e-02  3.47526819e-02
  1.92685407e-02 -4.02791314e-02  4.81246822e-02  1.08219991e-02
 -3.14104408e-02 -4.24414836e-02  1.24672623e-02 -5.93164377e-02
 -2.18359660e-02 -5.35133220e-02  4.58792187e-02  1.53867479e-32
 -6.43427670e-02  1.39908697e-02 -9.84900049e-04 -9.46825929e-03
 -2.04512030e-02 -2.32234374e-02 -1.06482409e-01  7.45792361e-03
  6.33867979e-02 -3.95121500e-02 -1.73774660e-02  1.39536038e-02
 -6.87894821e-02 -7.22649507e-03  1.41862221e-02  3.58480625e-02
  7.64623210e-02 -1.30653335e-02 -4.29360867e-02 -6.69587553e-02
 -2.92339865e-02 -2.75768619e-02  4.93392684e-02 -3.21153812e-02
 -6.41160086e-02  3.45013998e-02 -2.28410847e-02  1.07039055e-02
 -2.68110670e-02  4.44874763e-02 -1.73749682e-02 -2.91017313e-02
  3.33131887e-02 -1.19131967e-01 -5.04821911e-02 -9.23187193e-03
  3.99779044e-02 -1.40760606e-02 -7.51673505e-02 -2.93628164e-02
 -6.50245845e-02  6.28296807e-02  7.77039677e-02  3.30070108e-02
  2.78560128e-02  1.44832740e-02  1.18053302e-01  2.41950210e-02
  8.70248601e-02 -2.09303619e-03 -5.10407127e-02 -6.15820065e-02
 -2.18306631e-02  2.72084754e-02  1.37368087e-02  4.69882116e-02
 -8.85387808e-02 -1.16842194e-02  4.21325006e-02  8.25833250e-03
  3.49619500e-02  2.87759490e-02  1.13821579e-02  5.04634790e-02
 -6.53325021e-02 -5.60529642e-02  1.74139962e-02 -3.04276943e-02
  1.10055633e-01 -4.58556600e-03 -2.23129205e-02 -4.24409248e-02
  5.05312234e-02  7.36138970e-02 -1.71073433e-02  7.37377778e-02
  5.46824001e-02  1.26591017e-02 -8.54777917e-03 -6.11864729e-04
 -1.84574991e-03  6.47527277e-02  2.35827956e-02 -3.20779681e-02
  7.78355002e-02 -1.16726104e-02  4.23317999e-02  2.13355455e-03
 -6.25419989e-02  5.48564307e-02 -5.30821877e-03  6.61786273e-02
  1.56135084e-02 -1.72315966e-02  1.87390316e-02 -1.68608296e-32
  7.67714251e-03  4.59704548e-02 -4.31972034e-02  1.71402171e-02
 -2.95320665e-03 -7.78167183e-03  2.27671675e-03 -1.55348927e-02
  6.71597347e-02 -7.48914108e-02  6.19407333e-02 -8.07428733e-02
  1.43191203e-01 -1.64336301e-02 -2.94321012e-02  1.18732145e-02
 -5.84671684e-02 -6.53077289e-02 -3.40007134e-02 -5.81181832e-02
 -5.45215197e-02  5.89883775e-02 -9.95539688e-03  5.77402674e-02
 -7.19168410e-03  6.06476776e-02 -2.40992829e-02 -2.24439688e-02
 -7.39213452e-02 -4.85194251e-02  4.38783400e-06  1.55949201e-02
 -2.81850621e-02  1.18817888e-01 -1.05350846e-02 -3.10287457e-02
  3.73384506e-02  3.90978940e-02 -5.28683700e-02  5.39045632e-02
  2.01377776e-02  9.24170911e-02  7.68994093e-02 -6.27132133e-02
 -3.34854834e-02 -6.98998049e-02  8.70502740e-02 -1.35738358e-01
  1.21709429e-01 -4.64785285e-02  2.23947596e-02 -6.70358713e-04
 -8.15183371e-02  2.34937295e-03  4.21239063e-02 -5.84054366e-03
 -5.19627407e-02 -1.07089013e-01 -9.83347297e-02 -1.39678968e-02
  9.79596525e-02  3.05550322e-02 -7.57516697e-02  5.37525713e-02
  1.09947316e-01 -5.17830588e-02 -2.94611529e-02 -5.95364198e-02
  4.00817990e-02  1.51774669e-02  2.44309604e-02 -1.01859555e-01
 -4.58199047e-02 -1.92449987e-02  1.90311652e-02 -5.64155951e-02
  1.67800989e-02  1.30066620e-02  2.06851196e-02  4.80638677e-03
 -6.94644824e-02 -5.71165271e-02 -4.31417748e-02  8.31069192e-04
 -1.02799363e-01 -8.10549036e-02 -4.92829643e-02 -7.09856674e-02
 -2.58423798e-02  6.11324981e-02 -4.76636067e-02  5.46071641e-02
  2.22175978e-02 -3.76412906e-02 -6.49656802e-02 -7.03125522e-08
  3.04242596e-02 -3.05053350e-02  2.59610228e-02 -3.51214595e-03
 -2.15067733e-02 -8.46321136e-02 -3.53127718e-02 -5.21835610e-02
 -3.26703526e-02  2.97794044e-02 -1.60455406e-02  7.34039173e-02
 -3.09472997e-02 -2.74535455e-02 -7.04735368e-02 -4.07262743e-02
  1.06879352e-02  1.03482075e-01 -4.23313566e-02 -1.14882980e-02
  6.15919009e-02 -5.85179962e-02 -9.97195253e-04 -7.58887008e-02
  3.24665965e-03  8.78047571e-03  1.00675412e-02  5.21299131e-02
 -9.15569763e-05  8.36465433e-02 -2.63709631e-02 -4.28538676e-03
  3.32109891e-02 -7.68611953e-02 -5.89406416e-02 -3.79542820e-02
  2.43916642e-02  6.34324700e-02 -5.05878963e-02  9.73310173e-02
  1.27491534e-01 -3.39979641e-02 -1.35516655e-02  3.40476073e-02
  4.85573895e-02 -2.12366469e-02  2.32600980e-02  6.01538084e-02
 -5.12782298e-02 -6.44618552e-03  4.83649746e-02 -1.45030003e-02
  5.67519888e-02 -1.94629971e-02  8.45337659e-03 -4.65829298e-02
  1.08687449e-02  9.57348868e-02  1.90910231e-02 -9.25092399e-03
  7.98253864e-02 -1.48390643e-02 -2.24738065e-02 -3.85298729e-02]