[-5.27027398e-02  5.25028035e-02 -7.26493821e-02 -4.17438447e-02
 -6.21693619e-02 -4.56320941e-02  8.28395188e-02  1.12098098e-01
 -1.96909551e-02  7.17299357e-02  6.98461086e-02 -4.57299165e-02
 -3.24926525e-02  2.63490546e-02 -1.48282424e-02 -7.94393793e-02
  3.53541411e-02 -4.21361700e-02 -4.43148948e-02  7.28360340e-02
  1.89201444e-01  3.83689813e-02 -8.02319348e-02  4.91893366e-02
 -6.22216873e-02 -4.79012616e-02 -9.27509665e-02 -2.08417680e-02
 -5.06378710e-02  2.13291012e-02 -5.68515528e-03  3.69103588e-02
  7.53290728e-02  1.24188149e-02 -2.55151317e-02  2.79553887e-02
  1.08030796e-01 -3.72665673e-02 -4.55915742e-02  4.00377326e-02
 -6.54162318e-02 -3.91763486e-02 -9.46550444e-02 -6.22282811e-02
 -1.66527368e-02 -5.74499667e-02  3.45096588e-02 -3.04575358e-03
 -4.60162535e-02 -2.05339063e-02 -8.14954266e-02  2.72649759e-03
 -1.59693919e-02  4.79776226e-02  7.63830403e-03 -7.30497018e-02
 -1.66443065e-02 -4.68440168e-03 -6.82213157e-02 -2.35396940e-02
 -6.13408871e-02  1.10702422e-02 -6.19046716e-03  2.34409664e-02
  4.71714027e-02 -7.80488318e-03 -3.90018933e-02  1.83100682e-02
 -2.74750758e-02 -1.19335819e-02  3.45819592e-02 -8.57528523e-02
  2.93639079e-02  8.46060179e-03 -7.86035210e-02  5.76651432e-02
  1.70511398e-02  8.08235630e-02 -1.83451809e-02 -1.62245318e-01
 -4.79758857e-03 -3.35409530e-02  3.78056383e-03 -5.62910642e-03
  1.71296727e-02  1.12620434e-02 -3.11911833e-02  7.59962201e-03
  8.23902711e-02  5.10208942e-02  4.41490561e-02  4.83455770e-02
  1.45404339e-02 -6.24758676e-02 -2.10049171e-02 -1.98958702e-02
 -3.63432840e-02 -4.99325730e-02  4.77390401e-02 -8.46534129e-03
  5.85529432e-02 -7.09347706e-03 -3.02542374e-02  1.54330190e-02
 -3.99648920e-02 -2.27397098e-03 -5.49335144e-02 -4.25604284e-02
  3.77114713e-02  1.02010526e-01 -9.21384618e-02  2.58272630e-03
 -8.69873911e-02 -1.65121332e-02 -7.80713856e-02 -1.40923411e-02
 -3.00415568e-02 -6.17928244e-02  1.19773068e-01 -6.35210276e-02
  1.02139879e-02  1.32317794e-02  1.10326018e-02 -7.94709846e-02
  1.10612042e-01 -3.52064497e-03  3.98062170e-02  8.07238787e-33
 -6.52859807e-02 -2.08983254e-02  1.73439533e-02 -7.06421956e-03
 -1.37929711e-02  4.33252603e-02 -3.23347896e-02  2.19351649e-02
 -4.55167936e-03 -3.44495731e-03 -6.99862838e-02  8.86436328e-02
  3.41600180e-03 -3.92590240e-02  9.85849053e-02 -7.26229558e-03
 -1.78881958e-02  3.10476590e-02  2.56125517e-02 -2.05370085e-03
 -1.41503830e-02  1.44126108e-02  9.85726807e-03  1.85722522e-02
  5.32857254e-02  6.25972673e-02 -8.79563242e-02 -4.77049910e-02
 -1.49176335e-02  6.08230159e-02  6.11754470e-02 -5.78672718e-03
  8.26206803e-02 -3.31665799e-02 -4.19700257e-02 -2.72720233e-02
 -3.33349891e-02  5.46680484e-03 -6.31000474e-02 -5.14904931e-02
 -6.12063683e-04 -1.58104431e-02  4.58004698e-02  7.33736381e-02
 -1.61579493e-02 -2.92653311e-02  1.97251569e-02  1.19479522e-02
  9.66533720e-02  3.99913862e-02 -3.56841572e-02 -6.91341832e-02
 -1.03415195e-02 -6.80773780e-02  1.90183837e-02  6.04087627e-03
 -6.07771538e-02  3.56487967e-02 -5.01661673e-02 -1.05902046e-01
  3.49484006e-04 -7.84044936e-02  3.37153277e-03 -5.89231215e-03
  2.97329593e-02 -7.34878257e-02  1.24125145e-02  5.50246909e-02
  7.50709996e-02 -2.88683455e-03 -7.73969442e-02  2.57181060e-02
 -1.72429124e-03  7.74489120e-02  3.47656272e-02  2.87482198e-02
  6.20784871e-02  2.05291193e-02 -5.36659285e-02  3.67567018e-02
 -2.64622550e-02 -1.93277430e-02 -8.97032488e-03 -3.28762345e-02
  1.00154512e-01  4.78349850e-02  5.11637218e-02  8.01387057e-03
  2.83959620e-02  4.90993783e-02 -2.46935878e-02  8.01457465e-02
 -9.37886611e-02  5.00100702e-02 -3.22170061e-04 -1.26832623e-32
 -2.02248134e-02  2.33182553e-02 -1.98877398e-02  1.40912868e-02
 -2.46584043e-03  2.45168875e-03 -4.12587449e-02 -6.09166957e-02
 -3.70150767e-02 -1.00151882e-01 -8.42386112e-02 -7.75584653e-02
  3.82989943e-02  1.22471669e-04 -9.51563418e-02  1.20528312e-02
 -3.46582904e-02 -6.82090819e-02 -4.40184884e-02 -3.61341946e-02
 -8.08508135e-03  4.66391854e-02  2.94811223e-02  3.10086925e-03
 -2.07244381e-02 -6.45507798e-02 -4.06085886e-02 -3.48918699e-02
 -5.95454276e-02 -4.58966715e-05  4.75969613e-02 -3.09740361e-02
  1.61800329e-02  5.71617335e-02 -1.26684541e-02  2.75307195e-03
  9.99453068e-02 -3.00827324e-02 -1.47606013e-03  9.56627801e-02
  9.04237330e-02  7.45831355e-02  2.66779127e-04 -7.12323189e-02
 -6.12486787e-02 -1.89881176e-02 -3.89708020e-02 -8.88314322e-02
  2.85663246e-03 -8.24446157e-02  1.15394376e-01 -4.33426909e-02
  1.87609270e-02  1.47780869e-02  1.80137958e-02  6.23836415e-03
 -7.41692167e-03 -6.18922897e-02 -1.16147920e-01 -1.92041676e-02
  1.07165381e-01  2.02598199e-02 -1.09110408e-01  2.20416505e-02
  7.12827966e-02 -5.45877069e-02 -1.37888277e-02 -3.70053239e-02
 -1.07063511e-02  1.94824245e-02  3.16030011e-02 -1.21596389e-01
 -6.09522983e-02 -2.51385830e-02  1.41519373e-02 -1.55860989e-03
 -1.16362013e-02 -1.43982321e-02 -7.50069842e-02  1.47631550e-02
 -1.36707146e-02  3.06757796e-03  2.82098874e-02 -7.07297102e-02
 -1.46270115e-02  2.77969688e-02  5.48557937e-03  5.89704737e-02
 -3.67464405e-03  3.09678968e-02 -6.14131205e-02  5.13739586e-02
  6.74366485e-03  3.68342586e-02 -3.03938650e-02 -6.62343567e-08
  6.85841814e-02 -4.83109131e-02 -4.38285613e-04  4.25805748e-02
  6.69202534e-04 -6.68904930e-02 -1.71154749e-03  2.41673645e-02
 -1.74613446e-02  6.24198429e-02  1.69550872e-03  1.18483277e-02
 -8.93897563e-02 -1.14377039e-02  7.36932307e-02 -8.23395476e-02
  2.45216303e-02 -5.46520855e-03 -3.52239795e-02 -1.71650220e-02
  7.36587048e-02 -5.12847304e-02 -8.47933516e-02 -3.95149067e-02
  3.82560343e-02 -1.90579668e-02 -4.53525521e-02 -3.63249443e-02
  4.20730468e-03  3.78169976e-02  3.03589622e-03  1.51577517e-02
  3.95316165e-03 -5.74872643e-02 -6.54901415e-02 -2.34024972e-02
 -7.43291248e-03 -4.54816408e-03  2.02592313e-02  1.41120059e-02
  1.03590511e-01  1.62661765e-02 -2.93995887e-02  3.85884680e-02
  7.59874061e-02  3.89210917e-02 -5.25709093e-02  8.76031071e-02
  5.03236800e-03 -9.77181420e-02 -4.11537141e-02  2.05828212e-02
  7.12928697e-02 -1.40181184e-02 -1.07158087e-02 -6.85112551e-02
  9.31822583e-02  4.23867069e-02  1.84263976e-03 -5.26167899e-02
  1.35141686e-01  1.71523951e-02  1.87529102e-02 -8.67212284e-03]