[-2.91481689e-02  9.12198052e-02 -4.17249016e-02 -3.07049341e-02
  1.07175773e-02  6.49053454e-02  6.00931011e-02  6.02580830e-02
 -2.29707938e-02  4.05330770e-02  1.50938988e-01  6.09520786e-02
 -5.47616370e-02  4.97198664e-02 -5.78742335e-03 -3.72834094e-02
  3.11883967e-02  4.83275205e-02 -5.10256290e-02  4.10017483e-02
  1.55498937e-01 -2.95923091e-03 -5.14148958e-02  4.12120223e-02
 -6.26064688e-02 -2.35072970e-02 -1.07194306e-02 -9.99860931e-03
 -6.27068430e-02 -3.67474221e-02 -7.72705255e-03  5.57998195e-02
  4.95950058e-02 -3.88398021e-02 -2.48625875e-02  1.02585414e-02
  6.50395080e-02 -1.42901866e-02 -2.22901199e-02  7.52504617e-02
 -9.90161449e-02 -2.20762510e-02 -1.02249265e-01 -4.83138263e-02
 -1.98601875e-02 -2.55844314e-02  2.47740606e-03  4.46533523e-02
 -4.13553640e-02 -2.95278300e-02  1.52496453e-02  1.37309013e-02
 -7.53013566e-02  1.22969896e-02  3.31431702e-02 -1.70816183e-01
 -8.27943608e-02 -1.80690642e-02 -1.69836648e-03  3.90336919e-03
 -4.51555252e-02  9.85416919e-02  1.80884358e-02  4.91554243e-03
 -2.87197847e-02  2.84782741e-02  4.64437902e-02 -5.77605031e-02
 -4.22701165e-02  5.79336006e-03  6.96038976e-02 -5.25745340e-02
  2.72291116e-02 -4.94351145e-03 -5.02827428e-02  7.04910308e-02
 -2.43567619e-02  5.02525382e-02 -1.63262542e-02 -2.16422200e-01
  5.69806993e-02  1.08300755e-03  1.45020485e-02 -2.54538245e-02
  3.00177485e-02 -1.77531503e-02 -2.87202541e-02  3.52750607e-02
  1.18970923e-01  4.13506217e-02  7.27849901e-02  1.17001213e-01
 -1.75658539e-02 -1.80967990e-02  9.12741125e-02 -1.59672238e-02
 -4.21207882e-02 -3.13468054e-02 -6.00415375e-03  2.36274470e-02
  7.41420239e-02  3.26046757e-02 -9.17720050e-02 -1.61440708e-02
  4.11067232e-02 -4.09995615e-02 -4.98746894e-03 -2.26533618e-02
  8.53810285e-04  8.04339051e-02 -7.13703930e-02 -2.13486571e-02
 -5.55758551e-03 -1.06209628e-01 -7.12184012e-02  5.32753067e-03
 -9.63501334e-02 -2.89197676e-02  4.67679910e-02  1.88007322e-03
  2.70424429e-02 -4.33299653e-02  6.22081123e-02 -2.35286504e-02
  1.75432116e-02 -8.07537585e-02 -1.52783487e-02  8.12589563e-33
 -2.82911006e-02 -4.04570661e-02 -4.28595170e-02 -1.47094512e-02
 -8.36221129e-03 -1.01939896e-02 -7.42649063e-02 -1.64303556e-02
  1.75047051e-02  5.78717589e-02 -7.85388425e-02 -3.44613846e-03
 -1.21100657e-02  3.05830054e-02  1.07860684e-01  7.62103498e-02
  5.83897978e-02  1.99374147e-02  1.94980837e-02  3.99547257e-02
 -4.67440579e-03  2.29648184e-02 -5.46110719e-02  6.32914016e-03
 -6.07374646e-02  1.69619560e-01 -6.05436675e-02 -2.69170031e-02
 -3.91843021e-02  4.06251177e-02  6.28164336e-02 -3.61142047e-02
  7.35413954e-02 -4.36183847e-02 -4.27100845e-02  1.82936620e-03
 -1.59427784e-02  1.56632494e-02 -7.78020769e-02 -8.73256661e-03
  9.19895712e-03  3.24632451e-02  1.93647351e-02  7.30516016e-02
  8.09078515e-02 -2.85377130e-02  1.05983624e-02 -4.56526279e-02
  8.19912273e-03  7.86897615e-02  2.56045721e-03  2.67839767e-02
  6.97510666e-04  1.38135431e-02 -5.93037084e-02  3.80390920e-02
 -1.25420466e-01  1.82609502e-02 -2.21206583e-02 -8.82023871e-02
  5.14249830e-03  2.31158379e-02 -6.34049997e-02 -5.17673343e-02
 -3.18326354e-02 -1.72914565e-02 -3.97978313e-02 -4.25929464e-02
  6.51972219e-02 -1.05871279e-02 -7.86761642e-02 -3.86431888e-02
 -8.27038102e-03  2.60481499e-02  1.01493737e-02  5.03565010e-04
  6.31068647e-02 -2.07418296e-02 -6.28688559e-02 -1.30848726e-02
 -4.11026217e-02 -5.24281375e-02  1.46122146e-02 -4.39739302e-02
  7.25698248e-02  4.57373671e-02  5.51843196e-02  7.27130324e-02
 -2.52416898e-02  1.31495874e-02  8.83024186e-02  4.52404730e-02
 -1.70984305e-02  9.15723108e-03  6.09580763e-02 -9.83801932e-33
 -1.74143333e-02  3.28140892e-02 -6.81336522e-02  6.39804453e-03
  8.81975330e-03  2.36678068e-02  9.85227525e-03 -2.15609167e-02
 -4.48015183e-02 -9.25269797e-02 -4.46621776e-02 -1.29538357e-01
  6.99878633e-02  4.30761948e-02  1.32335757e-03  1.55311208e-02
 -7.61353970e-02  1.21541610e-02 -2.62743961e-02  1.46362102e-02
 -2.03024615e-02  7.35526755e-02  4.32902910e-02 -1.31652663e-02
 -1.47674419e-02 -1.58306286e-02 -2.20050644e-02  2.15132888e-02
 -2.09316015e-02  3.64390723e-02  3.19265723e-02  8.19630455e-03
 -1.40194632e-02  1.20064534e-01 -3.14959399e-02 -8.66909549e-02
  6.41200766e-02 -6.89297095e-02 -6.32548034e-02  6.43182546e-02
  8.59952439e-03  5.78739606e-02 -2.38274783e-02 -3.51607166e-02
 -8.11923221e-02  1.57380067e-02  1.91530641e-02 -4.21388634e-02
  3.97312343e-02 -5.47630936e-02  6.44670576e-02 -2.23105215e-02
 -2.06309687e-02 -9.67681594e-03  3.12243346e-02 -1.94082428e-02
  1.89851143e-03 -3.05933710e-02 -5.88222966e-02  8.24063793e-02
  6.56850860e-02  4.03222106e-02 -1.18041839e-02  5.25384815e-03
  6.48525730e-02  2.79815216e-02 -1.15040289e-02  5.01379110e-02
  2.15175357e-02 -4.59789112e-02  3.31524052e-02 -5.17333634e-02
 -4.88769412e-02 -3.51706408e-02 -2.24736203e-02 -6.68001398e-02
  2.00419798e-02  6.42808601e-02  3.61832939e-02 -7.54628796e-03
 -6.13336042e-02 -5.66428229e-02 -3.06566227e-02  5.69696613e-02
 -9.64538977e-02 -4.70811203e-02  9.44672991e-03 -3.01973261e-02
 -6.59186998e-03  4.20660712e-02 -7.31776294e-04  2.11702213e-02
  5.96675240e-02 -9.99947917e-03 -7.04618543e-02 -5.68848471e-08
  6.00028224e-03 -1.25286616e-02  4.00517508e-02 -3.00640259e-02
  6.26918003e-02 -1.20081175e-02 -3.75795620e-03  2.88537219e-02
 -4.18041758e-02 -2.35026758e-02  1.02924764e-01  3.94778773e-02
 -4.41386029e-02 -1.58852208e-02  1.66108105e-02 -6.91596344e-02
  2.83307843e-02  2.21412145e-02 -4.95079495e-02 -3.81089263e-02
  3.55405658e-02 -7.57465232e-03 -4.56718244e-02 -9.18975249e-02
  1.12869320e-02 -2.37568039e-02  5.34329154e-02 -7.49526778e-03
 -2.56197155e-02  5.66033982e-02 -1.03451885e-01  3.16099892e-03
  7.42112100e-03 -6.27151504e-02 -4.84655276e-02 -2.72453278e-02
  2.68628891e-03  1.00200828e-02 -3.58322337e-02  1.24927238e-02
  1.18593313e-01 -7.90417269e-02 -2.33842339e-02 -1.43686011e-02
  6.74197003e-02 -7.36555085e-02  8.25696662e-02  1.61244683e-02
 -1.79832857e-02  4.92341220e-02 -2.72933058e-02  7.57590234e-02
  4.03606743e-02 -8.85133073e-03 -1.18050491e-02 -8.57915133e-02
  2.16282681e-02  4.43284400e-03 -4.00195830e-02 -1.93248205e-02
  7.32229725e-02  2.67969240e-02  5.91826104e-02 -7.35804439e-02]