[-2.24560717e-04  5.62157445e-02 -6.29631281e-02 -5.01267724e-02
 -9.20595378e-02  7.49849603e-02 -5.43255359e-02  2.18954999e-02
 -5.12130074e-02  8.91422033e-02  3.76103818e-02 -8.53792131e-02
 -4.26339544e-02  8.52687471e-03  1.91585887e-02 -3.09728161e-02
  5.84180765e-02  3.30185257e-02 -7.73942005e-03  1.20799743e-01
  1.10754110e-01 -1.05339102e-02 -2.85144281e-02  3.85774374e-02
 -1.00561507e-01  2.68622711e-02  5.18196402e-03  2.04580352e-02
 -2.46641841e-02 -1.71410032e-02 -1.44475966e-03 -1.14197936e-02
  8.62735733e-02 -5.19205481e-02  9.03686322e-03 -1.02738496e-02
 -6.42793812e-03 -1.77252274e-02 -2.16132216e-02  9.15535837e-02
 -2.64418405e-02 -1.08153354e-02 -4.60025780e-02 -3.23714316e-02
  4.36710306e-02  1.94286822e-05  6.94877133e-02  8.67688935e-03
 -2.16078740e-02 -5.93230128e-02 -2.52608210e-02 -5.27133942e-02
 -6.33233786e-02  7.02614188e-02 -9.73174465e-04 -4.48099039e-02
 -3.19343172e-02 -6.07045703e-02  3.08387615e-02 -2.28533223e-02
  1.19368697e-03  3.11732646e-02 -1.29350517e-02 -3.10118962e-02
  2.09556390e-02  2.69998685e-02 -4.28715162e-03  1.19842524e-02
 -3.83562455e-03  9.10035148e-02  3.91678438e-02  7.76723772e-03
  2.25483552e-02  5.78463115e-02 -6.52702302e-02  1.16275832e-01
  5.64061366e-02 -1.49425995e-02  5.58764301e-02 -2.07165793e-01
 -4.63689752e-02  2.64776833e-02  1.53247416e-02 -2.63018217e-02
  7.49825174e-03 -1.87621173e-02  6.42848685e-02  5.60870860e-03
  5.00250943e-02  2.68824119e-02  1.81730520e-02  5.40524758e-02
 -3.27723399e-02 -1.00984350e-01 -3.03675537e-03  3.62219065e-02
 -5.70366196e-02 -1.18522055e-01  1.12679072e-01 -3.43074203e-02
  1.03597045e-01  5.06475195e-02  4.49042656e-02 -1.40983975e-02
 -5.63067943e-02 -9.92728118e-03 -1.73077509e-02 -5.64471893e-02
 -4.85428795e-03  1.62253156e-01 -5.30376807e-02  1.47935683e-02
 -5.48008978e-02 -1.41978497e-03 -1.17411034e-03  5.12217768e-02
 -1.11482404e-02 -3.07131168e-02  4.43828925e-02 -3.78538556e-02
  6.91833766e-03 -8.21882114e-02  7.48637170e-02 -4.49465439e-02
  2.65197624e-02 -2.73335334e-02  5.00451773e-02  9.60292633e-33
 -4.96822186e-02 -8.15232471e-02 -1.75411329e-02  4.09246683e-02
  6.96911151e-03  2.41610464e-02  5.48077514e-03 -1.29371025e-02
  4.03184555e-02  3.42225544e-02 -3.41970958e-02  4.78772409e-02
 -3.34847644e-02  5.44988066e-02  5.67883290e-02  4.46270732e-03
  4.15390842e-02 -2.80761207e-03 -8.44860375e-02 -2.69993376e-02
 -8.98255873e-03  3.80271524e-02  3.25516835e-02  1.60403736e-03
 -3.76309752e-02  8.85221735e-03 -2.95569208e-02 -4.07592691e-02
 -8.97927731e-02  3.36948894e-02  9.76794437e-02  1.49863539e-02
  4.51485515e-02 -4.47209924e-02 -4.02014926e-02  1.35880839e-02
  2.24316912e-03 -7.19813723e-03  3.39004807e-02  9.73106921e-03
 -1.97537504e-02  1.62375334e-03  5.45022339e-02  3.43308821e-02
  3.58986465e-04 -9.78444964e-02  4.19735648e-02 -2.94638947e-02
 -6.56878669e-03  2.17870250e-02 -6.38529938e-03  6.33919984e-03
 -1.79381017e-02 -8.02470893e-02 -4.02245950e-03  3.05498075e-02
 -1.04227543e-01  4.19567898e-02 -6.75024167e-02 -1.06398612e-01
  1.63659523e-03  4.40203148e-04 -3.12350923e-03  7.60922804e-02
 -1.26477271e-01 -1.60931442e-02 -2.09113508e-02  4.25881334e-02
  9.19425935e-02  1.40415728e-02 -1.00384809e-01  2.78145410e-02
 -1.02599919e-01 -1.35386102e-02 -4.17410806e-02 -2.09349697e-03
  4.60876115e-02  4.37230691e-02 -3.26539688e-02 -3.26452032e-02
 -6.64907023e-02  4.73445170e-02  1.00392662e-02 -1.63724236e-02
  8.88902694e-02  5.51049262e-02  2.98867263e-02  6.36577532e-02
 -5.63959172e-03  2.74099037e-02  8.04966763e-02  3.49337868e-02
  2.87556928e-02 -4.76049446e-02  7.30845556e-02 -1.13820818e-32
 -3.23084593e-02  5.90474857e-03 -2.93610860e-02 -2.29484605e-04
  3.53786387e-02 -4.17372584e-02 -7.95087367e-02 -1.18294589e-01
 -6.76245615e-02 -1.47270218e-01 -8.62173587e-02 -8.76242369e-02
  5.47529720e-02 -5.83211295e-02 -4.44267839e-02  1.45579353e-02
 -5.51881455e-02 -3.81232314e-02 -4.53184694e-02 -7.17261955e-02
 -2.60283854e-02 -1.70550700e-02  5.15271015e-02 -3.14081684e-02
 -6.59015449e-03 -4.77243438e-02 -2.32596304e-02 -4.38899454e-03
  1.95268765e-02  1.09261821e-03  3.10586896e-02  5.68492413e-02
 -5.17287068e-02  1.20817974e-01 -1.25355702e-02 -7.61013925e-02
  4.09927703e-02  3.35994316e-03  2.80009639e-02  4.50196601e-02
  4.44707237e-02  9.37074423e-02 -1.94900949e-02 -2.72011012e-02
 -9.18223411e-02 -1.04781229e-03  3.56218554e-02 -8.67770463e-02
  5.93095124e-02 -8.16024840e-02  7.40810782e-02 -5.34971952e-02
 -3.66456583e-02 -2.37335488e-02  3.48016322e-02  1.70229450e-02
 -3.75538245e-02 -8.97186100e-02 -6.93194345e-02  7.71452487e-02
  4.03523408e-02  3.54556181e-02 -2.86130775e-02 -2.50221193e-02
  8.60213488e-02  2.34228596e-02 -2.64158919e-02  2.80497596e-02
 -1.10738715e-02  6.50151540e-03  9.11578313e-02  3.91966850e-03
 -5.17294966e-02 -4.86415289e-02  1.61306257e-03 -7.52540380e-02
 -1.55871725e-02  5.90782519e-03  1.58295650e-02  3.56084406e-02
  1.05432961e-02 -1.02935545e-02  9.35395062e-03 -5.37740998e-02
 -6.92827925e-02  3.97296511e-02 -3.51747386e-02  4.71253097e-02
 -3.71163115e-02  5.05846329e-02 -5.54984510e-02  3.08564566e-02
  3.25046740e-02 -4.54101600e-02 -1.39054134e-02 -5.21398320e-08
  1.07406555e-02 -6.43580360e-03  7.58917108e-02  1.54211735e-02
 -1.16457622e-02 -1.74878333e-02 -4.13797572e-02 -1.22216353e-02
  6.71649026e-03  5.01827197e-03  2.91313305e-02 -3.81359085e-03
  4.47283536e-02  2.53684595e-02 -6.41185567e-02 -5.79081364e-02
  7.99363628e-02  7.53426626e-02 -6.00700267e-02 -2.04182006e-02
  1.75086427e-02 -2.22224575e-02 -9.14483592e-02  9.47593246e-03
  5.77160567e-02  1.55803831e-02 -1.25407884e-02  3.53402905e-02
 -1.81406494e-02  4.24763039e-02  9.60253086e-03 -3.07142884e-02
  5.19635379e-02 -3.27195823e-02 -1.66671108e-02 -6.16899692e-02
  7.60403499e-02  2.54457314e-02 -8.76711309e-03 -5.28549440e-02
  1.83041766e-01 -8.29186887e-02  5.19518927e-03 -2.24072742e-03
 -2.36514714e-02 -2.72152433e-03 -3.17521729e-02  9.02574956e-02
 -3.17758620e-02  4.26838659e-02 -5.91772273e-02  8.25012382e-03
  6.22510575e-02  3.88096459e-02 -1.85995065e-02 -6.15665596e-03
  6.33095577e-02  9.91900358e-03 -1.96689349e-02 -2.30155829e-02
  7.66360760e-02  3.73665318e-02 -2.76609208e-03 -2.76241284e-02]