[-4.21749689e-02  8.84416848e-02 -3.33863869e-02 -2.99245175e-02
 -3.31157260e-02 -2.36854535e-02  4.07001078e-02  1.02965444e-01
  4.39435579e-02  3.62678356e-02  1.05785452e-01  6.00806950e-03
  1.44985470e-03  2.13438552e-03  2.13880371e-02  5.21739125e-02
  4.65912297e-02  3.06860427e-03 -2.41340976e-02  3.55383800e-03
  9.40037966e-02 -7.79121509e-03 -9.61523429e-02  7.00469166e-02
 -8.04032013e-02 -1.38036786e-02 -2.11776532e-02 -6.56377233e-04
 -4.89865243e-02 -3.05036791e-02 -6.47526756e-02 -1.53728109e-02
  2.61713751e-02 -2.09109318e-02 -1.95638072e-02 -5.13418904e-03
  5.84525317e-02 -8.12053028e-03 -7.00072199e-02  7.66930953e-02
 -3.79730761e-02 -7.74564501e-03 -8.62284079e-02 -7.23032206e-02
 -1.07793987e-03 -6.07101806e-02  8.54620934e-02  2.77002603e-02
 -2.16151271e-02 -4.36888784e-02 -4.31110002e-02  5.45029668e-03
 -5.18324263e-02  3.96961067e-03  1.12082921e-02 -7.11313859e-02
 -7.13845789e-02 -3.24557982e-02 -2.84512918e-02  3.43160750e-03
 -3.23804654e-02  1.75294827e-03 -2.85123158e-02 -6.28980389e-03
  5.17846197e-02 -1.88833401e-02  1.02875736e-02  1.08599605e-03
 -5.74763827e-02  5.98949492e-02  1.66571196e-02 -8.49502981e-02
 -1.27072132e-03  2.49973219e-02 -2.62668263e-02  8.26463997e-02
  4.95324284e-02  5.72566576e-02  7.51045253e-03 -1.42894611e-01
  3.31514440e-02  2.28247084e-02 -1.52375670e-02 -6.91875815e-02
  1.05863810e-02 -2.27425992e-02  1.97714567e-02  1.73693430e-02
  7.01911151e-02  2.28129234e-02  3.42505574e-02 -1.02646730e-03
 -1.90415159e-02 -7.99548030e-02  4.01681550e-02 -2.40671802e-02
 -3.02179400e-02 -6.26063645e-02  5.40545359e-02 -1.77634880e-02
  9.92331877e-02  2.52169166e-02 -6.00973028e-04  2.05549579e-02
 -4.11329605e-02  6.10584277e-04 -3.30168828e-02 -6.20808005e-02
  2.07950827e-02  1.25444338e-01 -6.66496083e-02 -1.77594945e-02
 -4.27345634e-02 -7.46794268e-02 -8.39683786e-02 -3.87177095e-02
 -6.29192144e-02  2.42239283e-03  6.18094914e-02 -7.99710602e-02
 -9.89871472e-03 -3.06398515e-02  4.52041253e-02  7.83002656e-03
  1.03940234e-01 -8.21778327e-02 -5.69826318e-03  1.02024711e-32
 -2.48766188e-02 -4.76214960e-02  1.33275585e-02 -8.37363396e-03
 -1.49129657e-02  8.70599970e-03 -2.84274593e-02  2.08685864e-02
  7.59045109e-02  6.36644885e-02 -6.03370853e-02  6.12259246e-02
 -1.99405681e-02 -1.59952585e-02  5.74846007e-02  2.14320216e-02
  5.24792485e-02 -4.46377276e-03 -1.40808139e-03  2.08223369e-02
  2.29763426e-02  3.35810855e-02 -2.07649041e-02  3.95910516e-02
  1.66438930e-02  4.29125577e-02 -3.74759473e-02  7.37784896e-04
 -1.02499485e-01  3.60303819e-02  6.69211075e-02 -2.72950660e-02
  3.45649906e-02 -3.66711169e-02 -6.93052411e-02 -6.06798008e-02
 -2.07888819e-02 -9.99921560e-03 -1.27120744e-02 -8.77392218e-02
 -2.02373434e-02  5.92970029e-02  6.95603415e-02  4.21782807e-02
  3.09306532e-02 -7.06728697e-02  3.76974642e-02  9.12821013e-03
  1.00296415e-01  7.70745054e-02 -5.48265129e-02 -5.92955649e-02
 -1.47781726e-02 -4.87782843e-02 -4.25734231e-03 -4.47578765e-02
 -8.83676335e-02  7.42387697e-02 -1.20246597e-02 -5.37178703e-02
 -7.60300234e-02 -2.33906303e-02 -6.39904886e-02 -6.42452538e-02
 -1.73600093e-02 -3.46430205e-02 -3.18254270e-02  1.84532944e-02
  7.89585859e-02  4.80665378e-02 -7.17377365e-02  2.04464346e-02
 -4.24897857e-02  1.47007080e-02  2.79349537e-04 -6.15405478e-02
  1.93138253e-02  3.56007218e-02  3.16385180e-03 -9.69279092e-04
 -1.19744772e-02 -2.60329675e-02 -2.26068683e-03  2.10157392e-04
  2.42525432e-02  7.75300488e-02  6.78781793e-02  2.58177463e-02
  7.02016661e-03  1.22973748e-01  2.75996476e-02  1.04507364e-01
  9.88505594e-03  8.95512849e-02  4.93626483e-02 -1.26352139e-32
  2.47050691e-02  2.55960878e-02 -2.47530788e-02 -5.40468935e-03
  1.36716347e-02  2.85739992e-02  3.01711597e-02 -7.21787335e-03
 -7.04511926e-02 -1.39571428e-01 -6.82253912e-02 -6.63738772e-02
  6.87656328e-02 -9.60652344e-03 -7.54684731e-02  2.38097571e-02
 -6.46127090e-02 -4.76203673e-02 -7.27279261e-02 -4.74873595e-02
 -5.36730364e-02  9.59021449e-02  8.51216689e-02 -1.69041865e-02
  2.95620579e-02 -8.72746930e-02 -1.27832033e-02 -2.62349769e-02
 -8.90347883e-02 -1.23812861e-04  4.80818115e-02  4.31940518e-02
  1.97610352e-02  9.78985056e-02 -3.78153622e-02 -7.89103657e-02
  7.03888312e-02 -1.22630158e-02 -2.11851411e-02  7.80554041e-02
  9.02125463e-02  8.87690261e-02  1.05110777e-03 -3.10536455e-02
 -6.83126748e-02  2.21005175e-02 -5.68882702e-03 -1.36520877e-01
  3.47593017e-02 -1.04039721e-01  1.17018640e-01 -7.07071498e-02
  5.88154793e-02 -2.40280088e-02  5.69318868e-02 -2.63141077e-02
  2.20792554e-02 -7.09645301e-02 -2.90945787e-02  8.97986256e-03
  6.80419728e-02 -2.68919114e-02 -3.74064930e-02 -3.29394080e-02
  8.14237595e-02 -1.55406659e-02  2.13473346e-02  4.48699445e-02
  3.44556868e-02 -1.28873819e-02  4.26631682e-02 -6.60394505e-02
 -8.15765336e-02 -7.95525834e-02  2.31810044e-02 -1.94286648e-02
 -4.91330354e-03 -6.09674267e-02 -4.24200818e-02  2.33598165e-02
 -1.03688471e-01 -2.03161929e-02 -9.97125404e-04 -5.73403109e-03
 -5.92469051e-02  2.35121939e-02  3.57325897e-02  5.44857457e-02
  1.92632619e-02  8.77620652e-02 -4.90165576e-02  4.08621840e-02
  3.23284045e-02  3.08611970e-02 -4.93400963e-03 -5.94818594e-08
 -2.45875050e-03 -5.28427213e-02  3.18506695e-02  1.78453363e-02
 -3.24526057e-03 -4.89461534e-02  1.02340952e-02  3.45148109e-02
  1.11619607e-02  6.23854883e-02 -8.95479601e-03  1.62347388e-02
 -9.60838720e-02  1.27556045e-02  6.60004914e-02 -6.94167987e-02
  5.71035743e-02  2.61222906e-02 -3.00602522e-02 -4.08204086e-02
  8.32925141e-02 -1.37322815e-02 -1.21455468e-01 -1.15858233e-02
  7.32121170e-02  9.61288624e-03 -1.85901187e-02  8.31488986e-03
 -3.07751037e-02  5.86855784e-02 -2.39307359e-02 -4.58859056e-02
  4.33378704e-02 -5.85817583e-02 -4.66148518e-02 -4.22392935e-02
  6.51661307e-02 -6.28901005e-04 -1.09381983e-02 -1.35179004e-02
  9.52391699e-02 -1.52876703e-02 -3.57732475e-02  5.03422320e-03
 -1.26860905e-02 -3.13697048e-02 -2.47315448e-02  3.31630521e-02
 -4.75086309e-02 -2.93900371e-02 -5.68270124e-03 -1.56618133e-02
  5.49464524e-02 -5.64988097e-03 -1.29226539e-02 -1.12784036e-01
  4.31301519e-02 -2.35167835e-02  1.16335871e-02 -4.78034541e-02
  1.77332327e-01  6.15389459e-02  8.63036048e-03 -2.76837982e-02]