[-1.23052823e-03  1.67955216e-02 -4.52291928e-02 -4.94948290e-02
 -8.06756243e-02 -2.42707524e-02 -2.14499123e-02  9.09028649e-02
 -2.71125007e-02  2.94572059e-02  5.88482618e-02 -4.33027409e-02
  3.46802063e-02  3.67046855e-02 -5.17566800e-02 -3.37601192e-02
  4.07648794e-02 -2.13691816e-02  9.47324093e-03  1.14613576e-02
  6.24192916e-02 -5.49507365e-02 -8.83428156e-02 -2.52051502e-02
  3.46719213e-02  1.81786325e-02 -1.05331965e-01  1.05111957e-01
 -9.48537812e-02 -7.43949711e-02 -9.06191096e-02  5.00030220e-02
 -3.69888283e-02 -1.62773449e-02  8.03375766e-02  2.24798899e-02
  2.35648528e-02 -3.93846519e-02 -5.82963973e-03  4.18129787e-02
 -7.01686591e-02 -4.48406339e-02 -1.81214418e-02 -6.02647811e-02
 -1.23404553e-02 -2.72053722e-02  5.76076144e-03  6.94486173e-03
  6.40035272e-02 -3.20971869e-02 -2.75733247e-02 -4.76067094e-03
 -2.89978422e-02  4.95286919e-02 -1.98230203e-02 -5.24810283e-03
 -1.43272970e-02 -6.49433397e-03  2.94531845e-02 -2.66460851e-02
  8.61273985e-03 -5.10406354e-03 -1.76948891e-03  2.61554271e-02
  1.83018073e-02 -1.07678749e-01 -8.49222764e-02 -4.82602902e-02
 -8.89902338e-02 -3.94062139e-02 -1.76710337e-02 -2.01684497e-02
  2.56354120e-02  1.05002401e-02 -2.81350091e-02  4.14297134e-02
  9.93319079e-02 -1.10726440e-02  3.85056138e-02 -1.51745304e-01
  2.60919444e-02 -1.51827661e-02 -5.68531081e-02 -6.92849606e-03
 -9.05755442e-03 -5.05089806e-03  6.46333098e-02  1.31035633e-02
  1.02725133e-01  1.40251778e-02  6.39346018e-02  4.05360237e-02
 -7.35113397e-02 -4.47382666e-02 -6.95847720e-02 -1.11615367e-03
 -1.37418928e-02  7.08580241e-02 -1.05303945e-02  1.34714218e-02
  7.84790218e-02 -8.24715290e-03  4.14280072e-02  3.41279758e-03
 -8.14675316e-02  4.15062234e-02 -6.35877997e-03  3.97249497e-02
 -7.72604300e-03 -3.47064324e-02 -5.97750209e-02  2.79958081e-02
 -1.11375794e-01 -6.69334382e-02 -8.23375657e-02  8.70820433e-02
 -7.34945387e-02 -5.38246818e-02  3.83449811e-03  1.59321763e-02
  4.68189232e-02  1.06747383e-02  2.91926339e-02  4.21517678e-02
 -3.59482914e-02 -2.53982581e-02  6.02305308e-02  1.07206848e-32
 -6.92945197e-02 -1.28394514e-02  4.61420603e-02 -3.76137048e-02
  3.99068445e-02  1.98158738e-03 -3.85204293e-02  8.99361670e-02
  4.42976318e-02  1.55013409e-02 -1.01205379e-01  5.79534583e-02
  2.70503797e-02 -5.70361316e-02  3.70208621e-02 -7.88090453e-02
  7.61157647e-02  4.46205437e-02 -5.91576323e-02 -3.48994657e-02
  1.83733925e-02 -4.19292686e-04 -2.85626929e-02  2.14505401e-02
  5.48602566e-02  3.39590721e-02 -1.73421726e-02  2.20270245e-03
 -1.94474533e-02  4.41816077e-02  3.46790776e-02  1.40357707e-02
  5.07527515e-02  1.84522886e-02 -1.72115006e-02 -3.70284989e-02
 -5.11836912e-03 -4.54808101e-02 -9.32540465e-03 -2.51419600e-02
 -4.96813431e-02  5.18986434e-02  4.63671833e-02  6.27568811e-02
  7.41694728e-03 -3.79030891e-02  1.01999119e-01  1.61404535e-02
  9.86491367e-02  3.60865854e-02 -7.28214011e-02 -9.21982992e-03
 -3.36868167e-02  2.91034672e-02  6.08874718e-03  1.61277428e-02
  2.81633455e-02  2.86560673e-02  3.88372727e-02 -9.24846344e-03
 -7.87298754e-02  5.18132895e-02 -5.55270463e-02 -1.56286620e-02
  6.83387294e-02 -2.21691187e-02 -8.55636690e-03  1.79540962e-02
  8.10089186e-02 -2.74644908e-03 -4.60457802e-02 -4.09317352e-02
  1.12838097e-01  5.14324941e-02  5.17791696e-02  8.63201730e-03
  1.36771984e-02  6.20698323e-03 -2.30665673e-02 -5.40744141e-02
 -1.47286549e-01  1.04005784e-02 -7.79232085e-02 -4.14914042e-02
  1.05303049e-01  2.81312112e-02  6.82055578e-02  7.93777127e-03
  1.93694569e-02  4.84725647e-02 -6.73047006e-02  4.30058725e-02
 -2.32318807e-02 -1.00402134e-02  2.19968930e-02 -1.25246381e-32
 -4.48911600e-02  8.03999230e-02 -1.61761679e-02  8.30030907e-03
  1.79973543e-02  7.24431798e-02  2.81577725e-02 -7.60039985e-02
 -1.82539076e-02 -1.46517775e-03 -6.15852289e-02 -5.20677865e-03
  3.50883342e-02 -4.71739843e-03 -4.66505811e-02  6.84996136e-03
 -7.42665529e-02 -1.40513713e-02 -1.65823177e-02  8.08416866e-04
 -2.65051555e-02  1.31549165e-01  6.08189292e-02  1.11780636e-01
 -3.76374670e-03  2.52469443e-02 -4.68895817e-03 -4.56313603e-02
 -4.47257087e-02  5.15713580e-02 -1.07522151e-02 -7.65000582e-02
 -3.56495865e-02  2.20707685e-01 -5.21235839e-02 -5.31317219e-02
  3.33333425e-02  2.12042313e-02  4.11177985e-02  1.24546409e-01
  3.35239433e-02 -2.26769373e-02  7.22567663e-02  7.04489462e-03
 -8.46161172e-02 -1.26401007e-01 -1.37109859e-02 -1.19172595e-01
  2.01265886e-02 -2.33574510e-02  1.43163847e-02 -9.45243798e-03
 -9.53700691e-02 -2.26474199e-02 -3.98355387e-02  4.87838080e-03
  3.27216163e-02 -4.16009650e-02 -1.36031717e-01 -3.63630466e-02
  1.85411483e-01  2.81889066e-02  7.83279911e-03  5.16209304e-02
  8.99849609e-02 -4.51637208e-02  1.52609088e-02  6.77042780e-03
  7.23920250e-03 -8.33404586e-02 -2.76420768e-02 -1.74951330e-02
  1.06649501e-02 -8.67100880e-02  4.05704267e-02 -5.41099794e-02
  8.47575953e-04  2.24519963e-03  3.75628956e-02 -2.18426883e-02
 -8.79854336e-02 -3.36734019e-02  2.33930871e-02 -3.19114514e-02
 -9.45660695e-02 -6.14749454e-03 -1.09583279e-02  2.00882107e-02
  4.80156466e-02  2.73144413e-02 -5.74428998e-02  6.03618063e-02
  8.49584043e-02 -3.00247762e-02 -2.71770861e-02 -5.39625518e-08
  9.53736994e-03  2.50210352e-02  4.10762429e-02  8.48392025e-02
  3.20815183e-02 -9.45464000e-02 -1.96024422e-02  2.71019209e-02
  1.00950673e-02  1.78822652e-02  1.01077640e-02 -2.06985194e-02
 -2.46321168e-02 -1.03333881e-02 -1.95129216e-02 -5.63299842e-02
  7.27161067e-03  5.31049632e-02 -4.30434234e-02 -6.70064688e-02
  3.19463164e-02 -1.67194079e-03 -5.46880737e-02  4.14028764e-03
 -7.98156392e-03  1.65048204e-02 -5.88316247e-02  4.82324772e-02
  1.28254723e-02  3.27326693e-02  7.35586364e-05 -4.68625464e-02
  2.07035653e-02 -7.46314302e-02  4.58103530e-02 -2.63343211e-02
 -4.65968810e-02  6.98910374e-03 -4.20604758e-02  7.41967484e-02
  3.33921872e-02 -4.27649822e-03 -2.86020935e-02  3.14289033e-02
  4.47212122e-02  1.95449404e-02 -1.01867907e-01  5.30050090e-03
  5.61028495e-02 -6.82339370e-02 -3.64963859e-02 -2.66635977e-02
 -2.88260984e-03  2.08244305e-02  1.95313226e-02 -2.54729763e-02
 -1.38692204e-02  3.11144236e-02 -4.92659286e-02  3.79034393e-02
  3.06200869e-02 -2.93323658e-02 -7.59093417e-03 -4.57200184e-02]