[-4.14364859e-02  3.45326513e-02 -7.05982894e-02 -6.67271530e-03
 -1.12266846e-01  1.35258008e-02 -4.37247120e-02  5.02367616e-02
  3.90693061e-02  5.27903996e-02  7.39375949e-02 -3.65829505e-02
  3.86135915e-04  4.87486012e-02  3.32844965e-02  2.96158716e-02
  4.64484990e-02 -8.15577898e-03 -1.36781801e-02  4.84786592e-02
  7.40059614e-02 -6.42761588e-02 -4.89351228e-02  1.22893751e-02
 -8.13143179e-02 -9.10705246e-04 -5.33322953e-02 -9.03260522e-03
 -4.06758003e-02  5.16420754e-04 -1.52336853e-02  8.90057087e-02
  1.17228225e-01 -2.43714564e-02  1.70831978e-02  2.07557110e-03
  9.39805340e-03 -1.68310478e-02  5.83349727e-02  5.86265810e-02
 -1.04504429e-01 -5.64495847e-02 -1.19860746e-01 -4.84675206e-02
 -3.07555534e-02  3.25669758e-02  1.92613229e-02  8.11246485e-02
  9.90082975e-03 -7.42661655e-02 -1.81789026e-02 -4.08140235e-02
 -7.78698400e-02  8.84324685e-02 -1.72192778e-03 -2.26912405e-02
 -4.34393249e-02 -3.45176868e-02  2.00144444e-02  8.34851526e-03
 -3.16131450e-02  6.39294013e-02 -4.75845707e-04  2.54451632e-02
  2.68789418e-02  3.67313176e-02 -8.61458182e-02 -4.35579009e-02
 -1.69042461e-02  1.05882846e-01  4.63831313e-02 -4.83382344e-02
 -1.12371910e-02  6.08240329e-02 -1.65970670e-03  4.43456434e-02
  3.60643491e-03  3.80426901e-03  3.98065932e-02 -1.80812389e-01
  3.54470201e-02  4.96234931e-02 -3.30344290e-02 -6.23000525e-02
  1.11290151e-02 -8.55498388e-02  6.84316307e-02 -3.12560648e-02
 -1.25163300e-02 -9.29653924e-03 -4.03517671e-02  1.06406072e-02
 -1.24024972e-03 -5.66088147e-02  7.38408044e-02  8.05476308e-03
 -5.22528365e-02 -4.69189100e-02  1.18101940e-01 -4.23371829e-02
  5.60631938e-02  7.21572014e-03  1.15722297e-02  1.64748859e-02
 -7.98562467e-02 -6.49642497e-02  6.25371411e-02 -3.36366482e-02
  1.43859787e-02  1.15051322e-01 -6.22578934e-02 -5.23806326e-02
 -5.21832481e-02 -8.61545578e-02 -1.64489876e-02  2.17911825e-02
  7.20923990e-02  4.53458093e-02  3.23776305e-02 -5.02437390e-02
  1.29519287e-03 -5.69027849e-02  1.28414690e-01  8.67608096e-03
  1.32296652e-01 -2.99497638e-02 -6.92389086e-02  1.10691968e-32
 -5.04575251e-03 -4.98679131e-02 -2.94251982e-02  3.06138434e-02
 -1.61390603e-02  5.32102436e-02  6.09203093e-02 -9.48612951e-03
  6.41753972e-02  1.26629680e-01 -8.19972530e-02  5.93157373e-02
  1.12723019e-02  3.01269926e-02  1.31454140e-01 -1.24508925e-02
 -2.60449518e-02 -3.18703577e-02 -8.43536481e-02  2.54049283e-02
 -1.23541290e-03  6.22682944e-02  4.15658765e-03  4.72882725e-02
 -2.27589812e-02  3.23637053e-02 -7.13177174e-02 -4.24395017e-02
 -3.47987004e-02  3.91715690e-02  4.27160859e-02 -2.65960349e-03
 -7.05494639e-03 -3.56040895e-02  3.95029644e-03 -1.84675455e-02
  5.55055253e-02 -3.45273991e-04  1.75142251e-02 -1.22217443e-02
 -2.94834226e-02 -4.80012149e-02  5.00088558e-02 -2.66723745e-02
  5.85946366e-02 -1.86189450e-02  3.68738621e-02 -1.48526123e-02
 -3.55761498e-02  5.13579771e-02 -2.28333231e-02 -1.67651772e-02
 -2.74879523e-02 -7.62528256e-02 -8.59130360e-03  6.55080825e-02
 -7.59185031e-02  5.59424832e-02 -2.84151714e-02 -8.85664374e-02
 -2.56770682e-02  6.33537490e-03 -3.89431976e-02  1.57740470e-02
 -1.00524232e-01 -6.82171509e-02 -2.31994111e-02 -3.11934818e-02
  1.66038573e-02  3.14118005e-02 -7.63314217e-02  2.66465778e-03
 -1.17488012e-01  6.57054558e-02  2.01258417e-02  3.20969243e-03
  2.47627795e-02  4.06475440e-02 -1.72110796e-02 -4.99383220e-03
  4.08373363e-02  9.04482044e-03  5.77296577e-02 -6.88401088e-02
  3.26416828e-02  1.31601691e-02  5.90798333e-02  7.40468316e-03
  6.93497658e-02  1.16135821e-01  2.75027826e-02  2.52816677e-02
 -2.33867019e-02  2.78551653e-02  6.89277574e-02 -1.27228191e-32
  4.76089865e-02  1.38546049e-03 -8.70493725e-02 -6.96847141e-02
 -1.50914593e-02 -3.12297270e-02  5.12317047e-02 -4.59236689e-02
 -5.14234491e-02 -8.87946039e-02 -1.53625589e-02 -9.37146693e-02
  7.73217008e-02 -4.55706902e-02 -9.92871672e-02  9.08703171e-03
 -1.54096959e-02 -5.98528795e-02 -4.86488789e-02 -2.87442897e-02
 -4.65385839e-02  6.58869147e-02  4.65355329e-02 -8.17828551e-02
  3.08791045e-02 -2.90416777e-02 -1.82944778e-02  6.33510128e-02
  7.92296790e-03  4.46186736e-02 -1.14458902e-02  2.73285378e-02
  2.36452464e-02  5.86929880e-02  2.83491574e-02 -1.37905777e-02
  4.22833413e-02 -1.72324106e-02  5.15919439e-02 -1.75337847e-02
 -1.59109998e-02  5.88692725e-02 -1.04526244e-02 -2.15580743e-02
 -2.80250236e-02 -1.44654447e-02  1.01632494e-02 -7.67340362e-02
 -1.00140776e-02 -8.49508420e-02  5.18151186e-02 -3.45466174e-02
  3.96036021e-02 -5.98544430e-04 -5.55300247e-03 -1.65236145e-02
 -1.25947809e-02 -6.41265959e-02 -1.87352020e-02  1.18438937e-01
  7.35371932e-02 -4.90518892e-03 -3.82453054e-02 -3.05807851e-02
  8.01286846e-02 -1.73486676e-02 -6.58411980e-02  4.06457968e-02
  2.23656129e-02  3.38946693e-02  6.85039982e-02 -1.23879895e-01
 -4.80714440e-02 -2.56788898e-02  1.84034870e-03 -2.43145749e-02
 -6.58250377e-02  7.12479576e-02 -3.02617177e-02  5.30192181e-02
  1.21260518e-02 -5.19795120e-02  1.09104216e-02 -3.41314003e-02
 -6.16458394e-02  3.54102366e-02 -5.06648719e-02  4.85627390e-02
 -3.91508229e-02 -2.52437126e-02 -6.27928823e-02 -2.80873291e-02
  3.05472016e-02 -1.07615348e-02 -1.14860563e-02 -5.86326401e-08
 -1.29771736e-02 -6.24424070e-02  6.42833263e-02 -3.71487141e-02
  5.59359863e-02 -5.66045046e-02 -1.29226977e-02 -2.55685821e-02
  4.82715666e-02  1.97767187e-02 -4.45508957e-02  6.46222569e-03
 -4.49601300e-02  2.18186551e-03  2.42223088e-02 -1.76052190e-02
  9.94931534e-02  2.27366593e-02 -4.61605005e-03 -1.65091250e-02
  7.11188912e-02 -4.51786444e-02 -1.35633677e-01 -3.93901207e-02
  2.17369776e-02  2.43394841e-02 -1.03505943e-02 -7.48316497e-02
 -6.22249283e-02  3.31185237e-02 -3.63655301e-04  3.17044593e-02
  2.65597831e-02 -1.03125386e-02 -1.01363122e-01 -6.93929323e-05
  2.44925264e-02  2.05538385e-02 -2.72930134e-03 -3.62501070e-02
  1.36656821e-01 -1.12608848e-02 -4.72707413e-02 -3.86887118e-02
 -1.82210607e-03  3.11028089e-05 -8.46758857e-03  2.01547816e-02
 -4.54898924e-02  2.89244354e-02 -5.51157221e-02  3.07282135e-02
  6.99000806e-02 -6.57151965e-03 -1.66863464e-02 -7.55827278e-02
  5.29860593e-02  4.97999489e-02 -4.38126624e-02 -9.97507386e-03
  7.10676983e-02  1.08803414e-01  4.72452631e-03 -4.65649813e-02]