[ 2.92008314e-02  8.36263373e-02  6.22483902e-04 -8.00523162e-02
 -9.29634124e-02 -1.13246562e-04  1.87572688e-02  8.86490121e-02
 -1.05756084e-02  8.99192467e-02  4.24268506e-02 -5.99820726e-02
  7.95860589e-03  1.30013935e-02 -2.95540970e-02 -3.58088017e-02
  1.17513768e-01 -1.21445544e-02 -5.00398315e-02  6.46626502e-02
  1.10974044e-01 -2.96297278e-02 -5.38587645e-02  2.68069431e-02
 -4.95957918e-02 -4.86997701e-03 -2.50217933e-02  1.68927014e-02
  1.27364220e-02 -3.29831652e-02 -5.20081334e-02  8.24390128e-02
  3.17820460e-02 -6.46904111e-02  3.15959798e-03 -3.90196256e-02
  6.64369538e-02 -1.01943441e-01 -1.19757261e-02  5.23530915e-02
 -5.71690872e-02 -5.35865612e-02 -4.36187163e-02 -2.39921529e-02
  5.92619665e-02  2.09176261e-03 -2.90291291e-02  4.74814437e-02
  1.51533978e-02  2.05149837e-02 -9.66284126e-02 -5.73416008e-03
  1.13226697e-02  3.52041572e-02 -5.14082685e-02 -8.78032744e-02
 -1.79443024e-02 -2.92398129e-02 -3.29783582e-03 -4.77682091e-02
 -5.22855781e-02  1.80792939e-02 -4.83456962e-02  5.33846542e-02
  5.34985177e-02 -2.68035382e-02 -2.56853411e-03 -2.95816790e-02
 -8.32226649e-02  6.32007644e-02  2.94319373e-02 -2.05457471e-02
  6.35734424e-02  3.58765596e-04 -6.32330775e-03  3.33075672e-02
  1.28292954e-02  5.46923578e-02  4.90253121e-02 -1.32185280e-01
  3.40273120e-02  1.45498728e-02 -1.16972288e-03 -1.77419782e-02
 -2.09630281e-02 -9.65760574e-02  4.30174358e-02  5.01390919e-02
  7.48592392e-02 -3.82276662e-02  9.96973068e-02  7.34627321e-02
 -6.45327121e-02 -2.57174931e-02  5.29340021e-02  4.64222170e-02
 -4.89622876e-02  2.05102679e-03  5.71986996e-02 -1.17079830e-02
  3.07755172e-02  3.77112813e-02  2.92764138e-02 -1.41819045e-02
 -9.16415974e-02  1.02639860e-02 -1.27260238e-02  1.59355742e-03
  3.18614542e-02  8.06155652e-02 -4.77106981e-02 -3.64830457e-02
 -6.53778240e-02 -4.51360606e-02 -6.87906072e-02 -3.46930362e-02
  1.78664979e-02 -4.47830632e-02  2.54920195e-03 -4.26910929e-02
  5.83054498e-03  8.71495716e-03  1.69852544e-02 -2.90917531e-02
  4.76054624e-02 -5.77877127e-02  4.14638445e-02  1.23562089e-32
 -6.02110811e-02 -8.79262984e-02  5.13022672e-03 -2.81957537e-02
 -2.64570732e-02 -1.29935471e-02 -3.03448923e-02  7.01950863e-02
  6.14701398e-02  2.95066684e-02 -1.21819727e-01  3.99287604e-02
 -1.53947966e-02 -2.71592926e-05  5.64862080e-02  3.50901228e-03
  2.76735388e-02  4.09592129e-02 -5.06559834e-02 -2.28252746e-02
 -2.09093429e-02  2.87564434e-02  2.05720458e-02  1.44763221e-03
 -7.21791526e-03  1.02656707e-01  1.24589493e-02 -1.90131590e-02
 -9.59915295e-02  3.39885056e-02  9.51396897e-02 -3.77971940e-02
  1.89522151e-02 -6.41588792e-02 -1.04107678e-01 -1.63341518e-02
 -7.46234739e-03  2.19674744e-02 -2.45112441e-02  2.13635415e-02
 -8.42424184e-02  3.50195579e-02  8.23317692e-02  3.81978005e-02
 -1.90901011e-02 -6.15642630e-02  4.17198204e-02 -3.09277195e-02
  1.32712096e-01  6.05021268e-02 -7.29185045e-02 -1.27211679e-02
 -3.95978503e-02 -1.40360883e-02 -3.34789753e-02  3.11850570e-03
 -8.62415209e-02  5.44863380e-02 -3.68800499e-02 -7.34323412e-02
 -2.30220109e-02 -1.21645257e-02 -2.34084874e-02 -7.38347089e-03
 -7.33235106e-02 -4.26773988e-02  1.29053993e-02 -4.29067388e-03
  7.65881985e-02  1.04338266e-02 -9.58532467e-02 -3.02068349e-02
  5.13696261e-02  5.94338551e-02  2.04403922e-02 -7.92478211e-03
  9.60823968e-02 -1.43217398e-02 -3.70839238e-02 -1.72134042e-02
 -3.34187299e-02  7.74056790e-03 -7.64924660e-02 -1.84292737e-02
  4.83187549e-02  6.44267574e-02  8.04425105e-02  3.56051661e-02
 -4.10907567e-02  2.13366393e-02  1.28799267e-02  4.59946133e-02
 -9.63402167e-03  2.95611471e-02  5.79435974e-02 -1.45538955e-32
 -1.49907907e-02  5.94541207e-02 -1.96098909e-02  5.26394881e-02
  2.86300704e-02  2.01253183e-02  7.11108819e-02 -1.97650096e-03
  1.11482525e-02 -2.74843518e-02 -4.95145619e-02 -5.54848649e-02
  5.32324761e-02 -3.76653485e-03 -9.89824384e-02  7.84209818e-02
 -1.08864151e-01 -4.32999469e-02 -4.23860252e-02 -5.14228875e-03
 -3.35046952e-03  1.59279779e-01  8.64360631e-02 -2.05694400e-02
  1.72663480e-02 -3.05675603e-02 -4.03585508e-02 -2.84426995e-02
 -1.81964338e-02  9.75295249e-03  5.96874021e-03 -6.85597062e-02
 -3.47916335e-02  8.54017064e-02 -4.08654772e-02 -7.39474744e-02
  4.12251838e-02 -7.11472705e-02 -3.27532813e-02  9.56982970e-02
  6.07135631e-02  4.38359268e-02  5.37792919e-03 -3.38184349e-02
 -3.58088128e-02 -3.21401544e-02  3.04533131e-02 -1.30696371e-01
  5.11619374e-02 -1.22258231e-01  7.87599906e-02  1.41160423e-02
 -2.47932412e-02  3.26609276e-02  6.67839423e-02 -2.11668219e-02
 -1.07317924e-01 -8.88588801e-02 -1.16116025e-01 -3.18790507e-03
  7.12285116e-02  1.35415513e-02 -3.18462253e-02 -4.92951274e-02
  1.12804122e-01  2.82270070e-02 -2.49314476e-02 -2.85638422e-02
 -1.69200562e-02  1.38824917e-02  1.12516135e-02 -3.42913903e-02
 -1.79349873e-02 -5.98597601e-02  5.14307171e-02  2.86684316e-02
 -1.27786035e-02 -5.69976829e-02 -1.92863960e-02 -1.01278666e-02
 -4.41676341e-02 -2.31007989e-02 -4.26263511e-02 -3.58518586e-02
 -7.36525506e-02 -2.10447982e-03 -2.81154942e-02 -3.33706639e-03
 -2.83791237e-02  1.02897197e-01 -6.16834685e-02  3.35788317e-02
  8.78669471e-02  2.00012289e-02 -3.94143760e-02 -6.25475138e-08
 -2.43686489e-03 -5.18859103e-02  7.03558500e-04  4.03378755e-02
 -3.11775804e-02 -4.24628817e-02 -5.64977005e-02 -8.64241924e-03
 -6.20750859e-02  1.89647432e-02  1.01822138e-01 -2.85485145e-02
 -1.04732454e-01  1.68595668e-02 -3.77442874e-02 -2.14956105e-02
 -1.85333099e-02  6.38828576e-02 -3.99510339e-02 -8.18498582e-02
  6.43133372e-02 -1.24744894e-02 -4.19913158e-02 -1.68827567e-02
  3.05092391e-02  7.25884885e-02 -3.11496388e-02  1.57680232e-02
 -3.21035236e-02 -8.32477864e-03 -1.92696285e-02 -4.25961167e-02
  1.17022032e-02 -3.68998684e-02 -5.82558364e-02 -1.01932557e-02
 -4.55066301e-02  7.02559724e-02 -2.08187988e-03  2.11656764e-02
  6.96924031e-02 -8.13961700e-02 -5.13663106e-02  2.29205433e-02
  4.35746163e-02 -3.67646441e-02 -5.06523289e-02  6.20436035e-02
 -2.29439978e-02 -4.59811129e-02 -1.89537695e-03 -7.92075768e-02
  3.26275788e-02  2.72915438e-02  1.19749259e-03 -3.15625896e-03
  7.65733346e-02  1.86036658e-02  3.02620861e-03  1.92150529e-02
  9.77704301e-02  8.38224292e-02 -3.47378962e-02 -6.43653274e-02]