[-3.48019190e-02  3.16675864e-02 -8.24663267e-02 -6.62967116e-02
 -6.45523891e-02  2.53825961e-03  3.13794427e-02  7.10055828e-02
 -1.49652641e-02  5.00376299e-02  8.64944458e-02 -2.38000639e-02
  5.42610558e-03 -1.70988217e-02  7.26120546e-02  2.17840485e-02
  4.08985950e-02  1.41563639e-02  5.83221354e-02  6.73699053e-03
  1.29014805e-01 -2.55187545e-02 -8.06536898e-02  3.68096903e-02
 -1.13672301e-01 -1.07333120e-02 -3.54067124e-02 -3.31008248e-02
 -3.02315932e-02 -5.57066612e-02 -2.15342660e-02  4.17077169e-02
  6.71268478e-02  2.37338734e-03  5.56927966e-03 -8.53439793e-03
  5.40628433e-02 -9.28151421e-03 -4.28256355e-02  8.83016214e-02
 -1.01243623e-01  1.79278422e-02 -6.32960722e-02 -9.39817578e-02
 -7.84830097e-03 -2.97297537e-02  7.41070136e-03  5.57887256e-02
 -2.60719936e-02 -2.07417328e-02 -5.01982728e-03  2.98453472e-03
 -6.61421642e-02 -1.14771705e-02  3.77032012e-02 -7.81517178e-02
 -1.30992592e-03 -3.41673964e-03  2.25835573e-02 -3.87752019e-02
  3.69033357e-03  4.38206736e-03 -8.40311497e-02  1.16823055e-02
 -5.44304319e-04  3.55120040e-02 -1.83596872e-02 -1.36919664e-02
 -6.23611826e-03  2.22102180e-02  4.36120182e-02 -6.62146583e-02
  5.99525683e-02 -8.21498688e-03 -2.49116477e-02  6.39625713e-02
 -1.23854605e-02  6.21257424e-02 -3.31821628e-02 -2.01535240e-01
  2.23950204e-02  1.02688737e-01 -2.10467707e-02 -9.94022414e-02
  3.75051163e-02 -5.38468687e-03 -1.87600832e-02 -1.71366818e-02
  4.34974246e-02  3.22317495e-03 -2.42611347e-03  1.62532460e-02
 -2.90447343e-02 -6.24745451e-02  4.03947420e-02 -2.17679795e-02
  3.90475206e-02 -8.37972686e-02  7.87204653e-02 -3.95909388e-04
  7.02231154e-02  7.78172240e-02 -6.12885505e-02 -9.82784387e-03
 -4.02011722e-02  3.90989968e-04 -6.79141190e-03 -3.18885408e-02
  5.52868024e-02  8.52733478e-02 -4.98919338e-02 -5.41816019e-02
 -6.09897003e-02 -1.26477107e-01 -3.22442576e-02 -4.85202968e-02
 -2.34141722e-02 -1.95624772e-02  1.62091665e-02 -1.55293019e-02
 -4.63858666e-03 -3.40157412e-02  4.35826741e-02 -4.00493704e-02
  1.09337464e-01 -8.05364251e-02  4.55712806e-03  1.03922583e-32
  1.07949181e-02 -6.02785423e-02 -2.84086261e-02  3.29210609e-02
  1.86420828e-02  3.11197061e-03 -6.24827631e-02  1.61985364e-02
  6.64293692e-02  7.11050928e-02 -6.66295271e-03  1.48239313e-02
 -7.76489777e-03  3.35201286e-02  1.65920064e-01 -5.88848107e-02
  6.83740750e-02 -3.39879543e-02  2.74259993e-03 -4.68660193e-03
 -3.60906608e-02 -7.06474483e-03  2.43273168e-03 -3.66839767e-02
  1.15320534e-02  8.94572213e-02 -1.17530730e-02 -5.44088194e-03
 -3.36525999e-02  4.47353162e-02  5.82382306e-02 -8.51135328e-03
  3.55723016e-02  1.27719976e-02 -1.84990540e-02 -5.07959239e-02
 -5.18809445e-03 -2.07830928e-02 -1.53089054e-02 -7.55540878e-02
 -3.83212492e-02 -4.04997654e-02  1.04643358e-02  3.91054675e-02
  8.23891684e-02 -1.15331039e-01  2.13645417e-02  4.61405050e-03
  1.06350802e-01  4.53691073e-02 -1.05584469e-02  1.10316591e-03
 -2.63737887e-02 -4.42097001e-02 -8.81941710e-03 -2.33568531e-03
 -1.18720740e-01  3.27972211e-02  1.71554424e-02 -1.14294970e-02
  1.33153163e-02  1.83976367e-02 -4.69777212e-02  9.61886719e-03
 -9.49832499e-02 -1.86670907e-02 -2.68135462e-02 -4.51754406e-02
  1.58163473e-01  4.39253598e-02 -6.63218126e-02 -1.18619101e-02
 -2.47373451e-02  8.11524317e-02 -3.89133021e-03  1.13119613e-02
  9.10220370e-02  3.82472165e-02 -4.65090498e-02  3.38638388e-02
 -3.99169773e-02  1.79158859e-02 -3.21143796e-03 -1.47182867e-02
  3.62840667e-02  2.81569809e-02  5.33198826e-02  4.60754102e-03
  1.57528874e-02  6.40392974e-02  2.05973666e-02  9.96673033e-02
 -2.77132392e-02  2.11767294e-02  6.12727739e-02 -1.31728718e-32
  9.98556241e-03  1.09798126e-02 -6.68689609e-02 -6.33681342e-02
 -2.21684854e-02 -2.17671432e-02  4.06535435e-03 -1.06182396e-01
  1.11790644e-02 -9.73941535e-02 -7.78745338e-02 -6.32107258e-02
  1.15121402e-01 -5.34419268e-02 -5.86632974e-02  3.14881057e-02
 -9.95403528e-02 -1.11297695e-02 -1.16978036e-02  3.14273871e-02
 -4.94655073e-02  8.06649551e-02  8.81669372e-02 -3.71536054e-02
  2.65798233e-02 -5.23589700e-02 -5.16173616e-02  2.17003040e-02
 -3.99221703e-02 -6.33108290e-03  4.18347716e-02 -2.99986545e-03
 -2.35179886e-02  8.12547877e-02 -3.93625423e-02 -4.10587750e-02
  7.73145631e-02  4.65020277e-02 -3.87636274e-02  7.27556348e-02
  6.94973841e-02  1.07370697e-01  4.84876422e-04 -5.83700575e-02
 -4.29146886e-02  1.50160016e-02 -6.38302090e-03 -1.09569632e-01
 -1.26286605e-02 -1.53817758e-01  1.09814055e-01 -3.32806259e-02
 -7.94860441e-03 -7.94984028e-03  9.16709378e-02 -9.69963893e-03
 -3.67279202e-02 -7.07039237e-02  1.96088646e-02  4.80307639e-02
  1.58834960e-02 -1.36141209e-02  1.34518072e-02  9.40156542e-03
  1.15262009e-01 -1.78268389e-03 -1.20417951e-02  1.99708175e-02
  1.23386066e-02  7.80852279e-03  9.16976631e-02 -5.04045337e-02
 -1.20654188e-01 -4.90787579e-03 -3.25477310e-02 -5.63247725e-02
 -2.38738339e-02 -2.42488328e-02 -6.66113794e-02  5.50458096e-02
 -6.51540607e-02 -6.66058622e-03 -3.46611440e-02 -2.83148326e-02
 -8.71942490e-02  4.39844467e-02 -1.21044125e-02  1.56364981e-02
 -1.14576593e-02  6.94324300e-02 -3.54234166e-02  3.45008224e-02
  5.98031059e-02 -9.04436689e-03 -2.58106403e-02 -6.24357739e-08
 -6.26505073e-03 -2.12841630e-02  7.23006725e-02  4.06616293e-02
  5.82282059e-03 -7.05308020e-02  2.03798767e-02 -4.78438064e-02
 -2.00598058e-03 -1.39354949e-03 -1.17609026e-02 -6.63384842e-03
 -6.26442581e-02  6.56133890e-03  1.63135882e-02 -4.08059657e-02
  7.73934498e-02  7.13641569e-02 -4.82134297e-02 -3.09420675e-02
  8.32898840e-02 -2.86374632e-02 -8.39873478e-02 -1.73253380e-02
  1.85864866e-02  1.07319616e-02 -2.86533521e-03 -1.74069200e-02
  4.66973754e-03  7.79045075e-02  1.00723263e-02  1.06194522e-02
  1.58777274e-02 -8.83995146e-02 -4.09298316e-02 -3.26910689e-02
  1.94077063e-02  4.54870090e-02 -1.98236313e-02  6.75177528e-03
  5.23892567e-02 -1.73540395e-02 -6.43756390e-02  1.75652187e-02
  8.21984187e-03 -4.63814810e-02 -6.07713945e-02  1.96306482e-02
 -3.18400189e-02 -3.74743044e-02 -3.10974903e-02  3.18808630e-02
  5.15648983e-02  1.07749524e-02  3.51215191e-02 -7.42414743e-02
  3.71580534e-02 -1.43564958e-02 -2.21342612e-02 -2.28498336e-02
  6.80371076e-02  1.00520894e-01 -1.04212835e-02 -1.95739698e-02]