[-4.25835848e-02  7.15675950e-02 -5.27439117e-02 -1.10990353e-01
 -6.23819530e-02 -1.56252366e-02  3.60039994e-02  8.58285129e-02
 -9.23898164e-03  1.06020115e-01  4.19821367e-02  1.77062582e-02
  6.33418281e-03  3.67758051e-02  3.03041998e-05 -8.10888782e-02
  7.03333840e-02 -3.22742909e-02 -2.40975302e-02  8.10363069e-02
  1.49437144e-01 -7.11023510e-02 -8.60911980e-02  9.56295431e-03
 -1.37507111e-01 -3.97168584e-02 -4.34031077e-02  5.40216337e-04
 -2.65807100e-03 -3.07113193e-02 -3.20402347e-02  6.49851263e-02
  1.75349116e-02 -1.89731480e-03  5.91797605e-02  4.59691370e-03
  3.38404328e-02 -3.07257995e-02 -5.23362309e-02  3.83958109e-02
 -2.93250233e-02 -4.96377572e-02 -7.14329854e-02 -2.82170828e-02
  8.98985565e-02 -1.24241468e-02 -1.52524784e-02  8.17856228e-04
 -1.81854647e-02 -6.31225482e-02 -1.13266878e-01 -3.71170454e-02
  2.73241922e-02  2.01090761e-02 -2.84202676e-02 -8.82514715e-02
 -2.12103082e-03 -4.04726490e-02 -4.10642102e-03  1.51801994e-03
  2.87601864e-03  3.14944573e-02 -5.70339188e-02  1.61255859e-02
  5.22843376e-02 -1.07973181e-02 -1.21312337e-02 -2.67409235e-02
 -2.57147904e-02  6.18041717e-02  7.02820346e-02 -7.99185261e-02
  2.51962058e-02 -5.64148603e-03  5.98972954e-04  4.43471558e-02
 -4.22689095e-02  6.99728131e-02  5.66629507e-02 -1.89842984e-01
  4.40545082e-02 -6.05440815e-04 -2.77332719e-02 -2.83819344e-02
  1.39488252e-02 -2.46544331e-02 -1.84285957e-02  1.36294346e-02
  8.83745477e-02 -1.82834286e-02  5.96709326e-02  4.91341986e-02
 -5.43413963e-03 -6.45366032e-03  7.64777511e-03 -2.31320616e-02
  6.67625526e-03  3.29365507e-02  5.92996702e-02  6.97071524e-03
  6.13898970e-02  4.72716764e-02 -2.27281880e-02  6.58348352e-02
 -1.29284849e-02  2.87952535e-02  7.17748562e-03 -4.74573150e-02
  3.28897983e-02  6.27205521e-02 -5.82176261e-02  1.05378134e-02
 -6.99766576e-02 -5.33445701e-02 -7.81628862e-02  2.04758048e-02
 -6.05897680e-02 -3.42804007e-02 -1.03959870e-02 -1.22067449e-03
 -1.64943701e-03  2.77141295e-02 -3.61688286e-02 -6.31443560e-02
  9.83644556e-03  1.38822347e-02  6.66550919e-02  1.04806885e-32
 -5.35739996e-02 -7.15392157e-02 -5.07380255e-02 -4.71415706e-02
 -2.37276684e-02 -1.17865461e-03 -4.14342731e-02  1.65933203e-02
  4.13472503e-02  2.31691357e-02 -6.84450194e-02  3.46681140e-02
  5.37803257e-03 -1.83564592e-02  8.54251236e-02  8.04067682e-03
  2.27284264e-02  1.53429434e-03 -4.70096506e-02  1.14397779e-02
  2.02785823e-02 -3.59616466e-02 -5.37885819e-03  2.01037340e-03
 -3.84184122e-02  9.12574977e-02 -8.03293213e-02 -6.28308207e-02
 -1.86658539e-02  4.16648760e-02  5.48232645e-02 -5.23054451e-02
  3.99278775e-02  2.60874815e-02 -6.87343106e-02  3.90342437e-02
  1.74627465e-03  1.05585661e-02 -8.27923603e-03 -3.64358537e-02
 -1.06748179e-01  1.35870175e-02  9.19035152e-02  4.19940017e-02
 -1.61025801e-03 -6.07688017e-02  8.51886626e-03 -3.09705772e-02
  7.95642436e-02  8.17282423e-02 -5.11897281e-02 -1.22822942e-02
 -3.46491858e-02 -2.47347355e-02 -3.43883559e-02  4.36675698e-02
 -4.39371467e-02  1.94718372e-02 -1.30866636e-02 -7.87135661e-02
 -3.39655913e-02 -1.44801792e-02 -8.54677558e-02  1.99499670e-02
 -4.47322838e-02 -7.60205835e-02  2.13212557e-02 -2.05408111e-02
  1.12407289e-01 -2.49315500e-02 -1.09329663e-01  3.42571060e-04
  1.03849713e-02  8.87099206e-02 -3.67693510e-03 -1.29550686e-02
  6.71632811e-02  1.71166640e-02 -7.29960725e-02  1.06439414e-02
 -7.90870637e-02  3.05366013e-02 -7.44051188e-02  2.82306550e-03
  3.39204296e-02  9.15390104e-02  5.81825934e-02  3.47969271e-02
 -2.23038942e-02  6.84324652e-02  1.26612289e-02  5.29265553e-02
 -2.86234319e-02  3.41245197e-02  4.17336263e-02 -1.29418240e-32
  6.92499895e-03 -2.16054190e-02 -5.68364598e-02 -8.93893279e-03
  3.31817940e-02  3.20117548e-02  3.72587517e-02 -6.07967749e-02
 -4.91245836e-02 -6.96196184e-02 -4.72924411e-02 -6.75029010e-02
  1.16002701e-01  3.23143229e-02 -9.04460102e-02  3.18706632e-02
 -1.11608282e-01  9.36337467e-03 -5.06244786e-02  4.63705100e-02
  5.07765152e-02  1.59076586e-01  2.50482652e-02 -9.46296379e-03
 -1.45806549e-02 -5.20884432e-02 -2.17437036e-02 -2.46670805e-02
 -4.09932695e-02  7.46426778e-03  9.42931697e-03  5.45835262e-03
 -7.51409009e-02  1.06032863e-01  1.30516775e-02 -3.89868990e-02
  1.08647250e-01 -6.01977967e-02 -6.88603371e-02  2.75277402e-02
  7.26914704e-02  8.62285122e-02  2.28330623e-02 -2.13922840e-03
 -1.31803434e-02  6.82539940e-02 -1.47466650e-02 -8.60766619e-02
  1.78818796e-02 -4.41581048e-02  7.27139413e-02 -3.38677205e-02
  1.46711012e-02  1.91571694e-02  5.04498221e-02 -3.91081758e-02
 -2.55246349e-02 -1.18958846e-01 -1.17938474e-01  3.74815762e-02
  1.40081748e-01  6.67104349e-02 -5.97665459e-02 -5.39178438e-02
  1.24350831e-01  1.28885871e-02 -8.14597458e-02  5.29708229e-02
  4.32246248e-04  3.75476852e-03  8.11854471e-03 -4.12875749e-02
 -5.43801598e-02 -6.61292300e-02  5.01471898e-03  3.44865280e-03
 -6.49256781e-02 -1.14390114e-02 -6.44733682e-02 -2.14052442e-02
 -1.88494753e-02  4.95705865e-02 -5.56186261e-03  3.87839302e-02
 -3.17704231e-02  1.66170616e-02 -3.89186037e-03 -1.22660734e-02
  3.98985948e-03  2.95381956e-02 -9.40030888e-02  5.79428673e-03
  2.14776732e-02  3.89187038e-02 -6.16162643e-02 -6.65166127e-08
  2.68916949e-03 -1.81569066e-02  2.16813162e-02 -4.13140742e-06
 -1.56823136e-02 -5.59380837e-02 -4.51749600e-02 -8.61552358e-03
 -9.97291785e-03  4.06998992e-02  9.76001173e-02 -2.15289257e-02
 -1.00838475e-01 -8.07577278e-03 -1.61024127e-02 -2.56562680e-02
  2.39082873e-02  9.16354582e-02 -4.63503599e-02 -5.56309074e-02
  5.02103046e-02 -2.69347243e-02 -7.79923201e-02 -6.47253497e-03
  4.12955992e-02  8.33331142e-03 -1.67279020e-02 -2.22989284e-02
 -2.20268909e-02 -1.57808850e-03 -2.66902912e-02 -2.62832455e-03
  5.90967499e-02 -2.66391337e-02 -2.47264393e-02 -2.46055145e-03
 -1.84012130e-02  8.83924440e-02  2.07051747e-02 -7.11942604e-03
  4.12304550e-02 -3.01195029e-02 -3.52674536e-02 -4.88896528e-03
  1.56895863e-03 -1.70169901e-02 -4.82559130e-02  1.26328953e-02
  3.04747205e-02 -1.83033105e-02 -7.11472183e-02 -5.36255687e-02
  9.68316868e-02  1.62692741e-02  8.42550024e-03  3.18532903e-03
  8.15428197e-02  3.84883303e-03 -3.92695032e-02 -2.81001553e-02
  1.32817596e-01  4.73449193e-02  2.97847185e-02  2.07298342e-02]