[-5.11286110e-02  2.70574316e-02 -1.17567768e-02 -6.88695759e-02
 -9.79411975e-02  7.64309764e-02  4.10240871e-04  1.43335789e-01
 -1.47469221e-02  1.14521040e-02  8.03451836e-02 -2.92411000e-02
 -6.56093210e-02  3.42881982e-03 -7.24597797e-02  2.80144811e-02
 -2.50212196e-02  3.00678015e-02 -2.80679706e-02  4.21872325e-02
  9.79884416e-02 -3.05349752e-02 -2.31016874e-02  8.28656275e-03
  6.14018217e-02  3.37727517e-02  4.26382348e-02  2.16215733e-03
  1.22344838e-02 -9.12998617e-02 -6.89949617e-02  6.41849115e-02
  5.57365678e-02 -3.86756323e-02  7.99580514e-02 -3.79968025e-02
  4.98951226e-02 -4.33142483e-02  7.84230828e-02  5.44807874e-03
 -2.77178688e-03 -7.31839016e-02 -3.46175656e-02 -2.92137228e-02
  3.37906256e-02 -5.83921261e-02 -6.98293676e-04  2.33045127e-02
 -3.92054990e-02 -7.55724218e-03 -9.83607769e-02 -1.65330041e-02
 -4.71018143e-02 -6.02160282e-02 -5.48963174e-02 -6.97026625e-02
 -2.51455419e-02 -2.65843011e-02  1.74402539e-02  1.28045361e-02
 -1.36766257e-02  5.46185598e-02 -6.74110129e-02  5.76296113e-02
 -1.88627131e-02 -1.06797107e-02 -6.96741161e-04 -2.84202937e-02
 -1.31618157e-01  3.01658120e-02  3.70127778e-03 -6.18075170e-02
 -3.17048021e-02  1.69542301e-02 -6.93437457e-02  6.48222193e-02
 -6.42663147e-03 -3.83771397e-02  1.03169896e-01 -5.49895950e-02
  4.07281071e-02  3.44674215e-02 -5.09273708e-02  6.19437033e-03
  8.19714665e-02 -3.31530487e-03  4.13592765e-03 -4.31308011e-03
  3.11515369e-02 -6.27796212e-03 -1.24941440e-03 -4.74280166e-03
 -4.79749218e-02 -3.71702462e-02 -1.95916276e-02 -2.95780469e-02
 -4.25910503e-02  6.15442507e-02  3.42730619e-02  5.93851432e-02
  2.86696497e-02  1.03964061e-02 -2.98504457e-02 -1.52516197e-02
 -1.33613527e-01 -3.09075192e-02  1.08594131e-02 -3.92173156e-02
  3.79145555e-02  8.56803451e-03 -8.60967487e-02 -4.43571433e-02
 -1.28092855e-01 -5.85623346e-02 -1.08369671e-01 -1.46637596e-02
 -4.72075641e-02  3.71891866e-03  8.43236223e-03 -4.12187390e-02
 -5.93082979e-03 -5.47701567e-02 -3.84632610e-02 -2.48608124e-02
 -1.01035856e-01 -7.50503168e-02  5.52039593e-02  1.61719278e-33
 -6.53787181e-02 -2.88323779e-02 -2.81877238e-02  1.39018651e-02
  2.56685098e-03  2.97893509e-02 -6.43012673e-02 -4.08067089e-03
 -6.33846223e-02 -4.26538929e-04 -6.41349256e-02 -8.05289112e-03
  7.11307116e-03  1.63371973e-02 -2.34718658e-02  3.44073225e-04
  5.79337254e-02  1.77499745e-03 -6.34409115e-02 -3.68814021e-02
  7.79257566e-02  4.76871021e-02 -7.01357191e-03  8.98301508e-03
  8.16040114e-03  2.77953167e-02 -1.28353611e-02 -2.49211509e-02
 -9.95417163e-02  4.32264358e-02  5.62766045e-02 -3.18841115e-02
  1.08879739e-02 -1.72083639e-02 -8.70130956e-03 -5.51412627e-03
  1.91497356e-02 -7.61888921e-02  2.48563234e-02 -6.76732510e-02
 -1.87758561e-02  6.61983266e-02  4.17054631e-02  5.19969873e-02
  8.73412639e-02  3.41497548e-03  8.01228210e-02 -1.68559179e-02
  1.37162536e-01  6.19352050e-02 -1.06324352e-01 -3.91771756e-02
 -1.15961768e-02 -2.72310860e-02  1.01066582e-01  7.37181976e-02
 -1.35519564e-01  9.95800197e-02  7.76673062e-03 -1.52466884e-02
 -3.19587439e-02  1.77724250e-02 -6.90007880e-02 -2.97122803e-02
 -4.61219661e-02  5.34999594e-02 -5.08891195e-02 -7.10015148e-02
  1.08898871e-01  1.39819263e-02 -9.24992654e-03 -5.38188517e-02
 -4.50934656e-03  5.52083068e-02 -1.06204443e-01  3.41798738e-02
 -7.13466201e-03  1.56449471e-02 -6.22785054e-02 -1.79296825e-02
 -4.99567240e-02 -4.79950719e-02  1.65537521e-02 -2.02650446e-02
  3.69635336e-02  4.23657708e-02  6.32338375e-02 -2.09697429e-02
 -8.66489019e-03  8.00463706e-02  2.46401876e-04 -6.30669156e-03
 -4.47383486e-02 -3.56983021e-03  4.52034883e-02 -7.14733406e-33
  3.58611383e-02  5.89629412e-02  7.89120386e-04 -4.82156351e-02
 -6.74312562e-02 -2.02076416e-02 -1.82430632e-02  2.06375234e-02
  2.99437344e-02  4.60540466e-02  3.85775901e-02 -1.06313720e-01
  5.45458123e-02 -4.47721742e-02 -4.43619266e-02  1.83978956e-02
 -1.16508137e-02 -3.33114527e-02 -5.07953055e-02  1.86403561e-02
 -5.81513755e-02  9.16224867e-02 -1.09731415e-02  4.71038297e-02
  2.60024946e-02  1.80761684e-02  4.73610647e-02 -6.86889887e-02
 -8.16330388e-02 -3.79519761e-02 -4.01839353e-02 -1.79645065e-02
 -2.63766907e-02  1.04660742e-01 -4.77074794e-02 -6.95049241e-02
  1.62241817e-01  9.42474045e-03 -3.69906835e-02  7.04372451e-02
  3.09645180e-02  9.28551406e-02  5.18670455e-02  5.25187217e-02
 -6.66463301e-02 -5.65703288e-02 -4.63562831e-02 -9.25710648e-02
  5.28823771e-02 -1.09228894e-01 -1.28540108e-02 -1.89107819e-03
  2.24337932e-02 -3.31828073e-02 -1.20875956e-02 -5.77256903e-02
  2.47909948e-02 -8.63400772e-02 -1.24229953e-01 -1.16314525e-02
  1.06284857e-01  4.41452861e-02  1.77558307e-02  2.51869881e-03
  1.32885054e-01 -2.73766164e-02 -1.10900119e-01  8.60732328e-03
  1.82889383e-02  6.16633915e-04  3.06603685e-02 -5.06801419e-02
 -5.90409823e-02  2.21521091e-02  2.82067377e-02 -6.31319955e-02
 -5.86340241e-02  2.46284809e-02  2.92294491e-02 -2.38049519e-03
  2.88700908e-02 -4.99208681e-02 -4.83776778e-02 -2.42587347e-02
 -1.68111790e-02  1.34070227e-02 -2.18005339e-03 -1.44419493e-02
 -1.49157010e-02  5.38377687e-02 -9.70102008e-03  8.14402825e-04
  2.27868389e-02  6.50675371e-02  5.69574721e-03 -5.25952153e-08
 -2.58648791e-03 -7.07697123e-02  4.85451780e-02 -1.80825759e-02
 -1.73800513e-02 -5.56186698e-02 -1.22788912e-02 -8.99383202e-02
  7.86239456e-04  3.99885140e-02 -2.40711067e-02  1.66400354e-02
 -8.35366473e-02 -1.74947791e-02  4.98918109e-02 -2.91511547e-02
  1.44192774e-03  8.38613659e-02 -3.56981680e-02 -5.73886419e-03
  3.62013169e-02  1.92082231e-03 -3.37303057e-02 -2.93251835e-02
 -6.06368342e-03  1.68072470e-02 -5.92668019e-02  4.89533246e-02
  4.80911974e-03  4.97352779e-02 -4.51031141e-02  4.48149033e-02
  2.11075265e-02 -1.12763442e-01 -2.41677817e-02  3.79831679e-02
  2.58242954e-02 -2.79281065e-02 -5.12102209e-02  9.64331999e-03
  8.08874369e-02  4.50497717e-02 -8.36312864e-03  3.95725891e-02
  8.14345926e-02  1.57918148e-02  5.20431139e-02  6.96587237e-03
 -4.05553821e-03 -6.19610660e-02 -2.23479830e-02 -2.49151550e-02
 -1.26493070e-02  4.43408079e-03 -1.07210815e-01 -3.23960446e-02
  1.05058737e-02  6.26227260e-02  2.02969415e-03 -5.76085504e-03
  7.59323314e-02  3.44475359e-02  5.10743372e-02  9.85910185e-03]