[-8.69762823e-02 -6.65396824e-03 -1.02710381e-01 -2.44702213e-02
 -2.88076922e-02  4.51008864e-02  7.92787448e-02  1.81945845e-01
  3.66318934e-02  5.65762855e-02  6.78080842e-02  7.85613433e-03
 -1.96969826e-02  6.53442815e-02 -5.78685710e-03 -8.45613331e-02
  6.62772655e-02  5.98227903e-02 -3.63714173e-02  5.37033640e-02
  1.03764422e-01 -2.78165117e-02 -5.11208177e-02  2.33158637e-02
 -8.05703327e-02  3.37186344e-02 -5.58916554e-02 -1.47942603e-02
 -7.80796632e-02 -5.40742986e-02 -9.67224687e-02  6.08717278e-02
  3.81551147e-03  2.53503909e-03 -3.55099663e-02  1.72768328e-02
 -1.83357000e-02 -3.42441648e-02 -1.02929929e-02  7.48250186e-02
 -6.42734841e-02 -4.01441865e-02 -5.02976924e-02 -3.60678174e-02
  3.68616986e-03 -5.67481257e-02  2.55416054e-02  6.67774603e-02
 -1.99751724e-02 -3.40636028e-03 -3.77866775e-02  2.70243678e-02
 -3.80640365e-02  3.89316306e-02 -6.52939919e-03 -7.55711198e-02
 -4.52025682e-02 -2.33106352e-02 -1.99931161e-03  1.20962169e-02
  1.34409191e-02  1.23384679e-02 -1.62162706e-02  3.42773087e-02
 -1.48719531e-02 -4.15495522e-02 -3.78347151e-02 -3.91141541e-04
  6.09822385e-03 -5.86112030e-03  9.07748491e-02 -2.82093659e-02
 -3.29872146e-02 -2.63739899e-02 -4.62933406e-02  5.28950430e-02
  7.13006407e-02  6.83200806e-02 -3.50746848e-02 -4.53590453e-02
  1.33397849e-02  2.20165290e-02 -3.80900055e-02 -4.85787727e-02
  1.12462249e-02 -1.72168035e-02  2.32595559e-02  6.94194734e-02
  2.46798676e-02  5.04768603e-02  2.65191570e-02  6.97347447e-02
 -5.35085723e-02 -6.04519509e-02 -1.35667874e-02 -4.96242382e-03
 -1.83732808e-02 -2.08680537e-02  5.83289824e-02 -4.48735058e-02
  6.88896626e-02  5.10212593e-02  7.24062417e-03  1.75008625e-02
 -1.31518826e-01 -3.66022885e-02  2.10641548e-02 -4.44637658e-03
  5.22444770e-03  1.10950619e-01 -5.84268123e-02 -1.46184284e-02
 -6.56591654e-02 -7.70192174e-03 -7.01337978e-02  3.76980901e-02
 -1.01763450e-01 -2.12959424e-02  6.46369234e-02  1.19259562e-02
 -2.80698333e-02 -8.57907757e-02  9.68742073e-02 -2.60021463e-02
  7.38897547e-03 -3.13534290e-02  1.14110753e-01  7.49066510e-33
 -1.05114326e-01 -3.42270695e-02 -1.07696475e-02  2.66810525e-02
 -3.29164253e-03  5.51756844e-02 -1.14347242e-01  5.28306551e-02
  8.72744247e-02  3.87726841e-03 -1.21493347e-01  1.16952181e-01
 -3.58029939e-02  6.15406223e-03  6.62222058e-02 -3.77109163e-02
  1.81728732e-02  8.39006249e-03  6.10030591e-02 -7.12143332e-02
  3.12871449e-02 -1.83839742e-02  5.60486242e-02 -1.23943165e-02
  4.82931994e-02  6.35624006e-02 -5.45411296e-02 -2.53619067e-02
 -3.57219875e-02  3.26642655e-02  4.66465950e-02  1.60427801e-02
  1.68925188e-02 -3.94841842e-02 -2.47401781e-02 -4.50389013e-02
 -9.51153040e-03 -6.90186257e-03 -1.22859366e-02 -3.90531197e-02
 -1.53089948e-02 -3.68421972e-02 -7.81371631e-03  5.35692833e-02
 -2.01800894e-02 -5.07873036e-02  7.11577609e-02  3.00473790e-03
  4.24652956e-02  3.86414826e-02 -1.03221983e-01 -2.25716960e-02
 -1.82863176e-02 -8.83403569e-02 -3.29075344e-02 -1.63116250e-02
 -7.38750920e-02  3.72243896e-02 -6.69874102e-02 -4.20777351e-02
 -2.00581830e-02  9.00675207e-02  2.71840319e-02 -5.77920265e-02
 -3.57723329e-03  1.33594284e-02 -3.22635435e-02  1.82608678e-03
  1.08975135e-01  5.24661615e-02 -2.57176943e-02 -4.17676046e-02
  5.22134767e-04  3.33383419e-02  1.27882287e-01 -2.49390444e-03
  6.32665679e-02  1.32240644e-02 -2.49877591e-02 -4.34008474e-03
 -1.22355655e-01 -2.74837818e-02  5.89392474e-03  2.56645028e-02
  8.63642991e-02  1.91112664e-02  3.62878293e-02  3.89831364e-02
 -2.73864307e-02  3.69994156e-02  6.34516180e-02  1.28435031e-01
 -4.95685525e-02  1.92941539e-02  9.00937542e-02 -1.02936718e-32
  1.05663836e-02  4.94005047e-02 -1.79588832e-02 -1.14500439e-02
  3.01222573e-03 -2.56267227e-02 -4.23100330e-02 -6.26654655e-04
  1.56302806e-02 -5.25677875e-02 -7.31109604e-02 -7.58932456e-02
  3.57897319e-02 -3.71150337e-02 -2.94292066e-02 -2.04700548e-02
 -5.18750213e-02 -4.76920418e-02 -7.37416521e-02 -2.17394233e-02
 -8.66171438e-03  1.28478871e-03  2.16019878e-04 -5.05145900e-02
  1.63521208e-02 -8.20563827e-03 -1.06346440e-02 -1.38487266e-02
 -7.33980983e-02  3.15233171e-02  8.04847330e-02  6.37428910e-02
 -2.19989265e-03  1.21780783e-01 -8.55756328e-02 -1.82692986e-02
  8.18912312e-02  5.49506173e-02 -7.34260865e-03  8.44803825e-02
  8.74687731e-02  2.49172095e-02  2.75980011e-02 -4.64416258e-02
 -4.49439771e-02 -7.97162354e-02 -6.46926789e-03 -1.09640434e-01
  4.34276983e-02 -6.92200214e-02  1.63828388e-01 -3.09478138e-02
 -4.45274971e-02 -3.22665349e-02  7.79214427e-02  4.99344505e-02
 -2.19397452e-02 -7.99428597e-02 -9.81600583e-02 -6.16900884e-02
  9.04760808e-02  7.49511085e-03 -3.86315808e-02 -5.44117540e-02
  3.99409458e-02 -3.74100246e-02  2.95594335e-02  2.00939178e-02
 -1.73577107e-02 -1.80989467e-02  1.68228690e-02 -3.50699425e-02
 -5.83494082e-03  1.65785179e-02 -2.19367519e-02 -9.21852142e-02
 -2.94283517e-02 -1.32791535e-03  1.99575573e-02  6.31452538e-03
 -9.42522064e-02  1.56451743e-02 -3.73830050e-02 -5.88872582e-02
  3.41377151e-03  4.81775180e-02 -4.53228429e-02 -2.25822543e-04
  6.87080575e-03  6.02327175e-02 -1.26477284e-02  7.35410303e-02
 -2.42841598e-02  3.44060138e-02 -5.96417338e-02 -6.45719282e-08
  3.56703848e-02 -2.58058980e-02  3.99777256e-02  3.05581614e-02
  2.21941173e-02 -4.53428179e-02 -1.39193293e-02 -1.85102131e-02
 -1.62634104e-02  2.07613632e-02  1.13410251e-02  2.59799563e-04
 -3.22943814e-02  5.21960966e-02 -1.58053171e-02 -1.80521179e-02
  1.84876416e-02  4.45196256e-02 -1.78464223e-02 -2.83480231e-02
  6.69666007e-02 -6.12508692e-02 -1.11281507e-01  1.31201334e-02
  4.68898192e-02 -6.48477226e-02 -4.71039228e-02 -1.39121776e-02
  2.17424482e-02 -4.56838198e-02 -1.16839632e-02 -2.17913557e-02
  9.03500691e-02 -3.42521332e-02 -4.69911918e-02 -2.25572344e-02
  6.28178045e-02  2.81744879e-02 -9.64014158e-02  2.10019890e-02
  5.99549562e-02 -4.11404371e-02 -5.47247529e-02  7.43372971e-03
  1.40933162e-02 -6.73504919e-02 -5.46870679e-02  3.50410044e-02
 -6.14998266e-02  2.07498018e-02 -3.77080552e-02  3.45704332e-02
  2.51124036e-02  3.72460596e-02 -2.20373310e-02 -2.25682072e-02
 -4.04904000e-02 -3.53416684e-03 -1.23146065e-01  1.01980474e-02
  6.44995132e-03  3.04688532e-02 -1.68716777e-02 -3.93913090e-02]