[ 1.47979511e-02 -3.41927111e-02 -2.07432751e-02 -2.63711475e-02
 -2.47105751e-02  3.13240220e-03 -2.13941671e-02  1.48035377e-01
  2.83232629e-02 -5.25387097e-03  5.63313812e-02 -5.39565571e-02
 -4.63044969e-03 -3.48227844e-03 -5.22523634e-02 -5.69025055e-02
  1.24790654e-01  5.20057976e-02 -4.65497449e-02 -3.25835729e-03
  1.45411447e-01 -5.00290282e-02  1.47213954e-02  4.20905650e-02
 -2.72979271e-02 -8.44581053e-03 -7.00451434e-02  2.92565674e-02
 -2.59490069e-02  1.04479780e-02 -3.04513369e-02  8.72276574e-02
  6.82768226e-02 -1.03057459e-01  8.63149576e-03  1.71676208e-03
 -1.44313313e-02 -5.03800847e-02 -1.82321910e-02  3.72018516e-02
  7.77315302e-03 -3.17716561e-02 -1.52468616e-02 -6.52777478e-02
  1.14002861e-02 -5.29800076e-03  2.30017696e-02  1.64654944e-02
 -2.40172409e-02  3.93187031e-02 -5.47081567e-02  3.14958394e-02
 -6.34706095e-02 -2.46358234e-02 -6.83007762e-02 -6.68528676e-02
 -3.95724550e-02 -2.93253083e-02 -5.59574272e-03  6.28629550e-02
 -1.25978906e-02  4.05364335e-02 -7.24019436e-03  1.95886865e-02
  9.10137668e-02 -2.07035094e-02 -2.12612357e-02 -2.56455000e-02
 -6.75526783e-02  8.37237108e-03  5.34827933e-02 -5.37890941e-02
  9.41612944e-02  5.91330640e-02 -3.69344316e-02  4.07996550e-02
  2.80820262e-02  4.29262035e-02  8.44290573e-03 -9.87430066e-02
  5.81347644e-02  3.96904424e-02 -2.13289019e-02  1.07808467e-02
  3.18836533e-02 -5.89956641e-02 -4.19120379e-02 -7.09476275e-03
  4.26627919e-02  3.14916819e-02  9.55517069e-02  9.63979959e-02
 -7.74918124e-02 -5.55867422e-03  1.12868119e-02  1.21506834e-02
 -3.60663459e-02 -2.05216687e-02  1.03986468e-02 -4.61156480e-02
  1.99172329e-02 -4.56857532e-02 -1.72851123e-02 -5.02557978e-02
 -6.15658462e-02 -5.97703680e-02  3.71548943e-02 -2.23859176e-02
  6.92683086e-02  1.17388397e-01 -4.24174555e-02 -1.58824828e-02
 -3.29384618e-02 -4.48717326e-02 -4.44842651e-02  3.52793150e-02
 -2.39207167e-02 -5.93083762e-02  7.51458332e-02 -2.05701347e-02
 -1.26514034e-02 -8.50340202e-02  8.79090130e-02 -5.11137955e-03
  6.28158078e-02 -2.95177922e-02  3.66854593e-02  1.19362562e-32
 -5.98349050e-02 -7.40647912e-02  2.00339462e-04 -1.40341055e-02
 -3.64037901e-02  2.81680003e-02 -4.18457538e-02  1.50248958e-02
  1.05650090e-01 -7.07804263e-02 -7.55621344e-02  5.88141121e-02
 -4.63017374e-02  1.48688350e-02  1.39106661e-02 -3.51774096e-02
  1.32310480e-01  1.53111750e-02  1.21404408e-02 -2.49288306e-02
 -1.35971308e-02 -1.43032204e-02 -1.00577436e-02  1.26107503e-02
 -3.15848067e-02  4.09961194e-02 -7.28301182e-02 -1.12214331e-02
 -7.38986433e-02  8.18009768e-03  9.36569124e-02  4.48109163e-03
  1.31866438e-02 -6.40734211e-02 -7.20665008e-02 -3.10678631e-02
 -4.25695814e-02  4.02381178e-03 -1.78391649e-03 -1.34403305e-02
 -6.49540052e-02  4.85031344e-02  4.50312048e-02  5.80985658e-02
  1.29934307e-02 -9.13054869e-02 -7.16196820e-02 -3.73554882e-03
  9.64774787e-02  4.00258675e-02 -3.63372080e-02 -3.76983620e-02
 -3.98677066e-02 -2.12750887e-03 -8.56941119e-02  2.39350609e-02
 -9.86809805e-02  3.23337466e-02 -9.31928959e-03 -2.39151753e-02
 -1.07039630e-01  5.88245504e-02 -2.41190679e-02 -1.23538384e-02
 -4.92520407e-02 -1.39128566e-02 -9.14274994e-03 -8.04611202e-03
  6.92602992e-02  1.07475743e-02 -4.05152105e-02 -1.92099493e-02
  2.09336355e-02  5.80401383e-02  6.29814789e-02 -2.08795816e-02
  7.76826516e-02  1.16558354e-02 -4.18392988e-03 -3.04076485e-02
  3.14274890e-04 -2.25592554e-02 -4.18077298e-02 -2.37216186e-02
  3.46645080e-02  9.11644101e-02 -4.11064271e-03  6.61876425e-02
  6.68628886e-02  6.33573160e-02  5.46510145e-02  3.23385857e-02
 -5.64440638e-02 -2.56498810e-03  2.97840927e-02 -1.44174265e-32
 -2.31030490e-03  1.08989049e-02 -5.13532199e-03  2.07907632e-02
  5.38620502e-02 -1.14255659e-02  1.52672241e-02 -8.31604749e-02
  1.20440228e-02 -1.18128449e-01  2.65825707e-02 -2.15834398e-02
  1.57723017e-02 -4.53733318e-02 -9.17894393e-02  7.54297748e-02
 -6.47098646e-02  5.38919307e-02  1.54094938e-02 -2.26282962e-02
 -2.55331174e-02  6.41837865e-02  6.78148419e-02  1.34807630e-02
 -2.44177077e-02 -2.25241967e-02 -7.32107088e-02 -2.27378327e-02
 -3.41257313e-03  1.52592920e-02  6.68254495e-02  3.73525135e-02
 -5.35942502e-02  7.96352923e-02 -1.33649772e-02 -1.84874423e-02
  1.77347511e-02 -8.39801654e-02 -1.15297921e-01  1.09577790e-01
  6.45775199e-02  2.78610419e-02  2.99849939e-02 -7.68734366e-02
 -2.23200154e-02  9.88124218e-03  4.50784378e-02 -1.65907070e-01
  1.26341715e-01 -3.61584537e-02  1.16922192e-01  2.79308669e-02
 -5.30993678e-02  6.31140545e-02  4.95623834e-02  3.73065583e-02
  1.94303188e-02 -4.62334044e-02 -1.47384897e-01 -2.21174285e-02
  5.32562472e-02  6.29004538e-02 -6.65984303e-02 -8.37206170e-02
  1.03138193e-01  3.33053134e-02 -1.38362637e-04  1.01917192e-01
  5.67185171e-02 -1.02054505e-02  1.51402457e-02 -8.65463987e-02
 -1.05527649e-02 -9.14445370e-02 -2.30053831e-02 -2.60024015e-02
 -3.38455550e-02 -5.57443080e-03 -5.01633435e-02 -3.17587983e-03
 -1.03126258e-01  2.82428395e-02 -4.69477139e-02 -1.99296530e-02
 -9.23823416e-02  1.31679466e-02 -4.07889672e-02 -1.86252668e-02
  1.21166771e-02  1.04655422e-01 -5.65688200e-02 -4.14602011e-02
 -6.89909747e-03  6.66473701e-04  6.92672189e-03 -5.64647102e-08
  2.26908755e-02 -7.54095539e-02  4.61932011e-02  3.28394100e-02
  4.51208949e-02 -1.67655759e-02 -3.39757539e-02 -1.35282967e-02
  5.84783219e-03 -2.77854446e-02 -5.88450441e-03  2.63388362e-02
 -7.98536390e-02 -4.24480736e-02 -3.04968040e-02 -6.63109794e-02
  5.14460821e-03  5.60364984e-02 -3.21159437e-02 -2.72058472e-02
  3.18979030e-03 -1.50711564e-02 -8.50991234e-02 -4.11818735e-02
  3.26921567e-02 -4.75392258e-03  1.02660321e-02  7.41293421e-03
 -4.14522691e-03  2.77480688e-02  3.03410762e-03 -4.16242853e-02
  4.92465645e-02 -8.91416818e-02  3.35853584e-02 -7.58448616e-03
  5.08839823e-02  3.16792615e-02 -7.24689513e-02  4.06474471e-02
 -1.20399687e-02 -3.37613858e-02 -6.44985363e-02  4.44394797e-02
  5.41640781e-02  4.51234309e-03 -2.53501311e-02  4.01556790e-02
  1.34959146e-02 -3.79939228e-02 -2.98156403e-02  3.20395939e-02
 -1.83916613e-02  2.97137164e-02 -5.71847968e-02 -2.28611100e-02
 -2.79131695e-03  3.35251838e-02 -5.61744124e-02 -5.40224761e-02
  9.55674648e-02 -1.93557031e-02  8.36138800e-02 -8.16102549e-02]