[-5.95631897e-02  8.13772380e-02 -8.96461215e-03 -8.68414119e-02
 -3.82483676e-02  7.16935098e-03  6.21463656e-02  8.97830054e-02
  2.08858144e-03  5.99317960e-02  4.05424647e-02  1.44523662e-02
 -8.60249717e-03  2.86951680e-02  3.64393517e-02 -7.16164485e-02
  8.86329189e-02 -2.23045191e-03  4.48660664e-02  7.75722936e-02
  1.31998166e-01 -7.15871379e-02 -1.08693719e-01  6.02658279e-03
 -1.45601392e-01  1.59329167e-04 -4.36084457e-02  2.70164441e-02
 -3.15711647e-02 -3.48067805e-02 -2.96030454e-02  6.64626062e-02
 -1.13609759e-02 -1.59610324e-02  4.03056480e-02 -4.10563536e-02
  9.04764831e-02 -6.64834157e-02 -6.47903373e-03  4.70796563e-02
 -3.86306792e-02 -3.99610549e-02 -1.22365847e-01 -5.68525344e-02
  5.55611923e-02 -3.34563702e-02  3.36365290e-02  1.52711123e-02
 -1.40715865e-02 -1.49064884e-02 -4.66537662e-02 -1.70297772e-02
 -3.21502909e-02  3.16885449e-02  6.45831507e-03 -9.50232595e-02
 -1.99715253e-02  1.09133618e-02 -7.41071440e-03 -2.63914764e-02
 -4.32319827e-02  8.01137369e-03 -3.51778269e-02  1.21536963e-02
  6.66966289e-02 -1.77632123e-02 -8.40522535e-03 -1.84624568e-02
  1.84648985e-03  8.15554634e-02  2.53113564e-02 -7.95650184e-02
  4.60109562e-02  3.53662744e-02 -8.00422281e-02  8.99739936e-02
  5.47781866e-03  2.07384191e-02 -6.91660959e-03 -1.63864076e-01
 -2.24914300e-04 -1.20735839e-02 -1.97454402e-03 -3.10146250e-02
 -3.16904187e-02 -5.03569506e-02 -1.20478617e-02  1.88250281e-02
  1.24224901e-01 -1.66137014e-02  9.52324793e-02  6.37385696e-02
 -3.97058129e-02 -2.82119270e-02  1.33084953e-02 -2.75194235e-02
 -5.10801114e-02  5.49966469e-02  4.62827981e-02 -8.02786369e-03
  6.39900714e-02  5.39131574e-02 -1.52635425e-02  3.97805460e-02
  7.31966970e-03  6.98805079e-02 -4.23625037e-02 -1.07056320e-01
  7.96414092e-02  9.17088911e-02 -6.02318868e-02  3.72067541e-02
 -9.17724520e-02 -4.97144833e-02 -7.72039518e-02  3.03988345e-02
 -3.65616530e-02 -1.47867333e-02  1.06333033e-03  1.90583225e-02
  1.11662596e-02 -1.49417752e-02 -1.43975634e-02 -1.55531941e-02
  2.78881714e-02  5.83227910e-03  8.00445750e-02  1.06411060e-32
 -4.03135717e-02 -4.26907539e-02  1.30820191e-02 -3.21857072e-02
 -1.46096935e-02  2.36447062e-02 -1.85451992e-02  3.92870270e-02
  3.37204225e-02  4.82417792e-02 -1.39400557e-01  3.88267785e-02
 -1.31473551e-02  9.78931785e-03  7.34531954e-02 -2.10627262e-02
  2.89607439e-02  6.07924955e-03  2.01551709e-02 -5.48510440e-03
  3.37576261e-03 -4.43190187e-02  9.92589910e-03 -1.64681897e-02
 -3.31972688e-02  9.98043492e-02 -6.23573065e-02 -6.14347123e-02
  1.47071090e-02  4.55385894e-02  6.37380853e-02 -4.65092659e-02
  3.72662582e-02  4.75843213e-02 -4.88207527e-02  1.30559793e-02
 -3.20009980e-03  1.69811759e-03 -1.17001738e-02 -2.75868345e-02
 -6.97352216e-02  5.24841016e-03  1.02017850e-01  8.32634121e-02
 -2.59914380e-02 -1.01612851e-01  4.04519262e-03 -3.89549583e-02
  1.47971019e-01  6.37115762e-02 -6.33419156e-02 -3.66403162e-02
 -5.78835420e-02 -3.20330746e-02  1.38861286e-02  5.21487789e-03
 -7.57412836e-02  4.91499193e-02  2.63743685e-03 -3.75031158e-02
 -9.65617876e-03 -6.13577813e-02 -2.40927991e-02  2.00564004e-02
 -7.34113157e-03 -4.99683321e-02 -1.71209425e-02 -2.34972313e-02
  8.36541802e-02 -3.61687168e-02 -1.13284238e-01 -1.63300838e-02
  2.10123770e-02  4.64602411e-02  3.00620683e-02 -1.60523187e-02
  1.33953914e-01  2.83081159e-02 -4.18074727e-02 -1.54515468e-02
 -2.61144843e-02 -1.53234415e-02 -4.28577587e-02 -5.53794624e-03
  6.29737452e-02  7.41571486e-02  7.07121938e-02 -4.25020407e-04
 -1.56032303e-02  9.64901745e-02  1.17916940e-03  7.82568306e-02
 -5.91179058e-02  1.56679451e-02  6.16978705e-02 -1.24883109e-32
 -6.95722410e-04  3.41124944e-02 -6.46691397e-02  4.38961945e-03
 -1.50972828e-02  3.26446742e-02  6.44340217e-02 -3.82213332e-02
 -6.17088936e-02 -5.90315228e-03 -4.31768261e-02 -7.25232437e-02
  9.91951600e-02 -1.97837315e-02 -1.51930571e-01  1.27217788e-02
 -8.15299153e-02  3.61857167e-03 -4.05384228e-02 -3.82841080e-02
  2.11015232e-02  1.31527483e-01  6.27873912e-02 -7.75584904e-03
  1.21507598e-02 -4.16921265e-02  3.89551534e-03 -1.82628501e-02
 -4.04970869e-02  1.05043473e-02  3.81707139e-02  2.74451151e-02
  1.29830753e-02  1.01510853e-01  3.64993066e-02 -1.75126959e-02
  8.94136429e-02 -3.30562629e-02 -1.00780549e-02  1.03530966e-01
  1.38374669e-02  9.08131078e-02  8.61596316e-03 -3.06705348e-02
 -6.44826591e-02 -1.26700168e-02 -3.77322100e-02 -7.05048665e-02
  3.77524532e-02 -6.06348887e-02  7.85461962e-02 -3.09414566e-02
 -2.92131025e-02 -1.93744060e-02  3.77440937e-02 -5.39237931e-02
 -7.18346238e-02 -9.23382044e-02 -9.98546183e-02  5.73365018e-02
  1.17154256e-01  5.28031774e-02 -4.28359695e-02 -8.36177319e-02
  1.11626029e-01  8.18744395e-03  1.08421231e-02  1.33706788e-02
 -7.01142987e-03  3.09404861e-02  5.67760132e-02 -6.42996281e-02
 -4.33143936e-02 -6.83069527e-02  1.10796914e-02 -2.63682641e-02
 -1.91480815e-02  7.61091337e-03 -5.20701446e-02 -4.19965051e-02
 -1.18091088e-02 -1.01224668e-02 -1.64418034e-02  6.69698324e-03
 -4.53938693e-02  3.48094665e-02 -1.86755508e-02  9.70650278e-03
 -3.71979177e-02  6.71358258e-02 -4.72546928e-02  3.88339185e-03
  5.62107153e-02  6.22417666e-02 -4.57873829e-02 -5.84410671e-08
 -5.79528837e-03 -3.75425853e-02  2.48528235e-02  2.87772380e-02
 -3.55038159e-02 -5.57755232e-02 -3.72084565e-02 -6.09635860e-02
  1.10926609e-02 -9.40527208e-03  9.31133479e-02 -4.17657718e-02
 -8.60613510e-02 -3.21791582e-02 -1.12926564e-03 -1.00948708e-02
  1.30481767e-02  3.63728590e-02 -4.23598289e-02 -1.76736806e-02
  3.36935669e-02 -1.24010583e-02 -7.47814178e-02 -5.04470319e-02
  6.71690628e-02  3.67331356e-02 -1.46834655e-02 -6.88030850e-03
  1.85395312e-02  3.39271836e-02 -3.23815942e-02 -5.28973863e-02
  3.97248492e-02 -3.34432982e-02 -4.87622134e-02 -2.11124104e-02
 -3.77372801e-02  4.02162448e-02 -1.93303246e-02  1.06567238e-02
  4.85213920e-02 -5.70969060e-02 -4.76126447e-02 -1.73051506e-02
  2.82923318e-02  1.87376030e-02 -3.87585424e-02  3.64109725e-02
 -4.97307554e-02 -3.18404771e-02 -4.86328974e-02 -4.87592928e-02
  6.67048022e-02  2.07174756e-02 -2.35564709e-02 -8.26302730e-03
  5.51916249e-02 -1.28088072e-02 -6.43227017e-04 -2.51840632e-02
  5.39998449e-02  7.29247555e-02 -1.40256779e-02 -3.27033624e-02]