[-7.65631795e-02  3.72877158e-02 -6.46329001e-02 -8.89487714e-02
 -8.24519321e-02  3.28720324e-02 -5.88235166e-03  9.56918523e-02
  3.41607518e-02  9.10974145e-02  5.08917719e-02  7.43282447e-03
 -4.17023860e-02 -2.04022159e-03 -3.84171344e-02 -8.09097961e-02
  8.16360116e-02 -3.05080507e-03  2.56680828e-02  5.06164357e-02
  1.22035511e-01 -1.59945711e-02 -6.16631806e-02  9.53655690e-04
 -5.52759245e-02 -3.08861081e-02 -7.98943639e-02 -3.46972980e-02
 -3.25438455e-02  8.66770186e-03 -3.01573444e-02  7.38374144e-02
  2.13428009e-02 -3.89918536e-02  3.64075638e-02  2.51180604e-02
  4.38804179e-02 -3.55721563e-02 -3.92669477e-02  3.92060056e-02
 -3.08580454e-02 -3.47495303e-02 -6.67225793e-02 -7.45014623e-02
  7.48474908e-04 -3.55468839e-02 -2.01858692e-02  1.41393486e-02
 -5.21960519e-02 -5.77880722e-03 -9.93437320e-02 -3.10581680e-02
  5.32681160e-02  4.63503674e-02 -2.32468378e-02 -5.27285412e-02
  2.19822326e-03  2.04474628e-02 -7.57148787e-02 -1.75404195e-02
 -8.46009851e-02  6.12964369e-02 -6.62686303e-02 -1.70192551e-02
  4.98044975e-02 -3.87791614e-03  3.51929874e-03 -2.03519389e-02
  1.26256812e-02  1.58569012e-02  2.26476435e-02 -5.18497266e-02
  3.04276869e-02  1.93513110e-02 -6.33950084e-02  5.70282079e-02
 -3.28204632e-02  4.98108231e-02  2.51807012e-02 -1.72299668e-01
  3.87736447e-02  1.59156602e-02 -3.97402123e-02 -2.14997232e-02
 -2.33859643e-02 -5.08941673e-02  3.86138167e-03  3.60802561e-02
  7.43729994e-02  6.63479278e-03  9.24295709e-02  4.39712740e-02
 -2.12420942e-03 -3.37255821e-02 -6.14466481e-02 -1.07252058e-02
 -1.20265055e-02  4.87123281e-02  1.29270360e-01  2.44518300e-03
  7.38744140e-02  2.87374128e-02 -8.03496968e-03 -8.58600065e-03
 -4.75238077e-02  4.17207628e-02 -5.76696210e-02 -5.15001602e-02
  3.36033106e-02  6.98058829e-02 -6.74856678e-02 -2.61077415e-02
 -9.17602032e-02 -8.11272562e-02 -3.47735547e-02  5.04985005e-02
 -4.89030108e-02 -3.15831602e-02  1.55214984e-02 -2.36977767e-02
  1.98857393e-02  8.16659071e-03 -3.04969829e-02 -4.99472953e-02
  4.41457145e-02 -1.16748037e-02  9.54279155e-02  1.15759745e-32
 -8.42150487e-03 -3.70446369e-02 -4.35402319e-02 -4.90405550e-03
 -1.75991040e-02  6.07410297e-02 -7.75713357e-04  5.96878529e-02
  1.09758778e-02  2.17468869e-02 -9.16341692e-02  4.58002612e-02
 -8.41285475e-03 -5.83358519e-02  5.13352863e-02 -4.28916886e-02
  1.02367215e-02  2.49444190e-02  3.09426012e-03  8.04867502e-03
  3.63810025e-02 -2.78838649e-02  2.22513862e-02  3.05515453e-02
  2.91138198e-02  6.93065077e-02 -6.61207139e-02 -5.92070632e-03
 -1.81555860e-02  3.08638271e-02  8.48768055e-02 -5.61741479e-02
  3.78623307e-02 -2.86295861e-02 -4.30888198e-02  2.01997552e-02
 -3.32416110e-02 -5.19858897e-02  7.32959714e-03  5.41509471e-05
 -7.23679811e-02  7.20341271e-03  5.35920039e-02  3.13833654e-02
 -2.92225624e-04 -5.58679774e-02  1.46147972e-02 -2.20243633e-02
  1.39673144e-01  6.26982749e-02  3.57288984e-03 -3.17693762e-02
 -1.02932425e-02 -1.99188404e-02  3.34391594e-02  3.95845249e-02
 -7.31277168e-02  7.04508945e-02  2.49758456e-03 -5.87461330e-02
  2.94640642e-02 -2.36638114e-02 -5.85670620e-02  3.95853035e-02
 -3.61195244e-02 -7.47741014e-02 -9.58953332e-03  1.78398099e-02
  1.18931048e-01 -6.56549856e-02 -1.23958856e-01  2.95944326e-02
  3.35740894e-02  6.76361695e-02 -2.19763862e-03 -1.88867059e-02
  3.50618362e-02 -9.77837667e-03 -5.40545247e-02  9.51108802e-03
 -7.70977587e-02  2.93935537e-02 -5.22689484e-02  2.91180573e-02
  7.96121210e-02  1.01274535e-01  8.23603272e-02 -1.76265661e-03
  1.03989867e-02  7.34368861e-02  2.18571797e-02  1.02925440e-02
 -3.31271067e-02  7.09376335e-02  3.13223749e-02 -1.37676881e-32
 -3.48173943e-03 -4.17476594e-02 -8.17857310e-02 -2.21038959e-03
  1.22944051e-02  4.43869643e-02  3.06116603e-03  1.47732636e-02
 -6.54878914e-02 -1.04140706e-01 -2.83590741e-02 -7.88761228e-02
  1.17125310e-01  8.57636426e-03 -6.71269894e-02  3.40847075e-02
 -7.90141597e-02 -3.16706598e-02 -6.75173476e-02  2.64921896e-02
  2.99923122e-02  6.16295040e-02  4.54775766e-02  3.95681523e-03
 -5.07209748e-02 -8.23704004e-02 -4.12711501e-03 -6.70129731e-02
 -2.93222237e-02  1.94599666e-02  1.50605198e-02 -2.65534203e-02
 -6.77709430e-02  1.42636344e-01 -2.57582720e-02 -4.11199331e-02
  1.09615080e-01 -5.97742461e-02 -1.48067614e-02  8.30463618e-02
  5.03884591e-02  8.81888568e-02  5.15122525e-03 -2.77465992e-02
 -8.70943144e-02  2.42156535e-02 -7.25761428e-02 -9.78731886e-02
  1.83888953e-02 -1.19471021e-01  6.25237226e-02 -2.41635703e-02
  1.77768860e-02 -1.52109908e-02  4.71296906e-02 -1.80154499e-02
 -2.42595021e-02 -1.11213714e-01 -1.12344764e-01  2.66183186e-02
  6.88233897e-02  5.50402217e-02 -5.97568192e-02 -2.00835373e-02
  1.42840534e-01  3.80391553e-02 -4.71437164e-02  1.85127333e-02
  2.75210943e-02 -1.37483077e-02  5.39738610e-02 -9.41828340e-02
 -6.75817803e-02 -4.39784825e-02  5.55475168e-02 -3.23933214e-02
 -6.74318597e-02  4.07338637e-04 -6.12079278e-02  4.04124931e-02
  7.07555562e-03  1.45407114e-02 -1.61690656e-02 -2.53094062e-02
 -1.95818320e-02  5.78180104e-02 -1.04246866e-02  1.54662794e-02
  9.73989721e-03  4.17559706e-02 -7.26747885e-02  2.30551790e-02
  5.33079617e-02  4.28035036e-02  1.31998779e-02 -6.96222031e-08
  1.64619274e-02 -1.13108167e-02  3.73997316e-02  1.62147805e-02
 -8.22203606e-03 -7.23418444e-02 -2.58605424e-02  1.36094531e-02
 -2.13345923e-02  2.46310644e-02  1.04351483e-01 -6.39781952e-02
 -8.70527625e-02 -4.44483086e-02  3.52444202e-02 -4.56641093e-02
  5.76546267e-02  5.00252508e-02 -4.02266905e-02 -4.78375740e-02
  4.51064892e-02 -3.43789011e-02 -6.14325106e-02 -3.14914584e-02
  3.14566419e-02  3.02866213e-02 -3.38113159e-02  2.27334481e-02
 -3.13181989e-02  4.78757657e-02 -3.99998352e-02 -6.67908927e-03
  2.67408732e-02 -2.46384535e-02 -2.81001069e-02 -3.19754099e-03
 -3.15469503e-02  8.31425656e-03 -1.09209018e-02  1.62499920e-02
  8.07037726e-02 -5.96080860e-03 -5.87666295e-02  2.37787627e-02
  8.04376453e-02  1.29974838e-02 -5.92578314e-02  3.24903652e-02
  1.58960521e-02 -6.98090047e-02 -8.02022293e-02 -2.26611868e-02
  8.37372914e-02  4.26683687e-02 -6.47970615e-03 -1.64718386e-02
  7.91822821e-02  1.17151309e-02 -3.34615447e-02 -3.50345932e-02
  9.41836163e-02  5.17113842e-02  2.06532190e-03  7.86938611e-03]