[ 2.13435069e-02  3.73079367e-02 -8.32332447e-02 -1.07894570e-03
 -8.50054994e-02 -4.52380292e-02  9.84219983e-02  2.16640130e-01
  6.23158086e-03  2.73993276e-02 -1.22588349e-03 -1.08606685e-02
 -4.65647168e-02 -1.53907146e-02 -1.21851876e-01 -6.94839582e-02
 -1.11808870e-02  1.07055269e-02 -9.80786979e-03  1.24135844e-01
  7.43429139e-02  2.86910473e-03  4.28808406e-02 -1.57069527e-02
  5.35897687e-02  2.17991695e-02  5.46312286e-03 -2.15919747e-04
 -4.32646237e-02 -4.63573076e-02 -3.00709363e-02  6.86306655e-02
  1.07678011e-01 -8.37721303e-02  3.02027147e-02 -5.58556505e-02
  4.49775383e-02 -7.82483965e-02  1.39454752e-02  7.02679902e-02
 -3.17053050e-02 -1.76544096e-02  7.97944888e-03  3.80191894e-04
  1.71653517e-02 -3.83243188e-02 -9.72544774e-02  1.26395673e-01
  3.62547114e-02  1.03474304e-01 -1.02169119e-01  4.52599861e-02
 -3.09734121e-02  7.85012841e-02  2.10994855e-02 -6.40081763e-02
 -1.69608239e-02 -1.93751864e-02 -1.86553635e-02 -3.31513095e-03
 -1.18792607e-02  6.20698556e-02  9.82938707e-03  6.73014522e-02
  1.37707992e-02  3.75747383e-02 -5.93461134e-02 -3.16390693e-02
 -7.27510527e-02  1.72260776e-02  5.17292023e-02 -3.61875333e-02
  1.49686178e-02  1.97365209e-02 -1.86672490e-02  1.04408097e-02
  1.15400059e-02 -2.11306103e-02  2.57258955e-02 -7.33468458e-02
  1.07602226e-02 -5.10840863e-02 -1.26046976e-02 -1.62501559e-02
  3.45571972e-02 -2.11562831e-02  6.06337525e-02  6.81396052e-02
  5.96809983e-02 -2.11270377e-02  3.06164157e-02  1.91991534e-02
 -9.91359577e-02 -5.99495247e-02 -8.84520169e-03  2.68474985e-02
  3.16481083e-03 -1.57170463e-03 -3.24778147e-02  1.61440726e-02
  6.00012913e-02 -2.50535756e-02 -9.43120662e-03 -5.07845283e-02
 -1.12595998e-01  1.45922219e-02  5.29200844e-02  2.07634382e-02
  3.76716182e-02  1.30747771e-02 -9.62825939e-02 -3.81812379e-02
 -8.26867148e-02 -6.46203831e-02  1.36330351e-02 -4.77897078e-02
  1.91685744e-02 -8.68443772e-03  8.50548521e-02  7.00784996e-02
  6.92539960e-02 -4.45515476e-02 -7.92935342e-02 -4.18416113e-02
 -4.51574661e-02 -1.69650093e-02  1.74317490e-02  7.59629796e-33
 -6.01786561e-02 -4.76221107e-02  2.65403353e-02 -1.33480551e-02
 -2.73638163e-02  3.74512970e-02 -7.44222030e-02 -8.36468115e-03
 -2.54679210e-02 -4.85600196e-02 -1.15393244e-01 -2.39947252e-03
 -6.55723829e-03  4.65369746e-02  2.36328915e-02  2.56400313e-02
  9.26884860e-02  3.03351786e-02  2.16075629e-02 -2.69930344e-02
 -1.53477164e-02  1.59640312e-02  2.65992805e-02  1.93439387e-02
 -4.42325547e-02  1.36686340e-01 -7.73118660e-02  1.00305106e-03
 -4.39588986e-02  2.82503441e-02  1.90118626e-02  5.87329641e-02
  2.33600289e-03 -7.87444487e-02 -2.95332819e-02  3.29584591e-02
  4.33537848e-02  1.43267578e-02  3.15411538e-02 -2.58770473e-02
 -1.05832480e-02  5.48380390e-02  5.04747704e-02  4.43750387e-03
  2.77537405e-02  1.68760289e-02  4.95395772e-02 -1.10736012e-03
  1.01869032e-01  2.33648252e-02 -9.65326726e-02 -2.38917843e-02
 -4.19380851e-02 -1.60808507e-02  3.29187363e-02  1.84350368e-02
 -7.12303966e-02  5.57156615e-02  1.19440304e-02  7.19213784e-02
  3.62301990e-02  5.00518754e-02  2.75476556e-02  3.96183180e-03
 -4.50237431e-02  1.95134766e-02 -4.94620064e-03 -1.51529908e-03
  6.16851114e-02  9.09048393e-02 -8.77496526e-02 -2.72194464e-02
  3.90409976e-02  7.44907185e-02 -7.04501942e-02  4.15612049e-02
  9.24387574e-02 -1.17733236e-02 -5.30869281e-03  1.82493273e-02
 -3.04296911e-02 -1.49918422e-02 -3.36485058e-02 -3.84213813e-02
  8.37931111e-02  8.88426378e-02  3.59954834e-02  3.66073586e-02
  8.06244381e-04  4.76430580e-02 -1.25699714e-02 -4.12320942e-02
  1.69608165e-02 -1.33290223e-03 -6.81441277e-02 -8.31598556e-33
 -6.59615993e-02  1.04740061e-01 -1.51426606e-02  2.81166043e-02
 -6.46217465e-02  1.90570503e-02  2.24763229e-02  3.65500562e-02
  8.12608153e-02  4.23935615e-02  3.27641554e-02 -4.97139841e-02
  4.27834913e-02 -8.49720761e-02 -9.26378518e-02  5.76171577e-02
 -4.52035591e-02 -1.90508720e-02 -3.10157016e-02 -7.38492832e-02
 -3.11789382e-02  7.13077933e-02  2.24198159e-02  8.38988647e-02
 -1.62211694e-02  2.75932974e-03 -8.58788937e-02 -7.09109232e-02
 -5.35474420e-02 -1.30721349e-02  5.10461107e-02 -6.19131736e-02
 -3.35277505e-02  1.47565491e-02 -6.34863898e-02 -5.04687726e-02
  3.13724838e-02  1.20511418e-02  1.90048739e-02  4.21266854e-02
  6.48653805e-02 -2.20967014e-03  1.91918574e-02 -2.97538214e-03
 -5.91183873e-03 -6.19697534e-02  5.00964634e-02 -6.48182556e-02
 -1.42413788e-02 -8.01333711e-02  3.92867215e-02  1.43864481e-02
 -2.03858856e-02  7.27498308e-02  3.23711447e-02  8.20078328e-03
 -2.58921124e-02 -5.43287657e-02 -1.12113558e-01 -2.38710325e-02
  6.87707216e-02  8.05415437e-02 -2.72969510e-02  1.14709614e-02
  8.76244083e-02 -1.47819258e-02 -6.03405572e-02 -2.68106759e-02
 -2.51253694e-02  2.62303799e-02  1.07925326e-01 -4.75776009e-02
  1.95195936e-02  1.08962590e-02 -2.43362114e-02 -5.82681783e-02
 -1.37900701e-02 -2.09228974e-02  2.86749434e-02  1.84529833e-02
  5.94055513e-03 -6.48767501e-02 -5.52518107e-02 -3.97730805e-03
 -1.45920411e-01 -5.44053800e-02  1.57718696e-02 -2.85731871e-02
 -6.55767927e-03  5.47180474e-02 -6.43170327e-02  5.19742630e-02
 -2.96149421e-02 -5.70540018e-02 -1.12690059e-02 -5.70302419e-08
  3.24044824e-02 -5.44310883e-02  4.96241413e-02  1.50340181e-02
  4.10207175e-02 -3.89353223e-02 -3.62629443e-02  4.63283993e-02
 -2.78851278e-02  6.56825453e-02  2.45654192e-02 -2.65121995e-03
 -5.38553149e-02 -7.89663717e-02 -6.72907531e-02  1.10731414e-02
  6.30354360e-02  1.33313015e-01 -2.96403491e-03  6.92234701e-03
  6.93621859e-02  2.21527666e-02  7.08006602e-03 -9.53550041e-02
 -4.90856096e-02  4.95640934e-02 -2.74387598e-02  4.07661870e-02
 -3.24900858e-02  1.88257787e-02 -4.51886654e-03 -4.39237729e-02
  7.99292326e-03 -7.31433704e-02 -5.67773432e-02  4.58833463e-02
 -1.49229290e-02  3.12070940e-02 -6.75660372e-02  2.65466459e-02
  5.91717064e-02 -5.49024381e-02  1.39032481e-02  1.16224512e-02
 -3.15083424e-03 -5.63934147e-02 -7.72576109e-02  5.22646569e-02
  5.60858287e-02 -7.87848458e-02  1.96016878e-02 -7.42409658e-03
  1.12986090e-02 -4.09533158e-02 -5.52114062e-02 -3.02815274e-03
  1.78058129e-02  3.89908366e-02 -1.10813193e-01 -2.62105418e-03
  5.78922257e-02 -9.77319945e-03  4.06170869e-03 -3.27477679e-02]