[-4.60055992e-02  6.34132177e-02 -5.75449504e-02 -2.48563085e-02
  8.32042005e-03  6.04885072e-02 -1.50113832e-02  1.51918709e-01
  3.94173749e-02 -1.32758878e-02  8.95239338e-02  2.47353036e-02
 -2.75238566e-02  1.47143351e-02 -4.42442335e-02  2.41058320e-02
  7.83983525e-03 -1.09834000e-02 -2.81473175e-02  7.93106258e-02
  4.76121716e-02 -2.66838036e-02 -4.01176885e-02  3.59718502e-02
 -1.01838954e-01  1.36339967e-03  1.58001259e-02  4.78746966e-02
 -6.01719990e-02 -3.29730883e-02  5.51989712e-02  8.75322744e-02
 -1.25031648e-02 -1.79123394e-02 -7.75005994e-03 -1.44186765e-01
  1.41301621e-02 -1.17764594e-02  5.16683087e-02  7.23178089e-02
 -2.42755692e-02 -6.79146200e-02 -1.13340087e-01 -4.31233235e-02
  6.59928322e-02 -1.99212488e-02 -3.38034779e-02  6.93704709e-02
 -8.73133633e-03 -3.91302630e-02 -9.32705477e-02 -1.29761714e-02
 -3.00588775e-02 -3.54523733e-02 -4.06329036e-02 -1.07676409e-01
 -9.21066925e-02 -3.75613570e-02  1.88382603e-02 -1.13997227e-02
  4.08663116e-02 -4.17630933e-02 -6.66494593e-02  2.68954933e-02
 -1.63464167e-03 -1.09924395e-02  4.99412529e-02 -9.94033590e-02
 -5.12278043e-02  3.75141688e-02 -7.77863013e-03 -9.07800347e-02
  1.36366654e-02 -1.83293298e-02 -9.45155025e-02  5.25892433e-03
  7.14081619e-03  2.45244540e-02  2.27172393e-02 -1.14800625e-01
 -3.68968560e-03 -2.22533513e-02 -7.68376747e-03  4.99292649e-02
  1.37750462e-01 -1.51710352e-02 -1.26955053e-02 -1.37230922e-02
  9.22868960e-03  7.20765442e-02 -5.99921728e-03  2.91416533e-02
 -9.64422151e-02 -7.71280238e-03 -2.47818753e-02 -1.18527107e-03
  3.75901684e-02  1.12135587e-02  4.59736250e-02 -4.32957895e-03
  5.12052216e-02  3.84287089e-02 -3.10752764e-02 -6.15128130e-03
 -1.26694217e-01  3.45459394e-02  6.83113337e-02 -1.49241416e-02
  1.50141651e-02  4.13050912e-02 -9.46771652e-02  6.05101995e-02
 -3.23196128e-02 -6.30364344e-02 -9.94654372e-02  1.31111844e-02
  5.78185730e-03 -3.78755410e-03  7.05695897e-02  3.54674943e-02
 -1.77072249e-02 -3.43221165e-02  3.01276264e-03 -6.05389010e-03
  2.76126061e-02  7.59157527e-04  1.52067449e-02  6.44609951e-33
 -4.51851003e-02 -8.79402738e-03  9.80608072e-03 -3.43505852e-03
  4.59009409e-02 -4.84004691e-02 -8.94082561e-02  9.31392331e-03
 -1.03568519e-02 -2.34789811e-02 -1.02226064e-01  1.51144294e-03
 -3.84577774e-02 -8.73031020e-02  7.87062496e-02  6.79458901e-02
 -4.49018814e-02 -5.02561554e-02 -5.16450740e-02 -6.79625794e-02
  2.51535382e-02  6.21937029e-03  4.99164779e-03  1.18409861e-02
  3.19598848e-03  1.13924555e-01 -4.83781658e-03  8.92198551e-03
 -9.33835655e-02  4.65872139e-02 -2.61823256e-02 -1.59162283e-02
 -6.71175793e-02 -1.44605050e-02 -3.24969552e-02 -2.47193985e-02
 -2.30063591e-02 -3.35984081e-02  7.70978630e-03  5.50374994e-03
  5.61729595e-02  2.65833270e-02  7.46347429e-03  2.14874162e-03
 -1.00183189e-02 -2.12401636e-02 -2.99192909e-02  8.48221406e-03
  1.19929239e-01  6.25116925e-04 -7.43342936e-02 -5.14082722e-02
  1.31028406e-02 -1.30222654e-02 -1.23598017e-02  9.41427872e-02
 -8.11600909e-02  1.92962438e-02 -3.06620561e-02  7.88819883e-03
 -3.21723036e-02  3.05722170e-02 -1.06340740e-03 -1.00695314e-02
 -6.78649917e-02  3.43780480e-02 -7.41154701e-02  2.83664502e-02
  2.82352418e-02 -2.91463993e-02  1.50958719e-02 -3.17889713e-02
  8.42814371e-02  3.03934831e-02  2.86637060e-02  2.92836241e-02
  7.37918466e-02  4.29165177e-02 -2.18617427e-03  1.86597593e-02
 -3.06873117e-02  5.44733740e-03  4.25292877e-03 -6.17677765e-03
  4.47183810e-02  2.98170317e-02  3.87865715e-02 -2.27482729e-02
 -3.50495353e-02  2.90279463e-02 -1.83038171e-02 -4.97494452e-02
 -1.70769412e-02 -6.46405434e-03  1.76172759e-02 -8.59589648e-33
  6.68304116e-02  2.67295782e-02  5.53842783e-02 -4.63249013e-02
  4.56044711e-02  5.08674942e-02 -5.78274541e-02 -3.64626832e-02
 -1.94509476e-02 -8.00801814e-02  1.42075075e-02 -6.66063419e-03
  3.13136913e-02 -3.15849297e-02 -2.72967927e-02  3.86960246e-02
 -1.93384793e-02 -4.75514606e-02 -1.10051461e-01 -7.33691826e-02
 -1.41768456e-02  4.86927032e-02  5.05634956e-02  2.72743907e-02
 -3.67968567e-02 -1.78471711e-02  8.48046243e-02  3.38659063e-02
 -2.18762755e-02  3.33343074e-02  8.30209330e-02  9.52148344e-03
  5.79049438e-03  6.78043440e-02  2.45335535e-03  7.31920302e-02
  6.46678358e-02 -3.09873093e-02 -3.39919627e-02  1.27744526e-01
  1.61018837e-02 -3.43405176e-03  2.61131357e-02 -3.15750316e-02
  7.84146711e-02 -1.05430919e-03 -3.67160654e-04 -1.71701327e-01
  3.12047731e-02 -7.13087246e-02  1.62103400e-01 -2.16036607e-02
 -1.09207056e-01  2.26078052e-02  7.12997513e-03  1.96619015e-02
  2.37292554e-02 -8.60788822e-02 -7.29560032e-02 -5.23021221e-02
  5.09355627e-02  8.61731842e-02 -6.46035671e-02 -3.48712802e-02
  2.86467187e-02 -8.23859219e-03 -3.18139941e-02  4.69508804e-02
  6.86428621e-02  9.22988914e-03 -1.72436368e-02 -1.19705778e-02
 -6.63263677e-03  7.85017833e-02 -6.35009333e-02  2.03101095e-02
 -2.45451666e-02  2.51427684e-02 -1.32454373e-02  2.52109766e-02
 -1.53525602e-02 -7.90340304e-02 -4.36461605e-02  5.35872243e-02
 -6.04709424e-02 -1.85101982e-02 -6.19294345e-02 -4.19362150e-02
 -7.80633464e-02  4.77673998e-03  2.14021979e-03  6.31017983e-02
  7.74240773e-03  9.25983563e-02 -4.69013676e-02 -6.22347969e-08
  8.30747932e-02 -5.46698682e-02  3.83199453e-02  2.10638233e-02
 -2.33356487e-02 -2.75885053e-02  6.69364003e-04 -9.32257101e-02
 -1.68432444e-02  3.61027829e-02  1.35988407e-02  3.50507721e-02
 -7.05620227e-03  6.65705353e-02 -5.99499568e-02  2.28623915e-02
 -3.25956345e-02  7.21978843e-02 -5.93679538e-03 -1.38286510e-02
  5.79969175e-02  5.90854604e-03  3.54419299e-03 -1.39842052e-02
  4.86729145e-02 -7.61018693e-02 -3.94281074e-02  3.34111322e-03
  2.54618078e-02  2.35347543e-02 -4.57154214e-02  4.99409549e-02
  9.71993878e-02 -1.48332063e-02 -3.91599536e-03 -2.37797387e-02
  5.49860597e-02  2.18488672e-03 -6.09806925e-02  1.15785263e-01
  1.11351281e-01 -1.10144867e-02 -1.15150154e-01  3.41333784e-02
  9.05949473e-02 -8.91757850e-03  3.17886807e-02  5.63167501e-03
 -6.53145462e-02  2.38521937e-02  6.04667366e-02  9.72596183e-02
  1.97773911e-02  7.27309734e-02 -7.85834566e-02  5.19661531e-02
 -7.98344761e-02 -1.85344722e-02  1.07033476e-02 -6.64639995e-02
  5.35266511e-02  5.93280047e-02 -1.32441670e-02  1.90056227e-02]