[ 1.40010454e-02  8.62434357e-02 -7.35742971e-02 -5.30934986e-03
 -2.09965315e-02  2.09987946e-02  4.73623239e-02  6.16829582e-02
 -1.19499480e-02  7.14470893e-02  5.33898212e-02 -3.99449877e-02
  2.57726870e-02  2.67473813e-02 -4.04189564e-02 -2.47834437e-02
  4.86426763e-02  2.97609270e-02 -8.86006374e-03  9.73668396e-02
  1.71255469e-01 -5.88595979e-02 -6.26313314e-02  2.88110822e-02
 -9.46704000e-02  2.80332956e-02 -7.40375519e-02 -3.90495658e-02
 -7.19770342e-02 -3.96150686e-02 -4.89667319e-02 -1.43537752e-03
  1.19519979e-01 -1.22817326e-02  2.76935995e-02  3.11177559e-02
  7.59733915e-02 -3.15313824e-02 -2.88062617e-02  6.90122992e-02
 -8.94128084e-02 -1.90876536e-02 -8.36320147e-02 -6.39710277e-02
 -3.84216867e-02 -4.39608879e-02  3.41992527e-02 -4.56346124e-02
 -5.55803031e-02 -6.23642607e-03 -5.77101111e-02  1.29120359e-02
  5.81670320e-04 -4.15521674e-02  2.02803891e-02 -5.06560020e-02
 -6.62833080e-03 -3.29155512e-02 -5.57433739e-02 -4.84928396e-03
  1.11639323e-02  2.96737291e-02 -2.89360341e-02 -2.62275245e-03
  3.71875651e-02  3.12490985e-02 -3.83327343e-02 -7.86974374e-03
 -3.28668989e-02  8.67272075e-03  1.25059485e-02 -5.35218753e-02
  5.86598441e-02  1.80574208e-02 -8.76000524e-03  4.81902137e-02
  3.52161960e-03  6.09908178e-02 -7.46229617e-03 -1.78107411e-01
  6.02203161e-02 -4.73384606e-03 -3.41549851e-02  1.20870480e-02
  6.75388202e-02  5.19600557e-03 -1.16867283e-02 -3.21522094e-02
  3.03143263e-02  5.58290966e-02  4.16392200e-02  5.60641885e-02
 -4.41661216e-02 -8.49858224e-02  6.94851205e-02 -3.43544781e-02
 -1.52713843e-02 -5.66284619e-02  1.07367396e-01 -3.17999572e-02
  3.63697931e-02  1.11464886e-02  2.94096861e-02  2.29105633e-02
  5.92603814e-03 -5.04775047e-02 -3.92498709e-02 -7.96315745e-02
  1.45035321e-02  1.24482170e-01 -9.34935454e-03 -2.78504938e-02
 -1.14954382e-01 -7.39330277e-02  1.41709298e-03 -2.93960725e-03
 -1.66548379e-02 -1.46680288e-02 -2.72259489e-03 -4.75346036e-02
  2.09279228e-02 -1.61999036e-02  5.48862368e-02 -5.45871034e-02
  3.23657803e-02 -1.99936088e-02  3.84353846e-02  8.89176327e-33
 -2.47030463e-02 -3.56876142e-02 -3.66646535e-04 -6.61035487e-03
 -2.55327206e-02  2.51339320e-02 -4.74454388e-02  6.00371286e-02
  1.06945716e-01  1.93930827e-02 -4.93313037e-02  9.53139067e-02
 -2.91036572e-02 -1.05798868e-02  1.37240112e-01 -3.35816457e-03
  9.12822336e-02  5.12851849e-02  1.30706504e-02 -2.91132592e-02
 -2.01650579e-02 -3.52404378e-02  1.87745858e-02 -2.82145310e-02
  2.97113992e-02  3.92722385e-03 -4.23200987e-02 -2.24185754e-02
 -8.97405520e-02  3.05036437e-02  9.52207521e-02  2.52039958e-04
  6.70759454e-02 -4.08257581e-02 -6.61203191e-02 -7.56990314e-02
 -3.48747708e-02  4.13377620e-02 -1.76948756e-02 -4.80085462e-02
 -5.57326376e-02  8.11401103e-03  9.38301608e-02  1.88815650e-02
  2.46897601e-02  3.46329920e-02  4.87924255e-02  2.47893687e-02
  1.11747667e-01  1.79129150e-02 -1.35947810e-03 -1.45315826e-02
 -3.53602357e-02 -4.24856134e-02  6.50909729e-04  1.60668958e-02
  3.89326247e-03  2.31753755e-02 -2.20278967e-02 -6.78132996e-02
 -4.63510752e-02 -1.19878370e-02  1.84764713e-03 -4.62814271e-02
 -4.52782325e-02 -5.38329743e-02  1.26657505e-02  1.74714497e-03
  1.26274750e-01  4.57097664e-02 -9.26448777e-02 -8.41204356e-03
 -4.52328101e-02  2.90086586e-02 -1.01157194e-02  1.46360695e-02
  3.10651958e-02  1.21734785e-02 -8.99051502e-02  6.18913807e-02
 -2.75761224e-02  8.33095796e-03  2.12071519e-02 -4.35003713e-02
  2.46537123e-02  1.00324973e-01  3.32432240e-02  6.19113334e-02
  6.76717900e-04  6.99899495e-02  1.32095031e-02  8.85743052e-02
 -2.94345208e-02  4.91339974e-02  3.42765935e-02 -1.16471507e-32
  8.82739667e-03 -4.67811275e-04 -4.36359607e-02 -1.83692351e-02
 -2.48102322e-02  1.86915919e-02 -3.09325308e-02 -6.72525615e-02
 -1.10622771e-01 -6.50204942e-02 -6.06199801e-02 -9.85660031e-02
  4.94699925e-02 -2.38137208e-02 -1.12800948e-01  5.57867736e-02
 -1.05663821e-01 -5.88184260e-02 -3.06463819e-02 -7.73299625e-03
 -1.71348248e-02  1.01624861e-01  7.39419907e-02 -3.64319794e-02
  7.54682347e-03 -3.11384592e-02 -5.51115274e-02 -2.59038787e-02
 -5.31296544e-02 -4.57581542e-02  4.81560156e-02 -2.37077456e-02
 -1.53170936e-02  5.74735999e-02 -5.25743514e-02 -5.90118691e-02
  6.76913038e-02 -4.16025408e-02 -3.45798545e-02  7.98789784e-02
  6.23418912e-02  9.37006325e-02  1.75666716e-02 -4.26659733e-02
 -2.33825408e-02 -2.39725169e-02  4.66053607e-03 -9.07982811e-02
  3.12062576e-02 -6.75980374e-02  1.01422869e-01 -9.66350809e-02
 -2.29993500e-02 -1.14960386e-03  1.35451565e-02  1.13797951e-02
 -2.38308068e-02 -5.86680621e-02 -8.31131935e-02 -1.18810509e-03
  4.69818488e-02 -3.34242097e-04 -7.27882534e-02  1.02542005e-02
  3.90077867e-02  1.04350336e-02  6.85231015e-02  8.69990792e-03
  1.44208632e-02 -3.57693806e-02 -2.49463562e-02 -7.12969601e-02
 -6.97474703e-02 -2.99624656e-03 -3.46086882e-02  2.67912894e-02
 -2.07560994e-02 -6.81903735e-02 -3.68526094e-02  5.84349707e-02
 -8.62942636e-02  2.13967427e-03 -1.87912378e-02 -5.49809821e-02
 -5.88986203e-02  1.00718262e-02  1.33434599e-02 -3.16819474e-02
  1.75628196e-02  9.81343314e-02 -1.11965857e-01  7.63838440e-02
 -2.81108245e-02  1.07933935e-02 -1.41187692e-02 -6.02170616e-08
 -6.66762888e-03 -3.67097557e-02  3.46291587e-02 -6.92191115e-03
  3.56431380e-02 -8.77561569e-02 -1.43963983e-03  2.00288626e-03
  3.30969803e-02  3.31709459e-02 -3.44935805e-02 -3.06009315e-02
 -9.18822885e-02 -3.22815008e-03  1.21881152e-02 -8.18309039e-02
  5.28467894e-02  4.65221144e-02 -4.13515829e-02 -5.64497858e-02
  8.19243193e-02 -4.54614125e-02 -1.09869584e-01 -7.39993621e-03
  5.37070148e-02 -6.22821264e-02 -3.18754688e-02  8.10882263e-03
 -7.35861203e-03  6.00520968e-02 -8.80715437e-03 -1.38664795e-02
  7.06349015e-02 -4.45501432e-02 -2.01173779e-02 -2.54661497e-02
  2.84481701e-02 -1.45313181e-02 -2.14317311e-02  2.20528860e-02
  1.40973300e-01 -4.18449715e-02 -9.96096618e-03  4.92069013e-02
 -4.32727225e-02 -3.92687246e-02 -3.55242901e-02  3.10272072e-02
  1.18539343e-02  1.91452932e-02 -6.13437826e-03 -1.04692103e-02
  7.59166554e-02  8.07579979e-02 -1.98895652e-02 -4.81198430e-02
  7.26113692e-02  9.22176579e-04 -1.02477642e-02 -8.20641313e-03
  9.75448787e-02  4.25972752e-02  3.10831256e-02 -3.84988151e-02]