[-6.67928085e-02  6.16539940e-02 -6.38730824e-02 -3.72258499e-02
 -8.09911266e-02  1.06524713e-02  4.02590595e-02  1.06105462e-01
 -7.15913810e-03  5.98029681e-02  9.60077122e-02 -1.52769657e-02
 -7.74259716e-02  1.81808937e-02 -3.41752684e-03 -1.77640803e-02
  4.46557403e-02 -1.04476511e-02 -5.19026518e-02  5.18653281e-02
  1.29776314e-01 -6.50572067e-04 -5.26587404e-02  8.63008946e-02
 -8.88091624e-02 -7.21172318e-02 -8.59809741e-02  5.21607623e-02
 -1.54439276e-02 -1.78048238e-02 -5.43639436e-03  1.43410131e-01
  1.14104539e-01 -1.00589893e-03  1.72858816e-02 -9.62143857e-03
  2.18650931e-03 -8.76697600e-02 -2.61375941e-02  8.78593624e-02
 -2.93717254e-02 -2.01518871e-02 -6.46098182e-02 -3.11716832e-02
 -3.70977819e-03 -7.28514120e-02  3.39932973e-03  4.26451489e-02
 -3.82710434e-02 -7.49463309e-03 -9.34680402e-02  1.43692391e-02
 -2.27686595e-02 -3.11048683e-02 -2.34251916e-02 -7.25535676e-02
 -4.37629931e-02 -5.38347214e-02 -1.35503467e-02  1.66075360e-02
 -2.38390099e-02  1.17440447e-02 -3.75706442e-02 -3.67117710e-02
  1.94249488e-02  2.12821085e-02  2.08596326e-03 -6.67139962e-02
 -3.25350501e-02  3.90197225e-02  4.69101444e-02 -1.03115581e-01
  4.95632514e-02  2.83112358e-02 -4.41659428e-02  7.61170760e-02
  1.91890299e-02  1.47397863e-02  3.92134069e-03 -1.72704935e-01
  2.34187674e-02  1.32852830e-02  1.44163170e-03 -7.55979568e-02
 -4.24874481e-04  1.74757689e-02 -3.06106787e-02  9.32376366e-03
  1.32961757e-02  5.30667193e-02  5.94853163e-02  2.30498388e-02
  1.97982863e-02 -1.69609338e-02  3.58414799e-02 -2.05725562e-02
  6.19877875e-02 -7.27112442e-02  5.38009331e-02 -2.12954972e-02
  4.53292839e-02  5.71814217e-02 -8.43029993e-05 -8.31437937e-05
 -8.39168578e-02 -1.05813071e-02  1.50526902e-02 -2.61822958e-02
  5.95709905e-02  8.95803645e-02 -1.06677487e-01 -2.74204109e-02
 -8.78236517e-02 -1.17954336e-01 -1.36609808e-01  5.58799459e-03
 -2.51175091e-02 -4.91108596e-02  8.52929652e-02 -6.86695501e-02
  6.35809265e-03 -7.72116780e-02  2.40998305e-02 -7.09318519e-02
  3.47185470e-02 -9.38233435e-02 -2.27003694e-02  1.48410379e-32
 -6.02610558e-02 -7.27206916e-02 -8.90948460e-04  2.98501775e-02
 -2.74140816e-02 -3.13879107e-03 -5.94969615e-02  8.69105943e-03
  2.14335993e-02  1.78624950e-02 -7.58116469e-02  1.02736570e-01
 -4.63105738e-03  1.08305607e-02  7.29721636e-02 -1.56306624e-02
  3.40297818e-02 -1.25701828e-02  1.85516700e-02  3.82451899e-03
 -2.10377816e-02  2.87030265e-02 -1.45156763e-03 -2.81123966e-02
  1.56487543e-02  8.14561248e-02 -6.29234985e-02 -6.40711486e-02
  7.70663028e-04  6.23149686e-02  5.28208390e-02 -4.18405095e-03
 -1.00079579e-02 -7.43474513e-02 -1.71912834e-02  3.11757885e-02
 -1.98574159e-02  6.76027639e-03 -5.11645637e-02 -3.08674742e-02
  1.45574212e-02  3.93529832e-02  7.07488209e-02  3.64665538e-02
  3.98495942e-02 -6.26457334e-02  6.09480254e-02  5.77518456e-02
  8.19125026e-02  1.24075688e-01 -4.76281494e-02 -3.02844681e-02
 -2.90971459e-03 -3.11717279e-02 -2.91428231e-02  5.58846146e-02
 -1.04483254e-01  3.91470231e-02 -2.94103306e-02 -6.00462668e-02
 -2.42737569e-02  6.01712316e-02 -5.84511720e-02  2.54099793e-03
 -3.88675071e-02 -3.11475135e-02 -6.64656330e-03 -1.75227765e-02
  8.26727375e-02  4.45786603e-02 -2.29121950e-02 -3.20953727e-02
 -3.48599032e-02  9.42376629e-02  9.08829796e-04  3.90951857e-02
  5.04355319e-02  1.95360184e-02 -8.10799301e-02  2.76645850e-02
 -1.84522625e-02  2.47950736e-03  7.93618783e-02 -2.69016828e-02
  3.36633548e-02  7.46240616e-02  4.89116274e-02  5.07643595e-02
  4.32542115e-02  6.52552694e-02  2.92550549e-02  1.02618113e-01
  3.06705013e-02  1.20990332e-02  7.60743096e-02 -1.64057561e-32
  1.60833672e-02  4.56883525e-03 -3.05706486e-02  7.21582491e-03
  1.21123027e-02 -2.21419670e-02 -6.92322925e-02 -8.34336430e-02
 -2.91081928e-02 -1.10219620e-01 -3.07983533e-02 -3.85227762e-02
  1.10804424e-01 -4.94374409e-02 -7.09529035e-03  2.65205167e-02
 -1.13691255e-01 -4.95608561e-02 -6.76738322e-02  1.82863995e-02
 -3.20161344e-03  8.35050493e-02 -3.69193527e-04 -2.67224424e-02
  2.16725413e-02 -1.87592413e-02 -3.83997597e-02 -2.27464549e-02
 -5.36862537e-02 -4.01737690e-02  1.67451594e-02  1.10873971e-02
  9.75766685e-03  2.49443259e-02 -3.45509090e-02 -2.86587067e-02
  7.57121369e-02 -3.69228981e-02 -3.00853085e-02  1.18315183e-01
  1.77953334e-03  7.48158693e-02  9.76144299e-02 -3.35216112e-02
 -5.35956323e-02 -1.87644418e-02  7.15181511e-03 -9.01729837e-02
  6.69290647e-02 -5.74417114e-02  4.89601381e-02 -3.13954912e-02
 -1.99842844e-02 -7.05915764e-02  1.06372766e-01 -1.83035992e-02
 -2.74551072e-04 -6.90809190e-02 -8.78856778e-02  4.63619595e-03
  1.47845969e-01  5.83143905e-02 -3.38578671e-02  2.95293448e-03
  8.97187665e-02 -2.43204180e-02 -4.31108437e-02 -2.59750970e-02
  2.14500283e-03 -4.14808951e-02  4.48752902e-02 -4.25119214e-02
 -7.62633383e-02 -4.26173918e-02 -9.35387239e-02 -3.87926064e-02
 -7.92486314e-03 -8.33491888e-03 -1.73690654e-02  2.23723706e-02
 -1.87009072e-03 -6.77208789e-03 -2.75875814e-02  4.35714833e-02
 -6.86004311e-02  2.91654118e-03 -7.67807756e-03  2.57100258e-02
 -6.13728426e-02  4.17156070e-02 -3.59450653e-02 -3.69629897e-02
 -5.19722467e-03  4.69757617e-02 -3.75097282e-02 -7.33890104e-08
  4.80882749e-02 -2.74656676e-02  3.63374762e-02 -1.89413838e-02
  3.12039740e-02 -4.32114415e-02 -4.53663655e-02 -1.57304928e-02
  7.81318918e-03  4.87961620e-02  2.18193047e-03  4.03398611e-02
 -5.78254275e-02  2.15304922e-02 -9.82232625e-04 -6.58121482e-02
  4.09973115e-02  2.48781331e-02 -5.66950887e-02 -2.14894526e-02
  3.87954637e-02 -4.30254117e-02 -7.23652542e-02 -4.20321003e-02
  4.72801663e-02 -8.49744957e-03  1.86046585e-02  4.13558483e-02
  2.19359584e-02  3.94497402e-02 -3.04800868e-02 -7.61129148e-03
  4.93381061e-02 -5.39557599e-02 -2.90415026e-02 -4.58028466e-02
 -1.16216089e-03  2.95433570e-02 -6.04118630e-02 -1.63132530e-02
  1.29288912e-01 -2.97267176e-02 -3.97653989e-02  3.40275429e-02
 -2.22430062e-02 -2.30866633e-02  1.75059233e-02  4.21191007e-02
 -5.69009073e-02 -5.24493605e-02 -5.80488630e-02  1.44386161e-02
  3.64761502e-02  2.93949489e-02 -1.44171100e-02  7.61984941e-03
  4.50316519e-02  4.44003865e-02 -3.26269190e-03 -6.35157600e-02
  7.04383329e-02  2.22215094e-02  3.50318216e-02  2.18868367e-02]