[-4.05120105e-02 -2.45129596e-02 -2.40911916e-02 -4.96268459e-02
 -5.86953312e-02 -4.22448441e-02  4.07807268e-02  9.13053527e-02
 -2.93821264e-02  6.24599829e-02  8.20612907e-02 -4.39826958e-02
  7.88337588e-02 -1.91830751e-03  8.76242854e-03 -4.60385345e-02
  2.69091055e-02  4.16086465e-02  1.86278522e-02  2.38573980e-02
  1.51708543e-01  8.64994433e-03 -4.73454706e-02  4.21848223e-02
 -7.58888721e-02  3.35798273e-03 -5.94116263e-02  2.69640200e-02
 -6.84706196e-02 -3.72351632e-02 -9.50920731e-02  1.20594740e-01
  7.56026655e-02 -4.22679782e-02 -7.51505746e-03  8.06536600e-02
 -9.97411832e-03 -4.71679904e-02 -9.99069735e-02 -1.88143458e-02
 -9.17158946e-02 -5.36846332e-02  4.69056144e-03 -5.72018288e-02
  6.02003783e-02 -3.23409052e-03 -2.10435987e-02 -6.37810230e-02
 -8.86384323e-02 -2.86175078e-03 -8.49940404e-02 -2.11878866e-02
 -3.26659493e-02  2.89086141e-02  2.72541251e-02  9.77811776e-03
 -1.22885704e-02  4.18535480e-03  1.15185445e-02 -1.45073477e-02
  1.40474252e-02  1.98131278e-02 -4.59266305e-02  1.33179799e-02
  7.88897201e-02  6.39922405e-03 -2.45570503e-02 -5.33714257e-02
  2.43645031e-02 -4.16982025e-02  4.81228810e-03 -7.96492547e-02
  2.46256478e-02  1.17634311e-02 -9.24674496e-02  4.15110681e-03
 -3.09314188e-02  4.54607680e-02 -4.22465317e-02 -1.37058899e-01
  1.49695547e-02 -7.67795951e-04 -2.33351812e-02 -1.17944682e-03
  3.46973613e-02  1.34507939e-02 -5.76406019e-05  2.70329230e-02
  6.13601096e-02  6.49119541e-02  5.00516407e-02  7.60644823e-02
 -6.96364045e-02 -1.04480974e-01 -1.91560679e-03 -3.83355543e-02
 -2.94669473e-04  2.33749184e-03  1.19062424e-01 -3.37304510e-02
  3.28199379e-02 -4.20243246e-03 -1.90487579e-02  7.24707022e-02
 -4.11552712e-02 -3.71196643e-02  5.63576026e-03 -5.70500381e-02
  3.67129184e-02  7.83075094e-02 -1.02559760e-01 -1.05260061e-02
 -9.85969454e-02 -6.00487739e-02 -8.54253992e-02  2.01960392e-02
 -9.75985900e-02 -6.39080480e-02  4.70379740e-02  6.34075925e-02
  3.49901132e-02 -6.80239424e-02  6.43476844e-02 -1.00854963e-01
  5.63906431e-02 -8.85875896e-03  8.70798156e-02  8.18227602e-33
 -6.43916130e-02 -7.56953564e-03 -5.08062653e-02  2.34376062e-02
  1.52179077e-02 -1.35508915e-02 -4.64985371e-02  4.44958033e-03
  7.46085644e-02 -8.45205188e-02 -4.95500304e-02  1.36456385e-01
 -1.07156439e-02 -2.02527139e-02  1.00922950e-01 -7.37230107e-02
  3.79934385e-02  1.12077435e-02  1.69541389e-02 -2.89077628e-02
 -1.83847062e-02  8.58167186e-03  1.13008008e-03 -8.75485614e-02
  9.61978361e-02  5.48457168e-02 -2.67972331e-02  1.34184100e-02
 -2.87083555e-02  5.97510412e-02  1.38047427e-01 -3.34822340e-03
 -2.72257011e-02 -5.92566654e-02 -1.53513057e-02 -4.63710949e-02
 -5.78651503e-02 -1.17390389e-02 -2.83506829e-02 -4.89649586e-02
 -3.50086465e-02 -7.14857539e-04 -4.72676661e-03  4.58966009e-03
 -4.11029607e-02 -2.24158634e-02  2.91463491e-02 -1.46764042e-02
  8.80990848e-02  6.07499667e-02  4.14794832e-02 -2.06534192e-02
 -3.86350439e-04 -7.75540620e-02 -3.67579772e-03  6.29271120e-02
  1.22060534e-02 -6.48789899e-03 -1.22374058e-01  1.03961313e-02
 -3.43604572e-02  4.75530475e-02  6.76405653e-02 -4.61783111e-02
  7.40239620e-02 -3.65101674e-04  2.75450256e-02  3.88459414e-02
  8.45296606e-02  1.48010422e-02 -1.90160889e-02 -8.54324698e-02
  1.92472488e-02  9.30630974e-03  4.85455915e-02  1.23929186e-02
  4.85751964e-02 -1.03313355e-02 -1.56479806e-01 -1.34321554e-02
 -8.74052420e-02  2.37760507e-03 -4.84856702e-02 -1.17262369e-02
  6.72408193e-02 -2.00905409e-02  3.02350819e-02  2.02985704e-02
  2.59688608e-02  3.03045828e-02  5.33653721e-02  3.48504111e-02
 -6.99516162e-02  5.29154614e-02 -8.14388134e-03 -1.02507214e-32
 -8.57973564e-03  4.07959148e-02 -4.34284024e-02  5.27687632e-02
 -5.14235124e-02 -4.72379439e-02  4.44344468e-02 -4.00066283e-03
 -4.19390611e-02 -5.52646779e-02 -9.60458294e-02 -2.88842283e-02
  5.30429296e-02  1.97254419e-02 -2.69759372e-02  1.19748963e-02
 -5.97967245e-02  1.79073378e-03 -3.96694914e-02  4.31171693e-02
 -1.02987532e-02  3.81535627e-02  2.89943609e-02 -3.73998880e-02
 -5.87582476e-02  2.07680073e-02 -4.29757088e-02 -3.29411402e-02
 -8.12106058e-02 -5.22246473e-02  8.50911159e-03 -4.95333448e-02
 -6.08314620e-03  1.14400499e-01 -5.62832283e-04 -1.77748334e-02
  4.63628396e-02 -9.10357665e-03 -6.07711775e-03  2.30918787e-02
  1.05946384e-01  4.49229814e-02  1.51298419e-02 -7.00500757e-02
 -6.74022511e-02 -4.74184602e-02 -1.70761161e-02 -4.99229273e-03
  2.12817714e-02 -6.83541447e-02  1.19603030e-01 -3.74996364e-02
  1.66136380e-02 -6.28223121e-02  3.77768874e-02  1.33723151e-02
  3.57650407e-02 -7.42976889e-02 -1.03045374e-01 -3.21207871e-03
  1.03435203e-01 -3.25687453e-02 -2.14215517e-02 -1.14733409e-02
  3.43866758e-02  1.41596254e-02  3.39659862e-02  3.46331187e-02
 -7.43257953e-03 -4.76898700e-02  2.45131720e-02 -3.22661512e-02
 -9.49969888e-03  3.17756087e-03 -4.88469750e-02 -5.63164987e-02
 -2.88824849e-02 -5.71716800e-02 -4.19710279e-02 -7.43666384e-03
 -7.96927884e-02  3.99805717e-02 -1.44524770e-02  2.28902716e-02
 -1.00194611e-01  4.29848814e-03 -3.79198343e-02 -4.70440760e-02
  4.41425852e-02 -2.35619377e-02 -4.74096350e-02  1.19809322e-01
 -1.53066292e-02  1.19453460e-01 -6.45041689e-02 -6.90473740e-08
 -4.95106331e-04 -3.25194262e-02  9.86156762e-02  5.47955930e-02
  5.90857007e-02 -1.94222387e-02  2.80810315e-02  2.88554542e-02
  3.83367836e-02  3.25811878e-02 -2.95914169e-02 -3.09578422e-02
 -4.68792655e-02  3.30540650e-02  5.32997362e-02 -5.95433265e-02
  5.45444451e-02  5.18875793e-02 -8.12095329e-02 -6.33792058e-02
  6.41499162e-02 -5.64572141e-02 -1.18561238e-02  8.69167969e-03
  2.77111065e-02 -4.53339294e-02 -4.35111821e-02  1.75969023e-02
  7.21876789e-03  2.92883720e-02  2.58888956e-02  9.92298708e-04
  7.09905401e-02  6.66320836e-03 -1.67570002e-02 -3.34762745e-02
 -1.08495625e-02  5.38066737e-02 -7.75524229e-03  3.37776951e-02
  5.19014746e-02  1.85245462e-03 -7.56146312e-02  7.08121583e-02
  3.69443968e-02  1.04029272e-02 -6.77571371e-02 -2.36323755e-02
 -1.98564888e-03 -4.79499958e-02 -6.81810314e-03 -1.74096227e-02
  4.09807935e-02  3.86527963e-02 -8.82494636e-03  2.95339413e-02
  5.07345200e-02 -1.79961622e-02  4.64640073e-02  1.53960148e-02
  2.38028485e-02  7.91734010e-02  1.02427381e-03 -2.76328046e-02]