[-5.56391701e-02 -3.24943215e-02 -9.71994996e-02 -8.26502070e-02
 -8.73483866e-02  5.42369112e-02 -2.43133139e-02  1.03482060e-01
 -9.29077435e-03  6.17996268e-02  9.79615822e-02 -4.83129397e-02
  3.12103536e-02 -2.21644845e-02 -1.41088720e-02 -6.64878190e-02
  5.17357625e-02  7.67693575e-03  1.22512532e-02  9.15922038e-03
  1.46310195e-01 -4.86773401e-02 -4.15518433e-02  6.27402961e-03
 -1.06051117e-01  2.11271942e-02 -1.15043400e-02 -5.62950522e-02
 -2.12314129e-02 -2.75354590e-02  1.89741831e-02  8.26843008e-02
  1.63912512e-02 -5.88163771e-02  2.32667737e-02 -3.90809216e-02
 -4.26520174e-03 -4.21896540e-02 -5.63135371e-02  1.27222762e-01
 -4.10523415e-02  2.93248892e-02 -6.32344708e-02 -5.19659258e-02
  1.27116842e-02 -6.24098023e-03  3.21359420e-03  5.50511815e-02
 -6.23081475e-02 -3.06249456e-03 -8.94446671e-03 -3.25405691e-03
  9.87628475e-03  4.95005772e-02  4.23521399e-02 -6.28605485e-02
 -4.33624759e-02  1.10929983e-03 -5.03354780e-02  4.72096689e-02
 -3.94372120e-02  1.59309600e-02 -1.22678047e-03  7.25667318e-03
  2.20990852e-02  9.27524045e-02 -2.69998936e-03 -3.39478366e-02
 -2.97801644e-02  2.60635819e-02  5.31729423e-02 -1.11562282e-01
 -3.90187353e-02 -5.41201280e-03 -5.13869189e-02  3.65969688e-02
  5.40227853e-02  3.51836160e-02 -1.99565981e-02 -1.55440301e-01
  4.98030819e-02  5.46274260e-02  2.32029445e-02 -3.01822275e-02
 -1.69000810e-03 -6.99794963e-02 -3.78313661e-02  4.92268950e-02
  6.75612036e-03 -1.28329452e-03  1.01945736e-01  7.83094391e-02
 -4.54047415e-03 -8.51829275e-02  4.54034396e-02  1.51136283e-05
 -2.11656149e-02 -3.56454737e-02  4.71160524e-02 -9.86651257e-02
  6.28509223e-02 -2.34371703e-02 -2.36151870e-02 -5.16242869e-02
 -8.63778740e-02 -3.85544822e-02  4.99711838e-03  3.65812401e-03
  6.50544614e-02  1.39507726e-01 -8.10666606e-02 -5.27663250e-03
  5.52588794e-03 -5.24765439e-02 -2.20307112e-02  3.35750468e-02
 -2.85845343e-02 -4.15095948e-02  8.43998417e-02  1.31899752e-02
  6.16612434e-02 -5.65065369e-02  1.35895163e-02 -3.19180861e-02
  2.46612541e-02 -3.96586247e-02 -4.39230986e-02  7.92164688e-33
 -2.95613389e-02 -6.57536834e-02 -6.03179410e-02  2.36303583e-02
 -2.12360229e-02  5.37026115e-02 -1.45990504e-02 -3.16628665e-02
  7.16585368e-02 -7.04418914e-03 -2.51360498e-02  1.05066858e-01
 -4.54800501e-02  4.61206697e-02  3.66635714e-03 -5.58308885e-03
  9.50880349e-02  6.90534338e-03 -1.19140586e-02  3.49478622e-04
 -1.48582496e-02  6.00587204e-03 -1.04992958e-02 -4.90601221e-03
  1.20784082e-02  1.18491925e-01 -7.83007443e-02  4.19885357e-04
 -1.08648986e-01  2.56276038e-02  7.47688040e-02 -6.04080632e-02
  1.99757908e-02 -1.41549334e-02 -5.69452755e-02 -5.58485948e-02
  2.48527378e-02  3.21806185e-02  7.43256044e-03 -2.20384747e-02
 -2.66169459e-02 -2.11447198e-02  2.62981970e-02  5.01452424e-02
  7.08568618e-02 -1.09906368e-01 -1.64450575e-02 -2.75991950e-02
  4.91535999e-02  2.08487827e-02  1.63151026e-02 -3.98774119e-03
  1.68511178e-02 -8.91702175e-02 -5.95244691e-02  4.46472950e-02
 -1.26335561e-01  1.70817766e-02 -4.26110551e-02 -1.89821348e-02
 -1.26359761e-02  2.71148961e-02 -2.89987028e-02 -1.64040141e-02
 -5.07620908e-02  1.75104141e-02 -5.90470619e-02 -6.58819219e-03
  1.00343324e-01  9.47536379e-02 -8.01182017e-02  3.81110907e-02
  3.94943357e-03  7.17835315e-03  8.37425366e-02 -4.35052365e-02
  7.16670826e-02  4.18849848e-02 -6.61477521e-02 -2.74683256e-03
  5.90229109e-02 -4.34643663e-02  5.43764345e-02  6.04312085e-02
  5.19115590e-02  4.91707027e-02  6.27695993e-02  1.08698763e-01
 -2.66653430e-02  2.87724715e-02  9.16344523e-02  8.70779529e-03
  3.07645239e-02  5.19968905e-02  6.00284152e-02 -1.03949414e-32
  6.05282700e-03  4.84551080e-02 -7.10427538e-02 -6.73732236e-02
  5.62496632e-02  4.20599058e-02  3.64810158e-03 -4.31903526e-02
  3.83725227e-03 -1.77382857e-01 -3.61764245e-03 -7.64253214e-02
  5.53132072e-02 -4.79675308e-02 -5.20665981e-02  1.14318006e-01
 -1.90317743e-02 -1.92929339e-02 -8.84178430e-02 -6.54623583e-02
 -3.06049306e-02 -3.41134816e-02  3.84790711e-02 -3.84777263e-02
 -2.34765001e-02 -2.38463953e-02 -6.19874448e-02 -2.95382943e-02
  1.65422279e-02  6.86357021e-02  1.91225000e-02  1.51690394e-02
 -5.95232807e-02  4.63056341e-02 -5.63373417e-02 -2.45539919e-02
 -2.38632946e-03 -1.57909077e-02 -7.13134557e-02  2.15629004e-02
  2.79395115e-02  5.34449629e-02  6.31158501e-02 -8.92459005e-02
 -6.13355935e-02  1.22462874e-02  2.19191350e-02 -1.32204279e-01
 -2.42095627e-03  1.45315602e-02  8.66937712e-02 -1.42068975e-02
  1.13237221e-02  3.49172838e-02  3.12096868e-02 -1.72620062e-02
  1.47329259e-03 -7.60850385e-02 -9.32748616e-02  4.23216708e-02
  1.57729213e-04  8.79048556e-03 -4.80413064e-02 -2.72647161e-02
  4.00372408e-02  1.51459640e-02 -1.65915787e-02  9.48863104e-03
  6.15793057e-02 -1.89579856e-02  7.43360296e-02 -2.66299979e-03
 -2.91230809e-02 -3.68014611e-02 -5.93471043e-02 -9.27051716e-03
 -7.22891614e-02 -3.82914692e-02 -7.62187317e-02  2.67977212e-02
 -1.00384794e-01 -1.38064846e-02 -6.24748990e-02 -8.80594645e-03
 -7.14842603e-02 -4.02253587e-03 -5.16265407e-02  3.15673202e-02
  1.78052168e-02 -8.38864781e-03 -5.92415780e-02 -6.14799513e-03
 -3.40003930e-02  4.12767828e-02  3.56027596e-02 -5.79727022e-08
  2.47270279e-02 -4.69731949e-02  5.57506792e-02  3.42025422e-02
  9.55091864e-02 -1.67945307e-02 -1.82764996e-02 -7.54711873e-05
  1.41408872e-02 -3.85560021e-02  6.35437667e-02 -5.43494010e-03
 -2.62814164e-02 -3.48113142e-02  1.79282390e-02  3.84341972e-03
  5.79547845e-02  3.48700099e-02  2.38556750e-02 -3.29293273e-02
  4.10360545e-02 -3.13953124e-02 -1.02424823e-01 -2.52403989e-02
 -2.11276170e-02  1.62564665e-02  2.68419720e-02  1.42209493e-02
 -2.04933397e-02  4.24949490e-02 -2.99391560e-02 -8.04660283e-03
 -3.26016098e-02 -9.16754976e-02 -7.01445341e-02 -2.62832996e-02
  8.61014873e-02  6.17336184e-02 -3.15877460e-02  5.19376481e-03
  6.43847510e-02  2.08170079e-02 -1.58920139e-02  3.91216539e-02
  8.82711448e-03 -7.85306096e-02  2.61197388e-02 -7.78565137e-03
  1.04881912e-01 -3.82979587e-02 -4.27836403e-02  5.17650992e-02
  2.52575018e-02  2.14491822e-02 -2.61301212e-02 -1.58823971e-02
  7.07032755e-02  6.49217327e-05 -4.31960933e-02 -6.43322291e-03
  4.30311523e-02  4.28240411e-02  4.91197295e-02 -2.26248540e-02]