[ 3.32050808e-02  2.43738219e-02 -2.55515873e-02 -2.39110757e-02
 -3.89150120e-02  4.16882113e-02  1.15860011e-02  1.11269787e-01
  2.21327208e-02  3.96139249e-02  1.30027056e-01 -7.48918205e-02
 -2.60107797e-02  3.11254915e-02 -2.97043715e-02 -6.46468475e-02
  2.08475515e-02  6.53216988e-02 -2.60228515e-02  1.21327020e-01
  1.89089283e-01  1.60188880e-02 -2.75093950e-02  2.57790871e-02
 -5.27769104e-02  1.79096125e-02 -5.84334098e-02 -8.66427924e-03
 -5.74089028e-02 -4.99609709e-02 -1.79874487e-02  1.39274642e-01
  1.39749706e-01 -3.67909446e-02  1.00553622e-02 -1.05750561e-02
  5.72332926e-03  8.65237322e-03 -5.96770607e-02  6.93440586e-02
 -8.28208402e-02 -4.26323041e-02 -5.30133583e-03 -4.50080149e-02
 -5.38335927e-03 -3.61338556e-02  6.38395697e-02  8.24769288e-02
 -7.01576751e-03 -8.09563976e-03 -5.19552194e-02 -1.05170403e-02
  1.21466005e-02  8.36328976e-03 -1.17929727e-02 -7.89215863e-02
 -5.74395880e-02 -2.49778125e-02 -4.42567356e-02  5.52198552e-02
 -1.79268662e-02  7.35499412e-02 -3.41484956e-02 -2.35892311e-02
  5.63945100e-02 -1.32936956e-02  4.99236770e-02 -7.76551813e-02
 -6.93985298e-02 -1.30009949e-02  2.57772226e-02 -9.10703912e-02
 -3.54892164e-02  6.33674040e-02 -3.09409481e-02  3.43656205e-02
 -4.59524095e-02  7.66220540e-02  2.87608374e-02 -1.50799364e-01
  3.51848602e-02  1.36460178e-02  1.12608811e-02  2.57963799e-02
  1.05832383e-01 -3.03175556e-03  4.00129296e-02  1.91190094e-02
  1.60336308e-02  4.44212649e-03  4.03524488e-02  5.60358316e-02
 -4.29630578e-02 -5.99956512e-02  3.38770682e-03 -3.40655725e-03
 -7.98540711e-02  9.46100894e-03  4.17232178e-02 -1.97705030e-02
  5.51376864e-02 -6.32560579e-04 -5.96593991e-02  4.76684347e-02
 -5.09810895e-02  1.36943944e-02  1.19142141e-03 -1.90630276e-02
  1.79683641e-02  6.35315105e-02 -6.55459091e-02 -1.00336282e-03
 -1.22783437e-01 -7.64116570e-02 -1.59250591e-02 -1.50948239e-03
 -8.92490372e-02 -1.35558182e-02  3.29407714e-02  6.97380677e-03
  5.04015246e-03 -3.92062813e-02 -8.24771530e-04 -2.84818429e-02
  1.65228099e-02 -2.96988264e-02  2.27804706e-02  1.37845315e-32
 -2.82670055e-02  3.49608287e-02 -3.12796980e-02 -1.80512620e-03
 -2.67219581e-02  1.69857778e-02 -6.86401352e-02  1.59969963e-02
  7.61217251e-02  2.65609883e-02  1.37366755e-02  1.01511918e-01
 -2.16787048e-02 -1.59947388e-02  8.62617642e-02  3.67550813e-02
  3.10854055e-02 -1.78795997e-02  1.08927945e-02 -3.80299659e-03
 -3.53366765e-03  9.30665806e-02  1.09415725e-02 -4.49107513e-02
 -1.53561002e-02  7.42674097e-02 -7.23360628e-02 -5.02344258e-02
 -2.76548117e-02  3.52449566e-02  8.58882740e-02 -3.52696404e-02
  2.92567965e-02 -8.12367350e-02 -5.21726198e-02 -7.14953616e-02
 -7.54712895e-03 -4.99204770e-02 -9.84903798e-03  1.07134283e-02
 -3.98616046e-02 -1.09684141e-02  4.41285782e-02  1.25876348e-02
  1.28073087e-02 -2.78737992e-02  4.01942544e-02  2.11194735e-02
  1.49628446e-01  6.72777593e-02 -1.93703976e-02 -4.40206975e-02
  4.71201651e-02 -6.12065457e-02 -4.55041006e-02  5.32343313e-02
 -6.73463345e-02  3.19501311e-02 -6.48443401e-02 -2.45391876e-02
 -4.11618091e-02  3.48277092e-02  4.84505668e-04 -4.37431075e-02
 -1.33223673e-02 -4.68073040e-02 -1.98227260e-02  8.87769554e-03
  1.43746004e-01 -1.25379942e-04 -8.44578519e-02 -4.35204897e-03
  9.29369964e-03  3.59909423e-02  2.47525447e-03 -2.10801028e-02
  3.75667103e-02 -1.01263239e-03 -6.38654456e-02  7.68006267e-03
 -4.41114940e-02  6.07783683e-02 -3.62667767e-03 -4.53972965e-02
  1.03375703e-01  4.48535234e-02  5.29485494e-02  3.17740887e-02
 -6.22708909e-02  5.91010004e-02  5.06040566e-02  4.05201502e-02
 -5.87662570e-02  4.57825735e-02  2.70727426e-02 -1.58244506e-32
 -3.68737951e-02  3.33343893e-02 -4.46890667e-02  1.96312275e-02
 -3.76778133e-02 -1.23484731e-02 -7.13727623e-03 -3.08967531e-02
 -7.00412765e-02 -1.07527390e-01 -6.97205886e-02 -1.37850836e-01
  3.89857441e-02 -5.35181351e-02 -1.85819827e-02  6.45949021e-02
 -1.11913644e-01 -6.14860654e-02 -1.14358954e-01 -1.51805356e-02
 -4.01001610e-02  1.01334944e-01  5.56683950e-02  2.25457642e-02
 -1.19506754e-02 -4.68026288e-02 -4.81242090e-02 -2.68504396e-02
  2.08494775e-02 -3.21107022e-02 -2.58842595e-02  4.10787873e-02
 -3.40727158e-02  4.52087857e-02 -4.68169227e-02 -6.38592839e-02
  6.95190951e-03 -1.82350110e-02 -4.77595553e-02  8.64360854e-02
  1.73127279e-02  3.98263410e-02  1.00153545e-02 -5.58917448e-02
  1.79242380e-02 -6.18985370e-02  2.32525100e-03 -1.09446354e-01
  4.21716571e-02 -2.75281891e-02  1.27501547e-01 -3.25613916e-02
 -3.83961126e-02  7.17372308e-03  2.23575067e-02 -2.44320333e-02
  2.72750258e-02 -8.62255171e-02 -9.93345380e-02 -4.06541638e-02
  6.71708360e-02  4.41923440e-02 -3.86737175e-02  3.23190205e-02
  8.75931382e-02  1.15948394e-02 -2.83334181e-02  3.51916142e-02
 -1.50219649e-02 -8.28498788e-03 -1.80064887e-02 -4.74412516e-02
 -3.36260758e-02 -5.90667278e-02  8.08840059e-03 -2.68989205e-02
 -3.42828706e-02  7.06076529e-03 -4.31435257e-02  7.94111006e-03
 -6.56430051e-02 -2.71322839e-02 -3.74214426e-02 -4.30399999e-02
 -5.54077104e-02 -2.93470509e-02 -4.48904522e-02 -7.14937672e-02
  2.24172790e-02  7.92919770e-02 -3.44638489e-02  3.75177450e-02
 -2.78609060e-02  6.14463026e-03 -3.51583362e-02 -6.87994728e-08
  2.08642129e-02 -2.21004058e-02  5.16555943e-02  7.47324713e-03
  4.47199009e-02 -6.57535717e-02  1.62899643e-02  2.05713138e-02
 -3.07995789e-02  2.36863196e-02  9.77958366e-03  1.09162629e-02
 -1.58310309e-02 -3.84927280e-02  3.73393781e-02 -3.88084128e-02
  7.03598186e-02  8.53875577e-02 -2.98214499e-02 -2.05272734e-02
  5.32040223e-02 -5.97535679e-03 -9.26962495e-02 -7.79655436e-03
 -1.70198418e-02 -2.11632214e-02 -4.32888977e-03  1.22752078e-02
 -2.95669176e-02  4.79746088e-02  4.11457457e-02 -1.17247486e-02
  4.92296070e-02 -9.33543891e-02 -7.53011554e-02 -2.13424135e-02
  5.10652103e-02  8.56756698e-03 -6.02615587e-02  3.22983824e-02
  5.78052215e-02 -2.58087516e-02 -5.14543690e-02  3.65829244e-02
  6.69540316e-02 -7.48649240e-02 -1.77129321e-02  2.21113656e-02
  5.06198704e-02 -5.91915026e-02 -8.37349985e-03  2.05092840e-02
 -5.44743054e-02  1.97265632e-02 -8.64509642e-02  3.46553586e-02
  5.83111197e-02 -1.77065446e-03 -8.90262946e-02 -1.90332904e-02
  8.25143456e-02  5.90606593e-02  3.71743813e-02 -8.28663111e-02]