[ 2.41273344e-02  4.02591936e-02 -4.53814007e-02  1.35175930e-02
 -9.09895524e-02 -8.85579386e-04 -4.84661758e-03  3.35222781e-02
  9.81078763e-03  1.02727495e-01  9.66952443e-02  1.25137223e-02
 -3.01708467e-02  2.25587245e-02 -2.01442558e-03 -3.41114029e-02
  5.73182479e-02 -1.12610040e-02 -1.02838753e-02  4.47929129e-02
  8.10072273e-02 -4.92138192e-02 -7.53596947e-02  3.62652764e-02
 -2.65572388e-02 -4.38318104e-02 -2.80093998e-02 -6.06547035e-02
  4.11644625e-03 -2.14724289e-03  7.04771876e-02  7.19239935e-02
  6.68129399e-02 -1.86774228e-02  3.90872825e-03  6.46191910e-02
  7.35711306e-02 -4.74271812e-02  3.32674384e-02  3.62955183e-02
 -8.64747539e-02 -5.54811284e-02 -6.06953800e-02 -8.81953463e-02
 -1.67693268e-03 -2.30433829e-02 -1.10271825e-02  7.71763399e-02
  3.90295335e-03 -1.24308830e-02 -8.30960497e-02 -5.13705425e-02
 -1.20466563e-03 -3.23390849e-02 -2.69266423e-02  8.08820594e-03
 -1.69965550e-02  9.16457619e-04  2.32188553e-02 -3.15175429e-02
 -1.39041357e-02  4.58246619e-02 -2.32919659e-02  5.39723737e-03
  4.70722392e-02  1.57200284e-02 -3.16523053e-02 -3.65291280e-03
  4.98086512e-02 -2.37197112e-02  8.86008292e-02 -2.61991695e-02
  9.57792178e-02  1.50798131e-02 -6.97606206e-02 -3.78039964e-02
 -1.46392379e-02  9.40269828e-02  1.28551312e-02 -1.13000982e-01
  8.05474445e-02  2.05070097e-02 -3.83967757e-02 -2.91906688e-02
 -2.73195114e-02  2.52506579e-03 -2.39548869e-02 -5.22611737e-02
  9.36079919e-02  1.38637675e-02  2.52880901e-02  2.41680406e-02
 -5.14581380e-03 -3.90110575e-02 -5.66518232e-02 -5.35400286e-02
 -2.47547477e-02 -8.91802385e-02  4.58489284e-02  1.74288731e-03
  6.00438975e-02  4.32289690e-02  3.50674912e-02  1.52474856e-02
 -2.64156219e-02 -8.58101994e-03 -1.85369980e-02 -1.64856538e-02
  2.96823308e-02  1.37027949e-01 -8.03850517e-02 -8.94995928e-02
 -1.01398610e-01 -7.95674846e-02 -5.29488586e-02 -7.76990782e-03
 -4.55962420e-02 -1.61414687e-02  3.15982811e-02 -1.01477459e-01
  3.19153517e-02 -5.16899079e-02  5.33676706e-02 -1.16588183e-01
  7.44865835e-02 -5.96250780e-02  3.21704224e-02  1.31523315e-32
 -4.34012897e-02 -4.20334972e-02  3.75582674e-03  1.11182183e-01
 -1.64339738e-03  1.26771424e-02 -7.88580850e-02 -3.81681994e-02
  5.58471680e-02  3.69591592e-03  5.95431924e-02  4.59441096e-02
  3.72905768e-02  2.18170248e-02  5.02196625e-02 -4.83637080e-02
 -1.02755837e-02 -3.90301435e-03  1.93709247e-02  4.91059609e-02
 -4.99116220e-02 -3.00781243e-02  2.85544395e-02 -4.00742926e-02
  3.77784073e-02  2.46618059e-03 -5.54278083e-02  3.12761148e-03
 -3.57701555e-02  3.31277996e-02  6.58108965e-02 -1.54822571e-02
  1.70660820e-02 -6.92315102e-02 -1.60621163e-02  3.73997465e-02
 -6.03777077e-03 -5.65202013e-02  1.41749503e-02 -2.26978902e-02
 -2.72651389e-02 -6.52265782e-03  5.99598512e-02  3.92308533e-02
  6.27618730e-02 -1.09873535e-02  1.00260250e-01 -4.17111791e-04
  8.30235034e-02  5.83210811e-02 -4.46495833e-03 -4.20817472e-02
 -1.09066717e-01 -6.06119856e-02  4.78630094e-03  4.20190431e-02
 -2.42286585e-02  1.87632125e-02  2.53592897e-02 -9.10413936e-02
  1.87878944e-02 -6.32406995e-02 -7.71837607e-02  3.57054025e-02
 -3.03350501e-02 -1.44078627e-01  2.32767444e-02  1.24412514e-02
  1.45281941e-01  1.58724487e-02 -1.05134517e-01 -2.34045461e-02
 -2.81949900e-03  3.22883129e-02 -1.97903626e-02  3.54489796e-02
  2.50418428e-02 -2.51859496e-03 -1.20172938e-02  6.41416386e-02
 -2.92674061e-02 -1.17771178e-02  5.45756109e-02  1.46932984e-02
  1.37143523e-01  6.69945329e-02 -1.71847474e-02  5.61518408e-02
  4.99747656e-02  5.34108095e-02 -1.25996070e-02  9.87814888e-02
 -5.08283712e-02  4.51177619e-02  6.02205358e-02 -1.60164118e-32
  1.60987973e-02  4.59167082e-03 -8.03167075e-02  1.47644933e-02
 -1.20049156e-02 -3.01861274e-03 -2.25942079e-02 -8.32477212e-02
 -4.25586663e-02 -8.44108835e-02 -6.45162165e-02 -1.44050553e-01
  7.95968398e-02  3.59515212e-02 -5.95244355e-02  4.91666496e-02
  1.01749562e-02 -1.39093608e-01 -2.74455100e-02  2.28743814e-02
 -8.38181078e-02  4.41289209e-02 -1.61652882e-02 -2.92876903e-02
 -7.68162264e-03 -6.72096685e-02 -1.17293168e-02 -3.27341221e-02
 -4.30488884e-02 -1.36865880e-02  2.17256453e-02 -5.88151775e-02
 -2.66653486e-02  8.53839144e-02 -5.87988980e-02  1.18414843e-02
  7.14675337e-02 -6.13524625e-03 -2.30259672e-02  4.90264483e-02
  7.22511485e-02  5.50877079e-02 -2.42211912e-02 -7.43193179e-02
 -1.12288587e-01 -7.19256606e-03 -2.92499382e-02 -6.33491501e-02
 -2.01876555e-02 -5.32878041e-02  8.75665992e-02  1.10396193e-02
 -2.18312796e-02 -7.53137991e-02  6.26431704e-02 -3.54779214e-02
 -2.29579899e-02 -5.56028672e-02 -1.79415550e-02  2.92869215e-03
  8.54245201e-02  7.77944084e-03 -3.61692943e-02 -1.14989560e-02
  3.11348904e-02 -2.32860800e-02 -1.42050441e-02  8.58056322e-02
  9.82824992e-03 -1.01656001e-02  2.98336558e-02 -9.01590139e-02
 -1.54220611e-01 -6.19754083e-02 -2.06326600e-02 -3.72654386e-02
 -2.95051765e-02  6.37395307e-03  1.13564702e-02  1.55502586e-02
 -1.06100300e-02 -3.00763454e-02 -5.47500812e-02 -8.11626241e-02
 -4.72571626e-02 -4.76275431e-03 -2.51178853e-02 -7.08763674e-02
  1.03203617e-02  3.70209478e-02 -6.49632066e-02 -3.14341933e-02
 -1.63750425e-02 -2.31511146e-02 -4.65814918e-02 -6.29476418e-08
  2.86213290e-02 -3.34099896e-04  5.62214218e-02 -2.41996199e-02
  3.53687182e-02 -1.02602534e-01  6.51384471e-04  1.40129756e-02
 -1.42898476e-02  3.88608500e-02 -5.11519499e-02 -4.65419963e-02
 -5.72607666e-02 -7.83443637e-03  6.77366108e-02 -3.44316103e-02
  3.93795148e-02  5.12322076e-02 -5.23949116e-02 -2.70759687e-02
  5.10555021e-02 -2.79612206e-02 -8.77651572e-02 -4.43709232e-02
  3.93653437e-02  8.10297858e-03  1.25507843e-02 -4.15181695e-03
 -3.42966765e-02  2.83935610e-02 -5.58361486e-02  2.77479608e-02
 -2.15430688e-02 -7.01465830e-02  3.55093507e-03 -1.07033439e-02
  1.89628173e-03 -6.41193055e-03  1.15848072e-02 -3.29691209e-02
  4.41054925e-02  5.88861257e-02  1.45876817e-02  1.77210011e-02
 -6.29060566e-02 -1.21128811e-02 -4.07908391e-03  5.73795140e-02
 -8.16759560e-03 -2.52077598e-02 -8.33933428e-02 -5.99871343e-03
  8.19250122e-02  5.57342470e-02  3.07604391e-02  2.09875442e-02
  6.50890693e-02  3.52402702e-02 -8.23535845e-02  3.43113057e-02
  1.06643073e-01  8.82650018e-02  1.71085708e-02 -2.97681931e-02]