[-2.82765590e-02 -8.16332584e-04 -6.85358867e-02 -1.53858125e-01
 -7.65818059e-02  4.45558354e-02  6.66494146e-02  8.93075317e-02
 -2.32882821e-03  6.70915768e-02  3.04087494e-02  1.48406466e-02
 -4.95104864e-02  1.67821031e-02 -1.67048723e-02 -9.03814808e-02
  6.31636009e-02 -3.08830664e-02  2.12686900e-02 -1.83220673e-02
  4.79719602e-02 -6.94920197e-02 -7.66088963e-02 -1.98228229e-02
 -1.20401852e-01 -2.82528307e-02 -5.85973226e-02 -4.46113851e-03
 -4.29493524e-02 -2.77162679e-02  8.71062092e-03  1.09914578e-01
  2.36898717e-02 -5.34216780e-03 -1.13722049e-02  5.18064946e-02
  6.31370842e-02 -2.26017479e-02 -2.33178046e-02  5.94568513e-02
 -7.24451393e-02 -3.20297554e-02 -4.96916287e-02 -6.52398914e-02
  7.47550577e-02 -5.79029843e-02  2.02236269e-02  7.57887587e-02
 -2.33237240e-02 -4.83056866e-02 -1.85596701e-02  2.38827355e-02
  3.17466620e-04  4.39427570e-02  1.56842563e-02 -3.73270549e-02
 -4.46473472e-02  1.53243225e-02  4.93192533e-03  1.88336112e-02
 -7.33602047e-02 -1.19172866e-02 -9.04044732e-02  5.46382479e-02
  2.31937747e-02  3.19384001e-02 -1.52883930e-02 -2.63173599e-02
 -4.76644486e-02  4.12638970e-02  4.86210687e-03 -7.90112168e-02
 -1.16101634e-02 -2.85141226e-02 -4.52303775e-02  6.72825724e-02
 -6.52404386e-04  7.48999789e-02  9.95592922e-02 -1.28232136e-01
  4.15568128e-02  8.35743248e-02  1.74494758e-02 -5.01462258e-02
  5.85461222e-03 -5.87116443e-02  3.49102840e-02  3.96074504e-02
  4.62418534e-02 -1.75815057e-02  9.88420844e-02  7.96388611e-02
 -3.04489024e-03 -7.67444799e-05 -9.25216358e-03  7.27574294e-03
 -1.06660631e-02 -9.60253626e-02  8.84730965e-02  1.86678674e-02
  9.61647108e-02  1.16694588e-02  1.65516622e-02  4.76458203e-03
 -1.02514535e-01  2.26390678e-02 -3.21901264e-03  5.57192005e-02
  1.53535577e-02  6.43159524e-02 -1.05041191e-01  3.29060443e-02
 -3.70430313e-02 -8.44805017e-02 -1.64547954e-02  7.25356415e-02
 -5.32446727e-02 -3.62977106e-03  7.24301264e-02 -3.67476791e-02
 -1.87699012e-02 -1.12105599e-02 -2.92460974e-02 -4.62140143e-02
  4.97608744e-02 -2.09466685e-02  4.10459749e-02  1.00167694e-32
 -3.36776897e-02 -3.72427106e-02 -3.39405350e-02 -6.53921664e-02
  1.97581258e-02  7.43106157e-02 -2.00058334e-02  4.19470668e-02
  2.64641014e-03  4.85041961e-02 -9.13923681e-02  6.09906949e-02
 -1.81682147e-02  5.94931468e-03  8.28094631e-02 -2.68560909e-02
  7.92604778e-03  2.60349438e-02 -4.61688079e-02 -9.02697910e-03
  3.21660303e-02 -3.68037410e-02  6.53252006e-02 -3.11523620e-02
  8.46033171e-03  6.11897334e-02 -5.02447598e-02 -3.17316949e-02
 -2.67631877e-02  3.58272754e-02  2.10922807e-02 -5.43152727e-02
  9.29867476e-03  4.39304151e-02 -5.60245328e-02 -1.29429130e-02
 -6.20945590e-03 -2.98221670e-02 -2.10316665e-02 -1.74805932e-02
 -6.17779791e-02  5.56267127e-02  5.44835534e-03  1.94493625e-02
  3.57427783e-02 -6.14905320e-02  2.32002325e-02 -1.15735993e-01
  6.74767792e-02  9.41089615e-02 -6.40914449e-03 -9.97820520e-04
 -5.39416075e-02 -5.50722070e-02 -2.49315407e-02  6.23344257e-02
 -1.23599254e-01  5.55918701e-02  1.88593213e-02 -5.29580563e-02
 -2.11094599e-02 -3.42734065e-03 -4.25633453e-02 -2.29230318e-02
 -6.29490614e-02 -2.01777369e-02 -9.92020220e-03 -3.43082324e-02
  1.17642246e-01 -5.90750482e-03 -7.75337517e-02  3.57905515e-02
  3.67556773e-02  9.31665581e-03  5.47401123e-02 -1.49993468e-02
  1.57255232e-02  1.48771759e-02 -8.21098909e-02  4.82185967e-02
 -9.13234577e-02  1.58867314e-02 -5.11526018e-02 -5.06062806e-03
  4.18889187e-02  3.75173241e-02  7.14271516e-02  2.02261340e-02
 -8.78414884e-03  6.16533235e-02  9.67268366e-03  3.09597254e-02
  1.58234090e-02  4.25516926e-02  1.22714333e-01 -1.18229437e-32
  1.17551051e-02 -6.36450993e-03 -1.43676950e-02 -6.08447827e-02
  5.83709553e-02 -8.58831778e-03  2.32648309e-02 -2.91895624e-02
  5.33170579e-03 -8.21827054e-02 -3.14407609e-02 -4.71521020e-02
  7.20499605e-02  8.28039739e-03 -1.14345789e-01 -1.49798803e-02
 -4.98041585e-02 -4.90356050e-02 -7.77672827e-02 -2.66278200e-02
  6.32078201e-02  7.70632923e-02  5.94486333e-02 -2.39625666e-02
  3.07610892e-02 -3.48979868e-02 -3.33116911e-02 -2.03419030e-02
 -2.60485373e-02  1.41018641e-03  6.19454421e-02  2.56449599e-02
 -9.05788764e-02  1.34153843e-01  4.28995006e-02 -3.08668427e-02
  1.25528574e-01  1.94139555e-02 -3.38531770e-02  3.61875407e-02
  7.37190843e-02  1.12799972e-01  6.72010425e-03 -1.31962094e-02
 -4.18067984e-02  3.47113162e-02 -3.10390014e-02 -7.59700835e-02
  1.97507571e-02 -6.87483847e-02  5.28291166e-02  2.71765422e-02
 -5.39811216e-02 -1.83601305e-02  4.18898836e-02 -3.14591415e-02
  2.35974211e-02 -8.79978985e-02 -1.91806003e-01  7.47064501e-02
  3.03265825e-02  2.21466180e-02 -4.62462977e-02 -3.03413928e-03
  1.63636670e-01 -2.86236871e-02 -3.74560356e-02  9.51210409e-03
  5.95252365e-02  5.23097068e-02  3.35971117e-02 -5.51140569e-02
 -6.51494712e-02 -2.14176830e-02  4.45859544e-02  4.57364460e-03
 -2.78049558e-02  1.99651048e-02 -5.17083518e-02  6.00699410e-02
  2.84511615e-02  3.89179238e-03 -2.31538452e-02  6.01194752e-03
 -3.34326215e-02 -1.70417428e-02 -3.86240780e-02 -5.21853603e-02
  1.64999235e-02  2.91135423e-02 -5.54926507e-02 -7.29008066e-03
  3.42891030e-02  1.29386885e-02  3.85026471e-03 -5.83733133e-08
  3.30132805e-03 -5.01702018e-02 -4.11064327e-02  3.27537581e-02
 -5.31553291e-02 -1.57336798e-02 -6.06443174e-02 -3.61771621e-02
 -3.92316096e-02 -3.58571149e-02  1.13466382e-01  1.39481085e-03
 -9.46312025e-02  4.30188254e-02 -1.02250436e-02 -2.46197991e-02
  2.82054693e-02  3.31638195e-02 -1.77068673e-02 -1.00121275e-02
  5.25944866e-02 -3.45601141e-02 -9.76598188e-02 -1.71581726e-03
  1.77456420e-02 -8.76980554e-03 -1.00618722e-02 -2.53236443e-02
 -8.93685035e-03  4.19109501e-02 -2.67305337e-02 -1.17971413e-02
  2.62953620e-02 -4.35689613e-02 -6.04328560e-03 -1.45109463e-02
 -2.80202068e-02  6.28932938e-02 -5.43576591e-02  4.19096742e-03
  1.33827835e-01  9.73343477e-03  1.83795411e-02 -5.38004674e-02
 -2.46927468e-03 -3.54060978e-02 -7.84892663e-02  7.58045726e-03
  6.25000224e-02 -3.55601013e-02 -5.02224900e-02 -2.03514453e-02
  8.67533907e-02 -1.68158226e-02  8.55299179e-03 -2.98938695e-02
  6.10052608e-02 -1.23848338e-02 -8.94575473e-03 -2.65116785e-02
  3.81552093e-02  5.97591139e-02  2.02499027e-03 -3.31903733e-02]