[-9.40982345e-03  6.36682436e-02 -5.02412170e-02  2.41262689e-02
 -3.36458758e-02  4.01427001e-02 -3.35061997e-02  4.17688899e-02
 -2.02685278e-02  5.97708970e-02  1.40067920e-01  4.38040635e-03
  3.66936903e-03  1.61242485e-02  3.15223471e-03 -2.39061527e-02
  4.28931043e-02  5.60925677e-02 -7.87045062e-02  1.07637748e-01
  1.63560659e-01 -7.68380389e-02  3.80992261e-03  5.62321953e-02
 -8.05639178e-02 -9.85371135e-03 -4.89060506e-02 -8.12854804e-03
 -5.74225821e-02 -5.82624227e-02  1.55990180e-02  1.50498711e-02
  1.20921955e-01 -4.83323075e-02 -2.97812801e-02  1.83017850e-02
  1.62838660e-02 -4.54962850e-02 -4.29318696e-02  5.08223288e-02
 -9.08294767e-02 -2.54060198e-02 -1.05996013e-01 -1.86531637e-02
 -7.09422817e-03 -4.63755382e-03  6.10132590e-02 -3.83394887e-03
 -9.46313422e-03 -2.57389937e-02 -3.29421759e-02 -1.69090275e-02
 -2.19249241e-02  6.21513166e-02  9.20604682e-04 -4.37026247e-02
  2.99066026e-03 -2.85494868e-02 -2.57291831e-02  5.14097512e-04
 -2.93060765e-02  5.96145056e-02 -1.71047803e-02  1.64656676e-02
  6.85922243e-03 -7.20594020e-04  1.82443317e-02 -1.93942226e-02
 -4.95699495e-02  9.23085213e-02  7.67661855e-02 -7.08193555e-02
 -1.51484436e-03 -6.36519492e-03 -1.73455998e-02  7.45260790e-02
 -2.06948295e-02 -1.67217222e-03 -2.55734548e-02 -1.49511576e-01
  1.90966297e-02  7.90439639e-03  1.45472772e-02 -1.35302162e-02
  5.29020801e-02 -5.00027947e-02 -1.12994639e-02  5.69523275e-02
  1.83278639e-02  2.91126892e-02 -4.15906608e-02  6.80750981e-02
 -3.66139077e-02 -5.42750396e-02  8.56575742e-03  1.90005321e-02
 -2.63118464e-03 -4.65558991e-02  1.45138726e-01 -3.56096737e-02
  3.38396467e-02 -3.36800097e-03  9.79862548e-03 -1.92245841e-03
 -1.64658204e-02 -6.40066415e-02 -5.97304553e-02 -7.58142397e-02
  6.73444849e-03  1.59655482e-01 -4.47853208e-02 -9.34942439e-03
 -4.61206138e-02  1.09014555e-03 -1.52719300e-02  5.70658781e-02
 -8.32787752e-02 -2.64636222e-02 -1.73601713e-02 -4.21987548e-02
  5.82851097e-02 -8.50706771e-02  8.03835690e-02 -8.74066819e-03
  2.51266686e-03 -2.44580861e-02  3.17428485e-02  8.64638764e-33
 -6.30869344e-02 -1.33402586e-01 -6.15850128e-02 -1.82106607e-02
 -1.53822768e-02  2.06661746e-02  6.01169281e-03  1.53857181e-02
  5.19557297e-02  2.15200484e-02 -4.49425578e-02  2.18012966e-02
 -9.72462911e-03  8.16920772e-02  7.49094859e-02 -3.33216339e-02
 -2.07629185e-02  1.85780898e-02 -3.17168050e-03 -7.01268436e-03
 -3.58483233e-02  3.08000986e-02  5.23435548e-02 -3.22917998e-02
 -3.35845686e-02  3.24321389e-02 -5.85532002e-02 -7.27889389e-02
 -1.04149401e-01  1.92420762e-02  7.92228878e-02 -6.33302378e-03
  1.11040100e-02 -3.53340134e-02 -6.92518428e-02  8.66949186e-03
  2.28958223e-02  2.48107892e-02 -5.34324422e-02 -6.33904105e-03
  1.01438137e-02  7.12148892e-03  2.04223096e-02 -8.52409657e-03
  3.23290415e-02 -2.10062619e-02  5.66284023e-02 -2.36352105e-02
  2.53395811e-02  1.22661451e-02 -1.81161482e-02  2.28152517e-02
  5.69412932e-02 -1.26518786e-01 -4.63401228e-02  3.39117944e-02
 -1.04287378e-01  1.18506690e-02 -8.74833614e-02 -7.78806582e-02
 -1.13244550e-02  4.16044630e-02  1.71974823e-02  1.41505115e-02
 -1.04838438e-01 -3.25576738e-02 -3.92554589e-02 -2.46745944e-02
  6.21416569e-02  8.36225227e-02 -2.13959515e-02  1.06440634e-02
 -1.07254438e-01  5.09631122e-03  7.95694068e-03  2.72461977e-02
  3.09492368e-02  1.40727926e-02 -7.47584552e-02 -1.34138130e-02
 -1.43297222e-02 -3.47126089e-02 -2.94707213e-02  7.60731893e-03
  4.16983925e-02  7.17992783e-02  5.09997644e-02  3.66748055e-03
  3.42851020e-02  6.23708889e-02  1.24159222e-02 -1.58149432e-02
  1.78786553e-02 -2.98050679e-02  9.57268327e-02 -1.15718059e-32
 -2.59343497e-02  2.23865565e-02 -8.12853873e-03 -9.99687618e-05
  1.94608215e-02  3.47790010e-02 -1.06065392e-01 -5.78459613e-02
 -1.02454640e-01 -1.24883175e-01 -9.62185636e-02 -9.33855101e-02
 -1.23110972e-02 -3.80517729e-02 -7.32342452e-02  1.63412653e-02
 -5.00980541e-02 -4.03917488e-03 -6.44139573e-02 -6.37778938e-02
  1.79414619e-02  5.58776893e-02  3.91242243e-02  1.78136751e-02
 -3.73388343e-02  4.34964150e-03 -2.71119992e-03 -2.81366482e-02
  4.35664115e-04  6.08569570e-02  2.13826410e-02  7.70587847e-02
  1.64421536e-02  4.40468565e-02  1.44720897e-02  2.37694252e-02
  6.08973354e-02  6.28491445e-03 -4.46002707e-02  3.63795459e-02
  1.28779942e-02  1.12337984e-01  1.01142526e-02 -3.68508846e-02
 -1.11056129e-02 -5.80166355e-02 -3.98836248e-02 -8.63456950e-02
  4.94317301e-02 -5.13873994e-02  1.02412976e-01 -6.26828102e-03
 -1.42392730e-02 -6.91970214e-02  2.48219743e-02 -1.55183347e-02
  1.15770055e-03 -9.34848487e-02 -4.82408218e-02 -4.53198235e-03
 -1.17470662e-03  2.80443002e-02 -6.38599694e-02 -2.93916818e-02
  8.04060400e-02  2.56618038e-02  1.34806177e-02 -4.02404740e-02
  9.12192184e-03  1.77757088e-02  2.82636285e-02 -4.05160226e-02
 -5.89486025e-02 -6.69213245e-03  4.91712652e-02 -4.34736535e-02
 -5.84247150e-02  3.10947150e-02 -5.58891445e-02  5.47354072e-02
 -3.73990908e-02 -7.61719197e-02  2.44871397e-02 -2.58710030e-02
 -1.06828533e-01  2.91718785e-02 -9.60708335e-02  2.59920526e-02
 -1.10041853e-02  3.94477434e-02 -7.73668140e-02  2.20254567e-02
 -6.05031848e-02  2.42811777e-02 -9.65046510e-03 -5.59717712e-08
  2.20476855e-02 -4.23836820e-02  1.08453959e-01  3.57964039e-02
  2.26021018e-02 -2.95806620e-02  1.25996061e-02  1.79527365e-02
  2.54938994e-02 -1.98433287e-02  5.92809357e-02  8.19314197e-02
  4.18989509e-02 -1.33019993e-02 -2.15751939e-02 -6.33963421e-02
  3.16997990e-02  2.62228847e-02 -6.02202751e-02  3.44931590e-03
  5.49799278e-02 -1.42748910e-03 -1.17011562e-01 -2.99691167e-02
  4.58981730e-02 -4.55418825e-02 -4.39753085e-02  6.34169951e-02
  9.11559816e-03  5.35227768e-02  4.52093184e-02 -8.29792116e-03
  5.97611293e-02  1.18241223e-04 -7.00187590e-03 -1.04647756e-01
  1.31962597e-01  1.93963498e-02 -6.97773993e-02 -2.99734399e-02
  8.54863375e-02 -3.78520973e-02  3.74052264e-02  3.11661102e-02
  1.61087308e-02 -4.97051561e-03 -4.20980491e-02  5.97580113e-02
  2.32589506e-02  1.99992559e-03 -4.11529988e-02  6.13416247e-02
  1.59284957e-02  7.21063167e-02 -7.78084323e-02 -1.80283990e-02
  7.56728053e-02  2.61749662e-02 -2.45631877e-02 -7.06902817e-02
  1.35842890e-01  3.34923752e-02  5.19217215e-02 -4.63363081e-02]