[-9.55509841e-02 -1.46279251e-03 -6.07783869e-02 -7.87343308e-02
 -6.91487119e-02  1.37200076e-02  4.50630486e-02  8.46104473e-02
 -8.41634464e-04  7.81092495e-02  1.18774720e-01 -2.17899140e-02
 -3.26365628e-03  5.47178648e-02 -8.00629146e-03 -6.67133555e-03
  8.59446265e-03  7.25969486e-03 -2.91476492e-02  2.54923981e-02
  1.43093333e-01 -3.14205550e-02 -6.98201954e-02  2.34564003e-02
 -6.63737357e-02 -3.19632366e-02 -7.26010650e-02 -4.66391109e-02
 -3.76465730e-02 -4.02087308e-02 -4.67321239e-02  3.69339585e-02
  3.58564705e-02 -9.10061598e-03  6.54403716e-02  2.23920401e-02
 -1.27712451e-02 -3.25322407e-03 -5.30787110e-02  4.23131399e-02
 -1.31351342e-02 -2.86133271e-02 -5.70035763e-02 -8.68261680e-02
 -1.33861164e-02 -5.92520908e-02  1.75858028e-02 -4.01906390e-03
 -1.05104089e-01  1.26745161e-02 -7.68684968e-02  4.83354088e-03
 -1.95691790e-02 -3.39298067e-03 -8.35312828e-02 -2.70056482e-02
  2.27553491e-02  2.35759635e-02  1.54192988e-02 -2.83609536e-02
 -3.12922560e-02  7.30156600e-02 -7.01129809e-02 -5.45362709e-04
 -1.94767993e-02  1.09077701e-02  1.27612962e-04 -5.11341356e-02
 -2.76708491e-02  5.49331419e-02  5.84367923e-02 -9.29095298e-02
 -1.63071956e-02  6.78446563e-03  6.63954997e-03  9.26973075e-02
 -1.37474500e-02  1.03109181e-02 -3.09511856e-03 -2.08165869e-01
  8.96371379e-02  3.76725644e-02 -3.47916745e-02 -4.41378206e-02
 -4.09129541e-03 -5.85940806e-03 -3.30409110e-02 -2.68044008e-04
  7.01737925e-02  1.85884684e-02  1.82143995e-03  2.37784758e-02
 -4.92547564e-02 -7.25153983e-02  5.54946139e-02 -1.40643818e-02
  5.70820551e-03  4.65029925e-02  2.64147222e-02  1.45441443e-02
  6.64187744e-02  4.49752025e-02 -7.99200386e-02  4.64967731e-03
 -9.77528840e-02  8.23387504e-03 -2.69010030e-02 -8.98135155e-02
  6.26355112e-02  7.38006979e-02 -6.96971491e-02 -1.43320598e-02
 -4.22747768e-02 -9.62912142e-02 -3.18462700e-02  1.19149918e-02
 -6.82349354e-02 -2.92982440e-02  4.65521030e-02 -3.29876579e-02
  1.14455214e-02 -7.32179433e-02  5.73594086e-02 -2.42294371e-03
  9.13181454e-02 -4.38105576e-02  2.77829748e-02  1.51896249e-32
 -3.34887058e-02 -5.51498532e-02 -4.82313000e-02 -1.54255563e-02
 -3.17454222e-04  2.65577175e-02 -8.96607116e-02  4.64635678e-02
  4.34699543e-02  2.18464080e-02 -9.85257924e-02  6.19150177e-02
 -5.95513470e-02  1.12592438e-02  6.25097826e-02  2.64598522e-03
  6.60607815e-02  2.48892009e-02  2.33107265e-02  2.64003035e-02
 -7.96474866e-04  3.34061980e-02 -1.12961251e-02 -2.92415246e-02
  1.60338655e-02  9.06890184e-02 -1.92094520e-02  1.49304438e-02
 -2.57078223e-02  6.30726293e-02  5.15351444e-02 -1.04650455e-02
  1.48927048e-02  1.01875849e-02 -8.72534234e-03  7.50262616e-03
 -1.38926320e-02 -3.67407454e-03  1.00190109e-02 -5.64357974e-02
 -4.33556885e-02  1.66138436e-03 -8.83691572e-03  3.02623827e-02
  9.17749405e-02 -1.14347920e-01  4.50760126e-02  1.93995722e-02
  1.09385215e-01  2.08114572e-02  2.87421662e-02 -2.89181098e-02
 -1.54254085e-03 -4.23155315e-02 -4.05972940e-04  2.22923309e-02
 -8.25760588e-02  7.25800768e-02  1.92182399e-02  1.81584414e-02
  4.87986803e-02  4.43936512e-02 -7.78379738e-02  3.03737260e-03
 -5.25289737e-02  6.01056078e-03 -2.32679322e-02 -4.85814065e-02
  1.53603539e-01  8.93986411e-03 -6.00735471e-02 -5.53868264e-02
 -4.71862070e-02 -1.81028787e-02  2.91420780e-02 -1.36607629e-03
  6.33092001e-02  4.21664864e-02 -5.35920635e-02 -8.85779969e-03
 -2.93884035e-02 -4.91994880e-02  1.64283793e-02  1.30307274e-02
  3.60236242e-02  8.15785863e-03 -2.25306745e-03  6.04750216e-02
 -1.78612843e-02  2.48375740e-02  7.18488544e-02  6.01846240e-02
 -1.97352692e-02  8.43738392e-02  8.28703493e-02 -1.69569806e-32
  1.12856170e-02  1.11671770e-02 -3.32632251e-02 -1.76706165e-02
  2.34305542e-02 -2.88734958e-02 -2.18190514e-02 -6.52002245e-02
 -1.52139657e-03 -1.06173962e-01 -3.87445949e-02 -1.15307868e-01
  7.40808547e-02 -6.62476644e-02 -7.21822828e-02 -1.87775888e-03
 -8.89019743e-02 -1.29021397e-02 -6.12181462e-02  4.34946865e-02
  2.45658066e-02  1.05692886e-01  5.70354946e-02  1.81060433e-02
  1.66658349e-02 -6.09804168e-02 -1.21535799e-02  2.55981199e-02
 -8.76051001e-03  3.19626625e-03  5.07001989e-02  2.23044120e-02
 -4.09470014e-02  6.16000555e-02  1.82521995e-02 -5.52678369e-02
  8.74545798e-02  1.42728090e-02 -1.22189280e-02  5.74418902e-02
  6.37323260e-02  8.46292824e-02  9.18767694e-03 -6.64471090e-02
 -3.60065736e-02  1.02740563e-02 -9.82237235e-02 -7.79750124e-02
  3.60226557e-02 -8.75792801e-02  1.05662093e-01 -2.72545237e-02
  4.47349176e-02 -6.23617731e-02  4.12772037e-02  5.31428866e-02
  5.46297915e-02 -4.00791354e-02 -6.04316853e-02  4.60502245e-02
  1.06291696e-02  3.84416394e-02  4.12830478e-03 -1.84767768e-02
  8.49602744e-02  3.22893672e-02 -1.18518639e-02  4.02565151e-02
  5.67441294e-03  1.92691723e-03  3.54574211e-02 -4.12745122e-03
 -9.81077626e-02 -1.31724253e-02  1.35812943e-03 -6.56721964e-02
 -8.87463242e-02 -6.84019700e-02  1.57668684e-02  3.65290754e-02
 -7.83920735e-02 -5.57129923e-03  5.37008094e-03  9.78179183e-03
 -9.00425464e-02 -3.88770225e-03 -1.73146836e-02  2.95256507e-02
  8.94691853e-04  5.61848730e-02  2.62195175e-03  2.97104362e-02
  5.89839034e-02  3.64219770e-02 -2.03664117e-02 -7.26308897e-08
 -4.43754531e-03 -4.65676747e-02  1.26309350e-01  1.40403991e-03
  1.88920386e-02 -9.56323296e-02  1.72364134e-02 -5.15518598e-02
  2.94149891e-02 -3.11868507e-02  1.13156550e-02 -4.68586460e-02
 -6.29284978e-02 -1.99468620e-02  1.00035360e-02 -5.35393395e-02
  7.03634694e-02  7.40619749e-02 -4.64836136e-02 -3.40249911e-02
  9.26533714e-02 -3.13546248e-02 -7.96388537e-02 -6.64470531e-03
  4.06385632e-03 -5.69851659e-02 -1.34679182e-02 -8.07152968e-03
 -3.99727076e-02  6.02982864e-02 -3.18151973e-02 -2.77178828e-02
  4.57286872e-02 -7.93626085e-02 -6.39737844e-02 -3.06875426e-02
  5.58414385e-02 -5.25847822e-02 -5.50928675e-02 -6.66635260e-02
  6.53445795e-02  3.82495336e-02 -3.33401747e-02 -1.15657356e-04
 -6.32947730e-03 -4.89450023e-02 -3.50756361e-03 -2.58775707e-02
 -3.56187634e-02  3.65137495e-02 -3.89906764e-02  4.67540249e-02
 -4.06450368e-02  6.55105943e-03 -3.52372639e-02 -8.54947567e-02
  4.14410979e-02 -5.26148938e-02 -2.77549420e-02 -2.23290212e-02
  9.83542204e-02  1.07918128e-01  9.45464894e-02 -4.62241881e-02]