[-4.02034186e-02 -4.32036668e-02 -1.00221269e-01 -3.66053432e-02
 -4.11757417e-02 -4.60077561e-02  4.55624685e-02  1.12161733e-01
 -1.50518045e-02 -1.14766750e-02  6.47631958e-02 -8.55805278e-02
 -7.58741284e-04 -2.37870682e-02 -8.26286450e-02 -5.63595071e-02
  1.68334246e-02  6.04959093e-02 -8.02676603e-02 -5.62882563e-03
  1.08115703e-01 -3.75405662e-02  5.54861547e-03  4.37469967e-02
  5.58730550e-02  8.27098787e-02 -1.13708049e-01  3.85078080e-02
  1.79410819e-02 -1.68333516e-01  4.79627633e-03  1.13483720e-01
  6.61459491e-02 -7.08779022e-02  4.32795696e-02  7.28038186e-03
 -5.13056368e-02 -1.15104513e-02  3.03236302e-02  2.43358705e-02
 -1.07385656e-02  2.19708793e-02  2.64048427e-02  5.64411208e-02
 -3.20698954e-02 -6.30751327e-02 -4.17809747e-02  5.72207235e-02
  1.01319654e-03  6.74441643e-03  4.80950531e-03  7.38419369e-02
 -4.09726165e-02  6.54450059e-02 -6.12928579e-03 -3.77008207e-02
 -6.59362227e-02 -3.77129801e-02  1.49225080e-02  4.28122431e-02
  5.50656915e-02  5.51108234e-02 -3.55316997e-02 -3.45469862e-02
 -2.46777292e-02  5.07293455e-02 -2.27830075e-02 -1.13200128e-01
 -9.69294831e-02  4.10855599e-02  2.32164636e-02  7.56092835e-03
  2.26457305e-02  5.33510409e-02 -2.29465477e-02  3.25394571e-02
  5.20018041e-02 -2.93054711e-02 -4.33919765e-02 -5.60481064e-02
 -2.33221650e-02  9.92449969e-02  3.71713936e-02 -7.56127536e-02
  7.98701309e-03 -7.12458231e-03  8.14968254e-03  3.05640101e-02
  3.74666937e-02 -3.90351657e-03  1.24259025e-01  5.58092073e-02
 -3.63102965e-02 -4.10960987e-02 -5.59073202e-02  4.84504849e-02
  2.95849591e-02  2.95650791e-02  6.42657578e-02 -1.21880956e-02
  7.68804103e-02  3.31812873e-02 -8.52767825e-02 -5.37859611e-02
 -8.37152153e-02  8.55705887e-03  4.95000929e-02  2.94218883e-02
  2.56382152e-02  4.49739397e-02 -8.52277055e-02 -3.48994136e-02
 -1.70860868e-02  2.59506162e-02 -6.00820743e-02 -1.02957943e-03
 -4.68788110e-03 -3.17877308e-02 -2.19030138e-02 -3.16204429e-02
 -9.27241170e-04 -3.41207720e-02  6.29355833e-02  2.18207780e-02
  3.52223613e-03 -8.29137024e-03 -6.07616231e-02  1.24112470e-32
 -7.03563821e-03  1.81697477e-02 -1.47017343e-02  2.54783570e-03
  7.11193774e-03 -6.49719685e-03 -8.98923501e-02  6.05301978e-03
  2.69413330e-02 -3.19782086e-02 -1.20566331e-01  4.56818528e-02
 -1.01377945e-02  1.90881342e-02  8.86768326e-02 -4.55305018e-02
  5.17593548e-02 -1.00065917e-02  3.40508297e-02 -8.38386938e-02
  2.86886981e-03  2.50337217e-02 -3.19984853e-02  4.66596223e-02
  2.49745157e-02  1.01855054e-01  7.72054540e-03 -2.72941869e-02
 -7.64108682e-03  5.86350821e-02  2.82153357e-02 -7.75953580e-04
 -5.49488887e-02 -3.55692543e-02  3.22030336e-02 -5.62073775e-02
  8.20889138e-03  4.20394540e-02 -3.76021713e-02  5.72237633e-02
 -6.43082485e-02  5.89600429e-02  3.61760855e-02  6.76629990e-02
  1.97823867e-02 -3.24835517e-02  3.71380560e-02  5.32236323e-02
  1.15991808e-01  4.04386595e-02 -1.10553853e-01 -3.74098979e-02
  6.20704144e-02 -4.76714876e-03 -2.28420626e-02  2.80945580e-02
 -8.57220218e-02 -1.02046691e-02 -7.71495188e-03  1.58257894e-02
 -3.41381039e-03  5.56390435e-02 -1.76276248e-02 -7.79851228e-02
 -4.39832397e-02  3.54275815e-02 -1.12676367e-01 -1.50956223e-02
  8.13530460e-02  3.14349048e-02 -6.35501966e-02 -3.02554239e-02
  7.96481669e-02  5.35012595e-02  7.27114305e-02  2.40873564e-02
  4.57580127e-02 -5.07248752e-02 -2.72055063e-02 -1.59016959e-02
 -8.99713933e-02  6.68953881e-02  6.10937811e-02 -9.44414139e-02
  1.05276881e-02 -1.12249013e-02 -8.91456101e-03 -4.88327525e-04
  1.15906214e-02 -2.13282965e-02  4.03363779e-02 -7.00956434e-02
 -1.37558375e-02 -1.12386167e-01 -3.27266566e-02 -1.15493077e-32
  6.40131906e-02  7.82987997e-02  4.20991052e-03  7.63000324e-02
 -1.41923390e-02 -1.53138945e-02 -2.52194237e-03 -1.46290353e-02
  6.92068264e-02 -7.64441937e-02  3.97742614e-02  1.37154832e-02
  1.68435425e-02 -5.30652441e-02  7.37864822e-02  2.75987312e-02
 -1.14239333e-02  6.18933588e-02 -3.81305739e-02 -8.14580992e-02
 -5.19319177e-02  7.09782615e-02  1.74027402e-02 -1.24486815e-02
  1.20597091e-02  3.88011411e-02 -7.29781762e-02 -7.24332631e-02
  4.12618034e-02  2.83552948e-02  2.26882827e-02  2.58026668e-03
 -2.80603711e-02  2.99188551e-02 -5.76449372e-02 -6.05098382e-02
  4.96320613e-02  2.86829229e-02 -6.00993261e-02  6.47111833e-02
  3.35916094e-02  5.13386866e-03  7.15981945e-02  1.00201173e-02
 -4.14599013e-03 -7.74588883e-02  1.63876172e-02 -5.80274761e-02
  8.01352784e-02  2.14338098e-02  1.08097889e-01 -1.32119684e-02
 -5.82998507e-02  8.06230381e-02  5.76285161e-02  4.09618653e-02
  4.07980569e-03  3.04470956e-02 -1.20668642e-01 -7.34460503e-02
  7.99957197e-03  2.96225585e-02  8.45932662e-02 -9.68173966e-02
  1.08422861e-01 -3.05069257e-02 -2.86066569e-02  1.41784269e-02
  1.83790475e-02 -4.91792895e-03 -2.87421159e-02 -9.17532891e-02
  8.28878967e-07 -6.51604384e-02  2.04463229e-02 -4.51087877e-02
 -2.20497120e-02  8.89045536e-04  4.22280878e-02 -5.79583517e-04
 -8.96677226e-02  4.14714329e-02  2.08427627e-02 -5.41353747e-02
 -4.16396633e-02 -1.65016670e-02  1.26418788e-02 -9.04652849e-03
 -1.50977261e-03  5.60316779e-02 -1.17768068e-02 -3.54892239e-02
  1.25668943e-01  5.02115600e-02  6.93393871e-02 -6.21559977e-08
  1.23203648e-02  6.43055362e-04 -6.20436743e-02  3.43522280e-02
  6.17182702e-02  4.48399074e-02 -3.27812135e-02  1.67735629e-02
 -1.36969127e-02 -2.91156303e-02  3.37627269e-02  7.40942657e-02
 -4.58026491e-02  1.07956976e-02 -1.34903910e-02 -3.16154794e-03
  1.83192398e-02  1.03210760e-02 -3.22712250e-02 -6.58860430e-02
  3.97369871e-03 -6.03985181e-03 -1.00085624e-02  3.85930412e-04
 -6.08322099e-02 -3.42221484e-02 -5.37917390e-02 -5.12974970e-02
  2.20245756e-02  7.10237958e-03 -2.81920470e-02 -1.07361972e-02
  6.54894784e-02 -1.39079273e-01  6.02956973e-02  2.23449096e-02
 -5.89410774e-03  3.29269357e-02 -2.36978065e-02  9.88574326e-02
  4.82967123e-02 -1.28922343e-01 -2.91410331e-02  4.31358851e-02
  7.50458241e-02 -4.88815308e-02 -6.57681450e-02  6.27691150e-02
 -4.12073657e-02 -5.07392623e-02 -4.07654196e-02 -7.45898299e-03
 -4.05205600e-02 -6.36008009e-03 -1.82573237e-02 -4.48157303e-02
 -4.18048836e-02 -6.55991733e-02  1.39684500e-02 -4.18564258e-03
 -1.25544015e-02 -1.02359634e-02  3.02786734e-02 -4.13981788e-02]