[-1.88578060e-03  8.73459578e-02 -5.11812195e-02 -5.81331253e-02
 -4.10282910e-02 -1.66801400e-02 -2.01147404e-02  5.06106541e-02
  1.70818754e-02  8.76936167e-02  1.72918495e-02 -1.65868737e-02
 -4.50692326e-03 -3.70046273e-02  1.30479448e-02 -3.58355902e-02
  7.54116103e-02  2.55435985e-02  2.39131157e-03  9.87201333e-02
  1.43064186e-01 -6.96788430e-02 -1.18368372e-01  1.47282192e-02
 -9.48800966e-02  2.76086517e-02 -1.51365483e-02  1.84752960e-02
 -3.74041237e-02 -3.71572003e-02 -3.09312250e-02  7.38519281e-02
  3.87928390e-04 -1.88157964e-03  7.67276660e-02  1.82030292e-03
  5.35253510e-02 -4.55743074e-02 -9.99667775e-03  5.23873232e-02
 -4.75885682e-02 -7.67962113e-02 -8.24983940e-02 -9.59684029e-02
  8.78527295e-03 -4.69297282e-02  5.80604672e-02  6.27601966e-02
 -2.09228266e-02 -2.07013395e-02 -8.64628926e-02 -5.63201271e-02
 -3.28684784e-02  8.54370557e-03 -4.60656658e-02 -8.60888977e-03
 -1.75562892e-02  5.20870462e-02  2.02601659e-03 -3.05611603e-02
 -3.43420394e-02  3.65003161e-02 -8.03681239e-02  2.52800807e-02
  4.84254546e-02 -3.81739140e-02 -1.30732507e-02  1.57404933e-02
 -5.67416064e-02  7.53689632e-02  5.63666560e-02 -7.20500275e-02
  4.61540595e-02 -4.44499105e-02  6.26569148e-03  2.57119015e-02
  4.67664155e-04  2.22792514e-02  8.78722295e-02 -2.09236383e-01
  3.51727977e-02  7.12529290e-04 -5.88018037e-02 -3.34736742e-02
 -3.12634856e-02 -3.21109742e-02  8.36628489e-03  5.74747508e-04
  1.20317049e-01  3.57633154e-03  6.84134886e-02 -6.71247719e-03
 -3.59185487e-02 -2.17898488e-02  7.94886425e-03 -2.22959593e-02
 -3.35558429e-02 -6.60012197e-03  9.42270756e-02  9.99615435e-03
  8.25053677e-02  5.81520200e-02  1.03499356e-03 -3.33098741e-03
 -2.76822913e-02  1.44832386e-02 -4.62414622e-02 -8.57157726e-03
  4.88770679e-02  7.04671592e-02 -5.43626361e-02 -9.12220590e-03
 -1.03766151e-01 -8.98375586e-02 -5.20130172e-02  4.56408150e-02
 -2.94655543e-02 -5.03859073e-02  1.17121972e-02 -4.76510487e-02
  3.08126584e-02 -2.26250272e-02 -7.91127619e-04 -2.17378866e-02
  4.65152487e-02 -1.93662965e-03  2.14819442e-02  9.09355156e-33
 -4.86438498e-02 -7.16027692e-02  2.02372968e-02 -1.49071971e-02
 -6.27881140e-02  5.69181459e-04 -6.53742775e-02  3.73634472e-02
  1.60785187e-02  8.19696039e-02 -9.30461064e-02  7.34220222e-02
  2.07884237e-02  2.69922744e-02  1.64115474e-01 -1.57616157e-02
  2.98218355e-02  4.49577905e-03 -3.25682051e-02  3.61821465e-02
  2.45855679e-03 -2.56731603e-02  8.09506327e-03 -2.37079505e-02
 -8.84195976e-03  1.06486879e-01 -3.13015059e-02 -4.55350950e-02
 -6.52778987e-03  6.94917068e-02  8.71821940e-02 -4.97754551e-02
  4.40536365e-02  3.94765548e-02 -4.71424535e-02 -2.15256978e-02
 -1.63738485e-02 -7.01500801e-03 -1.33131621e-02 -8.53139162e-03
 -8.49468485e-02 -1.50553407e-02  7.13596866e-02  4.02385890e-02
  5.16507663e-02 -4.72548939e-02  1.01432577e-01 -3.08680963e-02
  1.32302433e-01  5.01289032e-02  8.98741093e-03 -1.24207046e-02
 -9.58490185e-03 -4.38067839e-02  2.76072230e-02  1.00691961e-02
 -9.43461359e-02  6.75845295e-02 -1.65994968e-02 -7.41320550e-02
 -6.09000698e-02 -4.00839262e-02 -1.16071226e-02  3.86410840e-02
 -3.62074077e-02 -1.09230364e-02 -6.07811660e-03  1.53922392e-02
  9.88802612e-02  2.44629923e-02 -1.15762882e-01  1.36545170e-02
  1.63872410e-02  6.66024834e-02  1.04521532e-02  1.57845784e-02
  7.45234415e-02  2.38260794e-02 -4.48627956e-02  3.77565809e-02
 -7.99540579e-02  1.68476310e-02 -4.16721106e-02 -6.54910039e-03
  1.65715087e-02  5.76606430e-02  6.54837936e-02  3.09885070e-02
  2.28519514e-02  8.00652057e-02 -1.03772162e-02  7.05456287e-02
 -3.69691290e-02  2.88658179e-02  6.86603487e-02 -1.19271343e-32
  1.38202105e-02 -1.35350255e-02 -7.11879283e-02 -2.02250965e-02
  1.90245621e-02  2.82799136e-02  1.10711241e-02 -4.65993136e-02
 -7.54056126e-02 -7.72520453e-02 -8.47696811e-02 -6.95473477e-02
  7.63594732e-02  1.61837470e-02 -8.74094367e-02  2.56848093e-02
 -8.64891931e-02 -2.09628996e-02 -5.29826768e-02  3.55177582e-03
  1.31526086e-02  1.19556464e-01  7.77541995e-02 -1.30288489e-02
  5.63965412e-03 -6.06751069e-02 -2.61616502e-02 -2.87203174e-02
 -2.32552979e-02  2.68765185e-02  3.70464884e-02 -6.51282200e-04
 -4.98948917e-02  1.12481192e-01  2.66567175e-03  1.27641251e-02
  5.25473729e-02 -4.23338450e-02 -5.04189916e-02  9.43203047e-02
  1.70790888e-02  8.22442397e-02  9.87146515e-03 -5.97350001e-02
 -3.71280536e-02  1.34062078e-02 -5.18632345e-02 -1.19048007e-01
  1.69571431e-03 -1.19609706e-01  7.53089860e-02 -1.69987362e-02
 -2.63590962e-02 -1.06374202e-02  2.89251525e-02 -3.99603732e-02
 -6.91236556e-02 -7.01493397e-02 -5.26685789e-02  5.07595465e-02
  6.35195151e-02 -2.22923178e-02 -3.00524049e-02 -3.55734564e-02
  1.09717682e-01  2.82899309e-02  9.97848716e-03 -3.17634754e-02
  6.79371599e-03  1.31204305e-03  5.93633913e-02 -5.58344424e-02
 -1.09389596e-01 -2.08631102e-02  3.51921283e-03  1.43916653e-02
  9.23300337e-04 -3.53757069e-02 -3.79201844e-02 -5.27582550e-03
 -2.89396010e-02 -3.10101006e-02  7.13203801e-04 -2.82367878e-02
 -5.23063950e-02  5.85495308e-02 -4.82694544e-02 -1.34115722e-02
 -2.36050412e-02  5.44964932e-02 -7.20023587e-02  9.81254224e-03
  7.09322244e-02  2.10520606e-02 -1.86599232e-02 -6.00672649e-08
  1.51438322e-02 -4.31422330e-02  3.76373082e-02  4.87577580e-02
 -3.80309336e-02 -7.57480934e-02 -3.79015692e-02 -4.18658666e-02
  3.27421376e-03  5.92559054e-02  7.47358128e-02 -3.39288414e-02
 -3.65313031e-02  1.52690941e-02 -2.03409065e-02 -2.20432617e-02
 -8.80548265e-03  4.48990427e-02 -5.90186231e-02 -4.71708290e-02
  7.71712288e-02  7.90512376e-03 -9.31283832e-02 -3.64383906e-02
  4.85770144e-02 -6.07999461e-03  1.29941618e-02 -1.22219119e-02
 -8.58862977e-03  2.09399313e-02 -2.83160824e-02  3.16598527e-02
 -8.95032194e-03 -5.14525734e-02 -5.93120940e-02  1.22268014e-02
 -1.09245358e-02  6.08181208e-02 -2.44714152e-02 -1.56928203e-04
  8.86653066e-02 -2.31363233e-02 -6.52729794e-02 -8.61711148e-03
  5.51756881e-02 -2.86419671e-02 -4.00154805e-03  2.57076528e-02
  3.88167147e-03 -7.74558634e-02 -7.46224448e-02  8.60364735e-03
  4.74824533e-02  2.31894553e-02 -7.85145070e-03 -1.98403560e-02
  4.25775535e-02  6.63927663e-03 -6.61015511e-02 -1.87307447e-02
  9.83360782e-02  6.70743063e-02 -1.48592498e-02 -5.75859323e-02]