[ 4.25522514e-02 -5.14850207e-03 -6.96583912e-02 -8.41012225e-02
 -7.76396468e-02 -6.51600882e-02  6.25250023e-03  3.71027179e-02
  6.47121742e-02  3.40727568e-02  4.84483242e-02 -3.89648303e-02
  2.94314381e-02  2.00552735e-02  4.02886942e-02 -1.16862282e-01
  5.36591858e-02 -1.82351135e-02  1.94717268e-03  1.63518805e-02
  2.02332184e-01 -3.72027676e-03 -5.82369640e-02  3.74442078e-02
 -5.72397038e-02 -3.54869068e-02 -7.25503117e-02 -2.41702683e-02
 -4.63005602e-02 -4.58822995e-02 -3.21914442e-02  2.01599244e-02
  1.27878100e-01 -5.92451682e-03 -2.67534815e-02  2.43296078e-03
  7.74945915e-02 -4.96919863e-02 -3.76847088e-02  5.86464666e-02
 -1.24855749e-01 -3.12819518e-02 -4.66710627e-02 -7.96075091e-02
 -2.51933536e-03  2.07633004e-02 -1.49181148e-03 -1.18057821e-02
 -6.07214309e-02 -7.49915082e-04 -3.68899889e-02 -8.87738820e-03
 -4.72705066e-02  6.08348399e-02 -2.02175733e-02 -9.85803306e-02
 -5.29116578e-03 -7.06147179e-02 -4.89200763e-02  3.30782346e-02
 -5.30033223e-02  7.73530379e-02 -9.51523427e-03  2.10533049e-02
  7.70578086e-02 -1.49684548e-02 -4.06564809e-02 -5.21596372e-02
 -2.20330171e-02 -5.21545969e-02 -3.31424698e-02 -8.84796306e-02
  1.06374342e-02  2.27644807e-03 -4.48144488e-02  7.98107758e-02
 -2.15131440e-03  3.19886617e-02  5.35969995e-03 -1.79448083e-01
  2.41332520e-02  5.31639121e-02  1.27661424e-02  7.13881552e-02
 -3.18117402e-02 -3.89950722e-02 -1.50461812e-02 -5.92274405e-03
  5.14975451e-02 -4.42051189e-03  4.43175435e-02 -4.19807574e-03
 -3.03000659e-02 -2.18678638e-02  3.51196490e-02 -4.98937676e-03
 -7.45138749e-02 -2.42878441e-02  1.00465612e-02 -4.48413789e-02
  3.23003344e-02  3.13791111e-02  7.24487826e-02 -1.92992147e-02
 -2.11406406e-02  2.43436173e-02 -1.24047967e-02 -3.84183191e-02
  4.79311384e-02  1.32563621e-01 -1.09750167e-01 -3.75527292e-02
 -1.81718782e-01 -3.91211025e-02 -8.97197351e-02  2.64996476e-02
 -5.51296137e-02 -5.58320805e-02  3.51241417e-02 -5.50672598e-03
  4.39012452e-04 -1.57953557e-02  2.33795773e-02 -5.78112379e-02
  1.01741217e-01 -2.05258206e-02  4.89391461e-02  8.89558730e-33
 -7.02196285e-02  1.91827491e-02  3.22420821e-02  6.13101609e-02
  2.81275865e-02  3.26736569e-02 -4.96594347e-02 -5.77849522e-03
  7.94260651e-02  5.66151142e-02 -1.01963252e-01  1.35141045e-01
  2.23007537e-02 -7.52007123e-03  9.74555537e-02  1.01026623e-02
 -7.97963701e-03  5.10791428e-02  1.83493178e-02  2.10604258e-02
 -1.75622981e-02  1.42621214e-03  3.01204920e-02 -2.85404455e-02
  1.03468113e-01  1.76895075e-02 -7.76332244e-02 -1.20123308e-02
 -6.92996709e-03  3.27846184e-02  1.46608174e-01 -4.28266823e-02
  4.53332104e-02 -4.37831655e-02 -3.46056111e-02 -2.64628995e-02
  1.43343247e-02 -7.08052609e-03 -3.92590016e-02 -1.46552008e-02
 -2.96746399e-02 -3.52455601e-02  7.56543055e-02  6.54435605e-02
  1.23943132e-03 -1.27202822e-02  6.31581666e-03  3.75204831e-02
  9.87258404e-02  7.00071082e-02  1.05046248e-02 -2.13854332e-02
 -4.03425805e-02 -5.97824641e-02  6.60968274e-02  2.80808117e-02
 -5.47342421e-03  1.83234885e-02 -3.47954780e-02 -6.23144656e-02
 -5.10023199e-02 -4.73333150e-02  1.29172234e-02 -1.16205411e-02
  2.82936245e-02 -6.25668615e-02  6.49616681e-03  7.32889352e-03
  1.38729334e-01  3.74090262e-02 -1.12266600e-01  1.92795624e-03
  2.54688784e-03  7.92429075e-02 -2.67449860e-02 -1.62987113e-02
  8.41028523e-03 -2.60923710e-02 -4.09135893e-02  3.66341025e-02
 -4.08471227e-02  1.69065297e-02 -4.54084836e-02  8.43816251e-03
  4.59126681e-02  4.81640510e-02  4.19863909e-02  5.73009886e-02
 -3.45182605e-02  2.98901740e-02  1.87383983e-02  1.46207124e-01
 -6.69867992e-02  5.63986786e-02 -2.33710860e-03 -1.23281557e-32
 -3.24085318e-02  5.23540005e-02 -2.71009412e-02  2.54551452e-02
 -4.90679406e-03  3.09053492e-02  3.17624360e-02 -6.11048862e-02
 -3.68350632e-02  1.01842489e-02 -6.95921481e-02 -7.16782436e-02
  4.94656228e-02 -2.90250871e-02 -4.54268642e-02  2.05922332e-02
 -1.04764454e-01 -3.10745835e-02 -7.38792270e-02  4.45144735e-02
 -3.69862914e-02  7.01361224e-02  1.52136537e-03 -6.14834949e-02
 -1.01076029e-02 -1.82904117e-02 -8.32213536e-02 -4.46443148e-02
 -5.04331514e-02 -5.92699833e-02 -4.28118370e-03 -4.73962203e-02
 -1.09216142e-02  5.20251319e-02 -1.55277075e-02 -5.14537133e-02
  4.05125394e-02 -2.86649708e-02 -2.61482634e-02  7.39953369e-02
  4.51626293e-02  5.55364564e-02  2.19399715e-03 -7.43436739e-02
 -5.31872660e-02 -8.60130265e-02 -2.58761998e-02 -7.66016394e-02
  3.93562391e-02 -1.04057686e-02  2.72593889e-02 -5.88995479e-02
 -1.97984166e-02  2.11503208e-02  5.84453829e-02  3.24112177e-02
 -5.29186837e-02 -2.72994861e-02 -1.10575683e-01  4.43452178e-03
  9.08793584e-02  5.19808531e-02 -3.33142057e-02  5.54246083e-02
  5.30825295e-02 -2.65417267e-02  1.65304877e-02  2.13903505e-02
 -3.26266959e-02  2.16397606e-02  1.08119398e-02 -6.33419454e-02
  1.57673936e-03 -6.55672029e-02 -3.69092450e-03 -4.07809280e-02
 -3.08587402e-03 -3.66715193e-02 -6.60354346e-02 -1.52228037e-02
 -1.62689872e-02  1.27976127e-02 -9.44602210e-03 -1.29460339e-02
 -3.39594148e-02  3.61788534e-02  2.64657922e-02  3.70326079e-02
  2.40808558e-02  2.40282677e-02 -8.65961909e-02  5.68396747e-02
 -1.02671925e-02  5.98931015e-02 -5.05488366e-02 -6.23225560e-08
 -3.81089263e-02  1.99226439e-02  3.69274504e-02  5.12606883e-03
  5.35438061e-02 -3.33756991e-02 -4.36841697e-02  4.37119678e-02
 -1.92688815e-02  5.43847047e-02  1.52256023e-02 -1.22241136e-02
 -9.13643688e-02 -1.02978228e-02  7.00407326e-02 -4.54671234e-02
  4.20231670e-02 -9.77151934e-03  1.66778767e-03 -7.06116185e-02
  5.79910800e-02 -3.10284793e-02 -7.88912699e-02 -3.27748433e-02
  3.25629674e-03 -2.62800697e-02 -5.46487309e-02 -8.91903508e-03
 -7.28068128e-03  7.29335994e-02  2.63970736e-02 -1.10256430e-02
  4.15966064e-02 -7.89224729e-02 -2.28010993e-02 -9.72234178e-03
 -2.29352061e-02  9.33619682e-03 -2.16013286e-02  2.57495474e-02
  9.27311406e-02 -1.45519683e-02 -2.73946375e-02 -8.84471554e-03
  7.48248100e-02  6.56213015e-02 -2.28301045e-02  7.19546899e-02
 -3.86405513e-02 -2.59444956e-02 -7.20639080e-02 -2.53180992e-02
  3.83753069e-02  4.98038866e-02  1.47609292e-02 -3.27932127e-02
  1.71964522e-02 -2.25885585e-02  4.75372449e-02  5.10055497e-02
  2.48300061e-02  4.99575697e-02 -2.71560084e-02 -4.63662222e-02]