[-4.71678562e-02  5.17539047e-02 -1.99219827e-02 -3.26299481e-02
  3.97224165e-03  2.97256298e-02  8.86509493e-02  1.01338364e-01
  2.02751961e-02  2.21842900e-02  1.21545620e-01 -2.79132347e-03
 -1.20260501e-02  1.51928542e-02  3.81465517e-02 -3.98066826e-02
  7.12247863e-02  6.21544644e-02  3.46270129e-02  8.06980655e-02
  1.79548785e-01 -4.60863076e-02 -5.40295094e-02  7.97033012e-02
 -5.92045933e-02  1.42508959e-02 -6.12123758e-02 -4.75083254e-02
 -5.01572229e-02 -3.67990509e-02 -4.08497080e-02  4.98361662e-02
  4.07377817e-02 -3.31491083e-02  3.40606011e-02 -1.47259030e-02
  4.13863584e-02 -6.24325648e-02 -6.21674731e-02  4.44860086e-02
 -8.27762261e-02 -3.11397295e-02 -8.18428323e-02 -8.30651224e-02
  1.77283920e-02 -1.80887412e-02  3.18908915e-02  5.62578700e-02
 -1.81463491e-02 -2.53661163e-02 -7.10483193e-02 -3.17211039e-02
 -5.48663810e-02  3.57217528e-02  2.51061488e-02 -2.14976612e-02
  1.02256350e-02 -4.82967049e-02 -3.13153192e-02  3.03897681e-03
 -4.59623858e-02  4.13226038e-02 -2.47020386e-02  1.37062538e-02
  3.09789833e-02  2.52027214e-02 -4.26094458e-02  1.56726241e-02
 -9.73678157e-02  8.18722695e-02  2.94142328e-02 -6.27092421e-02
  5.98624237e-02  2.61579975e-02 -1.21296803e-02  1.36856397e-03
 -8.50905944e-03  2.44692042e-02 -5.42512573e-02 -1.90308347e-01
  2.64091287e-02 -2.56227388e-04  2.63472665e-02 -5.53896986e-02
  6.48319861e-03  4.19080518e-02 -3.63565236e-02  1.07640764e-02
  4.73026000e-02  2.72128563e-02 -1.36709940e-02  3.03215943e-02
 -1.59028396e-02 -5.94510101e-02  7.06477265e-04 -2.69730929e-02
 -4.62886505e-02 -8.43338110e-03  3.34222876e-02 -1.06338290e-02
  9.74245667e-02  5.93948513e-02  2.29428299e-02  3.50855514e-02
  8.43397574e-04  1.01250019e-02 -3.32332193e-03 -5.90899438e-02
  1.39533337e-02  7.48303458e-02 -4.03642319e-02 -3.55791859e-02
 -5.78780286e-02 -1.15754440e-01 -8.66124257e-02 -5.34637980e-02
  1.47878984e-02 -3.01537011e-02  4.04789252e-03 -3.69039699e-02
  2.75563933e-02 -2.71172146e-03  1.01819664e-01 -8.28056037e-03
 -2.48887222e-02 -4.50487994e-02 -6.99671975e-04  1.01377065e-32
 -3.68186086e-02 -8.64117593e-02  3.57606634e-02  3.58204618e-02
 -3.96883003e-02  2.24073650e-03 -6.66527152e-02  1.13736363e-02
  5.97540811e-02  3.94382216e-02 -5.42394444e-02  3.73706482e-02
 -1.55610163e-02  5.62414341e-02  1.28548801e-01 -5.03709950e-02
  3.74746248e-02  1.51343672e-02  1.11310937e-01  1.50410701e-02
 -2.73117945e-02 -1.82319749e-02  3.00784539e-02 -1.61300078e-02
 -1.87042784e-02  4.12406288e-02 -7.51897916e-02 -6.29789829e-02
 -5.67266494e-02  1.82927940e-02  3.46881710e-02 -1.45925917e-02
  3.98657285e-02  6.18363963e-03 -5.04355691e-02 -7.86786061e-03
 -1.80489831e-02 -1.77564323e-02  6.36264333e-04 -5.43265343e-02
 -4.50931862e-02 -2.72075720e-02  3.82451527e-02  2.71517951e-02
  7.43386894e-02 -5.71885630e-02  6.16181530e-02 -9.03756171e-03
  8.81361067e-02 -5.41780284e-03  2.76562590e-02 -2.48714238e-02
 -6.84600249e-02 -1.03704132e-01  5.50031895e-03 -8.10983218e-03
 -3.30718607e-02  6.27681538e-02 -4.05254290e-02 -1.85430869e-02
 -2.29305588e-02 -1.18375970e-02 -4.35643233e-02 -6.52966052e-02
 -8.20329711e-02 -1.35531919e-02 -7.08976388e-02 -7.06792250e-02
  9.21984687e-02  2.16202773e-02 -1.15287311e-01  4.83119069e-03
 -3.99617516e-02  4.98271771e-02  5.07489257e-02  1.41046485e-02
 -1.05999690e-02  1.72577184e-02 -5.71959279e-03  1.46443327e-03
 -7.88197480e-03  3.58183985e-03 -1.51969604e-02  2.79595274e-02
  3.66270952e-02  9.58388522e-02  6.16740398e-02  3.28364521e-02
  3.66175286e-02  7.14841038e-02  1.07114632e-02  9.24591348e-02
 -1.22566838e-02  2.25391146e-02  8.07691067e-02 -1.26565491e-32
  2.79083941e-02  3.32725719e-02 -7.12180138e-02 -2.93916240e-02
 -4.66560833e-02  2.30681919e-03  6.33501681e-03 -1.01897754e-01
 -7.85623398e-03 -9.03683454e-02 -5.94347119e-02 -9.21541676e-02
  2.20958758e-02 -6.72742873e-02 -9.81717706e-02  1.38062946e-02
 -8.58191848e-02 -6.62816875e-03 -6.26664683e-02 -8.13236758e-02
 -1.55400177e-02  1.25740036e-01  7.34405741e-02 -1.70950964e-02
 -3.45660634e-02 -8.81404132e-02 -4.93550263e-02  3.56004983e-02
 -1.61946041e-03 -9.17765405e-03  2.64198929e-02 -6.18761824e-03
  2.65086628e-02  1.78625900e-02  7.79206678e-03 -2.10844763e-02
  2.58693285e-02  6.81427075e-03  3.78073938e-03  9.52553749e-02
  5.01389988e-02  7.59898722e-02  1.58924088e-02 -3.89600210e-02
 -3.66480611e-02  3.11011146e-03 -8.54504332e-02 -1.47523344e-01
  2.40037721e-02 -1.00106820e-01  1.00852177e-01 -6.90641776e-02
 -2.94092651e-02 -6.27651811e-02  3.40586789e-02 -7.65627017e-03
  1.25173861e-02 -7.42931291e-02 -4.72600979e-04 -1.10569885e-02
  4.39946726e-02  5.70107363e-02 -1.50324544e-02 -4.17048968e-02
  8.59966353e-02  6.50150469e-03  4.79584001e-03  2.71719173e-02
  1.30453706e-02 -7.86001794e-03  1.48180220e-02 -6.15762584e-02
 -3.18560153e-02 -6.41990900e-02 -3.77906077e-02 -3.78843658e-02
  1.70665588e-02 -9.73658450e-03  5.40775759e-03 -5.83626330e-03
 -6.97234645e-02 -5.65185212e-02 -4.22225101e-03  1.10723870e-02
 -6.87041283e-02 -2.42522024e-02  1.63728464e-02 -2.00913893e-03
  8.61418992e-03  6.89818114e-02 -7.36530274e-02  8.23223963e-02
  7.75239393e-02  1.93357095e-02  2.65190918e-02 -5.76483998e-08
 -1.79400649e-02 -1.14362366e-01  5.72499484e-02  1.83783919e-02
  1.05933361e-02 -2.55697798e-02 -1.77009422e-02 -1.29577508e-02
  4.49896008e-02  2.99826544e-02 -4.38566133e-02  4.13097702e-02
 -6.83402270e-02 -5.92935691e-03  1.86725389e-02  2.04848498e-02
  1.06555536e-01  1.91579908e-02 -2.56421063e-02 -8.26996863e-02
  9.76588577e-02 -2.61461399e-02 -8.36933255e-02 -1.58380494e-02
  2.40295916e-03 -5.25362231e-02  1.81696434e-02 -1.14852730e-02
 -1.40512306e-02  1.60859488e-02  1.83416363e-02 -1.34798884e-03
  1.22807315e-02 -4.69078496e-02  1.27293393e-02 -2.48251781e-02
  5.14958752e-04  7.72088468e-02 -2.58591939e-02  4.66429815e-02
  5.75359017e-02 -6.11737855e-02 -9.79889035e-02  1.59207247e-02
 -9.50622745e-03 -8.23857356e-03 -3.13203409e-02  5.99565245e-02
 -6.06203191e-02  2.52323374e-02 -2.83609312e-02  2.00030040e-02
  9.23857912e-02  2.22092569e-02 -1.91421136e-02 -2.89530810e-02
  7.98449218e-02 -2.22868249e-02 -7.14133959e-03 -1.05820261e-02
  1.27257794e-01  9.92374644e-02  5.49827628e-02 -6.20799698e-02]