[-8.33869129e-02  4.64123562e-02 -7.35796662e-03 -1.17527075e-01
 -7.04472512e-02 -3.26959463e-03 -1.42236846e-02  7.12394938e-02
  2.53465287e-02  3.45208086e-02  7.30930790e-02  1.54508720e-03
 -2.41482332e-02 -4.31473106e-02 -1.20835053e-02 -4.73938063e-02
  4.91387509e-02 -8.07569697e-02 -1.13778829e-03  2.68087145e-02
  1.26563430e-01  2.30137054e-02 -4.21001725e-02  1.60828454e-03
 -1.78986266e-02 -6.69873960e-04 -5.17804623e-02  2.27327887e-02
 -9.21709184e-03 -2.63634492e-02 -1.86670963e-02  1.28674254e-01
  3.46685909e-02 -1.77416820e-02 -8.95570591e-03 -2.81537585e-02
  6.05997778e-02 -3.34111489e-02 -1.83655154e-02  4.08866741e-02
  7.94869009e-03 -7.01576844e-02 -4.60642166e-02 -6.19360283e-02
  1.20049566e-02 -8.80824253e-02  8.46949313e-03  3.67430449e-02
 -1.88021101e-02  3.79624055e-03 -6.89473599e-02 -1.15682995e-02
 -2.18627360e-02  1.33374417e-02 -1.83824133e-02 -5.40175810e-02
  1.65794399e-02  4.24361117e-02  1.46240490e-02 -1.13941282e-02
 -2.91495621e-02  7.52026588e-03 -6.95784092e-02  5.77635802e-02
 -3.31232976e-03  2.28064135e-03  5.26898652e-02 -5.01298485e-03
 -7.66367540e-02  1.58179048e-02 -8.01012758e-03 -6.97790086e-02
  3.37392204e-02  1.72801316e-02 -6.41196072e-02  8.62934142e-02
  7.74129806e-03  1.52478348e-02  1.00984551e-01 -1.15709253e-01
 -1.20156296e-02 -9.28893778e-03 -2.66932622e-02 -2.64526382e-02
  1.79790277e-02 -1.42441113e-02  9.37392749e-03  3.44539247e-02
  1.91730335e-02 -2.23276727e-02  2.53706835e-02  5.98699823e-02
  1.87258087e-02  4.05340232e-02 -4.34354842e-02 -7.44722178e-03
  1.45243830e-03  2.29105242e-02  1.28014348e-02  2.91015748e-02
  5.28468639e-02  3.32137048e-02  2.04165895e-02 -1.23655973e-02
 -8.59143510e-02  1.87714659e-02  1.67559832e-02 -7.57272076e-03
  8.91634896e-02  5.28139323e-02 -9.25866291e-02 -2.94908546e-02
 -1.27198935e-01 -1.04021020e-01 -3.69863287e-02 -1.09783690e-02
 -7.01913238e-02 -1.81738865e-02  3.72005999e-02  1.95418149e-02
 -3.05624157e-02 -2.32128352e-02 -8.20860341e-02 -4.77651320e-02
  5.96168526e-02  8.76398105e-03  4.99366224e-02  1.24382863e-32
  9.50899068e-03  3.66308652e-02 -3.18621807e-02 -1.71120707e-02
  8.15170258e-03  5.15332446e-02 -6.97835907e-02  6.51143342e-02
 -3.99240665e-02  1.65034644e-02 -1.39810234e-01  6.91346973e-02
 -4.87494804e-02 -1.42522706e-02  1.19073801e-01 -2.89696362e-02
 -6.56824885e-03 -1.49707531e-03 -1.56655014e-02 -3.62706520e-02
  2.74602752e-02 -4.15329859e-02  1.79019552e-02  1.81861240e-02
  3.75797115e-02  6.54146969e-02 -5.68515733e-02 -5.40772155e-02
  3.11494642e-03  4.82752547e-02  2.48224046e-02 -2.78740954e-02
  2.67051440e-02 -6.23627305e-02 -4.21962626e-02 -2.95115802e-02
 -2.53646001e-02 -4.01799716e-02 -4.95434105e-02  1.04430374e-02
 -1.79000665e-02  8.84548202e-03  2.41686124e-02  1.70368124e-02
  3.76085043e-02 -3.04686613e-02  2.90815886e-02 -6.52292147e-02
  9.74082127e-02  7.72398263e-02 -9.49573517e-02 -3.60915698e-02
 -3.24755646e-02  6.29339144e-02  5.48092090e-02  1.97905488e-02
 -8.88849199e-02  1.95940752e-02  3.86082716e-02 -8.01593214e-02
 -7.54512241e-03  1.26976911e-02 -3.08371661e-03  3.93938683e-02
 -3.41823250e-02 -2.53044032e-02  9.67849139e-03 -3.55258584e-03
  5.02575673e-02 -2.69923974e-02 -5.33380546e-02 -1.17724473e-02
  1.18020251e-02  5.60421832e-02 -3.05685159e-02  1.39267156e-02
 -2.35729245e-03 -1.54614570e-02 -6.77710548e-02  9.05759186e-02
 -2.39446312e-02  3.23977359e-02  6.29907334e-03 -4.66637202e-02
  6.33033738e-02  9.54348892e-02  8.71627256e-02 -5.19279204e-02
  3.91864870e-03  1.18044481e-01 -2.00098138e-02  4.79147658e-02
 -6.01902828e-02  2.74639856e-02  1.31157944e-02 -1.38840635e-32
 -3.74540575e-02  1.63572021e-02 -1.98422819e-02  7.40241725e-03
 -7.51986110e-04  4.57385043e-03  5.17990179e-02  8.74035284e-02
 -1.43691199e-02 -9.29724053e-02  6.37776917e-03 -6.02010302e-02
  8.73672143e-02 -3.93535495e-02 -1.51607022e-02  8.70005041e-03
 -5.81343323e-02 -5.85757159e-02 -1.04441317e-02  2.56908070e-02
  5.72146438e-02  4.73333150e-02  6.63945684e-03  1.24318455e-03
  2.98841875e-02 -6.39705658e-02 -2.27088463e-02 -6.47410750e-02
  1.04601094e-02 -1.07576391e-02  1.94645356e-02 -1.82569120e-02
 -5.35255969e-02  1.51312396e-01  7.35457009e-03  7.49523798e-03
  1.17461324e-01 -1.56948417e-02 -3.34014222e-02  7.18639344e-02
  1.09365106e-01  4.30146605e-02  9.85581242e-03  1.39911575e-02
 -3.83525677e-02 -3.98413911e-02 -3.80886532e-02 -1.17050111e-01
 -5.47571853e-02 -8.21771547e-02  1.03386149e-01 -6.64066931e-04
 -2.78513543e-02  3.48776653e-02  5.43537438e-02 -2.82436833e-02
 -3.76455784e-02 -6.44564778e-02 -1.28209010e-01 -3.34952995e-02
  9.55777988e-02  3.59125361e-02 -8.17448199e-02 -3.60669605e-02
  1.52258351e-01  1.40762813e-02 -1.06951427e-02  2.21131649e-02
  2.55759638e-02  1.57724116e-02  5.09842895e-02 -1.19975567e-01
 -1.11143865e-01 -7.44009167e-02  2.00878549e-02  3.89968255e-03
 -7.69149512e-02  1.82551201e-02 -7.15046301e-02  2.68757623e-02
  3.72136682e-02  4.76785116e-02 -4.85463860e-03  1.16450991e-02
 -3.35491486e-02  2.11941376e-02  1.08806444e-02 -9.11622681e-03
 -5.18045351e-02  4.49185446e-02 -8.83670822e-02  8.14028550e-03
  1.51431579e-02  6.25955462e-02 -3.48942019e-02 -6.20170511e-08
  3.58724818e-02 -4.59957793e-02  1.35573894e-02 -3.96492034e-02
  5.56653552e-02 -1.01894803e-01 -3.21653783e-02 -3.61420661e-02
 -9.98159125e-03  6.34918585e-02  1.43416107e-01 -8.23981911e-02
 -1.08867846e-01  2.32328381e-02  4.69600819e-02 -1.14758108e-02
 -4.85632867e-02  8.02558064e-02 -2.63330191e-02 -5.86486012e-02
  5.56717515e-02  2.99983080e-02 -4.95885275e-02 -2.46685576e-02
  3.98115255e-02  4.04726155e-02 -3.70696113e-02  5.03075171e-05
 -3.71456123e-03  3.76439542e-02 -3.74826863e-02  2.60389363e-03
 -1.31574282e-02 -5.79990223e-02 -7.39110708e-02  8.93413927e-03
 -2.28385571e-02  3.30047756e-02  2.26489697e-02  1.06026242e-02
  1.09861217e-01 -7.98592791e-02 -2.43095905e-02  1.47545598e-02
  9.28916559e-02 -4.49052872e-03  5.22032566e-03 -2.25447938e-02
  2.68439651e-02 -7.12715536e-02 -9.37572718e-02  1.35349287e-02
  5.10580651e-02  8.40961188e-03 -1.96296833e-02 -5.79878390e-02
  8.11794624e-02 -2.62191501e-02 -1.04619106e-02 -3.84985507e-02
  1.21800907e-01 -5.87970368e-04 -1.85535159e-02 -1.56181939e-02]