[-9.17734653e-02 -6.06388040e-03 -1.11778595e-01 -7.60387182e-02
 -8.55140090e-02 -2.95159742e-02 -2.04553385e-03  6.48167357e-02
  8.62830598e-03  6.21560588e-02  1.00034736e-01  1.71280932e-02
 -2.81935390e-02 -2.74471901e-02  8.36571399e-03 -5.72231598e-02
  8.46712571e-03 -2.82719210e-02 -9.21796449e-03  2.62897667e-02
  1.40744328e-01 -3.61524001e-02 -5.33224456e-02 -6.39131060e-04
  9.47025721e-04 -7.36200809e-02 -3.30757983e-02 -3.46037559e-02
 -8.95681828e-02 -2.73326579e-02 -3.27316895e-02  6.73239008e-02
  1.02370895e-01 -4.98225242e-02  5.41926771e-02  8.97669196e-02
  4.92678210e-02 -4.56842855e-02 -6.12051040e-02  3.94310504e-02
 -3.39951180e-02 -3.75699513e-02 -4.14675660e-02 -5.72194569e-02
  8.76178313e-03 -4.92860489e-02 -3.76171321e-02 -1.30964285e-02
 -6.83955848e-02 -2.07527019e-02 -6.96726069e-02  1.07265012e-02
  1.40935853e-02  4.06781062e-02 -1.42395580e-02 -2.39913892e-02
 -2.79528946e-02  5.90873137e-02 -1.28407814e-02  4.74504232e-02
 -2.63588056e-02  5.01311831e-02 -5.06190918e-02 -2.81148683e-02
  2.98582111e-02  7.96720199e-03 -3.56210098e-02 -7.04357848e-02
 -1.00495601e-02 -3.13684680e-02  8.52110330e-03 -7.56741390e-02
 -2.19265986e-02  2.32968125e-02 -3.40632163e-02  7.29751885e-02
 -1.16045307e-02  4.06562835e-02  3.05734891e-02 -1.26923785e-01
  3.84889171e-02 -5.47511652e-02 -5.68828396e-02  1.94879901e-02
 -1.95245445e-02 -1.33527452e-02 -4.23179790e-02  1.14146583e-02
  1.02399424e-01  4.69650254e-02  6.15905821e-02  6.00754060e-02
 -3.42250168e-02 -3.16273384e-02 -4.21092547e-02  5.56021091e-03
  2.35347059e-02  1.48363477e-02  5.68137877e-02  4.22840379e-03
  6.43325374e-02  9.96403303e-03  1.02652023e-02  2.20023142e-03
 -4.53592874e-02  3.22667360e-02 -3.73139884e-03 -3.70436385e-02
  1.70497764e-02  6.10020235e-02 -8.12145472e-02 -5.42282425e-02
 -7.50878230e-02 -1.18474200e-01 -4.10785638e-02  4.28235456e-02
 -2.70453598e-02 -4.84322123e-02  6.98472559e-02 -2.73901466e-02
  1.72884781e-02 -1.44353379e-02 -1.23214647e-02 -8.25250074e-02
  1.59839652e-02 -1.65128615e-02  1.08188733e-01  1.31268733e-32
 -5.82289211e-02  1.92759521e-02 -5.58431484e-02  2.05543451e-02
 -2.09990516e-02  3.39071490e-02 -2.68614534e-02  5.17714433e-02
  2.49178763e-02 -3.93074611e-03 -4.97650392e-02  6.90603927e-02
  9.40438453e-03 -7.15245903e-02  7.42256120e-02 -7.46857300e-02
  4.24831882e-02  1.57434177e-02  4.07358035e-02  4.17258441e-02
  2.45216652e-03 -1.99435838e-02  1.12234373e-02  2.14699470e-02
  9.59763005e-02  3.33656594e-02 -8.40700641e-02 -2.23494526e-02
  2.94867512e-02  4.13022041e-02  1.22868992e-01 -1.99354608e-02
  1.58240646e-02 -4.48909663e-02 -5.42380065e-02  5.15897647e-02
 -2.86523923e-02 -6.87507316e-02 -1.26433149e-02 -3.74650657e-02
 -5.23506738e-02  2.26069428e-02  4.07789163e-02  6.46605939e-02
  1.52313281e-02 -1.01674469e-02  2.62745768e-02  3.50313559e-02
  1.31926969e-01  8.54604989e-02 -2.25570258e-02 -1.54693341e-02
  1.03776455e-02 -2.14487277e-02  5.58069646e-02  4.20984849e-02
 -1.51496790e-02  6.60573244e-02 -1.24864886e-03 -4.08516750e-02
  1.43963955e-02 -8.30876455e-03 -3.33626010e-02  2.44568028e-02
 -7.91384559e-03 -4.92608435e-02 -1.05265966e-02 -1.88067965e-02
  1.31520703e-01 -5.27944341e-02 -7.15831816e-02  1.48605574e-02
 -3.91817316e-02  8.27050284e-02 -3.78658101e-02 -2.68040365e-03
  1.87411048e-02  4.84734513e-02 -5.38835898e-02  8.72495957e-03
 -3.21273543e-02  1.87441055e-02  8.75069818e-04  1.42513160e-02
  1.10074893e-01  7.47967586e-02  5.18643409e-02  2.83090509e-02
  1.00785419e-02  1.03698008e-01  2.64940802e-02  8.50035697e-02
 -2.96021234e-02  8.62781331e-02  2.48777177e-02 -1.36733268e-32
 -1.30034992e-02 -1.28285924e-03 -7.19235018e-02 -2.56741252e-02
 -3.92330177e-02  2.88958405e-03 -3.42652239e-02  8.44832044e-03
  2.24283524e-02 -1.07109018e-01 -3.40882502e-02 -1.31182849e-01
  1.17598400e-01 -6.09039217e-02 -5.11908792e-02 -2.00029258e-02
 -7.33199567e-02 -4.16144058e-02 -2.90694721e-02  3.11005767e-02
 -8.91255855e-04  5.25748320e-02 -1.84847973e-02  3.64045240e-02
 -6.95097595e-02 -3.54724973e-02 -6.40926659e-02 -4.83258255e-02
 -9.29094851e-02 -3.15898433e-02 -4.78055747e-03 -6.00923523e-02
 -4.92911087e-03  1.97701126e-01 -7.16341585e-02 -4.96695153e-02
  7.50765279e-02 -6.44628075e-04  1.73151456e-02  6.02568053e-02
  6.24513850e-02  7.40109459e-02 -5.72838215e-03 -5.02549671e-02
 -9.02512521e-02  9.07783955e-03 -2.00577769e-02 -8.00586641e-02
 -1.14158001e-02 -1.18966974e-01  6.15944751e-02 -3.86470892e-02
  4.07364257e-02 -2.62908768e-02  4.14967798e-02  2.37329882e-02
  5.10143526e-02 -8.83931667e-02 -1.03496708e-01  3.02461232e-03
  1.13584466e-01  2.12092400e-02  1.29966186e-02  1.63788572e-02
  1.28194749e-01  2.35564727e-02 -1.12870475e-02  2.94818226e-02
  2.02879459e-02 -5.50241843e-02  4.38955203e-02 -9.71206874e-02
 -4.78137098e-02 -3.54693853e-03 -4.31213481e-03 -7.26344064e-02
 -8.83944407e-02 -1.01019954e-02 -4.88072932e-02  3.31657901e-02
 -5.80091588e-02  3.81043442e-02 -2.06757020e-02  1.17558995e-02
 -4.44538109e-02  1.56736467e-02  4.00792137e-02 -2.58421078e-02
  2.19800342e-02  9.44444817e-03 -5.56456111e-02  4.75683622e-02
 -3.35639087e-03  6.79277256e-02 -3.03023010e-02 -6.86004924e-08
  1.78917032e-02  1.85344517e-02  2.65553612e-02 -3.44093470e-03
  4.43616174e-02 -5.18596396e-02 -2.21161335e-03 -1.88495126e-03
  5.30146714e-03  3.95094007e-02  8.68136808e-03 -3.97436768e-02
 -6.69313669e-02 -2.16955449e-02  6.08421937e-02 -7.99650475e-02
  8.00677314e-02  4.56467345e-02 -5.26678041e-02  1.07649527e-03
  7.17275515e-02 -2.98843421e-02 -4.21347097e-02 -2.87908409e-02
  3.03029809e-02  2.68554371e-02 -5.91480583e-02  7.43467063e-02
 -3.15004438e-02  6.52581677e-02 -6.73321187e-02 -2.29206141e-02
  6.15351982e-02 -3.80164124e-02 -4.87373024e-02  1.61222136e-03
 -1.94140412e-02 -2.53877193e-02 -2.24783029e-02  1.36950873e-02
  7.82340541e-02  1.59146674e-02 -7.27544352e-02  2.90395599e-02
  6.33546934e-02 -1.63243040e-02 -3.71370316e-02  2.48253271e-02
  2.46036928e-02 -6.40944615e-02 -5.66534698e-02 -8.74937605e-03
  6.01510480e-02 -6.28452236e-03 -1.14299124e-02 -7.53837824e-02
  2.13295035e-02  3.19776908e-02 -2.01669950e-02  4.53637727e-03
  4.79149260e-02  3.06570791e-02 -1.25628477e-02  1.96095817e-02]