[-6.02049707e-03  2.30743550e-02 -5.37957214e-02 -5.15416116e-02
 -7.21254051e-02  3.25239561e-02  1.07725792e-01  4.56415154e-02
  7.16570690e-02  4.34889756e-02  5.63486628e-02 -2.31972113e-02
  1.78481359e-02 -1.16189860e-03  2.38767024e-02 -6.48701042e-02
  4.42304350e-02  8.58546328e-03 -5.60206175e-02  3.06151155e-02
  1.79671526e-01 -3.44122909e-02 -2.28269044e-02  8.31085965e-02
 -1.10650614e-01 -6.74500167e-02 -3.96865830e-02 -3.98875847e-02
 -6.65120259e-02  1.12258904e-02 -9.25437734e-03  5.29005267e-02
  1.38453722e-01  2.09332793e-03 -4.37511504e-02  7.54945129e-02
  2.59156283e-02 -3.79297510e-02 -1.35768773e-02  5.02725691e-02
 -1.28290728e-01 -3.96483392e-02 -5.61659224e-02 -3.85575332e-02
 -6.10216847e-03 -1.56054348e-02  1.91483386e-02  5.83366770e-03
 -5.56313358e-02 -4.15009260e-02 -6.09839819e-02 -3.15428488e-02
 -5.12350677e-03 -9.09382757e-03 -2.05717944e-02 -5.35594262e-02
 -8.17291718e-03 -2.33988203e-02 -1.89862717e-02  1.20530818e-02
 -3.03259771e-02  1.91150550e-02 -1.43374095e-03  4.37903889e-02
  3.30319479e-02  6.04197420e-02 -5.22876196e-02 -1.02763260e-02
 -2.55097765e-02 -1.20608769e-02  8.94850958e-03 -2.85872817e-02
  2.05207709e-03 -1.39492890e-02 -1.60154346e-02  6.63632005e-02
 -1.56050352e-02  5.53386696e-02 -2.10956801e-02 -1.49108350e-01
  2.79680807e-02  1.28124002e-02 -1.19236363e-02  4.60098274e-02
 -3.12445220e-02 -2.25887708e-02 -1.47401774e-02  5.99879399e-03
  9.51412991e-02  9.90270916e-03 -1.16771339e-02 -1.63395330e-02
 -5.97057492e-02 -1.42919822e-02 -2.75134612e-02 -4.37100790e-02
 -3.47577557e-02 -3.69684212e-02  7.07243308e-02 -1.10875061e-02
  6.27902895e-02  7.49114826e-02  6.02259412e-02 -1.35870250e-02
 -6.82118014e-02 -1.76064055e-02 -1.00811170e-02 -5.97192310e-02
  6.94507686e-03  1.41403824e-01 -5.40701523e-02 -5.82163483e-02
 -1.14827886e-01 -6.02018386e-02 -7.05445632e-02  1.49957207e-03
 -7.01600313e-02 -4.93206084e-02  5.27186096e-02 -3.03385369e-02
  3.29780802e-02 -4.86633787e-03  4.66398112e-02 -8.52451548e-02
  3.34872827e-02 -5.15960529e-02  5.23421764e-02  4.98083809e-33
 -7.23837167e-02 -2.76202336e-02  6.79592695e-03  7.47454911e-02
  9.27367155e-03  3.46752815e-02 -5.04793376e-02  2.60664616e-02
  3.57710011e-02  3.44855934e-02 -5.28477095e-02  1.12986118e-01
  5.49960835e-03 -6.54631061e-03  7.32606128e-02 -1.13831961e-03
  2.12175194e-02  6.64609373e-02  4.30543981e-02 -2.49593258e-02
 -5.68128657e-03  1.55161545e-02  2.89644133e-02 -5.90517595e-02
  7.26459101e-02  1.86807252e-02 -5.16054370e-02 -3.63573506e-02
  1.85198542e-02  2.00766772e-02  1.15222029e-01 -3.50222085e-03
  3.82450223e-02 -4.62724566e-02 -7.73454756e-02 -2.99923737e-02
 -2.75591705e-02 -5.11528086e-03 -8.52501951e-03 -3.64547372e-02
 -4.18459699e-02 -1.08283237e-02  6.19457848e-02  3.42285559e-02
  4.09917757e-02 -9.43293516e-03  1.99669749e-02  1.87514760e-02
  1.13203563e-01  8.57103914e-02  1.75697543e-02 -4.83273678e-02
 -1.44195948e-02 -5.80941625e-02  8.27568304e-03  2.11186800e-02
 -2.77060531e-02  4.21587471e-03 -5.22027686e-02 -9.43745896e-02
 -3.54596935e-02 -5.61420023e-02 -4.79246397e-03 -2.97442451e-02
  1.08026657e-02 -3.31876911e-02  7.95867294e-03  5.42065455e-03
  1.26773953e-01  6.91474080e-02 -7.56388009e-02 -4.74311225e-03
 -4.04665247e-02  5.69446348e-02 -2.65260488e-02  2.54675560e-02
  3.44171077e-02 -1.53979305e-02 -4.19808477e-02  7.96521381e-02
  9.84159298e-03 -3.61990258e-02 -3.45451385e-02  2.52235532e-02
  5.36217354e-02  1.02294385e-01  4.35120948e-02  2.85616703e-02
  3.34509904e-03  1.09354392e-01  2.13504210e-02  1.23430215e-01
 -7.43550807e-02  5.28445728e-02  3.45699489e-02 -9.14206054e-33
 -4.57457639e-03  4.89924885e-02 -4.71013077e-02  4.28310521e-02
  3.39794345e-02  2.78256903e-03 -3.56945097e-02 -8.32861662e-02
 -3.80363911e-02 -4.10932526e-02 -1.02217153e-01 -1.12587325e-01
  5.22128344e-02 -7.51046743e-03 -9.02764574e-02  7.58597208e-03
 -5.97914904e-02 -2.19173450e-03 -4.97398563e-02  2.71149632e-02
 -5.51411435e-02  8.50698352e-02 -1.33559050e-03 -2.20764112e-02
  1.81876346e-02 -3.76595519e-02 -3.30619551e-02  9.16607212e-03
 -6.39292821e-02 -5.31120710e-02 -2.38657445e-02 -1.47227310e-02
 -3.82201448e-02  9.00471061e-02 -4.09929194e-02 -4.48161177e-02
  6.75137565e-02  1.40635101e-02 -2.61657946e-02  1.00073025e-01
  2.83837914e-02  7.13617951e-02 -4.08098288e-02 -5.31896129e-02
 -7.66990930e-02 -7.68354163e-02 -1.20578865e-02 -1.00490831e-01
  6.30769804e-02 -3.24997418e-02  5.91540560e-02 -9.32789072e-02
 -4.02154662e-02 -6.09823316e-02  3.71276140e-02  2.19679363e-02
 -3.21194939e-02 -8.44097659e-02 -5.56002147e-02  4.82392404e-03
  7.48349354e-02  2.86746174e-02 -3.67136262e-02  1.08639067e-02
  5.80613762e-02 -4.23382819e-02  1.08505785e-03  5.06552048e-02
 -1.42544983e-02 -3.84778082e-02  4.45052944e-02 -1.15568131e-01
 -5.99803850e-02 -4.51224893e-02 -3.39691192e-02 -4.37689722e-02
 -5.10079786e-02 -5.48476540e-02 -5.05953953e-02  5.25205582e-02
 -2.62803230e-02 -1.28456578e-02  1.70175638e-02 -1.94068365e-02
 -3.59445140e-02  6.06485363e-03  1.27752265e-02  1.74675975e-02
 -4.57674265e-03  3.39742377e-02 -8.26696232e-02  8.42867419e-02
  1.12735806e-02  5.07376827e-02 -6.16861433e-02 -6.10021402e-08
  1.85360070e-02  2.42518820e-02  4.64484245e-02 -8.86981841e-03
  3.73818092e-02 -8.08492005e-02 -8.16225260e-03  2.58483272e-02
 -3.87811549e-02  2.02803873e-02 -2.45360732e-02 -2.61150021e-02
 -9.27718058e-02  6.34420067e-02  6.08729199e-02 -6.95725009e-02
  2.50048377e-02 -9.51764546e-03 -5.40861189e-02 -5.50844632e-02
  8.20097178e-02 -4.38516811e-02 -1.17112979e-01 -3.58489715e-02
  4.76960205e-02 -5.90964332e-02 -3.63566652e-02  3.58878560e-02
 -9.58223920e-03  4.66050059e-02 -5.18344268e-02 -1.66232772e-02
  7.49768019e-02 -6.72819093e-02 -4.17898558e-02 -3.50696705e-02
  2.82119308e-02 -1.73366927e-02 -1.24926409e-02 -4.70136339e-03
  7.83994347e-02  1.29227003e-03  1.28736524e-02  2.88058836e-02
 -1.83843188e-02  2.80479230e-02 -1.64965037e-02  1.03148587e-01
 -3.69756669e-02 -5.91945415e-03 -6.25083894e-02 -5.05719625e-04
  8.09493437e-02  7.94192702e-02 -3.59812332e-03 -3.72517779e-02
  2.77323779e-02  3.58521082e-02  7.51705514e-03 -1.11463498e-02
  4.45337519e-02  7.25084171e-02  1.96960066e-02 -6.27057254e-02]