[-3.05065862e-03  2.89296806e-02 -6.29005134e-02 -7.82058537e-02
 -4.77870069e-02 -8.50552134e-03  6.57624230e-02  6.03272170e-02
  5.62662072e-02  7.13292882e-02  5.13301007e-02 -5.52312471e-03
  4.30196933e-02  1.95853356e-02  3.05879302e-03 -1.13731921e-01
  6.91582188e-02 -3.02726310e-02  4.15203050e-02  5.38066477e-02
  1.77910581e-01 -5.08899242e-03 -6.26591668e-02  6.14496060e-02
 -1.08069964e-01 -6.65420592e-02 -8.37935507e-02  9.19727795e-03
 -9.01866183e-02 -6.04664721e-02 -7.70825669e-02  4.78360169e-02
  7.67379701e-02  1.60204750e-02 -5.99170476e-02  4.67561185e-03
  5.49937487e-02 -2.04212479e-02  1.85861683e-03  4.43898104e-02
 -1.31783366e-01 -5.46455532e-02 -7.46670291e-02 -2.95050517e-02
 -1.71294231e-02  1.82419755e-02 -1.58578344e-02 -3.58359492e-03
 -9.47086290e-02  1.95178634e-03 -2.37486567e-02 -2.39583403e-02
  1.87854352e-03  6.59022704e-02 -5.01040667e-02 -6.67796284e-02
  1.28236907e-02  8.93377047e-03 -3.74744385e-02  4.80142534e-02
  1.91474389e-02  4.51990068e-02  1.17716268e-02  4.68259379e-02
  5.77659160e-02 -3.66595574e-02 -5.42464703e-02 -9.70532931e-03
 -3.87701951e-03 -6.70664757e-02  2.52455361e-02 -4.39757518e-02
  6.85401261e-02  3.62520255e-02 -3.03698145e-02  7.68076489e-03
  3.30448104e-03  3.34011167e-02  2.02286746e-02 -1.15314715e-01
  1.10577466e-02  3.68277133e-02 -2.09878311e-02  1.92839950e-02
 -7.49106868e-04 -1.65562816e-02 -3.54896411e-02  3.54904756e-02
  6.22223355e-02  1.94919985e-02  3.84140089e-02  1.59567092e-02
 -1.67394541e-02 -7.50742406e-02 -1.59828761e-03 -4.19947766e-02
 -3.01674716e-02 -3.83000309e-03  3.62485982e-02 -7.14799911e-02
  2.96418425e-02  2.00149249e-02  8.00785720e-02  2.65569557e-02
  5.74981840e-03  9.07185167e-05 -3.35540436e-02 -7.98701867e-02
  5.90545833e-02  8.02042186e-02 -7.97598138e-02 -5.54574057e-02
 -1.54157668e-01 -5.59872463e-02 -9.29031372e-02  5.10073379e-02
 -7.74777010e-02 -4.66361828e-02  2.38142814e-02 -6.95422292e-03
  2.89809052e-02 -5.63138817e-03  6.20216411e-03 -6.62798584e-02
  6.46968037e-02 -7.62978196e-03  8.42914730e-02  4.84609338e-33
 -8.48917440e-02  3.31762284e-02 -2.02238117e-03  8.88660327e-02
  3.15422080e-02  4.54340577e-02 -3.88187282e-02  4.00470644e-02
  5.93763664e-02  7.05333427e-02 -9.74861979e-02  1.43652305e-01
  4.22630161e-02  8.70269630e-03  9.57409590e-02 -1.56523082e-02
 -2.00233236e-02  8.14883877e-03  2.21935399e-02 -9.18462221e-03
 -8.07923079e-03  3.21150310e-02  4.14479189e-02 -5.02749942e-02
  1.12960152e-01  1.93097293e-02 -1.05185553e-01 -3.51895206e-02
 -3.53206620e-02  4.00884673e-02  8.07389617e-02 -2.59597749e-02
  4.74677384e-02 -1.52197527e-02 -2.48030126e-02 -7.72086382e-02
 -8.32835864e-03 -1.02393264e-02  1.33259250e-02 -2.86293514e-02
 -3.70932706e-02 -2.13200431e-02  2.29864474e-02  2.61939913e-02
  2.04244070e-02 -9.43954475e-03  4.44679111e-02  4.40604202e-02
  7.76969045e-02  4.31288071e-02  1.60377789e-02 -4.47094534e-03
 -3.22572365e-02 -6.13846295e-02  9.32693598e-04  1.10148927e-02
  1.40716452e-02  1.72650889e-02 -2.14605145e-02 -4.24992032e-02
 -2.98735015e-02 -2.45457459e-02  1.62921138e-02  7.86744710e-03
 -2.64501362e-03 -1.05037361e-01  1.49521651e-02  3.34433338e-04
  1.53982669e-01 -1.30244736e-02 -1.07674316e-01 -3.71730663e-02
  2.84718461e-02  3.14756669e-02 -3.60899814e-03  1.21615129e-02
  4.43981141e-02 -1.39518902e-02 -5.90428412e-02 -3.15651996e-04
 -6.95255846e-02 -1.72416735e-02 -3.37846042e-03  2.52784695e-04
  7.36280829e-02  5.19712530e-02  3.74564119e-02  3.21358107e-02
 -2.86408961e-02  9.79287699e-02  7.66767422e-04  1.00399680e-01
 -5.88974729e-02  6.27849102e-02  7.97817409e-02 -9.54739671e-33
 -2.71202996e-02  7.99419452e-03 -6.95667341e-02 -1.15279518e-02
  4.37139440e-03  2.39280444e-02  2.57811020e-03 -7.42801204e-02
 -1.00305691e-01  3.07953847e-03 -4.94456924e-02 -7.54159167e-02
  1.27102183e-02 -2.82043335e-03 -4.20063436e-02  3.27450149e-02
 -9.36771855e-02  2.82248631e-02 -6.67516217e-02  3.49249467e-02
  2.20228476e-03  5.44826351e-02  2.89900135e-02 -4.64169346e-02
  2.51631625e-03 -2.61403639e-02 -2.98524797e-02 -4.11622562e-02
 -1.75505448e-02 -2.07409691e-02 -5.66977747e-02 -4.80161197e-02
  6.70786761e-03  1.14093184e-01 -2.40515210e-02 -4.01173159e-02
  3.13798413e-02 -1.55241936e-02  9.90627613e-03  8.02894980e-02
  8.98908302e-02  3.24228667e-02  2.24546995e-02 -5.05142137e-02
 -1.09412916e-01 -1.06740035e-01 -8.55736807e-02 -1.16804965e-01
 -1.08975116e-02 -3.06960586e-02  7.42031112e-02 -7.31684193e-02
 -4.36854251e-02 -6.52823001e-02 -5.10215107e-03  4.01324332e-02
 -6.40774295e-02 -7.80535936e-02 -9.32811275e-02  1.02955867e-02
  1.23522408e-01  1.49317961e-02 -6.80271164e-02  3.53380516e-02
  6.54471964e-02 -5.24498783e-02  1.70670301e-02  8.64651054e-02
 -2.82681920e-02 -3.73811610e-02  1.14573576e-02 -6.59470707e-02
 -3.75295840e-02 -4.96164598e-02 -9.35881119e-03 -5.93608953e-02
 -2.71737333e-02 -5.99116422e-02 -5.41773364e-02 -5.53188205e-04
 -5.21292277e-02 -1.83736868e-02 -8.08898732e-03 -5.10629378e-02
 -6.99395241e-05  4.57330793e-02 -8.01982451e-03  4.57736216e-02
  9.34920460e-03 -6.98328891e-04 -7.68482238e-02  6.66356459e-02
  1.22851841e-02  1.90746901e-03 -2.79502794e-02 -5.97104872e-08
 -3.98289273e-03 -1.64071973e-02  9.28892717e-02  1.37694264e-02
  3.26436609e-02 -8.33485350e-02 -2.72103120e-03  1.88376643e-02
 -3.39478552e-02  3.26463543e-02  4.28397255e-03 -8.82164575e-03
 -3.41152214e-02  4.97462265e-02  7.35323280e-02 -3.12483925e-02
 -3.63784959e-03  1.24570611e-03 -2.22608559e-02 -7.31355473e-02
  4.15348373e-02 -3.91399674e-02 -1.02536947e-01 -2.11951155e-02
  7.38481875e-04 -1.12377750e-02 -6.58947527e-02  1.78864133e-02
  2.71832086e-02  7.50381798e-02  1.79282818e-02 -3.56860310e-02
  1.99041218e-02 -5.03821671e-02 -2.51831878e-02  5.70237124e-03
 -6.89134002e-03 -3.51508036e-02 -5.48058599e-02  3.77026130e-03
  5.71764149e-02 -4.64649778e-03 -3.38052958e-02  2.81401128e-02
  4.23281193e-02  2.50064228e-02 -4.21530865e-02  7.59886876e-02
 -1.38847884e-02 -1.19518749e-02 -5.68695962e-02 -2.13005822e-02
  3.47124375e-02  4.38084677e-02  1.03668235e-02 -1.94999576e-02
  5.07002696e-02  1.67363156e-02  1.42940530e-03  1.70615982e-04
  1.13894818e-02  9.96345505e-02  1.06283976e-02 -4.94986586e-02]