[ 5.12062758e-03  1.89267937e-02 -7.63387010e-02 -6.46724626e-02
 -5.57702705e-02 -4.37517166e-02 -4.22926135e-02  6.24264218e-02
 -1.36560583e-02  5.64536005e-02  9.14837867e-02  1.34895137e-02
 -1.96251813e-02  3.72572355e-02  2.72106528e-02 -1.01988111e-02
  2.92419195e-02 -1.91671103e-02  2.59089526e-02  5.16006909e-02
  1.50275499e-01 -6.33183820e-03 -6.70627207e-02  1.00605637e-02
 -6.64020777e-02 -5.32085262e-03 -3.29378098e-02  8.15381296e-03
 -3.29731777e-02 -6.21187175e-03 -5.67746907e-02  1.36787102e-01
  1.14534579e-01  6.87357911e-04  7.53316469e-03  1.56190637e-02
  8.02859068e-02 -3.56634110e-02 -3.48268934e-02  9.32069346e-02
 -9.87500548e-02 -5.15335612e-03 -4.41233031e-02 -5.49318679e-02
 -3.87121737e-02 -3.70649882e-02  6.52626380e-02  4.06996086e-02
 -5.10408580e-02 -1.65195018e-02 -3.17874104e-02 -4.04318571e-02
 -5.52968681e-02  7.19723329e-02  3.48429047e-02 -9.95125771e-02
 -4.44832407e-02 -2.77481116e-02  1.28770797e-02 -1.20069496e-02
 -6.67016627e-03  3.44383977e-02 -8.37251768e-02  4.42558639e-02
  1.26397051e-02 -6.19732961e-03 -6.86703296e-03 -2.08964990e-03
 -5.68371415e-02  2.90561188e-02  4.36145775e-02 -7.21272156e-02
  1.01778377e-02  2.95620784e-02  8.53095669e-03  7.43284672e-02
  3.35678943e-02  6.37441576e-02  3.51383872e-02 -2.66342580e-01
  9.14026890e-03  1.65209509e-02 -1.82707421e-02 -3.35714929e-02
  2.44649574e-02 -2.66794562e-02 -1.56784300e-02  4.28121425e-02
  5.16288355e-02  4.74397512e-03  1.55257378e-02  2.24056505e-02
 -5.28608784e-02 -1.42938280e-02 -1.73188956e-03 -2.51659695e-02
  7.15439254e-03  2.61057001e-02  6.54134229e-02  1.27387671e-02
  7.16356337e-02  1.68707781e-02 -1.79666039e-02 -7.10746348e-02
 -1.02086470e-01  1.36745488e-02 -2.11901609e-02 -2.26019323e-02
  4.59512435e-02  1.31587967e-01 -9.39447656e-02 -2.52248086e-02
 -9.69076902e-02 -1.02580592e-01 -3.14459130e-02 -5.97876236e-02
 -3.18630002e-02 -5.14827594e-02  8.66200682e-03 -4.23735082e-02
  7.68410787e-03 -4.85715903e-02  4.15037163e-02 -1.79147013e-02
  4.64855209e-02 -2.95889731e-02  2.61508487e-02  8.44811700e-33
 -4.98996750e-02 -3.76404859e-02 -7.33661801e-02  8.72794259e-03
  3.25143673e-02 -1.78025640e-03 -3.63917127e-02  2.76703108e-02
  3.67001481e-02  5.23735955e-02 -2.27900241e-02  6.83878586e-02
 -1.00190295e-02 -1.16531933e-02  1.12754628e-01 -1.48523496e-02
  5.44897988e-02  6.55922890e-02 -2.86282916e-02  2.18830630e-02
 -2.84508858e-02  1.10811973e-02 -3.88973914e-02  5.38021373e-03
  5.31248860e-02  7.82967731e-02 -5.39606251e-02 -5.24458289e-02
 -4.48474474e-02  4.23377380e-02  1.09983355e-01  2.00999510e-02
  4.58310470e-02 -4.42744978e-02 -8.77210200e-02 -3.24782841e-02
  1.76679883e-02 -2.07695924e-03 -6.20471388e-02 -2.37105489e-02
 -3.78054380e-02 -1.32630570e-02  5.99725358e-03  2.75263954e-02
  6.25769794e-02 -5.98189943e-02  2.52550952e-02 -1.48128225e-02
  6.99391291e-02  8.12144950e-02 -2.80523691e-02 -6.78801257e-03
  1.83300171e-02 -3.79711986e-02  7.27660069e-03  5.39528504e-02
 -8.45797807e-02  1.92832779e-02 -2.93523166e-02 -7.43868500e-02
 -5.92918620e-02  1.39411883e-02  1.84271559e-02  2.07957570e-02
 -5.17322868e-03 -2.46937145e-02  4.74618195e-04  5.09232888e-03
  8.18416402e-02  3.99829373e-02 -8.06625858e-02 -2.73004081e-03
 -5.94548620e-02  5.54756522e-02 -1.14332791e-02  1.00490600e-02
  6.50420189e-02  3.93133052e-02 -8.95990208e-02  2.03000642e-02
 -1.03298061e-01  1.76893435e-02 -2.98734475e-03 -1.41602801e-02
  5.98530248e-02  8.87655988e-02  9.00421664e-02  4.74823751e-02
 -2.17096061e-02  7.38551766e-02 -1.02180699e-02  6.77625164e-02
 -3.24503481e-02  4.74293716e-02  7.18110278e-02 -1.11493435e-32
 -1.07353581e-02  4.30704132e-02 -8.25242624e-02 -1.23537686e-02
 -7.95224030e-03 -5.73261408e-03  2.42180396e-02 -9.87589732e-03
 -6.34939522e-02 -1.48979232e-01 -3.05620506e-02 -1.21870525e-01
  2.06067078e-02 -1.81832723e-03 -6.23334870e-02 -3.15264463e-02
 -7.74741247e-02 -2.85315122e-02 -2.11923327e-02  8.57547857e-03
  9.29761957e-03  5.72441798e-03  6.97368989e-03 -2.57354360e-02
 -3.03090713e-03 -6.89670593e-02 -7.10254684e-02 -1.58653129e-03
 -3.83209474e-02  1.15506202e-02  3.84099558e-02 -7.46812252e-03
  9.14810412e-03  1.01020820e-01 -2.59042010e-02 -4.58870940e-02
  1.33822588e-02  7.22915924e-04  1.74098480e-02  9.12117884e-02
  8.70725885e-02  9.02148262e-02 -2.18008459e-02 -4.94615473e-02
 -1.02121599e-01 -4.57854457e-02  3.38590262e-03 -1.00622900e-01
 -1.13111557e-02 -1.26608506e-01  1.25468507e-01 -2.58487798e-02
 -1.78692266e-02 -5.98431267e-02  3.33383046e-02  5.04809991e-02
 -3.89544480e-02 -9.10558999e-02 -8.07646513e-02  2.70576384e-02
  9.08027366e-02  1.88758690e-02 -3.58079895e-02 -1.53649021e-02
  7.14806840e-02  1.31608546e-02 -4.10632417e-02  2.73542218e-02
  1.05097927e-02  1.34848512e-03  2.24900711e-02 -2.97511108e-02
 -3.44919302e-02  5.37529960e-02  1.04267513e-02 -7.81469494e-02
  7.73107121e-03 -2.17002854e-02 -4.21091355e-02  6.55401424e-02
 -1.07929967e-01  1.94211975e-02 -6.50518015e-02  8.33110418e-04
 -3.06707025e-02  3.78896706e-02 -2.92136669e-02 -7.09806569e-04
 -9.37847514e-03  1.39340507e-02 -3.57364081e-02  3.49917784e-02
  3.42674181e-02  1.53001081e-02 -7.44711906e-02 -6.63345787e-08
 -2.76394840e-02 -3.33961919e-02  7.34760910e-02 -7.51015905e-04
  5.29573858e-02  4.54106927e-03  2.74010319e-02 -4.55918647e-02
 -2.34447662e-02  4.23411168e-02  7.04792365e-02 -1.95143986e-02
 -9.50512886e-02  2.31619198e-02 -1.30507248e-02 -5.55133447e-02
  4.73479107e-02  1.25642987e-02 -6.89386576e-02 -6.10852726e-02
  6.07417934e-02 -2.12453655e-03 -8.49254280e-02  5.47049893e-03
  4.95815277e-02 -2.30072089e-03 -4.41444246e-03  5.32963350e-02
 -1.30699137e-02  4.09082286e-02 -7.37829804e-02  2.34974846e-02
 -9.32335667e-03 -4.28289510e-02 -3.41991149e-02 -2.73904111e-02
  3.73103947e-04  2.63000862e-03 -3.36588919e-02 -5.53669082e-03
  1.20989598e-01 -1.23842228e-02 -1.42568471e-02 -7.80306244e-03
  5.44304959e-02 -4.04158495e-02 -1.42199546e-02  8.30622762e-02
  6.91499561e-03 -2.42024614e-03 -2.99326945e-02  2.82607935e-02
  4.51675132e-02  7.91157503e-03  3.10030077e-02 -1.44917602e-02
  5.59854656e-02  1.39650144e-03 -3.41790691e-02 -2.54835729e-02
  5.84048480e-02  3.14327031e-02  6.42317347e-03 -3.25419866e-02]