[ 2.93061957e-02  4.41559553e-02  8.05673935e-03 -6.46784827e-02
 -6.52028322e-02  4.14125659e-02  2.90184990e-02  8.69903937e-02
 -1.55102613e-03  7.36465603e-02  4.53098044e-02 -3.07837967e-02
 -1.75085813e-02  1.55241080e-02 -6.46761246e-03 -4.56760637e-02
  7.87246302e-02 -2.79581849e-03 -8.77506658e-02  7.01858103e-02
  1.14072204e-01 -3.31755690e-02 -5.16341105e-02  3.69641907e-03
 -1.00568257e-01 -3.58926840e-02 -7.71047473e-02  9.44977347e-03
  1.58692151e-02 -1.97817050e-02 -6.74544051e-02  1.03631608e-01
  3.07553783e-02 -1.35970600e-02  5.49783278e-03  7.34599261e-03
 -2.79973214e-03 -4.43239361e-02  2.58377264e-03  4.96449545e-02
 -8.36086199e-02 -4.58548367e-02 -4.96244505e-02 -4.34541255e-02
  4.89094481e-03 -3.73254083e-02 -3.02593801e-02  7.55018694e-03
 -1.35614676e-02 -7.49897910e-04 -1.30306035e-01  6.87003415e-03
 -1.66945942e-02  2.99056750e-02  4.82276455e-03 -1.35163190e-02
 -5.17666452e-02 -4.59697768e-02  8.58219527e-03 -6.88580126e-02
 -5.77156581e-02  5.97366318e-03 -7.69289508e-02  2.36938205e-02
  3.52880172e-02 -2.19093319e-02  1.91438887e-02 -2.27657296e-02
 -4.71017361e-02  6.36326000e-02  8.86210576e-02 -3.43351588e-02
  1.13493428e-02  2.03955173e-02  2.54882723e-02  5.32949641e-02
 -3.17263491e-02  8.07839483e-02  5.46344928e-02 -1.10771440e-01
  4.18816209e-02  1.96517743e-02  3.38920392e-03 -3.60350274e-02
 -4.13903929e-02 -9.71202329e-02  2.14649811e-02  1.85736269e-02
  6.84884936e-02 -2.73317695e-02  7.26745725e-02  5.31690605e-02
 -5.22126555e-02 -1.17641464e-02  2.57724803e-03  1.00759696e-02
 -2.91115250e-02  3.80211510e-02  9.57476050e-02  2.46294588e-02
  6.45652562e-02  1.66242737e-02 -1.36841740e-02  4.63020205e-02
 -1.17186360e-01 -2.84034237e-02 -1.82281062e-02  1.41031016e-02
 -1.61271691e-02  7.07203299e-02 -2.67670471e-02 -3.23200785e-03
 -7.68601671e-02 -6.89953789e-02 -4.41416800e-02  2.24343836e-02
 -1.26830265e-02 -1.58111267e-02  6.13330863e-02 -2.41267476e-02
  3.59310657e-02  1.31112169e-02  2.57380567e-02 -4.86659668e-02
  1.07313292e-02 -2.29970179e-02 -4.74755559e-03  1.04206582e-32
 -1.38395568e-02 -9.26166922e-02 -1.74598005e-02 -3.71711962e-02
 -4.42084484e-02 -2.56302916e-02 -4.94896285e-02  6.68212548e-02
  1.95777956e-02  2.01729462e-02 -9.70134065e-02  8.06045830e-02
 -2.61688940e-02 -3.34356092e-02  1.55894868e-02 -2.48769037e-02
  6.94731623e-03  8.02363679e-02 -3.43148932e-02 -3.85735147e-02
 -1.48125598e-03 -2.99162753e-02  4.54038717e-02 -1.87633038e-02
 -2.01232769e-02  7.23680258e-02 -3.56006995e-02 -4.75759134e-02
 -5.56260422e-02  3.08090299e-02  7.77759403e-02 -3.16231176e-02
  4.63088527e-02 -4.80989963e-02 -7.06017986e-02  3.45876850e-02
 -3.37406434e-02  1.47884730e-02  5.61675057e-03  8.48146447e-04
 -1.17109872e-01  5.45314699e-02  6.43404573e-02 -2.17280886e-03
  2.08136644e-02 -2.88063772e-02  1.71812568e-02 -3.36816125e-02
  9.35514122e-02  1.07882917e-01 -4.68378775e-02 -3.20560411e-02
 -2.18268521e-02 -2.11846549e-02 -4.10429537e-02  4.67060283e-02
 -5.11938184e-02  9.03852060e-02 -7.66919851e-02 -4.78192568e-02
 -4.96503105e-03 -6.07436057e-03 -3.13938335e-02  4.34077084e-02
 -2.25332770e-02 -6.57381639e-02  1.71045866e-02  8.86617787e-03
  9.82893482e-02 -9.51810367e-03 -1.09859049e-01 -4.70443591e-02
  1.90669782e-02  5.98198250e-02  3.70252132e-02 -4.02494334e-02
  9.99191701e-02 -1.93291269e-02 -2.65048444e-02 -3.01556997e-02
 -7.91109353e-02  1.77609436e-02 -9.09694955e-02 -1.76964030e-02
  4.51456830e-02  5.32340556e-02  8.13326910e-02 -8.76039360e-03
  2.30545085e-02  5.03855161e-02  5.27032278e-03  4.87148054e-02
 -5.59154823e-02  2.80173235e-02  3.37045863e-02 -1.35546841e-32
 -1.12043871e-02  9.55363363e-03 -3.38613726e-02  5.51954508e-02
  5.80189377e-02  6.17246814e-02  7.21172616e-02 -6.97930232e-02
 -7.23362016e-03 -6.37194142e-02 -2.24228986e-02 -2.99703348e-02
  3.67662795e-02  2.13736109e-02 -1.15442976e-01  3.59626934e-02
 -8.36936310e-02 -6.22232584e-03 -3.02527696e-02  5.09839095e-02
  1.82609372e-02  1.33662775e-01  7.58260041e-02  4.35162243e-03
 -6.95130182e-03 -8.13486576e-02 -6.51447102e-03 -3.58444005e-02
 -3.22190337e-02  2.71255001e-02  4.12148014e-02 -2.39702649e-02
 -5.38190156e-02  8.20639357e-02 -3.02123073e-02 -4.73259389e-02
  7.18771443e-02 -7.20293447e-02 -2.85417177e-02  1.18244611e-01
  3.18454653e-02  7.94537291e-02  2.46638302e-02 -2.39515789e-02
 -4.57050167e-02 -2.75833234e-02  7.26620201e-03 -1.43565580e-01
  3.02983075e-02 -1.09962016e-01  6.20094128e-02 -1.73152313e-02
 -2.58744303e-02 -3.92073672e-03  3.79873849e-02 -4.35629040e-02
 -4.61266711e-02 -1.02706753e-01 -1.29690796e-01  2.95864269e-02
  7.90267214e-02  3.70652266e-02 -4.11265455e-02 -6.92073107e-02
  1.30360410e-01  1.12412665e-02 -2.41160765e-02 -4.50198166e-02
 -1.75941288e-02  7.02734618e-03  2.43004691e-02 -7.33294487e-02
 -5.38257621e-02 -4.54397015e-02  3.74062881e-02  2.83588236e-03
 -3.45282443e-02 -9.60040279e-03 -3.29124816e-02 -1.47852311e-02
 -9.24421102e-03  1.81616787e-02 -3.44049893e-02 -8.42408761e-02
 -7.85738155e-02  3.50085385e-02 -6.31436566e-03  2.82047205e-02
 -2.13925131e-02  8.15474316e-02 -7.44759589e-02  1.70050971e-02
  6.63159043e-02 -4.70194779e-03 -6.87149093e-02 -6.31998063e-08
  2.00075265e-02  1.05153548e-03 -1.90453250e-02  6.50822297e-02
 -3.16363834e-02 -2.25071050e-02 -5.46735823e-02 -1.59403682e-02
 -4.41121645e-02  2.16357782e-02  8.14778507e-02 -9.21265502e-03
 -9.95277613e-02  2.52911467e-02 -1.10146906e-02 -6.03280701e-02
 -2.22564507e-02  6.44863173e-02 -7.16711506e-02 -4.68396544e-02
  3.58583443e-02  3.53809036e-02 -6.96459338e-02 -5.89986406e-02
  5.82624935e-02  1.81635953e-02 -3.79579030e-02  2.14907676e-02
 -1.93614233e-02  2.24151928e-02  1.06335459e-02 -1.38765071e-02
  1.33979470e-02 -9.03268456e-02 -9.24239121e-03 -8.10234901e-03
 -6.85263202e-02  4.07984965e-02 -3.04314657e-03  4.86928448e-02
  4.95325997e-02 -3.27411890e-02 -1.60770901e-02  1.60375200e-02
  1.44146150e-02 -1.98323671e-02 -1.26927570e-01  9.03855935e-02
 -2.42877519e-03 -2.50985976e-02 -1.20936185e-02 -8.93643796e-02
  2.93849502e-02  9.27015021e-03  9.83942393e-03  2.50822119e-02
  6.29629120e-02  7.25688487e-02 -4.28753681e-02 -1.91957969e-02
  1.15768380e-01  9.46237072e-02 -6.28898898e-03 -5.43528236e-02]