[-3.95679995e-02  1.02029786e-01 -7.63005540e-02 -2.17288639e-03
 -1.20465428e-01  5.02218343e-02 -5.16594872e-02  6.46289364e-02
 -7.26456940e-02  1.41960040e-01  8.44314694e-02  2.90406980e-02
 -1.72550324e-02  1.63342513e-03 -4.85679731e-02  1.82559155e-03
  4.35572164e-03  6.65031895e-02  1.89133920e-02  7.91746825e-02
  1.10431209e-01  2.35689189e-02 -1.64451543e-02  8.60762745e-02
 -8.22323114e-02  2.36156844e-02  1.40450345e-02  1.67483632e-02
 -1.80489849e-02 -2.99091581e-02 -7.97320828e-02  1.06586069e-01
  8.88759047e-02 -2.43228339e-02 -1.19710639e-02 -6.58789724e-02
  2.58257985e-02 -1.25854753e-03  3.99130024e-02  3.58051322e-02
 -5.27815484e-02 -9.06676352e-02 -1.06429704e-01 -2.39769015e-02
  4.98431325e-02 -1.54762138e-02 -2.85431948e-02  2.03433055e-02
  2.53792144e-02 -1.40363025e-02 -6.43957406e-02 -5.84458597e-02
 -7.84339905e-02  2.75040232e-03 -4.70264666e-02 -3.11727542e-02
 -2.57970840e-02 -2.02994701e-02  6.40629511e-03 -3.67685147e-02
  2.32009240e-03  7.16586038e-02 -2.72140969e-02  2.80700834e-03
  5.50838634e-02  2.86632571e-02 -2.90254392e-02 -3.57156880e-02
 -4.50375155e-02  6.90405741e-02  6.76389784e-02 -5.51834144e-02
  8.64534751e-02  3.20865847e-02 -3.85930315e-02  1.54057692e-03
 -1.63587444e-02  4.15504016e-02  3.26336101e-02 -1.19077772e-01
  1.38266357e-02  5.47474809e-02 -1.16299186e-02 -8.03467706e-02
  8.03117920e-03  2.26278603e-02  3.10202707e-02 -1.63623895e-02
  6.29072115e-02  1.98461441e-03 -2.85363980e-02  3.43901813e-02
  6.68916572e-03 -7.49105290e-02 -5.24052642e-02 -5.75207062e-02
 -5.00837862e-02 -4.58991900e-02  3.37035954e-02 -4.56202962e-03
  3.37126255e-02  2.52160244e-02 -3.90175320e-02 -3.86101976e-02
 -2.32657641e-02 -3.70544242e-03  6.04105648e-03 -8.19409564e-02
  5.98468557e-02  3.82867306e-02 -6.68284222e-02 -4.95819375e-02
 -9.81469527e-02 -7.68973455e-02 -4.72333804e-02  1.68238953e-02
  3.10464762e-02 -3.53928059e-02  3.23804356e-02 -5.44764586e-02
  3.81171033e-02 -8.13045427e-02  3.66239399e-02 -1.77977886e-02
  4.24915664e-02 -1.19414076e-01 -1.32620754e-02  1.45329526e-32
 -1.89358834e-02 -2.98280213e-02 -4.64756340e-02  1.13113277e-01
 -3.41671146e-02  2.65752058e-02 -1.93550959e-02 -5.24649248e-02
  3.50268669e-02 -4.06623306e-03 -1.17887100e-02  8.04049373e-02
  3.09513453e-02  4.46423031e-02  7.89792687e-02  1.79006662e-02
 -5.42994589e-03  3.84782557e-03  1.75788943e-02  5.00301458e-02
 -2.79248524e-02  4.15253788e-02  3.54643688e-02 -4.69790287e-02
 -1.89428311e-02  7.48076811e-02 -6.67279437e-02 -6.86233640e-02
 -2.43631769e-02  5.50297722e-02  8.89395252e-02 -2.12052278e-02
  3.65171172e-02 -7.17252418e-02  1.71723738e-02 -4.37554792e-02
  6.24342412e-02  1.54035697e-02 -2.48644575e-02 -3.32910977e-02
 -4.93613295e-02 -3.74354492e-03  2.69719474e-02  4.30849567e-03
  4.47756536e-02 -2.79765688e-02  9.65454653e-02 -4.68761148e-03
  5.18438965e-02  7.83910528e-02 -3.62532586e-02 -3.35873514e-02
 -6.65303543e-02 -6.24159239e-02 -1.60822943e-02 -1.50475912e-02
 -1.18580975e-01  1.11661881e-01 -5.93623742e-02 -5.30573353e-02
  3.43360715e-02  3.44497412e-02 -4.94483747e-02  1.79505683e-02
 -4.13761362e-02 -3.76782157e-02 -5.51585592e-02 -1.84765924e-02
  1.08798340e-01  1.04473718e-02 -1.89721771e-02 -3.09979692e-02
 -6.06488958e-02  6.64943457e-02  2.11354122e-02 -4.03444842e-02
  4.00097482e-02  2.40376461e-02  1.84746943e-02 -2.75336169e-02
  2.97590755e-02 -5.72730303e-02  1.89723745e-02 -4.49925214e-02
 -2.16567516e-02  4.91616800e-02  6.15810119e-02  9.90536809e-02
  9.53061879e-02  7.14686662e-02  6.65684696e-04  6.31294698e-02
 -1.02795959e-02 -3.33849248e-03  8.02036971e-02 -1.59422263e-32
  2.71560103e-02 -2.42850441e-03 -8.61167535e-02  3.42961773e-02
 -8.19903761e-02 -8.15923512e-03 -3.34048532e-02  5.33029204e-03
 -4.31592427e-02 -6.98532015e-02  4.71160486e-02 -9.63145867e-02
  8.77542049e-02  4.32693260e-03 -5.56210168e-02 -2.14811563e-02
 -8.53247195e-02 -6.53770342e-02 -6.55147284e-02  3.46846916e-02
  1.62940733e-02 -3.22352163e-03  8.31093546e-03 -2.58126352e-02
  2.46425681e-02 -1.82775932e-03 -9.35623497e-02  6.40326589e-02
 -5.65722510e-02 -1.15553644e-02 -4.35217656e-02  2.49576364e-02
 -1.07420161e-02 -1.94567814e-02 -4.60070968e-02  4.86474577e-03
  9.43808183e-02  2.53180787e-02 -3.44953388e-02  4.75612208e-02
  7.06188986e-03  9.54174846e-02 -1.57878790e-02 -4.34245542e-02
 -2.85956003e-02 -1.92414876e-02 -1.59600899e-02 -4.34035510e-02
  7.49474242e-02 -1.02123491e-01  6.62355870e-02 -1.63642573e-03
  1.34802572e-02 -7.18143806e-02  7.28463456e-02 -3.14402394e-02
  1.43371439e-02 -1.22674547e-01 -6.55828342e-02  1.21641606e-01
  7.95065165e-02  9.57682543e-03 -1.94978602e-02 -8.42140801e-03
  9.55869779e-02  3.25346664e-02 -5.69648556e-02  8.43801424e-02
  5.98231554e-02  3.87320900e-03  1.00744195e-01 -6.22090176e-02
 -5.69227561e-02 -5.78581840e-02 -7.62792081e-02 -7.27010369e-02
  1.23463094e-03  1.78374071e-02 -5.48699498e-03  1.14201736e-02
  2.28459947e-02 -6.38947859e-02 -2.54988726e-02 -3.22380103e-03
 -5.69117442e-02 -1.20416265e-02 -3.19265686e-02 -6.41825236e-03
 -2.33245408e-03  2.70451214e-02 -2.00595111e-02 -2.74456688e-03
 -4.40975018e-02 -9.97497048e-03 -2.24615000e-02 -6.37937703e-08
  7.12612644e-03 -4.12310995e-02  7.75026456e-02 -9.83748585e-03
  3.70752476e-02 -2.82095978e-03 -1.76307019e-02 -1.03033744e-01
  5.29795997e-02  3.84021029e-02 -6.79823803e-03  1.53153343e-02
 -5.05749742e-03  2.69291252e-02  1.43007506e-02  2.13999841e-02
  8.17302912e-02  7.31370375e-02 -3.99517976e-02  5.80316037e-03
  5.52335605e-02 -7.83471689e-02 -7.28579462e-02 -4.10456918e-02
  8.36441643e-04  1.72104537e-02  1.99977029e-02  3.92996855e-02
 -2.15461515e-02 -1.08942790e-02 -4.65641022e-02  6.19159378e-02
  1.34061947e-05 -4.06148471e-02  3.54980305e-03  1.89005770e-02
  3.94442528e-02  8.50358605e-02 -4.38397042e-02 -5.16624898e-02
  4.08334397e-02 -1.94445401e-02 -5.77122495e-02 -2.40522713e-05
  2.49568596e-02 -6.93104491e-02  4.47381139e-02 -6.63662422e-03
 -2.60371957e-02 -3.03327125e-02 -3.58114578e-02  4.53868695e-02
  1.74167696e-02 -2.88277492e-02 -5.12163527e-02 -1.58293974e-02
  3.45522612e-02  6.88332878e-03 -9.43273678e-02 -5.55574223e-02
  1.27460629e-01  6.37578517e-02  2.70534344e-02 -2.01226827e-02]