[ 2.80984845e-02  2.57837959e-02 -1.90579388e-02 -2.66215764e-02
 -6.10017404e-02  2.83189975e-02 -8.36925860e-03  1.42683491e-01
 -2.36196769e-03  2.79464554e-02  5.81722371e-02 -4.31137905e-02
 -4.63271961e-02  8.96991172e-04 -2.54954360e-02 -4.58079576e-02
  5.13179377e-02  1.43152233e-02 -6.69148341e-02  5.21251410e-02
  1.43673196e-01 -1.52358692e-02  9.32636578e-03 -4.84482525e-03
 -6.58770427e-02  2.54505090e-02 -9.93711650e-02 -2.66592484e-02
 -2.04658471e-02 -2.34210026e-02 -3.75416763e-02  9.10575688e-02
  2.92393006e-03 -5.76619506e-02  4.07236107e-02 -4.51586628e-03
  3.22978310e-02 -2.16277745e-02 -4.82422560e-02  7.23906681e-02
 -3.82392257e-02 -3.56105268e-02 -6.45432994e-02 -3.01138908e-02
  1.46485223e-02 -3.04395538e-02 -2.55786832e-02 -1.12538533e-02
 -4.63431962e-02  2.67780609e-02 -9.80209783e-02  4.33833376e-02
 -3.06595471e-02  5.52827939e-02 -5.00393193e-03 -5.55661693e-02
 -1.19174719e-02 -3.05542871e-02 -2.20875302e-03 -3.50339934e-02
 -3.31511460e-02  6.10092841e-02 -1.05279155e-01 -9.44682956e-03
  3.63964811e-02 -3.07888407e-02  2.95253545e-02 -3.07236686e-02
 -8.33985880e-02  5.62219061e-02  4.53169756e-02 -4.47132140e-02
  5.28358594e-02  1.69408731e-02  1.61447059e-02  5.02873361e-02
 -3.48450541e-02  4.29458544e-02  4.95284684e-02 -9.73223150e-02
  3.38303596e-02  4.23638746e-02 -2.51297583e-03 -5.03292605e-02
 -5.48189431e-02 -5.79076670e-02  1.09758684e-02  3.03771980e-02
  9.75659713e-02 -1.94804389e-02  8.66182894e-02  7.44109526e-02
 -7.57139176e-02 -1.85955428e-02  3.97466049e-02  2.39382666e-02
 -4.90201786e-02  1.42307347e-02  3.46405134e-02 -4.82838554e-03
  3.15379612e-02  2.87889200e-03 -5.58179356e-02 -2.72237184e-03
 -9.83745903e-02 -3.69215868e-02 -2.80345976e-02  3.58509757e-02
  1.17437160e-02  3.34276259e-02 -1.19155608e-02 -2.09344504e-03
 -6.07303604e-02 -7.63795748e-02 -2.77084615e-02  3.65250483e-02
 -4.95817028e-02 -5.11437394e-02  4.71180826e-02  9.67517868e-03
  3.12418472e-02 -2.41576578e-03  2.35541761e-02 -2.59221047e-02
  5.71563058e-02 -1.32402899e-02  1.89753305e-02  1.27884808e-32
  1.95079595e-02 -5.90015128e-02 -3.78764383e-02 -1.58495158e-02
 -2.58962326e-02  3.48080434e-02 -2.81629711e-02  4.23349440e-02
  5.65194637e-02  4.68967529e-03 -9.90998298e-02  5.33751287e-02
 -5.13152257e-02 -2.08006073e-02  4.18507457e-02 -2.29019988e-02
  1.55757247e-02  4.97856773e-02 -4.12139632e-02 -4.14307751e-02
  3.56413387e-02 -7.83513859e-03  1.91375893e-02  5.32592162e-02
 -3.37796621e-02  5.96933328e-02 -7.63148740e-02 -1.35852536e-02
 -2.44082753e-02  2.09378693e-02  8.83467421e-02 -9.39529948e-03
  4.10726108e-02 -6.51438162e-02 -6.88533783e-02  2.74525285e-02
 -3.99109460e-02  3.34827974e-02  3.04100034e-03  2.35477444e-02
 -8.63912776e-02  5.22072762e-02  1.06039718e-01  1.96213927e-02
  2.18542553e-02 -1.99268647e-02 -1.73383430e-02 -6.99299872e-02
  7.44855553e-02  9.78675783e-02 -4.05356735e-02 -6.12189528e-03
  2.70906389e-02  3.36665194e-03  3.80513556e-02  6.58181980e-02
 -1.27227038e-01  6.92511722e-02 -3.01883556e-02 -4.16447297e-02
  1.01223160e-02  1.45070087e-02 -3.35676316e-03  8.80762003e-03
 -4.35334332e-02 -2.23396569e-02  9.31210443e-03 -5.66647202e-03
  8.25191587e-02 -4.57741991e-02 -1.04684584e-01 -1.92810223e-02
  3.07713891e-03  5.28033152e-02  5.97423781e-03 -8.44311491e-02
  1.34821802e-01  1.11485757e-02 -5.26535660e-02 -6.44585192e-02
 -5.97006567e-02 -8.77515227e-03 -7.53675923e-02  2.09832401e-03
  4.48875166e-02  3.51363234e-02  3.30738686e-02  2.63520572e-02
 -2.34703366e-02  4.12911400e-02  1.76001061e-02 -7.12052220e-04
 -2.81695928e-02  2.93843448e-03  1.90309025e-02 -1.38601510e-32
  6.02009892e-03 -6.02019764e-03 -2.06710901e-02  3.31206433e-02
  4.47831862e-02  3.53128389e-02  1.16698956e-02  7.34435627e-03
 -1.06927194e-02 -7.50437900e-02 -3.52893695e-02 -1.94676667e-02
  1.98735092e-02 -1.22297248e-02 -1.27282590e-01  2.40833070e-02
 -8.09224844e-02  1.96404029e-02 -4.71199155e-02  5.29288799e-02
 -1.96105466e-04  1.14867970e-01  4.13385294e-02  3.58675048e-02
  2.80393995e-02 -2.67105661e-02 -6.16287906e-03 -9.63776708e-02
 -5.20423539e-02 -7.16124428e-03  6.52600750e-02  7.00727478e-03
 -7.67599344e-02  8.21105763e-02 -5.36866747e-02 -3.81038152e-02
  7.80244097e-02 -9.80123058e-02 -5.51154763e-02  1.28165305e-01
  5.38827032e-02  5.01411781e-02  4.47891541e-02 -5.97354909e-03
 -5.00983223e-02  1.24529367e-02  1.39081758e-02 -1.31799608e-01
  4.47516069e-02 -9.68663171e-02  1.27880454e-01 -1.25750166e-03
 -4.79887985e-02 -8.31485353e-03  6.45828247e-02 -8.83685797e-02
 -5.48162647e-02 -1.43068463e-01 -1.60643324e-01  1.72090475e-02
  1.05674326e-01  4.64594439e-02 -3.61767411e-02 -6.98525831e-02
  1.47789508e-01  2.09666248e-02 -4.55812328e-02  1.86300538e-02
  1.92413647e-02  5.38397953e-02  6.11969009e-02 -7.91588053e-02
 -5.98542988e-02 -4.40215394e-02  6.61533847e-02  2.18821922e-04
 -4.80388589e-02 -1.98276564e-02 -5.10041267e-02  1.37621015e-02
 -2.03482006e-02 -1.45793175e-02 -2.27288362e-02 -3.19594890e-02
 -8.74176398e-02 -4.88985050e-03  3.46517278e-04  1.41564044e-04
 -2.57958863e-02  8.78236145e-02 -5.94706573e-02 -3.78824957e-02
  6.93926886e-02  5.94749525e-02 -3.02566644e-02 -6.25899048e-08
  3.12067736e-02 -1.05567779e-02 -2.83124018e-02  3.70698199e-02
 -5.76707684e-02  2.72016902e-03 -3.03379130e-02  1.00064678e-02
 -4.39223647e-02  2.05703638e-02  8.99524242e-02  9.81714018e-03
 -6.28459528e-02 -1.76106598e-02 -6.22263877e-04 -1.07918367e-01
  6.69820886e-03  9.35837924e-02 -5.65843955e-02 -4.56511490e-02
  2.99740639e-02  3.45720686e-02 -5.91993891e-02 -6.30577132e-02
  5.28658405e-02  2.77089439e-02  9.17921122e-03  3.19539011e-02
 -5.12912590e-03  3.12806964e-02  2.50729583e-02 -3.97744440e-02
  5.25435433e-02 -4.83665541e-02 -1.51904300e-02 -3.39121036e-02
 -4.67763729e-02  6.88999444e-02 -3.66135277e-02  4.80563380e-02
  2.38927901e-02 -1.83605850e-02  7.74436444e-03  1.39808683e-02
 -1.49205411e-02 -3.25546972e-02 -7.82487914e-02  9.41637307e-02
  2.49415394e-02 -3.28602791e-02 -3.52342576e-02 -3.23407277e-02
  7.44452514e-03 -4.02919017e-04 -3.14611718e-02  2.64598466e-02
  4.15429622e-02  6.81977347e-02 -6.39611408e-02 -5.03201969e-02
  9.21212509e-02  5.00514247e-02  8.17657355e-03  8.50900076e-03]