[-1.48738513e-03  1.40729053e-02 -3.93360108e-02 -5.44332601e-02
 -8.68410543e-02  1.32627860e-02 -2.90451702e-02  5.57664484e-02
 -2.70226765e-02  5.12225516e-02  1.16572030e-01 -1.09433625e-02
 -5.76807335e-02  2.14995872e-02 -2.40621306e-02 -5.40764295e-02
  7.94373155e-02 -1.09929508e-02 -8.70305393e-03  2.62742378e-02
  1.21095449e-01 -7.07556233e-02 -4.32310142e-02  2.53312662e-02
 -9.48275775e-02  1.87010001e-02 -9.34188068e-02 -4.14731950e-02
 -2.72327419e-02 -1.59377642e-02 -4.16810066e-02  9.73320976e-02
  5.09976111e-02 -3.90276648e-02 -1.80618111e-02  5.94008155e-02
  5.67030236e-02  8.95487797e-03 -3.43171470e-02  9.76049900e-02
 -5.66939078e-02 -3.43213342e-02 -1.23793883e-02 -1.27197579e-01
  1.12330560e-02 -1.35775339e-02  1.05707087e-02 -3.58711742e-03
 -9.24634561e-03 -1.81389339e-02 -5.03195785e-02 -3.20467427e-02
 -5.93068497e-03  8.04032385e-02 -4.10637781e-02 -2.65915599e-02
  2.15847045e-02 -1.70534104e-02 -1.14772134e-02  8.49496126e-02
 -6.53222352e-02  7.87013397e-02 -2.83502210e-02  2.08968781e-02
  8.56932104e-02 -8.54237750e-02 -4.47764806e-02 -4.43388186e-02
 -5.83469719e-02  2.39370707e-02  2.93447524e-02 -8.17748457e-02
  2.78821755e-02  8.50671679e-02 -4.06957865e-02 -5.20697748e-03
 -1.29471824e-03  1.39080258e-02  5.89404888e-02 -1.65671512e-01
  4.25017625e-02  1.61578562e-02 -9.88508575e-03 -9.10010748e-03
 -2.05931272e-02 -1.72844622e-02 -2.33744066e-02  4.90579661e-03
  5.14686368e-02 -9.79346503e-03  1.63091514e-02  3.84333357e-02
 -8.26855749e-02 -3.24413180e-02 -2.25273669e-02 -2.68048998e-02
 -2.64440160e-02  4.24807519e-02  1.76410507e-02 -4.46534418e-02
  2.87394058e-02 -4.39923219e-02  2.90642027e-02  4.59761433e-02
 -5.91019392e-02 -1.40324992e-03 -8.25931318e-03  1.22549143e-02
  1.64793397e-03  9.44466144e-02 -9.41356495e-02  1.46128582e-02
 -9.83817130e-02 -4.88423258e-02 -3.14285383e-02  2.48912796e-02
 -9.12445486e-02 -3.70615274e-02 -5.74049167e-02  2.28318479e-02
  6.19302988e-02 -7.37747271e-03  5.67599125e-02 -2.41390690e-02
  4.33906354e-03 -2.60010976e-02  5.75006120e-02  1.28551210e-32
  1.94768831e-02 -7.91203137e-03  5.46272136e-02  4.00703698e-02
  2.89862398e-02  3.62681039e-02 -4.46271747e-02  5.94340004e-02
  6.28840253e-02  7.57238492e-02 -3.47687975e-02  7.15117231e-02
 -5.75647876e-03  1.68484803e-02  4.33702022e-02  7.64851738e-03
  3.27555276e-02 -5.23504103e-04 -1.62104126e-02  3.64967883e-02
  5.55831753e-02  3.01296897e-02 -1.18861590e-02 -1.56622764e-03
  6.60850406e-02  7.75705278e-02 -4.35705334e-02 -2.56672688e-02
 -3.14658843e-02  5.34436665e-02  1.91184748e-02 -2.05272790e-02
 -2.25509610e-02 -8.27258900e-02 -8.00788850e-02 -2.66094077e-02
 -2.02486254e-02 -5.38567118e-02 -5.49753718e-02 -4.24228162e-02
 -3.09750997e-02 -1.71982832e-02  4.01187018e-02  1.02962507e-02
  1.41433338e-02 -1.21737430e-02  1.03055671e-01 -3.55323516e-02
  8.80155861e-02  1.03055499e-01 -6.48827925e-02 -5.93117774e-02
 -7.56368740e-03 -4.99813668e-02  1.63210370e-03  5.78473732e-02
 -2.77898554e-03  5.96698709e-02 -5.71743995e-02 -7.82785267e-02
  1.30327214e-02 -4.09853198e-02 -5.85682280e-02  3.48039530e-02
 -6.25079963e-03 -1.15172766e-01  8.79510306e-03  6.75802073e-03
  1.56105444e-01  9.17504821e-03 -1.32986739e-01 -7.01352535e-03
  9.10612382e-03  3.12495586e-02  4.41528596e-02 -2.15641577e-02
  3.00351214e-02 -2.46754698e-02 -9.65984911e-02  1.97086278e-02
 -7.38343373e-02  5.68776093e-02  1.63194314e-02 -5.12902178e-02
  1.44859642e-01  5.37148342e-02  5.00589199e-02  5.92635712e-03
 -3.60006802e-02  9.96943042e-02 -4.22027335e-02  5.47022074e-02
 -1.66113358e-02  5.46411425e-02  1.02494778e-02 -1.68349805e-32
 -5.03260642e-03  3.79717648e-02 -3.66183408e-02  1.03138452e-02
  4.63557504e-02  7.75735173e-03  9.50581767e-03  2.35413555e-02
 -4.83235456e-02 -1.06960244e-01 -1.30135743e-02 -7.86804035e-02
  7.19101653e-02 -7.30731431e-03 -4.54412177e-02  2.02679317e-02
 -1.06286667e-01 -6.04729773e-03 -3.77883241e-02  7.25096930e-03
 -9.33941547e-03  1.14479914e-01  2.52915900e-02 -3.85851087e-03
 -1.89474057e-02 -8.02200884e-02  1.93075240e-02 -2.53426880e-02
 -3.03949248e-02 -2.40231166e-03 -2.91644838e-02 -1.16216224e-02
 -2.97224466e-02  1.35584265e-01 -3.97740081e-02 -2.05730889e-02
 -1.70158669e-02 -1.94850564e-02 -5.03653251e-02  1.19680978e-01
  4.81621176e-02  6.01778887e-02  4.24161218e-02 -3.43172513e-02
 -7.47202560e-02 -8.38742480e-02 -5.50316721e-02 -6.08042032e-02
  5.36093209e-03 -3.66366506e-02  5.60152978e-02 -6.43437356e-02
 -7.98373595e-02  1.64695233e-02  5.97731769e-02 -5.03751896e-02
  2.32340768e-02 -1.01798587e-01 -1.17388584e-01  1.34150507e-02
  9.86593962e-02  1.89721435e-02 -6.44334033e-02  8.44078697e-03
  3.24411876e-02 -1.26956208e-02 -6.34214329e-03  4.73909751e-02
  1.91862416e-02  4.35386552e-03  8.60578567e-03 -5.05529419e-02
 -5.42494096e-02 -6.18423102e-03 -1.09392116e-02 -7.19215572e-02
 -8.30631480e-02 -5.29923774e-02 -2.67145522e-02 -3.31658311e-02
 -7.87799954e-02 -9.73622277e-02  2.28668433e-02 -4.09666374e-02
 -5.46216592e-02  2.88961530e-02 -4.50794250e-02  2.03262120e-02
  2.42964849e-02  3.15838493e-02 -3.60839404e-02  1.43736508e-02
 -1.19715332e-04 -2.07895115e-02 -2.58694310e-02 -6.84964476e-08
  1.44059910e-02  2.83305235e-02  8.23112801e-02 -2.70434897e-02
  1.33371260e-03 -1.08441763e-01 -1.83086302e-02 -2.65349876e-02
  1.03717428e-02  2.54443213e-02  1.56583730e-02 -2.78701005e-03
 -2.55067032e-02 -4.19935137e-02  1.01954125e-01 -5.79295494e-02
  3.15170586e-02  9.99707803e-02 -2.33214498e-02 -5.88788576e-02
  6.55400679e-02 -4.56393585e-02 -6.44973591e-02 -1.17412116e-02
 -8.54598358e-03  1.55334519e-02 -4.12263907e-02  1.56070637e-02
 -1.00285392e-02  1.52760744e-02  2.42198166e-02 -9.98040847e-03
  2.80688945e-02 -9.90608260e-02 -3.75539698e-02 -7.52844475e-03
 -1.72406100e-02 -4.84594293e-02 -2.52741333e-02  1.09915454e-02
  1.18478991e-01 -2.82313265e-02 -3.11990362e-02  2.31919512e-02
  1.93532277e-02  1.10026272e-02  1.68454386e-02  3.76767777e-02
  3.06341262e-03 -2.13940069e-02 -9.71022472e-02  3.54148075e-03
  1.93093084e-02 -1.55386911e-03  9.11305752e-03  3.41006629e-02
  8.68085101e-02  9.58368555e-03 -6.28802255e-02  5.58765559e-03
  8.65778700e-02  5.37155345e-02 -9.22474917e-03 -5.64138219e-02]