[-3.69883738e-02  5.91815300e-02 -2.43671350e-02  8.18005577e-03
 -9.36049446e-02  3.04058287e-02  2.71367505e-02  3.73548344e-02
  2.91374438e-02  4.13027667e-02  7.69407600e-02 -6.21378561e-03
 -6.12279912e-03  2.13481709e-02  8.83541480e-02 -6.90277070e-02
  6.57358840e-02  2.08082031e-02  3.00720967e-02  1.53567968e-02
  1.18578412e-01 -4.41277400e-02 -5.06917462e-02  1.33111272e-02
 -9.55125019e-02 -3.94370779e-02 -7.78322816e-02  2.84021925e-02
 -2.34421063e-02 -1.43293664e-03 -6.85591325e-02  7.02123865e-02
  3.56036909e-02 -1.05808703e-02 -3.19716297e-02  1.52409067e-02
 -2.23829392e-02 -3.06682680e-02 -3.47118713e-02  5.70817553e-02
 -9.92244706e-02 -1.62519068e-02 -8.90268981e-02 -9.03604701e-02
 -7.74395140e-03  5.60058374e-03  6.90576360e-02  3.51331532e-02
 -4.00315896e-02 -7.59068280e-02 -5.91802448e-02 -1.18946023e-02
 -1.43269133e-02  3.29723321e-02 -9.26348008e-03 -7.40199313e-02
 -5.05348761e-03 -3.40479501e-02 -6.73333835e-03 -4.75774966e-02
 -3.30361128e-02  3.23613398e-02 -6.11036532e-02  7.59272277e-03
  2.05788687e-02  3.71829644e-02 -6.90191090e-02  3.60457636e-02
 -1.29621392e-02  3.67601030e-02  3.83509547e-02 -7.40867779e-02
  2.67099924e-02  2.11925656e-02 -1.64190792e-02  6.31212741e-02
  6.24762326e-02  6.50186092e-02  5.27493916e-02 -1.74256533e-01
  4.03048694e-02  7.90244862e-02  1.43864687e-04 -3.46731581e-02
 -1.67947505e-02 -6.55478686e-02  2.84237582e-02  1.04374634e-02
  7.78326690e-02  2.43507922e-02 -1.07374797e-02  2.43486254e-03
 -8.54302570e-02 -7.07478076e-02  8.62279255e-03 -2.15684734e-02
 -7.03984573e-02 -3.92473601e-02  4.04507592e-02 -3.53485234e-02
  7.59003609e-02  3.63482945e-02 -1.28065161e-02  1.38238715e-02
 -6.56775311e-02 -9.97467712e-03 -3.91328475e-04 -7.72781149e-02
  4.89340387e-02  1.32777005e-01 -8.13810676e-02 -1.03372801e-02
 -6.70614913e-02 -1.05510727e-01 -3.94716933e-02 -4.00357954e-02
 -4.41009551e-02 -3.22595537e-02  9.86472368e-02 -7.89476261e-02
  1.37032392e-02 -2.80416384e-02  1.01654582e-01 -3.50654460e-02
  4.81429510e-02 -9.28379968e-02  4.87471260e-02  1.19849084e-32
 -3.60305130e-04 -6.28006756e-02 -2.79945284e-02  6.18450679e-02
  4.72950488e-02  9.56677496e-02  5.70618920e-03  9.54587886e-05
  1.07348049e-02  7.56032690e-02 -4.19629440e-02  5.39228097e-02
 -3.29218656e-02  9.76288691e-03  8.67785886e-02 -2.14162022e-02
  1.81531683e-02 -3.02172061e-02  9.06952750e-03  2.37890277e-02
 -3.07847597e-02  5.40411025e-02  4.49203327e-02  3.65331843e-02
  1.51977846e-02  2.92955781e-03 -3.94696482e-02 -4.40896004e-02
 -5.85123524e-02  3.49420086e-02  7.89210647e-02 -4.14919667e-02
  4.84745651e-02 -3.79483961e-02 -3.09421290e-02  2.64705392e-03
 -5.21328673e-02 -4.20425795e-02  1.85699221e-02  1.25787416e-02
 -6.89081550e-02 -4.21035215e-02  5.25631309e-02  1.24712028e-02
 -1.44827729e-02 -2.95231473e-02  7.32840896e-02 -2.50684712e-02
  6.43642396e-02  4.70887907e-02 -4.10878956e-02 -1.67223625e-02
 -6.18318394e-02 -1.17783859e-01 -1.80233568e-02  3.55277956e-02
 -7.81854764e-02  4.72198129e-02 -2.93693617e-02 -6.80122226e-02
 -1.41454833e-02 -4.24052849e-02  8.55777785e-03 -6.59901276e-02
 -6.45889863e-02 -2.78137233e-02 -2.37582773e-02 -8.52381811e-03
  1.27286598e-01  2.32863780e-02 -7.03684688e-02 -6.21916633e-03
  1.52358403e-02  3.26639116e-02  6.06287345e-02  2.56237760e-02
  4.13877703e-02  3.07750963e-02  1.64763220e-02 -2.94021964e-02
 -5.37066273e-02 -2.73006354e-02  6.23888522e-02  6.56381482e-04
  2.02247780e-02  3.54933627e-02  7.11303279e-02  5.67986593e-02
  1.67527273e-02  1.22183643e-01 -6.26727799e-03  7.18993694e-02
  1.95365418e-02  5.02534807e-02  4.65107039e-02 -1.46828119e-32
  1.33423964e-02 -5.93708502e-03 -6.03323802e-02 -8.60818550e-02
 -3.25328596e-02 -1.17868707e-02 -9.13520227e-04 -7.08485991e-02
 -7.28024468e-02 -1.09035723e-01 -3.29670869e-02 -8.45592469e-02
  1.30525306e-01  8.81809555e-03 -1.24503508e-01  3.61906849e-02
 -3.38585488e-02 -3.62600386e-02 -1.84740592e-02  7.54697621e-03
 -3.31983343e-02  8.60280246e-02  1.51605876e-02  1.82318669e-02
  2.40572058e-02 -4.36560810e-02 -1.56604219e-02  4.04194258e-02
 -4.96220849e-02 -2.39194278e-02  5.50533645e-02  2.63369158e-02
 -1.08043035e-03  7.53879175e-02  1.56056378e-02  1.47414524e-02
  7.65085146e-02 -3.26682366e-02 -3.28551903e-02  6.97810501e-02
  8.03415403e-02  5.88233098e-02 -3.03883385e-02 -3.20941396e-02
 -5.41020781e-02 -2.78863460e-02 -2.75929049e-02 -1.19829021e-01
  4.67459150e-02  6.41350262e-03  9.36306193e-02 -4.49543148e-02
 -3.62927327e-03 -3.69111933e-02 -2.71455776e-02 -2.17454825e-02
 -4.01365124e-02 -6.78160563e-02 -6.85158744e-02  4.77749556e-02
  7.13075772e-02  3.27239446e-02  9.94659960e-03 -4.58442010e-02
  7.00304657e-02  1.92669630e-02  1.36323292e-02  1.88752264e-02
  5.31495549e-02 -6.77632540e-03  7.28560910e-02 -6.13637753e-02
 -8.89438912e-02 -9.34952050e-02  2.49307435e-02  1.33772474e-02
  9.82445292e-03 -3.24485712e-02 -6.14506081e-02  2.39025913e-02
 -5.57094291e-02 -5.21464227e-03  8.40568636e-03 -2.75033452e-02
 -6.07433431e-02  5.57296053e-02 -3.02018095e-02  6.99994043e-02
 -3.74478400e-02  1.65793356e-02 -6.14657663e-02 -1.95029862e-02
 -2.47911830e-03  8.89224932e-03  6.80099241e-04 -6.11920399e-08
  4.14712206e-02 -5.76282069e-02  5.57745919e-02 -3.03703900e-02
  4.82168794e-02 -8.68735909e-02  2.08308548e-02 -7.69072324e-02
 -3.43558341e-02  1.08953314e-02  5.25935832e-03 -2.58122850e-02
 -5.65601774e-02 -1.96334952e-03  5.65116107e-02 -3.11849136e-02
  4.45983037e-02  4.58539501e-02 -6.26741424e-02 -7.39762411e-02
  7.81996027e-02 -1.05814664e-02 -1.44773602e-01  9.27330088e-03
  7.74134770e-02  4.64229770e-02 -2.87966076e-02 -5.83270565e-02
  2.39497963e-02  3.85258868e-02  2.73517165e-02 -3.67325731e-02
 -1.45695470e-02 -2.28393655e-02 -7.43955374e-02 -2.16929941e-03
  5.29322587e-02 -4.98686219e-03 -1.95210241e-02 -1.86859947e-02
  1.00689389e-01 -2.29328964e-02  1.80357993e-02  4.99606691e-02
 -1.18604943e-03 -4.16195951e-03 -7.57226720e-02  4.94705327e-02
 -5.04011661e-02 -2.00664951e-03 -5.52846827e-02  6.85767308e-02
  8.95038024e-02  5.80142438e-02 -3.61139476e-02 -4.48750779e-02
  4.77939323e-02  4.29354869e-02 -3.43113020e-02 -1.81531496e-02
  4.01675627e-02  3.35640903e-03  4.67750756e-03 -3.45223732e-02]