[-6.89438963e-03  8.78367424e-02 -1.07070029e-01 -4.26363833e-02
 -9.19176564e-02  4.29803645e-03 -5.51460981e-02  1.21583655e-01
 -1.20656211e-02  4.60353866e-02  3.15590017e-02 -4.42257188e-02
  9.97053925e-03  1.90385170e-02 -4.97118421e-02 -2.60472372e-02
 -2.56116246e-03 -2.89484183e-03 -2.61266809e-02  8.77745822e-02
  5.80546595e-02 -7.52460882e-02 -4.35590446e-02  2.79144365e-02
 -8.75160396e-02  6.60604164e-02 -2.04376113e-02 -5.89313870e-03
 -1.06587537e-01 -1.67759566e-03 -2.85066385e-02  1.02369241e-01
  8.61507952e-02 -6.66768029e-02  1.14793748e-01  1.01808868e-02
  8.37171357e-03  1.08450577e-02 -5.34620956e-02  5.73120974e-02
 -4.64659631e-02 -9.70600825e-03 -1.10283375e-01  7.52070500e-03
 -2.88948715e-02 -3.07100900e-02  4.56339195e-02  5.21443821e-02
  3.03406809e-02 -1.13836834e-02 -6.38144314e-02  5.80366179e-02
 -6.75486913e-03 -7.92990476e-02 -4.39882502e-02 -9.35411677e-02
 -3.23237665e-02 -3.30005400e-02  8.48996639e-02  3.92197035e-02
 -5.70590310e-02  4.76851501e-03 -3.06355003e-02  4.14840728e-02
  3.87559608e-02 -7.45339245e-02  8.82344786e-03 -7.83640891e-02
 -9.52526107e-02  4.64143641e-02  6.73124939e-02 -1.20803732e-02
  6.21434022e-03  2.11336408e-02 -5.40539026e-02  7.83956647e-02
  6.43253848e-02  3.31834592e-02 -5.57178445e-02 -1.36855781e-01
  3.90990227e-02 -7.57506937e-02  7.20825139e-03 -6.82351813e-02
  2.04726495e-02 -4.27953573e-03  4.65278067e-02  9.13372729e-04
  1.02117673e-01  3.61891389e-02  7.20762759e-02  6.99972436e-02
 -7.76226819e-02 -2.57971324e-02  2.50874721e-02  4.33913153e-03
 -3.25516798e-02 -2.20827386e-02  5.46979383e-02 -2.32603978e-02
  6.87237158e-02 -4.28572185e-02  1.88514069e-02 -4.54662321e-03
 -4.85375933e-02  1.08890794e-02  4.59303223e-02  2.49944050e-02
  1.68109331e-02  7.89368972e-02 -7.98434019e-02 -5.90911247e-02
  5.22913877e-03 -4.69913855e-02 -2.11088099e-02 -3.52047756e-02
  9.49908514e-03 -2.46868916e-02  9.95798875e-03  2.46627685e-02
  7.63787702e-03 -3.32996845e-02 -9.57216951e-04  6.72538241e-04
  3.33358208e-03 -2.60312241e-02  4.76382077e-02  1.69547486e-32
 -1.82986390e-02 -5.10670319e-02 -1.36213005e-02 -4.15030010e-02
  1.81443505e-02 -5.91272004e-02 -3.73287946e-02  7.82964192e-03
  1.28823668e-02 -2.33350787e-02 -8.37996751e-02 -1.88558809e-02
 -4.13036346e-02 -3.19539057e-03  6.04527630e-02  7.27806240e-02
  8.43325853e-02 -7.18874112e-02 -1.86200216e-02 -5.41829355e-02
 -2.93992460e-02 -3.25029418e-02  8.33482742e-02  8.81419051e-03
 -6.90728053e-03  8.62379000e-02  2.98180711e-02 -6.68264031e-02
 -5.99469654e-02  2.34671831e-02 -1.34061854e-02 -5.65293022e-02
 -2.05476787e-02 -2.50408389e-02 -3.99824195e-02  4.56557572e-02
  1.60752498e-02 -1.87090761e-03 -9.26516205e-02  3.81889790e-02
 -2.46483684e-02  2.70978101e-02  4.34149615e-02  1.82324219e-02
  6.06069975e-02 -4.12583649e-02  1.02294143e-02  5.64283468e-02
  7.64671341e-02  3.00218463e-02 -9.46787465e-03 -2.68139951e-02
 -9.37344804e-02 -6.19416013e-02 -6.23647124e-03  4.02624607e-02
 -9.44534466e-02 -1.50011722e-02 -2.53251810e-02 -2.30500028e-02
  2.69075651e-02  2.53823381e-02 -3.86446975e-02 -5.84600260e-03
 -5.98541833e-02  4.91365232e-02  1.48045328e-02  8.35091621e-02
  6.25481680e-02  1.01403510e-02 -5.96235357e-02 -5.82042746e-02
  4.58163954e-02  7.42885051e-04  5.37776202e-02  2.02096310e-02
  4.44737040e-02 -2.59905262e-03 -8.51187780e-02  6.79960549e-02
  7.64107332e-03 -1.31684809e-03 -1.38169965e-02  5.77689782e-02
  2.04033889e-02  7.10385814e-02  7.58970231e-02  9.31832418e-02
 -1.28069092e-02  3.32903601e-02  1.11408092e-01 -7.02383462e-03
  4.34957631e-02 -6.66983202e-02  2.88292617e-02 -1.69607980e-32
  6.81845658e-03  3.12563889e-02  7.82032032e-03  2.45151464e-02
  3.22760083e-02 -5.68834953e-02 -7.40219355e-02  1.41296387e-02
 -4.02843803e-02 -1.84511647e-01 -5.37847616e-02 -1.01866886e-01
  9.17427018e-02 -3.75652686e-02 -6.29516393e-02  7.54729658e-02
 -5.96532188e-02 -3.38256322e-02 -6.10853806e-02 -5.37877083e-02
 -2.79331598e-02  4.69476506e-02  9.39070955e-02 -1.22907292e-02
 -1.25499247e-02 -2.41988711e-02  3.06078792e-02  3.94184478e-02
 -6.88138977e-02  4.31842804e-02  1.85124278e-02  1.38609568e-02
 -2.98039317e-02  1.33582130e-01 -3.38272676e-02  5.89445196e-02
  5.40366359e-02 -1.67048571e-03 -6.57629268e-03  5.86368032e-02
  2.69308290e-03  6.65967092e-02 -2.72512026e-02 -6.22578785e-02
 -4.90989313e-02 -8.62162467e-03  2.94515789e-02 -1.03772394e-01
  4.66011055e-02 -9.64321792e-02  6.56333491e-02  2.62642298e-02
 -7.07485303e-02 -3.69290300e-02  1.29519487e-02 -4.91686761e-02
  1.36588095e-02 -2.21707337e-02 -5.14603592e-02 -2.75981203e-02
  4.03272174e-02  6.09434023e-02 -1.00357933e-02  7.37400120e-03
  5.73802292e-02 -2.73203081e-03 -5.84135158e-03  3.83651443e-02
 -7.41345957e-02  2.36283131e-02  5.60400560e-02 -5.28434701e-02
 -3.78436819e-02  1.04230724e-01 -2.20821723e-02  2.42212024e-02
 -2.44579911e-02  4.67336550e-02 -4.07742560e-02  1.09635033e-01
 -6.82689026e-02  1.36963381e-02 -5.74445762e-02  8.51379707e-02
 -3.06638330e-03  3.32242437e-02 -6.10597543e-02 -8.39067772e-02
 -2.53257193e-02  3.44463401e-02  4.17345800e-02  4.41835411e-02
  9.81482193e-02  5.08290380e-02  2.66541746e-02 -7.34072643e-08
  6.15985133e-02  8.30932800e-03 -3.97769548e-02  1.69448107e-02
  4.91563566e-02 -4.27254699e-02  2.66711530e-03  2.14069220e-03
 -7.20584579e-03  2.13655569e-02  1.40045127e-02  4.04140092e-02
 -2.90958863e-02  9.62862149e-02 -8.66758749e-02 -2.12713890e-02
  4.43190075e-02  1.92061160e-02 -2.01393664e-02 -5.66577278e-02
  6.49105199e-03 -1.19969063e-02 -5.35797887e-02 -1.68383978e-02
 -5.37662208e-03 -4.39964719e-02 -5.66382147e-02 -4.77692336e-02
 -1.53379766e-02 -9.75249056e-03 -5.83274364e-02 -4.07456309e-02
  2.23122165e-02 -1.11768767e-01  1.62185654e-02 -1.85728669e-02
  9.29500815e-03  2.25341581e-02 -1.02166064e-01  1.32920472e-02
  9.47429463e-02  2.36285408e-03 -2.80626733e-02 -4.00325954e-02
  7.55471587e-02 -2.80840434e-02 -4.46838252e-02  1.87267363e-02
 -1.03045944e-02 -1.01912264e-02  3.63890231e-02  5.81596121e-02
  5.40704280e-02  2.19707079e-02  3.78697086e-03 -5.83541952e-02
 -5.68897277e-02 -4.33174940e-03 -1.43902143e-02  2.98596197e-03
  4.17503640e-02 -3.43682826e-04 -4.39813398e-02 -8.23294222e-02]