[-4.89376448e-02 -3.65021871e-03 -5.34501709e-02 -3.37570012e-02
 -2.97843162e-02 -3.20680141e-02 -2.49640942e-02  1.23649985e-02
 -1.47154341e-02  1.81057975e-02  1.67693347e-01 -1.29301865e-02
 -2.95746420e-02 -6.63249707e-03  2.54664425e-04 -3.02938186e-03
 -6.29303046e-03 -5.66422418e-02  3.18936296e-02  4.75496799e-02
  5.93720041e-02 -3.21897678e-02 -4.93832342e-02  4.66502681e-02
 -1.21555343e-01 -2.13349815e-02 -2.66195051e-02  3.33839431e-02
 -6.78947940e-02 -9.07835439e-02 -1.12043671e-01  9.38574746e-02
 -2.45363805e-02 -8.61772522e-03  6.48674890e-02 -2.46589072e-02
 -6.15534037e-02 -6.77654371e-02  2.40882505e-02 -9.19094775e-03
  1.95367839e-02 -7.96419010e-02 -1.05232848e-02 -5.41946338e-03
  1.23875318e-04 -3.30223627e-02  3.51697952e-02  3.66593301e-02
  2.34276578e-02 -1.38856843e-02 -5.55123761e-02  2.51980945e-02
 -3.97471674e-02 -4.90690507e-02 -4.11549732e-02 -2.36051958e-02
 -1.76216718e-02  5.44222072e-02  8.62301812e-02  5.63707836e-02
  3.20319235e-02  6.20420016e-02 -1.32482305e-01  3.07082348e-02
  3.90150249e-02 -5.14005236e-02  2.38909647e-02 -1.53401364e-02
 -8.96168649e-02  8.77525657e-03  1.20701967e-02 -6.03054613e-02
 -6.98765600e-03  6.23124540e-02 -6.06913902e-02  6.38966784e-02
  9.29767557e-04 -2.24290546e-02 -2.36819368e-02 -6.14580773e-02
 -2.45900992e-02 -1.60427112e-02 -5.74504491e-03 -2.37784274e-02
  5.85202836e-02  7.29805976e-03  4.89212456e-04 -1.11000240e-02
  6.49724826e-02  6.06690859e-03  2.37137936e-02  8.13215077e-02
 -8.49954709e-02  4.77455445e-02 -1.74538810e-02  5.13325706e-02
  3.24490778e-02 -2.88812048e-03  1.71571169e-02  2.95633543e-02
  8.41766596e-02  8.14180300e-02 -6.40201122e-02  1.53172150e-04
 -8.88252109e-02  4.60492931e-02  2.43918095e-02  3.42015293e-03
  5.99610768e-02  7.02901781e-02 -1.17771871e-01  3.52143459e-02
 -4.99928258e-02 -1.15278721e-01 -1.44399226e-01  2.33096872e-02
 -4.41160686e-02  1.21345054e-02  3.98012623e-02 -2.66386252e-02
  8.84396839e-04 -9.13729742e-02 -4.05270932e-03 -4.30243760e-02
  9.78430212e-02 -3.20218764e-02  8.73988345e-02  7.65213762e-33
  1.54130431e-02 -1.79641750e-02  7.46292574e-03  6.94401339e-02
  8.93978029e-02  2.76003107e-02 -5.64726219e-02 -5.05117513e-02
 -3.35268378e-02  5.96936326e-03 -6.96019009e-02 -3.82187776e-02
 -1.24716818e-01 -6.10677451e-02  5.44405766e-02 -1.27400979e-02
  1.93347484e-02 -8.92795846e-02  1.31201642e-02 -1.03115188e-02
  2.61667892e-02  3.67759466e-02  2.02708468e-02  1.56292599e-02
 -9.69311409e-03  7.15398416e-02  2.48935688e-02 -2.51232442e-02
 -3.22813168e-02  8.07082951e-02  9.55966674e-03 -2.01723725e-02
 -7.10608140e-02 -5.96109567e-05  4.45563458e-02 -4.43297289e-02
  1.12391375e-02 -8.25798884e-03 -1.06019378e-01  2.14258283e-02
  2.50177588e-02 -2.61300174e-03  3.37580708e-03 -5.50291222e-03
 -3.02129854e-02 -1.16882041e-01  8.80252793e-02  3.82794328e-02
  8.61326009e-02  7.15449154e-02 -6.83116391e-02 -7.99082145e-02
 -4.54444550e-02 -7.20518827e-02  8.46435968e-03 -1.39806475e-02
 -7.34342486e-02  1.06234860e-03 -3.01811490e-02 -4.00352664e-02
  4.10033688e-02 -6.58001751e-02  1.60779257e-03 -4.95119728e-02
  2.70135868e-02  7.13320598e-02 -5.72687611e-02  8.18189874e-04
  1.73771665e-01  4.53684572e-03 -6.09425269e-03 -5.65464534e-02
  3.98816615e-02  2.97162738e-02  6.54607490e-02  6.14973381e-02
  2.63762884e-02 -3.30619328e-02  2.38140021e-02  1.15290890e-02
 -6.35135770e-02  4.62597273e-02  3.92136425e-02  6.96978346e-02
  3.90402973e-02  3.87688652e-02  5.23692966e-02  4.26424816e-02
  5.12964241e-02 -3.93099943e-03  4.00397144e-02  9.53331292e-02
 -1.24340532e-02 -3.06905713e-02  4.12184559e-02 -7.95971820e-33
  4.69179973e-02  2.00934447e-02  7.45057315e-03  2.96128280e-02
  3.08319200e-02 -7.75088891e-02  2.12593377e-02  4.97275889e-02
  4.36944515e-02 -8.18062425e-02 -6.11429997e-02 -5.49503118e-02
  3.65271792e-02 -5.64554520e-02 -2.30685975e-02  7.45402053e-02
 -3.52692194e-02  4.90147271e-04 -6.39658868e-02  3.38193290e-02
 -7.73353726e-02  1.98390260e-02  4.79770787e-02  1.73165519e-02
  4.04122137e-02 -1.03784036e-02  7.83166476e-03  3.44358683e-02
 -1.89570412e-02 -2.44885846e-03  1.51158059e-02 -2.24564485e-02
 -1.21440450e-02  9.92846116e-02 -1.10438541e-01  4.68800627e-02
  7.76642859e-02  1.13713950e-01 -2.54109483e-02  9.47512686e-02
  3.11855003e-02  1.09707741e-02 -3.62024573e-03 -6.10185675e-02
 -3.01535092e-02 -3.68165709e-02  3.13951746e-02 -5.23566045e-02
  3.03702289e-03 -1.24523537e-02  1.34886205e-01 -6.34014653e-03
  2.18906496e-02 -7.26351980e-03  8.86105150e-02 -4.83455583e-02
  3.58360372e-02 -3.54880244e-02 -5.03789596e-02  2.23841444e-02
  8.02472383e-02  6.34540170e-02 -9.96126384e-02  1.27783734e-02
  8.31034258e-02  3.62751931e-02 -4.84078191e-02  1.93907339e-02
  2.39998139e-02  4.61460017e-02  4.69001383e-03  5.08687459e-03
 -8.18307102e-02 -8.24283157e-03 -2.60147713e-02 -6.06351681e-02
 -3.51267345e-02  5.70006631e-02  3.87472324e-02  1.72959249e-02
 -3.98739576e-02 -2.61749681e-02 -5.19083627e-02 -6.18141005e-03
 -3.95283327e-02  3.20365503e-02 -4.24396470e-02 -1.35374526e-02
  5.79187879e-03  5.11274152e-02 -2.42076721e-03  3.60928103e-02
  3.68140358e-03  6.71779662e-02 -1.49808694e-02 -5.96295635e-08
  4.66614142e-02  1.45448232e-03 -2.86222994e-02  1.30623532e-02
  6.32753298e-02  1.54901331e-03  1.80552956e-02 -1.94646847e-02
  7.80074149e-02  2.46509500e-02  5.36880568e-02 -1.87273435e-02
  4.11564671e-02  2.82211490e-02 -2.74084080e-02  4.57806885e-02
  2.74132770e-02  1.07130811e-01 -7.94108659e-02 -4.17163298e-02
  3.26884016e-02 -2.60828044e-02 -9.67088267e-02 -5.67203723e-02
 -1.36347301e-02 -3.56076024e-02 -9.30763409e-02  2.55814828e-02
 -3.44537944e-02 -7.34288059e-03 -7.02933595e-02 -4.05036211e-02
  1.80272330e-02 -1.53757036e-01 -4.78676222e-02  5.17913774e-02
 -4.31311689e-02 -3.60978767e-02 -5.98015189e-02 -1.77159701e-02
  6.94395080e-02  4.50660624e-02 -5.54830916e-02  1.38832182e-02
  7.58732781e-02 -5.43442965e-02 -1.28677236e-02 -8.24618526e-03
 -4.39307652e-02  3.63206044e-02 -1.02571072e-02  2.73120916e-03
  4.34566699e-02 -2.27250741e-03  2.36251820e-02  3.36075313e-02
  4.95733768e-02  2.41290946e-02 -2.70513054e-02 -1.54739319e-04
  3.97544317e-02  3.05346996e-02 -2.71341018e-02 -3.73163112e-02]