[-1.10805100e-02  7.55433664e-02 -6.80989027e-02 -1.34793237e-01
 -9.84812081e-02  7.50182057e-03  3.76035529e-03  5.16138077e-02
  6.10041758e-03  8.18221122e-02  1.35875661e-02 -3.04438616e-03
 -2.16686036e-02 -1.54346395e-02 -6.33565127e-04 -7.76347220e-02
  5.20665683e-02 -1.65323168e-03  3.25695649e-02  6.29058108e-02
  1.19278431e-01 -1.71788987e-02 -6.21675290e-02 -1.65134463e-02
 -1.09152988e-01 -3.38440165e-02 -9.26012471e-02  1.62619203e-02
 -4.37650606e-02 -1.19762653e-02 -1.23765878e-02  6.18045107e-02
 -1.78652294e-02 -1.73993297e-02  8.87539238e-03  9.90264770e-03
  7.61692077e-02 -5.29510416e-02 -5.95667101e-02  9.54727083e-02
 -5.96243702e-02 -2.31349804e-02 -5.92672937e-02 -5.19408546e-02
  2.08053477e-02 -8.92439857e-03 -3.88385206e-02  2.78612413e-03
 -2.53103524e-02 -9.85050458e-04 -1.18137009e-01 -3.76828797e-02
  2.41305716e-02  4.22043093e-02 -3.19457166e-02 -5.90277389e-02
  4.37508430e-03  2.41776332e-02 -9.19761020e-04 -5.97162843e-02
 -2.67270524e-02  4.19515409e-02 -6.78978190e-02  3.59063074e-02
  2.82208063e-02 -3.30131464e-02  8.02410673e-03 -3.26717906e-02
 -2.15287898e-02  9.92378686e-03 -3.31484899e-02 -5.42814359e-02
  8.97792820e-03 -5.12317233e-02 -5.84272817e-02  9.62366015e-02
 -4.90941182e-02  6.53150380e-02  8.00018013e-02 -1.96803391e-01
  6.43887296e-02  4.42839041e-02 -3.97522468e-03  1.71247795e-02
 -6.43593865e-03 -4.53249924e-02  4.14346205e-03 -5.60592860e-03
  9.83780473e-02  1.53088216e-02  8.93600434e-02  8.20002519e-03
  2.91360747e-02  1.28845102e-03 -6.22844696e-03 -1.44011667e-02
 -1.52761191e-02  2.72365808e-02  4.99486886e-02  5.15490919e-02
  7.00831935e-02  1.20755741e-02 -8.70237965e-03  3.34874988e-02
 -6.27007335e-02  4.96066399e-02 -3.64317000e-02 -2.06018873e-02
 -1.26715668e-03  1.81701663e-03 -8.10805038e-02  2.92569329e-03
 -7.82893077e-02 -1.32620737e-01 -5.44784553e-02  5.96369840e-02
 -4.25087139e-02 -2.51161624e-02  2.16033254e-02 -5.38209686e-03
 -1.15572952e-03 -2.54416605e-03 -5.56375720e-02 -3.19846906e-02
  8.78897980e-02 -1.31222839e-02  4.18032780e-02  1.52265927e-32
 -4.20193672e-02 -6.98266998e-02  2.30961554e-02  5.51145943e-03
  1.28432158e-02  4.32380214e-02 -5.50502688e-02  2.86099687e-02
 -8.61910451e-03 -4.00894247e-02 -6.19264990e-02  4.16983627e-02
 -1.64539088e-02 -3.21084335e-02  4.88156304e-02 -5.31782657e-02
  1.70425326e-02  1.34545080e-02 -2.71728355e-02 -3.90132964e-02
  2.15013064e-02 -1.76404156e-02  2.14154460e-03  4.83935792e-03
  4.15789569e-03  1.09072544e-01 -2.78890841e-02 -1.37308845e-02
 -3.90260331e-02  3.99649143e-02  3.50747779e-02 -1.71966571e-02
  6.86600879e-02  3.86088677e-02 -5.92823662e-02  2.83074230e-02
 -3.67884450e-02 -3.36633772e-02 -4.62372601e-02  1.33691849e-02
 -6.96362779e-02  7.42971571e-03  8.00481513e-02  2.98374100e-03
 -1.69261210e-02 -4.10712697e-02  2.80414131e-02 -5.40720066e-04
  1.33890525e-01  1.06427267e-01 -5.16439378e-02  1.64335396e-03
 -4.06461135e-02 -1.17070219e-02  3.61719318e-02  3.10809910e-02
 -5.63443936e-02  7.70726129e-02 -1.08166980e-02 -6.32397979e-02
 -8.18666723e-03 -6.40170940e-04 -1.49617614e-02  3.85264754e-02
 -4.24458832e-02 -5.41314296e-02 -1.34401944e-06 -3.16746607e-02
  9.45797190e-02 -5.51290326e-02 -1.26351088e-01  3.89447995e-02
  6.14789352e-02  8.72221589e-02  5.31447353e-03 -9.25615709e-03
  3.90086360e-02 -2.01342627e-02 -7.85217509e-02 -5.64436102e-03
 -8.20523426e-02  4.03591618e-02 -4.86488193e-02  1.82220824e-02
  1.17872059e-02 -2.81609409e-03  6.29845858e-02  3.29133645e-02
  3.20583954e-02  4.80049253e-02 -5.24608186e-03 -1.12071158e-02
 -1.33322710e-02  6.24548346e-02  3.56393754e-02 -1.65340186e-32
 -3.35732102e-02 -4.56196666e-02 -6.85618147e-02  4.53379378e-02
  4.61102463e-02  6.54502809e-02  5.02273329e-02 -8.52402579e-03
 -4.49386872e-02 -6.91030100e-02 -1.13781150e-02 -3.30291763e-02
  7.63015449e-02  2.37211175e-02 -7.09734708e-02  4.21863645e-02
 -8.57366174e-02 -4.48548794e-02 -4.64641713e-02  3.77695076e-02
  7.72816613e-02  9.62611809e-02  3.88142727e-02  3.65120769e-02
  1.10687558e-02 -6.65066689e-02  2.94950288e-02 -4.97925654e-02
 -5.56136370e-02 -1.45455701e-02  1.64297093e-02 -4.25984785e-02
 -1.02032371e-01  1.07398659e-01  1.62013769e-02 -7.39073157e-02
  1.00089274e-01 -1.75786410e-02 -3.62306088e-02  7.88413435e-02
  7.54493997e-02  6.76791221e-02  2.24064719e-02 -1.92321930e-02
 -2.73281429e-02  3.28542106e-02 -6.02685176e-02 -7.96685368e-02
  5.99361137e-02 -7.29621276e-02  1.93566363e-02 -4.78527090e-03
 -2.46702172e-02 -3.83223817e-02  7.39461482e-02 -4.32340242e-02
 -3.58714350e-02 -8.27736408e-02 -1.13240637e-01  7.33332336e-02
  9.93234813e-02  5.47328480e-02 -6.97608888e-02 -2.10672733e-03
  1.30912378e-01  1.67443659e-02 -9.38414037e-02  7.92188495e-02
  2.11978727e-03  1.15266815e-02  1.36024021e-02 -1.04747586e-01
 -4.27862592e-02 -6.29094765e-02  5.84800132e-02 -2.74374895e-02
 -1.85640939e-02 -3.88960354e-02 -7.94167966e-02  4.01136726e-02
  2.71080784e-03 -4.18293625e-02  2.75452714e-03  1.65269934e-02
 -3.99815552e-02  4.44498323e-02 -3.49436775e-02 -1.10279778e-02
 -2.52145063e-02  5.82113490e-02 -5.57074770e-02 -1.85744073e-02
  4.74204011e-02  6.92307353e-02 -2.75420044e-02 -7.62159686e-08
  3.20682931e-03 -1.90300196e-02  1.57828555e-02  1.99054684e-02
 -1.43918861e-02 -8.34627002e-02 -5.79458475e-03 -8.92068818e-03
 -3.94340903e-02  4.23564352e-02  1.14794120e-01 -6.56646043e-02
 -4.39113192e-02 -5.36415819e-03  2.99275331e-02 -1.87838878e-02
  7.79214641e-03  5.45434915e-02 -5.29721342e-02 -7.30580986e-02
  4.68194559e-02 -3.51939127e-02 -4.77435999e-02 -5.01815081e-02
  5.16824834e-02  2.27937587e-02 -2.18894966e-02  2.69062351e-02
 -6.40836358e-03  4.39710319e-02 -2.04560664e-02  3.35221812e-02
 -1.31553346e-02 -6.51677549e-02 -8.41500461e-02  7.64869340e-03
 -8.75291750e-02  7.83976167e-02  2.29417384e-02 -3.25238681e-03
  3.51532586e-02 -6.50767144e-03 -2.49414109e-02  3.68912471e-04
  7.89697319e-02  3.74308862e-02 -1.22565450e-02  3.57053466e-02
  9.92641225e-03 -6.72092512e-02 -7.91749433e-02 -8.28149077e-03
  9.60779563e-02  4.11687568e-02  4.98959050e-02  1.28386514e-02
  8.54443535e-02  2.17212308e-02  5.97544014e-03 -3.98389176e-02
  5.49697615e-02  3.28854620e-02 -1.70084331e-02  2.82685133e-03]