[-2.55112052e-02  6.07168153e-02 -5.45505956e-02 -5.87994754e-02
 -6.13902994e-02  2.46783206e-03 -1.69932526e-02  4.76709232e-02
 -9.25672986e-03  1.07113883e-01  3.72559279e-02  2.70844251e-03
 -1.14168704e-03 -2.54031848e-02  2.33875513e-02  5.96792577e-03
  6.85702488e-02 -8.65000673e-03  5.11372201e-02  5.55002205e-02
  1.49694026e-01 -6.37246519e-02 -6.89581707e-02  7.17337728e-02
 -7.24767670e-02  2.05196626e-02 -4.65937629e-02  4.46913810e-03
 -7.89825916e-02 -1.52586130e-02 -1.06482429e-03  9.55263153e-02
  3.80359516e-02 -6.25818456e-03  2.76030749e-02  2.96718515e-02
  7.45416656e-02  2.40294784e-02  4.27460857e-02  2.66115051e-02
 -7.20843375e-02 -1.01127122e-02 -3.51369567e-02 -8.07719901e-02
 -1.97669938e-02 -1.83829274e-02  7.09931254e-02  4.38093841e-02
 -5.40603139e-02 -6.80688247e-02 -8.99720658e-03 -4.10004705e-02
 -2.37383582e-02  3.95004265e-02  1.44856507e-02 -3.92342396e-02
 -7.55799888e-03  1.63761005e-02 -3.43390070e-02 -5.91843855e-03
 -8.99185166e-02  4.33251411e-02 -4.17765640e-02  1.28141437e-02
  8.73443633e-02 -7.27901759e-04 -3.66912968e-02  2.26233266e-02
 -5.72109632e-02  4.01716866e-02  6.19688816e-02 -7.60015473e-02
  4.09460254e-02 -2.14917976e-02 -2.89266929e-02  4.95678335e-02
  1.60964653e-02  1.13998190e-01  3.31220217e-02 -1.70291111e-01
  6.04159310e-02  5.18330224e-02 -2.37776507e-02 -2.83485409e-02
  2.74239350e-02 -5.36957271e-02 -1.96508709e-02 -3.22139710e-02
  5.60044795e-02 -3.18974024e-03 -5.15033666e-04  7.23394305e-02
  4.27675759e-03 -4.57358807e-02 -5.82062043e-02 -1.42603749e-02
  1.78059861e-02 -2.46156510e-02  1.01450883e-01  1.45947561e-03
  6.07018545e-02  2.75384262e-02  1.51954964e-02 -2.02529728e-02
 -4.56753746e-02 -5.46016507e-02 -6.24649413e-03 -8.17626063e-03
  3.88061851e-02  1.13498211e-01 -3.39093544e-02 -2.25313138e-02
 -3.58628966e-02 -4.84819375e-02 -3.39246318e-02 -7.88952224e-03
 -6.52506799e-02 -3.96563597e-02  8.38791579e-02 -2.14815270e-02
  1.90633386e-02 -3.56862247e-02  3.39548066e-02  8.89495888e-04
  2.58642249e-02 -7.13364631e-02 -6.96940487e-03  9.38865795e-33
 -1.99037101e-02 -2.60112323e-02  3.32398340e-02  4.66454066e-02
 -2.15027258e-02  2.23193970e-02 -2.37716008e-02  4.56132442e-02
  8.29816237e-02  5.16459718e-02 -3.29366997e-02  1.35361655e-02
 -2.88033695e-03  8.61751437e-02  1.45730376e-01 -5.83507381e-02
 -3.54111716e-02  1.67314690e-02  2.31423392e-03  4.14037891e-03
 -3.23404819e-02 -1.49513744e-02 -4.62048687e-03 -4.55852970e-02
  6.03919476e-02  3.47765945e-02 -5.71030937e-02 -5.06727733e-02
 -8.48548114e-02  5.44596240e-02  9.80059132e-02  2.31021605e-02
  3.68334427e-02 -2.34673228e-02 -1.11838035e-01 -3.27681527e-02
 -1.43982247e-02  3.62749724e-03 -3.87320779e-02 -1.65816657e-02
 -3.35951112e-02 -2.73770206e-02  5.25829196e-02  5.57409823e-02
  3.28279287e-02 -5.68487030e-03  9.61252451e-02 -4.44478393e-02
  3.19330804e-02  5.54453023e-02  1.70338936e-02 -3.41000073e-02
  5.98061085e-03 -1.03917055e-01 -6.74824277e-03 -2.59798188e-02
 -4.03096937e-02  1.98391546e-02 -1.72242261e-02 -7.15675578e-02
 -2.85107996e-02 -5.86120896e-02 -4.76682484e-02 -1.24452438e-03
 -3.76426615e-02 -2.16348153e-02 -4.61719967e-02  3.93884704e-02
  1.51277661e-01  6.52781352e-02 -9.43187252e-02 -2.86276322e-02
 -5.94743229e-02  2.63882671e-02  2.60573626e-02  3.36337201e-02
  2.74112597e-02  1.93424318e-02 -1.07605644e-01  1.57262832e-02
 -5.97473234e-02 -5.24750166e-02 -3.54866125e-02 -3.52197438e-02
  9.38664079e-02  4.88692373e-02  1.16377890e-01  6.38361871e-02
  2.32721120e-02  3.91141139e-02  1.38717261e-03  2.84207165e-02
  1.84345234e-03  4.37813774e-02  1.04942635e-01 -1.24794095e-32
  1.68400817e-02  4.71467674e-02 -5.55598624e-02 -6.58990517e-02
  1.50902569e-02 -2.06145868e-02 -1.66376587e-02 -8.88088495e-02
 -7.13499784e-02 -8.27561840e-02 -3.09550464e-02 -9.23867822e-02
  3.03652082e-02  3.14727500e-02 -9.57106426e-02  2.75780750e-03
 -2.94290371e-02 -5.59866689e-02 -4.54403348e-02 -2.89698225e-02
  1.24580692e-02  5.56442998e-02  6.37341738e-02 -3.08706369e-02
 -3.34693566e-02 -5.67809865e-02 -7.51643926e-02 -7.10004382e-03
  2.11929101e-02  3.11892964e-02  2.18257513e-02  3.49418633e-02
  1.56068625e-02  9.10841301e-02 -2.68696435e-02  1.37923826e-02
 -2.65058428e-02 -5.23996092e-02 -1.86897023e-03  8.50096866e-02
  2.37644203e-02  4.58135642e-02 -9.11318511e-03 -1.65374372e-02
 -4.68536131e-02 -5.74968196e-02 -6.61030561e-02 -1.28979668e-01
  2.80218329e-02 -6.42787814e-02  9.97991711e-02 -5.66379074e-03
 -8.26259051e-03 -5.16886562e-02  4.26994171e-03 -6.25274256e-02
  1.77594107e-02 -7.23059773e-02 -4.02899608e-02  8.85445625e-03
  2.69075632e-02  1.84742361e-02 -2.33525075e-02 -5.99957556e-02
  6.84081465e-02 -5.76705672e-02  3.33717354e-02 -5.11058932e-03
  5.67040890e-02  5.37584827e-04  1.42116239e-02 -3.89219001e-02
 -1.14451230e-01  5.89908427e-03  1.29616831e-03 -2.49442738e-02
  2.03223433e-03  3.16189826e-02 -3.44417021e-02  4.23703082e-02
 -9.07882079e-02 -3.82876694e-02  2.59830896e-02 -6.13190196e-02
 -6.11013211e-02  3.48160863e-02 -5.08367233e-02 -1.73901003e-02
 -1.18484683e-02  5.07488959e-02 -4.40365076e-02  1.66414282e-03
  3.67547721e-02 -1.56904962e-02 -2.89793424e-02 -5.81848703e-08
  1.49103962e-02 -2.51203682e-02  8.44854936e-02  3.98745984e-02
 -1.38332313e-02 -6.14885613e-02 -1.17158657e-02 -5.53523190e-02
 -5.08053973e-03 -2.46964507e-02  3.30562219e-02  4.69820015e-03
 -3.12604643e-02  3.73057611e-02  3.69235612e-02 -6.94688484e-02
 -5.64747350e-03  2.41087694e-02 -8.04009363e-02 -6.34524375e-02
  3.34799103e-02 -3.25018838e-02 -1.65820852e-01 -2.52511911e-02
  7.27477074e-02 -1.55254698e-03 -2.24432461e-02 -2.44249720e-02
  5.28351180e-02  4.78427112e-02  6.76002353e-03  4.41832803e-02
  2.86151953e-02 -5.05605042e-02 -7.91072175e-02 -3.55177820e-02
  6.19950108e-02 -1.08619267e-02 -6.37925118e-02  8.46573617e-03
  1.27347365e-01 -3.29198129e-02 -5.30060902e-02 -2.49625444e-02
  1.84837561e-02 -2.07182467e-02  5.06233424e-03  4.39283065e-02
 -3.65298204e-02 -4.48847264e-02 -3.11524756e-02  1.65796336e-02
  7.74396360e-02  3.17393132e-02 -1.95044558e-02 -6.66055605e-02
  1.68753155e-02  2.96656508e-02 -8.01548734e-02 -5.38894311e-02
  1.30389944e-01  8.47088993e-02  5.68006150e-02 -4.65512127e-02]