[-9.56864003e-03  3.59882750e-02 -4.20956425e-02 -8.85645102e-04
 -5.73123731e-02  2.46677976e-02  1.97218556e-04  1.12740017e-01
 -7.43047446e-02  7.73609579e-02  6.17017448e-02 -6.31689504e-02
  7.45403115e-03  5.77661283e-02 -4.90974262e-02 -2.43529771e-02
  3.17424126e-02  2.16147862e-02 -1.12025337e-02 -2.08367240e-02
  5.59543483e-02 -4.31216918e-02 -3.26069333e-02 -2.29667928e-02
  3.05735637e-02 -3.25470604e-03 -7.43734315e-02  6.66963235e-02
 -4.29748408e-02 -8.92685875e-02 -6.30369708e-02  6.66849464e-02
 -1.55655285e-02 -2.47156918e-02  1.15703028e-02  5.21661341e-02
 -6.79745376e-02 -3.88106070e-02 -3.91573980e-02  3.18183862e-02
 -4.09501977e-02  6.78394514e-04 -8.34580103e-04 -6.95941299e-02
 -4.57017198e-02 -5.82808666e-02 -6.01533502e-02  5.42059802e-02
  2.67250724e-02  5.13864355e-03 -7.65287429e-02 -5.92868589e-03
 -9.25675500e-03 -7.72215484e-04 -2.41051111e-02 -9.92465997e-04
  1.13100084e-02 -6.19737804e-02  2.71002930e-02 -2.59071756e-02
  4.91179749e-02  4.94089210e-03 -6.76229298e-02  3.67467734e-03
  1.41318319e-02 -6.73384443e-02 -5.88034801e-02 -3.50413076e-03
 -5.56385629e-02  2.94540804e-02  3.49335000e-02 -7.16928989e-02
 -3.01080905e-02 -8.78056046e-03 -8.20391160e-03  2.39845663e-02
  5.35826199e-02  3.66842747e-02 -1.07864756e-02 -7.63864219e-02
  1.82750635e-02 -2.66475845e-02 -4.15934026e-02 -5.20529822e-02
  1.19286939e-03  1.67997256e-02  5.73319271e-02  1.33496858e-02
  1.38204232e-01  5.73520992e-05  7.08263293e-02  7.37671033e-02
 -1.04481407e-01 -3.38579342e-02 -6.95388243e-02  2.18648463e-02
 -2.37136390e-02  5.95651604e-02  1.49494838e-02  1.54877277e-02
  5.81255779e-02 -5.68199754e-02  3.86950327e-03  2.71827187e-02
 -1.07036851e-01  2.86213607e-02  4.58180606e-02  9.33207944e-03
 -5.76305296e-03  2.22012792e-02 -9.13243592e-02 -5.38761774e-03
 -2.85721198e-02 -4.81073260e-02 -5.46536185e-02  8.39233175e-02
 -8.96650255e-02 -1.78197697e-02  2.50425749e-02  6.80138394e-02
  9.14470926e-02  3.11857276e-02  5.33138663e-02  3.28296758e-02
 -6.33549131e-03 -5.77664375e-02 -3.19793914e-03  9.09582394e-33
 -1.16525153e-02 -6.46934751e-03 -1.23936636e-02 -3.78427356e-02
  2.75494941e-02  4.92714951e-03 -3.04585192e-02  9.50968340e-02
 -2.23021489e-03  2.58362107e-02 -8.41956139e-02  5.39597869e-02
  1.88636407e-02 -2.39434969e-02  1.13943387e-02 -1.00036524e-01
  5.00806384e-02  2.40367539e-02 -6.60326555e-02 -1.13325100e-02
 -7.28924805e-03  1.44844288e-02  1.93374436e-02 -3.41652869e-03
  4.27173860e-02  2.25778893e-02 -2.59902813e-02 -2.48086061e-02
 -1.11068413e-02  5.09296209e-02  5.71293337e-03  3.44585963e-02
 -2.18309201e-02 -1.94503348e-02 -5.26614934e-02 -1.60214829e-03
 -1.28724724e-02 -3.55260484e-02 -5.33374101e-02 -1.37206474e-02
 -4.02237624e-02  2.44836938e-02  4.67025824e-02  4.84571652e-03
  2.21111774e-02 -5.05474359e-02  1.24787822e-01  2.12601479e-02
  8.65354016e-02  6.44680336e-02 -1.02775380e-01 -3.17841396e-02
 -3.02507021e-02 -4.28945571e-02  8.58200900e-03  4.26905304e-02
 -2.15604641e-02  6.78826049e-02 -3.52858938e-03 -1.20519903e-02
 -6.74650148e-02  3.46114598e-02 -2.71616541e-02 -3.17082666e-02
  5.65874018e-02  2.62858719e-02 -1.58145521e-02 -1.76709685e-02
  1.32301062e-01  1.68538541e-02 -8.82598236e-02 -4.51730676e-02
  1.34370372e-01  4.95741181e-02  6.54983819e-02  4.00768146e-02
  5.14845289e-02  2.35353757e-04 -1.95973851e-02 -2.89178062e-02
 -1.54422566e-01  4.43027504e-02 -7.72839114e-02 -3.38109620e-02
  1.04214840e-01  2.71652592e-03  4.61290292e-02  1.80331748e-02
  4.41154689e-02  6.99286237e-02 -3.57254967e-02 -2.09325505e-03
 -1.22050075e-02 -2.85835713e-02  3.25130811e-03 -9.82792476e-33
  3.18700001e-02  5.54165915e-02  1.83765143e-02  3.72460037e-02
  4.92669083e-02  4.37240675e-02  6.30186731e-03 -7.48745026e-03
 -5.83597878e-03 -6.02970691e-03 -2.20338982e-02 -3.73510309e-02
  9.76759866e-02 -9.91489738e-03 -1.74207557e-02 -1.60199609e-02
 -2.15462726e-02 -3.25621888e-02 -7.02145696e-03 -4.99437526e-02
 -4.59649600e-03  1.66704237e-01  5.74361943e-02  3.24419104e-02
 -1.64273866e-02  1.64995771e-02 -2.63436548e-02 -6.27912804e-02
 -7.23206028e-02  6.59227967e-02 -1.82285241e-03 -5.58444224e-02
 -8.92638490e-02  1.60680369e-01 -7.48311579e-02 -3.11278608e-02
  2.93697789e-02  5.31292856e-02 -1.64426900e-02  9.18687657e-02
  4.39743884e-02 -3.46126631e-02  4.54738326e-02  3.64089780e-03
 -4.74078581e-02 -1.25407159e-01 -6.68006309e-04 -9.43326205e-02
  3.70063051e-03 -4.50225286e-02  8.12034160e-02  6.03753980e-03
 -7.05870986e-02 -1.50762778e-02 -2.50929617e-03 -3.61129083e-02
  3.23621966e-02 -9.60703045e-02 -9.87442732e-02 -1.89292878e-02
  1.66664541e-01  6.66494220e-02  4.97209560e-03  7.13593606e-03
  6.62536472e-02 -3.63570787e-02 -1.80677436e-02  4.43777852e-02
  2.91549321e-02 -5.80690019e-02 -1.84101909e-02 -1.86060928e-02
  8.24232027e-03 -5.39971292e-02  6.81660026e-02 -1.03948647e-02
 -5.34905447e-03 -1.15428970e-03  6.94406480e-02 -2.96429935e-04
 -6.46499246e-02 -1.49928946e-02 -1.10394438e-03  1.68375075e-02
 -4.65619341e-02 -2.27635726e-03 -6.31621331e-02 -5.81888855e-03
  9.16194618e-02  4.17197011e-02 -4.13382500e-02  4.07326110e-02
  1.33636668e-01 -5.66668576e-03  3.56492847e-02 -5.73823620e-08
  1.93930063e-02  4.65964302e-02  1.55434040e-02  4.69007678e-02
  5.92249669e-02 -9.09752622e-02 -4.61626276e-02 -2.24121250e-02
 -5.11398017e-02  9.26401541e-02  2.96344720e-02 -5.84929483e-03
 -1.18785836e-02  6.65307045e-03 -9.17852204e-03 -8.20256770e-02
  2.66437046e-03  1.43320471e-01 -6.58505335e-02 -7.48125240e-02
  6.90769777e-02  1.35539230e-02 -6.06033579e-02  5.45338681e-03
 -4.33538146e-02 -5.52606034e-05 -4.00897935e-02  4.73622791e-03
 -2.15552747e-02  6.37994558e-02 -5.86210638e-02 -3.52842733e-02
  5.89159392e-02 -8.45360011e-02 -2.38084327e-03 -3.10248788e-02
 -5.55087663e-02  3.21632531e-03 -5.08922338e-02  4.07279283e-02
  3.70707847e-02  4.41229157e-02 -1.67789161e-02  4.45298254e-02
  2.05659401e-02 -4.07964503e-03 -9.18909460e-02 -3.17318216e-02
  3.59134749e-02 -1.04559429e-01 -5.86275049e-02 -1.11728245e-02
 -2.52058078e-03  1.90289300e-02  2.45466679e-02 -3.75603628e-03
 -1.70767177e-02  3.81331681e-03 -1.11916609e-01 -9.94474813e-03
  6.03543147e-02 -3.55674811e-02 -1.44410820e-03 -5.79230934e-02]