[ 1.94551107e-02  1.59726385e-02 -4.86117676e-02 -4.81217429e-02
 -8.12265426e-02  1.06767763e-03  2.30827015e-02  8.71656686e-02
  3.10272910e-02  4.66956645e-02  1.00311220e-01 -1.15481056e-01
 -4.27615307e-02  1.66880190e-02 -3.39733735e-02 -1.46367094e-02
  1.05209388e-02  6.34067357e-02 -9.31552276e-02 -1.65468045e-02
  1.50635570e-01 -4.09043245e-02  2.64504477e-02  3.68242934e-02
  2.92547736e-02  6.09386079e-02 -7.93094561e-02  6.80031106e-02
 -3.24638863e-03 -5.97762689e-02 -3.54586891e-03  1.39324263e-01
  1.33193865e-01 -1.05175473e-01 -1.02444075e-03  1.08891190e-03
 -2.78143920e-02 -9.41502769e-03  4.16190587e-02  8.83310288e-02
 -3.60975750e-02  2.50803679e-02  4.01006304e-02 -1.17443679e-02
 -3.24058309e-02 -7.18353391e-02 -1.94301065e-02  3.13549191e-02
  6.85920939e-02  2.99016349e-02  1.09136626e-02  3.07197329e-02
 -2.84245852e-02  6.38600588e-02  9.70192812e-03 -9.32034552e-02
 -5.46928532e-02  1.17606511e-02  1.20713841e-02  6.10592738e-02
  4.75178026e-02  5.66620044e-02 -9.30827186e-02 -4.27460559e-02
  3.04374248e-02  1.44139407e-02 -9.16573685e-03 -6.64647967e-02
 -7.06014782e-02  2.65166052e-02  3.46336365e-02  1.17002334e-02
  4.32388596e-02  4.09682132e-02 -7.05123469e-02  3.35072167e-02
  4.11254354e-02  1.76606420e-02 -4.15872876e-03 -7.17435330e-02
  1.01256603e-02  6.49927258e-02  2.99772508e-02 -8.36230144e-02
  2.69538108e-02 -1.32033983e-02  3.48705612e-02  4.75070439e-02
  4.98535670e-03 -6.62972592e-03  7.00677186e-02  6.30093887e-02
 -7.06354603e-02 -6.82536364e-02 -1.13771707e-02  1.90750025e-02
 -1.25331031e-02 -9.28040408e-03  5.77981547e-02 -2.11356077e-02
  5.02889641e-02 -1.86936627e-03 -1.25672389e-02 -3.37338075e-02
 -8.13931450e-02  3.34047750e-02  3.40963877e-03  8.19008350e-02
  4.44760621e-02  5.78383729e-02 -1.04966588e-01 -1.17223524e-02
 -4.49530333e-02  3.03371698e-02 -4.30210717e-02  4.75919060e-03
 -1.65536143e-02 -1.65837351e-02  7.35981215e-04  1.44040547e-02
  8.47661961e-03 -1.41256386e-02  1.07727773e-01 -4.76234406e-02
  4.08409238e-02 -9.48074758e-02  1.28184026e-02  1.41836750e-32
  2.85470602e-03  1.46162370e-02  4.51130699e-03  3.84861454e-02
  3.32359597e-02  5.94715066e-02 -7.66032115e-02  4.97595258e-02
  2.26972101e-04 -2.97860783e-02 -6.99506477e-02  4.53665890e-02
  8.86987802e-03  1.33780818e-02  9.01727825e-02  1.65225547e-02
  1.40699921e-02 -1.89495925e-02 -2.29190872e-03  1.25516327e-02
 -1.94574203e-02  2.79689189e-02 -2.47739372e-04  4.64265384e-02
 -1.18102981e-02  6.77139983e-02  1.85874142e-02  6.37393503e-04
 -7.48734623e-02  4.62386422e-02  3.55714299e-02  3.37076560e-02
 -5.29261902e-02 -9.13616419e-02 -5.71050383e-02 -3.65392677e-02
  6.98746145e-02  1.21471453e-02 -4.96060327e-02  3.37198488e-02
 -6.67760223e-02  2.90187970e-02  8.86060819e-02  4.71405536e-02
  1.57698784e-02 -6.28111362e-02  4.29151393e-02  2.92032696e-02
  1.16149724e-01  1.03873260e-01 -7.67467692e-02 -3.05156596e-03
  7.25052953e-02 -5.63509613e-02 -3.90687585e-02  1.83686577e-02
 -9.49248448e-02  7.04528838e-02 -4.70918678e-02 -5.56966364e-02
  8.48721154e-03  5.40951733e-03 -1.13232620e-02 -3.26176509e-02
 -5.48907816e-02 -1.59073826e-02 -7.32592717e-02 -2.38483660e-02
  1.14174284e-01  2.30315644e-02 -6.45357072e-02 -4.46304642e-02
 -1.50353892e-03  3.18153575e-02 -1.68581419e-02  1.95311941e-02
  8.92100111e-02 -4.93174866e-02 -3.40843126e-02  2.46276651e-02
 -6.20146543e-02  1.02395214e-01 -1.30678304e-02 -2.71635279e-02
  7.64712393e-02  2.41958685e-02  6.41787350e-02 -1.12439441e-02
  2.41916776e-02  5.13213873e-02  1.99552402e-02 -1.77322682e-02
 -4.96395156e-02 -3.14144790e-02  7.31891068e-03 -1.32037344e-32
  4.55297530e-02  9.07289758e-02  1.52997975e-03  4.97955829e-02
  3.74806183e-03  4.73150285e-03  3.78932655e-02 -7.45163858e-03
  2.52071656e-02 -9.54964086e-02  2.50053667e-02 -7.09668249e-02
  4.67698500e-02 -4.34988141e-02 -3.06594837e-02  4.29304428e-02
 -9.88310575e-02  1.97495129e-02 -3.92457694e-02 -3.29541750e-02
 -9.96842515e-03  1.20891318e-01  2.11364627e-02  9.37420991e-04
  3.38423774e-02 -2.07921788e-02 -5.98356202e-02 -4.89664413e-02
  4.25053947e-02 -2.04735361e-02  2.85269655e-02 -1.57027692e-02
 -3.84854414e-02  6.97445795e-02 -6.11851513e-02 -3.63714769e-02
  5.68355545e-02  1.04169585e-02 -9.18389391e-03  7.80309513e-02
  1.79051217e-02  2.66432427e-02 -8.57267343e-03 -1.86380949e-02
 -2.71099936e-02 -1.13230385e-01  6.61950856e-02 -1.12068780e-01
  3.30263637e-02 -2.85295881e-02  1.22461900e-01 -2.70343367e-02
 -1.23620160e-01  6.16124868e-02  7.62535036e-02 -1.88755915e-02
  4.83112875e-03 -2.36100312e-02 -1.43366367e-01 -1.01055857e-02
 -8.63398146e-03  3.88749093e-02  2.59124823e-02 -5.00076972e-02
  9.05240327e-02  4.15109331e-03 -2.20379811e-02  6.82329386e-02
  3.99086550e-02 -8.11230298e-03 -1.36916069e-02 -7.30977133e-02
 -4.23129136e-03 -6.67466223e-02  4.32629101e-02 -3.10347155e-02
 -7.22547174e-02 -3.60041074e-02 -4.66106646e-03  5.91563480e-03
 -7.46021420e-02 -2.88763884e-02 -3.67586105e-03 -3.99609730e-02
 -7.22390413e-02 -2.57007349e-02  7.26314681e-03  5.28737381e-02
  8.26512836e-03  5.25396653e-02 -2.90840361e-02  1.13639431e-02
  6.58169985e-02  3.64030674e-02  4.36906479e-02 -5.75340628e-08
  3.10446657e-02  1.86967384e-02 -6.34813029e-03  2.49543935e-02
  1.82802994e-02  5.44703566e-03 -2.29193196e-02 -3.31183821e-02
 -3.53267007e-02 -1.01470649e-02 -4.01902478e-03  3.60798426e-02
 -8.50271061e-02  9.50309634e-03 -3.74909043e-02 -1.91999208e-02
  5.86781353e-02  5.62478118e-02 -3.74288745e-02 -3.55148353e-02
  1.64376013e-02 -3.02365031e-02 -4.97806631e-02 -4.44728612e-05
 -6.17191605e-02 -1.19057475e-02 -4.01212946e-02  1.52349472e-02
 -4.37474363e-02  1.61873810e-02  6.90441055e-04 -9.13428329e-03
  1.43685210e-02 -1.33304045e-01 -4.18594591e-02 -4.07245979e-02
 -1.60170980e-02  2.93176733e-02 -3.33512537e-02  6.55096024e-02
  8.16829428e-02 -1.53370529e-01 -8.18438381e-02  3.03096063e-02
  4.04899567e-02 -6.46802038e-02 -6.07451908e-02  6.23818710e-02
 -3.18088420e-02 -6.96518272e-02 -3.64076607e-02 -3.10674477e-02
 -5.51883057e-02 -2.81019378e-02 -4.24646288e-02  1.42541761e-02
  3.02469227e-02  7.68545270e-03  8.94066691e-03 -7.25629693e-03
  4.34371717e-02  1.80673245e-02 -2.57778615e-02 -1.26357332e-01]