[ 1.92792714e-02  1.19462153e-02 -2.08150074e-02 -1.58357583e-02
 -4.46980558e-02 -2.32800073e-03  1.61169693e-02  9.09023434e-02
  3.03110126e-02  5.32162264e-02  6.10329472e-02 -9.45590436e-02
 -6.89387962e-04  2.60619856e-02  1.94102488e-02 -5.35734408e-02
  5.47909625e-02 -2.32876022e-03 -9.36619416e-02 -2.73737148e-03
  1.46776408e-01 -3.39330137e-02 -3.44771743e-02  4.09334339e-02
 -3.86844501e-02 -1.86260622e-02 -1.50648803e-02  6.31950144e-03
 -3.04588228e-02 -4.90728803e-02 -4.54911962e-02  7.36084878e-02
  1.04909480e-01 -4.70746718e-02 -5.92453256e-02 -6.46974519e-03
  7.11909728e-03 -4.24912199e-02 -1.80911105e-02  4.57418226e-02
 -9.02519003e-02 -6.43533692e-02 -8.36298317e-02 -1.04474789e-02
  2.40295306e-02  3.39638512e-03 -1.55938398e-02  7.41065815e-02
  4.21898393e-03  3.70573066e-02 -7.04426691e-02  2.49475166e-02
 -5.84974103e-02  3.03861927e-02 -1.40757654e-02 -7.32553601e-02
 -2.38409191e-02 -6.32482022e-02  1.45037537e-02  5.64258546e-03
 -1.45248249e-02 -7.24688289e-04 -4.52573523e-02  3.91315743e-02
  3.61683220e-02 -1.78389996e-02 -6.83234707e-02 -3.92975286e-02
 -9.14823860e-02  2.30726860e-02  2.74257418e-02 -2.76526175e-02
  4.73160185e-02 -1.56142544e-02 -1.20628402e-02  4.44769114e-02
  4.10061479e-02  5.26002496e-02  1.93142667e-02 -1.16959676e-01
  2.10654493e-02 -1.27084348e-02 -5.00265211e-02 -2.31984407e-02
  1.17242122e-02 -5.74249439e-02  5.29090688e-02  2.07308214e-02
  6.08619750e-02 -6.98731979e-03  8.38148668e-02  8.65949243e-02
 -4.38612774e-02 -2.62987688e-02  3.60467918e-02  2.85481513e-02
 -8.39753225e-02 -2.40329076e-02  2.87768282e-02 -1.32503174e-02
  2.50857249e-02  1.46961706e-02 -1.95164990e-03 -1.68828405e-02
 -9.46049392e-02 -5.53620420e-02 -1.57563053e-02  3.20191160e-02
  2.87288241e-02  1.45487905e-01 -8.89991000e-02 -5.27508855e-02
 -7.60815665e-02 -8.73776823e-02 -5.85714169e-02 -4.91994731e-02
  1.86508615e-02 -4.09073941e-02  6.05285726e-02 -1.55683868e-02
 -1.30558405e-02 -1.09402006e-02  2.46859528e-02 -4.82459962e-02
  3.05426419e-02 -5.04566841e-02  5.03605343e-02  1.15880608e-32
 -1.43774509e-01 -3.13501917e-02 -2.30672732e-02  6.97807176e-03
 -1.65110528e-02 -2.57258420e-03 -2.32517775e-02  5.11165783e-02
  6.47865683e-02 -1.29920233e-03 -9.92757902e-02  8.44034478e-02
 -3.42733413e-02  9.68241040e-03  7.19701201e-02  8.16493016e-03
  6.60443231e-02  5.37201278e-02  1.87034234e-02 -5.23741655e-02
 -5.04055321e-02  4.38638218e-02  4.09098901e-02 -3.73464115e-02
  2.17440333e-02  8.65557045e-02  1.63459051e-02 -3.10606956e-02
 -5.51383980e-02  3.25158872e-02  1.40402585e-01 -2.56678909e-02
  1.79169402e-02 -8.62284154e-02 -5.80622889e-02 -7.66204856e-03
  3.69448029e-02  2.80982368e-02 -4.16597410e-04  4.42822836e-02
 -8.85332972e-02  1.52121782e-02  5.81817143e-02  2.90640891e-02
 -5.93488961e-02 -1.24772657e-02  3.25647108e-02  2.60473695e-02
  1.53197765e-01  8.83508250e-02 -3.05547360e-02 -7.85704479e-02
 -2.94415113e-02 -1.79041512e-02 -3.09753288e-02  6.02816232e-02
 -7.98575804e-02  2.65889056e-02 -2.84043923e-02 -6.62217215e-02
 -4.04739603e-02  8.83323047e-03  4.38792817e-02 -2.66104769e-02
 -2.99813636e-02 -7.46151386e-03  5.95919648e-03  5.01682237e-03
  7.89543390e-02  5.22580892e-02 -2.41986960e-02 -4.14850041e-02
  3.74385901e-03  3.98733355e-02 -6.53494941e-03 -3.36651057e-02
  9.64839831e-02 -8.80883541e-04 -2.58397851e-02  3.57077122e-02
  2.19827499e-02 -5.62277213e-02 -3.75452340e-02 -2.06339993e-02
  5.50597720e-02  8.49555805e-02  8.89498517e-02  8.15546215e-02
 -1.65343527e-02  6.19328544e-02  1.31864762e-02  7.65011981e-02
 -5.02427705e-02  5.47108538e-02  4.57770079e-02 -1.31932417e-32
 -5.24260066e-02  7.27235004e-02 -7.31589040e-03  4.91981357e-02
  2.49210987e-02  3.45068499e-02 -1.16979768e-02 -7.72636011e-02
  2.22321693e-02  6.16196776e-04 -8.08963105e-02 -2.18890794e-02
 -9.90181230e-03 -1.87284709e-03 -1.24144688e-01  5.57556823e-02
 -2.35987902e-02 -2.96101663e-02 -3.94976437e-02  1.47024114e-02
 -4.97090071e-02  9.56961289e-02 -2.54284944e-02  3.56530808e-02
 -3.66615318e-03  3.11180716e-03 -6.22281991e-02  1.08067868e-02
 -2.90676188e-02 -5.78632802e-02  4.02545976e-03 -7.45021924e-02
 -2.33780965e-02  4.64742407e-02 -7.01383576e-02 -8.62183124e-02
  2.07157154e-02 -1.36693409e-02 -6.38492312e-03  1.00186981e-01
  3.94270383e-02  6.57029748e-02  2.28255894e-02 -7.12094307e-02
 -5.35194650e-02 -8.53532925e-02  8.51635858e-02 -9.08860862e-02
  4.95437868e-02 -5.28358482e-02  1.08162455e-01 -3.15183471e-03
 -4.44082841e-02  3.76742855e-02 -2.60265684e-03  6.06901199e-02
 -5.10366037e-02 -6.20521158e-02 -5.03066108e-02 -1.54807363e-02
  6.50738180e-02  4.68299128e-02 -7.19099119e-03 -9.80935991e-02
  9.21894759e-02 -2.52380650e-02  4.65518646e-02 -3.70260477e-02
 -8.07724334e-03 -6.59012049e-02  2.42148936e-02 -2.53566373e-02
 -1.97934806e-02 -9.80779603e-02 -2.00879611e-02 -1.60173187e-03
 -3.13653611e-02  1.51581513e-02  1.44271776e-02  1.15333954e-02
 -4.50031757e-02  1.44107398e-02 -3.21510769e-02 -9.37885791e-02
 -1.25392064e-01 -1.60619896e-02  1.57111976e-02  1.27754398e-02
 -3.22702969e-03  4.48215976e-02 -6.24178723e-02  7.74075240e-02
  8.05507079e-02  1.93743240e-02 -6.38540834e-02 -6.02799588e-08
  4.73204814e-02 -9.53939557e-02  4.90128063e-02  2.90334299e-02
  3.43712606e-02 -2.75584050e-02 -4.37702909e-02  1.41683677e-02
 -1.98871382e-02 -7.39663886e-03  5.09115085e-02  1.94494613e-02
 -1.31201729e-01  4.59027067e-02 -5.47404625e-02 -3.65967005e-02
  7.13803899e-03  4.81160283e-02 -1.36533584e-02 -6.52060956e-02
  2.46160887e-02  4.02992144e-02 -4.16662320e-02 -6.35118857e-02
  6.30777404e-02  1.03655839e-02  8.33921321e-03  3.07843033e-02
  1.13039184e-02  4.47389670e-02 -6.42819554e-02 -4.60925102e-02
 -6.35997299e-03 -5.98671138e-02 -3.65484729e-02 -3.22780237e-02
 -2.76945475e-02  1.03645632e-02 -8.44050720e-02 -2.89112824e-04
  9.13822576e-02 -3.08132675e-02  3.11251893e-03  1.70328580e-02
  9.97728854e-03 -5.28948242e-03 -7.96773136e-02  3.45722213e-02
 -3.94762581e-04 -1.16825784e-02 -6.30995817e-03 -4.08709012e-02
 -2.40052994e-02  6.68603629e-02 -6.53363615e-02 -6.77448437e-02
  2.17774566e-02 -2.56833266e-02 -3.28017995e-02  7.98949227e-03
  7.08252564e-02  8.62552226e-02 -3.09016407e-02 -4.25165445e-02]