[-1.08750015e-02  2.77607404e-02 -8.91323686e-02 -2.50590052e-02
 -1.13748815e-02 -1.95208024e-02  2.89294738e-02  8.39268491e-02
  2.34895246e-03  8.27216730e-02  8.26060623e-02 -2.63831560e-02
  2.80852877e-02  6.66224509e-02 -4.36922275e-02 -1.10674940e-01
  3.09989154e-02 -1.31737282e-02  1.13574918e-02  3.82348560e-02
  1.27054974e-01 -1.25135910e-02 -3.33155952e-02  1.53731387e-02
 -1.28031865e-01 -3.94718163e-02 -7.50075281e-02 -2.55559385e-02
 -9.06204805e-02  2.43950286e-03 -4.17327583e-02  7.11418465e-02
  6.18169010e-02 -9.58014186e-03 -5.91906048e-02  3.21540982e-02
  9.14350376e-02 -3.70959453e-02 -7.74177536e-02  2.69568115e-02
 -1.15160935e-01 -5.18464409e-02 -7.99624473e-02 -2.79835276e-02
  3.17089097e-03  6.33816235e-04 -1.11154746e-02 -7.63443206e-03
 -4.91460338e-02  2.22987831e-02 -3.78241912e-02 -1.00772511e-02
  9.21500381e-03  5.18041514e-02  2.03067739e-03  2.55427626e-03
  2.77860835e-02  2.29678303e-02 -3.46773602e-02  1.17948540e-02
 -3.18535790e-02  3.26204859e-02  1.68879014e-02  2.42954586e-02
  7.15223029e-02 -2.10480615e-02 -6.43561035e-02  2.42894385e-02
  5.59289902e-02 -5.45569360e-02  3.96708027e-02 -6.98179230e-02
  5.21945655e-02  1.40865277e-02 -5.11439107e-02  2.61416361e-02
 -2.24070605e-02  3.10516134e-02 -2.37478316e-03 -8.88434649e-02
  1.98199768e-02  4.66838392e-04 -1.09057603e-02  1.36149935e-02
  2.94918735e-02 -1.10453963e-02 -1.68252382e-02  5.13880514e-02
  2.99336147e-02  6.69928864e-02  5.32245338e-02  4.64604683e-02
 -1.42912716e-02 -9.01513696e-02 -1.62381884e-02 -1.82613488e-02
 -4.33725752e-02  2.88586132e-02  5.36988638e-02 -5.41788191e-02
  9.15914588e-03  1.24388644e-02  1.47083076e-02  2.31131185e-02
 -4.03881297e-02 -1.54714370e-02 -9.68479645e-03 -8.34318772e-02
  1.11070639e-02  1.05504438e-01 -8.80813524e-02 -2.83094160e-02
 -1.22993067e-01 -4.65461351e-02 -4.85186949e-02  2.20290441e-02
 -9.52784270e-02 -5.56191476e-03 -3.82698467e-03 -3.12039512e-03
  2.65833177e-02 -1.16065796e-02  3.43424007e-02 -9.49327499e-02
  1.16511457e-01  3.87187093e-03  9.00335163e-02  3.17124095e-33
 -5.27639464e-02  3.74100022e-02 -4.20971215e-02  8.92537907e-02
  1.78160053e-02  8.32258761e-02 -2.58482192e-02  2.27412744e-03
  1.14257663e-01  6.45677606e-03 -4.38749157e-02  1.24915183e-01
  1.13550397e-02 -2.65487507e-02  5.63517995e-02 -2.74316017e-02
 -1.53592108e-02  1.01986118e-02 -8.93867575e-03  3.77809559e-03
  2.49630248e-04 -8.07869155e-03  3.16368155e-02 -5.20316921e-02
  7.75122494e-02  2.55111940e-02 -8.91997963e-02 -1.85886491e-02
  2.56691854e-02  2.67706178e-02  1.09912798e-01  5.63776912e-03
  2.91926600e-02 -3.39896455e-02 -1.92298535e-02 -3.86892296e-02
  3.27404006e-03  7.48047978e-03  9.12875775e-03 -2.64973752e-02
 -4.88526076e-02 -2.03936212e-02  3.55102345e-02  4.55357172e-02
  2.00761780e-02 -2.44138502e-02  5.29340543e-02  2.17682235e-02
  8.32770020e-02  4.08762544e-02 -5.27667627e-03 -2.65848842e-02
 -3.75704542e-02 -1.04232796e-01  6.95155875e-04  4.16005887e-02
  2.04356387e-03 -2.97492277e-02 -2.99720652e-02 -3.98190618e-02
 -1.27267353e-02  9.09838360e-03  1.28500788e-02  1.81837454e-02
  3.12561318e-02 -9.85715166e-02  1.45910885e-02 -3.28773335e-02
  1.15060359e-01 -2.69813482e-02 -8.93941894e-02 -8.14106688e-03
  5.28696133e-03  3.35000455e-02 -2.72115804e-02  6.85849693e-03
  7.36458153e-02 -1.24978311e-02 -1.00023836e-01 -1.58390589e-02
 -5.94313592e-02 -6.81225359e-02 -2.00909982e-03 -2.35358975e-03
  1.30778000e-01  4.62434888e-02 -3.11463457e-02  4.86037508e-02
 -4.20991965e-02  9.42160040e-02  4.61055990e-03  1.04917429e-01
 -4.25281711e-02  6.97114393e-02  7.95118362e-02 -7.27978803e-33
 -1.51736615e-02  4.01468910e-02 -8.59402418e-02 -3.65900509e-02
  3.56855951e-02 -3.99769992e-02 -2.74785571e-02 -4.58863862e-02
 -4.11034822e-02 -4.22004573e-02 -8.06721970e-02 -1.22652948e-01
  1.40618244e-02  2.45467871e-02 -6.84249252e-02  4.59891884e-03
 -7.14735910e-02 -5.40320110e-03 -5.21714799e-02  9.18116621e-06
 -3.80410291e-02  3.34856696e-02 -2.25627590e-02 -3.18285823e-02
 -1.95941180e-02  8.65659304e-03 -1.04890987e-02 -4.63799909e-02
 -4.54730950e-02 -3.73410322e-02  9.31744638e-04 -5.96804395e-02
 -1.36550721e-02  1.36363328e-01  6.75460044e-03 -4.59586568e-02
  5.16175441e-02 -4.12851945e-02 -2.33776215e-02  7.71318749e-02
  9.50375944e-02  9.71779898e-02 -7.01519325e-02 -4.35480326e-02
 -9.32053104e-02 -3.72292176e-02 -5.36220558e-02 -7.90688619e-02
  1.78199261e-02 -4.13665287e-02  1.16918825e-01 -7.27377683e-02
 -2.24000309e-02 -8.16443041e-02  4.27368246e-02  3.19064669e-02
  2.25805994e-02 -1.15090847e-01 -1.35002971e-01 -1.19612459e-02
  1.27305254e-01  5.20659350e-02 -8.36227164e-02  2.75912844e-02
  1.21645536e-02 -3.13198678e-02  4.66187112e-02  6.99484572e-02
 -1.75986961e-02 -2.82828836e-03  1.55773982e-02 -5.27131706e-02
 -1.12709263e-02 -7.06101730e-02  1.25668235e-02 -6.33193031e-02
 -7.50361830e-02 -1.00285141e-02 -2.21436825e-02  9.56617575e-03
 -5.46042174e-02  8.43733083e-03 -2.74532158e-02 -4.18237820e-02
 -7.37500796e-03  7.32166022e-02 -2.12950259e-02  3.88541780e-02
  3.55303325e-02 -1.67159885e-02 -7.55376592e-02  5.96514381e-02
 -6.20957231e-03  4.76075374e-02 -2.01827157e-02 -5.55296360e-08
 -9.00921179e-04 -8.82632099e-03  7.36252591e-02 -1.20201046e-02
  5.21605276e-02 -8.21426436e-02  1.79260934e-03  5.42043522e-02
 -1.06580053e-02  4.94894385e-02 -3.13816443e-02  1.47545058e-02
 -5.39738052e-02  1.63255651e-02  8.82216990e-02 -7.50486329e-02
  5.33161275e-02  2.57508699e-02 -4.27151695e-02 -5.84865734e-02
  6.89229667e-02 -6.33276328e-02 -8.68905187e-02  9.23193246e-03
  9.16405208e-03 -4.56617884e-02 -4.54556681e-02 -1.78318413e-03
 -3.59320305e-02  3.88027765e-02 -5.40726865e-03 -5.62318228e-02
  4.12221216e-02 -2.85329819e-02 -3.51443118e-03 -3.76974978e-02
  2.26626918e-02  7.58959632e-03 -1.37497894e-02 -5.24461158e-02
  4.43408974e-02  3.39019969e-02  1.13452161e-02  3.97002473e-02
  4.26425822e-02 -6.03567250e-02 -6.55232891e-02  5.26270159e-02
  1.15877073e-02 -3.11197676e-02 -7.00442120e-02 -1.57056116e-02
  3.61556560e-02  4.44443636e-02  4.17440757e-02  1.83936469e-02
  6.14269823e-02  4.19037379e-02 -3.61355171e-02 -2.18592770e-02
  2.50716563e-02  9.23676863e-02 -2.11296361e-02 -1.04114385e-02]