[-1.32064354e-02 -3.10866702e-02 -5.38898110e-02 -1.35486290e-01
  4.62551462e-03 -4.98872548e-02  6.98877173e-03  6.41902983e-02
 -4.82526608e-02 -4.50268574e-03  1.03735246e-01 -5.68422154e-02
 -4.64080870e-02 -2.58758850e-02 -7.15652257e-02 -5.63163199e-02
 -2.78736535e-03 -4.38311957e-02 -6.89409557e-04 -1.67175326e-02
  2.08837353e-02 -9.94480178e-02  9.54190549e-03 -4.39811237e-02
 -1.01127282e-01  4.40418124e-02  8.35617818e-03 -9.82573535e-03
 -6.55611604e-02 -1.23864479e-01  5.22893528e-03  9.60959494e-02
  9.72908959e-02  4.24190611e-02 -1.50685571e-02 -8.96996036e-02
  5.85769638e-02 -9.51651204e-03 -3.24875526e-02 -2.76636910e-02
 -5.71988225e-02 -1.18853584e-01  3.19802798e-02  3.56868235e-03
  9.25691277e-02 -5.16425110e-02 -5.42338192e-02 -3.57116270e-03
  4.33720388e-02 -2.68768985e-02 -6.51955530e-02 -8.96783359e-03
 -5.17691346e-03  3.74897607e-02 -7.33553991e-03 -5.63855581e-02
 -1.85693149e-03 -5.96958995e-02  7.48317242e-02  3.01548708e-02
  1.85456220e-02  4.55022790e-02 -3.89447436e-02  2.22956855e-02
 -1.09960958e-02 -1.94320586e-02  1.25602316e-02 -8.17062557e-02
 -4.09892835e-02  2.73785414e-03  7.24609150e-03 -5.87270260e-02
 -3.07242144e-02 -1.07345628e-02 -5.68094440e-02  7.10654771e-04
 -6.75081462e-03 -2.32650787e-02  5.71336448e-02 -6.29574955e-02
 -2.75471695e-02 -4.57841828e-02 -6.43755347e-02  5.99184260e-02
  4.37926836e-02 -2.80721276e-03 -5.86664043e-02  1.64827369e-02
  3.00535168e-02 -5.51740490e-02 -1.10909298e-01  5.66365197e-02
 -3.12277395e-02  2.51769158e-03 -1.50356755e-01 -2.95503698e-02
  7.31455237e-02 -7.10759461e-02 -1.17461402e-02  8.53101984e-02
  2.38887034e-02  8.92044045e-05  5.93353957e-02 -2.56274063e-02
 -6.56290576e-02 -5.33350073e-02  9.80824511e-03  2.15208568e-02
  5.23129813e-02  5.42489160e-03 -2.48537548e-02  5.11516910e-03
 -8.67053494e-02 -3.77258589e-03  4.05319296e-02 -5.07261567e-02
 -4.47153971e-02  6.17274940e-02  8.24095309e-02  1.25962179e-02
  2.17964314e-02 -3.60501707e-02 -3.67892124e-02 -2.29468588e-02
  1.04512991e-02  4.47004512e-02  5.45369871e-02  2.56179392e-32
 -3.23137492e-02  9.73279960e-03 -1.15516176e-02  4.19484414e-02
  1.74156143e-04  5.66873923e-02 -5.07051870e-03  2.71361358e-02
 -3.51353250e-02 -1.28805721e-02 -4.25544158e-02  1.56841483e-02
 -8.58730674e-02  1.31948173e-01  9.89620611e-02  2.79196203e-02
  9.64817591e-03  4.57523987e-02 -4.41009179e-03  4.42696474e-02
 -1.76527500e-02 -4.10678461e-02  2.68723052e-02  3.07851029e-03
  7.42994472e-02  8.14937055e-02 -1.92013271e-02 -2.41351500e-02
  5.07349670e-02  3.97511721e-02  2.34525669e-02  5.62138809e-03
  3.13443653e-02 -4.86250967e-02 -2.08096299e-02 -6.20308444e-02
  8.63787532e-03 -1.32062718e-01 -1.91064849e-02  3.56013663e-02
  1.63792502e-02 -2.88657355e-03 -4.48064543e-02 -4.29782197e-02
  1.36052743e-02  3.18546705e-02  2.93127391e-02  5.85870482e-02
  1.00034021e-01  6.44396767e-02 -1.27276286e-01  4.20008291e-04
 -3.48549597e-02 -3.50297727e-02 -4.13858220e-02 -5.26952464e-03
 -7.94862062e-02  8.60965475e-02  2.73195207e-02 -1.55916216e-03
 -5.52867353e-02  9.27722603e-02 -1.99530777e-02 -7.92916398e-03
  3.05008795e-02 -4.57887799e-02  4.95678112e-02 -1.18467538e-03
  5.09420736e-03  7.16319010e-02 -7.81922564e-02 -4.73816618e-02
  1.29892183e-02 -2.15663705e-02  1.14677995e-02  4.52783667e-02
 -3.19293663e-02  7.65932947e-02 -7.11543933e-02  1.28620788e-02
 -1.11548930e-01  8.16464871e-02  6.84771687e-02 -1.22649530e-02
  3.48547325e-02  7.00719133e-02  4.96132262e-02 -2.00922303e-02
  2.68493984e-02  1.31731883e-01 -1.37888351e-02  4.93284203e-02
 -7.50717148e-02 -5.03247371e-03 -2.33455282e-02 -2.38397748e-32
 -2.76838858e-02  1.46135297e-02  4.19352809e-03  4.02211547e-02
  9.65508912e-03 -3.00338864e-02 -3.94194247e-03  2.88334060e-02
  6.33370578e-02 -8.00131783e-02  5.41393012e-02 -8.10203981e-03
  4.27538306e-02 -7.72135183e-02  7.44245797e-02  6.36487305e-02
 -4.70658690e-02 -4.49708067e-02 -4.02195826e-02 -3.14794704e-02
  6.76809158e-03  5.22485860e-02 -5.45306876e-02  3.82233597e-02
 -3.14569473e-02  2.93707736e-02  6.68245973e-03 -3.19470242e-02
  1.07578523e-02 -6.94582909e-02  3.26106250e-02 -1.01707347e-01
  5.78757562e-02  1.59035772e-01  5.16161695e-02 -9.22590215e-03
  1.02394067e-01  3.55849764e-03 -3.56870703e-02  1.01474464e-01
 -5.31612011e-03  5.60504161e-02 -2.56775822e-02  1.23265116e-02
 -6.31903559e-02 -9.60621536e-02 -4.90380190e-02 -3.71349156e-02
  4.76722941e-02  1.15285078e-02  3.45871374e-02 -8.72346200e-03
 -4.96989116e-02 -3.63231413e-02 -9.01686028e-03 -5.32796495e-02
  6.47522584e-02  2.00854335e-02 -2.56902929e-02  2.46724263e-02
  6.05397858e-02 -4.28194217e-02 -5.36514930e-02 -2.21734215e-02
  8.59035552e-02  6.51261723e-03  1.64455455e-02 -3.57170450e-03
 -7.74193555e-02 -4.52906173e-03  3.77105288e-02 -4.98264283e-02
  1.79977193e-02 -4.83836271e-02  2.68840436e-02  2.23254338e-02
 -3.73260491e-02  3.26067582e-02  1.41551811e-02 -3.51577364e-02
  5.78116858e-03 -5.18189855e-02  4.27322015e-02  3.94434966e-02
 -2.19884105e-02  1.43128550e-02 -2.86783855e-02 -1.26969172e-02
  3.52202244e-02 -6.06083237e-02 -5.84714406e-04  3.13887298e-02
 -7.75307342e-02 -5.38119897e-02  2.21627187e-02 -6.92014410e-08
  2.66249180e-02 -3.48975286e-02 -4.46500219e-02 -1.09998342e-02
  2.53664516e-02 -6.55903518e-02  3.84449139e-02 -4.00022650e-03
 -1.22553594e-02 -3.33101228e-02  7.85015002e-02 -5.05942032e-02
 -6.57808688e-03 -6.78283256e-03  1.22963041e-01 -3.99540499e-04
  3.27419378e-02  5.91206141e-02 -5.50907552e-02  1.47564318e-02
  3.26966308e-02 -1.31397760e-02  8.74938909e-03 -4.84124161e-02
 -8.67991671e-02 -4.66181487e-02 -2.90104933e-02  6.59326985e-02
  1.57394018e-02  1.78789105e-02  1.90117732e-02 -2.12970413e-02
  7.44991526e-02  3.72663396e-03  1.21693790e-01  1.93441976e-02
 -6.02782853e-02  8.23383452e-04  5.16390875e-02  5.90466745e-02
  6.71989769e-02 -1.04830526e-01 -1.11354947e-01  3.72178666e-03
  3.53060290e-02 -2.14208141e-02 -4.51274104e-02 -4.48926315e-02
 -5.18289953e-02 -3.45762782e-02 -9.75322351e-02 -1.46826962e-02
  6.25997111e-02  2.81472527e-03 -5.35019487e-02 -1.11023625e-02
  5.70194684e-02 -2.74254046e-02  5.47762997e-02  3.38551067e-02
  1.28710836e-01 -3.05737872e-02 -1.18288025e-03 -6.85953582e-03]