[-2.86345650e-02  7.06406385e-02 -7.22595230e-02 -1.11343414e-01
 -6.99996650e-02 -2.26832759e-02  2.90303621e-02  1.42515823e-01
 -7.34396186e-03  6.26469031e-02  1.16736904e-01 -4.70151715e-02
  5.20314462e-02  5.20009324e-02  6.81982236e-03 -7.28527009e-02
 -1.45224622e-02  4.34272848e-02 -6.72663748e-02  4.67750989e-02
  1.79143772e-01 -5.72030917e-02 -2.84321848e-02  1.91637445e-02
 -8.53528604e-02  2.06853612e-03  1.45972911e-02  1.48083037e-02
 -3.07879969e-02 -3.24197151e-02  2.56625004e-03  9.03932452e-02
  2.63026282e-02 -9.95495394e-02  4.72363867e-02 -1.13506597e-02
  4.54423092e-02 -5.96913435e-02 -2.66772639e-02  7.10224286e-02
 -9.37331542e-02 -2.76876502e-02 -1.12827696e-01 -5.37828021e-02
  2.68496610e-02 -7.75207058e-02  5.83383292e-02  6.63331077e-02
  1.24695115e-02 -6.22864580e-04 -2.72051577e-04  2.07012203e-02
 -5.61199002e-02  3.88158150e-02  4.87746336e-02 -3.67563926e-02
 -4.32002731e-02 -1.53209995e-02  5.94373383e-02 -1.43189635e-02
  2.18425989e-02  8.49738065e-03 -1.30446851e-02  5.16684167e-02
  2.67596021e-02 -1.54255442e-02 -1.82738397e-02 -6.84804693e-02
 -9.03907567e-02  4.62782793e-02  5.38460501e-02 -7.48312250e-02
 -3.20560448e-02 -6.68173190e-03 -7.64819933e-03  9.54179987e-02
  4.01361212e-02 -1.16851628e-02 -2.11073123e-02 -1.72888026e-01
 -3.41992895e-03  3.55506018e-02  5.33061326e-02 -5.54275177e-02
  3.99982147e-02  1.30926697e-02  5.00359461e-02  2.45856661e-02
  1.15109615e-01  3.02396975e-02 -6.12503197e-03  6.90054148e-02
 -7.60411918e-02 -6.25785440e-02  5.43351211e-02 -1.52627891e-03
 -4.73475084e-02 -3.84585448e-02  3.18950489e-02 -4.18552634e-04
  6.73584789e-02 -3.02767884e-02 -2.48256885e-02  1.47401169e-02
 -4.92774844e-02 -1.81846917e-02  4.64255176e-03 -6.33039605e-03
  8.20014533e-03  9.44575667e-02 -7.53949955e-02 -4.35298719e-02
 -4.77517098e-02 -6.61602393e-02 -7.33843446e-02  1.07580507e-02
 -4.88407463e-02 -3.31336521e-02  5.01552969e-02 -6.73541650e-02
  5.51789105e-02 -7.45871216e-02 -2.97749285e-02 -6.96906596e-02
  6.97372928e-02 -5.41266985e-02  5.40649891e-02  1.30237750e-32
 -5.99812195e-02 -1.96298156e-02 -2.32381895e-02 -4.86193448e-02
  2.88908351e-02  2.12552678e-02 -1.42276287e-02  3.55879478e-02
 -1.31274126e-02 -2.81858779e-02 -8.44398662e-02  7.72280023e-02
 -3.04794591e-02  1.41516579e-02  6.63981587e-02  2.34329384e-02
  6.55142590e-02  8.71030428e-03 -1.00357113e-02  4.80240546e-02
 -1.73568204e-02 -1.69247538e-02  6.66034669e-02  3.53702431e-04
 -1.94810610e-02  6.77173883e-02 -1.13378102e-02 -5.03241532e-02
 -8.20508748e-02  2.68146731e-02  4.28742394e-02 -1.33098406e-03
  5.54326735e-02 -8.36264458e-04 -6.21788017e-02 -2.65106130e-02
  1.37683321e-02  2.01934669e-02 -6.06233887e-02  3.70342582e-02
 -4.27096747e-02  3.76797952e-02  2.30136290e-02  4.74963412e-02
  7.89754912e-02 -7.52961636e-02  6.57035857e-02  2.11526994e-02
  7.85506442e-02  3.22606005e-02 -4.45931144e-02  3.07281464e-02
 -3.16381119e-02 -5.83622567e-02 -3.38378325e-02 -2.82703210e-02
 -1.33303583e-01  9.11383182e-02 -3.63354012e-02 -4.70976681e-02
 -6.01651520e-03  4.27248180e-02  2.02481896e-02  2.86779925e-02
  1.58954244e-02  1.15064820e-02 -3.92567404e-02 -2.53414526e-03
  7.42384121e-02  2.85395440e-02 -3.33158858e-02  2.83764694e-02
 -4.55657430e-02 -2.69439854e-02  8.12676102e-02 -2.04513837e-02
  1.09586433e-01  5.56504494e-03  3.04826512e-03 -4.53220420e-02
 -4.27147485e-02 -3.91613413e-03 -2.06973534e-02 -4.63299081e-02
  2.72396728e-02 -3.09323296e-02  1.03158318e-02  5.05109355e-02
 -1.84690580e-02  3.29080559e-02  5.92246838e-02  8.09682999e-03
 -2.46282201e-02  3.81909013e-02  2.63604093e-02 -1.36444361e-32
 -4.13683727e-02  1.14247411e-01  1.94993336e-02  1.66290775e-02
 -7.85058364e-03 -7.73821492e-03 -1.11066727e-02 -3.08254715e-02
 -2.12320387e-02 -1.40487954e-01 -5.54135107e-02 -5.65716140e-02
  4.18515727e-02 -3.84362489e-02 -8.19431469e-02  1.35795362e-02
 -4.96399514e-02 -3.52519602e-02 -8.50127637e-02 -4.42095622e-02
  2.58912239e-02  1.11700021e-01  3.94891687e-02  1.04808239e-02
 -3.92630417e-03  1.39752086e-02 -2.80484948e-02 -1.15359472e-02
 -2.94449888e-02 -3.42073776e-02  9.53625962e-02  1.03352079e-02
 -1.87737737e-02  1.05081484e-01  2.19356804e-03 -6.30751951e-03
  9.26139727e-02  3.51098441e-02  2.37754583e-02  9.68225673e-02
  3.44167426e-02  8.11761022e-02  1.25793898e-02 -2.93996185e-02
 -4.96510193e-02 -7.62934089e-02 -3.47556509e-02 -9.21835527e-02
  6.15012906e-02 -4.56183776e-02  8.56917053e-02 -2.84495894e-02
 -3.61644253e-02 -2.94700041e-02  3.16483937e-02  7.31622474e-03
 -1.42772458e-02 -2.56036948e-02 -8.58564973e-02  4.07344960e-02
  4.59634438e-02  4.70539518e-02  3.89176235e-02  2.02434305e-02
  2.05076300e-02 -6.53329678e-03  7.65905017e-03  4.78896648e-02
  2.78376159e-03  7.29324520e-02  6.16504811e-02 -1.37683842e-02
 -1.11666173e-01 -1.12151384e-01 -9.25846957e-03 -5.26490696e-02
  8.44797178e-04  2.30939947e-02  3.67007707e-03  6.43894598e-02
 -6.93515018e-02 -2.61183809e-02 -1.12078236e-02  1.24072069e-02
 -5.34267724e-02 -1.61674581e-02 -4.00488190e-02  1.14884658e-03
  4.14676927e-02  5.17019331e-02 -1.33878626e-02  3.63730229e-02
  9.94867086e-03  2.69051511e-02  4.85673510e-02 -6.30431884e-08
  7.57545903e-02 -8.49650353e-02  3.23602883e-03  1.51742669e-02
  2.71563530e-02 -8.47083703e-02 -4.37114723e-02 -6.21586964e-02
  1.44192129e-02 -7.04871165e-03  1.38478046e-02 -3.64917107e-02
 -6.15898222e-02 -2.00920310e-02 -2.35359706e-02 -2.81010717e-02
  8.79540890e-02  5.44484966e-02 -6.46873713e-02 -6.22708946e-02
  2.30974182e-02 -4.45365384e-02 -7.91296363e-02 -2.67707221e-02
  9.99898557e-03 -2.60910802e-02 -2.37162728e-02 -3.93384658e-02
 -4.99432459e-02  3.14161777e-02 -1.21596362e-02  5.47561795e-04
  2.26356052e-02 -2.90767346e-02 -5.06665893e-02 -1.05644576e-01
  4.53222990e-02  9.62387323e-02 -5.03868200e-02 -2.28565410e-02
  8.32413957e-02 -6.20776489e-02  5.95033867e-03 -7.89688807e-03
  4.47255932e-02 -3.42307724e-02 -3.20786014e-02  4.05380838e-02
 -4.81411722e-03 -8.52794945e-03 -4.60634716e-02  2.45121643e-02
  2.13339832e-03 -3.47147062e-02 -5.30944839e-02 -2.72268634e-02
  3.70455794e-02  3.58442850e-02 -1.79328956e-02 -1.87268257e-02
  7.00099170e-02  1.74286664e-02  2.37424504e-02 -9.90998819e-02]