[-3.08448393e-02  9.81842130e-02 -1.28165130e-02 -9.12701190e-02
 -6.95104897e-02 -1.01514254e-02  9.98861971e-04  5.44576533e-02
 -2.64122356e-02  9.33744237e-02  4.44191881e-02 -3.65874544e-02
 -2.50898134e-02  1.00898715e-02  2.12332211e-03 -8.46086740e-02
  4.03550193e-02  6.53783884e-03 -2.35739462e-02  7.93350264e-02
  1.25386655e-01 -3.77362743e-02 -4.08599675e-02  1.84501540e-02
 -1.35953516e-01 -7.13656470e-02 -5.24375364e-02  9.97672230e-03
 -7.24980384e-02  8.23687762e-03 -5.69723174e-02  1.06475912e-01
 -1.54490974e-02  3.20217758e-02  3.46671827e-02 -3.07602491e-02
  5.77088520e-02 -5.76789938e-02 -6.42368686e-04  1.03813425e-01
 -3.21341716e-02 -5.82980812e-02 -7.90264234e-02 -8.14645514e-02
 -2.82273279e-03 -1.17367180e-02  1.46032469e-02  3.67325023e-02
  1.39348058e-03 -3.91568616e-02 -6.35399073e-02 -5.23204431e-02
 -4.16638423e-03  4.44715209e-02 -3.60597931e-02 -5.12924641e-02
  1.94041501e-03 -2.66874190e-02  2.48576719e-02 -2.65162773e-02
 -3.96410041e-02  3.97705026e-02 -5.05752079e-02  5.20419888e-02
  4.46696356e-02 -5.46483397e-02  3.03779673e-02  8.83228611e-03
 -3.03003304e-02  6.54200464e-02  3.43721882e-02 -6.25246018e-02
  1.71399172e-02  4.67886738e-02 -1.90227218e-02  6.58992156e-02
 -2.08888799e-02  2.84793824e-02  4.65215482e-02 -2.46307701e-01
 -3.60886077e-03 -8.79193190e-03  5.06511107e-02 -1.05937766e-02
 -3.42819206e-02 -3.51183526e-02  1.12844752e-02 -4.23191441e-03
  1.12864301e-01  7.88804982e-03  5.32888398e-02  3.01583521e-02
 -5.07527441e-02 -4.70693037e-02 -3.89805101e-02 -2.04290859e-02
 -5.42539218e-03  6.57094344e-02  7.01718032e-02 -5.10754995e-04
  5.27996272e-02 -1.30286552e-02 -9.42691416e-03  7.26951137e-02
 -6.56114817e-02  2.71031167e-02 -1.54177835e-02 -2.63190269e-02
  3.66988941e-03  2.95334850e-02 -2.58142427e-02  9.42418259e-03
 -4.32376415e-02 -8.17374736e-02 -3.63088474e-02  5.24440408e-02
 -4.21592891e-02  7.88388588e-03  4.79591154e-02  1.66225322e-02
  6.11300534e-03 -1.00564230e-02 -1.68204587e-02 -3.83556895e-02
  1.42080989e-02 -3.64711173e-02  6.27650246e-02  1.24562508e-32
 -3.07616056e-03 -3.41270044e-02 -3.95318307e-03  7.38895917e-03
  3.04366499e-02  5.56486435e-02 -1.91733893e-02  3.07345344e-03
 -2.16389000e-02  5.96659072e-03 -1.11487456e-01  3.19551080e-02
 -2.66190153e-02 -6.02938095e-03  7.01785833e-02  4.68947813e-02
  5.38836159e-02  1.47312572e-02 -4.18781824e-02  2.78434400e-02
  4.28058282e-02  2.05693766e-02  8.73039756e-03 -3.00464546e-03
 -3.08127962e-02  1.07854493e-01 -4.99749035e-02 -4.79120687e-02
 -1.04467995e-01  6.75426275e-02  1.71927828e-02  9.58079545e-05
  4.04458828e-02 -3.56482528e-02 -3.36934552e-02 -4.61310102e-03
 -9.15031228e-03 -2.88632489e-03 -1.25764618e-02 -3.97250615e-02
 -5.50235026e-02  7.58047262e-03  3.23139764e-02  1.80397872e-02
  1.00554870e-02 -5.41757755e-02  6.97591007e-02 -1.25912130e-02
  1.51946351e-01  7.54656941e-02 -3.92344743e-02 -1.37501843e-02
 -2.28610355e-03 -5.10581397e-02  2.35622805e-02  6.27722172e-03
 -8.47002268e-02  5.10535091e-02 -2.16574222e-02 -2.56008338e-02
  4.40417081e-02  3.45152617e-03 -6.93429336e-02  5.04924878e-02
 -2.92347204e-02 -7.03464076e-02 -2.71025598e-02 -6.51708280e-04
  1.15632698e-01 -2.19275225e-02 -1.25736400e-01  3.99896465e-02
  6.55780882e-02  4.95492667e-02  1.05777178e-02  4.09683026e-02
  6.17273673e-02 -2.02179477e-02 -6.75057098e-02  2.89572007e-03
 -7.78949335e-02  4.20358069e-02 -6.13534525e-02 -7.11308420e-02
  4.75297906e-02  5.38571067e-02  1.20396510e-01  3.57496329e-02
  3.13271023e-02  8.71391594e-02  5.07396273e-02 -3.99283953e-02
 -1.75935812e-02  2.33198535e-02  2.73197144e-02 -1.44497305e-32
  6.53145369e-03  1.27504822e-02 -3.87870031e-03 -2.73762383e-02
  4.49863188e-02  1.02086291e-02  3.84194665e-02 -1.20080737e-02
 -7.22059906e-02 -1.27954170e-01  1.09529682e-02 -7.93559179e-02
  1.00986384e-01 -1.66858342e-02 -2.97454894e-02  3.14759389e-02
 -9.22656879e-02 -3.61575149e-02 -6.89509809e-02  3.41807515e-03
  5.06924503e-02  2.95696035e-02  1.09079573e-02  2.87514981e-02
  5.70799550e-03 -6.25441074e-02 -1.15705247e-03 -4.51858565e-02
 -4.42997292e-02  4.86641377e-02 -8.59903358e-03 -2.26560934e-03
 -5.00458255e-02  1.26561031e-01  2.56994627e-02 -5.71621917e-02
  6.22358061e-02 -3.96786723e-03  1.26448050e-02  6.52410164e-02
  8.86227749e-03  4.63350043e-02  5.29930480e-02  5.22643253e-02
 -6.21327981e-02 -2.05880553e-02 -3.69983166e-02 -4.96719778e-02
 -6.51652878e-03 -3.95214707e-02  6.51744604e-02 -2.73972116e-02
 -1.81372929e-02 -6.23480976e-02  5.06770872e-02 -8.55739787e-02
 -8.57866034e-02 -5.52325323e-02 -1.57784015e-01  8.67267773e-02
  1.20902866e-01  6.28051683e-02 -4.36076969e-02  2.58147661e-02
  8.25370103e-02  1.81129426e-02 -5.96667267e-02  1.55164348e-02
  4.60453890e-03  4.60141711e-02  5.68860546e-02 -9.07861516e-02
 -1.12918794e-01 -8.11721459e-02  5.95707037e-02 -8.39672387e-02
 -7.27106724e-03  6.37066970e-03 -6.45674616e-02  6.26792535e-02
 -5.70565686e-02 -1.54775521e-02 -3.14678177e-02  1.70736313e-02
 -2.38052057e-03  5.33821769e-02 -2.72102822e-02  1.30374879e-02
 -1.04903784e-02  2.49605272e-02 -3.95868793e-02 -1.56165389e-02
  3.13510783e-02 -2.32055853e-03 -1.18599785e-02 -6.15084303e-08
  2.12979987e-02 -5.01335822e-02  1.78116206e-02  2.30107009e-02
 -2.30761003e-02 -7.02685639e-02 -5.63500822e-02 -3.23915482e-02
 -1.49253337e-02  3.39609496e-02  6.92942664e-02  3.78936203e-03
 -8.94729514e-03 -3.87154743e-02  7.06342934e-03 -4.31839339e-02
  3.74077484e-02  8.63383934e-02 -7.23020658e-02 -6.91646636e-02
  4.95772883e-02 -2.95537263e-02 -5.97701930e-02 -2.02511884e-02
 -1.59262680e-02  5.85573390e-02 -5.02789244e-02 -3.14332806e-02
 -2.64395885e-02  3.88512835e-02 -7.94296432e-03 -4.32204120e-02
 -3.37145245e-03 -7.81855881e-02 -1.32207097e-02  8.08558892e-03
 -3.56412865e-02  3.05842832e-02 -5.55135589e-03 -3.40380240e-03
  9.69045237e-02 -4.47289944e-02  1.93961002e-02  2.37300321e-02
  6.09931797e-02 -1.67451203e-02 -1.96814034e-02  3.36375423e-02
 -9.96111147e-03 -2.68567707e-02 -5.52503280e-02 -5.67116030e-02
  4.50562462e-02  2.75380258e-02 -6.68700784e-02 -1.67494249e-02
  6.64632171e-02  1.03245834e-02 -3.35238688e-02  4.81277378e-03
  9.50902700e-02  2.30702106e-02  1.50110107e-02 -4.61400189e-02]