[-1.88154243e-02  2.42491402e-02  5.80294169e-02 -2.28661690e-02
 -8.94419402e-02  7.12801842e-03 -4.73110303e-02  7.15330690e-02
  1.89095326e-02  2.72903405e-02  1.12090267e-01  1.47611918e-02
 -6.27939627e-02 -6.23593070e-02 -1.01404293e-02  2.30606273e-02
 -5.53385057e-02 -3.90884131e-02  3.24533843e-02  3.57270055e-02
  1.26903683e-01 -4.31589074e-02 -7.08774626e-02  6.61972119e-03
  1.71718246e-04  4.32944298e-02 -3.20093483e-02  8.09772983e-02
 -4.56752069e-02 -2.89196745e-02  1.82931479e-02  5.21777421e-02
  4.33805995e-02  6.68848446e-03  4.73194495e-02 -9.03856531e-02
  9.38092023e-02 -5.18485084e-02 -8.56020208e-03  7.47877657e-02
 -4.70404839e-03 -2.63298233e-03 -2.19682343e-02  3.62261608e-02
 -3.72994430e-02 -9.35631320e-02  5.01215504e-03  7.52718225e-02
 -3.28933485e-02  3.75398844e-02 -5.48810549e-02  2.66887415e-02
 -3.79907303e-02 -5.75032048e-02 -1.27619421e-02  8.92764423e-03
 -8.06052051e-03  1.29326349e-02  5.68816811e-03  3.69631834e-02
  3.86589393e-02  5.40279560e-02 -7.07711279e-02  5.89261502e-02
  1.43003538e-02 -5.24773374e-02  1.93633065e-02 -4.87803780e-02
 -9.61801559e-02  1.33301085e-02  3.16988751e-02 -9.88305882e-02
  6.69272840e-02 -5.56939878e-02 -3.39771882e-02  4.65849712e-02
 -1.32624609e-02 -2.74647959e-03 -4.99085113e-02 -1.32019594e-01
 -3.74837555e-02 -4.77762036e-02  1.61789209e-02 -9.08794627e-02
  3.16956639e-02 -7.02413097e-02  4.23565879e-02 -6.20591119e-02
  5.94258867e-02  5.46322055e-02 -6.87254505e-05  1.86691545e-02
 -3.52380611e-02 -1.50901102e-03 -1.63995121e-02  6.42733648e-03
  2.00847723e-02  1.10543929e-01  4.74892464e-03  2.25826241e-02
  4.12891135e-02  2.76765991e-02  1.85520872e-02  3.59375589e-02
  1.88426543e-02  3.05450317e-02  1.21980757e-02 -7.87296966e-02
  4.76513878e-02 -2.39097942e-02 -1.00867607e-01 -7.31185675e-02
 -1.60121694e-02 -7.00920448e-02 -1.91521049e-02  2.98887212e-02
  1.50688076e-02 -5.95423102e-04  9.08465218e-03 -3.77538204e-02
  3.62804905e-02 -9.49687213e-02 -1.86235141e-02 -4.53930954e-03
 -6.84341639e-02  3.57947149e-03  7.16846660e-02  9.18291999e-33
 -1.14778858e-02 -1.00359023e-01 -3.29235452e-03  5.57157584e-02
 -2.71291360e-02  2.08304133e-02 -1.35425493e-01  7.06197321e-02
 -7.55444542e-02 -1.30185960e-02 -9.03647095e-02 -2.89730495e-03
 -2.65042800e-02  7.48251937e-03  1.17395997e-01 -1.10707711e-02
  5.16251028e-02 -1.85772148e-03  2.37770136e-02 -2.75998842e-02
  4.28160839e-02 -6.97936267e-02 -1.85581930e-02 -3.38470601e-02
  5.68573438e-02  1.43570602e-01  1.25978775e-02 -5.39794862e-02
 -5.89975342e-02  7.13924244e-02 -7.34819993e-02  5.47837559e-03
  1.85182281e-02 -2.15912331e-02 -3.29704285e-02  7.10398611e-03
  6.57713367e-03  4.47230674e-02 -4.23691347e-02 -5.35219423e-02
  2.88562104e-02 -2.24747136e-02  1.43655054e-02  3.36394534e-02
  4.23433706e-02 -4.61508855e-02  7.89687335e-02  9.30017885e-03
  2.02475995e-01  4.32812199e-02 -5.09903729e-02 -3.30580883e-02
 -4.77915108e-02 -4.28518392e-02  5.35207950e-02  5.20826923e-03
 -1.17400572e-01  8.37065950e-02  3.25475968e-02 -1.49364332e-02
  8.39499757e-02  3.93763371e-02 -2.03440879e-02 -1.28429690e-02
  1.37167061e-02  6.59161732e-02  3.91355157e-02 -5.40456083e-03
  1.00807384e-01  5.31204790e-03 -9.80927423e-02  2.73187291e-02
  1.87492184e-02 -6.44811196e-03  1.11443028e-02 -2.48230691e-03
  3.91595736e-02  3.50901112e-02  4.92457338e-02  1.51439160e-02
 -5.41243292e-02 -9.76699986e-04  2.59638857e-02  8.20714515e-03
  3.22776809e-02  7.54081607e-02  4.64234091e-02  1.17626414e-01
 -2.50586364e-02  4.08267863e-02 -1.14470515e-02  6.85200095e-02
 -2.60389782e-02 -7.42120072e-02  4.92117517e-02 -9.10452627e-33
  8.82346928e-03 -4.67863455e-02 -8.25105235e-02  1.68920979e-02
 -4.73330393e-02 -1.06093995e-02 -5.02300225e-02  7.19015002e-02
 -5.00956215e-02 -8.30063596e-02 -6.22804388e-02 -1.16612002e-01
  1.44749627e-01 -9.01860073e-02 -2.73356754e-02  4.02879231e-02
 -1.61293522e-02 -5.09685241e-02 -5.96128888e-02 -2.34925151e-02
  2.33011041e-02  4.66408916e-02  7.19899461e-02 -3.09006646e-02
 -4.66981195e-02 -4.44028117e-02  5.12147546e-02 -6.74288869e-02
 -1.04450211e-01 -5.38753811e-03  7.22990464e-03 -1.19522270e-02
 -3.30748707e-02  6.03977852e-02 -4.99219671e-02  2.84348484e-02
  1.39235780e-02  9.34177916e-03 -3.78043875e-02  8.84770006e-02
  3.65970545e-02  5.76587729e-02  5.30284718e-02  3.11442371e-02
  9.26239602e-03  4.35188077e-02 -1.63046978e-02  1.07844332e-02
 -2.04659868e-02 -8.08256492e-02  4.48592268e-02 -1.14929490e-02
 -8.11747983e-02 -1.30300019e-02  3.09167951e-02 -3.60577218e-02
 -1.70925111e-02 -4.75221165e-02 -1.28281444e-01 -1.78308655e-02
  1.06578497e-02  3.59085128e-02  2.63895970e-02 -5.11545949e-02
  9.97100323e-02 -4.19469737e-03 -6.62707686e-02  7.46177733e-02
  5.19588888e-02  1.96638573e-02  9.65013057e-02 -6.78819269e-02
 -1.44662693e-01  1.30921779e-02  1.11244079e-02 -3.99794355e-02
 -2.05507986e-02  2.00181920e-02  1.52876033e-02  4.48014773e-02
 -4.96395491e-02  7.27396458e-03 -6.04262459e-04  5.75092621e-02
 -5.25012054e-03 -2.76657026e-02  2.83388095e-03 -2.10772380e-02
 -1.27364704e-02  5.55272065e-02  2.92668920e-02  4.32335995e-02
 -3.77666801e-02  1.79576445e-02 -5.75040132e-02 -6.33028279e-08
 -2.31375359e-03  3.22807045e-03  3.35624702e-02  5.43006249e-02
  9.85251293e-02 -3.79267964e-03 -2.10692664e-03  2.54407730e-02
  3.27534741e-04  4.46458049e-02  8.33790526e-02 -7.69831939e-03
 -3.42780724e-02  2.07074732e-02 -4.12223823e-02  1.21114692e-02
  2.61474065e-02  4.14946415e-02 -2.31822971e-02 -2.03622188e-02
 -2.42238864e-04  2.81571760e-03 -1.61408018e-02 -5.62150665e-02
  2.59861201e-02  5.77531010e-02 -1.14232384e-01 -1.02542629e-02
  4.74253893e-02 -3.16449441e-04  1.88122317e-02 -1.89050436e-02
 -3.25500965e-02 -9.04412046e-02 -1.44902701e-02 -1.72020812e-02
 -3.74549092e-03  4.81014028e-02 -4.98527065e-02 -4.28156443e-02
  8.79956856e-02 -4.16677371e-02 -3.83426137e-02  4.89784926e-02
  2.34738979e-02  4.91532609e-02 -4.01456421e-03  2.04002112e-02
 -3.82534228e-02  2.22724886e-03 -5.57288006e-02 -2.29833368e-02
  2.93031447e-02  5.45635410e-02 -1.78490244e-02 -5.71735613e-02
  2.31740270e-02 -1.48042589e-02  6.04294473e-03 -1.79750123e-03
  4.96978797e-02  5.06752990e-02 -6.26074746e-02  2.39881929e-02]