[ 9.75850783e-03  2.43668985e-02 -6.83762645e-03 -2.16114614e-02
 -1.68972835e-02  2.63733007e-02 -6.29750416e-02  7.92596564e-02
 -4.98494655e-02  6.66673122e-06  6.07554689e-02 -1.02761440e-01
 -5.31674773e-02  1.36410324e-02 -8.45019817e-02 -7.80566921e-03
 -6.45159036e-02  1.04515897e-02  4.88079153e-03 -1.19941588e-02
 -1.40290046e-02  1.19952555e-03 -4.39526066e-02 -9.43718385e-03
 -4.22270000e-02  7.10469633e-02 -9.71379282e-04 -3.61563056e-03
 -6.03592508e-02 -8.56893510e-02 -4.35943641e-02  4.46652472e-02
  8.90052989e-02 -1.80306826e-02 -1.27415694e-02 -6.29516169e-02
 -2.25655138e-02  6.18949160e-02  2.92025972e-02  6.01301938e-02
  1.43350586e-02 -6.77937493e-02 -7.90359825e-03 -3.10294162e-02
  1.61665287e-02 -6.46938756e-02 -5.48350401e-02  6.41279072e-02
  4.91038710e-02  3.32524069e-02 -1.13741063e-01  2.92908307e-02
 -1.03605976e-02  3.88739891e-02 -2.40838551e-03 -3.93411443e-02
 -5.41876182e-02 -8.89935717e-02 -1.06335096e-02  1.16477031e-02
 -3.43090110e-02  7.96988010e-02 -5.69669642e-02 -5.09488396e-02
 -3.00200824e-02 -7.46153817e-02 -5.49837574e-03  1.13445818e-02
 -3.22287083e-02  1.48783941e-02  6.89765960e-02 -2.63328291e-02
  5.81195578e-02  9.44340415e-03 -2.86370683e-02  5.21294661e-02
 -1.59163233e-02  3.39682177e-02 -4.47218195e-02 -1.33347124e-01
  2.98134256e-02 -1.96096748e-02  2.96848342e-02 -4.58230563e-02
  3.23517062e-02  4.00236109e-03  2.63309423e-02 -3.55904223e-03
  2.60467976e-02 -1.69230090e-03  3.73650156e-02  9.12230834e-02
 -8.51650536e-02  2.42038500e-02 -2.83409230e-04  4.20261249e-02
  2.73188464e-02  7.93365315e-02 -3.06713879e-02  6.09950423e-02
  2.94361580e-02 -1.28961569e-02 -9.39275995e-02 -1.20658698e-02
 -1.20293640e-01  1.53621845e-02  3.87195237e-02 -1.81863327e-02
  2.21240185e-02  9.67562757e-03 -7.20148906e-02 -1.42103797e-02
 -1.27965054e-02 -5.38234338e-02 -2.71426179e-02 -8.76208115e-03
 -7.84790218e-02 -2.29553618e-02 -4.69757468e-02  5.16066104e-02
  6.60872310e-02 -4.05876199e-03 -1.49922036e-02  5.16520068e-02
 -4.70019206e-02  3.04720029e-02  7.57200420e-02  9.69154685e-33
  3.92936394e-02 -6.06516656e-03 -3.72327976e-02  3.65214273e-02
 -3.09652612e-02 -3.19175161e-02 -1.29990757e-01 -3.22446749e-02
 -4.45261076e-02 -9.17446986e-02 -6.29432723e-02 -2.37170532e-02
 -7.96330944e-02 -5.08258194e-02  5.26884161e-02  2.35754419e-02
  5.36368042e-02 -6.12947217e-04 -2.22803522e-02  1.02854369e-03
 -1.14162369e-02  3.40669341e-02 -5.30885309e-02 -1.88364498e-02
  5.36254868e-02  2.07298622e-01  1.66024938e-02 -6.07329234e-02
 -5.02229519e-02  3.97934169e-02  3.11062764e-02 -3.15631144e-02
 -4.82084751e-02 -4.10498604e-02 -7.56679997e-02  2.02565398e-02
 -1.85385440e-02 -2.77407505e-02 -5.43694794e-02  5.24788611e-02
 -2.38074381e-02  2.42921691e-02 -5.73942205e-03  2.99444385e-02
  6.53468724e-03 -9.27833375e-03  3.49621922e-02  3.30998935e-02
  1.05274618e-01 -1.99128650e-02 -1.00658797e-01 -6.85752258e-02
 -2.14798842e-02 -2.68873684e-02  4.68439497e-02 -9.68104042e-03
 -7.11785480e-02  2.70846765e-02  4.03003693e-02  1.98622625e-02
  7.62967691e-02  4.02023830e-03 -6.20811991e-02  7.41568860e-03
  2.74428981e-03  9.19224694e-03 -3.53776440e-02  6.37000576e-02
  7.51990452e-02  2.77400855e-02 -7.11487681e-02  2.71921679e-02
  7.15643167e-02 -1.02887172e-02 -5.07215643e-03 -2.39922423e-02
  1.18977547e-01  3.07009500e-02 -3.75030353e-03  5.42208515e-02
 -2.04469021e-02  4.21072841e-02  2.36423202e-02  4.50689532e-03
  4.05640975e-02  5.99209070e-02  8.29065889e-02  6.95513636e-02
 -6.50110021e-02  5.39795943e-02 -2.91793756e-02  2.46531772e-03
  2.40648538e-03 -2.61969119e-02 -4.54050303e-02 -9.89860944e-33
  3.96841280e-02  4.04774360e-02  1.63965132e-02  3.46796885e-02
  2.38798372e-02  1.10573452e-02 -3.95739526e-02  1.06437951e-01
 -2.04273313e-03 -2.98388842e-02  1.92765705e-02 -7.39136785e-02
  1.20332986e-01 -5.70599362e-02 -1.45587772e-02  1.26094744e-02
 -1.86007787e-02  2.00649281e-03 -1.32136717e-01 -4.49611843e-02
 -5.01785018e-02  9.66428965e-02 -5.94012700e-02 -2.47965846e-02
 -8.96351263e-02  5.37586510e-02  3.16389427e-02 -4.43759337e-02
 -1.18776888e-01  3.65471840e-02  6.96311146e-03 -3.60270739e-02
 -6.76331222e-02 -7.78064923e-03 -4.20557298e-02  6.54429570e-02
  2.59002056e-02 -4.43477137e-03 -6.78639561e-02  1.29094675e-01
  3.62776369e-02  4.41320278e-02  5.26028015e-02  3.80957173e-03
 -3.26135643e-02  1.26811974e-02  1.82154111e-03  1.84843615e-02
  4.16479558e-02 -2.85361260e-02  1.00788206e-01  3.53159308e-02
 -1.36626810e-01  4.27227020e-02  5.76227121e-02 -4.92014438e-02
 -3.42705026e-02 -4.21137474e-02 -7.32617974e-02 -5.21038324e-02
 -2.39625257e-02  3.91645990e-02 -1.77629776e-02 -1.43669201e-02
  1.16008017e-02 -3.79731096e-02 -8.54118448e-03  6.70414343e-02
  3.61691155e-02  3.28051597e-02  9.26030353e-02 -3.92576344e-02
 -4.16551456e-02  1.57016739e-02  1.11749107e-02  6.80917725e-02
 -4.08087596e-02  6.52090311e-02  3.05540133e-02  5.43363355e-02
 -4.18541990e-02 -4.59134765e-02 -4.55072708e-02  4.37939279e-02
 -4.08568121e-02  4.13345546e-02  2.25679055e-02 -6.52409792e-02
  2.38217860e-02 -1.22140776e-02  3.09677050e-02 -1.06497258e-02
 -1.83766913e-02 -7.15218950e-03 -2.98347753e-02 -6.11735018e-08
  4.85641323e-02 -1.95259210e-02 -1.17973052e-02  5.19044176e-02
  5.39321825e-02 -1.75138507e-02  3.79511435e-03  1.61104486e-03
 -4.53453604e-03  9.12193879e-02  9.50391144e-02  3.15071270e-02
 -4.28241491e-02 -7.54147768e-02  3.45401727e-02 -5.62789664e-02
 -4.09034267e-03  1.31690085e-01 -9.85505804e-03 -7.08180442e-02
 -1.58410594e-02  4.49641272e-02  9.96019039e-03 -1.22781061e-01
 -6.07813941e-04 -8.10279232e-03 -6.92687407e-02 -6.50947168e-02
 -5.55318780e-02  1.28551479e-02  7.66428700e-03 -1.16790105e-02
  6.90328032e-02 -1.12018414e-01  2.72124670e-02  4.02500629e-02
 -2.43754312e-02  4.97412577e-04 -4.26606797e-02 -4.28784564e-02
  7.94985443e-02 -3.38324793e-02 -5.29301800e-02  4.90088798e-02
  2.99459305e-02 -1.41592231e-02  5.38196713e-02  1.54034132e-02
  3.26235667e-02 -7.79936463e-02 -8.27062428e-02 -2.94181202e-02
  1.02586403e-01 -1.96499377e-02 -2.93516181e-02  2.26385873e-02
  1.49614019e-02  1.99503601e-02 -6.79669715e-03 -3.60391103e-02
  1.28381103e-01 -7.68628567e-02 -6.65272400e-02  5.61621226e-02]