[-6.43562526e-02  8.30540136e-02 -7.25636855e-02 -7.81862661e-02
 -8.91539827e-02  2.42361967e-02  1.47171936e-03  4.51406054e-02
 -1.72377136e-02  2.50003897e-02  1.21554010e-01 -5.43222278e-02
 -2.38883551e-02  2.99278125e-02 -2.84863692e-02 -7.28793368e-02
  2.48136409e-02  1.48849720e-02 -2.14475282e-02  5.74931987e-02
  1.19229235e-01 -1.83948483e-02 -6.72368258e-02  1.57402717e-02
 -1.09123014e-01 -3.26075815e-02 -4.02397253e-02 -1.95135400e-02
  5.29992394e-04 -3.68004739e-02  1.57077145e-02  1.41791448e-01
 -1.32845398e-02 -6.01202287e-02  6.84919208e-02  2.13083765e-03
  1.48962820e-02  2.25582123e-02  9.16300248e-03  7.61874318e-02
 -5.79489730e-02 -2.03567576e-02 -8.77087414e-02 -8.30549002e-02
 -1.62208267e-03 -4.56521437e-02 -2.77490802e-02  6.03901409e-02
 -5.43959141e-02 -1.88996308e-02 -2.54518911e-02 -2.46359743e-02
  5.67103445e-04  5.40519468e-02 -2.79039592e-02 -1.00287400e-01
 -1.75168235e-02 -2.26032231e-02 -3.70996669e-02  2.04676334e-02
  1.96627434e-02  7.31716231e-02 -2.43141577e-02  1.99633539e-02
  4.48215492e-02  4.63101380e-02 -2.64270715e-02 -7.76804835e-02
  1.31388928e-03  4.67062555e-02  2.28668023e-02 -1.07802063e-01
  1.92766916e-02  1.76253282e-02 -1.97448507e-02  2.63360869e-02
 -5.96532971e-03  2.13863719e-02 -5.99762332e-03 -2.38989681e-01
 -5.96176088e-03  1.85394045e-02  3.12887505e-02 -5.88331185e-02
  5.98448031e-02 -7.98498765e-02 -3.61969844e-02  1.46174571e-03
  7.42354915e-02  5.40057868e-02  8.16955417e-02  5.88773191e-02
 -2.23643482e-02 -5.04368022e-02  1.14017300e-01 -4.68066894e-03
  4.53520520e-03 -5.72213344e-03  6.21135235e-02  2.02720799e-02
  6.06311262e-02 -4.46681166e-03 -9.63514820e-02  3.69417891e-02
 -3.25136110e-02  1.43815279e-02  9.06460546e-03 -9.22033042e-02
  1.37499142e-02  5.43283597e-02 -1.10639691e-01 -3.06228269e-02
 -3.10226367e-03 -9.35944766e-02 -5.72989471e-02  2.56411340e-02
 -4.78109233e-02  2.75046192e-03  2.74659097e-02 -4.08504382e-02
 -4.71510319e-03 -2.94777341e-02 -8.68577044e-03 -2.36146152e-02
  3.78643908e-02 -4.83799465e-02 -1.74816940e-02  8.25614261e-33
 -1.09884925e-02 -4.71314043e-02 -5.02665676e-02 -6.90424023e-03
 -2.02100724e-02  3.13333608e-02 -7.28403106e-02  1.09368339e-02
  4.01754640e-02  4.65764552e-02 -3.46314139e-03  5.44684902e-02
 -3.12916711e-02  9.15398728e-03  5.79547808e-02  9.94309783e-03
  3.36113758e-02 -4.15570624e-02  1.45303598e-02  5.78583255e-02
  1.39070395e-02  1.06290542e-02 -3.60971340e-03  4.64035943e-03
 -3.98060717e-02  1.05983473e-01 -6.13062344e-02  1.77878402e-02
 -5.95004112e-02  5.50572090e-02  5.26159368e-02 -5.02319336e-02
  9.00591761e-02 -2.21413318e-02 -5.59112802e-02 -2.97429715e-03
 -1.03977239e-02  4.49063405e-02 -7.06087202e-02 -8.46836716e-03
 -2.49494333e-02  5.76584716e-04  3.85471433e-02  9.66509059e-03
  5.24819307e-02 -1.20101999e-02  4.67713997e-02 -7.95660540e-02
  5.44000678e-02  7.23012015e-02  4.30248752e-02 -3.27471010e-02
 -2.84148827e-02 -4.97200117e-02 -4.36954154e-03 -7.98495766e-03
 -1.11414433e-01  4.91402969e-02 -1.89230740e-02 -6.60903975e-02
  1.23594776e-02 -4.33092704e-03 -7.80057758e-02 -3.15992907e-02
 -5.01298942e-02 -1.76924579e-02 -2.66309809e-02  9.79996286e-03
  7.61417150e-02 -5.36499210e-02 -1.08206101e-01  1.36384657e-02
 -5.37570473e-03  2.88070533e-02  2.94173472e-02  3.59756616e-03
  4.90849465e-02 -5.31973923e-03 -4.19361666e-02  6.55281544e-03
 -1.40362252e-02  1.63899343e-02 -1.38683850e-02 -6.64011389e-02
  4.21655700e-02  4.75778244e-02  1.76661219e-02  3.76134850e-02
  4.90370654e-02 -5.21848304e-03  7.19970167e-02  5.92636839e-02
  1.25159416e-02  7.64079839e-02  9.36824903e-02 -1.14534204e-32
 -4.38446663e-02  2.18741968e-02 -1.04905576e-01 -8.27652961e-03
 -2.34620227e-03  3.59475389e-02 -4.54711821e-03 -3.52769829e-02
  2.39461269e-02 -6.17311522e-02 -5.44939674e-02 -1.28072277e-01
 -2.45243148e-03  1.53093059e-02 -7.12719634e-02 -4.44373256e-03
 -9.02755558e-02  1.26333097e-02 -5.99468313e-02 -1.73587212e-03
  6.06197007e-02  7.73018450e-02  1.59728434e-02 -3.61975245e-02
 -3.06079676e-03  4.55510095e-02 -2.56805103e-02  8.77195504e-03
 -5.32096289e-02  4.22884300e-02  3.40573080e-02  1.68922283e-02
 -3.27993408e-02  7.72903785e-02 -5.78994583e-03 -1.01621799e-01
  6.48046434e-02  6.85684895e-03 -8.90215188e-02  3.96015234e-02
  4.38184328e-02  1.05704449e-01  3.22786272e-02  2.00291700e-03
 -4.23072614e-02  1.75451266e-03  1.18785370e-02 -1.20338716e-01
  3.45535949e-02 -3.72431912e-02  8.70914608e-02 -1.62137020e-02
  1.28851924e-02  1.43584358e-02  1.19925020e-02  1.09234229e-02
 -9.97969788e-03 -2.57013068e-02 -3.22027653e-02  1.00022718e-01
  6.61754236e-02  2.11596545e-02 -5.16119115e-02  1.66831780e-02
  7.94345513e-02  2.08501406e-02 -2.80395094e-02  5.74083067e-02
  8.04063231e-02  7.52385939e-03  1.57426856e-02 -5.46981879e-02
 -1.08732216e-01 -7.11553246e-02  5.86929219e-03 -3.44469547e-02
 -6.69240765e-03 -3.64794992e-02 -2.31673550e-02  1.61057208e-02
 -8.52424279e-02 -4.54093218e-02  1.31232021e-02  1.18039558e-02
 -7.25326762e-02 -2.00726259e-02 -6.15822487e-02  4.42513917e-03
  3.13174091e-02  4.27895859e-02  2.50039622e-03  2.35247407e-02
  7.80688897e-02 -5.37137203e-02 -4.00892954e-04 -6.26525605e-08
  1.75811946e-02 -7.26175830e-02  2.83144973e-02 -4.48318794e-02
  7.24723861e-02 -5.10062724e-02 -2.60964260e-02 -2.32215710e-02
 -5.03171375e-03  3.83534208e-02  4.46574502e-02 -5.06009068e-03
 -7.97418058e-02 -5.22188619e-02  2.48025544e-02 -1.94206983e-02
  7.98677504e-02  4.91595827e-02 -3.55786756e-02 -2.64095906e-02
  7.32470080e-02 -2.88685188e-02 -7.72455856e-02 -1.58120766e-02
 -5.71714267e-02 -2.80052479e-02  3.25699076e-02  2.40267050e-02
 -3.51238959e-02  5.51842637e-02 -5.83139174e-02  5.07537499e-02
  6.07328601e-02 -1.07006021e-01 -8.75946283e-02 -8.77462234e-03
  2.94672754e-02  1.26834819e-02 -4.45808992e-02 -2.98479702e-02
  8.68138894e-02 -2.03742459e-02 -1.15342420e-02 -2.73542386e-02
  4.35201637e-02 -9.03631225e-02  1.45830866e-02  3.99370231e-02
 -1.58370438e-03  2.16059722e-02 -5.07053398e-02  3.17964256e-02
  5.48573025e-02  3.77041772e-02 -1.94067564e-02 -6.49916232e-02
  2.53045242e-02  1.49388677e-02 -6.16379753e-02 -2.26257872e-02
  1.31660402e-01  5.05572557e-02  8.31687450e-02 -7.41109923e-02]