[-1.41829243e-02 -1.58933345e-02  6.13622507e-03 -4.15386483e-02
  8.43155314e-04 -6.62909746e-02  5.88398241e-02  6.02570102e-02
 -2.49488931e-02  2.60091815e-02  1.19990095e-01 -5.34673128e-03
 -2.92145032e-02  3.35674211e-02 -1.70316938e-02 -3.73293422e-02
  5.39260916e-02 -4.88387160e-02 -1.25890240e-01  5.16685061e-02
  1.54424265e-01 -2.61682682e-02 -5.03392778e-02  1.08000347e-02
 -9.35074165e-02  4.43999143e-03 -1.35573400e-02 -6.40313849e-02
 -6.44512028e-02 -8.44067857e-02 -3.89151304e-04  2.72381902e-02
  1.45478934e-01 -5.14295623e-02 -1.68328509e-02 -6.07857704e-02
  1.83500033e-02 -1.09318607e-01 -8.16586912e-02  6.38918877e-02
 -5.56421168e-02 -6.03087544e-02 -8.24621320e-02 -1.53878536e-02
  2.15690807e-02 -2.73919143e-02  1.33748921e-02  7.65890777e-02
 -1.39506282e-02  1.00766061e-04  2.16423674e-03  8.01751837e-02
 -3.94968912e-02  5.73015101e-02 -3.20435613e-02 -1.04827322e-01
 -1.01023316e-01  1.89679917e-02  4.68694493e-02  3.36586013e-02
 -3.58795398e-03  3.00929341e-02 -5.42712286e-02  3.49948034e-02
  5.07599581e-03 -1.23133641e-02 -1.55297583e-02 -2.54592001e-02
  3.18768970e-03  6.36050254e-02  6.74355635e-03 -4.29738052e-02
  1.65347233e-02  5.80394827e-02 -3.65189207e-03  4.45892811e-02
 -2.58915052e-02 -4.45486903e-02 -4.59103733e-02 -1.15862988e-01
  1.51853240e-03 -2.20588762e-02  5.10291643e-02 -9.40863192e-02
  6.43682256e-02  2.51206812e-02 -3.09065171e-02  7.29877502e-02
 -7.41273761e-02  2.08888166e-02  2.06247997e-02  2.92679332e-02
 -7.59653226e-02  3.50968577e-02  1.12500181e-02  5.11391368e-03
 -4.96421121e-02 -3.54921147e-02  4.07845154e-02 -1.33754220e-02
  4.46232371e-02  8.23223218e-03 -2.71745119e-02  1.79645233e-02
 -3.28266658e-02 -6.86856136e-02 -2.33694520e-02 -2.30096765e-02
 -1.37856556e-02  1.38705090e-01 -4.60474901e-02 -4.81896065e-02
 -4.07530926e-02 -5.41504547e-02 -2.37263907e-02 -4.52130288e-02
 -4.99205329e-02 -2.64357012e-02  3.70650813e-02 -1.39282143e-03
 -3.54423448e-02 -1.06827691e-01 -9.88550484e-04 -3.50992307e-02
  8.75258967e-02 -4.67183329e-02  1.74133647e-02  1.06511999e-32
 -6.76741153e-02 -1.59417838e-02 -3.65965106e-02 -7.65665667e-03
  1.98029280e-02 -2.18301173e-03 -2.72134263e-02  2.90372577e-02
  4.29512411e-02  6.04344271e-02 -3.58029827e-02  6.98100924e-02
 -5.23709729e-02 -1.90061331e-02  9.13877264e-02 -1.77951176e-02
  7.24202245e-02  1.33126453e-02 -1.69324316e-02 -4.45012301e-02
 -4.28406447e-02  1.63056841e-03  2.37791408e-02 -7.81151326e-03
  1.82722248e-02  3.32978815e-02 -1.32570425e-02 -3.44055034e-02
 -2.45473180e-02  5.66236228e-02  4.40389514e-02 -4.34042737e-02
  2.51163319e-02 -2.56819688e-02 -2.72191893e-02  2.49707773e-02
  2.25058645e-02  3.10203116e-02 -4.50200625e-02  9.34494007e-03
 -4.85512652e-02  9.43975523e-03  4.35833856e-02  3.99984270e-02
  1.49544096e-02  2.09271023e-03  8.37340858e-03 -2.68170401e-03
  4.28987928e-02  3.17326859e-02 -4.42349054e-02 -9.34806559e-03
 -2.53779851e-02 -1.40799135e-02  3.05813514e-02  3.84269655e-02
 -8.94042477e-02 -2.11830698e-02 -2.65028514e-02 -5.42021506e-02
  1.68981068e-02  1.42629584e-02  2.37184903e-03 -9.36384965e-03
 -5.96253090e-02 -1.73987839e-02 -4.12957510e-03  3.42137776e-02
  2.84980629e-02 -2.13635489e-02  1.39058009e-02 -5.79132289e-02
 -2.54930258e-02  4.52124700e-02  3.61193158e-02 -5.69879590e-03
  1.37741596e-01  2.65918039e-02 -5.08884490e-02  5.45602515e-02
 -4.82049249e-02  1.09478412e-02  8.59379582e-03 -1.99117810e-02
 -1.23389727e-02  2.17533857e-02  3.28573771e-02  7.57509246e-02
 -5.95193543e-02  5.79957925e-02  6.50786087e-02  8.81619677e-02
  1.33293523e-02 -2.04760842e-02 -2.76400847e-03 -1.25472884e-32
 -3.47305052e-02  3.98288220e-02 -6.44436926e-02 -8.79867282e-03
 -2.10169684e-02  3.92187014e-02 -1.71875227e-02  1.29870564e-01
 -1.61427483e-02 -1.18773282e-01 -2.72657871e-02 -2.81804358e-03
  1.70217585e-02 -9.33625177e-02 -6.33205548e-02  1.66603085e-02
 -6.67701883e-04 -5.48288412e-02 -5.68763837e-02  6.63964683e-03
 -3.39866281e-02  7.03971833e-02  2.93772407e-02  2.81840842e-02
 -1.79928429e-02 -3.96937318e-02 -6.41730279e-02  4.96432222e-02
 -1.25854118e-02 -1.07739670e-02  5.29126683e-03  1.31101720e-03
  1.62639553e-04  8.09068456e-02  5.76089416e-03 -9.41977575e-02
  5.62225431e-02  2.13175751e-02 -7.48808011e-02  7.55393133e-02
  9.30937603e-02  6.06482625e-02  8.87404568e-03 -8.26326311e-02
 -2.11900380e-02 -2.46916153e-03 -2.27670167e-02 -1.67027712e-01
  9.97543335e-03 -8.49953964e-02  1.35121122e-01 -3.91650982e-02
  5.64113632e-02  5.00515401e-02  5.78104854e-02  4.54111956e-02
  2.16225302e-03 -4.16094325e-02 -8.77125263e-02  1.15721850e-02
  9.77941230e-02 -8.26594420e-03 -6.38620555e-02 -4.77845669e-02
  6.98575228e-02 -3.57383713e-02  1.65824629e-02  1.25498185e-02
 -2.23896373e-02  4.22950871e-02  6.15169480e-02 -9.21839476e-02
 -6.01325817e-02  1.89803503e-02 -2.49888729e-02 -9.92516205e-02
 -2.91702114e-02  2.28097662e-02 -9.77743417e-02  4.57339175e-02
 -1.07558765e-01  4.87695746e-02 -4.55423482e-02  2.74517597e-03
 -3.53512056e-02  5.29953931e-03  4.98977862e-02 -9.87882465e-02
 -4.28933054e-02  6.85820356e-02 -2.93159101e-04  5.72522283e-02
 -5.23322783e-02  2.39668600e-02 -7.52734020e-02 -6.22894376e-08
  1.41464220e-02 -9.34224725e-02  1.02253623e-01  1.99362519e-03
  3.80832627e-02 -3.99582554e-03  4.69670445e-03  1.90178957e-02
 -1.48282852e-02 -6.52688183e-03  4.50383648e-02  1.09212361e-02
 -2.00921539e-02 -2.23935191e-02  5.00497706e-02 -4.26661782e-02
  4.67445254e-02  8.22918117e-03 -3.37329730e-02 -4.10768613e-02
  4.18310314e-02  2.43080631e-02 -5.20640872e-02 -2.46599093e-02
  3.41063254e-02  4.59028892e-02  4.58781384e-02 -2.21694279e-02
  1.30770504e-02  4.05671485e-02 -3.74953449e-02 -6.06935062e-02
  3.00963409e-02 -5.22180134e-03 -8.30961019e-02 -6.89263865e-02
  3.19711119e-02 -2.76046526e-02 -1.18725926e-01  3.23417634e-02
  1.15991175e-01 -6.25936314e-02  3.27643380e-02  1.62162669e-02
  5.81763610e-02 -5.03318235e-02  4.24031727e-03  1.28085762e-02
 -4.53591580e-03  2.32212320e-02  7.76135782e-03  9.58132073e-02
  7.56624155e-03  2.07870938e-02 -3.02958563e-02 -7.96241313e-02
  6.71500415e-02  4.80369814e-02 -8.59822780e-02  1.13545461e-02
  9.05045792e-02  9.55841616e-02 -7.20320791e-02  2.70232391e-02]