[-2.90152114e-02  7.30836168e-02 -1.22253010e-02 -2.37907898e-02
 -4.76809703e-02 -3.00066937e-02  1.89139973e-02  1.09631523e-01
 -4.00631316e-02  7.73414969e-02  2.69599408e-02 -1.10119484e-01
  2.62666959e-02  3.25841643e-03 -2.10457183e-02 -4.52748016e-02
  1.64919738e-02  5.57952859e-02  2.40084785e-03  6.24517314e-02
  1.47709489e-01 -2.58597340e-02 -6.92654699e-02  7.95279816e-02
 -1.23132385e-01  3.07683032e-02 -6.89494535e-02  1.77930053e-02
 -5.48512451e-02 -5.37739806e-02 -4.54891250e-02  9.36367810e-02
  1.02741562e-01 -2.47431118e-02  1.18746180e-02  3.34139057e-02
 -5.00460481e-03 -3.79579365e-02 -5.71274608e-02  9.85981748e-02
 -1.30554870e-01 -2.15430260e-02 -6.84451461e-02 -3.68532501e-02
  2.15301272e-02  5.46053611e-02  3.24284807e-02  1.96957979e-02
 -7.96658546e-02 -6.42822683e-02  2.67265569e-02 -6.61393255e-02
 -4.94508334e-02 -2.94789998e-03  3.98340113e-02 -5.82397729e-02
 -2.28095260e-02 -1.96059290e-02  3.39474082e-02  3.86262778e-03
  2.28107870e-02  1.73680037e-02 -6.61924854e-02 -8.11345689e-03
  6.39929324e-02 -2.87715383e-02 -1.79610755e-02 -1.04515571e-02
 -2.43420508e-02  6.96462393e-03  1.00737259e-01 -3.87384221e-02
  3.45249288e-02  2.19448060e-02 -5.29861413e-02  6.69322833e-02
 -1.03475992e-02  5.61010204e-02  2.22848058e-02 -1.77431434e-01
  6.08665049e-02  4.27225381e-02 -2.55525205e-02 -4.48506251e-02
  6.77561983e-02 -4.60810699e-02  4.16226126e-02 -1.16047664e-02
  8.62261578e-02  2.82217134e-02  4.67316387e-03  6.79122284e-02
 -3.08417659e-02 -5.15078083e-02  2.77398136e-02  1.44821843e-02
 -2.01029383e-04  8.25574994e-03  9.58149508e-02 -8.86523630e-03
  5.97688109e-02  1.30660394e-02 -3.63015011e-02  3.51082236e-02
 -3.22062746e-02 -4.76336256e-02 -1.41269015e-02 -3.14994268e-02
  1.55761009e-02  5.16632833e-02 -7.64544606e-02 -7.40892962e-02
 -7.07858577e-02 -7.59718418e-02 -5.88273555e-02  3.63118351e-02
  2.33526342e-03 -2.98778992e-02 -2.57575884e-03 -3.25040892e-02
  1.77564251e-03 -5.55637144e-02  7.16126114e-02 -5.55988625e-02
  1.08168900e-01  1.56832933e-02  5.50119206e-02  1.07806343e-32
 -2.75818557e-02 -8.81634504e-02 -6.69212490e-02 -2.12656404e-03
 -6.32508425e-03  4.13007895e-03 -3.38841341e-02 -4.67936369e-03
  6.73402399e-02  4.70064022e-02 -5.18600270e-02  6.72687739e-02
 -2.96837334e-02  3.58200148e-02  1.39711022e-01 -4.52367589e-02
  7.34641328e-02 -5.09073921e-02 -4.54500727e-02  4.19873698e-03
 -3.64046991e-02  1.21541442e-02  5.84182702e-03 -1.67584438e-02
  1.87453423e-02  4.92237993e-02 -5.74411787e-02 -2.90777292e-02
 -1.00837126e-01  2.86669265e-02  1.06986202e-01  8.66192300e-03
 -1.92479161e-03  3.56835052e-02 -5.06178699e-02 -5.78959100e-02
  6.65305043e-03 -1.66324228e-02 -7.66943162e-03 -4.95739505e-02
 -4.40564901e-02 -5.75496592e-02  5.85847981e-02 -2.76393741e-02
  9.44274887e-02 -3.71881090e-02  1.87277179e-02 -2.07347330e-02
  6.40365779e-02  4.18670550e-02  1.57818384e-03  4.43192571e-02
 -3.21925730e-02 -7.93437734e-02 -5.28072827e-02  2.82181632e-02
 -6.10181019e-02  1.18455067e-02 -5.71526326e-02 -5.25925355e-03
 -5.05095832e-02  6.79964274e-02  1.04073370e-02 -5.68541372e-03
  1.01256715e-02 -5.60268722e-02 -1.58573110e-02  3.72281782e-02
  8.15511718e-02  2.05683503e-02 -6.89821616e-02 -5.83554693e-02
 -4.35402244e-02  9.18025225e-02 -1.34939253e-02 -2.25835219e-02
  1.09307691e-01  5.73588833e-02 -1.02089718e-01  2.18084976e-02
 -6.94002733e-02  5.37801310e-02 -3.47734094e-02 -2.19296832e-02
  3.59956846e-02 -2.01008236e-03  3.77034470e-02  7.14348704e-02
  4.48900536e-02  6.78796321e-02  2.10195678e-04  2.28830762e-02
 -1.75166316e-02  2.36600246e-02  5.09369150e-02 -1.29896005e-32
  4.14007343e-02  1.61788296e-02 -5.62074818e-02 -2.66363416e-02
 -1.93188153e-02 -1.40298828e-02 -1.40544036e-02 -6.11887239e-02
 -5.26280776e-02 -9.41149369e-02 -6.64042681e-02 -3.07117812e-02
  7.67086968e-02 -2.99055316e-02 -3.03110462e-02  2.40599737e-02
 -1.13461442e-01 -3.92951146e-02 -7.73782805e-02  6.13968959e-03
 -7.44987372e-03  7.01801106e-02  4.19573560e-02 -6.71911985e-02
 -2.08133887e-02 -1.70417260e-02 -2.21666601e-02 -2.62480285e-02
 -7.34678656e-02  2.59016957e-02 -2.70118713e-02  6.23407774e-03
 -5.69674326e-03  9.56133828e-02 -4.14739847e-02 -6.03560284e-02
  7.65828565e-02 -2.66707689e-02 -4.91631143e-02  6.46392927e-02
  4.61797453e-02  5.90134598e-02  6.39375821e-02 -4.28528944e-03
 -1.87423509e-02 -9.62325931e-03  1.21868737e-02 -9.95714441e-02
 -6.22698059e-03 -6.72357082e-02  1.43998086e-01 -1.47588728e-02
  1.54253896e-02 -4.27393280e-02  9.40759405e-02 -6.59583658e-02
 -5.06275967e-02 -8.01254064e-02 -6.86137825e-02  4.54583988e-02
  1.56521231e-01  1.42560117e-02 -2.67543793e-02 -2.24538893e-03
  2.60872599e-02  2.33234446e-02 -5.11550792e-02  5.30192703e-02
  3.86220496e-03 -4.27633151e-03  1.26798805e-02 -7.38673583e-02
 -6.28967881e-02 -2.44215373e-02 -1.03365649e-02 -4.28850390e-02
 -6.84262887e-02  2.50315275e-02 -3.91972288e-02  6.06154464e-02
 -3.75086516e-02 -7.51136756e-03 -2.87959799e-02  2.57336181e-02
  1.10079329e-02 -1.71184130e-02 -7.70567209e-02  1.68669205e-02
  5.66602610e-02  2.79858224e-02 -6.86089694e-02  2.36724000e-02
  1.10191898e-02  6.07456677e-02 -1.78783350e-02 -7.26730818e-08
  4.55515832e-02 -4.95339520e-02  4.52852473e-02  7.60956714e-03
  4.80113663e-02 -6.45807162e-02  8.62349104e-03 -2.12684348e-02
 -3.45240459e-02  6.24482036e-02 -3.88502562e-03  4.96467166e-02
 -2.76738256e-02  1.89943947e-02 -6.82186289e-03 -6.22661784e-02
  5.62615246e-02  5.39331846e-02 -8.18267986e-02 -2.01149471e-02
  5.24809174e-02 -4.85451259e-02 -1.20106921e-01  1.62767898e-02
  3.94730680e-02 -5.24807535e-02 -2.42254082e-02  8.44877027e-03
 -5.05643338e-02  4.54282649e-02  2.20628716e-02  7.25913420e-03
  4.19532284e-02 -2.53297724e-02  2.05683652e-02  2.34079007e-02
 -1.32944463e-02  7.29144737e-02 -2.60578804e-02 -2.41951291e-02
 -2.26794407e-02 -7.80383721e-02 -1.51235312e-02  2.67058071e-02
 -5.90893626e-03 -4.14976478e-02 -7.36218691e-02  3.51972170e-02
 -2.10976508e-02 -3.21627110e-02 -1.62036307e-02 -1.50327431e-02
  4.77281623e-02  3.92448828e-02  3.03104576e-02  9.39068632e-05
  5.78132272e-02 -9.67450906e-03 -6.11039847e-02 -1.17730806e-02
  1.62366554e-02  5.85107580e-02  1.63086504e-02 -3.80159132e-02]