[-7.42126703e-02 -9.57430713e-03 -8.46407935e-02 -7.85286501e-02
 -1.03329025e-01 -3.12834717e-02  3.70943882e-02  1.09621152e-01
  2.97412649e-02  4.16858457e-02  8.58816952e-02 -1.67258773e-02
 -1.28260981e-02 -1.14367378e-03  6.76426217e-02 -8.05380568e-02
 -8.86975229e-03 -3.77149507e-02  2.66082701e-03 -3.05910334e-02
  1.37243360e-01 -4.10349965e-02 -5.48213944e-02  2.27641184e-02
 -3.08892578e-02 -6.96586668e-02 -2.33689211e-02  2.84008384e-02
 -3.77370231e-02 -2.13568080e-02 -4.02407311e-02  3.03408597e-02
  1.10327512e-01 -7.70388579e-04 -2.04048166e-03  4.11873534e-02
  3.44260223e-02 -4.88070473e-02 -8.86233002e-02  7.88909718e-02
 -8.05391446e-02 -5.20905517e-02 -7.38390535e-02 -6.24503382e-02
  4.14066855e-03 -5.65955304e-02 -7.04778871e-03  7.42740696e-03
 -3.59955393e-02 -8.25743005e-03 -5.48809133e-02 -2.23029815e-02
 -1.61187984e-02  2.99163219e-02 -1.49547933e-02 -1.65668856e-02
  5.94221940e-03  2.93920282e-02 -5.68099320e-03  3.54245752e-02
 -4.87734266e-02  4.92625684e-02  4.66333469e-03  1.65009163e-02
  1.81689449e-02 -8.16044770e-03 -1.08661335e-02 -3.08745392e-02
  7.57563626e-03 -4.43892330e-02 -2.83767190e-02 -6.74254671e-02
 -3.08293942e-02  3.99835743e-02 -6.76776692e-02  9.63281170e-02
  7.84425344e-03  8.30962434e-02 -9.09805472e-04 -1.76221251e-01
  7.71563277e-02  3.18599194e-02  1.29594868e-02 -4.67211716e-02
 -1.12772863e-02 -4.27765921e-02 -5.70110753e-02  1.57770459e-02
  5.64107858e-02  1.94159243e-02  5.89777566e-02  4.55575064e-02
 -4.27947342e-02 -1.11398241e-02 -3.20478231e-02 -2.76651047e-02
  7.68103730e-03 -4.62164059e-02  1.25238765e-02 -7.05536874e-03
  2.63893064e-02 -2.26169415e-02 -3.90411578e-02  7.55757391e-02
 -2.91540548e-02 -2.51279976e-02  2.30088066e-02 -5.13261631e-02
  2.41698921e-02  7.20307231e-02 -1.23476632e-01 -5.07381484e-02
 -9.49167684e-02 -1.07050993e-01 -1.44465521e-01  4.97547649e-02
 -7.77216256e-02  2.08342797e-03  6.09507263e-02 -1.51566118e-02
 -2.13990477e-03 -4.83327210e-02  3.04992031e-02 -4.06015255e-02
  5.35737686e-02  9.33980662e-03  7.53817931e-02  1.00005138e-32
 -5.36499768e-02  3.44352573e-02 -8.70106295e-02  2.51158755e-02
  1.37141896e-02  3.62029560e-02 -2.71219425e-02  3.26227471e-02
  1.82984676e-02  3.07683013e-02 -6.31676242e-02  3.14223506e-02
 -1.40466038e-02 -7.35436454e-02  9.16298851e-02 -5.31345643e-02
  1.12660825e-02  4.30604927e-02  9.08051338e-03 -3.81251262e-03
 -2.87697408e-02 -3.20093660e-03  3.70911844e-02 -1.31822396e-02
  1.12422921e-01  8.65416825e-02 -3.90038714e-02  3.07815522e-02
  3.45756463e-03  1.85342040e-03  1.13864288e-01 -4.72770892e-02
  2.17803903e-02 -1.80480517e-02  1.92122646e-02  8.59022897e-04
 -1.69833507e-02 -3.72977145e-02 -2.08793897e-02 -1.38829397e-02
 -3.65440249e-02 -1.84937008e-02  4.82767783e-02  2.20858436e-02
 -4.34208848e-03 -3.05089634e-02  2.08935197e-02 -1.45707158e-02
  1.52298450e-01  5.59732914e-02 -6.72344957e-03  1.44248651e-02
 -6.11713156e-02 -1.97014995e-02  7.50669762e-02 -4.12899582e-03
 -4.34787720e-02  2.75283232e-02  3.54084708e-02 -5.93641214e-02
 -1.19279446e-02 -3.16709094e-02 -3.48824146e-03 -4.10120487e-02
 -1.56813394e-02 -8.50738660e-02 -1.61691569e-02 -2.05929745e-02
  1.23981930e-01 -5.26278326e-03 -4.46402542e-02  1.12575525e-02
 -1.91739630e-02  6.94405213e-02 -6.06672429e-02  1.25928679e-02
 -1.68954413e-02  4.51717824e-02 -8.40203241e-02  4.27387916e-02
 -3.99507619e-02  1.70296635e-02 -1.40187871e-02  5.78495860e-03
  1.02529116e-01  2.81876922e-02  6.91609904e-02  6.72929361e-02
 -1.00531233e-02  4.38977368e-02  2.20599528e-02  1.42062664e-01
 -3.16700339e-02  1.06162839e-01  5.38922101e-02 -1.24404286e-32
 -3.07488330e-02  2.39698179e-02 -7.56528080e-02 -6.23397827e-02
 -2.40151919e-02  4.10695896e-02  7.79405283e-03 -2.02448498e-02
 -6.69247434e-02 -6.82608411e-02 -4.63641472e-02 -5.07212281e-02
  7.14954063e-02 -8.66672173e-02 -5.02004996e-02 -3.94797288e-02
 -1.28727332e-01 -4.60730977e-02 -1.06778014e-02  2.97749899e-02
 -3.27589400e-02  6.10771663e-02 -1.67042296e-02  3.79586145e-02
 -2.53121648e-02 -1.05931453e-01 -5.24177477e-02  5.89589365e-02
 -4.39701751e-02 -4.64681946e-02  3.87924612e-02 -5.34978844e-02
 -6.61642104e-02  1.47096142e-01 -2.04820130e-02 -4.78913561e-02
  8.47688466e-02  4.72662002e-02  1.07635194e-02  7.34586716e-02
  1.10390566e-01  1.02255056e-02 -1.03550563e-02 -2.96379700e-02
 -7.36796632e-02 -1.09248667e-03  1.03125889e-02 -8.30140710e-02
 -2.91648135e-02  3.98180820e-03  4.90755811e-02 -6.12014234e-02
 -7.28149572e-03 -1.48824016e-02  7.68748224e-02  4.54658680e-02
  1.49507485e-02 -6.02503195e-02 -5.07040694e-02 -3.01982393e-03
  1.34771019e-01 -5.24737081e-03  5.40513955e-02  1.68094784e-02
  9.43176523e-02  1.32910823e-02  2.77951127e-03  7.31833577e-02
  3.14864442e-02  2.06998810e-02 -2.32807430e-03 -5.61028458e-02
 -5.47922812e-02 -4.05783132e-02  3.81855457e-03 -5.46152033e-02
 -5.13656400e-02  4.76997793e-02 -9.19787586e-03 -4.34043966e-02
 -5.22621237e-02  3.95038351e-02  6.24908367e-03  7.65870733e-04
 -6.85773939e-02  4.52652834e-02  1.07231952e-01  3.65458126e-03
  1.88766548e-03  4.25019301e-04 -5.07019982e-02  5.21594435e-02
  4.20739986e-02  9.56814066e-02 -5.20231947e-02 -6.49548895e-08
  8.94627068e-03 -4.78687957e-02  1.40434597e-02 -4.32886593e-02
  9.34696794e-02 -1.07685432e-01 -2.39515044e-02  6.24905247e-03
 -2.44080685e-02 -8.28703027e-03 -1.84019525e-02 -1.54556893e-02
 -6.35706037e-02  7.87682366e-03  4.65539284e-02 -7.60551319e-02
  1.16928378e-02  8.47912133e-02 -1.51561778e-02 -1.63090099e-02
  7.34753236e-02 -3.95226367e-02 -3.98124680e-02 -1.63218036e-04
  8.60136673e-02 -9.59813315e-03 -5.34798428e-02  3.26399803e-02
 -7.88391288e-03  4.07334119e-02 -1.53733101e-02 -4.43075085e-03
  4.51830626e-02 -3.08294985e-02 -2.11347286e-02 -4.27623885e-03
 -4.55571823e-02  1.44446045e-02 -2.01500440e-03 -6.83838455e-03
  8.17624480e-02 -2.72653606e-02 -1.22438669e-02 -8.34352430e-03
  4.86520007e-02  6.44768821e-03 -1.81276463e-02 -6.89574191e-03
  2.45232191e-02 -5.10646328e-02 -7.12409019e-02  1.20821390e-02
  9.76717938e-03  1.29323953e-03  2.04758216e-02 -7.24299848e-02
  2.54270453e-02  1.34579623e-02  3.73055972e-02  3.26585956e-02
  2.82236794e-03  1.36330612e-02 -6.61456957e-03 -3.34091596e-02]