[-1.40960123e-02  5.07079773e-02 -2.50945576e-02 -5.73557988e-02
  4.22386620e-06  3.94293144e-02  5.71311153e-02  1.05337389e-01
 -3.74757722e-02  1.03802316e-01  5.66565245e-02 -1.03309490e-02
 -5.96714392e-02  1.50484461e-02  1.90718099e-02 -5.42065464e-02
  5.77167645e-02 -2.49366965e-02 -3.22662406e-02  7.81167448e-02
  1.58150673e-01 -6.22695088e-02 -7.42054209e-02  3.50368069e-03
 -3.77874412e-02 -2.31222827e-02 -6.16782978e-02 -3.48558426e-02
 -5.29524172e-03  8.91170185e-03 -1.96841136e-02  1.01241477e-01
  2.91547575e-03 -6.04286883e-03  6.77278712e-02 -3.92996334e-02
  2.00338718e-02  1.71143003e-02 -2.96613574e-02  4.41276357e-02
 -3.74141373e-02 -2.27598045e-02 -7.73795843e-02 -6.91718385e-02
 -2.53444392e-04 -9.32872221e-02  4.52860706e-02  3.11445724e-02
 -1.72338635e-02  3.28752398e-02 -8.00129175e-02 -2.11933907e-02
 -1.78892165e-02  7.22558498e-02 -1.85326505e-02 -6.91406652e-02
 -8.59642960e-03  2.55046748e-02 -5.23273200e-02 -5.73204979e-02
 -4.32163924e-02  1.24033354e-02 -6.31520897e-02 -3.35202441e-02
  9.04076621e-02 -2.56125648e-02 -1.66330170e-02 -1.95770990e-02
 -2.98539624e-02  3.23092453e-02  5.89010194e-02 -7.11638704e-02
  3.76696661e-02 -4.09134030e-02 -3.30965184e-02  6.18885793e-02
 -1.51120396e-02  1.14090525e-01  1.69842541e-02 -1.40944555e-01
  2.66549811e-02  2.07294524e-02 -5.87520702e-03 -1.97608657e-02
 -4.99888584e-02 -4.13220301e-02 -3.20957042e-02  2.57596690e-02
  9.39600766e-02  1.07450364e-02  7.74757117e-02  9.68121737e-02
 -1.87498033e-02 -8.07296038e-02 -4.59561609e-02 -2.78180707e-02
 -6.80182315e-03  2.10065506e-02  6.88765869e-02  2.13379357e-02
  6.90257251e-02  2.27633324e-02  3.00102471e-03  5.79736615e-03
 -1.86111461e-02  2.22235937e-02 -1.04039796e-02 -6.87760860e-02
  3.76848951e-02  4.09746207e-02 -7.28006810e-02  2.85554919e-02
 -5.91083877e-02 -5.43718152e-02 -6.45907819e-02  4.66524065e-02
 -5.71142808e-02 -1.60188824e-02  5.84620982e-02 -1.82078150e-03
  4.53231633e-02 -8.36713798e-03 -3.35540128e-04 -6.40148148e-02
  4.33004238e-02  1.42187590e-03  1.72130428e-02  1.12170285e-32
 -1.78540461e-02 -6.59815371e-02 -6.49009272e-03 -5.54942805e-03
 -1.97859146e-02  3.90944220e-02 -1.62425055e-03  4.57544029e-02
  4.11690958e-03  3.06929741e-02 -1.02336019e-01  6.18447922e-02
 -3.26133147e-02  9.84322093e-03  7.27158040e-02 -4.15128283e-02
  1.07164495e-02  4.60945144e-02  1.69564188e-02  2.54897531e-02
  5.11821471e-02 -3.27980444e-02  5.40633220e-04 -2.52601132e-02
  1.19969184e-02  4.02578861e-02 -4.92200628e-02 -3.34912166e-02
 -1.98846720e-02  6.28934056e-02  1.08974420e-01  1.95596162e-02
  6.42752647e-02  4.26121958e-04 -5.94328903e-02  7.53797730e-03
 -3.65934670e-02  1.51027050e-02 -5.36134467e-03 -4.97423373e-02
 -7.47119933e-02 -1.74358417e-03  8.70631412e-02  4.91821468e-02
 -9.37281549e-03 -3.78488079e-02  3.24911959e-02 -2.31762454e-02
  1.23679861e-01  6.60026371e-02 -5.54609345e-03 -3.61900888e-02
 -2.42960025e-02 -2.41841767e-02 -9.17496998e-03 -6.06095092e-03
 -8.22149813e-02  3.11629139e-02 -9.79775377e-03 -7.37595707e-02
  1.11487359e-02 -1.02825738e-01 -7.39476308e-02  2.97022853e-02
 -5.68753518e-02 -4.57897969e-02  2.52810214e-02  3.63916680e-02
  1.37882382e-01 -2.15350594e-02 -1.10903338e-01 -5.61094750e-03
  3.17210257e-02  6.95105419e-02  4.29848582e-02  4.44645388e-03
  1.15232468e-01  3.17515130e-03 -8.58026221e-02 -1.57391524e-03
 -6.35120198e-02 -1.96330491e-02 -4.96924147e-02 -2.22935304e-02
  7.73093700e-02  5.61871082e-02  6.63180500e-02  7.11848866e-03
  1.62816364e-02  6.82409387e-03  3.60158309e-02  1.03621352e-02
 -5.99902309e-02  4.70784009e-02  2.64851991e-02 -1.32621153e-32
 -1.09722372e-02 -6.41016522e-04 -4.09655124e-02 -3.29251550e-02
  2.28896504e-03  5.69037832e-02  1.59655174e-03 -5.44173196e-02
 -4.91109751e-02 -9.16724578e-02 -6.41507581e-02 -8.07595253e-02
  6.07872345e-02  1.17222965e-02 -1.31470710e-01  4.38601673e-02
 -8.58038068e-02 -2.92986687e-02 -3.66172381e-02 -2.78375763e-03
  3.43047865e-02  1.01193339e-01  7.70695731e-02  1.36509575e-02
 -2.21357122e-02 -6.62825555e-02 -3.46549638e-02 -4.69366759e-02
 -6.27450943e-02  5.33767976e-02  2.03050673e-02  1.64726935e-03
 -4.71039861e-02  6.31905943e-02 -2.32161861e-02 -4.37200554e-02
  5.22779636e-02 -7.65100121e-02 -4.08740491e-02  1.15922414e-01
  4.45754342e-02  5.42536862e-02  1.94326174e-02  9.43832449e-04
 -4.05816324e-02 -3.06826010e-02 -6.42071515e-02 -1.16867095e-01
  4.40734960e-02 -8.88895541e-02  8.88937116e-02 -4.21106145e-02
 -8.06963630e-03  2.46651266e-02  5.82668297e-02 -1.50944041e-02
  3.31229484e-03 -6.02770150e-02 -1.09556466e-01  4.14371602e-02
  5.94853945e-02  5.20126671e-02 -2.05082223e-02 -6.31912276e-02
  1.13978744e-01 -2.95820311e-02 -1.00050429e-02 -1.43130263e-02
  1.65707413e-02  3.18543576e-02  2.83653717e-02 -7.53000081e-02
 -7.67042786e-02 -8.05705437e-04  3.14937159e-02  4.69247960e-02
  1.52630573e-02 -3.75383757e-02 -6.01422414e-02  2.00972203e-02
 -3.07280701e-02  5.94119821e-03 -7.87845440e-03 -5.61657101e-02
 -6.33454993e-02 -4.82199527e-03  3.19955312e-02 -2.06105039e-02
 -2.06545889e-02  8.43311995e-02 -7.07966387e-02  1.78585481e-02
  9.51471105e-02  3.26740667e-02 -1.81629341e-02 -5.71152441e-08
  1.70478374e-02 -4.17123102e-02 -7.31907226e-03  5.39768264e-02
 -2.49043126e-02 -1.01870343e-01 -1.68890487e-02  2.52823699e-02
 -2.03676019e-02 -3.22463969e-03  1.12738281e-01 -4.39810120e-02
 -8.87460262e-02 -4.97527495e-02  1.76096186e-02 -7.00547248e-02
  4.16005030e-03  7.35299289e-02 -6.56063184e-02 -4.02164124e-02
  2.45577805e-02  2.52851937e-03 -7.59114400e-02 -4.31764200e-02
  6.57793730e-02  2.48250435e-03  1.32600144e-02  5.97459823e-03
  1.17316740e-02  6.04037121e-02 -4.04926166e-02 -2.67728548e-02
  3.39013971e-02 -5.91981634e-02 -1.13318719e-01  8.34292732e-03
 -3.71143557e-02  3.21426010e-03 -2.81141885e-02  1.39964102e-02
  7.73922130e-02 -3.18381153e-02 -4.31962013e-02 -2.91878656e-02
  3.11160497e-02 -3.23925652e-02 -6.49584383e-02  4.21040580e-02
 -7.73567893e-03 -8.56246799e-02 -4.48247455e-02 -8.02233908e-03
  5.15283644e-02  1.91803649e-02 -2.80529950e-02  1.69826373e-02
  5.24253845e-02  5.39554171e-02 -3.95107418e-02 -4.98339683e-02
  7.47732893e-02  5.13361767e-02  4.59870361e-02 -3.91112119e-02]