[-6.98829675e-03  3.21279764e-02 -5.29995970e-02 -1.64941605e-02
 -1.39744962e-02  6.07902976e-03  2.21575033e-02  8.05297270e-02
  3.62036042e-02  4.55081202e-02  6.15044795e-02 -3.97364683e-02
 -3.59951593e-02 -6.34423806e-04 -3.36907208e-02 -1.43692093e-02
  4.73299213e-02 -2.71919067e-04 -5.51577844e-03  1.15943350e-01
  1.43371657e-01  1.18363146e-02 -4.92029972e-02  3.41909938e-02
 -2.28357427e-02  1.60310008e-02 -2.27027871e-02  8.44303984e-03
 -7.52657279e-02 -4.15280350e-02 -1.71178617e-02  5.65279573e-02
  9.22029391e-02 -1.50482152e-02  2.04091482e-02 -1.00907022e-02
  1.00140579e-01 -5.10347299e-02 -4.13582772e-02  2.09342390e-02
 -6.52154982e-02 -8.11687559e-02 -5.28337471e-02 -2.70026494e-02
  3.41532798e-03 -5.95741421e-02  7.83615559e-02  5.04567241e-03
 -3.60684544e-02  1.74660794e-02 -6.53795805e-03  8.87858216e-03
 -8.34856108e-02  1.88918896e-02  9.35426075e-03 -3.86920124e-02
 -2.26273946e-02  4.03555110e-02  3.00732721e-03  4.59599420e-02
 -5.24401031e-02  1.63642876e-02 -1.11017199e-02  3.42037715e-02
  3.37690152e-02 -1.96592268e-02  2.33182907e-02 -2.47762389e-02
 -1.06597595e-01  6.05763681e-03  6.96673319e-02 -5.22772633e-02
 -3.23781893e-02 -6.77735358e-02 -3.09971943e-02  5.87286577e-02
  1.90017894e-02  5.12168594e-02  2.60835029e-02 -1.33834779e-01
  1.00818435e-02 -1.21692452e-03 -1.71501860e-02 -5.88161275e-02
  1.17607079e-02 -3.62676084e-02 -1.27050159e-02 -1.23206833e-02
 -6.55541010e-03 -1.81494199e-03  1.68664064e-02  3.64169441e-02
  1.63257867e-02  1.84870455e-02 -2.56003141e-02 -1.96322310e-03
 -3.56501564e-02 -2.13482883e-02  1.12487622e-01 -1.57148130e-02
  9.92920697e-02  1.15894862e-01 -4.22696844e-02 -4.30427901e-02
 -5.28128780e-02  1.37265455e-02  3.81680280e-02 -6.17282763e-02
  4.00522985e-02  1.24004699e-01 -6.52391836e-02 -2.30738949e-02
 -1.44639865e-01 -6.90541342e-02 -8.84142891e-02 -3.38533111e-02
 -8.90844315e-02 -3.27158123e-02  2.40577534e-02 -1.85055882e-02
 -6.82780966e-02 -9.19082314e-02  2.84555424e-02 -4.07957360e-02
 -4.93041065e-04 -3.86607051e-02  2.43082605e-02  9.95272332e-33
 -7.33127296e-02 -3.15908045e-02  7.28455093e-03 -3.05875540e-02
 -5.97718544e-02  1.15543706e-02 -4.80158925e-02  3.64266336e-02
  4.23849560e-02 -1.35505507e-02 -6.68214709e-02  9.92751420e-02
 -5.59750460e-02  3.25652733e-02  1.01918675e-01  3.34127317e-03
 -1.38620315e-02 -3.74191906e-03  6.28973842e-02  5.04439510e-03
  9.41835437e-03 -4.76113334e-02  2.64493879e-02 -7.18098879e-02
  7.48088285e-02  9.49693546e-02 -4.22847196e-02 -3.82919721e-02
 -2.03128834e-03  4.08565328e-02  3.47301252e-02  8.11407343e-03
  2.49280762e-02 -7.01840874e-03 -7.50710070e-02 -3.89877707e-02
 -7.41154561e-03  3.23363915e-02 -5.05686589e-02 -3.81997488e-02
 -1.66556668e-02  3.28373932e-03  4.94396836e-02  1.99654736e-02
 -1.16966933e-03 -1.14817731e-02  8.57394040e-02 -2.70184558e-02
  1.14333488e-01  6.20879978e-02 -7.23917559e-02 -1.00850880e-01
 -5.64024746e-02 -5.70122860e-02  1.23087142e-03 -6.93585426e-02
 -8.04424211e-02  1.72334407e-02 -3.07383277e-02 -8.80213454e-02
 -6.77849576e-02  2.15288661e-02  7.71863312e-02 -7.48962387e-02
 -1.49100767e-02  2.37129796e-02 -2.16541085e-02  2.42127217e-02
  7.41062388e-02  1.13437958e-02 -2.47918796e-02 -9.46591888e-03
 -1.81489941e-02  4.47822586e-02  3.72333936e-02  5.30338055e-03
  7.58629516e-02  2.59396862e-02 -1.53257772e-02  3.80323566e-02
 -3.90032977e-02 -3.69997658e-02  2.56416537e-02 -6.96362602e-03
  3.80490348e-02  7.63310492e-02  4.84608188e-02  8.15254822e-03
  2.35112105e-02  3.12767178e-02  4.60752398e-02  9.12255943e-02
 -5.48135005e-02  2.08433457e-02  7.55193755e-02 -1.29827723e-32
  2.12714020e-02  8.90250206e-02 -6.01420477e-02 -2.17229291e-03
 -1.12270424e-02 -2.57323161e-02 -1.77659988e-02  9.85161867e-03
  1.64207034e-02 -9.10150781e-02 -6.85532466e-02 -7.10015893e-02
  6.90075755e-02 -1.27665894e-02 -4.04090062e-02 -5.50097926e-03
 -3.20503488e-02 -8.89012963e-02 -5.26396334e-02 -5.92800342e-02
 -3.97374853e-02  6.86338767e-02  1.02091338e-02  2.32146424e-03
  3.91410105e-02 -5.10938242e-02 -2.53267158e-02 -5.46461418e-02
 -5.23894690e-02 -3.32561508e-02  8.90898108e-02  1.31763343e-03
 -2.78844666e-02  9.10404772e-02 -1.13412272e-02 -6.21565282e-02
  6.09113015e-02  6.01364579e-03 -1.00993263e-02  1.32562682e-01
  8.58607739e-02  8.05971101e-02  8.43177363e-03 -3.49439345e-02
 -7.40760192e-02 -4.94691618e-02  2.69374810e-02 -8.75717625e-02
  7.67031685e-02 -9.46623236e-02  1.21480979e-01 -2.66908929e-02
 -5.55401333e-02 -4.12746780e-02  2.43109185e-02  5.56960031e-02
  7.05489144e-02 -5.43827452e-02 -5.41985519e-02 -5.07834628e-02
  2.40387879e-02  5.76511249e-02 -9.68147721e-03 -3.51574644e-02
  1.16766877e-02 -2.52693761e-02  2.69873384e-02 -3.78843024e-02
  1.20937929e-03  2.72197481e-02  2.46901289e-02 -4.11396213e-02
 -5.81994951e-02 -3.21133155e-03 -2.86217518e-02 -5.90518955e-03
 -6.56256592e-03  2.17844453e-02  3.73052689e-03  4.51621041e-03
 -8.47269408e-03  3.15323025e-02 -2.44510099e-02 -3.66312377e-02
  6.88590761e-03 -3.13736424e-02 -4.43672910e-02 -3.84045169e-02
 -5.70394211e-02  3.25187743e-02 -5.77110276e-02  9.67096090e-02
 -5.63901402e-02  6.40408099e-02 -1.10923082e-01 -6.25652348e-08
 -1.69651974e-02 -5.33716567e-02  2.68094502e-02  4.07205299e-02
  1.80034991e-02 -2.88558695e-02  2.05108020e-02  1.34647954e-02
 -4.03820165e-03  3.15585993e-02  4.58729416e-02 -1.28620882e-02
 -1.07503839e-01 -1.59653742e-02 -1.06535666e-02 -8.38198140e-03
  4.43604700e-02 -9.47936729e-04 -5.35379611e-02 -1.90358404e-02
  9.30976197e-02 -1.32154720e-02 -1.35123849e-01 -3.85954119e-02
  3.38701829e-02 -5.39746732e-02  1.38453515e-02  1.39715138e-03
  3.45451646e-02 -2.92707719e-02 -2.87043415e-02  5.00217453e-02
  1.21716289e-02 -6.05785996e-02 -2.85007507e-02 -3.54125425e-02
  1.66817486e-01  5.06288521e-02 -9.05316994e-02  5.45578860e-02
  1.00779131e-01 -5.56096509e-02 -8.93809870e-02 -4.70033810e-02
  5.74792661e-02  7.94177502e-03 -1.05765807e-02  3.00870370e-02
 -7.59635912e-03  5.64808846e-02 -4.04001176e-02 -2.01034546e-02
  3.98585014e-02  4.52042036e-02 -1.79951265e-02 -6.91421032e-02
 -3.24174762e-02  7.77284009e-03 -2.70645898e-02 -5.71718924e-02
  9.32240412e-02  2.09484827e-02  2.05461644e-02 -3.65790091e-02]