[-6.08511157e-02  1.50133744e-02 -3.03920321e-02 -5.85849732e-02
 -1.16023421e-01  2.51901615e-02  1.55955544e-02  9.02250558e-02
  1.22387253e-03  5.14984690e-02  7.74321482e-02 -2.24748743e-03
  8.55873339e-03  1.14183789e-02  2.21318332e-03 -3.23315300e-02
  9.29583311e-02 -4.02719192e-02  3.78191210e-02 -3.05757839e-02
  1.31956443e-01 -4.23990302e-02 -8.57520327e-02  1.71868093e-02
 -9.75609198e-02 -5.29361591e-02 -6.46467656e-02 -8.39530583e-03
 -2.30764579e-02 -2.65909825e-03 -5.37359379e-02  4.08674106e-02
 -5.32017276e-02 -2.72755045e-02 -1.53135881e-02 -8.30802694e-03
  3.87988128e-02 -2.02656407e-02 -6.53271284e-03  1.61242131e-02
 -5.26697263e-02 -3.32600214e-02 -8.24774280e-02 -7.53661469e-02
  1.41988033e-02 -4.99536097e-02  1.39984144e-02 -1.39854907e-03
 -6.59457669e-02 -3.05851325e-02 -6.69254139e-02  6.88865199e-04
  5.82795590e-03  1.91545915e-02  5.30994730e-03 -5.46299703e-02
  2.05480680e-02  2.81676576e-02 -1.69130638e-02 -2.36478448e-02
 -6.84074685e-02  7.84910992e-02 -7.29547516e-02  3.13229039e-02
  6.28349110e-02 -4.32698056e-02 -2.11198628e-02  4.89326101e-03
 -2.29996722e-02 -7.39832781e-03 -2.82583735e-03 -1.09444484e-01
  9.33007279e-04  3.67006510e-02 -7.75502697e-02  8.35166350e-02
 -3.64329130e-03  7.27552474e-02  1.61910076e-02 -1.32936552e-01
  2.55161244e-02  1.33749722e-02  7.51182670e-04 -6.67262003e-02
 -1.99328233e-02 -7.16464892e-02  2.29267515e-02  5.22725806e-02
  1.22561149e-01  4.52109650e-02  9.02947634e-02  1.00481503e-01
 -3.41741964e-02 -2.77943797e-02  1.04094185e-02 -4.68823202e-02
  9.10163671e-03  1.05582938e-01  2.49295067e-02  1.77995693e-02
  1.03757322e-01 -2.47802050e-03 -3.51224728e-02 -1.58293359e-02
 -6.18053228e-02  2.79728528e-02  2.58883554e-02 -4.11095433e-02
  5.81934974e-02  2.95610502e-02 -9.92270187e-02 -2.73316894e-02
 -4.65445854e-02 -1.03476763e-01 -3.94429266e-02  7.43374377e-02
 -6.99203312e-02  5.35382032e-02  2.19563302e-02  3.71056795e-02
  2.16527265e-02  3.17988405e-03 -2.64155939e-02 -1.90261267e-02
  6.49854988e-02 -1.35832364e-02  4.24855947e-02  1.11391939e-32
 -1.09007750e-02 -8.20405334e-02 -4.99653295e-02  2.63274703e-02
 -1.73747838e-02  5.06342873e-02 -1.85156111e-02  5.35109937e-02
  1.42382681e-02 -8.40553455e-03 -1.03272200e-01 -1.57006073e-03
 -2.31055804e-02 -5.11856899e-02  6.27015457e-02 -2.39495304e-03
  1.56740863e-02  4.37922888e-02 -1.79954506e-02  7.20240455e-03
  4.35542352e-02 -3.11679225e-02  1.03359884e-02  2.65139993e-02
  7.25636352e-03  5.86700514e-02 -4.01073284e-02 -8.37586354e-03
 -5.25734052e-02  4.58715037e-02  4.10797261e-02  5.08588273e-03
  2.53781918e-02  1.47488359e-02 -3.75033952e-02  5.55510400e-03
 -1.29996762e-02 -2.29810886e-02  9.00650211e-03 -6.60308674e-02
 -1.73684116e-02  2.28025038e-02  3.39162499e-02  2.98408102e-02
 -1.84443931e-03 -8.15375969e-02  3.91355045e-02 -5.76289780e-02
  8.19361284e-02  1.12507291e-01 -4.97098640e-02 -2.09792983e-02
 -2.56534927e-02 -3.15983072e-02  3.07599362e-02  5.18188141e-02
 -6.12386763e-02  7.82270581e-02  1.20478189e-02 -4.37929519e-02
  3.24785220e-03 -2.54540965e-02 -6.56927526e-02  3.29477265e-02
 -1.86697897e-02 -5.12726344e-02 -1.58322267e-02 -8.71067587e-03
  1.29631296e-01 -5.13198152e-02 -1.01563118e-01  3.39394920e-02
  3.53116058e-02  1.43816639e-02  1.27658285e-02 -5.53113036e-02
  8.30674693e-02 -3.80090773e-02 -5.53155057e-02  5.80675062e-03
 -6.31421879e-02  2.75056232e-02 -4.68841270e-02 -4.43613864e-02
  9.38893110e-02  5.30086383e-02  4.14726622e-02  4.83396649e-02
  5.63002378e-03  7.05899522e-02  5.35558201e-02  1.28399376e-02
 -7.11617619e-03  8.80957544e-02  7.24989325e-02 -1.25336982e-32
  3.09341308e-02  9.24733467e-03 -6.78881407e-02 -2.50320192e-02
  5.82306646e-02  2.97421347e-02 -1.65732822e-03 -1.01039056e-02
 -5.40485494e-02 -8.97888690e-02 -9.36043635e-03 -7.80955404e-02
  1.18893772e-01  4.57931869e-02 -7.49726892e-02 -2.16652378e-02
 -3.05709653e-02 -3.91776748e-02 -7.59664699e-02  5.26602473e-03
  9.56127513e-03  8.31862316e-02  4.51296307e-02  1.56628415e-02
  1.85747594e-02 -4.26363200e-02 -2.20610239e-02 -3.40819024e-02
 -3.74983661e-02  4.14577201e-02  4.67677526e-02  1.54797407e-03
 -6.09847903e-02  1.61417946e-01 -1.32840779e-02 -4.06538732e-02
  1.09488808e-01  1.14963613e-02 -1.79467127e-02  1.27071872e-01
  6.43063486e-02  6.91595078e-02  2.57536694e-02 -2.97689680e-02
 -6.45787418e-02  8.16503074e-03 -2.28360090e-02 -1.64756984e-01
  2.46899910e-02 -7.66390190e-02  7.17425495e-02 -1.46708218e-02
  6.04642695e-03 -7.70718837e-03  6.79274574e-02 -5.05979247e-02
 -2.96664126e-02 -6.24475963e-02 -1.46451563e-01 -3.15899439e-02
  9.31307152e-02  4.76375744e-02  1.49778929e-02 -2.40837857e-02
  1.29878536e-01 -1.94124179e-03 -4.28839363e-02  5.01169898e-02
  2.13316642e-02  1.84567664e-02  1.16082821e-02 -8.39560553e-02
 -9.82309356e-02 -2.82433070e-02  4.82913293e-02 -3.94993573e-02
 -3.12298331e-02 -4.40241955e-02 -7.96255097e-02  1.02462824e-02
 -4.77476865e-02  8.20092205e-03 -8.23487807e-03 -1.97822917e-02
 -3.95965539e-02  2.94131506e-02 -3.62363569e-02  7.16631720e-03
  1.02903889e-02  3.65616381e-02 -2.81029698e-02  4.10915120e-03
  5.60368188e-02  4.10528965e-02 -2.19218470e-02 -7.05937282e-08
  1.86016634e-02 -7.50731230e-02  1.97964180e-02  2.90845614e-02
  2.02961937e-02 -5.85390851e-02 -6.96155503e-02 -3.87202017e-02
 -1.47930589e-02  3.42104547e-02  7.29531273e-02 -4.81775515e-02
 -6.28842562e-02  9.95343458e-03  4.88567837e-02 -7.00085685e-02
  3.21746022e-02  4.35267687e-02 -3.66011187e-02 -7.50612542e-02
  2.26475275e-03 -3.82843316e-02 -8.18642825e-02  4.53923829e-03
  2.81340256e-02  1.14569999e-02 -4.50829454e-02  3.12180594e-02
  9.72806849e-03  5.54071330e-02 -2.74773482e-02 -3.42346989e-02
  3.34679373e-02 -7.02509508e-02 -5.00890352e-02  2.88629252e-03
 -2.49808840e-02  7.16077387e-02  1.01627142e-03  3.09471302e-02
  9.10309255e-02  2.24047527e-02  2.06048917e-02  1.37916040e-02
  6.75477758e-02  5.12351934e-03 -4.95649129e-02  1.66500453e-02
 -4.67180368e-03 -7.95320272e-02 -6.25778660e-02  3.12728807e-02
  3.76282074e-02  2.35167015e-02  2.88023371e-02  1.42071033e-02
  6.01963662e-02 -1.13165891e-02 -4.67854515e-02 -3.19305398e-02
  6.21303432e-02  3.56182754e-02  4.15631607e-02 -4.21602987e-02]