[-5.47454692e-02  2.75888722e-02 -4.01877910e-02 -6.21438250e-02
 -5.56457080e-02 -6.85427990e-03  5.90204634e-02  8.09065923e-02
  1.71754044e-02  6.69203475e-02  4.76614945e-02 -2.39879289e-03
 -1.98836066e-02  7.41950348e-02  4.51458246e-02 -1.02513403e-01
  4.92868796e-02 -5.04628159e-02 -2.49722530e-03  1.04234070e-02
  1.64060682e-01 -4.84194420e-02 -1.10274762e-01  6.66020364e-02
 -7.37953931e-02 -3.38153206e-02 -2.16826983e-02 -2.50240183e-03
 -4.14793678e-02 -3.35267149e-02 -2.45569125e-02  4.22357060e-02
  7.87479654e-02  5.45670325e-03 -2.51160804e-02  8.55042189e-02
  9.70805064e-02 -2.80611441e-02 -5.61514460e-02  7.62567818e-02
 -9.93100926e-02 -4.93222894e-03 -5.83118945e-02 -7.65644610e-02
  2.17322856e-02 -1.91107541e-02  2.74398904e-02 -6.94504157e-02
 -2.49930620e-02 -3.84688973e-02 -5.58541417e-02 -1.29887718e-03
 -5.10305911e-02  7.57542579e-03  3.71345505e-02 -8.59107375e-02
  2.25768592e-02 -8.61605182e-02 -5.95421642e-02  9.08132643e-03
 -6.97896779e-02 -2.03287676e-02  1.62927043e-02  1.36161055e-02
  5.38525023e-02 -4.32293266e-02 -6.35773763e-02 -5.69691621e-02
 -7.76951108e-03 -2.91011087e-03  3.68209556e-02 -5.87027259e-02
  1.26639642e-02  3.07337418e-02 -1.98221169e-02  6.75613359e-02
  9.03210696e-03  9.67819095e-02 -3.10003795e-02 -1.62944168e-01
  3.65438536e-02  3.37530896e-02 -2.59670895e-02  1.36042507e-02
 -1.30347870e-02  1.50257507e-02 -5.56470603e-02 -6.93612639e-03
  8.46519992e-02  1.53917074e-02  4.37949561e-02  6.36839420e-02
 -5.02156988e-02 -2.47610956e-02  2.75647314e-03 -1.90586988e-02
 -2.10860278e-02 -2.20911894e-02  5.72540686e-02 -3.00773568e-02
  5.60462922e-02  2.30633877e-02  2.37295609e-02  3.82568277e-02
  1.10691888e-02  2.92130578e-02 -2.44371984e-02 -6.08315505e-02
 -5.25982445e-03  1.00238524e-01 -5.04764728e-02 -5.67409545e-02
 -6.41762614e-02 -4.82965335e-02 -9.96926576e-02  2.65460089e-02
 -5.41865006e-02 -3.80912907e-02  6.57697255e-03 -1.73440035e-02
  1.80915091e-02  2.05939747e-02  7.18838871e-02 -6.55416306e-03
  8.86128563e-03 -6.59418255e-02  4.79060523e-02  6.92263243e-33
 -6.37819692e-02 -6.56711385e-02  1.65771227e-02  1.88264400e-02
 -1.79033540e-02  3.09969881e-03 -4.19667130e-03  3.69159169e-02
  9.44900438e-02  6.03817264e-03 -8.53508934e-02  9.59744826e-02
  9.07189306e-03 -1.29903257e-02  3.77322957e-02 -3.10899597e-02
  3.69963385e-02  3.94886918e-02 -1.61923759e-03 -1.82379056e-02
 -2.84515936e-02 -8.47574603e-03 -2.62511196e-03  1.91240199e-02
  8.10730010e-02  7.69118443e-02 -1.40766958e-02 -9.26717371e-03
 -3.56336795e-02  2.55485065e-02  9.68977734e-02 -3.04724486e-03
  2.97690760e-02  2.25494597e-02 -9.23847184e-02 -5.89659158e-03
 -4.04163711e-02  2.39723399e-02 -4.83259335e-02 -4.52077277e-02
 -3.27713303e-02  1.26850531e-02  8.12162384e-02  6.43447265e-02
 -8.36878270e-03 -4.96324413e-02  4.88700718e-02  7.20811728e-03
  3.63817587e-02  6.08416162e-02  2.25523878e-02 -6.39230534e-02
  2.95736119e-02 -1.84177347e-02 -1.63251851e-02  3.53098512e-02
  9.49301757e-03  3.85201052e-02 -2.83095296e-02 -3.04330327e-02
 -7.51586109e-02 -7.09898323e-02 -4.49230894e-02  6.33125240e-03
  7.51316026e-02 -7.98078775e-02  3.66078131e-02 -1.50972828e-02
  1.43168449e-01  3.47880162e-02 -8.79321992e-02  6.30776444e-03
  3.99826467e-03  3.49052697e-02 -5.40430993e-02 -1.34719722e-02
  4.77752909e-02 -4.80356775e-02 -1.01949595e-01  2.79827118e-02
 -7.89853856e-02  1.62516767e-03 -5.48756011e-02 -4.98553254e-02
  3.65734845e-02  7.13524148e-02  9.01089832e-02  2.51394119e-02
 -2.16349624e-02  5.20351827e-02 -1.25052864e-02  1.29162997e-01
 -1.07021481e-02  8.36465135e-02  5.88485003e-02 -9.74237155e-33
  4.03048508e-02  4.30919090e-03 -5.19862995e-02  2.83752494e-02
  3.15460786e-02  5.38437925e-02  8.41901600e-02 -5.91437370e-02
 -1.22314237e-01 -4.62427512e-02 -7.36280382e-02 -1.13199525e-01
  5.76555617e-02  3.03311795e-02 -5.26155718e-02  2.92115118e-02
 -9.27802920e-02 -4.43085209e-02 -9.55916476e-03  1.82077736e-02
 -4.91517410e-02  8.38197470e-02  2.74717137e-02 -6.57059327e-02
  2.92520318e-03 -6.77871779e-02 -8.05015415e-02 -6.19242266e-02
 -4.63685058e-02 -1.54550336e-02  1.77308768e-02 -7.73594230e-02
 -1.91581156e-02  1.08972348e-01 -8.80008005e-03 -7.32542649e-02
  5.02650291e-02 -1.23530729e-02  1.58063613e-03  5.63022159e-02
  3.54944803e-02  2.83866376e-02 -8.54616798e-03 -5.79099171e-02
 -3.65808308e-02 -8.88631400e-03 -9.02491529e-03 -6.77096918e-02
  1.70549713e-02 -5.34328260e-02  3.51560973e-02 -4.21784148e-02
 -3.49416547e-02  1.54291922e-02  6.62530437e-02 -5.11203287e-03
  2.80678608e-02 -9.08898488e-02 -7.63493031e-02 -5.91562688e-03
  1.13533579e-01 -1.92920323e-02 -1.65267009e-02  5.02125220e-03
  5.16860262e-02 -6.00043975e-04  6.99563045e-03  8.09532683e-03
 -3.73660587e-02 -3.47173065e-02 -1.82720926e-02 -2.25594472e-02
 -2.54636966e-02 -5.09496406e-02 -2.83168852e-02 -7.53547475e-02
 -1.48327285e-02 -1.55010195e-02 -2.75276322e-02 -3.94410035e-03
 -6.06857836e-02  1.41765494e-02 -3.52831930e-02  1.20382961e-02
 -7.63767436e-02  4.69954275e-02  1.22460060e-01  8.02640095e-02
  2.87110601e-02  4.61750589e-02 -7.61474147e-02  8.52684155e-02
  4.95409593e-02  3.41488905e-02 -5.05978689e-02 -5.57619693e-08
 -4.11360636e-02 -1.31227802e-02  4.44079041e-02  2.24277074e-03
  2.68688202e-02 -7.06880838e-02 -2.82045975e-02  7.05473796e-02
  1.46975908e-02  5.48930243e-02 -8.88846291e-04 -4.09880355e-02
 -8.12281296e-02  3.08676492e-02  4.91654985e-02 -7.06930310e-02
  5.34366071e-02  7.07142940e-03 -1.48124835e-02 -7.35094473e-02
  8.90777335e-02 -4.09981012e-02 -1.09695472e-01 -1.28487684e-02
  4.97766398e-02 -3.40777524e-02 -6.65262043e-02  1.03229154e-02
 -3.21693979e-02  2.31620036e-02 -3.29639763e-02 -4.78021838e-02
  8.75914544e-02 -2.87514925e-02 -1.21555210e-03 -2.87211146e-02
 -3.10109165e-02 -1.88223016e-03  1.50532313e-02 -2.44603474e-02
  8.13541785e-02  1.41719896e-02 -2.62490008e-02 -1.60559844e-02
  2.69480161e-02  1.17051499e-02 -2.64759194e-02  4.32493649e-02
 -2.47375201e-02  1.92651600e-02 -7.19505176e-02  1.51554635e-02
  5.45864105e-02  1.12429010e-02  7.60439485e-02  9.73981223e-05
  6.63779974e-02 -5.85289523e-02  2.40356866e-02  2.92298477e-02
  6.95166215e-02  5.46318479e-02 -2.00244482e-04 -2.80910153e-02]