[ 3.14447843e-02 -1.52401133e-02 -1.15914755e-02 -4.80350889e-02
 -1.50655434e-02 -1.37416525e-02  3.50956619e-02  1.33891448e-01
 -1.55747298e-03  6.56543598e-02  7.26561472e-02 -5.02208620e-02
  1.03194769e-02  3.26954201e-02  5.74883586e-03 -1.23883218e-01
 -1.76409855e-02  1.80574674e-02 -7.92893693e-02  2.17102896e-02
  6.96428716e-02 -6.35713860e-02  2.78156567e-02 -7.51118287e-02
 -2.08174568e-02  4.46503609e-02  3.35367657e-02 -4.76481505e-02
  1.89272463e-02 -9.01897401e-02 -1.32341012e-02  4.28639576e-02
  4.81032059e-02 -5.96490726e-02  1.61509088e-03 -1.48694552e-02
 -1.09651070e-02 -1.04875304e-01 -8.41577053e-02  3.14795263e-02
 -4.64529023e-02 -6.09608479e-02  3.65316332e-03 -1.13483742e-01
 -1.02500794e-02 -7.19930604e-02 -1.30096334e-03 -1.86439455e-02
 -3.92742939e-02  3.56015353e-03 -8.22279900e-02  3.98108624e-02
 -6.99880272e-02  5.95028177e-02  3.92517336e-02 -7.19727054e-02
 -1.80572469e-03  2.42655110e-02  4.44919504e-02 -2.21315282e-03
  5.69882356e-02  3.87714989e-02 -9.93374065e-02 -2.93420814e-02
  1.16922207e-01  2.68815160e-02 -1.32818641e-02 -3.27952318e-02
 -5.60921580e-02  1.13369981e-02  2.25902181e-02 -6.36540307e-03
  5.97093292e-02  3.16207372e-02  1.20067550e-02 -2.14758534e-02
  4.65614125e-02 -4.31401469e-03 -3.19949873e-02 -4.13340479e-02
  6.44844547e-02 -1.07304547e-02 -4.61804569e-02 -3.14323977e-02
 -3.26952599e-02 -1.52879525e-02 -4.09047939e-02  8.39755684e-03
  1.92365739e-02 -2.06831042e-02 -3.82183380e-02  2.70183608e-02
 -1.38467610e-01  4.94961143e-02  1.00967463e-03  6.60148263e-02
 -4.21182774e-02 -6.18189014e-02  4.08186056e-02  1.12997247e-02
  3.70495692e-02  2.54893377e-02 -4.36761677e-02 -2.29338557e-02
 -8.37102458e-02 -1.10671289e-01 -6.11751154e-02  9.37794447e-02
 -1.19372588e-02  1.12884134e-01 -7.80117065e-02 -4.90705185e-02
 -5.94311208e-02 -4.47165035e-03 -2.40586996e-02 -3.54930535e-02
  1.73235834e-02 -6.05580732e-02  3.15149827e-03 -8.90915766e-02
  6.09429143e-02  4.75664996e-03  3.10914163e-02 -5.28499782e-02
  6.46551996e-02 -4.16118465e-02  4.25304472e-02  1.63898663e-32
 -2.81800460e-02 -6.01568297e-02 -3.34954001e-02  6.13439456e-02
 -4.27064151e-02  4.38908525e-02 -6.98445737e-02 -1.24790391e-03
  3.40185091e-02 -8.68292432e-03 -7.06503540e-02  8.63342136e-02
 -1.23121709e-01  2.39708163e-02 -1.28790236e-03 -1.42736770e-02
 -3.99001874e-02  4.43865024e-02  4.07144949e-02 -3.73782814e-02
 -6.64196759e-02 -2.77076662e-02  2.16468126e-02  4.21847925e-02
  5.22507317e-02  1.60638941e-03 -5.34252450e-02 -7.85473883e-02
  1.26742329e-02  1.44419614e-02  3.86984833e-02  3.05396486e-02
  8.78816191e-03 -6.43509179e-02 -2.31464058e-02  5.29904515e-02
 -7.68070109e-03  3.36242020e-02  1.89804360e-02  3.06079686e-02
 -1.27226328e-02  8.66475888e-03  8.40563998e-02  1.98601484e-02
  3.99861261e-02 -9.54290153e-04 -2.99217645e-02 -2.83276793e-02
  8.03429037e-02  1.44763440e-02  1.30281076e-02 -3.43109295e-02
  2.99675018e-02 -3.60676534e-02  6.89115673e-02  6.97292015e-02
 -5.44652827e-02  2.52184477e-02 -5.56152780e-03 -3.83973494e-02
  3.13094407e-02  1.54717092e-03  1.72740147e-02 -3.60387424e-03
 -3.81637830e-03 -1.91585009e-03 -1.38592282e-02 -1.56905837e-02
  6.92801028e-02 -2.21062824e-02 -7.05968514e-02 -4.61745448e-02
 -5.19500710e-02  2.69011762e-02  1.55502334e-02 -4.81261611e-02
  7.43747279e-02  7.06067681e-02 -1.15071121e-03  3.00947223e-02
 -9.43762511e-02 -4.04855832e-02 -4.23704311e-02 -1.31471176e-02
  1.17876455e-02  7.20369294e-02 -3.50123085e-02 -8.49358551e-03
 -7.31184101e-03  5.67651959e-03  1.50130112e-02  9.07392278e-02
  6.20753039e-03 -2.44930815e-02  3.43147060e-03 -1.62799003e-32
 -4.62981686e-02  4.36586775e-02 -6.37396500e-02  1.78782213e-02
  1.71057489e-02 -2.86114961e-03 -2.33608242e-02 -6.87233219e-03
  1.11955311e-02 -6.23401068e-02 -9.72652342e-03 -6.09468110e-02
 -3.95778706e-03 -1.21687800e-01 -1.33603141e-01  1.03462432e-02
  4.31675091e-02 -4.81426604e-02 -3.80274616e-02  4.93046232e-02
 -5.93743697e-02  9.60572064e-02  6.17661551e-02  7.00765997e-02
 -8.07833392e-03 -3.17347087e-02 -7.56877183e-04 -1.85275357e-02
 -6.05417341e-02  4.37493669e-03  7.43278563e-02 -5.10805883e-02
  2.64448915e-02 -7.02846469e-03 -2.64046481e-03  1.66999307e-02
  1.08856216e-01 -1.57027207e-02 -5.53736761e-02  9.39546078e-02
  4.72548008e-02  1.05946749e-01  6.47982117e-03 -5.88080799e-03
 -7.17528313e-02 -6.76013809e-03  6.27336875e-02 -9.75873023e-02
  4.57582064e-02 -3.26896273e-02  1.24232970e-01 -5.71542345e-02
 -8.14675540e-03 -5.44917583e-02  6.39588609e-02  4.18462157e-02
  1.13216061e-02 -7.26431236e-02 -9.09022167e-02  2.30441634e-02
  1.14282526e-01  5.21074869e-02  1.15713803e-02 -9.83547941e-02
  3.22642662e-02  6.16817996e-02 -2.54254285e-02  8.01120922e-02
 -4.49495614e-02  4.33619767e-02  1.33247763e-01 -3.85047644e-02
 -2.95733777e-03 -2.08851937e-02  3.21884267e-02 -1.07924759e-01
 -8.98557380e-02  9.21993032e-02  1.71484035e-02  6.62647653e-03
 -6.92973509e-02  5.62847219e-02 -6.24474958e-02 -7.02037662e-02
 -3.95883843e-02 -3.43327746e-02  4.70910072e-02 -7.68733844e-02
 -5.83081841e-02  3.17803659e-02 -3.70769240e-02  1.92154013e-02
  4.03551534e-02  3.66947018e-02 -7.77443731e-03 -5.66204790e-08
  1.91239007e-02 -6.49631098e-02 -2.95010544e-02  3.12056914e-02
 -1.52635546e-02  5.74355237e-02 -7.13678822e-03  1.44882798e-02
  1.56466954e-03  1.09142400e-02 -9.65864491e-03  2.71730833e-02
 -1.77627616e-02  3.35322469e-02 -7.04521220e-03 -5.40201440e-02
  4.68490012e-02  8.26441348e-02 -9.86542031e-02 -4.08953056e-02
  7.38981068e-02  2.45286766e-02  1.40397681e-03 -6.47895783e-02
  1.04550786e-01  6.75643831e-02  1.02905370e-02 -1.03687234e-01
  2.08702311e-02  3.85899357e-02 -4.23348509e-02 -4.61447798e-02
  2.80400217e-02 -2.97840014e-02 -2.88853073e-03  7.05341669e-03
  1.67487189e-02  1.22191282e-02 -8.69126618e-02  1.23195099e-02
 -2.34586583e-03  4.17275215e-03 -1.90059841e-02  1.57049093e-02
 -2.74132304e-02 -1.22467130e-02 -5.15285060e-02  1.27817199e-01
 -3.52361165e-02  3.07011399e-02  7.45566050e-03 -1.35594858e-02
  3.22587974e-02  2.00757794e-02  8.56642518e-03  6.44980138e-03
  4.21770513e-02  1.09909371e-01 -3.39227244e-02 -8.63027107e-03
  6.85686544e-02  8.29329640e-02  3.54499705e-02  6.76760599e-02]