[-2.19504554e-02  3.57395522e-02  3.60577321e-03 -2.20082328e-02
 -3.26086432e-02  5.00193015e-02 -1.86376367e-02  8.89488459e-02
  1.31682213e-02  1.14020303e-01  4.36356105e-02 -4.00872761e-03
 -5.01114577e-02 -3.81142693e-03 -7.83528259e-04 -2.98574250e-02
  1.17513165e-01  6.41077477e-03  4.08083275e-02  5.46947531e-02
  9.29085687e-02 -4.03934903e-02 -3.49573866e-02  4.67232987e-02
 -9.59286168e-02 -1.01119385e-03 -3.91040705e-02  3.61285284e-02
 -5.33066969e-03 -1.83081720e-02 -3.77223119e-02  1.10335149e-01
 -4.26114723e-02 -1.81704164e-02  2.28591952e-02 -1.44350552e-03
  1.94011908e-02 -2.88287960e-02 -1.34183839e-02  1.17718317e-02
 -2.79136132e-02 -6.14743046e-02 -5.37709035e-02 -5.45173511e-02
  2.86638867e-02 -3.08584701e-02  1.16428714e-02  4.56442423e-02
 -2.94453669e-02 -7.01135863e-03 -9.14406031e-02 -9.00740828e-03
 -2.06297617e-02  1.99136436e-02 -1.23944813e-02 -6.74718199e-03
  4.70647812e-02  1.50849251e-02 -3.10188793e-02 -5.73534630e-02
 -6.47043064e-02  2.95428745e-02 -8.28570127e-02 -1.67790726e-02
  5.26245460e-02 -6.52931305e-03  5.61400130e-02  5.80831023e-04
 -3.23052816e-02  7.26036951e-02  5.69767095e-02 -6.67740777e-02
  8.36602971e-02  8.51657055e-03 -6.57979548e-02  5.56687862e-02
  8.67967121e-03  7.76392519e-02  2.46723182e-02 -1.79779440e-01
  6.28491193e-02 -4.34414425e-04 -5.92126744e-03 -9.10079926e-02
 -1.72863051e-03 -2.72101834e-02  2.13187058e-02  5.33917435e-02
  1.10415652e-01 -6.68761833e-03  4.43757586e-02  7.88460672e-02
 -2.01895181e-02 -3.03547494e-02 -1.10747227e-02  6.96989056e-03
 -1.06386151e-02  3.89884575e-03  1.23265408e-01  2.01276336e-02
  1.07120886e-01  5.14384359e-02 -5.09691127e-02 -4.63406416e-03
  9.54877120e-03  3.44858617e-02  9.16881952e-03 -1.03667928e-02
  4.46104966e-02  8.72082040e-02 -2.42906604e-02 -4.44092378e-02
 -2.16504708e-02 -3.69798094e-02 -5.52586205e-02  3.03570949e-03
  2.68616900e-02  4.02501179e-03  5.83091713e-02  4.34473492e-02
  6.04265518e-02 -8.51446576e-03  2.67597064e-02  2.12843698e-02
  9.89404134e-03 -7.93879703e-02  1.15732085e-02  1.48708484e-32
  6.66416883e-02 -1.34241834e-01  4.77035576e-03  6.26141578e-03
 -6.61574751e-02  3.67333591e-02 -6.03892049e-03  1.61777772e-02
  2.50601466e-03  4.13672365e-02 -6.06465004e-02 -8.00700486e-03
 -4.36587557e-02  2.47952454e-02  6.12259023e-02 -4.78788204e-02
 -1.89968590e-02 -2.83798538e-02 -4.75929445e-03 -1.45646790e-02
  2.06946321e-02 -3.90578434e-02  5.21087670e-04 -1.17320968e-02
 -2.29996983e-02  8.88095945e-02 -6.47710338e-02 -2.52011679e-02
 -5.57306372e-02  4.67635766e-02  4.13498050e-03 -2.88044922e-02
  3.58223803e-02 -8.06860905e-03 -2.94568557e-02  1.42188661e-03
 -7.57709146e-02 -1.66252702e-02 -1.39864432e-02 -2.89929248e-02
 -8.20310861e-02  4.64581279e-03  4.83463332e-02 -3.71970460e-02
 -1.81980785e-02 -1.03446215e-01  8.23773164e-03 -4.51591238e-02
  3.29737775e-02  4.65694182e-02  8.73440038e-03 -4.81854603e-02
 -6.80831745e-02 -7.38727525e-02 -1.94244739e-02  7.26778507e-02
 -9.29432735e-02  2.50797868e-02 -1.41391894e-02 -7.72218183e-02
 -1.36434417e-02 -2.02556886e-02 -6.66454583e-02 -4.96442616e-03
 -9.88451764e-02 -4.27337959e-02 -2.98358798e-02 -2.16070786e-02
  1.07417040e-01 -3.21257487e-02 -1.20853044e-01 -2.56597288e-02
  4.32633515e-03  5.45923673e-02  1.29211675e-02 -1.60719138e-02
  7.63608515e-02 -5.74051635e-03 -8.67695212e-02  3.92994024e-02
 -2.80295387e-02  1.04371561e-02 -1.51758250e-02 -1.17794098e-02
  1.01306774e-01  3.94285955e-02  7.21135363e-02  2.49860790e-02
 -2.78731380e-02  3.08813173e-02  6.16108552e-02  5.97696714e-02
  3.09427734e-02  3.34005132e-02  5.15350588e-02 -1.70544497e-32
 -1.11646168e-02 -1.07159428e-02 -4.58865762e-02  2.86598466e-02
  1.55103551e-02 -2.51557603e-02 -1.91925429e-02 -9.92572010e-02
 -1.86114814e-02 -7.70454779e-02 -1.48944920e-02 -9.11912099e-02
  6.91007525e-02  1.37876058e-02 -8.48566964e-02  4.71486449e-02
 -3.75458747e-02 -3.24721634e-02 -6.72754366e-03 -4.71990416e-03
  2.90343612e-02  6.77573159e-02  8.51154104e-02  6.20760815e-03
  1.75415277e-02 -1.24954633e-01  1.06075741e-02 -7.65610894e-04
 -5.59119731e-02  8.30746293e-02  3.09825353e-02  1.18839014e-02
 -2.24295706e-02  8.68151486e-02 -2.68779841e-04 -1.26568144e-02
  4.78879660e-02 -3.26778814e-02  6.19868794e-03  6.12953007e-02
  5.39701357e-02  8.51432905e-02  1.29876528e-02 -7.26557970e-02
 -6.54652193e-02  1.68169215e-02  2.53535085e-03 -1.36182472e-01
 -1.37124415e-02 -9.37633663e-02  8.77790600e-02 -1.67291349e-04
 -2.58604102e-02  1.47525826e-02  7.98270777e-02 -4.91072349e-02
 -4.32882011e-02 -1.24071248e-01 -5.29624671e-02  1.88174136e-02
  8.43378305e-02  4.36215177e-02 -2.79487353e-02 -6.85266182e-02
  1.72056198e-01  1.21384598e-02 -1.98155604e-02  5.52136218e-03
  8.14918522e-03  4.21813950e-02  6.46265298e-02 -5.02975918e-02
 -1.06441855e-01 -1.93080548e-02  5.31584583e-02 -2.59582903e-02
 -3.76821123e-02 -3.85123724e-03 -4.06641774e-02 -4.79638437e-03
 -3.43009494e-02 -1.46143129e-02 -3.90638523e-02 -3.92525643e-02
 -7.11795688e-02  4.42519598e-02 -5.48276631e-03  9.49983113e-03
 -2.02079322e-02  5.56797497e-02 -2.22355556e-02  4.04422581e-02
  7.38811567e-02 -3.81102450e-02 -2.34033447e-02 -6.86077115e-08
  2.01240089e-02 -7.89817274e-02 -2.09014919e-02  1.35331759e-02
 -1.53799984e-03 -7.85620958e-02 -4.46235910e-02 -5.20825982e-02
  1.22219725e-02  5.25927022e-02  8.53751674e-02 -3.72843035e-02
 -6.09979257e-02 -3.37717682e-02 -3.77229676e-02 -2.83536147e-02
  1.90470312e-02  8.90856385e-02 -8.14940333e-02 -8.50159377e-02
  3.76353487e-02 -1.69487353e-02 -1.19194426e-01 -6.21184148e-02
  7.68018216e-02  2.83494815e-02 -2.43046377e-02 -3.10151111e-02
 -3.06690056e-02  2.21179542e-03 -4.31846082e-02 -2.37481557e-02
 -2.50670630e-02 -6.43368512e-02 -7.24449530e-02  1.83651615e-02
  4.95847464e-02  5.41425012e-02 -1.22286649e-02  3.91237251e-02
  1.02686703e-01  1.42110810e-02 -1.20270960e-02 -1.00802137e-02
  2.05477681e-02 -2.70959903e-02 -3.72985154e-02 -7.20763230e-04
 -3.22932191e-02 -4.21479344e-02 -2.66515967e-02  4.92060855e-02
  6.39590323e-02  1.76102370e-02  1.57619528e-02  2.96638603e-03
  7.52760172e-02  1.70070603e-02 -3.92936692e-02 -7.16839284e-02
  1.15814433e-01  7.76637867e-02  2.96313036e-03 -4.45557944e-02]