[ 1.55357579e-02  4.40420862e-03 -7.60960579e-02 -3.55431177e-02
 -2.99480408e-02  1.02877365e-02 -2.25918014e-02  5.19409031e-02
  3.77972126e-02  1.12133557e-02  4.15241718e-02 -4.94231656e-02
 -6.24486767e-02 -2.76176240e-02 -7.33148400e-03 -9.21919420e-02
 -2.75266226e-02  8.59517083e-02  3.64328511e-02  5.05654477e-02
  8.54552835e-02 -7.81914666e-02 -2.16479357e-02  1.16752476e-01
 -7.42358640e-02 -3.24353739e-03 -1.42907919e-02  6.41713664e-02
 -6.33797199e-02 -6.78653270e-02 -2.00926326e-03  1.16615042e-01
  1.30254865e-01 -8.29623640e-03  4.04130183e-02 -1.16535993e-02
 -2.96175405e-02 -4.02854197e-02 -4.99299206e-02  4.27516736e-02
 -7.84213468e-03 -4.61323671e-02 -2.15833727e-02 -4.04364727e-02
 -3.88101153e-02 -5.52465506e-02  4.54513840e-02  1.02522649e-01
 -4.76208478e-02 -9.08295996e-03  3.43079958e-03  5.73580787e-02
 -1.50745623e-02 -5.90218902e-02 -7.11229071e-02  3.45403999e-02
 -4.44606915e-02 -5.79743758e-02  1.98408384e-02  4.06255536e-02
  2.33487990e-02  1.62340757e-02 -2.09729746e-02  5.45489974e-02
 -2.25093178e-02  2.47870907e-02  2.18487158e-03 -1.49302855e-02
  1.82565246e-02 -6.62517361e-03  1.41200066e-01 -9.71881598e-02
 -4.06388892e-03 -3.97851430e-02 -2.21028700e-02  1.49249583e-01
 -3.36255915e-02  8.01012143e-02 -2.38097757e-02 -1.16194658e-01
 -1.22728040e-02 -6.25744537e-02  1.40077937e-02 -9.69815776e-02
 -5.34986220e-02 -5.54427989e-02  2.62839440e-02  1.03898151e-02
  4.86782230e-02  6.15183488e-02  3.11430525e-02  1.01765327e-01
 -2.84042824e-02 -4.91683036e-02 -9.47991386e-03 -1.14039192e-02
  4.43218239e-02 -7.18385214e-03  1.20827064e-01 -1.95801398e-03
  1.02486096e-01  6.66238368e-02  8.98545049e-03 -7.67320022e-03
 -4.39375862e-02  1.17505463e-02  9.71327052e-02 -2.83298977e-02
  7.55669875e-03  3.01918425e-02 -1.09927058e-01 -4.56987470e-02
  1.12362411e-02 -7.53261968e-02 -5.95966466e-02  1.33307334e-02
  1.94000043e-02 -3.83084714e-02  3.62033658e-02  3.39395963e-02
  1.11207506e-02 -5.04518077e-02 -1.09265028e-02 -6.90879822e-02
  1.80862527e-02 -1.46625144e-02  3.03810462e-02  1.27379007e-32
 -5.14152162e-02  1.67008843e-02 -6.34310097e-02 -3.31534445e-02
  1.16909072e-02  6.73645884e-02 -5.91121949e-02  2.89743822e-02
 -4.14223857e-02 -1.22786332e-02 -5.79665415e-04  6.51628599e-02
 -5.44073768e-02 -5.12643009e-02  6.05194792e-02  7.01170117e-02
  3.98171321e-02 -5.44573255e-02 -3.14251636e-03  3.70150711e-03
 -1.33008027e-04  3.15954424e-02  5.01984656e-02  2.28222162e-02
  4.58330847e-02  1.15322173e-01 -2.72302460e-02 -8.73674378e-02
 -8.29053372e-02  4.39113118e-02  4.44019698e-02 -6.40993565e-02
  1.55112362e-02 -2.52347123e-02 -3.42724398e-02  1.96333416e-02
  2.03185324e-02  2.83808284e-03 -6.02122322e-02 -1.13950670e-02
 -5.83940558e-02 -3.24514657e-02  3.26398504e-03  2.26508714e-02
  3.91159020e-03 -5.57292067e-02  3.22444588e-02  1.08635856e-03
  1.22120619e-01  3.44389193e-02  1.11247282e-02 -9.77825001e-02
 -8.45426321e-02 -8.03006217e-02 -2.32127570e-02  4.42979708e-02
 -1.11707933e-01  3.21719684e-02 -4.05160151e-02 -8.19609836e-02
 -1.04556354e-02 -1.26629388e-02 -7.38861114e-02  1.72063876e-02
  6.45458000e-03  3.97574296e-03  1.34315304e-02  7.06134364e-02
  6.42334074e-02 -1.79894865e-02 -2.26629209e-02 -2.01416984e-02
 -5.51845729e-02 -1.72936730e-02  3.40593443e-03  4.40465324e-02
  2.35334523e-02 -6.19016879e-04 -1.08249271e-02  7.56431520e-02
 -4.52646017e-02 -1.95017725e-03  4.60601673e-02  2.89366264e-02
  4.14314307e-02  6.91514909e-02  5.71955144e-02  1.00203775e-01
  5.90015277e-02  3.83121483e-02  4.91812639e-02  3.96879837e-02
  3.04297879e-02 -4.46695313e-02  1.00697279e-01 -1.46838758e-32
 -3.91005687e-02  1.94725418e-03 -1.61441136e-03  4.39297222e-02
  8.42627510e-03  7.27192964e-03 -1.04005672e-01  2.08107079e-03
 -1.78383812e-02 -9.83922556e-02 -9.55154300e-02 -9.75324512e-02
  5.38733304e-02 -1.18920028e-01 -4.96413186e-02  3.73171642e-02
 -3.93134169e-03 -6.07133545e-02 -9.34007317e-02  1.52646927e-02
 -1.26028594e-04  3.37455086e-02  3.15018632e-02 -3.76987979e-02
 -2.76331175e-02 -9.08046495e-03  1.70628726e-02 -1.38493851e-02
 -7.85934627e-02 -1.36206066e-02  7.30010867e-02  4.73052934e-02
 -1.92703363e-02  1.02348521e-01  2.85676233e-02 -2.14413647e-02
  7.82876983e-02  4.75775227e-02 -7.21788928e-02  1.08586572e-01
 -6.90000271e-03  2.75845435e-02 -9.97733208e-04 -8.37147310e-02
 -1.15368282e-02  1.59622207e-02 -2.47893929e-02 -8.54272917e-02
  7.37434626e-02 -5.24652787e-02  3.05320881e-02 -4.61446084e-02
 -1.00380182e-01 -1.16639482e-02  2.26018336e-02 -2.36759838e-02
  5.60415117e-03 -5.36925010e-02 -3.71386744e-02  5.41510433e-02
  8.06132182e-02  3.96523736e-02 -6.27237707e-02 -3.45288753e-03
  2.12120209e-02 -1.01346679e-01 -8.74563605e-02 -1.27456477e-02
 -2.96227988e-02  4.23707068e-02  8.52499083e-02 -4.31543663e-02
 -9.33969095e-02  2.43452452e-02 -5.83396442e-02  1.39757488e-02
 -1.62919890e-02  3.10382843e-02 -6.41768472e-03 -1.31488619e-02
 -6.85940636e-03 -2.74455361e-02 -4.53209877e-02  3.73201468e-03
  1.46832038e-02 -4.14140411e-02  1.49182044e-02 -3.35676968e-03
 -4.88052219e-02  3.20702530e-02 -1.00186160e-02  7.61674419e-02
 -9.52861458e-03 -1.70330706e-04 -5.17630428e-02 -7.00220042e-08
  5.73936515e-02 -3.27669680e-02 -3.42824049e-02  4.72638160e-02
  1.62097868e-02 -7.99849331e-02 -3.55641693e-02 -8.61350540e-03
 -2.05730740e-02  1.29624363e-02  3.27520370e-02 -5.39788231e-02
 -3.23993564e-02 -4.07015495e-02 -4.53664288e-02  3.15381959e-02
  7.55126849e-02 -1.24946553e-02 -1.84682216e-02  1.04892123e-02
  2.93987170e-02 -2.61065681e-02 -9.19887275e-02 -2.65778881e-02
 -2.84327324e-02 -5.04081286e-02 -4.82801981e-02  1.68890096e-02
  7.86290877e-03  2.32910160e-02  1.06528122e-02 -2.55192947e-02
  5.18740527e-02 -5.18439524e-02  1.77132748e-02 -2.68008094e-03
  6.33150190e-02 -5.40885255e-02 -1.71763469e-02 -3.28693129e-02
  1.22304447e-01 -7.25923805e-03 -8.25204477e-02 -4.43654768e-02
  6.70345640e-03 -3.92878503e-02 -1.79112311e-02 -2.21722890e-02
  4.26757662e-03  4.71820533e-02 -9.90566611e-02  1.72214564e-02
 -5.78175951e-03  5.98652773e-02  1.39913941e-02 -2.50651259e-02
  9.35169011e-02  3.85892466e-02 -4.12319638e-02 -5.92401363e-02
  7.83766732e-02 -1.44231981e-02 -2.46154182e-02 -3.83482277e-02]