[-4.58534434e-02  5.90214022e-02 -2.78472174e-02 -5.01604564e-02
 -5.92506528e-02  7.87652358e-02 -1.35099618e-02  1.49035797e-01
 -3.23155383e-03  2.83542066e-03  1.45096570e-01 -7.29812086e-02
 -6.23663105e-02  3.41678858e-02 -8.01340640e-02 -1.61795542e-02
 -9.06253681e-02  4.98375809e-03 -1.63926035e-02  7.03617334e-02
  7.39805773e-02 -7.34784007e-02 -6.89732805e-02  4.20867316e-02
 -4.80377413e-02 -5.24320593e-03 -8.79147835e-03  1.55194588e-02
 -6.28971085e-02 -2.12514754e-02  2.81302771e-03  3.74354757e-02
  4.98735020e-03 -5.46058007e-02  4.72899480e-03 -6.82884008e-02
 -4.03123498e-02 -1.02139125e-02  3.85036319e-02  6.82639331e-02
 -2.22038408e-03 -6.32882938e-02 -4.14073169e-02 -3.58995907e-02
  5.33169620e-02 -3.57609428e-02  5.99149130e-02  1.01984747e-01
 -1.68891530e-03  2.17455663e-02 -7.71198645e-02  4.62458655e-02
 -7.60495588e-02  5.83598576e-03 -2.74469554e-02 -3.10740359e-02
  4.59132623e-03  2.86280131e-03  6.37581274e-02 -2.88327858e-02
  4.12365012e-02  1.06345536e-02 -8.85914415e-02  5.95541261e-02
 -6.94320425e-02 -2.69593783e-02  6.57685194e-03 -6.83317482e-02
 -1.17849588e-01  9.95317176e-02  6.51967749e-02 -8.88498500e-02
  1.04952477e-01 -4.10336666e-02  6.59632916e-03  6.28473684e-02
 -3.37611064e-02  3.81033868e-02 -4.96548461e-03 -8.66778344e-02
  8.16220418e-02 -2.54768953e-02 -6.47834875e-03 -3.69863324e-02
  1.50020439e-02  9.03735310e-03 -3.11827008e-03 -6.11988083e-02
  8.64590928e-02  2.90324129e-02  3.01547199e-02  2.83848345e-02
 -3.54725942e-02 -8.69889557e-03 -2.50951629e-02  4.71155979e-02
 -5.01731411e-03 -2.34546117e-03 -3.86860929e-02  2.44373567e-02
  9.94748157e-03 -1.59741845e-02 -3.04275677e-02 -3.85993347e-03
 -7.44348690e-02  6.12111911e-02  3.47972624e-02 -5.27734235e-02
  4.93391566e-02  5.64002730e-02 -1.18288621e-01 -2.29955092e-02
 -3.14305313e-02 -1.17132321e-01 -9.38816741e-02  4.11597639e-02
 -4.41090167e-02 -6.49689063e-02  2.39018127e-02 -1.13106733e-02
  7.84619004e-02 -7.54604563e-02 -3.44862565e-02  1.11004569e-01
  4.32087332e-02 -1.45459965e-01  1.06875831e-02  5.75560054e-33
  2.08604932e-02 -4.81358096e-02  1.69653930e-02  6.63409531e-02
  1.29838651e-02 -1.72792599e-02 -6.16523847e-02 -6.47027418e-02
 -1.83199234e-02 -3.88465635e-02 -1.28816098e-01 -1.06279226e-02
 -1.10438429e-01 -2.17262581e-02 -2.80570090e-02  7.62895122e-02
 -1.96121186e-02  2.73731723e-03 -5.96868712e-03 -5.20679764e-02
  1.79646630e-02 -2.94482782e-02  3.01535446e-02  3.84793058e-02
  7.62412176e-02  7.05906823e-02 -5.20728901e-02 -6.19933382e-02
 -1.64673344e-04  3.77641954e-02  5.11639006e-02 -3.82640362e-02
 -3.29616107e-02 -4.37060930e-02 -2.45739575e-02  1.95357837e-02
 -4.69258092e-02 -2.89690737e-02 -3.63570377e-02  7.50546157e-02
 -2.27581374e-02  2.76230294e-02  5.29427938e-02  1.70885716e-02
  2.03214418e-02 -5.55861704e-02  4.42355461e-02  2.77546439e-02
  9.72650573e-02  5.12488112e-02 -6.44432902e-02 -1.14341497e-01
  1.45305246e-02 -1.94303356e-02 -1.90601440e-03 -1.83261707e-02
 -1.49130940e-01  7.20458627e-02  1.11693807e-03 -8.19981005e-03
  9.38870609e-02 -1.12196598e-02  1.22808432e-02 -1.17825707e-02
 -6.51329011e-02  7.05225989e-02  2.36659627e-02  6.36552200e-02
  9.76665989e-02 -4.42603603e-02 -7.10284561e-02 -3.70130204e-02
  3.72973792e-02 -2.80714966e-02 -2.29482893e-02  1.48448963e-02
  4.22507860e-02 -3.25991511e-02 -3.56994150e-03 -1.03243664e-02
 -6.05855398e-02 -1.87448915e-02 -4.76269098e-03  2.93834154e-02
  6.24047071e-02  7.45552853e-02  1.17622027e-02  5.08498307e-03
  3.96382511e-02  5.97159788e-02  3.43975499e-02  7.30241910e-02
 -6.10467121e-02 -1.87007152e-02  5.53166829e-02 -5.39657371e-33
 -9.66213550e-03 -2.15954590e-03 -1.72848664e-02  2.85274908e-02
  1.79582671e-03 -5.18716453e-03 -5.93321882e-02  2.20995210e-03
  9.86633226e-02 -1.69045664e-02 -8.28344077e-02 -1.25590995e-01
  3.86283323e-02 -7.11441934e-02 -2.48988681e-02  7.67987520e-02
 -2.28215065e-02 -1.62633024e-02 -3.31420749e-02 -3.37758586e-02
 -2.69565899e-02  1.11679789e-02 -9.26279556e-03 -2.36048885e-02
 -4.59169373e-02  1.69760827e-02 -1.27893372e-03 -2.78470721e-02
 -7.80726830e-03  3.73868458e-02 -4.10261825e-02 -3.72159854e-02
 -4.68043499e-02  5.40755317e-02  2.58807931e-02  8.67761448e-02
  6.16697446e-02  4.58468311e-02  2.03338973e-02  8.40082690e-02
  5.74468672e-02  5.10054342e-02  5.11811934e-02 -5.07976674e-02
  3.10729183e-02  8.53763800e-03  1.88333041e-03 -6.46070912e-02
  6.00272939e-02 -8.63821581e-02  1.24078348e-01  1.02404412e-03
 -4.34085093e-02 -2.21673702e-03  3.43550183e-02 -2.52980515e-02
  3.99533883e-02 -3.83266807e-02 -5.73333986e-02 -7.67607475e-03
  5.78528866e-02 -1.36316195e-02 -7.54559189e-02 -1.00324154e-02
  3.72682028e-02  3.82221341e-02 -5.68779036e-02 -1.00585278e-02
 -5.54072531e-03  7.73985386e-02  5.56755550e-02 -7.99578950e-02
 -5.42226322e-02  5.82282096e-02 -7.06660673e-02 -3.07933651e-02
 -3.19571304e-03  1.11498320e-02  1.76635347e-02  4.18728366e-02
  1.36299543e-02 -5.36626950e-02  3.99179244e-03  2.81863660e-02
  2.02740869e-03 -9.96148679e-03  1.65810324e-02  1.79460719e-02
  3.01477127e-02  5.45398779e-02  3.67801152e-02  3.35557424e-02
  5.18083684e-02  6.88262936e-03 -2.31577605e-02 -5.84257407e-08
  5.38864136e-02 -1.33825550e-02 -2.00870000e-02  5.14987893e-02
  6.65723383e-02  2.44051237e-02  6.41178638e-02 -5.99500537e-02
  6.32165931e-04  2.74314266e-02  2.63304971e-02  3.04612722e-02
  2.26857942e-02  1.14143742e-02  5.45558101e-03  1.12351077e-02
  5.26714977e-03  9.81353819e-02 -2.68726163e-02 -1.44961746e-02
  6.53646588e-02  1.20652397e-03 -5.61572351e-02 -7.96943679e-02
  4.37782295e-02  6.36981626e-04 -4.05242480e-02  5.12393564e-02
 -3.10656764e-02 -1.83856860e-02  1.50815202e-02  1.25538809e-02
  2.34487709e-02 -1.27617359e-01 -4.48228009e-02  6.52127638e-02
  2.31001270e-03  4.67483215e-02 -3.39636430e-02 -7.90768862e-03
  3.83299403e-02  7.67719597e-02  1.80192187e-03 -2.29190402e-02
  9.44084004e-02  2.02344209e-02  1.95088685e-02  1.31023657e-02
 -3.26479855e-03  1.07418010e-02 -8.39873031e-03  4.70275432e-02
  5.61579317e-02  1.21408300e-02 -4.81943339e-02 -8.47874656e-02
  3.87826078e-02  6.24762326e-02  5.97977312e-03 -1.02706090e-01
  5.53397499e-02  8.35266635e-02 -3.12289838e-02 -2.41268296e-02]