[-7.21450336e-03  1.72953270e-02  2.05585510e-02 -2.31811544e-03
 -9.35388133e-02 -3.35835107e-02  2.80328747e-02  1.96949497e-01
 -1.47662573e-02  5.69774136e-02  6.78051561e-02 -2.23845150e-02
  8.61240830e-03  3.33523145e-03 -5.98698556e-02 -5.57935871e-02
  5.95682785e-02  5.34566939e-02 -5.49343526e-02  6.51774276e-03
  1.00965247e-01 -1.20280543e-02  2.87346710e-02  6.42268807e-02
 -1.22948848e-02 -1.51200918e-02 -5.54066449e-02 -1.15830358e-02
 -7.31998170e-03 -9.19061825e-02 -5.99439889e-02  5.11263199e-02
  4.13904861e-02 -9.64888558e-02 -4.13022414e-02 -2.74015404e-03
  7.22590908e-02 -8.54195878e-02 -5.78240771e-03  3.31834145e-02
 -5.47862574e-02 -2.62287799e-02 -5.53988926e-02 -1.22987852e-02
  2.09446531e-02  2.12018862e-02 -8.11989009e-02  6.18962757e-02
  9.52029135e-03  7.77221378e-03 -8.53268355e-02 -2.91963704e-02
  5.06299548e-04 -3.55103193e-03  2.20508617e-03 -1.68928392e-02
 -3.06161083e-02  2.53506890e-03  1.91426780e-02 -4.91425656e-02
  1.41098630e-02  9.58842561e-02 -4.78486605e-02  2.28932165e-02
  9.91503820e-02 -2.67970972e-02 -1.65892709e-02 -5.83464094e-03
 -1.56003684e-01  7.68820047e-02  6.36135489e-02 -7.71176443e-02
  5.85093722e-02 -1.47611357e-03 -5.91520891e-02  6.44283649e-03
  1.10907666e-02  3.34564969e-02  2.69717909e-02 -3.97166945e-02
  6.61635995e-02 -7.06750480e-03  2.42714267e-02 -1.32823866e-02
  7.30354479e-03 -3.92529853e-02  2.59236135e-02  5.63340727e-03
  8.46904069e-02 -1.39863417e-02  2.11864784e-02  8.13783556e-02
 -4.88323495e-02 -2.71406770e-02  1.89030152e-02  5.05789593e-02
 -7.94282481e-02 -4.22873162e-02  2.80969292e-02 -3.24159465e-03
  2.18880661e-02  1.03398953e-02  5.89788519e-02 -3.78093310e-02
 -1.25545725e-01 -2.96462625e-02 -1.24956584e-02 -6.33787597e-03
  7.04255700e-02  1.91929732e-02 -5.51973395e-02 -7.40674138e-02
 -8.59795064e-02 -6.25933185e-02 -2.43108869e-02 -2.85310596e-02
  3.58981043e-02 -4.73012216e-02  3.08495928e-02 -5.95924705e-02
  2.85102073e-02 -4.03841250e-02 -1.15693780e-02 -7.16623142e-02
  6.20909184e-02 -6.61883652e-02  4.20834534e-02  1.74783902e-32
 -7.13241026e-02 -6.16603196e-02 -3.81074622e-02  4.84004058e-02
 -9.26703587e-03  3.77261406e-03 -4.34622169e-02 -1.05257742e-02
  3.64067145e-02 -4.00208421e-02 -1.00038722e-01  1.47371264e-02
 -6.49939030e-02  3.34326588e-02  3.75038832e-02 -3.45913344e-04
  9.31828562e-03  5.27659543e-02  1.25522781e-02 -5.57886362e-02
 -6.21469803e-02  3.45619069e-03 -1.07801938e-03 -2.86993496e-02
  6.46729534e-03  2.91500743e-02 -3.46772224e-02 -5.37562706e-02
 -5.90750873e-02  2.65523717e-02  6.05835877e-02  3.20904888e-02
 -3.47733051e-02 -8.49066600e-02 -4.50871587e-02 -4.43865769e-02
  1.79235302e-02  1.64759085e-02  3.59605737e-02  2.97374669e-02
 -3.56174819e-02  3.66939865e-02  5.00247926e-02 -7.01120719e-02
  2.58579999e-02 -4.42534089e-02  5.57323471e-02 -3.78953875e-03
  1.14581570e-01  7.27889836e-02 -5.95666431e-02 -9.49990191e-03
 -1.05115911e-02 -9.15525407e-02  2.61198916e-02  4.85900678e-02
 -7.02105314e-02  9.14868414e-02 -2.18526763e-03 -1.86672981e-03
 -1.40343457e-02  4.37358208e-02  2.39323825e-02 -6.14206977e-02
 -1.48854991e-02 -3.42984721e-02 -9.93863400e-03  6.44815853e-03
  8.20366219e-02  5.29900491e-02 -8.05118307e-02 -6.14477210e-02
 -4.63673212e-02  4.38801274e-02 -3.21349781e-03 -2.45662592e-02
  1.02156840e-01  6.52082562e-02 -1.00124460e-02  6.35380344e-03
 -4.25635278e-02 -6.65720105e-02 -4.49192012e-03 -4.44234349e-02
  6.99751228e-02  5.26394546e-02  5.44880703e-02  4.82522622e-02
  9.41593666e-03  9.80249643e-02  7.16433674e-02  3.89035419e-02
 -2.50422843e-02  2.10761148e-02  3.19966711e-02 -1.72134426e-32
 -2.56406001e-05  6.94482550e-02  1.58151090e-02  4.95465733e-02
 -4.68863584e-02  1.33285043e-03 -8.37802887e-03 -1.83230508e-02
  3.31699327e-02 -1.17274215e-02 -7.68610835e-03 -2.67655589e-02
  7.10575804e-02 -6.57638684e-02 -8.83751884e-02  1.52226957e-02
 -3.02921105e-02 -2.72791088e-02 -2.99635231e-02 -2.34601777e-02
  6.67358143e-03  5.46353944e-02  3.07891089e-02  3.64495777e-02
  2.37274133e-02 -3.63364443e-02 -8.66731480e-02  5.09578064e-02
 -7.64681548e-02 -3.35285850e-02  5.04873320e-02 -5.74699268e-02
  3.12126614e-03  3.33220810e-02 -5.05751446e-02 -1.30237965e-02
  6.33791313e-02  3.15594450e-02 -2.83260923e-02  1.12048142e-01
  2.29221340e-02  5.20686880e-02  6.70913011e-02 -3.24462540e-02
 -4.12925035e-02  1.27225611e-02  4.33764197e-02 -1.16835929e-01
  3.49366218e-02 -9.73439738e-02  1.46803841e-01  3.16885822e-02
  8.89713410e-04  1.11348396e-02  8.46871808e-02 -3.39460261e-02
 -1.86466835e-02 -8.18374455e-02 -1.07281007e-01  2.84881294e-02
  7.92518854e-02  2.45011225e-02 -5.01650246e-03 -6.22940809e-02
  9.26077217e-02 -3.28471847e-02 -7.94543996e-02  3.50209624e-02
  2.61356086e-02  5.70057146e-02  1.03962287e-01 -4.12374921e-02
  5.04288003e-02 -5.01785986e-02 -5.60616069e-02 -2.58046146e-02
 -3.44151328e-03  7.19805434e-03  3.48747638e-03 -7.40411226e-03
  1.54074570e-02 -3.20011638e-02 -6.45847842e-02 -1.00452080e-01
 -1.40375867e-01 -2.87250113e-02 -1.24134058e-02 -6.07405463e-03
  6.71214936e-03  5.86175732e-03 -9.47659612e-02  1.71709619e-02
  6.95205107e-03  1.88799519e-02 -1.13813253e-02 -6.63632775e-08
  2.64954176e-02 -9.65940729e-02  2.18087491e-02  7.26924790e-03
 -8.69391579e-03  3.45077291e-02 -2.95807477e-02  6.99846959e-03
 -2.15114523e-02  6.42645359e-02 -5.24308346e-03  2.71234978e-02
 -2.37667002e-02 -3.99824092e-03 -2.13436391e-02 -3.54724787e-02
  5.28604835e-02  1.38674259e-01 -2.53332108e-02 -5.40360101e-02
  1.03481382e-01 -5.20421341e-02 -9.27251671e-03 -5.36183901e-02
  2.12814808e-02  3.90095450e-02 -1.79045200e-02  2.50336137e-02
 -2.60278210e-02 -6.23186715e-02 -9.40624159e-03 -1.21287471e-02
  6.70313239e-02 -5.38907982e-02 -1.50401117e-02  2.44133174e-02
 -2.00042464e-02  1.17176786e-01 -7.93731064e-02  2.88132410e-02
  4.60153036e-02  1.34105952e-02  1.78313106e-02  2.93616066e-03
 -4.91583534e-02 -8.78008455e-02 -4.44730074e-04  4.44448814e-02
 -1.91411539e-03 -5.99381961e-02  1.63337793e-02 -7.41154253e-02
  1.25952857e-02 -1.48889665e-02 -3.16821299e-02 -3.06442808e-02
  3.66987661e-02  5.54929860e-02 -1.04435101e-01 -1.95149425e-02
  5.84490001e-02  7.59624243e-02  4.00445461e-02 -2.40785852e-02]