[-1.57574508e-02 -2.83842273e-02 -1.34846628e-01 -1.20029829e-01
 -9.50701758e-02  3.76060344e-02 -1.51318256e-02  1.33840993e-01
  3.05836857e-03  8.16220939e-02  6.19995818e-02 -3.34180668e-02
 -1.53433708e-02 -2.73282416e-02 -4.82127480e-02 -1.08373687e-01
 -3.82328359e-03 -4.42804694e-02  6.55160239e-03  4.42038365e-02
  7.84623846e-02 -3.93813252e-02 -3.13801356e-02  8.40628520e-03
 -4.07794341e-02  1.28170932e-02  1.19009567e-02 -4.49175946e-02
  3.37569043e-02 -8.28362554e-02  1.65569701e-03  9.77067277e-02
  4.12027426e-02 -3.24826799e-02  3.88124771e-02 -7.85498992e-02
  8.31493884e-02 -1.41979650e-01 -5.53604960e-03  1.02120519e-01
 -3.97561677e-03  5.07396981e-02 -5.18987589e-02 -3.59477513e-02
  4.43757884e-02  9.55515541e-03 -1.43402265e-02  1.09708920e-01
 -3.95293571e-02  1.98050551e-02 -2.83675883e-02  4.77088094e-02
 -1.22251743e-02  3.08267074e-03  9.99717973e-03 -1.12726726e-02
 -3.86159793e-02 -2.22048420e-03  1.76814049e-02 -3.08068749e-03
  8.93318094e-03  2.52936631e-02  6.71178922e-02  3.56579348e-02
  2.24707164e-02  2.02416033e-02 -2.00739061e-03 -5.11002839e-02
 -1.51758809e-02  1.40429037e-02 -2.89446842e-02 -6.78239465e-02
 -8.96223634e-02  7.33070634e-03 -8.11379701e-02  5.57066277e-02
 -1.50574623e-02  2.89928950e-02 -8.92048888e-03 -1.41922295e-01
  2.84544844e-02 -9.62435827e-03 -1.96747743e-02 -3.11130472e-02
  3.84728462e-02  4.12580818e-02 -6.19067512e-02  3.29152644e-02
  6.14117682e-02 -2.53428165e-02  8.13792199e-02  4.73833755e-02
  3.35246846e-02 -4.78341766e-02  1.38135115e-02 -7.88311381e-03
  1.40006188e-02 -5.02474904e-02  2.79443953e-02 -3.94873843e-02
  6.87604174e-02  1.73273892e-03 -6.80846069e-03 -3.74328010e-02
 -9.38944295e-02 -4.10578437e-02  5.25732376e-02  3.83706614e-02
  8.14808160e-02  1.14232533e-01 -8.87846872e-02 -4.56602573e-02
 -9.84633993e-03 -5.83254918e-02 -4.38916534e-02  8.50662366e-02
 -3.15290270e-03 -4.84583378e-02  8.54603797e-02 -4.96892165e-03
  2.93951724e-02 -3.84528153e-02 -5.45188189e-02  1.56120434e-02
  1.55189224e-02 -4.02017161e-02 -8.06171298e-02  1.14077899e-32
 -5.91195226e-02  1.24481255e-02 -4.26374115e-02 -1.67774744e-02
 -9.87580642e-02  1.53225139e-02 -2.77311094e-02 -6.14282005e-02
  2.40166876e-02  1.58995899e-04 -5.58891632e-02  1.19305193e-01
 -1.81566342e-03  1.55575164e-02  2.32616439e-02  5.25539881e-03
  5.10452723e-04  1.03747295e-02 -3.63958888e-02 -1.79376006e-02
 -4.99894544e-02  3.56202461e-02  5.49757713e-03  3.30465403e-03
  6.95413202e-02  1.00399561e-01 -8.51983503e-02 -2.34194454e-02
 -1.65013485e-02  2.72861551e-02  6.75972402e-02 -5.27920062e-03
  9.00905021e-03 -2.24965867e-02 -3.56229465e-03 -4.62510400e-02
  3.98773365e-02  2.66892258e-02 -3.96061763e-02  8.22768584e-02
 -6.12597652e-02 -2.94471774e-02  4.93607745e-02 -1.04801040e-02
  2.43232157e-02 -7.48035684e-02  2.32159346e-02 -2.01594015e-03
  8.08371827e-02  1.93507336e-02 -6.80513754e-02 -2.93759312e-02
 -4.06283028e-02 -4.16128300e-02  1.00839408e-02  5.52241551e-03
 -1.60271719e-01  1.44258235e-03 -3.16094346e-02 -6.28546476e-02
 -1.89455487e-02  5.23829833e-03 -2.78252196e-02 -2.34471429e-02
 -3.08926739e-02  2.34316308e-02 -5.55119999e-02 -1.90316755e-02
  1.28780484e-01  6.96827099e-02 -4.70845662e-02 -2.34834179e-02
 -5.59126353e-03  3.98771018e-02  8.90486315e-02 -3.89150195e-02
  2.67642252e-02  8.22345838e-02 -3.43626887e-02  7.05726594e-02
 -1.81318093e-02 -7.34897777e-02  4.92541045e-02 -1.84787326e-02
  1.04411080e-01  6.19700691e-03  9.08391252e-02  8.01476017e-02
  7.94565771e-03 -4.93044145e-02  5.66194728e-02  3.67919803e-02
  1.77996140e-02 -1.27698202e-03  2.23547686e-02 -1.28432735e-32
 -6.16946705e-02  5.07414341e-02 -5.35375588e-02 -2.80893389e-02
 -8.40533301e-02  2.53709611e-02 -1.15685733e-02 -8.11736360e-02
  1.79013554e-02 -1.50547177e-01 -2.89014559e-02 -6.25920296e-02
  4.60929386e-02 -1.01989582e-02 -1.44286139e-03  3.46299298e-02
 -5.32504097e-02 -1.07996855e-02 -1.81492921e-02 -3.79903205e-02
 -2.22816388e-03 -8.13981593e-02  5.01985289e-02  3.45702581e-02
  2.31526382e-02 -4.26146155e-03 -4.96477932e-02 -1.00236677e-01
 -2.83445697e-02 -2.17683706e-02 -2.75724218e-03 -4.02658358e-02
 -4.78721373e-02  7.61094391e-02 -8.53384659e-02 -8.44730213e-02
  3.68683264e-02  3.40797715e-02 -3.41389365e-02 -1.00593567e-02
  1.16463304e-02  1.01271151e-02  1.24938883e-01 -9.04165134e-02
 -3.32243331e-02 -4.07776199e-02  3.06878127e-02 -5.51191680e-02
 -3.32237296e-02 -1.71821527e-02  9.03981775e-02  3.90833803e-03
  4.25211079e-02  4.04128842e-02  1.95532646e-02  4.02443744e-02
  5.26034366e-03 -7.35288998e-03 -6.72126710e-02  5.72584607e-02
  9.81155783e-02  6.25228584e-02 -6.09734654e-02 -3.84932291e-03
  5.92888184e-02 -1.07285138e-02 -9.83043667e-03 -1.81634147e-02
  3.15890200e-02 -2.42073629e-02  6.88597560e-02 -1.43560544e-02
 -2.02435609e-02 -3.24412286e-02 -4.32326086e-02 -5.29440492e-02
 -5.49410731e-02  3.82047966e-02  9.50676855e-03  1.98193919e-02
 -8.60505626e-02  6.80259569e-03 -4.78997342e-02  1.03049772e-02
 -3.43362018e-02 -1.67189166e-02 -2.46426929e-02 -5.44672348e-02
  3.04132197e-02 -5.44226095e-02 -6.35388866e-02  3.65076102e-02
 -5.93602890e-03  2.46871840e-02 -9.77865886e-03 -5.98686754e-08
  1.30554028e-02 -1.65766606e-03 -5.73316887e-02  1.59357693e-02
  8.78883973e-02  5.98629452e-02 -2.43073702e-02 -4.91548590e-02
 -6.15214780e-02 -1.42455893e-02  6.86677620e-02 -3.86104546e-02
 -1.74502861e-02 -3.88112329e-02  2.04173084e-02 -3.59071083e-02
  9.94732883e-03  9.19145122e-02  2.88730580e-02 -6.41729916e-03
  9.21466351e-02 -1.69404056e-02 -4.09314074e-02 -3.58900353e-02
 -5.77635616e-02  4.99538332e-02  4.10369486e-02  1.34050157e-02
 -2.83805672e-02  6.56095967e-02 -6.85932711e-02  1.38100917e-02
  1.67034715e-02 -5.37289642e-02 -3.74321565e-02 -1.77148674e-02
  8.71284232e-02  4.45902087e-02 -5.01650572e-02  5.53379282e-02
  4.70568910e-02  4.92964908e-02 -4.36632559e-02 -1.10408533e-02
  6.90377429e-02 -7.03754351e-02  8.57264176e-02 -2.77637634e-02
  8.65988657e-02 -4.20838110e-02 -2.53569875e-02  5.34904338e-02
  1.56328268e-02  8.44102260e-03 -9.74254869e-03 -2.33152248e-02
  4.33762819e-02 -1.28078470e-02 -1.06792107e-01  2.28372552e-02
  6.14328757e-02  4.09135595e-02  5.38567863e-02  2.39521004e-02]