[ 2.10106242e-02  3.25110741e-02 -1.10481428e-02 -1.03541978e-01
 -9.02010575e-02  1.71348285e-02  4.40541990e-02  1.14565469e-01
  8.49646807e-04  9.36243534e-02  8.19780603e-02 -9.54144672e-02
  2.18238477e-02 -2.51195906e-03 -3.17814425e-02 -4.75124754e-02
  9.51393694e-02 -3.56254168e-02 -6.33394346e-02  2.22317278e-02
  1.04130402e-01 -2.58666519e-02 -1.81117672e-02  2.47746967e-02
 -5.24346866e-02  1.04840817e-02 -4.41559441e-02  1.26036406e-02
 -3.58672887e-02 -4.95188497e-02 -2.86346637e-02  8.75185058e-02
  2.11295206e-02 -4.90718000e-02 -5.33131976e-03 -4.35272865e-02
  2.18911171e-02 -3.54345255e-02  1.68725546e-03  5.70828132e-02
 -6.12605847e-02 -7.00733885e-02 -7.52112567e-02 -3.38823497e-02
  4.58538113e-03 -4.18732129e-02 -3.20424102e-02  7.28302002e-02
  2.64721904e-02 -1.90446265e-02 -9.99161825e-02  2.15195771e-02
 -3.23145315e-02  5.68563081e-02 -2.47761197e-02 -6.44028559e-02
 -3.76086868e-02 -3.42367738e-02  2.23767720e-02 -4.88085859e-02
 -5.38093634e-02  3.51585783e-02 -6.50348589e-02  3.30357440e-02
  4.45094965e-02 -2.65613571e-02  1.03089074e-02  1.00594433e-02
 -6.71706870e-02  8.26158524e-02 -1.77967630e-03 -2.27910392e-02
  6.34775385e-02  3.94674204e-03 -2.85105873e-02  6.76437989e-02
 -9.82745644e-03  2.09315177e-02  6.24947399e-02 -1.24263272e-01
 -2.11669574e-03 -1.22166080e-02  6.76233415e-03 -4.32321206e-02
  1.78573672e-02 -6.80267066e-02  8.31268728e-02  5.00270128e-02
  9.42964479e-02 -4.07767408e-02  7.67730847e-02  1.18005820e-01
 -3.81131768e-02 -3.91846634e-02  5.51793352e-03 -6.24112785e-03
 -8.35212618e-02  5.17318584e-03  8.24234635e-02 -7.12951319e-03
  4.08435240e-02 -4.13504057e-03  1.00243343e-02 -1.22367265e-02
 -1.36095077e-01 -1.43320411e-02 -1.10089425e-02  2.26700790e-02
  7.16748759e-02  5.96613549e-02 -7.76259080e-02 -8.28167517e-03
 -5.16945533e-02 -5.99374063e-02 -5.36684990e-02 -1.43199950e-03
  1.06540443e-02 -5.42177968e-02  6.26197830e-03 -3.96626927e-02
  2.16048453e-02  1.32373171e-02 -2.41556875e-02 -2.22955495e-02
  6.30187988e-02 -8.10523424e-03  4.29657064e-02  1.69170976e-32
 -5.62421195e-02 -4.15372252e-02 -2.95556560e-02 -1.40318843e-02
  1.69747863e-02  3.58597860e-02 -4.30250093e-02  5.89740686e-02
  2.67273337e-02  2.63324417e-02 -1.17292523e-01  4.44453359e-02
 -3.93561535e-02 -1.35836517e-03  7.42857084e-02 -3.30029172e-03
  4.56359126e-02  1.31839998e-02 -2.33031958e-02 -2.80695166e-02
  2.24050833e-03  3.52212712e-02  2.59160679e-02 -2.13372800e-02
  1.77187305e-02  1.14030622e-01  5.02473093e-04  9.69702471e-03
 -6.93233684e-02  5.48954569e-02  7.42045343e-02 -5.74726835e-02
  2.95142015e-03 -7.39119127e-02 -6.67217076e-02 -2.22228374e-02
  2.51513831e-02  1.21191721e-02 -1.95635147e-02  1.96346622e-02
 -9.32418108e-02  3.83502021e-02  4.14264835e-02  1.49902375e-02
 -2.57335939e-02 -3.78604792e-02  4.76483777e-02 -1.08234342e-02
  1.32983670e-01  8.31385478e-02 -7.04081059e-02 -4.07226346e-02
 -6.01645326e-03 -2.13249382e-02 -5.35176275e-03  7.45027140e-02
 -1.25306085e-01  5.60101308e-02 -4.37270198e-03 -6.49579540e-02
  1.32730370e-02  4.18615974e-02 -2.41653267e-02 -3.70832137e-03
 -1.58449896e-02 -3.67856808e-02  1.28577389e-02  2.96777394e-02
  1.06147774e-01  3.17486078e-02 -9.25845578e-02 -6.60031277e-04
  3.82447094e-02  9.34778154e-03 -4.79025953e-03 -1.84775200e-02
  5.32604195e-02 -3.15230563e-02 -4.66161892e-02 -6.94682030e-03
  1.24715304e-03  1.70167477e-03 -4.87293378e-02 -2.07674131e-02
  6.36948198e-02  3.07922326e-02  6.38576820e-02  4.45506684e-02
 -5.39512634e-02  4.15827408e-02  1.04826102e-02  2.09628418e-02
 -1.30024720e-02  3.63206007e-02 -3.92094580e-03 -1.76153544e-32
 -1.90689825e-02  3.75366919e-02 -1.18821599e-02  2.04323456e-02
  1.57268401e-02  4.17114459e-02  8.84592310e-02 -1.07505163e-02
 -1.08967926e-02 -5.92787191e-02 -4.79039475e-02 -2.49221101e-02
  3.44841816e-02 -2.94916481e-02 -7.98128322e-02  5.62596023e-02
 -6.21037073e-02 -3.33780125e-02 -7.93741494e-02 -1.26906168e-02
  2.05911640e-02  1.34072930e-01  2.67912541e-02  3.34326960e-02
 -2.55325865e-02 -3.28220502e-02 -3.23922513e-03 -1.44721447e-02
 -8.99930671e-03 -4.20774845e-03  1.87163167e-02 -5.17373979e-02
 -6.73848540e-02  5.82742766e-02 -5.91607764e-02 -6.32688776e-02
  8.13003704e-02 -4.51404229e-02 -6.28695823e-03  6.27044290e-02
  5.70405945e-02  5.42199463e-02  2.42896229e-02 -5.34050688e-02
 -6.71330243e-02 -2.24631131e-02  3.45476009e-02 -1.17950328e-01
  1.73155572e-02 -1.26120761e-01  1.05693616e-01  2.31934544e-02
 -2.82577388e-02  3.43682654e-02  6.34360909e-02 -2.84884349e-02
 -5.16776033e-02 -1.34617195e-01 -1.02965340e-01 -1.02203209e-02
  4.63604182e-02  1.21890809e-02 -3.28014754e-02 -8.15834701e-02
  1.29594296e-01  1.65414661e-02 -4.49812673e-02 -5.68183884e-03
  3.27499658e-02  2.23024152e-02  6.65540546e-02 -3.10624018e-02
 -7.99834281e-02 -9.64846015e-02  3.69502455e-02  4.83273678e-02
 -7.31503963e-02 -1.48157645e-02 -1.09480936e-02  4.17741574e-02
  1.70147792e-02 -2.13412866e-02 -8.61497875e-03 -8.01701620e-02
 -7.00798109e-02  1.36354321e-03 -3.92953418e-02  1.31909437e-02
 -1.70419160e-02  7.34038800e-02 -5.09809367e-02  6.74309861e-03
  1.13790996e-01  7.78800473e-02 -8.34953971e-03 -6.52442651e-08
 -1.25193608e-03 -6.98853135e-02  1.27968481e-02  2.59548221e-02
 -3.36859711e-02 -5.75881675e-02 -7.78358728e-02 -2.59977449e-02
 -1.78968776e-02  4.29000473e-04  1.08693719e-01 -1.51100410e-02
 -9.04632807e-02  8.04743543e-02 -1.79218855e-02 -2.31306758e-02
 -6.06805412e-03  5.45528866e-02 -4.26047482e-02 -7.25802034e-02
  3.95169854e-02  3.46783525e-03 -4.73192632e-02 -2.51780935e-02
  4.12813872e-02  4.17268239e-02 -2.17037778e-02 -1.18576884e-02
 -5.50319860e-03  2.11924911e-02 -3.81595828e-02 -4.68100198e-02
 -2.26112809e-02 -3.42904478e-02 -2.84709521e-02 -2.14398205e-02
 -2.86038779e-02  6.96937367e-02 -2.56890710e-02  2.75321733e-02
  1.12200350e-01 -7.18189180e-02 -1.86680481e-02  2.14236453e-02
  5.27168326e-02 -3.45912986e-02 -4.20403294e-02  2.83591244e-02
 -1.59499364e-03 -4.30058204e-02 -1.14784706e-02 -4.75035459e-02
 -1.08924247e-02  1.37348212e-02 -2.67370213e-02 -4.21706811e-02
  6.67919815e-02 -7.23033911e-03 -3.83058079e-02  7.68653722e-03
  1.25188023e-01  9.28158611e-02 -1.95997618e-02 -6.96471483e-02]