[ 2.08442025e-02 -3.63345779e-02 -1.56989787e-02 -2.33258214e-02
 -5.83072715e-02  4.53625098e-02  5.68064861e-02  9.19211060e-02
  1.06244478e-02  2.79059112e-02  8.55408981e-02 -5.97352050e-02
  8.03112425e-03  2.52441205e-02  2.48838738e-02 -4.28591706e-02
  8.48357901e-02  1.22165140e-02 -1.15575559e-01  2.94309873e-02
  1.70431852e-01 -2.87242606e-02 -3.92711200e-02  6.69392794e-02
 -4.82363664e-02 -2.90123019e-02 -3.98195013e-02 -2.99260691e-02
 -1.70997009e-02 -3.30123715e-02 -4.73615974e-02  1.08744040e-01
  1.16168551e-01 -2.43795272e-02 -3.00405230e-02 -1.26485452e-02
 -3.14134844e-02 -3.32512595e-02  1.03543829e-02  7.06603676e-02
 -1.24552980e-01 -5.91609366e-02 -4.42616716e-02 -3.21839415e-02
 -1.76609065e-02 -3.09042409e-02 -2.62963353e-03  2.69363616e-02
  9.06071626e-03  3.33066583e-02 -9.46763456e-02  2.54019201e-02
 -6.96502700e-02  2.24833749e-02  4.57225926e-02 -6.66868612e-02
 -6.43269420e-02 -9.45448056e-02 -1.72400102e-02  2.41077542e-02
 -6.38838187e-02 -1.36888605e-02 -4.42240909e-02  3.02030575e-02
  3.85219157e-02  9.57597420e-03 -2.08792444e-02 -1.39270592e-02
 -6.20211177e-02  1.65069848e-02  9.14478824e-02 -2.85770874e-02
  4.12211753e-02 -7.85604585e-03  1.90475229e-02  6.07133098e-02
  3.67663503e-02  7.65468255e-02 -2.58198986e-03 -1.26318127e-01
  4.16981839e-02  2.33639609e-02 -3.91077437e-03 -2.28589494e-02
 -3.33616287e-02 -6.77802339e-02  5.05963974e-02 -2.78337812e-03
  6.23709522e-02  1.57992579e-02  2.13359091e-02  5.02699651e-02
 -7.12473169e-02 -4.06042710e-02  4.93503781e-03  2.61245687e-02
 -5.81987388e-02 -7.67172826e-03  6.69968948e-02 -1.88213456e-02
  5.89618497e-02  2.37333234e-02  9.65460949e-03 -1.52849276e-02
 -1.04651839e-01 -6.11317009e-02 -9.60845221e-03  2.83576548e-02
  3.32425646e-02  1.60844356e-01 -7.03591481e-02 -4.93175797e-02
 -1.00529298e-01 -6.37633353e-02 -7.32486024e-02  5.49558317e-04
  2.47019548e-02 -5.01173846e-02  8.32894593e-02 -6.03273921e-02
  2.17138883e-02 -4.14365204e-03  1.03339903e-01 -5.73935919e-02
 -2.47541554e-02 -4.27509472e-02  3.26707354e-03  7.74074858e-33
 -7.46868402e-02 -5.99014126e-02 -1.71187259e-02  3.91513854e-02
 -3.32701169e-02 -1.15064215e-02 -4.26158607e-02  6.14562221e-02
  4.98190559e-02  2.01160423e-02 -6.89789653e-02  1.38641968e-01
 -5.86396568e-02  1.54123791e-02  5.10950908e-02 -8.62772390e-03
  3.18872146e-02  6.09882623e-02  1.10292090e-02 -4.80633155e-02
 -4.29691337e-02  1.96466483e-02  5.04650623e-02 -4.04997244e-02
  5.90940379e-03  1.01909470e-02 -3.39184701e-02 -2.01924518e-02
 -2.97600366e-02  1.48106674e-02  1.08628362e-01 -2.82369759e-02
  6.14201166e-02 -7.96988457e-02 -8.74471962e-02  4.05501993e-03
 -1.97364800e-02 -8.90798960e-03  4.71449196e-02  8.84621870e-03
 -9.08955261e-02  1.84651501e-02  4.75611910e-02  5.87039394e-03
 -1.17680458e-02 -1.97182167e-02  1.32317692e-02  6.40237145e-03
  7.81429112e-02  1.00871250e-01 -4.28635105e-02 -3.75854783e-02
  1.48310768e-03 -2.84481775e-02 -5.41372113e-02  4.88248840e-02
 -4.76954319e-02  6.06812760e-02 -7.63633624e-02 -5.80032654e-02
 -4.85750698e-02 -2.78608743e-02  1.35107460e-02 -1.81938102e-03
 -6.96164090e-03 -4.28271815e-02  2.81178225e-02  2.78550126e-02
  7.72161111e-02  5.09072579e-02 -8.04227069e-02 -4.47460823e-02
 -4.84653413e-02  1.25856539e-02  2.91107204e-02 -3.95681746e-02
  8.26620981e-02  4.17182734e-03  9.54631157e-03  1.16388192e-02
 -3.58594060e-02 -1.83103550e-02 -5.66568971e-02  8.78258049e-03
  2.34444793e-02  1.04072869e-01  5.52612655e-02  3.28035578e-02
  2.21447833e-02  4.67651375e-02  2.01128405e-02  1.03585005e-01
 -4.95560281e-02  5.35146557e-02  5.09540290e-02 -1.13865553e-32
 -3.40120904e-02  6.99761435e-02 -2.39266418e-02  4.58844304e-02
  5.82295507e-02  5.50362319e-02  1.42109497e-02 -1.21415377e-01
  8.21404438e-03 -5.59972189e-02 -5.13369255e-02 -2.79143602e-02
  5.42507507e-03 -2.89128884e-03 -1.14436105e-01  4.82705794e-02
 -3.16390209e-02  1.27085764e-02 -5.41724637e-02  4.80770618e-02
 -6.68292269e-02  1.10740133e-01  9.60698538e-03 -2.13463940e-02
  5.03266556e-03 -4.94755134e-02 -3.88060398e-02  2.71351915e-03
 -2.40861103e-02  1.03255212e-02  5.73787279e-02 -1.21472916e-02
 -2.22114455e-02  5.31429052e-02 -8.00460726e-02 -2.69383881e-02
  5.44837750e-02 -4.36247289e-02 -3.34756486e-02  1.07937686e-01
  2.76423264e-02  5.60761541e-02  1.43573545e-02 -7.56240338e-02
 -7.37742856e-02 -6.91180900e-02  2.83734053e-02 -1.43005267e-01
  4.79094759e-02 -5.09028956e-02  7.82024711e-02 -2.99985241e-02
 -5.45326322e-02  5.26546594e-03 -1.46348840e-02  1.70684718e-02
 -5.48392385e-02 -5.94628528e-02 -7.94746354e-02 -2.28544008e-02
  6.40563965e-02  4.64320481e-02 -3.49106938e-02 -1.01145469e-01
  5.79335727e-02 -3.60796154e-02  1.17986295e-02 -4.64617200e-02
 -3.63920368e-02 -2.51634810e-02  2.26605292e-02 -2.53232289e-02
 -3.91680971e-02 -5.54045253e-02 -2.10357849e-02  4.79822699e-03
 -3.39443013e-02 -3.16018313e-02 -1.30679980e-02 -2.26774253e-02
  5.85389230e-03  1.30909029e-02 -4.06067483e-02 -1.09853491e-01
 -1.13281369e-01  1.17574139e-02  2.23873425e-02  6.25446215e-02
 -4.31027040e-02  3.82431559e-02 -8.77919346e-02  1.75131075e-02
  3.06028705e-02  1.18884612e-02 -6.42606840e-02 -6.24987067e-08
  2.94855349e-02 -2.28108149e-02  9.09858570e-03  4.05087695e-02
  3.11168432e-02 -6.13710191e-03 -3.20009217e-02  1.43349823e-02
 -2.43600402e-02 -6.71298010e-03  7.93258380e-03  4.04368900e-02
 -1.18094511e-01  5.61764054e-02 -2.32240446e-02 -7.67927021e-02
 -6.91817980e-03  4.03182767e-02 -4.23204005e-02 -3.65648866e-02
  2.67399624e-02  4.40585911e-02 -8.14630613e-02 -2.78283302e-02
  3.51193845e-02 -5.69016393e-03  2.53257132e-03  4.60168310e-02
  5.33279590e-03  4.61348891e-02 -1.58667832e-03 -2.15749852e-02
  8.58732034e-03 -8.51736665e-02 -5.72035927e-03 -8.96235183e-03
 -3.71131822e-02 -3.93741735e-04 -4.80045266e-02  5.79761937e-02
  5.24717793e-02 -4.04215530e-02 -3.72559354e-02  2.68332027e-02
 -1.88583340e-02 -1.24010053e-02 -1.08837917e-01  1.16462432e-01
 -2.76452899e-02  1.18339742e-02  4.39937552e-03 -3.35464887e-02
  9.57889669e-03  2.55772099e-02  2.28250050e-03 -1.07246507e-02
  2.64766198e-02  3.89959030e-02 -2.30528135e-02  1.27947964e-02
  9.52125788e-02  4.34825569e-02  9.69097018e-03 -3.49263772e-02]