[ 5.51842712e-02  6.18853569e-02 -1.22616123e-02  6.98609138e-03
 -2.76697613e-02  5.10224560e-03  7.67483041e-02  5.61585873e-02
  2.21302621e-02  5.35291098e-02  1.11591741e-01 -2.50469670e-02
 -8.21961556e-03  2.10371241e-02 -4.48859856e-03 -2.37587951e-02
  3.14726792e-02  4.08668071e-03 -1.16845472e-02  1.30309835e-01
  2.25899488e-01  8.62675777e-04 -4.89162579e-02  3.60255428e-02
 -3.91452238e-02  5.88916754e-03 -6.98848069e-02  4.21609506e-02
 -3.78757268e-02 -7.82505125e-02 -5.67277079e-04  7.98175037e-02
  1.37236342e-01 -5.41924760e-02 -1.39439758e-02 -1.50468284e-02
  4.04812172e-02 -7.03221839e-03 -4.32504974e-02  7.93440863e-02
 -7.28431940e-02 -1.09864576e-02 -6.60570711e-02 -2.68246178e-02
  1.22619960e-02 -4.39539663e-02  3.80126908e-02  1.74405612e-02
  7.23627536e-03 -3.16325426e-02 -4.66637388e-02  8.81397631e-03
  1.39413314e-04  2.49305032e-02  5.23798205e-02 -2.32381262e-02
 -5.05022593e-02 -3.23055349e-02 -3.22516523e-02 -5.11545241e-02
 -4.99844775e-02  2.08585467e-02 -4.70227981e-03 -2.13341992e-02
  8.61182883e-02 -7.63636432e-04 -1.87819917e-02 -3.62201780e-02
 -4.85921800e-02  2.20822804e-02  2.31885593e-02 -6.26484081e-02
 -2.53432728e-02  6.56391233e-02 -2.87676081e-02  6.74378127e-02
  1.16116814e-02  4.95581254e-02  3.11875436e-02 -1.50901377e-01
  6.84967451e-03  5.71618089e-03 -1.94919650e-02  2.67476235e-02
  7.19784796e-02 -1.42884096e-02  3.12677100e-02  4.84689139e-02
 -1.73414014e-02  6.30945852e-03 -9.32530873e-03  1.82041582e-02
 -7.81726018e-02 -3.15417275e-02  2.39493661e-02 -1.23307323e-02
 -5.51347584e-02  4.37703393e-02  4.10474576e-02 -2.25272421e-02
  8.41475651e-02 -8.37467238e-03 -7.48073608e-02  3.84028181e-02
 -8.20423812e-02  7.53744552e-03 -2.04340201e-02  2.55867522e-02
  8.73496979e-02  1.17985703e-01 -7.85767660e-02 -3.04402560e-02
 -9.61731598e-02 -4.79334332e-02 -6.72252625e-02  8.14839229e-02
 -6.74655661e-02 -2.96050627e-02  4.02152203e-02 -2.73660477e-02
  4.33667973e-02 -6.84519438e-03  7.46920183e-02 -2.82759480e-02
  2.80983225e-02 -4.77637425e-02  3.00330427e-02  1.19392125e-32
 -5.11560515e-02 -1.26634398e-02 -1.92115214e-02 -3.49734798e-02
 -2.88499519e-02 -2.35680360e-02 -5.39754666e-02  3.84890139e-02
  8.17594156e-02  2.07976811e-02 -4.38097604e-02  6.07655421e-02
 -1.16978306e-02 -4.47733030e-02  4.15174440e-02 -2.60861367e-02
  6.26154616e-02 -2.59240773e-02  1.23332301e-02 -1.46670537e-02
 -4.46551144e-02  7.51669332e-02 -3.30212526e-02 -3.00856568e-02
  2.31093653e-02  8.54500197e-03 -4.18967307e-02 -7.08012059e-02
 -7.05212578e-02  4.68446501e-02  1.14402249e-01 -1.16947573e-02
 -3.32634780e-03 -2.23882236e-02 -5.52096963e-02 -1.08962089e-01
  2.92774774e-02 -1.21435830e-02 -2.11893190e-02 -1.80930085e-02
 -1.85265839e-02  5.31337550e-03  7.08058849e-02  1.97978653e-02
  1.18697737e-03 -4.73327264e-02  3.73640284e-02  6.82041347e-02
  1.35925099e-01  9.97377262e-02 -4.21676636e-02 -1.20575279e-02
  8.58528018e-02 -3.06872725e-02 -4.24598977e-02  3.91182192e-02
 -8.41801688e-02  6.09025843e-02 -3.51151712e-02 -1.66376736e-02
 -4.75866795e-02 -5.14515815e-03 -2.18401030e-02 -1.07190358e-02
 -7.93288499e-02 -1.96806248e-03 -2.01491825e-02  1.16266757e-02
  1.05075516e-01  5.49414754e-02 -6.30245432e-02 -3.61194275e-02
  1.48766057e-03  4.80204038e-02 -2.07149945e-02  3.44181806e-03
  7.68652782e-02  1.13723585e-02 -7.71008134e-02 -2.86717666e-03
 -3.83990854e-02  4.83583473e-02 -3.75890881e-02 -4.67383079e-02
  1.11376561e-01  1.57356001e-02  6.04683980e-02  1.25009641e-02
 -7.52273649e-02  1.05847821e-01  3.49198096e-02  4.77741547e-02
 -5.27732745e-02  4.14344706e-02  6.59498945e-03 -1.27352118e-32
  1.79879032e-02  4.88574356e-02 -3.21009941e-02 -2.17432212e-02
  1.28140152e-02  2.44994145e-02 -3.45045337e-05 -1.55448597e-02
 -7.30672255e-02 -8.00133273e-02 -8.17983411e-03 -9.87520888e-02
  2.43505109e-02 -4.87228632e-02 -6.07913584e-02  6.13126643e-02
 -8.14598352e-02 -2.35042255e-02 -6.54689148e-02 -1.34317466e-04
 -2.57242285e-02  1.29655227e-01  1.86888408e-02 -3.17241475e-02
 -5.64561924e-03  1.43739709e-03 -1.93823446e-02  3.34104709e-02
  1.20831970e-02 -1.35131059e-02  3.91416885e-02  6.90653687e-03
 -7.55764097e-02  5.63644022e-02 -3.25759947e-02 -1.85410455e-02
  5.81059139e-03 -2.48480923e-02 -2.66085733e-02  1.15413174e-01
  1.19605334e-02  2.02694610e-02  3.73130329e-02 -5.06555475e-02
 -1.23367892e-04 -5.37110679e-02 -3.75478230e-02 -8.75887051e-02
  1.33527210e-02 -4.85835858e-02  9.27958116e-02 -5.02684191e-02
 -3.28669287e-02  2.17238963e-02  1.75738949e-02 -2.21032538e-02
  4.63385619e-02 -1.01678364e-01 -9.66515020e-02 -2.25068312e-02
  1.14975177e-01  5.95952272e-02 -2.20162515e-02 -2.18271688e-02
  2.31389012e-02 -1.16449259e-02  3.13743167e-02 -3.57968640e-03
 -1.46259759e-02 -1.03716562e-02 -4.02882546e-02 -9.74449813e-02
 -3.35112326e-02 -1.48456264e-02 -3.24166776e-03  8.12474824e-03
 -4.56539504e-02 -7.18839234e-04  1.59822926e-02 -4.66812290e-02
 -1.05369806e-01 -1.90591328e-02  1.21890716e-02 -7.47260675e-02
 -6.83388263e-02 -4.27775271e-03 -5.40514588e-02 -2.03133449e-02
  4.33207117e-03  7.02671856e-02 -1.76737830e-02  6.81159347e-02
  2.60682460e-02  1.56048369e-02 -4.22672071e-02 -6.27121040e-08
  1.27270995e-02 -5.51945232e-02  1.00955263e-01  1.62063073e-02
  2.67179050e-02 -7.51461312e-02  3.01682428e-02 -3.56054567e-02
  7.52103701e-03  2.38142984e-05  2.67089941e-02 -5.63695049e-03
 -2.63902340e-02 -6.40989468e-02  1.10467644e-02 -9.71059725e-02
  4.31330912e-02  9.18329507e-02 -4.26671244e-02 -1.05712771e-01
  4.47358079e-02 -2.97300089e-02 -1.19791262e-01 -5.84518984e-02
  2.40730867e-02 -6.93183467e-02  4.06923052e-03  1.24821346e-03
 -1.31792156e-02  1.19140921e-02 -2.07459293e-02  2.32154541e-02
  4.86755334e-02 -7.92053565e-02 -6.88766688e-02 -1.35216396e-02
  3.25472467e-02  1.19271101e-02 -5.40522039e-02  2.63785515e-02
  7.58837759e-02 -5.92155717e-02 -1.09225940e-02  2.66513471e-02
  7.35859126e-02 -6.87420666e-02 -3.10155898e-02  6.66022003e-02
  4.19230014e-02 -5.19909076e-02  2.28382256e-02  1.63756851e-02
  6.02395693e-03  1.23590585e-02 -4.92607616e-02  5.80571219e-02
  7.80825596e-03  5.59281325e-04 -1.18306149e-02 -3.18757147e-02
  7.91063979e-02  6.27864152e-02  1.40236514e-02 -7.69349113e-02]