[-9.51719806e-02  8.26869234e-02 -1.16938734e-02 -5.96999638e-02
 -4.18746881e-02  3.93276773e-02 -5.58450148e-02  1.21827044e-01
  2.01980434e-02  6.72702561e-04 -2.03654473e-03 -8.01392794e-02
 -3.24011780e-02 -9.19702463e-04 -4.86973375e-02  5.23628946e-03
 -1.54912649e-02  3.14399265e-02  2.34715398e-02  3.42624411e-02
  5.67284636e-02 -3.73452082e-02 -8.06764513e-02  7.15405047e-02
 -6.99696168e-02  6.27982244e-02 -1.49689363e-02  1.00321710e-01
 -4.51943278e-02 -1.86211318e-02 -4.61913981e-02  1.77674294e-02
  9.50904563e-02 -3.91128622e-02 -2.64734160e-02 -6.07432872e-02
 -1.00106606e-03 -9.62467492e-03  3.26522253e-02  8.99911448e-02
 -2.78372318e-02 -8.39993078e-03 -3.28767374e-02 -2.32135020e-02
  2.29201391e-02 -2.59319339e-02  5.36061600e-02  1.50997583e-02
  1.03732152e-02 -5.71341328e-02 -2.28051711e-02  1.06873654e-01
  3.42640541e-02 -1.14699692e-01 -1.86724234e-02 -6.70453683e-02
 -1.30002014e-02 -2.43585315e-02  2.40977257e-02 -2.72959401e-03
  2.40308437e-02 -3.07605490e-02 -1.65358875e-02  2.05619354e-02
 -5.27690612e-02 -7.81448632e-02 -5.99872172e-02 -6.06372654e-02
 -1.34434123e-02  6.85612345e-03  3.21815051e-02  1.04717922e-03
 -1.01563567e-02 -4.48332466e-02 -4.49418761e-02  1.81734324e-01
  8.54588766e-03  2.72315387e-02 -3.24755944e-02 -1.08089522e-01
  2.23886091e-02 -3.40261236e-02  2.71765864e-03 -6.45676851e-02
  5.81530295e-02  1.02274455e-02  2.94006821e-02  7.11146230e-03
  2.86034215e-02  9.56089981e-03  2.25974247e-02  7.49404654e-02
 -9.05424133e-02  3.18236724e-02  4.51283716e-02  2.43326835e-02
  5.25744632e-03 -2.39593275e-02  9.00017768e-02  7.07030222e-02
  7.05971345e-02  3.06136999e-02 -5.70415929e-02  2.51243562e-02
 -1.81359220e-02  9.66437459e-02  2.90003009e-02 -9.51763056e-03
  2.28602849e-02  4.42733802e-02  3.30045819e-02 -2.08200794e-02
 -3.17421705e-02 -1.90732647e-02 -1.04728460e-01 -1.52303977e-02
 -8.55978876e-02  3.12935226e-02 -2.69123167e-02  2.20442340e-02
 -1.82089638e-02 -1.03816621e-01 -2.19577253e-02  1.55192753e-02
  2.49418244e-02 -6.48075193e-02  8.46204981e-02  1.57577795e-32
 -4.97568473e-02 -1.44929346e-02 -8.05882886e-02 -2.54712328e-02
 -2.99278218e-02  3.72465812e-02 -6.14751875e-02 -1.14350778e-03
 -4.38993843e-03  2.78537478e-02 -8.06239024e-02  7.14553073e-02
 -4.86078300e-02 -9.92014557e-02  6.17990308e-02  5.35145178e-02
  2.96351034e-02 -9.95696783e-02 -2.72716414e-02 -9.74151790e-02
  6.35667238e-03  4.14399914e-02  2.34486703e-02 -1.77506786e-02
  4.22781669e-02  1.62794366e-01 -3.94542776e-02 -1.23163685e-01
 -7.17250854e-02  4.21937406e-02  1.67104590e-03 -7.00521469e-02
 -6.54554740e-02  3.04086823e-02 -2.66748387e-02 -1.91696603e-02
 -1.49460398e-02 -4.73669171e-03 -8.64852220e-03  4.91491556e-02
  1.44817289e-02  1.12073869e-02  3.24754342e-02 -1.57648139e-02
 -6.88938126e-02 -1.64681673e-03  7.75443274e-04  4.81392369e-02
  1.16222605e-01  6.05728403e-02 -1.46280639e-02 -1.15023337e-01
 -4.45166007e-02 -1.71298534e-03  1.56767815e-02 -8.08848664e-02
 -1.21804208e-01  5.01889959e-02  1.69930551e-02  6.09867424e-02
 -7.99355656e-03  1.06846429e-02 -7.36940280e-02 -1.92315690e-03
 -1.05501503e-01  2.58672405e-02 -5.10464646e-02  2.61866953e-03
  2.93632038e-02 -4.20797151e-03 -5.58658503e-03 -9.96196270e-03
 -4.68855388e-02 -3.18605825e-02  1.70049127e-02 -5.60453497e-02
  5.09890206e-02  1.87988486e-02 -3.40287946e-02  6.95088655e-02
 -6.13643453e-02 -9.12402198e-03 -2.91672181e-02 -8.74538198e-02
  2.70071607e-02  3.08743734e-02  4.34684269e-02  8.87202099e-02
  7.14518363e-03  2.83243153e-02 -1.63476113e-02 -5.45916008e-03
  2.02726144e-02  3.40184681e-02  7.39285573e-02 -1.65825240e-32
 -3.86537910e-02 -1.49655631e-02  7.84103051e-02  2.56123743e-03
  3.04521602e-02  2.49297135e-02 -1.99269392e-02 -4.81692031e-02
 -7.73028955e-02 -9.97454002e-02 -7.03465566e-02 -1.44187771e-02
  7.07423910e-02  1.81989055e-02 -2.48759128e-02 -2.35353559e-02
 -3.00498493e-02 -3.15423496e-02 -1.01445615e-01  5.11183916e-03
  6.89274957e-03  2.91570928e-02 -4.96190526e-02 -6.48688301e-02
 -2.16131825e-02  3.14190648e-02  4.27411729e-03 -8.51371884e-02
 -5.86818121e-02  9.44309980e-02  3.09249386e-02  6.35513142e-02
 -3.57638597e-02  1.76305771e-01  1.72670577e-02  8.71852413e-02
  1.14579834e-01  5.93597107e-02 -4.89674732e-02  9.88326222e-02
  2.80315187e-02  4.11403477e-02  2.62108389e-02  3.25310864e-02
 -3.43379118e-02  4.53696325e-02 -6.08596355e-02 -1.32439462e-02
 -2.00263248e-03  2.79889926e-02 -8.68534204e-04 -5.83160482e-03
 -5.21087795e-02  1.24647282e-02 -2.05589477e-02 -3.35454680e-02
  2.63388548e-02 -3.43516693e-02 -1.13561027e-01 -1.78369191e-02
  4.67051268e-02 -3.28766997e-03 -3.28895003e-02 -4.36831452e-03
 -1.15346741e-02  2.80530285e-02 -2.19626445e-02  6.84534162e-02
  3.07606794e-02  1.64629165e-02 -3.46034318e-02  2.74754912e-02
 -4.95192520e-02 -2.57288013e-02 -2.02257894e-02  3.43482904e-02
 -3.81404944e-02  5.41489609e-02  8.94093700e-03 -3.54389683e-03
 -7.88270906e-02 -8.92098621e-03  2.30932031e-02  1.68590192e-02
 -4.53670658e-02  7.05743432e-02  3.82731296e-02 -5.11963572e-03
 -6.54105842e-02 -2.71820780e-02  8.86993557e-02  7.69117028e-02
  1.12574168e-01  4.94995005e-02 -6.26107231e-02 -6.96102447e-08
  3.25557888e-02 -1.76439602e-02  2.95945555e-02  5.00445515e-02
 -2.38106921e-02  6.29192637e-03 -1.07855573e-02 -5.83195910e-02
 -1.28753297e-02  3.20228338e-02  1.07942782e-01 -2.53341086e-02
 -2.85330843e-02 -4.66603152e-02 -3.04657035e-02 -1.19757680e-02
 -3.51949334e-02  5.60321659e-02  1.21145174e-02 -8.58177710e-03
 -1.36763435e-02 -1.43088857e-02 -7.32592642e-02 -2.99932323e-02
  3.14283818e-02 -5.93114235e-02 -5.90800308e-02 -5.64891435e-02
 -2.72535719e-02 -1.42850252e-02  3.54893096e-02 -1.30778905e-02
  8.12263507e-03 -2.53788754e-02  5.97932525e-02 -5.89080974e-02
  3.18821482e-02  2.07196008e-02 -3.39033045e-02 -7.08190352e-02
  9.03583243e-02  2.73762178e-02 -9.98339579e-02 -4.59589474e-02
  6.66825250e-02  2.18307655e-02  4.50113602e-03 -5.14434576e-02
 -6.06409460e-03  1.54919568e-02 -5.10473363e-02  1.83125548e-02
 -5.79995755e-03  6.16843738e-02  9.27518029e-03  1.80648863e-02
 -1.34971850e-02  1.15851630e-02 -6.64610565e-02 -8.06451440e-02
  2.03364324e-02 -4.43928922e-03 -3.01135480e-02 -6.18568696e-02]