[ 8.75926837e-02 -2.22134963e-02 -7.18304366e-02  3.93076288e-03
 -1.45215122e-03  1.86417031e-03  3.33364494e-02  1.56521156e-01
 -3.01080719e-02  2.36726962e-02  8.18175152e-02 -9.19736624e-02
 -2.82356306e-03  6.63055331e-02 -1.04872562e-01 -5.63494042e-02
  1.92905441e-02  7.12073734e-03 -4.16968428e-02  1.02771312e-01
  3.31558660e-03 -8.29419568e-02  3.70015986e-02 -2.58327555e-03
  4.96413521e-02  1.38408151e-02 -2.40555946e-02 -4.41791723e-03
 -2.61277705e-02 -8.85322168e-02 -7.67301619e-02  1.19645491e-01
  9.56692919e-02 -9.95660797e-02 -2.02989466e-02 -5.43507263e-02
 -3.14449146e-03 -4.68783081e-02 -2.77182069e-02  5.00723571e-02
  1.07713798e-02 -3.12438030e-02  7.44283339e-03 -2.50236429e-02
  1.38176437e-02 -7.93924555e-02 -4.55358289e-02  8.85417238e-02
  3.80461849e-02  6.35499284e-02 -1.02279648e-01 -2.31356788e-02
 -5.63792363e-02  6.17930554e-02 -1.12282103e-02 -6.11050986e-02
 -3.60534303e-02 -4.11140136e-02 -1.38094518e-02  5.81467822e-02
  2.90415660e-02  1.01253660e-02  6.34791330e-03 -2.76386961e-02
  3.00565716e-02 -1.14357155e-02 -3.85457687e-02  3.58902737e-02
 -4.77020964e-02  1.16421264e-02  7.06657842e-02 -1.41067076e-02
  1.99021362e-02  2.86984276e-02 -6.08215444e-02  5.53426407e-02
  9.35017411e-03  4.05188166e-02  2.63149440e-02 -9.92648080e-02
  5.87545000e-02  2.50085630e-02 -2.54389495e-02  1.62078475e-03
  3.90665047e-02  1.92044247e-02  1.49110546e-02  6.68731704e-02
 -1.72419343e-02  3.51632461e-02  6.84079900e-02  1.27727926e-01
 -1.47033349e-01 -3.06840856e-02  1.31932450e-02  4.71603908e-02
 -4.07194085e-02 -2.88053583e-02  1.34104947e-02 -2.67047435e-02
 -1.72162279e-02 -8.19056854e-02  1.75776370e-02 -5.10043055e-02
 -1.10517919e-01 -5.45414276e-02  3.35491709e-02 -4.29846942e-02
  1.18875774e-02  5.63369729e-02 -9.08636823e-02 -5.08034639e-02
 -5.15543781e-02 -4.16314192e-02 -1.98764559e-02  5.53383157e-02
  7.15065673e-02 -6.68428540e-02  2.47041751e-02  1.24053415e-02
 -5.15911123e-03  2.31986046e-02  5.75202368e-02  2.37091072e-02
  2.54154280e-02 -5.63428402e-02  4.49447744e-02  1.19374890e-32
 -4.33052294e-02 -4.88552116e-02 -1.30188803e-03  7.94720203e-02
  5.87735213e-02  2.45722700e-02 -5.96670806e-02  1.32039934e-02
 -4.50153127e-02 -8.36719126e-02 -1.46532491e-01  5.89239113e-02
  1.25478189e-02  4.60011214e-02  2.38842070e-02  5.41055165e-02
  6.95525035e-02  9.43152606e-03 -2.41091498e-03 -5.22160903e-02
  2.12393012e-02  5.78898676e-02 -4.71328087e-02  2.18313988e-02
 -3.27101760e-02  8.33370984e-02 -1.16351563e-02 -6.37422055e-02
 -2.57845409e-02  5.43259457e-03  1.15263842e-01  1.82275160e-03
 -2.72037089e-02 -4.47127558e-02 -4.49368410e-04  6.58956915e-02
 -5.83788902e-02  1.76800210e-02 -2.24969201e-02  7.64377788e-02
 -2.74976082e-02  5.97998081e-03  6.14166819e-02  3.13689150e-02
  1.81109346e-02 -8.38427171e-02  4.05302038e-03 -2.84430832e-02
  1.49148241e-01  1.51484329e-02 -3.37904245e-02  9.77846980e-03
 -8.85842890e-02 -1.20489988e-02 -4.02858853e-02  2.59483363e-02
 -1.01994812e-01  6.44366816e-02  1.16199329e-02  2.17989809e-03
 -9.68676526e-03  7.08527863e-02 -5.66847995e-02 -2.52921768e-02
 -1.36983553e-02  2.28381995e-02 -6.97645545e-02 -3.38962972e-02
  7.46041015e-02 -3.56114656e-02 -2.95080524e-02 -5.27762435e-02
  1.94536559e-02  2.39439625e-02  7.37051107e-03  3.90093699e-02
 -4.75551300e-02  6.04491793e-02 -2.77265087e-02  2.51573361e-02
 -8.14883262e-02 -4.30071019e-02  7.26949004e-03  1.65100750e-02
  4.19649817e-02  9.41308215e-02  1.28600970e-02  4.83866893e-02
  2.74110883e-02  1.90799106e-02  8.21748227e-02 -3.39540206e-02
 -5.43735363e-02 -1.31651778e-02 -1.95347480e-02 -1.26065730e-32
  3.04364264e-02  4.01886031e-02  5.45734391e-02  5.58337895e-03
  2.03984771e-02  5.87724559e-02 -9.74575281e-02  1.17551005e-02
  2.60451511e-02 -2.20254213e-02  9.12448298e-03 -3.90099324e-02
  5.32045141e-02 -4.95360605e-02 -4.13942821e-02  2.84202769e-02
 -9.32398811e-03  1.92605928e-02 -5.94481565e-02 -7.33950138e-02
 -1.22814581e-01 -5.75801358e-03  8.61797333e-02  8.14266652e-02
 -2.55316831e-02  2.59285350e-03  9.48673394e-03 -3.39979976e-02
 -6.65726811e-02 -3.18293162e-02  1.43619990e-02 -5.08813523e-02
 -5.91405816e-02  1.89130772e-02 -1.76639408e-02 -9.23892076e-04
 -2.48311553e-02 -2.64357915e-03 -1.23705957e-02  7.37890750e-02
 -1.83560923e-02 -1.26086352e-02  4.06132676e-02  1.77941180e-03
 -2.91386917e-02 -7.32328836e-03 -3.91698629e-02 -8.16578344e-02
  2.17565950e-02  1.20136216e-02  1.18016168e-01  7.12406710e-02
 -3.45405489e-02  1.63032468e-02  5.36965169e-02 -5.32703102e-03
 -6.23800606e-02  6.48849756e-02 -1.05475239e-01  6.30777180e-02
  8.14608857e-02  4.19423506e-02 -6.61884397e-02 -6.61171600e-02
  5.47316037e-02  4.30758018e-03 -9.79181826e-02  6.68087229e-02
  3.39922979e-02 -1.02443891e-02  1.23477139e-01 -2.98180943e-03
 -4.71076965e-02  9.12864693e-03 -2.74339393e-02  7.00601202e-04
  5.18957898e-02 -4.22386117e-02 -4.88114264e-03  1.52182458e-02
  1.94949415e-02 -3.99385542e-02 -5.99084944e-02  4.28765733e-03
 -8.81562680e-02 -3.03134788e-02  6.90455511e-02 -7.45223090e-02
 -1.33403763e-02  8.30800273e-03 -1.84875540e-02  2.75911782e-02
 -8.59055594e-02 -2.38162205e-02  7.40998834e-02 -4.93393095e-08
  2.73124725e-02 -1.72448438e-02  2.74561830e-02  7.23666474e-02
  7.36254454e-02  2.33474635e-02 -3.16481031e-02  6.19150624e-02
 -5.07094525e-02  8.83033723e-02  3.91575322e-02 -1.48045067e-02
 -5.93494847e-02 -3.83125991e-02 -3.20105478e-02 -6.77519888e-02
  2.55618040e-02  1.22535028e-01 -4.42950288e-03  2.14710366e-02
  1.36619164e-02  1.38936182e-02 -4.97593693e-02 -3.97681072e-02
 -1.95525941e-02 -3.44208553e-02 -1.12085557e-02 -2.95870043e-02
 -1.70451961e-02 -1.13556096e-02  5.30379899e-02 -6.66966811e-02
  1.82828624e-02 -2.77678408e-02 -6.23825043e-02  7.09464774e-02
 -2.39070263e-02 -3.56969982e-02 -4.91835624e-02  9.76945739e-03
  9.61663350e-02 -7.02153891e-02  3.39655541e-02 -6.51279744e-03
 -3.35527286e-02 -6.23672679e-02 -4.85713817e-02 -3.13122794e-02
  3.53910886e-02 -6.05732426e-02  1.23988409e-02  9.59848240e-03
 -1.51472921e-02 -3.18048298e-02 -4.09389101e-02 -2.95291375e-02
  1.86974928e-02  4.35333177e-02 -5.23103066e-02  4.31255884e-02
  9.66906082e-03 -1.51128052e-02  4.70953174e-02  7.14532062e-02]