[ 5.93279377e-02  3.60299014e-02 -5.93677424e-02 -7.32414499e-02
 -4.74063382e-02 -1.38428835e-02  7.94951431e-03  7.05613494e-02
  2.71023065e-02  3.22821252e-02  6.71008006e-02 -4.72221188e-02
 -3.45117673e-02  5.95651940e-02  5.87479658e-02 -8.24508518e-02
  3.35114449e-02  2.89885569e-02 -3.13689671e-02  1.16103396e-01
  1.50335267e-01 -4.69545051e-02 -3.21066119e-02  5.40176034e-02
 -1.45234287e-01 -2.50200704e-02 -4.56323177e-02 -5.19596636e-02
 -6.65124133e-02 -4.06641141e-02  5.51136117e-03  5.65041117e-02
  7.28053674e-02 -1.95258260e-02 -1.14451339e-02  1.90195274e-02
  6.23422377e-02  2.46940050e-02 -5.01492172e-02  6.58313781e-02
 -9.67842191e-02  7.87259080e-03 -8.74527842e-02 -5.71948402e-02
  1.09676197e-02 -8.46684873e-02 -2.04534084e-02 -4.23250087e-02
 -9.61476490e-02 -1.21982191e-02 -5.84951229e-02 -2.32691169e-02
 -3.20004001e-02  6.23388123e-03 -3.03423069e-02 -8.51584375e-02
 -3.14020067e-02 -2.72181462e-02 -2.85270177e-02  4.04164158e-02
  3.33879289e-04  2.42860001e-02  4.43121605e-02  1.18041094e-02
  2.68543586e-02 -6.51568547e-02  1.01488158e-02  1.72618590e-02
 -2.45983507e-02 -1.96627583e-02  5.93280047e-02 -1.05619125e-01
 -2.95067597e-02  4.09016721e-02  8.03668704e-03  6.19590841e-02
 -3.99342030e-02  5.05046882e-02  1.73911639e-02 -1.04641475e-01
 -4.13076673e-03  4.34090868e-02  1.16363131e-02  2.22748145e-03
 -2.23150495e-02 -4.26358730e-02 -3.09400875e-02  1.13742296e-02
  1.15111214e-03  1.84750203e-02  2.61140596e-02  1.51406033e-02
 -5.12537695e-02 -4.36477326e-02  2.73136515e-02 -6.27914956e-03
  8.99958238e-03 -5.24266157e-03  1.13580391e-01 -3.46840993e-02
  2.69085076e-03 -1.85790211e-02  4.96465005e-02 -1.27658499e-02
 -4.55600321e-02  6.36297138e-03  8.33290536e-03 -1.03113122e-01
  5.35211451e-02  7.89771676e-02 -1.06369995e-01 -1.46623654e-02
 -3.88102345e-02 -3.00168023e-02 -7.28622526e-02  3.11212447e-02
 -6.84566200e-02 -6.14186041e-02  3.79185155e-02  4.21974482e-03
  4.44902387e-03 -3.68338190e-02  1.00965016e-01 -2.87609808e-02
  2.00446025e-02 -1.15684522e-02  2.49565300e-02  7.81871619e-33
 -8.98599625e-02 -7.53825754e-02 -2.89019775e-02  1.60528868e-02
  5.60971797e-02 -3.73750478e-02  6.39674533e-03  5.17385686e-03
  7.64864758e-02  4.07138690e-02 -4.85141799e-02  1.31048888e-01
  1.37075027e-02  8.70074108e-02  1.11241519e-01  8.41699447e-03
 -1.05897402e-02  1.82871278e-02  3.66308284e-03  1.29150320e-02
 -8.80272686e-03  1.49981892e-02  2.55847666e-02  1.02511351e-03
 -4.23328020e-02  8.24558958e-02 -1.06785214e-02 -7.09233359e-02
 -5.41711785e-02  4.85683344e-02  1.29102230e-01 -3.83663885e-02
 -4.27687820e-03 -3.42508927e-02 -6.74032122e-02 -1.22877760e-02
  3.34990956e-02  2.45899446e-02 -1.86413247e-02 -5.96599691e-02
 -4.62756865e-02 -4.33139279e-02  8.46739784e-02  3.97654623e-02
  4.53022309e-03 -8.50044657e-03  6.53363988e-02 -2.48090718e-02
 -2.81610917e-02  1.15680024e-01 -1.73848905e-02 -3.34952101e-02
  5.27489632e-02 -4.29943949e-02  1.26754977e-02  2.83148810e-02
 -6.17015138e-02  2.11928431e-02 -6.49018437e-02 -5.25329448e-02
 -4.44605984e-02  5.07331043e-02 -8.67616013e-03  1.02400929e-02
  7.53048994e-03 -4.33219709e-02 -4.70249244e-04  3.51358112e-03
  1.56000629e-01 -2.04808973e-02 -7.23703578e-02 -4.93562734e-03
 -1.39102684e-02  1.12225804e-02  2.82368180e-03 -3.69029795e-03
 -8.64406303e-03  2.99769100e-02 -9.25988704e-02  4.40200884e-03
 -7.32903033e-02  1.09564629e-04 -6.01443090e-02 -4.49349247e-02
  2.78473459e-02  9.00957510e-02  2.75967065e-02  3.50402631e-02
  1.22823091e-02  7.21799955e-02 -1.78000070e-02  7.11547956e-02
 -2.05123611e-02  5.80440536e-02  7.59392902e-02 -1.15382742e-32
  6.45783693e-02  7.42236106e-03 -6.42718151e-02 -4.07935530e-02
  4.01101597e-02  2.22527981e-02 -4.99408506e-02 -1.05059810e-01
 -7.78652728e-02 -1.03249595e-01 -1.32552952e-01 -5.71733639e-02
  7.13171288e-02  2.37146001e-02 -4.88214232e-02  5.95727190e-02
 -5.77156097e-02 -2.75256615e-02 -7.25651309e-02 -3.95740718e-02
 -7.46734627e-03  6.74212128e-02 -8.92899651e-03 -1.05065797e-02
 -5.47337020e-03  1.66900288e-02 -3.98356095e-02 -5.82937300e-02
 -4.62083109e-02 -3.17822839e-03  6.22240081e-02  4.34603095e-02
 -9.85891744e-03  6.17490783e-02 -1.30011337e-02 -7.29063228e-02
  3.59612778e-02 -6.94238301e-03 -1.38711380e-02  1.28050111e-02
  3.56697813e-02  6.55860454e-02  9.86847095e-03  2.92553823e-03
 -3.12385950e-02  7.24309357e-03 -2.96671987e-02 -1.11068048e-01
  4.33032103e-02 -4.30138372e-02  5.03369495e-02 -6.02414785e-03
 -4.15599272e-02 -7.68915638e-02  5.72878309e-02 -1.37186041e-02
 -4.91333939e-02 -9.93923396e-02 -1.26503095e-01  2.49568336e-02
  9.72454473e-02  9.16486233e-02 -6.13310710e-02 -1.88230593e-02
  4.93159667e-02  6.41641160e-03 -1.73413288e-02  9.34170559e-03
 -5.40601909e-02  1.65954567e-02  5.13190962e-02 -2.31988588e-03
 -3.57052088e-02  1.70133263e-02  4.64835670e-03  9.76840593e-03
  1.41888438e-02 -5.37865199e-02 -2.91941632e-02  2.09902450e-02
 -8.23347047e-02 -6.49211332e-02  5.52036613e-03 -4.07642499e-02
 -2.61192452e-02  1.77517179e-02 -6.78228065e-02  5.89234978e-02
 -4.24261689e-02  5.71881654e-03 -2.00168826e-02  1.19820610e-03
  4.51466767e-03 -1.20761245e-02 -1.61302444e-02 -6.59447750e-08
  4.29784134e-02 -4.52350676e-02  1.11520961e-02  1.35228559e-02
 -9.25729945e-02 -3.39202508e-02 -6.04116134e-02  2.85098739e-02
 -4.26519401e-02  2.43764054e-02  5.14129028e-02  1.75430868e-02
 -8.43790174e-02  9.08409879e-02  7.13137388e-02 -6.89227507e-02
  8.28800350e-02  1.02202468e-01 -7.54076764e-02 -6.42066374e-02
  3.23642865e-02 -4.45402674e-02 -7.79218152e-02  2.99999211e-02
 -1.28896199e-02 -4.92774807e-02 -1.42714307e-02 -5.37119098e-02
  3.28431204e-02  3.59875560e-02  1.42301740e-02  4.35769111e-02
  4.20340896e-02 -3.02350670e-02  9.13379341e-03 -3.89548391e-02
  2.24886574e-02  3.29979043e-03 -2.82283556e-02  4.02884223e-02
  6.02218248e-02 -9.09670740e-02 -6.94457442e-03 -4.01392207e-02
  4.11517061e-02 -2.40896493e-02 -7.08577968e-03  7.39593580e-02
 -2.48690229e-02  4.97545153e-02 -8.40948001e-02  1.85019206e-02
  3.69307250e-02  4.37784269e-02 -3.29724066e-02  2.93396916e-02
  3.30775790e-02 -6.04688609e-03 -6.46529021e-03  2.52746325e-02
  1.02597609e-01  3.29243653e-02  6.95324913e-02 -5.35843186e-02]