[-1.45232482e-02  5.03444448e-02 -3.42088453e-02 -6.28755689e-02
 -1.03145875e-01  3.65888253e-02 -3.02143469e-02  8.71047229e-02
  7.38616800e-03  6.03335686e-02  7.27696568e-02  2.57803947e-02
  3.18139941e-02  1.44610582e-02  3.15026864e-02  7.08035156e-02
  3.77022997e-02  4.40974794e-02  5.18851960e-03  3.02468278e-02
  1.20608009e-01 -1.46863796e-02 -3.82298529e-02  6.69562221e-02
 -7.22591206e-02  3.85837443e-02  2.52012089e-02 -4.19095829e-02
  2.16052160e-02 -1.72400028e-02 -3.00475843e-02  2.87896898e-02
  6.01811446e-02 -3.95395160e-02  3.46334539e-02 -1.98013652e-02
  3.24317478e-02 -3.65044251e-02 -7.98632763e-03  9.65839177e-02
 -6.75190613e-02 -4.92395610e-02 -1.35683060e-01 -6.99133500e-02
 -1.27961123e-02 -2.09922958e-02  7.01430347e-03  6.01233207e-02
 -7.98519142e-03 -2.07234714e-02 -1.46224396e-02  2.45819464e-02
 -7.56018460e-02  2.07652915e-02  9.87920072e-03 -8.96809846e-02
 -7.21621960e-02  3.53700854e-02  5.00421673e-02 -6.88429922e-03
  1.08476039e-02  6.20084852e-02 -1.43469069e-02  2.40057111e-02
  7.68234730e-02  6.83135837e-02 -1.51830716e-02 -4.76883575e-02
 -2.12209281e-02  1.24366157e-01  2.80394908e-02 -2.04514712e-02
  4.95802425e-02 -3.00611779e-02 -5.94240911e-02  2.43084831e-03
  1.80924032e-02  3.75195667e-02  3.98908444e-02 -1.75726712e-01
  2.02214755e-02  1.40199354e-02 -8.15657750e-02 -8.61088187e-02
  6.31207824e-02 -2.33289250e-03  2.28130594e-02 -4.26685996e-02
  2.69305967e-02 -3.08394269e-03  2.82987040e-02 -7.27676600e-03
  1.78905460e-03 -7.26181567e-02 -7.45128281e-03  7.45368795e-03
 -5.00882305e-02 -8.46218467e-02  1.09196283e-01  2.90002842e-02
  3.39756422e-02  3.62615958e-02 -4.58744839e-02  6.21105470e-02
  1.56826079e-02 -4.20522802e-02  4.75860462e-02 -6.11411855e-02
  4.60217148e-02  1.40453696e-01 -5.64087220e-02 -2.42249947e-02
 -2.43003126e-02 -9.40020233e-02 -6.41095564e-02  2.64525674e-02
  2.77961977e-02  3.80880497e-02 -6.68413052e-03 -7.74312094e-02
 -9.97570530e-03 -4.50775027e-02  5.85878864e-02 -3.60841025e-03
  5.72120808e-02 -8.98259208e-02 -5.98949194e-02  1.16545151e-32
 -8.02406517e-04 -1.08919024e-01 -2.66708992e-02  2.53595281e-02
 -7.40656555e-02 -2.28165407e-02 -4.72731180e-02 -6.85497969e-02
  3.12502868e-02  9.66052338e-02 -2.04942431e-02  1.09527530e-02
  7.82820582e-03  1.36559019e-02  1.21054970e-01 -2.74721384e-02
  3.12510356e-02 -3.97605337e-02 -1.24082845e-02  1.64923295e-02
 -2.68702190e-02 -5.38211595e-03  3.25581841e-02  7.38849565e-02
 -7.14666918e-02  1.93213206e-02 -3.95501889e-02 -6.59239441e-02
 -7.18355626e-02  4.03969586e-02  5.46214953e-02 -2.51196884e-02
  3.45561206e-02 -2.41905749e-02 -1.88284311e-02  2.00849702e-03
  1.85637493e-02 -7.10456818e-03  2.32390389e-02 -2.67959144e-02
 -6.88645467e-02 -4.73833308e-02  3.01022604e-02 -3.90993198e-04
  4.15189378e-02 -3.27806361e-02  2.00868919e-02 -4.50883098e-02
  3.23134996e-02  4.87584770e-02 -3.76168100e-05 -8.01401678e-03
  1.03956591e-02 -7.10883737e-02 -2.33142208e-02  2.97384933e-02
 -1.35344759e-01  3.33046503e-02  2.21532453e-02 -5.35057746e-02
 -8.53798911e-03  6.29405538e-03 -3.81560288e-02 -4.60486189e-02
 -1.60018101e-01 -4.33080532e-02 -5.50761335e-02 -4.60548000e-03
  7.85734504e-02  1.80167996e-03 -3.29326615e-02 -1.09044965e-02
 -1.49092704e-01  8.82703513e-02 -1.99132636e-02  1.39281955e-02
  8.15768242e-02  3.90478075e-02 -8.04984849e-03  1.72456168e-02
 -1.60590876e-02 -3.79788019e-02  8.21010843e-02 -2.58797291e-03
  6.79146275e-02  2.69591454e-02  6.73947483e-02  4.10599485e-02
  1.49903269e-02  4.93677147e-02  3.94882075e-02  4.08686660e-02
  4.10704240e-02 -3.33717838e-02  1.06598519e-01 -1.25974776e-32
  2.43923161e-02  1.19394269e-02 -6.21537901e-02 -7.34905601e-02
 -9.97761078e-03 -2.55282372e-02 -1.34895574e-02 -1.00833543e-01
 -7.06228241e-02 -5.71202002e-02 -1.26183033e-01 -4.77281623e-02
  1.01875678e-01 -2.70003155e-02 -4.10660133e-02  4.69708294e-02
 -7.66553311e-03 -3.66725475e-02 -9.77632962e-03 -2.09660623e-02
 -9.39267501e-03  6.37183934e-02  2.74767391e-02 -7.36044422e-02
 -4.83515449e-02 -2.19966657e-02 -4.56131995e-02  3.87027040e-02
 -6.04960658e-02 -4.16744724e-02 -9.88332555e-03  4.56469208e-02
  4.03858488e-04  7.73678869e-02  7.21242279e-03 -7.09401518e-02
  9.70529541e-02 -4.68676761e-02 -4.25788313e-02 -5.06539419e-02
 -5.53648137e-02  8.29650238e-02 -9.30874376e-04 -4.43978831e-02
 -1.44987432e-02 -1.27153443e-02  5.15395030e-02 -7.21966773e-02
  1.38421115e-02 -8.59841779e-02  5.21315001e-02 -1.23248771e-02
  3.81240323e-02 -8.04236904e-03  2.69531775e-02  8.89554061e-03
 -3.42596620e-02 -6.81365281e-02  7.03695789e-02  8.32183287e-02
  7.35774115e-02  3.38896774e-02 -5.12016416e-02 -1.30959721e-02
  7.69527853e-02  1.77015103e-02 -8.53880960e-03 -1.67160556e-02
 -7.33188307e-03 -1.14184814e-02  1.73073150e-02 -5.93968965e-02
 -1.15969405e-01 -2.39697564e-02 -2.43801419e-02 -1.49280168e-02
 -5.14083728e-02  7.05623478e-02 -1.73932239e-02  4.78015235e-03
 -3.79323438e-02 -3.49120609e-02 -2.97821444e-02  1.17184799e-02
 -9.61697102e-02  4.33579041e-03  1.30722206e-02 -2.62812320e-02
 -3.30442959e-03  1.76484268e-02 -4.93274368e-02 -1.76605210e-02
  4.96782735e-02 -3.96671286e-03  2.03036256e-02 -5.67852503e-08
 -1.41627230e-02 -2.93495860e-02  2.84643583e-02 -2.29581706e-02
  5.01682796e-02 -7.41287041e-03 -1.02307582e-02 -1.58909895e-02
  1.51873808e-02 -1.70308612e-02 -1.16453758e-02  1.18419426e-02
 -3.59689146e-02  3.99380660e-04  4.96742828e-03 -1.17566483e-02
  9.71855298e-02  6.16870075e-02 -4.56538089e-02  1.74839906e-02
  6.07643761e-02  6.61248807e-04 -6.75397441e-02  1.83261745e-02
  2.12422609e-02 -3.12609808e-03  3.59926187e-02 -1.13777099e-02
 -9.04011354e-03  4.65486981e-02 -5.29655404e-02  8.81922245e-02
  1.84475328e-03 -1.04672410e-01 -7.34640509e-02  1.37097202e-04
  4.26309109e-02  6.89717680e-02 -5.78014776e-02  2.82819401e-02
  1.07488975e-01  3.23173869e-03  1.97988711e-02  7.33683293e-04
  5.79838548e-03 -7.30681093e-03  1.15209422e-03  9.04271193e-03
 -3.44128944e-02  7.77629949e-03  3.29701439e-03  4.85058501e-02
  4.31791022e-02  1.44500174e-02 -2.40701474e-02 -8.32493305e-02
  3.77068557e-02  1.93604920e-02 -7.05675632e-02 -7.10554272e-02
  1.14229783e-01  8.91723931e-02  8.22079703e-02 -7.80445933e-02]