[-1.51608028e-02  4.75140102e-02 -3.77187878e-02 -1.99445635e-02
 -4.22389023e-02  2.60159560e-02 -4.33423966e-02  8.30843970e-02
 -2.98314784e-02  1.17358724e-02 -2.91600712e-02 -4.32616360e-02
 -4.31890152e-02 -2.42639938e-03 -1.24088675e-02 -6.78057671e-02
 -7.50392303e-02  1.65528506e-02  4.65307124e-02 -6.75668055e-03
  8.88688117e-02  2.60945619e-03 -7.63622373e-02  4.89797518e-02
 -1.31703705e-01  8.24811682e-03  7.45185651e-03  1.07926978e-02
 -7.66559839e-02 -3.29437070e-02  6.09246269e-03  7.50040635e-02
  2.04166062e-02  7.95332715e-03 -2.06660237e-02 -6.68201298e-02
  1.69215514e-03  1.39251526e-03  3.37537527e-02  5.80687225e-02
 -4.30005863e-02 -4.39229123e-02 -1.08129255e-01  1.66045409e-02
  2.51853503e-02 -5.49851321e-02  8.88314173e-02  4.95526157e-02
  1.71713214e-02 -6.12431616e-02 -1.02947325e-01  6.02351278e-02
 -1.72889996e-02 -1.11717537e-01 -3.89109999e-02 -3.83196324e-02
  2.29706243e-02  1.42627181e-02  2.06322037e-02 -1.31262075e-02
  5.06377444e-02 -8.13518837e-02 -1.41524030e-02  8.82148650e-03
 -1.16303917e-02 -3.08315158e-02  1.54100507e-02 -4.81852107e-02
 -2.89948937e-02  6.72348365e-02  4.27636057e-02 -7.14684883e-03
 -7.80621544e-02 -3.11949253e-02 -5.44436164e-02  1.40268862e-01
  1.42217772e-02  4.90736924e-02 -4.04385887e-02 -8.20883140e-02
  5.32774664e-02 -8.16314146e-02  6.23478647e-03 -7.35335052e-02
 -1.09735243e-02 -3.55508588e-02  3.42171974e-02 -2.12267358e-02
  4.05084193e-02 -6.64484501e-03  7.14991195e-03  8.59552324e-02
 -6.70832172e-02  2.47088987e-02 -3.38010862e-02 -8.76649097e-03
  1.87068749e-02 -5.32897525e-02  6.93209171e-02  2.80485433e-02
  7.41385445e-02 -3.32276849e-03 -5.18820174e-02  3.06506399e-02
 -4.81366515e-02  9.12130773e-02  4.27720957e-02 -3.77430730e-02
  2.13539917e-02  5.82305230e-02 -4.95268591e-02  2.29120012e-02
 -4.49253432e-02 -3.03236395e-02 -9.94988605e-02 -1.40091786e-02
 -9.64918062e-02  2.87592094e-02  6.17622249e-02  3.40638272e-02
 -2.78646555e-02 -7.93586895e-02  1.37118762e-02 -1.91351920e-02
  5.19507118e-02 -5.24130277e-02  2.20389180e-02  1.35142324e-32
 -6.14729188e-02 -1.27225108e-02 -3.36776152e-02 -1.18975230e-02
  2.55530328e-02  3.87948416e-02 -3.38646360e-02 -3.38300839e-02
 -2.71414686e-02 -7.78183062e-03 -7.38564730e-02  7.52519220e-02
 -7.99365342e-02 -7.62928650e-02  8.83598998e-02  7.31020793e-02
 -2.90023405e-02 -3.36807854e-02 -2.43622791e-02 -7.10892007e-02
 -2.36563217e-02  6.97483495e-02  4.09519207e-03  5.12680155e-04
  2.05111522e-02  1.56850070e-01 -2.53813434e-02 -8.77870992e-02
 -4.61830236e-02  2.49419864e-02 -1.80190546e-03 -5.18498197e-02
 -7.28635192e-02  2.13006977e-02 -4.35168035e-02 -2.72843167e-02
 -4.49604914e-02  9.43221245e-03 -2.24516969e-02  1.64152198e-02
 -7.03024631e-03  4.21442799e-02  3.61802503e-02 -2.11798735e-02
 -6.63457289e-02 -2.76131965e-02 -2.69155912e-02  1.67905577e-02
  1.15133017e-01  1.06583603e-01 -6.57346770e-02 -1.16487540e-01
 -2.28447635e-02 -4.05643135e-02  1.76121872e-02 -2.84107216e-02
 -1.05409890e-01  3.99906933e-02 -4.45576478e-03 -2.52387905e-03
  3.07925846e-02 -4.53047678e-02 -8.37582815e-03 -2.02383194e-03
 -6.06100149e-02  5.97021803e-02 -4.56619030e-03  1.84292179e-02
  1.17912404e-01  2.96196584e-02 -4.80600223e-02  1.56406220e-02
 -3.58516909e-03  2.30863411e-02  6.92832470e-02  7.98391085e-03
  5.09998128e-02  1.44837005e-03 -7.51698092e-02  7.28084967e-02
 -3.71495299e-02  2.41661146e-02 -4.48850617e-02 -2.83193775e-02
  9.21027735e-02  6.70089126e-02  1.90637354e-02  8.90468508e-02
  5.54492846e-02  9.30028856e-02 -6.07842579e-03 -1.94485765e-02
  4.00702469e-03  1.68090966e-02  7.24628344e-02 -1.41260596e-32
 -1.99039914e-02  2.10097022e-02  7.36671314e-02  4.18441594e-02
  2.43169833e-02  2.26714788e-03 -1.73990522e-02 -3.85270044e-02
 -2.59651318e-02 -1.22092418e-01 -8.22951719e-02 -1.40797859e-02
  9.36475322e-02  1.19871208e-02 -8.20683986e-02 -1.98792666e-02
  1.16267791e-02 -1.21753186e-01 -9.91279483e-02 -2.03411262e-02
 -4.47411463e-02  4.58963476e-02  1.95926093e-02 -1.77235119e-02
  4.02222574e-03 -7.85765946e-02  4.70342971e-02 -7.34439958e-03
 -3.91751193e-02  6.84068212e-03  8.30212161e-02  7.55792260e-02
  1.85780898e-02  1.67994201e-01 -2.48601511e-02  2.76814234e-02
  6.46838024e-02  6.53580576e-02  2.43985443e-03  1.52274057e-01
 -1.17291156e-02  7.22131059e-02 -1.37804629e-04 -8.88623521e-02
 -3.04059405e-02  3.03793456e-02 -2.71269567e-02 -8.84419456e-02
 -1.24561135e-04  1.06838988e-02  7.20016509e-02  2.79772356e-02
 -8.80334377e-02 -5.21679111e-02  4.30601183e-03 -2.82772835e-02
  9.12275538e-03 -1.45178074e-02 -6.02494590e-02  3.37109081e-02
  9.70981866e-02  4.21737172e-02 -2.19325833e-02 -7.04765245e-02
  1.43724829e-02  2.56651770e-02 -4.99014705e-02  2.30092108e-02
 -4.64672595e-03  3.81756425e-02  3.80073525e-02 -6.22980818e-02
 -3.64479609e-02  9.67079774e-02 -1.37866428e-02  4.37167697e-02
 -7.44931698e-02  7.68211037e-02  9.20723472e-03  2.59823799e-02
 -3.79342213e-02 -1.20915950e-03  7.58924056e-03  5.07070776e-03
 -3.11506111e-02  9.07861143e-02 -3.07587953e-03 -3.71773727e-02
 -7.98707828e-03  7.89797865e-04  8.94603133e-02  2.39877310e-02
  5.75580634e-02 -3.49944388e-03 -6.72072992e-02 -5.71781200e-08
  5.27695715e-02 -5.15105873e-02  4.66282405e-02  4.79322560e-02
 -7.82024639e-04 -1.83781981e-02  2.51619099e-03 -3.71254981e-02
  2.17015110e-02  2.01216154e-02  6.00254722e-02 -5.78460060e-02
 -4.37243795e-03  3.99286076e-02 -3.47931609e-02  6.44423664e-02
 -1.61526911e-02  3.23797055e-02 -7.38171674e-03 -1.93139780e-02
  1.19931735e-02 -1.10118994e-02 -1.04621716e-01  5.30013070e-03
  5.00231944e-02 -6.06200136e-02 -4.34927940e-02 -3.85918245e-02
  8.22889525e-03 -2.86955014e-02  9.24540404e-03 -2.25875545e-02
  2.77906507e-02 -3.81569713e-02 -8.39369837e-03 -5.05666509e-02
  6.06315359e-02  3.38456370e-02 -6.01634905e-02  6.37761550e-03
  1.35136232e-01  1.68140314e-03 -4.48640473e-02 -3.93773764e-02
  2.10441835e-02  8.75419378e-03 -2.14298954e-03 -1.74566619e-02
 -1.39226634e-02  5.72552811e-03 -1.82675272e-02  2.68307403e-02
  3.80384438e-02  7.09517822e-02 -1.07764071e-02  2.10389905e-02
 -5.31526506e-02  5.95909618e-02 -4.87546697e-02 -2.73157116e-02
  4.47487272e-02  3.56905125e-02 -2.21719742e-02 -4.90974076e-02]