[ 1.64359529e-02  8.03700313e-02  4.45169248e-02  9.15922690e-03
 -3.51026654e-02 -1.37767345e-02  1.86058413e-02  8.82607326e-02
  8.11595246e-02  6.50165528e-02  1.31213546e-01 -1.23051759e-02
  4.22674119e-02  3.33898515e-02  3.95156033e-02 -3.25065255e-02
  2.84458473e-02  5.74427173e-02  1.01807863e-02  8.27514231e-02
  8.08007345e-02 -5.75413257e-02 -1.09958224e-01  5.19390740e-02
 -1.44385904e-01  2.96537392e-02 -2.77755186e-02 -3.57832797e-02
 -4.53877710e-02  7.15201162e-03 -6.56623393e-02  3.23714912e-02
  5.79555333e-02 -1.37522891e-02 -3.34377657e-03  2.07262244e-02
  4.34917919e-02 -1.48468567e-02 -8.86526797e-03  7.67180398e-02
 -1.10119767e-01 -3.09675690e-02 -3.69179621e-02 -5.84216975e-02
  1.92022230e-02 -4.06743288e-02  5.23509271e-02  4.49940898e-02
  2.95719802e-02 -8.64774212e-02 -5.94406277e-02  1.51909720e-02
 -5.58114015e-02  4.70322780e-02 -4.48186276e-03 -6.13723695e-02
 -1.70449596e-02 -1.06183765e-02  1.90334450e-02 -2.24076025e-02
 -2.43231636e-02  2.63404101e-02 -2.25947071e-02  2.05755252e-02
 -4.60443087e-03  5.66752777e-02 -1.63859017e-02  1.25112506e-02
  2.32844297e-02  7.00233802e-02  8.12981576e-02 -8.04631785e-02
  5.76436594e-02 -9.37435031e-03 -1.94754440e-03  3.87793779e-02
  1.21130906e-02  2.32246350e-02  4.66981940e-02 -1.68964520e-01
  2.83851773e-02  5.45475781e-02  1.49065470e-02 -1.13452546e-01
  1.60084069e-02  1.03019946e-03  1.56069789e-02 -1.07713817e-02
  4.23331968e-02  1.57208648e-02  3.05312555e-02  1.30501632e-02
 -9.19396281e-02 -6.13617934e-02  4.11775708e-02 -2.54884101e-02
 -4.86971661e-02  8.31223838e-03  2.09288783e-02 -2.57077869e-02
  1.17564954e-01  2.85311751e-02 -8.36555064e-02  3.39194760e-02
 -2.65340712e-02  7.38332467e-03 -7.82210659e-03 -1.19551644e-01
  6.41359240e-02  9.92958546e-02 -7.29662329e-02 -6.12256303e-02
 -8.70651007e-02 -6.13131858e-02 -9.85571891e-02 -7.53579196e-03
  1.48344161e-02 -8.18900764e-03  9.10350755e-02 -2.15491895e-02
  7.62693677e-03 -2.33068261e-02  9.22177956e-02 -2.56201606e-02
  1.84491761e-02 -7.25272670e-02  1.38746910e-02  9.87012721e-33
 -2.19859723e-02 -4.99181114e-02 -2.69434173e-02  9.84416623e-03
  1.77938901e-02 -3.54087315e-02 -2.19468698e-02 -4.07794788e-02
  3.13014761e-02  8.26800689e-02 -2.77647693e-02  5.75539880e-02
 -2.74289567e-02  7.20990589e-03  5.96351251e-02 -1.76785532e-02
  1.74182672e-02 -2.83229686e-02 -1.05513202e-03 -7.75905792e-04
 -3.17108817e-02  9.86021478e-03  5.52789569e-02 -2.72468030e-02
 -8.29893164e-03  3.93530466e-02 -7.05796108e-02  8.35351367e-03
 -5.17546535e-02  3.90452333e-02  2.43395921e-02 -6.88609704e-02
  6.11152202e-02 -3.24960612e-02 -4.15962674e-02 -6.43423479e-03
  3.70612158e-03 -6.23814901e-03  2.66560074e-03 -3.42227668e-02
 -8.97995606e-02 -1.32023534e-02  5.84872365e-02 -5.41440735e-04
  4.80735749e-02 -3.29459123e-02  4.56935652e-02 -5.17729372e-02
  2.79462952e-02  4.84887101e-02  5.28392289e-03 -4.77349795e-02
 -2.41520908e-02 -1.04542121e-01  7.77688855e-03  4.04762104e-03
 -1.07791208e-01  6.46818355e-02 -9.95447114e-03 -2.51681525e-02
 -3.70526612e-02 -2.83661392e-02 -5.26324958e-02 -3.35132107e-02
 -8.70464742e-02 -5.61802462e-02 -5.92447557e-02  1.83352586e-02
  1.09407060e-01  7.18262047e-02 -9.87511277e-02 -5.09329885e-03
 -8.63602608e-02  3.89501676e-02  8.48368090e-03  5.51299565e-03
  4.23451923e-02  5.06204888e-02 -7.47735426e-02  1.60117988e-02
 -5.91335520e-02  3.72632477e-03  1.95732713e-02  4.48822752e-02
  5.15772738e-02  6.24923445e-02  3.15407068e-02  3.08886226e-02
 -4.86968411e-03  1.06356390e-01  7.17606489e-03  8.46062228e-02
  4.92157489e-02 -3.78928008e-03  3.91622409e-02 -1.21612619e-32
  2.82892515e-03  4.63823825e-02 -3.32979411e-02 -8.46286267e-02
 -8.58895332e-02 -1.68228131e-02  4.18946631e-02 -8.30398053e-02
 -3.99973169e-02 -1.46210849e-01 -1.12450145e-01 -5.00197485e-02
  5.36931939e-02 -1.65125541e-02 -1.11171946e-01  9.16696638e-02
 -1.91160943e-02 -4.32418995e-02 -6.02314696e-02 -2.23316234e-02
 -2.78550871e-02  1.23840116e-01  1.82377342e-02  8.07450246e-03
  4.23529325e-03 -5.01223616e-02 -2.16815006e-02  2.33914983e-02
 -3.95650379e-02  7.30291149e-03  5.71092628e-02  4.41734493e-02
  2.73614414e-02  5.71443364e-02 -1.48416841e-02  2.62111742e-02
  1.01973237e-02 -6.28622174e-02 -3.78196463e-02  7.78563693e-02
  3.96053083e-02  5.86592108e-02 -1.03512611e-02 -1.39395567e-02
 -4.75680716e-02 -1.66055486e-02 -1.59617402e-02 -1.10333964e-01
  3.64615284e-02 -2.40693260e-02  4.11176756e-02 -5.94471395e-02
 -5.12431636e-02 -1.64454337e-02  3.52588184e-02 -6.72487542e-02
 -4.29789983e-02 -5.11303656e-02 -5.35381995e-02  7.82455690e-03
  7.05257580e-02 -3.26245762e-02 -4.38411683e-02 -7.59731606e-02
  8.79730359e-02  1.21704582e-02 -1.93920620e-02  1.67421475e-02
 -4.86524915e-03  1.58350915e-02  6.18816093e-02 -3.55928354e-02
 -1.13414593e-01 -6.01282157e-02 -4.40325728e-03  9.30348132e-03
 -1.57190915e-02  1.18246721e-02 -1.76310185e-02  3.14584114e-02
 -5.53114675e-02 -1.21138869e-02 -2.91770417e-02 -1.60730928e-02
 -8.97736624e-02  1.11101896e-01 -2.07273066e-02  2.10768841e-02
 -2.37747170e-02  3.80283296e-02 -4.83246669e-02  1.24849547e-02
  3.86421308e-02 -2.23067328e-02 -7.97593500e-03 -5.41957057e-08
  2.82395296e-02 -4.77658324e-02  6.63006157e-02 -3.61561254e-02
 -3.69723439e-02 -5.34434393e-02  1.37335677e-02  3.34429229e-03
 -1.15204463e-02  2.05704831e-02 -1.01216137e-02  2.47887671e-02
 -2.93908082e-02 -2.93855020e-03  5.65513084e-03 -2.57574003e-02
  2.51697190e-02  7.72356689e-02 -4.57982607e-02 -6.73305690e-02
  3.23636085e-02 -1.85307814e-04 -1.07076660e-01 -1.87320393e-02
  1.03409633e-01 -2.71591619e-02 -4.59983153e-03 -6.40921742e-02
 -9.49533004e-03  6.78450838e-02  9.38092731e-03 -4.90781479e-02
  1.85124669e-02 -6.12238236e-02  1.54580511e-02 -4.41273022e-03
  3.27800699e-02  1.81260034e-02 -4.90596667e-02 -1.34730572e-02
  1.02931254e-01 -1.97505839e-02  7.37554394e-03  9.85522475e-03
 -2.92776674e-02 -3.36580686e-02  2.66221575e-02  9.55175459e-02
 -9.81898326e-03  5.24117087e-04 -2.28302348e-02  1.90645941e-02
  5.66047207e-02  7.11315125e-02 -2.10059062e-03 -5.86130023e-02
  5.17903045e-02  7.69617781e-02 -4.88040131e-03 -2.04674676e-02
  9.90617573e-02  9.85047147e-02  2.24774703e-02 -8.02364498e-02]