[-7.2997309e-02  6.2558670e-03 -3.6705278e-02 -6.1340281e-05
 -5.6138702e-02  4.0356837e-02  1.8724326e-02  7.7517748e-02
 -3.4049332e-02  9.4854899e-02  1.3746190e-01 -5.3494135e-03
 -6.4415179e-02  4.4286080e-02 -5.1482439e-02  2.9194593e-02
 -5.6270029e-02  1.1209842e-02  3.7386122e-03  2.7578883e-02
  2.5766117e-02 -7.4919432e-02 -9.2470683e-02  5.1839963e-02
 -1.0054161e-01 -3.2483223e-03 -1.1840750e-02  2.4767438e-02
 -1.2411088e-01 -1.8329920e-02 -8.4953859e-02  5.2658044e-02
  3.8108170e-02 -2.3544407e-02  3.6238714e-03 -7.2002895e-02
  3.9113262e-03 -1.7827395e-03  1.9577714e-02  7.0901990e-02
 -2.4491502e-02 -3.4458384e-02 -7.0270427e-02 -1.3090887e-02
 -6.5880814e-03 -5.4739114e-02  1.5228336e-02 -1.7861659e-03
  1.1293657e-02 -1.7072109e-03 -6.0161538e-02  2.2456633e-02
 -5.7655863e-02 -6.7006141e-02 -6.4579616e-03 -5.9212245e-02
 -3.8338646e-02  3.1809386e-02  2.6779104e-02 -1.9579425e-02
 -1.3317089e-02  3.4107942e-02 -6.2429145e-02  1.7979488e-02
 -9.0064043e-03 -6.1748326e-02  5.4235216e-03  1.0265914e-02
 -7.9637088e-02  3.1764157e-02  4.3166239e-02 -1.3642997e-01
  1.8867262e-02 -1.5440757e-02 -2.9294990e-02  6.4396143e-02
  7.3472615e-03  2.1653298e-02 -7.5047500e-02 -8.5096888e-02
  8.9723291e-03 -3.1848874e-02  2.7125355e-02 -9.7869083e-02
  4.4775095e-02 -3.3990838e-02  5.5776689e-02 -3.2488570e-02
  4.5460429e-02 -3.0842613e-02  4.3804370e-02  7.2200768e-02
 -1.0666059e-01  4.8020951e-02  9.5054060e-02  6.7889065e-02
  3.8540356e-02  4.4982843e-02  2.3023359e-02 -1.6253426e-03
  9.2847928e-02 -1.1678527e-03 -5.3621687e-02  8.1865087e-02
 -8.2650781e-02  5.3585914e-04  4.3253526e-03 -2.2548171e-02
  3.4246877e-02  1.8623421e-02 -8.1924431e-02  1.9282212e-02
 -3.3944331e-02 -5.4593127e-02 -6.3762456e-02 -1.6593024e-02
 -5.5236906e-02 -7.1417978e-03  7.9706460e-03  8.1302911e-02
  4.6808071e-02 -1.3313739e-02 -1.5641164e-02  2.0426665e-02
  5.7717919e-02 -1.8566243e-02  4.0623657e-02  6.2880778e-33
 -3.5257645e-02 -3.8185880e-02 -2.4209743e-02  1.6852146e-02
  6.8822108e-02 -3.3398189e-02 -7.4843645e-02 -3.1363353e-02
 -4.5717042e-02 -1.6341226e-02 -4.9289607e-02  1.1127362e-01
 -7.4958950e-02 -1.5170345e-01  3.6242757e-02  5.2196022e-02
 -4.5725331e-02 -7.6642282e-02  2.9943598e-02  8.6499928e-03
 -1.0495353e-02  3.5320256e-02  1.9710432e-03  4.5419883e-02
  7.3759411e-03  1.1154880e-01 -6.6824039e-03 -5.5924229e-02
 -5.4272547e-02  5.5268727e-02 -2.2961304e-02 -3.3618439e-02
 -6.4880267e-02 -3.9220326e-02 -5.0774027e-02 -4.8954979e-02
 -3.1311329e-02 -3.2730810e-02 -8.3087653e-02 -6.4502214e-03
  2.8488783e-03 -1.6783539e-02  3.5015676e-02  5.8289845e-02
  2.9653772e-03  4.2352392e-03  4.8954200e-02  2.7531825e-02
  1.4842451e-01  5.6596775e-02 -3.4288749e-02 -1.0689507e-01
 -3.1529889e-02 -2.7700910e-02 -2.5748953e-04 -1.1089570e-02
 -1.0001091e-01  3.0181613e-02  1.2701465e-02 -2.3024209e-02
  8.2534350e-02 -6.6897705e-02 -1.2462143e-02 -4.2933419e-02
 -6.9052584e-02  1.4091841e-02 -3.9250709e-02  4.8224408e-02
  1.2506406e-01  1.2764611e-02 -6.9612712e-02  1.3552012e-02
  3.7630472e-02  2.2533679e-02  2.7407911e-02  3.0672843e-02
  6.7041688e-02  4.2823609e-02 -1.3164583e-01  4.7295697e-02
 -4.0207140e-02  4.3653455e-02 -1.4356836e-02  3.2672584e-02
  8.8590056e-02  6.6398017e-02  3.5796732e-02  4.4917740e-02
  3.7239183e-02  7.5675875e-02  1.2571810e-02  9.7500063e-02
 -7.6904491e-02 -2.8330965e-02  5.2000441e-02 -6.9295399e-33
  6.9961883e-02  1.9668981e-02  2.6776575e-02  8.7635875e-02
  3.9082803e-02 -4.1817624e-02 -8.9802956e-03  4.2619664e-02
  7.9770565e-02 -8.4709749e-02  5.5956435e-03 -5.7126470e-02
  5.9648179e-02 -3.6744267e-02 -8.9116223e-02  2.6900146e-02
 -2.5153017e-02 -2.0406898e-02 -9.3361072e-02 -2.4367057e-02
 -3.8305890e-02  6.3709140e-02 -2.0721564e-02 -4.3473363e-02
 -3.4864478e-02 -2.4597546e-02 -1.5927790e-02 -2.1182807e-02
 -9.0750702e-02  2.0032225e-02  6.6112429e-02  1.2754541e-02
  4.0270039e-03  7.5440802e-02 -7.2296120e-02  6.1598298e-04
  9.0515047e-02  1.4946832e-02 -9.4022669e-02  1.3086118e-01
  5.2799568e-02  8.1354514e-02  2.1638965e-02 -5.8890089e-02
 -1.9939236e-02 -2.3090485e-02 -1.7933815e-03 -4.4734079e-02
  4.6488792e-02 -3.4524702e-02  1.4030541e-01 -2.3382757e-02
  3.9448263e-03 -6.1274562e-02  3.0162571e-02 -2.8307801e-02
  4.7623556e-02 -1.5546257e-02 -3.5737939e-02  1.9714863e-03
  1.0336750e-01  5.0223138e-02 -7.0410557e-02 -1.4937627e-03
  5.8178626e-02  5.3058200e-02 -1.3515819e-02  3.6879964e-02
  3.2773938e-02  4.1163620e-02 -1.2174618e-02 -5.7736445e-02
 -7.2188959e-02  4.8120920e-02  2.3118102e-03  5.0050478e-02
 -5.0011333e-02  5.6056969e-02  2.9593505e-02  2.1502526e-02
 -2.1288503e-02 -5.7124164e-02 -1.0501599e-02  4.0577173e-02
 -8.4413933e-03  3.6985613e-02 -6.7538783e-02 -5.0564323e-02
  2.0181444e-02 -2.4936914e-02  5.8520213e-02  1.6134784e-02
  5.4919612e-02  2.2496402e-02 -7.3895410e-02 -5.5783662e-08
  1.0948362e-02  1.5630199e-02 -6.7131040e-03  5.4897435e-02
  2.3639856e-02  1.6766457e-03  3.9406054e-02 -2.5566848e-02
  3.8153604e-02  9.8470457e-02  1.1739260e-02 -5.2900226e-03
 -6.2363537e-04  3.7281480e-02  1.9396468e-03 -1.7238423e-03
 -2.3282373e-02  8.1961550e-02  5.7680118e-03 -3.8279567e-02
  2.3621431e-02  8.8874632e-03 -4.6914242e-02 -2.2499250e-02
 -2.3770589e-02 -2.2805334e-04 -7.7476107e-02  9.5298300e-03
 -2.1281340e-03 -4.0276594e-02  3.7630284e-04 -2.8540842e-02
  9.1883890e-02 -7.3595710e-02 -3.7875619e-02 -2.4697110e-02
  5.9200823e-03  1.4965350e-02 -7.5948469e-02  8.4000966e-03
  9.1194019e-02 -2.8308015e-02 -3.4078270e-02 -1.2445549e-02
  1.5312909e-02  2.2260414e-02  8.3316248e-03  6.7969463e-03
  2.0750705e-02  4.9567696e-02  5.2547369e-02  4.1855533e-02
  6.5600082e-02  3.7393451e-02 -5.1658615e-02 -1.4620548e-02
  4.7361352e-02  1.2502287e-02 -5.2789107e-02 -9.8648258e-02
  6.7793600e-02  2.5455223e-02 -4.3785695e-02  1.3179147e-02]