[-2.32992414e-02  3.15601123e-03 -4.04311605e-02 -3.69498022e-02
  8.12847074e-03 -3.66659323e-03  1.75069757e-02  7.77973682e-02
  1.37182977e-02  6.21107705e-02  5.17290272e-02  2.50917245e-02
  8.17197189e-03  2.20625233e-02 -3.23352627e-02 -5.77084832e-02
 -1.34888233e-03 -3.67647074e-02 -3.88468988e-02  2.70132609e-02
  1.11055553e-01 -3.61063257e-02 -6.24311231e-02  2.56614424e-02
 -2.12090202e-02 -4.71867770e-02 -6.93341717e-02  2.14283895e-02
 -4.48835455e-02 -1.95981991e-02 -5.99086359e-02  8.40317905e-02
  5.86416982e-02  4.93392684e-02  9.64405760e-03 -4.62623462e-02
  7.16164485e-02  2.46015564e-02 -9.25605297e-02  8.96962173e-03
 -1.05371840e-01 -3.24150585e-02 -8.40064511e-02  1.14736753e-02
 -2.18952377e-03 -2.87341531e-02 -8.09013098e-03 -3.04558147e-02
 -8.52040723e-02  2.62909047e-02 -1.15594879e-01 -4.91717383e-02
 -2.53116377e-02  2.37508714e-02 -5.77661991e-02 -9.10084695e-02
  4.16323058e-02  5.83376270e-04 -5.23202941e-02  3.52882259e-02
 -2.09449157e-02 -4.83510569e-02 -6.70637414e-02  4.71264310e-03
  5.06330729e-02  3.28254364e-02 -4.34774309e-02 -9.86732990e-02
  7.41051883e-03 -5.17277606e-02 -5.09825274e-02 -4.99545336e-02
  2.24108957e-02  7.55929053e-02 -4.53838408e-02  4.53785993e-02
 -2.45030830e-03  2.72882227e-02  3.67078222e-02 -1.69819668e-01
  3.06579620e-02  7.58084506e-02 -5.54058030e-02 -2.44175401e-02
  1.07427165e-02 -5.60910031e-02 -5.36464751e-02 -2.75522401e-03
  4.96740229e-02  6.50613452e-04  5.36996275e-02  6.77618459e-02
 -6.78548440e-02  3.51519398e-02  3.82891074e-02 -4.91168015e-02
  2.18722355e-02 -4.52856831e-02  3.60384695e-02 -3.17650512e-02
  1.57704018e-02 -2.69845799e-02  4.86453101e-02 -9.03244363e-04
 -1.74647532e-02 -2.21212413e-02  6.17718361e-02 -5.38123734e-02
  1.43032456e-02  1.03030642e-02 -2.91348025e-02 -2.83522494e-02
 -1.02020480e-01 -1.20855324e-01 -6.87122941e-02  2.78881509e-02
 -9.94755700e-02  4.00077924e-02  4.71693948e-02 -1.72503460e-02
 -1.35799199e-02 -3.58778909e-02  2.46998519e-02 -1.34767860e-01
  3.69047672e-02 -2.50075459e-02  2.97693871e-02  1.06633648e-32
 -1.94031447e-02 -4.29358194e-03 -5.54429777e-02  8.75407532e-02
  2.74102464e-02  7.89294243e-02 -2.46787095e-03 -2.66922615e-03
  7.10581988e-02 -4.46832702e-02 -5.60996011e-02  5.25701270e-02
 -2.13384833e-02 -5.38776852e-02  1.12021275e-01  1.30888131e-02
  1.09625375e-02  9.03063789e-02 -5.08891717e-02  3.02391071e-02
  5.53051904e-02  7.47779245e-03 -2.91007874e-03 -7.05180317e-02
  5.08724600e-02  6.25742599e-02 -1.88156720e-02  1.91576388e-02
  7.31560355e-03  2.02009175e-02  3.32734026e-02 -5.48635721e-02
  3.82961072e-02 -3.55522856e-02  3.76962237e-02 -1.51882572e-02
 -9.23219370e-04  1.16830450e-02  8.73317271e-02 -2.15058494e-03
 -6.55566389e-03 -1.92426648e-02  1.24243818e-01 -2.04620007e-02
  7.23936930e-02 -3.31804082e-02  3.76426727e-02  4.68405485e-02
  8.65977854e-02  1.92322657e-02  7.78140407e-03 -1.12894806e-03
 -6.99312314e-02  9.24715400e-03  1.33749116e-02  2.66481675e-02
  5.01476042e-02  2.10618693e-02  1.25982333e-02  3.71327787e-03
 -3.31584737e-02 -5.67961065e-03 -3.97105664e-02 -1.66056156e-02
  2.53776833e-03 -8.21623355e-02  2.82164607e-02  1.32630449e-02
  9.71202776e-02  1.26790134e-02 -7.10392967e-02 -2.54819952e-02
 -2.49908119e-03  7.29718953e-02 -1.36188641e-02  6.44238025e-04
  3.97373810e-02  3.58684063e-02 -4.20828164e-02 -4.62516025e-02
 -1.05477974e-01  4.52363193e-02 -5.08242361e-02  9.13648121e-03
 -5.82209080e-02  8.01598653e-02  7.47627206e-03  7.33402669e-02
  2.43684202e-02  4.94651720e-02  4.64395434e-02  7.32742250e-02
 -5.59627116e-02  1.05718188e-01  8.06809124e-03 -1.19878648e-32
 -4.37293574e-02 -5.85900843e-02  2.66406368e-02  4.82675582e-02
 -5.49752973e-02  4.33004871e-02 -1.20909112e-02 -1.34460991e-02
 -2.06007604e-02 -9.68179181e-02  4.07429487e-02 -3.78987864e-02
  4.76814173e-02 -4.64062486e-03 -1.78652741e-02  7.96858743e-02
 -8.92833695e-02 -3.93826962e-02  1.29920170e-02  3.23064141e-02
  7.45428205e-02  4.24591005e-02 -3.66437137e-02  3.86629291e-02
  3.71391252e-02 -7.99317211e-02 -6.10785596e-02 -5.32618389e-02
  1.41952280e-02  3.61828282e-02  4.61071730e-02 -1.04594752e-02
 -6.02076873e-02  1.36674061e-01  9.27204825e-03 -8.52681696e-02
  4.61454578e-02 -1.00303933e-01 -2.29977327e-03  1.30947262e-01
  6.54115379e-02  4.29201350e-02  2.75548100e-02 -4.83819619e-02
 -4.25931290e-02 -1.98216271e-02  8.53279606e-03 -1.33511811e-01
  4.38208245e-02  1.52657377e-02  9.98093188e-02 -1.97319537e-02
 -3.11080180e-02 -6.83944896e-02 -3.84149328e-02 -2.89397687e-02
 -2.94653475e-02 -3.34695652e-02 -7.46597722e-02  1.82768069e-02
  7.59308413e-02  5.24751097e-03 -9.57359001e-03 -1.15478178e-02
  4.79453020e-02  1.03652962e-01  2.56407331e-03  1.51566252e-01
 -2.83296444e-02 -2.54945345e-02 -2.35558208e-03 -6.03438579e-02
 -4.19067442e-02 -1.27519697e-01 -4.20131236e-02 -3.24409530e-02
 -3.11936010e-02  3.06788646e-02 -9.49473456e-02  3.11226305e-02
 -2.40114909e-02  4.33955202e-03 -3.50924097e-02 -1.81332428e-03
 -4.81556058e-02  4.45048027e-02  2.20620595e-02 -2.86025349e-02
 -4.41818908e-02  9.03401803e-03 -8.30905437e-02  4.29520868e-02
  3.22536007e-02  1.16162244e-02 -1.45339230e-02 -6.23766141e-08
 -3.10845245e-02 -3.58238779e-02  5.00734039e-02 -4.04296443e-02
  7.80352056e-02 -1.96757726e-02 -8.55907723e-02  7.27885664e-02
  1.84343383e-02  4.36365679e-02  1.01134507e-02 -1.16184264e-01
 -6.31307438e-02 -2.76885387e-02  2.79801264e-02  3.87632777e-03
 -1.09212128e-02 -4.29042988e-03  1.09219411e-02 -5.30452766e-02
  8.79619867e-02  4.08621924e-03 -3.03173624e-02  3.32394528e-04
  4.74098418e-03 -3.66110094e-02  3.36630456e-02  5.89157045e-02
 -4.01358753e-02  1.59565713e-02 -5.59118614e-02 -2.15139966e-02
  1.66050550e-02  5.91271033e-04 -3.75882513e-03  4.54968102e-02
  6.28987551e-02  9.65343565e-02 -1.20091699e-02  8.20301697e-02
  2.88020503e-02 -4.11859863e-02 -4.85600121e-02  1.08427471e-02
 -1.42379366e-02 -3.89850289e-02 -4.39058691e-02 -3.96752097e-02
  1.06520411e-02 -7.73501396e-02 -7.74718374e-02  3.17470357e-02
  6.61702231e-02  6.11426570e-02 -6.29511774e-02  1.79119539e-02
 -2.21845899e-02  4.38659601e-02 -1.55804902e-02  2.27852892e-02
  3.83209139e-02  5.17864265e-02  2.49689370e-02  2.33559962e-02]