[-1.38657102e-02 -7.34516978e-03 -2.13890709e-02 -2.51686703e-02
 -7.02660084e-02 -2.04041437e-03  3.43871452e-02  1.32996604e-01
  1.45847658e-02  2.98730154e-02  1.03338800e-01 -7.20883161e-02
  3.26812640e-02  5.81797445e-03 -1.35518648e-02 -6.54550269e-02
  6.16802648e-02  5.47106154e-02 -8.70631188e-02  1.83763914e-03
  1.65792301e-01 -2.90969815e-02 -3.36636677e-02  8.26212615e-02
 -8.97885561e-02 -9.48885269e-03 -6.22108877e-02 -1.99994873e-02
 -5.69806509e-02 -8.38533938e-02 -4.30118144e-02  7.01751038e-02
  8.57333541e-02 -9.01501477e-02 -5.60425110e-02  1.42654907e-02
 -2.68651582e-02 -5.50968312e-02 -5.00134379e-02  3.26423571e-02
 -1.09641500e-01 -5.17341867e-02 -3.44124548e-02  1.14657385e-02
  3.44800167e-02  1.84895918e-02 -4.50815782e-02  3.88577320e-02
 -2.13107537e-03 -1.01887379e-02 -8.08603391e-02  2.65786294e-02
 -6.13176562e-02  5.31775355e-02  1.75526831e-02 -3.54413427e-02
 -8.40730518e-02  6.88485743e-04 -1.24135485e-03 -7.61145214e-03
  9.76763479e-03  5.47542758e-02 -3.60521637e-02  9.19711124e-03
  6.09675199e-02 -5.91536425e-03 -4.06283997e-02 -2.21141241e-02
 -7.88872540e-02  4.53594737e-02  5.69250211e-02 -3.14744003e-02
  7.01840073e-02  2.06249859e-03 -2.05094069e-02  5.94814792e-02
  4.32822779e-02  5.33798002e-02  1.08749997e-02 -7.30530918e-02
  4.49295603e-02  1.25395609e-02  3.33681710e-05 -4.22357488e-03
  2.00003218e-02 -3.61072831e-02  2.53198054e-02  1.10859601e-02
  1.00550309e-01 -1.63135713e-03  4.98717837e-02  8.68218467e-02
 -6.56652972e-02 -6.21540882e-02  1.67503972e-02  1.59515664e-02
 -6.30887970e-02 -2.49392935e-03  3.42360809e-02 -5.07474057e-02
  1.60928927e-02 -2.31574662e-02  2.23091692e-02 -2.56428160e-02
 -9.24593359e-02 -1.67152230e-02 -2.86656618e-02  2.98069254e-03
  6.13206849e-02  1.22930780e-01 -4.38791849e-02 -6.99360073e-02
 -9.66259390e-02 -1.83389075e-02 -6.08468689e-02  1.77572910e-02
  1.38049265e-02 -9.60197523e-02  3.05487365e-02 -4.82589443e-04
  2.43206508e-02 -7.50022195e-03  6.70320243e-02 -9.08023342e-02
  2.49885451e-02 -5.02033830e-02  3.45510207e-02  1.07079138e-32
 -1.20988712e-01 -5.00388443e-02 -5.11103608e-02  2.98261922e-02
  2.11285334e-03 -3.76003236e-02 -3.54509912e-02  2.80511603e-02
  8.10955614e-02  3.36998631e-03 -7.55639672e-02  8.94071907e-02
 -4.28271480e-02  2.29979586e-03  3.47046591e-02 -4.20215726e-02
  5.50935306e-02  2.77487375e-02  9.52622108e-03 -4.75695767e-02
 -5.11099361e-02  4.33735289e-02  4.30509597e-02 -7.78241754e-02
  3.19244387e-03  2.47141328e-02 -3.58572230e-02 -2.26568375e-02
 -2.63684746e-02  1.80965662e-02  1.27490759e-01 -2.22346149e-02
 -4.06303741e-02 -5.29489256e-02 -6.14191331e-02 -3.31547782e-02
  2.80620884e-02 -1.91568525e-03  6.76805573e-03  4.43340018e-02
 -4.50437330e-02  1.71238091e-02  7.87908435e-02  8.57030787e-03
  3.46308723e-02 -3.81594747e-02 -9.50807519e-03  6.50305003e-02
  9.57790092e-02  9.50560868e-02 -5.04179299e-02 -4.61677536e-02
  3.82845812e-02 -7.64855668e-02 -3.14686336e-02  7.30790868e-02
 -7.91593790e-02  6.81021810e-02 -9.57875773e-02 -2.09403341e-04
 -5.63385487e-02 -3.48047446e-03  2.96111759e-02 -8.62070452e-03
  3.91455181e-03 -4.78693135e-02 -3.58289741e-02  1.97799690e-02
  9.32859331e-02  4.15915251e-02 -4.87085879e-02 -6.33483306e-02
  2.38010637e-03  2.90429704e-02  3.97405885e-02 -5.43723293e-02
  1.37624547e-01  2.55530197e-02 -7.19428509e-02  5.28621394e-03
  4.88313893e-03 -3.48021090e-02 -7.83035532e-02  1.55617185e-02
  3.81894372e-02  4.39321734e-02  3.29148434e-02  6.84802681e-02
  4.25670017e-03  5.66937700e-02  3.20925042e-02  5.39906584e-02
 -5.83240576e-02  1.73029862e-02  5.28076291e-02 -1.25160114e-32
 -1.74227972e-02  9.19088647e-02  1.42652309e-02  2.38608737e-02
  1.85621176e-02  1.13816392e-02  3.36726233e-02 -6.75076619e-02
  1.36007983e-02 -5.47324903e-02 -4.79883403e-02 -1.80660021e-02
  5.65155293e-04 -4.43505943e-02 -1.07227296e-01  5.61697409e-02
 -4.70607840e-02  1.48449903e-02 -7.10104257e-02 -2.24762340e-03
 -5.81995174e-02  1.52039111e-01  8.11086409e-03 -1.18669344e-03
 -5.45850163e-03 -2.86282580e-02 -4.00669724e-02  3.14551219e-02
 -6.01989888e-02  1.49028078e-02  2.45412216e-02 -7.19431117e-02
 -9.74097848e-03  2.03921404e-02 -5.73627539e-02 -4.01040614e-02
  1.83167923e-02 -2.02695075e-02 -3.88259850e-02  1.04888164e-01
  3.91018540e-02  2.18333565e-02  4.86808941e-02 -6.41591176e-02
 -3.68651152e-02 -5.77075109e-02  3.18710580e-02 -1.07225306e-01
  5.03351428e-02 -1.63097754e-02  1.40808567e-01 -5.00712134e-02
 -4.68442738e-02 -1.49484072e-02  6.99327365e-02 -7.30834343e-03
 -1.95554011e-02 -8.71781409e-02 -1.19729251e-01 -3.62096471e-03
  7.55104274e-02 -8.07437766e-03 -1.28904190e-02 -8.95440727e-02
  5.91361821e-02 -1.54570630e-02 -1.99348163e-02 -2.52414607e-02
  2.77670529e-02 -6.03589695e-03  3.97289582e-02 -1.46280145e-02
  3.94525416e-02 -5.53452037e-02 -2.62055993e-02 -1.95718836e-02
 -3.40501033e-02 -2.47600097e-02 -1.53050842e-02 -3.55385467e-02
 -3.85874175e-02 -1.56979132e-02 -6.10842463e-03 -1.10447787e-01
 -9.66406912e-02 -1.53720528e-02  1.35228131e-03  4.05995473e-02
 -6.31562155e-03  5.57497423e-03 -6.46868050e-02  2.39935648e-02
  5.57795949e-02  6.73017129e-02 -4.12602834e-02 -6.03549282e-08
  7.09979460e-02 -3.36353369e-02  2.55687628e-02  3.73138301e-02
  1.03987055e-02  4.45694514e-02 -3.03992946e-02 -2.75178943e-02
 -1.04192849e-02  2.82898899e-02 -2.03804835e-03  1.02972671e-01
 -4.27194126e-02  6.25787079e-02  4.87301731e-03 -6.82370663e-02
  3.50679085e-02  7.99180716e-02 -4.41027917e-02 -9.59360227e-02
  4.22925018e-02 -3.20933498e-02 -4.65616174e-02 -1.90229714e-02
  5.61167970e-02 -2.23823395e-02 -5.13384640e-02 -6.83542667e-03
  1.54618202e-02  3.49023268e-02  1.85428020e-02 -4.01552767e-02
  6.98377788e-02 -5.63816540e-02 -1.12050306e-03 -1.46255828e-02
 -3.23487557e-02  6.63492978e-02 -5.93334883e-02  6.52490556e-02
  2.49058176e-02 -1.11529371e-02  2.02410924e-03  2.82979533e-02
 -1.99186765e-02 -4.95985597e-02 -3.79979722e-02  6.83346391e-02
 -8.02634936e-03 -1.02569023e-02 -1.98560003e-02 -5.88167310e-02
 -2.19799969e-02 -1.40401046e-03 -1.68820415e-02 -2.53066160e-02
  3.66635472e-02  2.34082490e-02 -5.57239391e-02  7.98127893e-03
  2.61662006e-02  1.18768871e-01  6.42260816e-03 -5.46966195e-02]