[-5.48927821e-02  2.80003250e-02 -9.25303325e-02 -1.49600655e-01
  1.04656667e-02 -4.82749268e-02  1.91162862e-02  8.14760625e-02
  1.37897739e-02  7.37514943e-02  8.89435709e-02 -2.67055277e-02
  4.13254276e-02  6.32142089e-03  1.05267216e-03 -4.71965782e-02
 -2.29532700e-02 -2.41782870e-02  4.05769609e-02  7.06997793e-03
  7.89063275e-02 -3.74826379e-02 -5.98139577e-02 -4.11225930e-02
 -9.09992829e-02 -2.28401832e-02  3.47394007e-03  2.41471883e-02
 -4.20943387e-02 -6.79138228e-02  3.38396616e-02 -9.64144245e-04
  1.09942704e-01 -2.03336868e-02 -1.36160143e-02  2.32977550e-02
  1.11393584e-02 -5.55714108e-02 -8.27466846e-02  1.47036612e-02
 -4.74382751e-02 -3.12439017e-02 -2.60948423e-06 -2.07319623e-03
  2.21927501e-02 -4.14613113e-02 -2.55357716e-02 -1.20280972e-02
 -1.74614433e-02 -6.59612045e-02 -1.78743750e-02  9.91491042e-03
 -3.05977222e-02  5.26093319e-03 -4.11225408e-02 -7.55702332e-02
 -3.01398337e-02  2.62595341e-02  1.94457974e-02  5.10381423e-02
  4.08194140e-02  3.95495966e-02 -3.48634981e-02  4.79852594e-02
 -3.58787552e-02 -1.16387801e-02  2.86968146e-02 -6.80628568e-02
  3.80577482e-02 -5.76151051e-02 -4.53664586e-02 -5.61487339e-02
  1.72334369e-02  1.05031636e-02 -7.15704262e-02  1.28896646e-02
 -1.97688825e-02  9.93655771e-02  5.75260893e-02 -1.90772071e-01
  2.37380024e-02  5.33000100e-03  3.12281419e-02  3.38945501e-02
  2.00114455e-02  3.76356728e-02 -2.98976749e-02 -4.45229299e-02
  7.46573359e-02  1.51392547e-02  9.80364829e-02  4.32025790e-02
 -2.41873246e-02  7.64825323e-04  6.15059435e-02 -2.55010482e-02
  6.43116534e-02 -8.56993794e-02  1.65294693e-03  4.79011536e-02
  1.83337741e-03 -7.31378794e-02  8.26851116e-04  5.57985157e-03
 -2.54040044e-02 -3.49945612e-02 -2.42645815e-02 -9.07378420e-02
  8.06815401e-02  4.46402617e-02 -1.24426089e-01 -2.95292977e-02
 -6.10238388e-02 -8.87266248e-02 -7.42320195e-02 -3.82527597e-02
 -6.18187189e-02 -5.70508242e-02  3.82101014e-02 -2.43392456e-02
  3.79612334e-02 -3.99597399e-02  6.13662181e-03 -9.66036841e-02
  1.31651342e-01  4.82274964e-03  7.07318708e-02  1.14045646e-32
 -8.02754760e-02 -2.89555062e-02 -9.99088585e-02 -9.68187023e-03
  2.30022278e-02  3.11881956e-03  2.64531933e-02  1.78485252e-02
  2.79720556e-02 -1.25347465e-01 -8.90932307e-02  1.90404356e-02
 -4.03429046e-02  5.33214696e-02  1.31817028e-01 -2.36697253e-02
  2.94028763e-02  1.93565746e-03 -7.62064662e-03 -1.82756060e-03
  3.13207391e-04 -4.13575433e-02  1.85993668e-02 -1.37146590e-02
  9.74122658e-02  2.76171621e-02  3.86552513e-03  3.20445299e-02
  1.60828314e-03  9.29912739e-03  6.89044222e-02  3.87985935e-03
 -3.67207220e-03 -3.29583534e-03 -6.56881034e-02 -6.98284060e-02
 -8.78304541e-02 -5.40006235e-02  1.41319614e-02  3.05331908e-02
  3.40631977e-02 -6.49224780e-03  1.50185367e-02  8.88506474e-04
  9.00328085e-02 -3.16703208e-02 -4.55316864e-02  5.06099500e-02
  5.51344752e-02  1.84939858e-02 -4.04908732e-02  7.82363862e-03
  4.09734854e-03 -7.37172377e-04 -2.48574037e-02  7.72089809e-02
 -3.46732289e-02 -1.34682609e-02  3.41975391e-02 -9.37358185e-04
 -6.36987016e-02  8.29088092e-02  9.47133154e-02  1.64667442e-02
  9.17944778e-03 -9.23676044e-02  3.20812762e-02  5.00231469e-03
  2.52603516e-02  5.79692796e-02 -1.58855272e-03 -5.59970289e-02
  7.09129404e-03  2.56045209e-03 -7.25360736e-02 -2.47632116e-02
 -5.91377579e-02  4.30529118e-02 -1.29126757e-01 -9.31857154e-03
 -8.51313323e-02  1.45506989e-02  6.08939603e-02 -4.53817211e-02
  4.21916097e-02 -2.37441026e-02 -8.67257193e-02  2.55267397e-02
 -8.24297965e-03 -2.14425474e-02  9.33176056e-02  7.45735765e-02
 -1.33064613e-02  5.35722598e-02  2.94675957e-02 -1.28047070e-32
 -4.09116447e-02 -2.56816000e-02 -7.18047516e-03  2.40846239e-02
 -4.66938727e-02  6.33135810e-02 -3.39260395e-03 -5.86729981e-02
 -4.34707962e-02 -5.88209890e-02 -4.45097871e-02  6.24535270e-02
  2.46582441e-02 -1.02256052e-01 -2.55116058e-04  5.11594005e-02
 -2.19806079e-02 -1.07467314e-02 -3.57289277e-02  9.86055471e-04
 -4.61871922e-02  9.28241685e-02  1.60618648e-02 -1.22282533e-02
  1.14362570e-03 -8.85264575e-02  1.69205833e-02  1.21322069e-02
 -1.17434310e-02 -2.90969461e-02  2.27344260e-02 -7.11743254e-03
 -4.34783399e-02  1.17551349e-01  2.84890793e-02 -7.71431997e-02
  1.12080753e-01 -5.86894453e-02 -3.56993861e-02  1.07159168e-02
  1.37241885e-01  7.67269880e-02  4.30340460e-03 -6.02207892e-02
 -2.69584898e-02  2.05174070e-02 -8.26278049e-03 -3.65852639e-02
  7.80137768e-03 -1.58372149e-02  6.81771636e-02 -3.73869054e-02
  3.42778675e-02  1.88910868e-02  1.02105280e-02  3.46792527e-02
  3.40609699e-02  2.46529318e-02 -4.56438847e-02  6.29911106e-03
  6.07332736e-02 -2.99115274e-02  1.03153428e-02 -2.83778999e-02
  2.02243850e-02  5.08005768e-02  3.95283997e-02  1.58926219e-01
  1.36095553e-03 -6.95774034e-02  5.12672141e-02 -5.94273629e-03
  1.49676753e-02 -4.68436219e-02  2.40051821e-02 -1.39347771e-02
  1.18144685e-02 -4.70748544e-03 -3.74869332e-02 -8.56312588e-02
 -5.23154289e-02 -9.05577617e-04 -6.13668822e-02  2.58278213e-02
 -6.94930777e-02 -2.50988528e-02 -2.69510895e-02 -6.99882954e-02
  4.17915173e-02 -3.21829505e-03 -3.09330858e-02  5.79190142e-02
  4.66537289e-02  1.29246712e-01  3.96960527e-02 -6.96860241e-08
  3.00972145e-02 -7.49783069e-02  2.78340280e-03 -3.32808904e-02
  3.35668623e-02 -5.08275963e-02  1.10248793e-02  1.19551187e-02
 -4.16236790e-03 -2.57049315e-02  2.49302611e-02 -3.35693322e-02
 -8.18094611e-02  2.59806495e-02  3.34430225e-02 -1.46878902e-02
  2.49165818e-02  1.31916597e-01 -5.28591946e-02 -1.91803090e-02
  7.44810849e-02 -5.15880361e-02 -5.17859012e-02  6.48534819e-02
  6.40251487e-02 -2.91584875e-03 -1.59296393e-02 -3.09694335e-02
  1.38774337e-02 -3.39985499e-03 -8.07784349e-02  1.28676919e-02
  4.27468494e-02  1.09535968e-02  4.81036641e-02  8.04576874e-02
  3.55421975e-02  4.46945839e-02  6.02413751e-02  4.40208577e-02
  4.06001657e-02 -2.54065748e-02  2.44651381e-02 -5.25141992e-02
 -3.09788622e-02 -5.38338125e-02 -8.65121186e-02 -1.21832322e-02
  4.44542654e-02 -3.63039337e-02  5.98830287e-04  3.19559090e-02
  1.53667182e-02  2.21816227e-02 -2.29896586e-02 -1.54989809e-02
  1.36457402e-02 -8.78317729e-02  9.92266908e-02  6.85497671e-02
  6.12427965e-02 -4.46680970e-02  2.99720131e-02  3.08794789e-02]