[-4.65486944e-02  2.52666809e-02 -7.05049485e-02 -8.07980299e-02
 -1.35007184e-02 -2.85398085e-02  5.12682498e-02  1.50465623e-01
 -6.59372434e-02  5.30178398e-02  5.54600693e-02 -1.69657487e-02
  8.53692070e-02 -2.08714399e-02 -2.16071773e-03 -3.39429229e-02
  1.89156234e-02 -1.86625333e-03  3.65270190e-02  2.72379592e-02
  1.56295270e-01 -4.67012785e-02 -7.65823796e-02  5.73732257e-02
 -9.01033431e-02  2.77954098e-02  9.35113523e-03  1.16665438e-02
 -3.20002250e-02 -3.28415185e-02 -6.29294142e-02  9.87751633e-02
  1.13856114e-01  3.69272605e-02  1.05693592e-02  6.88142404e-02
  2.93718767e-04 -5.37040345e-02 -6.30992129e-02 -2.68194992e-02
 -1.12499245e-01 -3.02379932e-02 -3.84720564e-02 -8.26401338e-02
  4.09250818e-02 -7.16209412e-02  1.41321002e-02 -5.94834834e-02
 -1.05842769e-01 -3.74011360e-02 -1.21282384e-01 -2.91696284e-02
 -1.22635663e-02  3.20154838e-02 -2.59328187e-02  6.38223160e-03
 -7.63927540e-03 -5.57412319e-02 -2.08304496e-03 -2.30088495e-02
  3.43827009e-02  2.97533610e-04 -3.48899215e-02  4.80600260e-02
  7.15904161e-02  3.73695381e-02 -7.29681924e-03  1.36476394e-03
 -1.01896124e-02  2.58146543e-02 -8.86608753e-03 -9.22235101e-02
  8.10491480e-03  5.94114475e-02 -2.30715685e-02  4.52197008e-02
 -4.53128107e-02  4.59391214e-02 -9.91860405e-03 -1.46628112e-01
  2.57255156e-02  1.38238980e-03 -2.89718285e-02 -6.38750102e-03
 -2.81931385e-02  1.93418209e-02  2.23342166e-03 -2.89669074e-02
  8.53978842e-02  1.34928955e-03  7.16403201e-02  6.09267913e-02
 -5.87222651e-02 -7.56892115e-02 -3.36397924e-02 -6.20611198e-02
  4.60299253e-02  7.37925619e-03  8.79670307e-02 -1.48040727e-02
  2.25418862e-02  1.29453661e-02  7.84616731e-03  5.78313582e-02
 -1.43201547e-02 -1.86331626e-02  1.00600151e-02 -4.08473127e-02
  3.65472250e-02  9.67119709e-02 -8.70532617e-02 -4.91239913e-02
 -1.57815099e-01 -1.03231430e-01 -6.62341416e-02  1.25934966e-02
 -8.00010338e-02 -4.89024855e-02  2.81642545e-02  1.77844521e-02
  5.04303388e-02 -1.42418370e-02  3.58329117e-02 -7.01156184e-02
  2.83801984e-02 -3.53934467e-02  1.16068358e-02  1.06597707e-32
 -3.69405970e-02  2.07920838e-02 -6.87717125e-02  4.53604534e-02
  3.42055187e-02 -1.71302743e-02 -1.87739059e-02  3.14954109e-02
  2.81369034e-02  1.07712699e-02 -5.15878424e-02  1.07845090e-01
  2.24670526e-02  3.13428417e-02  1.18216842e-01 -4.32136320e-02
 -7.55183958e-03  3.98362204e-02  5.13627566e-02 -1.15276966e-02
 -7.48318154e-03 -2.02323850e-02  2.04647444e-02 -7.62430280e-02
  1.09360553e-01  5.87088726e-02  2.03273948e-02  9.56348702e-03
 -1.13674346e-02  4.70461994e-02  5.97453937e-02 -5.03148092e-03
  4.39416803e-02 -4.60872911e-02 -1.76549808e-03 -4.75192256e-02
 -7.30220899e-02 -5.73274940e-02 -3.62298544e-03 -2.73042694e-02
 -2.21873317e-02  1.08124772e-02  8.57997984e-02 -2.19575074e-02
  1.61694251e-02  5.58495745e-02  8.83296207e-02  2.00750977e-02
  1.18099049e-01  2.53785145e-03  2.05952814e-03 -2.14379542e-02
 -1.56023726e-02 -4.64179143e-02  5.70855625e-02  1.50176287e-02
  4.05345717e-03 -1.50653860e-02 -4.32206243e-02 -1.69857908e-02
 -5.19178212e-02 -1.86102819e-02  2.59264745e-02  7.64584029e-03
  4.13784720e-02 -2.30734050e-02 -2.08362825e-02  2.29014903e-02
  1.17851958e-01  1.68187581e-02 -7.05772862e-02 -5.05781993e-02
  7.16742268e-03  7.62322545e-02 -2.75690295e-02  2.98762433e-02
  2.47621518e-02  2.12730821e-02 -1.33486912e-01  1.37231676e-02
 -1.42065942e-01  1.41684767e-02 -2.54497416e-02 -3.16754711e-04
  2.27436330e-02  4.03328650e-02  5.96888997e-02  1.28967026e-02
  2.13133134e-02  3.46325189e-02  3.35230045e-02  2.31586900e-02
 -2.89536957e-02  3.39628272e-02 -2.40577925e-02 -1.17529143e-32
 -2.51870416e-02 -6.64082216e-03 -1.49338618e-02  3.58524583e-02
 -2.07277257e-02 -1.58922244e-02  3.95862088e-02 -2.30399445e-02
 -3.43181267e-02 -1.28358770e-02 -4.55291197e-02 -3.07705291e-02
  1.10728063e-01  9.45169851e-03 -2.72773970e-02  2.61160322e-02
 -2.27127280e-02 -1.22095734e-01 -3.32470015e-02  3.44284028e-02
  4.92362753e-02  9.84849259e-02 -3.43069900e-03 -4.39362712e-02
 -3.03272661e-02 -1.11705018e-02 -2.46111341e-02 -1.75232254e-02
 -4.88091856e-02 -2.70245713e-03  1.89123824e-02 -3.92933860e-02
 -4.80454899e-02  1.11508027e-01 -3.85433026e-02 -3.14227529e-02
  2.52131242e-02  1.59330573e-03  2.29819473e-02  3.01663913e-02
  3.81232984e-02  3.14714536e-02 -3.90264504e-02 -4.58565317e-02
 -1.98309850e-02 -5.39689623e-02 -2.76146568e-02 -5.78492694e-02
  2.56358385e-02 -9.78681967e-02  6.76852688e-02 -5.71419336e-02
  3.95475179e-02 -7.26369619e-02 -2.59232870e-03 -3.28332409e-02
 -1.39346533e-02 -7.74269626e-02 -5.50924912e-02 -3.10589578e-02
  1.70399964e-01 -2.84333527e-02  1.95959173e-02 -3.93809266e-02
  2.66709439e-02  1.57467369e-02  1.62775535e-02  2.07181573e-02
 -9.35946256e-02 -3.30730788e-02  6.73294291e-02 -7.89365843e-02
 -1.02330908e-01  9.87422839e-03 -3.62522155e-02 -2.30066236e-02
 -3.37733813e-02 -9.21694841e-03 -4.53995019e-02  3.87622342e-02
 -4.18693833e-02  1.56409200e-02 -3.18382196e-02  1.77421793e-02
 -5.30433282e-02  2.93662050e-03 -4.93436866e-03  5.96885243e-03
  1.72797404e-02 -2.71554980e-02 -1.09871373e-01  9.26901847e-02
 -3.78950089e-02  7.74192065e-02 -6.95837960e-02 -6.69824587e-08
 -4.01707105e-02 -1.37170944e-02  3.58771123e-02  1.24193393e-02
  2.02683993e-02 -6.81613013e-02 -3.68458591e-02 -3.14851291e-02
  5.91320656e-02  2.61843782e-02 -4.40444387e-02 -7.61106908e-02
 -8.16879198e-02  9.40144062e-02  5.34258895e-02 -4.68393490e-02
  8.65313783e-03  6.21764176e-02 -8.34648907e-02 -1.03891589e-01
  5.23967929e-02 -2.99853086e-02 -3.78993787e-02 -3.64647433e-02
  3.71602923e-02  1.36393989e-02 -3.26043814e-02 -6.82877982e-03
  3.80511954e-02  4.10098508e-02 -1.03159556e-02 -6.38001505e-03
  9.32572857e-02  1.27640851e-02  3.69764902e-02  1.23503227e-02
  2.93761748e-03  6.84503093e-02  2.91767605e-02  6.34113327e-02
  1.04474194e-01 -4.42106836e-03 -6.01571389e-02  9.44179744e-02
 -1.68225495e-03  2.04423419e-03 -3.26086245e-02  1.03097586e-02
 -3.20885144e-02 -1.10022482e-02  1.84496189e-03 -3.35200503e-02
  1.30342422e-02  2.68064067e-02  2.36052070e-02 -2.51498222e-02
  4.94590662e-02  1.37667600e-02  1.04067000e-02  2.92942375e-02
  4.54923958e-02  3.73463146e-02 -3.23268436e-02 -2.01893039e-03]