[-2.03288514e-02  4.11898717e-02 -1.33306822e-02 -4.82754074e-02
 -6.26388937e-02  2.95493081e-02  4.19588052e-02  9.60658118e-02
  5.62345088e-02  8.21220800e-02  8.74406919e-02 -4.35847938e-02
  3.23212356e-03 -1.60423722e-02  1.79269817e-02 -5.29497070e-03
  3.93318981e-02  3.48267443e-02 -4.59655337e-02  1.06939100e-01
  9.04998481e-02 -4.30028178e-02 -6.14149310e-02  4.55461852e-02
 -6.14212863e-02 -1.38997799e-03 -8.16568360e-02 -4.52449396e-02
 -2.05104575e-02 -5.23390509e-02 -3.25373821e-02  7.58733600e-02
  9.30662826e-02 -2.36735083e-02 -2.40974165e-02  8.81072879e-03
  2.90207285e-03 -3.88966948e-02 -2.42948644e-02  5.95160648e-02
 -2.48359535e-02 -7.96192363e-02 -9.38151255e-02 -4.78712209e-02
 -3.09511106e-02 -2.83051450e-02  4.73704860e-02  5.29368408e-02
 -4.12193388e-02  8.24757945e-03 -6.27446920e-02  7.36226002e-03
 -4.30206060e-02  5.01811616e-02  1.96922757e-02 -9.32293981e-02
 -2.87144948e-02 -1.44296996e-02  5.08223195e-03 -5.38798273e-02
 -2.85184141e-02  4.31212857e-02 -4.12542298e-02 -7.62061542e-03
 -1.75818391e-02  3.39339040e-02  4.06144485e-02 -6.70140535e-02
 -2.35461015e-02  5.72102293e-02  1.25202209e-01 -4.13385071e-02
  4.08733301e-02  5.59908897e-02  4.64504678e-03  1.31323680e-01
  1.09771965e-02  1.08714951e-02 -4.44385633e-02 -1.43241212e-01
  3.71971019e-02 -8.20649136e-03 -2.05511339e-02 -1.03341686e-02
  3.56708653e-02  2.06856132e-02 -1.69377495e-02  4.96439114e-02
 -3.90573661e-03 -2.16594990e-02 -2.80581303e-02  2.74750069e-02
 -7.34385997e-02 -6.12184480e-02  4.26152311e-02 -4.54666372e-03
 -3.84083111e-03 -3.78505723e-03  4.13535349e-02 -2.67869849e-02
  7.75706992e-02  5.51241376e-02 -3.25462897e-04  4.37888429e-02
 -1.00923903e-01 -3.20508070e-02 -6.05261512e-02 -8.25608671e-02
  3.31507847e-02  5.91096133e-02 -2.51414590e-02 -1.11529693e-01
 -7.05934763e-02 -3.04260701e-02 -5.05620427e-02 -4.47833166e-03
 -3.39561999e-02 -1.91449393e-02  6.68564513e-02 -2.54258886e-02
  2.88593061e-02 -5.46480827e-02  8.18944797e-02 -7.78450817e-02
  8.01479444e-02  1.56211881e-02  8.50532670e-03  1.30808526e-32
 -1.17466571e-02 -5.51294312e-02 -2.43308824e-02  9.74072376e-04
 -4.72338460e-02 -5.29707484e-02 -6.83305338e-02  2.10524872e-02
  4.63928580e-02 -1.26909055e-02 -6.82479367e-02  6.60972968e-02
 -2.74246391e-02  2.94885132e-02  6.29588515e-02 -3.53353359e-02
  8.14768225e-02 -3.23629789e-02  4.31019962e-02 -2.55154213e-03
 -5.40495999e-02  2.66089402e-02 -4.23343144e-02 -3.99969704e-02
  1.58383865e-02  1.21125296e-01 -5.17032146e-02 -5.72432810e-03
 -1.03626147e-01  8.45043138e-02  9.10804141e-03  4.58865287e-03
  1.29517522e-02 -4.75262702e-02 -8.62300396e-02 -2.46953238e-02
 -3.13987806e-02 -3.51307401e-03 -3.76202092e-02 -7.56649449e-02
 -1.66619979e-02  2.08161809e-02 -3.35427858e-02  6.38838299e-03
  2.63661463e-02 -6.87873960e-02  4.22351621e-02 -6.11992180e-03
  2.88306717e-02  5.09960279e-02 -1.03714485e-02 -3.56008532e-03
  5.62289134e-02 -1.20801695e-01  1.15476865e-02 -2.10010130e-02
 -1.21213995e-01  3.12465373e-02 -7.40304366e-02 -3.38000022e-02
 -4.50174138e-03  3.68876271e-02  1.11753849e-04  1.65029671e-02
 -1.81724243e-02  1.47271669e-02 -4.28590514e-02 -5.81478924e-02
  7.67680034e-02  5.72548248e-02 -7.90130869e-02  1.36913778e-02
 -3.10579930e-02 -2.75359005e-02  4.87127863e-02  1.01500135e-02
  7.59011507e-02  6.21687286e-02 -2.85264086e-02 -2.21449938e-02
 -2.05686651e-02 -2.02748924e-02 -2.72324495e-02  4.36790772e-02
  5.78318648e-02  7.91900307e-02  6.31184131e-02  2.46963426e-02
 -3.78313959e-02  9.27022286e-03  3.81014794e-02  6.28226176e-02
 -2.98626013e-02  4.94614318e-02  2.07030922e-02 -1.50575302e-32
  2.42578611e-03 -2.16144393e-03 -7.86384493e-02  3.94245945e-02
  2.34139021e-02  2.07911413e-02  5.14121130e-02 -1.86416581e-02
 -1.89702846e-02 -8.93969685e-02  1.87090617e-02 -8.81687105e-02
 -1.55508993e-02 -8.83615091e-02 -9.53951851e-02 -1.89340179e-04
 -7.44206086e-02  3.47384554e-03  1.01783825e-02 -7.80360401e-03
  1.81722697e-02  5.88707589e-02  5.38400598e-02  1.35795609e-03
  1.37745747e-02 -7.72513896e-02 -2.34950148e-02 -2.64902189e-02
 -8.07482898e-02 -1.63133796e-02  1.14248935e-02  3.05754319e-02
  4.75890823e-02  6.75116479e-02 -3.62230875e-02 -6.11087829e-02
  7.80440271e-02  6.16671592e-02  1.05806505e-02  2.29906794e-02
  5.76496385e-02  1.04135528e-01  3.42570245e-02 -4.90507744e-02
 -2.18922310e-02 -6.57741502e-02  1.76320858e-02 -6.53469041e-02
  6.59460872e-02 -3.20097618e-02  1.14220180e-01 -1.32158585e-02
 -6.34241209e-04  8.39952752e-03  2.43572313e-02  1.69801544e-02
 -1.96276736e-02 -7.09956810e-02 -5.46054058e-02  5.25340252e-02
 -2.94515193e-02  1.48043511e-02 -2.01917291e-02 -5.79186156e-03
  1.00906387e-01  1.67680683e-03 -3.08815762e-02  5.13222776e-02
  1.54789500e-02 -1.94209497e-02  5.58677875e-02 -5.66073693e-02
 -2.46236809e-02  1.74732730e-02  3.66234370e-02 -1.01698704e-01
 -4.62908223e-02 -5.39470501e-02  1.17023392e-02  7.28093311e-02
 -8.68565589e-02  1.86494458e-02 -8.58752429e-02 -1.48258395e-02
 -1.75487194e-02  2.67119892e-02 -5.62548898e-02  1.35122763e-03
 -5.83176222e-03  6.13825768e-02  6.66072452e-03  1.18806385e-01
  3.53678479e-04  6.22785324e-03 -4.77084965e-02 -7.37318260e-08
  6.36514053e-02 -1.80655885e-02  3.79481614e-02 -1.17279980e-02
  4.86191399e-02 -4.55495482e-03 -2.82268655e-02 -5.22398576e-02
  8.68061651e-03  1.45722944e-02  4.60975654e-02 -3.05716327e-04
 -5.73370606e-02 -2.75354069e-02  1.30424900e-02 -9.68201160e-02
  6.85666576e-02  2.18935907e-02 -8.87067094e-02 -4.09075432e-02
  1.01862319e-01 -3.20588723e-02 -3.97257023e-02 -6.98384345e-02
  3.58002447e-02 -4.75131311e-02 -6.73022121e-02 -7.96044394e-02
 -5.94556779e-02  8.42726678e-02 -4.85435724e-02  1.26280803e-02
  3.29741016e-02 -8.78612846e-02 -3.21026444e-02 -3.81367765e-02
  5.64454347e-02  3.07527110e-02 -4.04224806e-02  5.56822307e-02
  1.16299368e-01 -3.22623625e-02 -5.04940711e-02 -1.40110720e-02
  7.16963332e-05 -6.24087974e-02  3.62056005e-03  3.10340873e-03
 -5.02895787e-02  6.77350089e-02  7.91607797e-03 -6.08852925e-03
  2.26558279e-02  8.31003767e-03 -3.96287069e-02 -6.34724572e-02
  6.46890551e-02 -8.98909103e-03 -2.14977749e-02 -3.33871096e-02
  1.80930719e-01  8.04890171e-02  5.73614538e-02 -1.36574898e-02]