[-3.95320617e-02  6.57200366e-02 -5.61575256e-02 -8.83875489e-02
 -6.78676590e-02 -3.05652190e-02  4.26337458e-02  1.63441911e-01
 -2.10328773e-02  7.63460472e-02  3.73404473e-02  2.34615244e-02
  2.18536449e-03 -1.24857379e-02 -1.95669178e-02 -3.16737406e-02
  1.16199590e-02 -4.32571620e-02 -1.42351948e-02 -1.45126637e-02
  5.12864292e-02 -4.34850976e-02 -3.92464101e-02 -1.01338373e-02
  3.45617272e-02 -2.51805410e-02 -9.74123459e-03  6.31266236e-02
 -1.15316790e-02 -8.77454281e-02 -6.35785758e-02  6.22322373e-02
  1.33257406e-02  3.75737101e-02  2.80242655e-02  1.25963027e-02
  3.75086218e-02 -1.43490449e-01 -8.36952589e-03 -3.18841822e-02
 -5.83235435e-02 -3.12235691e-02 -4.70465794e-02  2.04050113e-02
 -5.41186742e-02 -4.15335745e-02 -4.67538200e-02 -7.90295098e-03
 -2.95652468e-02 -2.55056322e-02 -4.35702428e-02  2.12735478e-02
 -3.54229510e-02  1.72220764e-03 -8.53791833e-02 -1.25723211e-02
 -4.41543274e-02  2.04093587e-02  9.02378634e-02  5.74129894e-02
  1.01814516e-01 -1.82052366e-02 -3.26876268e-02  4.10327166e-02
 -5.66498153e-02 -5.23253940e-02  5.16424179e-02 -2.87581999e-02
 -4.16561402e-02 -2.52404548e-02 -4.16698586e-03 -2.87712980e-02
  1.45745678e-02  7.76683465e-02 -1.90541670e-02  7.50452727e-02
  1.21060655e-01 -3.98681080e-03  7.82982856e-02 -6.29100502e-02
 -2.38785483e-02 -4.45512570e-02 -9.76691768e-02 -6.42339960e-02
  8.54751542e-02  9.96009540e-03  1.83019023e-02 -5.71531756e-03
  8.43857676e-02 -4.75919731e-02  4.98126931e-02  5.06548882e-02
 -2.13423539e-02  9.35616065e-03 -5.47846034e-02 -1.39346235e-02
  3.61082107e-02 -6.23420812e-03 -7.07506239e-02  5.08420914e-02
  5.23151234e-02  2.71205176e-02  7.67611489e-02  3.74035835e-02
 -8.31705406e-02 -2.37570070e-02  1.18268412e-02  1.43655986e-02
 -2.76125129e-02 -4.32232879e-02 -1.08120449e-01 -1.69979781e-02
 -4.95726243e-02 -1.13456644e-01 -6.25441447e-02  1.03273854e-01
 -9.30612832e-02  3.73848970e-03  6.86051473e-02 -2.50273515e-02
 -8.86118226e-03 -6.24917299e-02 -2.25244407e-02 -2.41551269e-02
 -2.21378114e-02 -4.07898314e-02  4.31083180e-02  1.78086836e-32
 -2.93562692e-02  7.35895559e-02 -7.30809718e-02  1.28245624e-02
 -3.07191666e-02  5.92010617e-02 -3.09218597e-02  4.70452495e-02
 -4.54897620e-02  2.08020881e-02 -9.08058733e-02  5.55330422e-03
  2.10429057e-02  2.82770526e-02  1.24027908e-01 -9.68877003e-02
  4.91098240e-02  9.94496234e-03  2.37047784e-02 -9.09799768e-04
 -3.79260220e-02 -1.33754802e-03  6.41456768e-02 -2.43902765e-02
  5.65589033e-02  3.54117677e-02 -3.74665745e-02 -4.96142916e-02
  3.49916257e-02  6.54218197e-02  1.09742451e-02  3.75685655e-02
  1.07092122e-02 -1.08525148e-02  5.21533787e-02 -1.57676428e-03
  1.31790349e-02 -3.01675629e-02 -2.38921493e-03  2.39407201e-03
  3.18536870e-02  7.40356296e-02 -4.61744256e-02 -4.37757708e-02
  5.12354113e-02 -5.64828254e-02  7.82409683e-02  6.14799410e-02
  1.12060510e-01  1.89459510e-02 -1.08401254e-01  2.73926035e-02
 -6.46308959e-02  1.04622087e-02  5.42406887e-02  1.76333115e-02
 -5.66897243e-02  5.56863174e-02  4.57495563e-02 -1.88427754e-02
 -2.91729104e-02  6.22011442e-03  3.31896581e-02 -3.09303799e-03
  5.90036660e-02  1.04288217e-02 -1.00867171e-02 -3.78886536e-02
  2.80395336e-02  6.86848089e-02 -2.94415839e-02 -5.92522547e-02
  1.11132279e-01  4.51822244e-02  3.25497761e-02  5.17949834e-02
 -1.13506606e-02 -3.31207737e-02 -3.20940576e-02 -1.73548218e-02
 -7.18324631e-02  6.73870668e-02 -3.60966707e-03  3.86906937e-02
  5.33071570e-02  1.76851023e-02  1.57215819e-02  2.96379887e-02
  4.65849787e-02  1.34931892e-01 -4.11636978e-02  3.74853387e-02
 -4.90750782e-02 -1.61449760e-02  2.09160428e-02 -1.63293210e-32
  1.76547356e-02  1.74351688e-02  7.02839764e-03 -5.56541017e-05
 -5.70823513e-02 -1.52277257e-02  2.49597039e-02 -9.89694335e-03
 -1.47170713e-02  1.54037320e-03  7.80075341e-02 -1.08830169e-01
  9.99189466e-02 -6.77364990e-02  2.99760997e-02 -2.20545530e-02
 -4.88237888e-02 -7.47824982e-02  9.30153504e-02  2.06159912e-02
  7.14375526e-02  5.34803122e-02  1.02850059e-02  3.33595760e-02
  3.92558053e-02 -3.18366662e-03 -4.61415127e-02 -1.66873150e-02
 -5.96219376e-02 -2.27822457e-02  5.66659123e-03 -4.73201610e-02
 -6.55005947e-02  1.78252041e-01 -5.25043085e-02 -7.93534610e-03
  9.00549144e-02  4.67177853e-02  6.18973188e-02 -4.79872013e-03
  5.75360358e-02  2.41879597e-02  6.42616376e-02 -6.08460680e-02
 -1.76582523e-02 -1.44622743e-01  1.02942437e-02 -8.46048445e-02
 -1.30663291e-02 -1.05564952e-01  5.40733524e-02 -4.35118712e-02
 -6.04822151e-02 -8.22542235e-02 -1.11907115e-02 -4.40011770e-02
 -3.22564058e-02 -3.64212021e-02 -7.71373436e-02 -3.59670892e-02
  1.80476546e-01 -1.17172478e-02 -2.38639172e-02 -2.59087980e-02
  8.45448077e-02  6.64478028e-03  4.70117815e-02  6.89020157e-02
  5.24620675e-02 -7.74265081e-02  5.35241663e-02 -5.63517697e-02
  2.97021796e-03 -4.69755232e-02  1.37786204e-02 -5.06691560e-02
 -6.75327182e-02  5.31926751e-02  3.98337245e-02 -5.05770147e-02
  2.66087502e-02  1.38767073e-02 -1.89833082e-02 -3.91766615e-02
 -2.89908815e-02  8.93625896e-03  1.39063951e-02  2.52961311e-02
  6.02587266e-03 -5.19622974e-02 -1.08225822e-01 -1.21861938e-02
  3.66532095e-02  6.23572730e-02  2.30378415e-02 -6.44278728e-08
  5.59159368e-02  2.63348520e-02 -3.28098238e-02  2.07790583e-02
  2.37050056e-02 -7.00473115e-02 -3.15240733e-02 -6.67292103e-02
  4.54652822e-03  7.90543575e-03 -3.20262229e-03 -5.66044301e-02
  7.17823580e-03  8.47745985e-02 -5.64173004e-03 -2.35393364e-02
 -5.13645187e-02  6.95391819e-02 -2.44326629e-02 -3.96817401e-02
  6.28962219e-02 -1.31989373e-02  3.39786820e-02 -7.00017996e-03
 -5.07662222e-02  3.61448191e-02 -2.37327758e-02  3.08694169e-02
  1.61378272e-02  1.36511680e-02 -8.56430009e-02 -3.34743932e-02
  5.76309040e-02 -4.77308258e-02  2.74704453e-02 -1.55724995e-02
 -2.91722063e-02  3.54111306e-02 -4.34825830e-02  2.73271166e-02
  5.35685383e-02 -8.07314739e-03 -7.74386600e-02  2.09845491e-02
 -9.12279077e-03 -1.24343419e-02 -7.14148581e-02 -1.81087654e-03
 -2.08708923e-02  2.07288973e-02 -4.18740651e-03 -4.17648768e-03
 -1.15073826e-02 -1.48107177e-02 -7.58572854e-03 -5.18265665e-02
 -1.76783446e-02  2.13501025e-02 -7.29629397e-02 -2.51550656e-02
 -1.50433965e-02 -1.46271950e-02 -1.49238063e-02 -6.92832991e-02]