[-2.51797549e-02  1.17873112e-02 -1.10934235e-01 -7.12891966e-02
 -5.01345750e-03 -3.32444310e-02  5.41276969e-02  7.25110024e-02
  3.60530429e-02  6.17965795e-02  1.26718253e-01 -2.29085013e-02
  8.12333729e-03  9.88260098e-03  2.65715569e-02 -7.63339773e-02
  5.41619398e-02 -2.11919192e-02  1.67566277e-02  5.25494199e-03
  1.34526476e-01 -2.95834802e-02 -7.43934326e-03  3.70222069e-02
 -2.59419978e-02 -4.18751165e-02 -7.35337511e-02 -5.68176918e-02
 -4.83808927e-02 -9.41498801e-02 -4.23724651e-02  2.06950437e-02
  1.07753508e-01 -3.97584550e-02  1.61932092e-02 -2.49644145e-02
  9.28019583e-02 -1.91797893e-02 -9.70275179e-02  3.65291461e-02
 -4.93161716e-02 -9.13220271e-03 -5.12753092e-02 -2.36695725e-02
 -2.24429760e-02 -3.07127777e-02 -5.03469221e-02 -2.59289164e-02
 -5.85648827e-02  1.11871837e-02 -6.49277419e-02 -1.42035205e-02
 -3.91105609e-03  6.22094199e-02 -4.72993415e-04 -8.55477378e-02
 -1.13425953e-02  5.59601560e-03 -6.95760474e-02  3.35324705e-02
 -9.56341682e-04  1.16987284e-02 -5.63170686e-02 -1.22805228e-02
 -9.85589065e-03  2.05260776e-02  5.36586903e-03 -4.48482670e-02
 -6.37732074e-03 -3.61589938e-02 -2.63185743e-02 -5.31815030e-02
 -9.67467856e-03  1.12672877e-02 -4.68823090e-02  7.25552365e-02
 -2.01926362e-02  7.01752454e-02 -1.71783548e-02 -1.64244488e-01
  1.06246043e-02  8.55330378e-02  3.47842323e-03 -3.38787995e-02
  1.13963718e-02 -9.09318496e-03 -7.42533952e-02  3.37818004e-02
 -7.29276100e-03  1.96994934e-02  9.53554958e-02  3.37393321e-02
 -4.55439351e-02  1.38806449e-02  1.54501740e-02 -4.48717885e-02
  1.79773942e-02 -1.99003387e-02  1.47186611e-02 -1.51998317e-02
  4.22764793e-02  1.25388121e-02  3.30723897e-02  1.30900359e-02
 -4.28651311e-02 -9.95569304e-03 -1.81754436e-02 -3.86900790e-02
  5.50737493e-02  4.20091636e-02 -1.15846887e-01 -6.57074824e-02
 -9.06137452e-02 -1.60136133e-01 -9.57005769e-02  3.07290610e-02
 -4.56573330e-02 -4.28700732e-04  8.37118551e-02 -1.26749855e-02
  2.78848056e-02 -1.01189129e-02  4.54930998e-02 -5.03696240e-02
  7.08598867e-02 -4.42687273e-02  6.97664097e-02  9.95375409e-33
 -6.07012920e-02  5.98975830e-03 -4.48320694e-02  2.74889935e-02
  5.16994996e-03  4.82804999e-02 -3.67771797e-02  3.71343270e-02
  3.68350819e-02 -6.92289993e-02 -1.02891468e-01  8.07206556e-02
 -5.59631437e-02 -1.25163449e-02  1.60872236e-01 -3.65116969e-02
  1.37865674e-02  6.55805692e-02  9.30372551e-02 -1.37609718e-02
  4.88462895e-02 -3.58943790e-02 -1.11701721e-02 -1.63539918e-03
  1.20514929e-01  7.10771456e-02 -4.51388070e-03  2.50529610e-02
 -1.15046818e-02  4.80864979e-02  8.33804235e-02 -2.53999978e-02
  6.25435412e-02 -1.13803549e-02 -4.90320250e-02 -2.89059598e-02
 -7.45915174e-02 -7.86321331e-03 -4.62609663e-04 -5.10497130e-02
  2.28013145e-03  1.84635948e-02  4.29592691e-02  8.64320435e-03
  1.34528242e-02 -3.45367305e-02  4.40445505e-02  2.10691150e-02
  1.64988741e-01  2.14754250e-02 -4.96324711e-03 -2.99947448e-02
 -1.97002292e-02 -1.16181723e-03  6.13298491e-02  3.90290469e-02
 -4.39876169e-02  2.29634028e-02  1.46842757e-02 -5.36282733e-02
 -3.31225954e-02  4.29161899e-02 -2.18068808e-03 -2.72980090e-02
 -1.58552118e-02  4.55749175e-03 -5.15527418e-03  1.85462064e-03
  1.23653576e-01 -1.71754286e-02 -8.51095095e-02 -1.46052791e-02
  2.07023583e-02  4.48892266e-02 -4.55511212e-02  6.69850083e-03
 -5.65927215e-02 -1.19719896e-02 -9.12306905e-02  1.55841792e-02
 -4.42092046e-02 -1.91891193e-02 -1.19373053e-02  1.85794290e-02
  3.05373389e-02  1.07350454e-01  1.30657433e-02  9.48842913e-02
  8.38977168e-04  3.32252830e-02  7.39860758e-02  9.61776301e-02
 -5.50642498e-02  9.62912142e-02  2.32514832e-02 -1.17639529e-32
  3.09830196e-02 -6.65970100e-03 -3.66899706e-02 -1.55399414e-02
  1.63252372e-02  7.33949337e-03 -7.10401088e-02  2.97575649e-02
  7.03792134e-03 -8.98282453e-02 -5.58475368e-02 -5.69051616e-02
  1.33622400e-02 -6.34776130e-02 -3.60985510e-02  8.73502903e-03
 -1.06569685e-01 -8.06079507e-02 -2.02557184e-02  1.65392179e-02
 -4.77399863e-02  2.75484808e-02 -1.21274088e-02 -6.43258542e-03
  6.27021343e-02 -6.71181753e-02 -8.21879134e-02 -1.76481660e-02
  4.53774352e-04 -3.75792459e-02  4.22924273e-02 -5.01190200e-02
 -5.07242717e-02  1.00772455e-01 -3.54623385e-02 -8.81697834e-02
  7.40027055e-02  5.17977178e-02 -1.93392206e-02  5.36133721e-02
  1.09024011e-01  1.07463740e-01  6.11440185e-03 -6.22150823e-02
 -2.43065841e-02 -3.34055126e-02 -3.14284265e-02 -9.86674801e-02
  7.49992533e-03 -6.76219016e-02  6.27291128e-02 -5.42051271e-02
 -1.28658605e-03 -3.24194133e-02  4.09014449e-02  5.93604892e-02
  1.67680811e-02  1.57305971e-02 -7.66030028e-02 -3.55882980e-02
  7.33348727e-02 -2.48201601e-02 -2.12991480e-02  2.59316317e-03
  8.78673270e-02  1.10686645e-02 -1.07282773e-02  1.31243423e-01
 -1.94037408e-02  1.21850974e-03  7.71907493e-02 -5.15442230e-02
 -2.53029168e-02 -4.69854586e-02  1.52861727e-02 -1.47108342e-02
 -1.95451006e-02  2.97530874e-04 -4.93756905e-02 -8.04203097e-03
 -3.92208993e-02  3.07953749e-02 -2.19082795e-02  8.75063706e-03
 -5.39275967e-02 -3.99769433e-02  4.64529470e-02 -6.14316240e-02
 -2.43351329e-02  1.16648264e-02 -7.14747384e-02  3.64562757e-02
  1.12835048e-02  1.16748542e-01 -3.68171744e-02 -6.27566408e-08
  2.35525519e-03 -4.94848490e-02 -3.09294499e-02 -3.70494202e-02
  5.06909527e-02 -9.24229175e-02  8.72629788e-03  9.88552198e-02
  9.37483646e-03  2.12846007e-02  4.80436608e-02 -4.70780469e-02
 -7.02504590e-02  1.99496672e-02  4.60219719e-02 -4.93841954e-02
  4.41686846e-02  3.11728176e-02 -1.46300811e-03 -6.84450120e-02
  1.03814818e-01 -7.33443648e-02 -4.90776524e-02 -2.13473663e-02
  2.86863875e-02 -1.70851704e-02 -1.30161094e-02  1.36575745e-02
  8.10135901e-03  5.89032173e-02 -3.70733142e-02 -4.28984649e-02
  6.15063943e-02 -1.32296123e-02  5.22804819e-03 -1.03460858e-02
 -6.64125290e-03 -4.23601246e-04 -1.33066932e-02  7.29119312e-03
  1.04632095e-01 -5.32667935e-02 -8.00441485e-03  5.52896119e-04
  8.38134289e-02 -4.11043502e-02 -2.26351023e-02  3.14533710e-02
 -6.74300082e-03 -1.41748562e-02 -4.66689728e-02  9.90141090e-03
  3.96970175e-02  1.21834567e-02 -3.00257280e-02 -4.36733365e-02
  3.21451128e-02 -4.44688788e-03  3.70794423e-02 -1.86050369e-03
  4.78217937e-02  5.93917212e-05  3.56102735e-02  4.96459231e-02]