[ 2.15730164e-03  1.47476355e-02 -4.61492948e-02 -6.18746690e-02
 -9.21489224e-02  1.72488689e-02  8.37746169e-03  8.36434364e-02
  6.78597530e-03  8.29405412e-02  1.41861960e-01 -3.55722755e-02
 -1.73828064e-03 -1.11284638e-02  7.76879955e-03  1.14607960e-02
  3.08640096e-02 -4.54638153e-04  1.25764767e-02  2.02774070e-03
  1.59935802e-02 -1.04121910e-03 -7.03313574e-02 -3.22505087e-02
 -1.16386756e-01  1.58584639e-02  2.11231951e-02  1.78467333e-02
 -1.60914585e-02 -7.35218748e-02  1.62727199e-02  5.58494441e-02
  4.73517962e-02 -2.20220461e-02  6.40729535e-03 -3.73179530e-04
  8.36004410e-03 -5.06798960e-02 -1.47725865e-02  7.92194158e-02
 -2.66257338e-02 -4.54220474e-02 -3.44350636e-02 -1.10969760e-01
 -2.46325359e-02 -7.21659958e-02 -4.46535535e-02  7.66971484e-02
 -6.12253277e-03 -1.35636881e-01 -6.31501433e-03 -1.62525401e-02
 -3.86804040e-03  3.87510844e-02 -1.02737308e-01 -1.06845155e-01
 -8.38228781e-03  2.43446417e-03  1.44289341e-02  6.30389974e-02
 -1.83497258e-02  1.03318796e-01 -7.38311931e-02  6.22956199e-04
  1.52890952e-02 -2.42393576e-02 -5.97284315e-03  2.21462343e-02
 -9.02289338e-03  5.50486855e-02  1.02734752e-02 -8.12699944e-02
 -1.88516229e-02  3.84418815e-02 -3.73403281e-02  2.29727160e-02
 -7.81022012e-03  3.80598381e-02  6.63462579e-02 -1.52548790e-01
  2.66138315e-02  2.36573927e-02 -4.22779769e-02 -1.20342132e-02
  6.47878088e-03 -3.64012308e-02  1.75291207e-02 -1.78419370e-02
  2.15392746e-02 -1.58115402e-02  4.87375781e-02  4.23292629e-02
 -5.87430261e-02  1.30367912e-02 -2.87754368e-03  4.90522645e-02
 -2.16000844e-02 -4.68663266e-03 -1.72203667e-02 -2.34170184e-02
  3.58780101e-02  4.41851579e-02 -1.03389725e-01 -7.68197794e-03
 -1.70696720e-01 -1.42819798e-02  2.28680531e-03 -3.54787223e-02
  5.87521270e-02  5.04037738e-02 -1.28674299e-01 -1.95444711e-02
 -1.22222103e-01 -8.67142603e-02 -4.29415293e-02 -1.18977465e-02
 -6.25467226e-02 -3.74492407e-02  1.15115037e-02 -3.37541103e-02
  3.53517979e-02 -6.52019680e-02  1.42642558e-02 -3.13968658e-02
  6.08458184e-02 -1.26863167e-01  2.96225194e-02 -1.77602165e-32
 -6.44203946e-02 -2.03593541e-02 -5.97682036e-02  1.50366025e-02
  7.01147839e-02  6.43496960e-02 -2.31647249e-02  4.86089773e-02
  2.84164771e-02 -2.65811495e-02 -7.72453323e-02  5.20508178e-03
 -4.22325581e-02  3.24048698e-02  5.63262701e-02 -2.62091570e-02
  9.35112387e-02  4.92073484e-02  1.29500084e-04  6.37270184e-03
 -2.46682088e-03  2.58475970e-02  1.43157952e-02  1.51038552e-02
  7.30344504e-02  1.18063902e-02 -2.91067921e-02  2.15635095e-02
 -4.13399078e-02  1.82212349e-02  1.40212864e-01  1.73784909e-03
 -1.00673269e-02 -1.04951365e-02 -1.70864817e-02 -2.52880529e-02
 -9.47518460e-03 -2.87240483e-02 -5.38712479e-02 -2.01810170e-02
 -5.34789599e-02  4.20204997e-02  1.13133796e-01  6.60345703e-02
  2.10090596e-02  4.54813726e-02  2.88471077e-02 -3.35986651e-02
  6.73587248e-02  6.25017732e-02 -5.35668805e-02 -4.54499982e-02
 -5.62003031e-02 -5.32903820e-02  3.35678235e-02  1.55914472e-02
 -8.00528303e-02  4.47106995e-02  2.28590705e-02 -4.60593775e-02
 -3.38880607e-04 -2.26884964e-03 -5.05665466e-02 -2.75374334e-02
 -3.25586237e-02 -5.13853058e-02 -1.48057062e-02 -1.15286568e-02
  1.16255060e-01  3.14753242e-02 -8.49949792e-02 -8.32714234e-03
  4.16890997e-03  2.45425701e-02 -4.23469692e-02  1.91548746e-02
  6.15445198e-03  7.72804245e-02 -1.78033393e-02  1.93548501e-02
 -3.97953056e-02 -3.14152241e-02 -1.36077441e-02 -2.97048260e-02
  1.06148273e-01  5.25633059e-02  3.42045985e-02  3.19860876e-02
  3.60674527e-03  1.39763162e-01 -4.11200933e-02  6.01748787e-02
  1.88232295e-03  1.77737270e-02  7.64133260e-02  8.77011356e-33
  2.73950957e-02  2.04207897e-02 -4.83997762e-02 -4.26486880e-02
 -2.15505883e-02  1.85792241e-02 -4.35082726e-02  1.88330864e-03
  1.25344051e-02 -2.74859723e-02 -1.93790421e-02 -4.38053869e-02
  5.85246496e-02 -4.73492183e-02 -6.30739331e-02  2.84730103e-02
  3.69241741e-03 -3.34859379e-02 -6.81560934e-02 -3.54776308e-02
 -7.72685334e-02  1.15463883e-01  2.34742891e-02  3.60730290e-02
 -5.86763909e-03 -6.00466840e-02 -1.36661381e-02  8.08140356e-03
 -8.14534277e-02  2.57646646e-02 -3.03487550e-03 -1.66325876e-03
 -7.88800940e-02  1.25000998e-01 -9.30233449e-02 -7.08376169e-02
  3.15592885e-02 -7.71606108e-03  1.08219553e-02  3.15457582e-02
  6.00297265e-02  7.12188557e-02  4.88803945e-02 -4.49721608e-03
 -5.21361157e-02 -8.75096694e-02  4.33958555e-03 -5.74233979e-02
 -2.20847297e-02 -1.35793360e-02  1.08170383e-01 -2.98422109e-02
 -4.09467183e-02 -7.04459399e-02  5.56934252e-02 -3.40465270e-02
 -1.22157950e-02 -2.78010592e-02 -7.59377927e-02 -3.30663510e-02
  9.73404199e-02  5.22339307e-02 -4.25109006e-02  1.13330474e-02
  4.16909978e-02  1.22467829e-02 -4.39414047e-02  6.43453896e-02
  4.60274927e-02 -7.19872629e-03  8.91695321e-02 -9.32540372e-02
 -2.32726019e-02  3.71211916e-02 -2.76294574e-02 -5.62321618e-02
 -1.09491907e-01  4.74694185e-03  2.02611852e-02  5.52910678e-02
 -8.77320915e-02 -6.25336617e-02  1.60886673e-03 -6.18776307e-02
 -1.42618529e-02 -6.22949470e-03 -1.94625501e-02 -3.90917733e-02
  1.93748772e-02  8.32495838e-02 -2.54348516e-02 -6.50898510e-05
  4.89390343e-02  1.65633466e-02  3.73224802e-02 -6.02956831e-08
 -3.95004281e-05 -5.67133129e-02  7.52765760e-02  4.38632295e-02
  3.74082960e-02 -1.39691144e-01  3.49586196e-02 -1.91009380e-02
 -3.15643661e-02  5.49984835e-02  2.13623680e-02 -7.23126484e-03
 -5.24203181e-02  7.49258772e-02 -3.41335381e-03 -2.17981357e-02
  6.62822425e-02  6.68720305e-02 -5.70675246e-02 -6.40022084e-02
  9.18700267e-03  1.28721381e-02 -7.73903355e-02  3.30104567e-02
  7.78959394e-02 -2.49992535e-02 -3.90866026e-03 -4.45528254e-02
  4.07248624e-02  9.60117579e-02  1.71039514e-02 -2.58327182e-02
  3.34014036e-02 -1.05355121e-01 -3.01671196e-02  1.53395515e-02
  2.56775189e-02 -1.26356827e-02 -6.66447058e-02  1.28813982e-02
  9.90069509e-02 -7.02967448e-03  2.31903791e-02  9.31803416e-03
  5.17882332e-02 -3.13447230e-02 -2.76025608e-02  4.47931401e-02
  1.34702241e-02 -3.98149006e-02 -3.20094675e-02 -4.41433974e-02
  4.45944630e-02  3.66955213e-02 -5.69912186e-03 -7.80833960e-02
 -2.26987451e-02  3.73684205e-02 -4.25474811e-03 -1.63965335e-03
  9.43833124e-03  6.98050410e-02  4.82838526e-02  2.38214787e-02]