[-1.86527595e-02  2.69015152e-02 -4.93059643e-02 -6.20366521e-02
 -2.56353840e-02 -5.15025668e-03  4.51113656e-03  1.04370102e-01
  1.99526250e-02  2.86381450e-02  2.78203320e-02 -2.85539199e-02
 -3.68610620e-02  1.00053695e-03 -3.15658450e-02 -5.57178929e-02
 -4.61155875e-03 -1.77402645e-02 -2.48924363e-02  7.32279271e-02
  6.29752949e-02 -7.84211382e-02 -6.23000078e-02  8.13548118e-02
 -7.09283501e-02  6.00641593e-02  1.01054963e-02  3.92406806e-02
 -7.42959753e-02 -4.84985672e-02 -1.36345904e-03  1.11144677e-01
  1.22238278e-01 -4.96969931e-02 -1.31552182e-02 -3.73094305e-02
 -8.01605266e-03 -3.36461365e-02 -4.50889505e-02  3.03657781e-02
 -6.17791303e-02 -4.63717021e-02 -6.20591864e-02  4.43614461e-03
  3.10209533e-03 -6.19605742e-02  1.13843583e-01  2.11626254e-02
  1.72246266e-02 -7.64525756e-02 -3.95637155e-02  2.35714987e-02
 -2.33175755e-02 -6.19631354e-03 -6.01351596e-02 -2.93880403e-02
  2.45478582e-02  6.71785278e-03  4.32964303e-02  1.35054498e-03
  1.78791340e-02 -2.65872143e-02 -6.07849807e-02 -2.85274349e-04
  4.24337126e-02 -6.56754076e-02  9.09512490e-03 -7.94540718e-02
 -4.08798344e-02  4.28711064e-02  8.12392160e-02 -5.72625585e-02
  8.09393376e-02 -4.68127280e-02 -5.09543568e-02  1.35784388e-01
  9.52249020e-03  3.53550948e-02 -3.10140271e-02 -8.69885087e-02
  5.58093097e-03 -1.00651763e-01  2.39238814e-02 -9.85040516e-02
  4.13342416e-02  3.85078532e-03  5.41619621e-02  2.93352478e-03
 -1.08648492e-02  1.75013747e-02 -7.64692500e-02  1.11954339e-01
 -4.40758616e-02 -2.61771735e-02  3.43180262e-02  4.40690406e-02
  8.74886662e-02 -5.82967736e-02  9.32366699e-02 -1.30454749e-02
  7.48076439e-02 -2.97026616e-02 -5.91308847e-02  2.33855061e-02
 -3.87251526e-02  2.30181869e-03  1.14644216e-02 -1.25512446e-03
  1.68563016e-02  7.78086334e-02 -1.06866933e-01 -2.44404245e-02
 -6.17761761e-02 -2.80492846e-03 -7.08473846e-02 -1.32003343e-02
 -2.55881604e-02  2.71906797e-02 -4.29395251e-02  4.29476611e-02
  1.30884787e-02 -1.26498640e-01 -1.65963545e-02  3.20784673e-02
  1.01391710e-01 -9.75798219e-02  4.63459678e-02  1.30045939e-32
 -2.20695622e-02 -3.65973599e-02 -7.48893023e-02 -4.70997812e-03
  2.04535238e-02  5.29631935e-02 -6.55239969e-02 -5.27424412e-03
  2.43250821e-02  4.50548492e-02 -4.98977154e-02  8.51069018e-02
 -7.21394867e-02 -3.16136181e-02  5.13017811e-02  2.73561478e-02
 -2.29781810e-02 -6.80382997e-02 -8.43113139e-02 -7.78670162e-02
 -4.30689054e-03  3.36601995e-02  2.75026765e-02  3.62691954e-02
  4.67596315e-02  1.53669283e-01 -1.80637818e-02 -9.26523060e-02
 -8.41611028e-02  2.84178630e-02  4.15562605e-03 -4.09105569e-02
 -6.94409683e-02  4.54715686e-04 -6.76393062e-02 -5.74295782e-02
 -4.96397610e-04  1.28145115e-02 -3.67900357e-02  5.80262206e-02
  1.18875895e-02 -2.76528336e-02  1.68165844e-02 -2.13338621e-02
 -2.27641724e-02 -9.61837173e-03  2.13539507e-02  9.18697473e-03
  1.13159940e-01  6.25527799e-02 -9.36440006e-03 -1.30891621e-01
 -3.70206423e-02 -8.82700086e-03  1.48158232e-02  3.35330777e-02
 -8.37842748e-02  2.32179165e-02 -2.97016259e-02 -2.33162474e-02
  3.07082143e-02 -6.88187080e-03  4.10114601e-02 -1.17438706e-03
 -5.91077171e-02 -8.52163229e-03  5.33717647e-02  8.31596851e-02
  9.10704136e-02  4.43673022e-02 -5.45968749e-02 -3.92640531e-02
  3.72127704e-02 -1.19866002e-02 -6.50916342e-03 -3.45776905e-03
  5.12506217e-02  3.05660740e-02 -9.86631662e-02  5.62532097e-02
  3.14400941e-02  1.19663104e-02 -2.52716914e-02 -3.51481028e-02
  5.66236414e-02  7.79253095e-02 -8.19114130e-03  3.14595774e-02
 -2.75861789e-02  5.32090627e-02 -1.46307116e-02  4.87971194e-02
  7.19395885e-03 -2.52993684e-02  1.47037413e-02 -1.38838637e-32
  1.14190783e-02  1.84193924e-02  4.78917733e-02  1.99464671e-02
 -1.53570389e-02 -1.24976821e-02 -3.18608806e-02 -1.14647020e-03
 -5.85788069e-03 -6.17880039e-02 -4.13922369e-02 -1.01694912e-01
  5.63821197e-02 -2.76564825e-02 -1.21096328e-01 -1.56227853e-02
 -6.26556436e-03 -6.80454969e-02 -4.26127128e-02 -3.18691358e-02
 -5.24551375e-03 -3.21172215e-02  4.14224761e-03 -4.82678637e-02
 -2.70916019e-02 -5.27158901e-02 -1.76390354e-03  2.31909249e-02
 -3.53032984e-02  1.66516216e-03  1.21898782e-02  4.21970822e-02
  1.96111612e-02  5.49864508e-02  1.30761256e-02  3.34317610e-02
  7.40683377e-02  5.19305319e-02 -3.02324723e-02  9.59270969e-02
 -8.09563615e-04  6.22051507e-02  3.81673016e-02 -6.56628162e-02
 -5.77047691e-02 -5.93767837e-02  1.33332517e-02 -6.14208430e-02
  5.65114692e-02 -4.83753793e-02  1.40461579e-01 -4.46175002e-02
 -3.95825952e-02  3.61061213e-03  5.00875665e-03 -7.25697540e-03
  4.20091785e-02 -3.45850289e-02 -3.10928486e-02  1.13711562e-02
  1.32114083e-01  2.52952557e-02 -5.18456474e-02 -1.00347377e-01
  8.88932589e-03  2.69862004e-02 -2.90234983e-02 -2.46077608e-02
  2.71768160e-02  1.26052633e-01  5.13525568e-02 -6.30872324e-02
 -4.56729271e-02  1.01628356e-01  8.24662205e-03  2.72498280e-02
 -7.57231042e-02  1.76252648e-02  1.31058479e-02  2.62625962e-02
 -4.58292216e-02 -9.47805401e-03 -2.26240773e-02  3.61477882e-02
  6.61506783e-03  1.08945727e-01 -1.09375045e-02 -3.73312235e-02
  5.67947980e-03 -2.48126267e-03  1.12321995e-01  9.23226997e-02
  7.80631006e-02  1.87903922e-02 -7.23082423e-02 -6.23874783e-08
  3.60402763e-02 -7.68487155e-02  5.90467267e-02  1.49776563e-02
  5.51658496e-02 -3.99234332e-02  5.52857257e-02 -5.44463247e-02
  3.84193449e-03 -5.57479402e-03  4.85945120e-02 -4.27506827e-02
 -4.23300685e-03  2.44844053e-03 -3.95166641e-03  4.63953009e-03
 -8.56579281e-03  1.43016083e-02 -1.76655292e-03 -4.82895151e-02
  8.46306048e-03 -2.39398666e-02 -6.87061101e-02 -1.92228276e-02
  5.26702479e-02 -1.04318885e-02 -3.31970192e-02 -5.91710350e-03
  1.48868142e-02  2.17320640e-02 -1.75987873e-02 -7.43041709e-02
  5.17239347e-02 -8.50916579e-02 -4.41696644e-02 -4.62439097e-02
  8.51491317e-02 -6.79277175e-04 -6.84003979e-02 -1.41167762e-02
  1.30649045e-01 -2.19246466e-02 -7.73491920e-04 -3.30198966e-02
 -2.76326179e-03 -4.91638063e-03 -5.99945523e-03 -7.19486997e-02
  1.19458120e-02  1.21710859e-02 -3.98168759e-03  2.41986588e-02
 -3.44651863e-02  5.21563813e-02 -2.98030861e-02  3.80010530e-03
  3.42205502e-02  4.15677279e-02 -1.61331426e-02 -5.07239960e-02
 -3.80431069e-03  8.25311914e-02 -9.25825983e-02 -7.05952570e-02]