[-1.19172065e-02  2.94315480e-02 -7.35064745e-02 -7.52865002e-02
 -3.54782082e-02  3.07102408e-02 -6.95031658e-02  4.91258241e-02
  2.99898051e-02  1.21594273e-01  1.06051102e-01 -2.47674230e-02
 -5.54597266e-02 -2.28728354e-02 -7.65346037e-03 -2.33471449e-02
  5.17059900e-02 -2.96205375e-02  1.02621587e-02  5.59336916e-02
  9.86004621e-02 -3.43880281e-02 -4.28081825e-02  3.87688167e-02
 -1.18151985e-01  1.59863441e-03 -4.72888798e-02 -1.09156668e-02
 -3.07419766e-02 -4.06989269e-02 -4.65761721e-02  2.44398732e-02
 -1.76911857e-02 -4.34595207e-03  5.86975226e-03 -3.07603274e-02
  5.78593798e-02 -5.85796349e-02  8.23620334e-03  8.06300715e-02
  3.96460202e-03 -1.83158647e-02 -5.15253656e-02 -5.12850024e-02
  7.59966299e-03 -1.00580771e-02  3.21637541e-02  1.43006388e-02
 -1.53032109e-01 -2.05575265e-02 -2.44100150e-02 -3.02556567e-02
  1.49091538e-02  3.31677347e-02 -4.81687374e-02 -9.85318571e-02
 -1.17907766e-02 -1.74140949e-02  1.49045307e-02 -3.54457251e-03
 -5.99094965e-02  8.35940018e-02 -8.60380679e-02  1.36725446e-02
  4.84490767e-02 -3.09925880e-02  7.55548477e-02  1.46546401e-02
  1.79110691e-02  2.61734035e-02  2.31852643e-02 -1.09882364e-02
  4.58451100e-02 -1.06310928e-02 -3.69351804e-02  5.41476533e-02
 -2.28161477e-02  8.36557075e-02  4.15088497e-02 -2.06995845e-01
  2.07261797e-02  2.23499676e-03  1.35273924e-02 -4.45662588e-02
  2.06284560e-02 -5.51549159e-02  3.22370348e-03  8.67317170e-02
  7.52101243e-02  3.22128162e-02  7.41324648e-02  5.99205084e-02
 -7.03427987e-03  1.04426946e-02 -3.73173989e-02  1.07259620e-02
  1.82445832e-02  4.08563502e-02  1.05402410e-01 -1.24637708e-02
  9.58148912e-02  6.73410296e-02 -9.69724730e-02  2.54572053e-02
 -3.11087035e-02  3.72537272e-03 -1.92988366e-02 -3.74005325e-02
  3.45903710e-02  7.69291967e-02 -1.06165402e-01 -9.12093278e-03
 -1.29308300e-02 -7.69881532e-02  6.78170938e-03 -1.60067379e-02
 -7.79649615e-02 -1.44651439e-02  1.11665111e-02 -2.15428025e-02
  4.28317226e-02 -2.08510514e-02 -5.56788454e-03 -2.23637074e-02
  4.60167117e-02 -2.65828427e-02 -1.68468468e-02  8.93852370e-33
  4.00959253e-02 -6.24877475e-02 -2.99916472e-02 -3.78711410e-02
 -2.77034901e-02  3.21234837e-02 -9.06184986e-02  3.70875262e-02
  4.56230640e-02  3.70385982e-02 -5.67760505e-02  9.27042030e-03
 -2.30460297e-02  3.21440538e-03  4.49691340e-02  3.63632254e-02
 -8.54992773e-03  4.85948361e-02 -5.90254553e-02 -1.56284869e-02
  1.80886220e-02 -5.47587266e-03 -2.10917648e-02  1.87927689e-02
 -2.73436643e-02  8.33020881e-02 -4.39169705e-02 -1.98751912e-02
 -8.08631331e-02  3.90363820e-02  6.30438104e-02 -2.32250933e-02
  3.65626626e-02 -6.41315384e-03 -3.88843566e-02 -2.16615908e-02
  1.76440012e-02  4.15967405e-03 -5.57128293e-03 -2.88751088e-02
  7.66050583e-03  2.93224654e-03  1.57707592e-03  1.84487775e-02
  2.41204929e-02 -6.46151155e-02 -4.97424277e-03 -3.46815921e-02
  6.99422956e-02  3.26059274e-02  1.02823945e-02 -1.70055113e-03
 -3.63038331e-02 -4.76757400e-02 -4.29649465e-02  6.57778606e-02
 -8.55702385e-02  1.88690163e-02  1.27629032e-02 -4.25213873e-02
 -4.43623262e-03  6.72081560e-02 -2.87634227e-02  3.48209776e-02
 -7.34334067e-02 -7.21593052e-02 -2.23258487e-03 -1.79419201e-02
  1.30323082e-01 -5.64297773e-02 -8.65352377e-02 -1.55301113e-02
 -4.33776230e-02  3.49734463e-02  1.72265172e-02 -6.82215318e-02
  5.58276847e-02  5.84559375e-03 -3.67553048e-02  2.13461518e-02
 -4.40710299e-02  1.06750373e-02 -1.65500518e-04 -3.63261774e-02
  3.45044434e-02  3.55359074e-03  2.84756944e-02  4.35985625e-02
 -2.86193695e-02  3.42693180e-02  2.98889149e-02  3.14545333e-02
  1.18090231e-02 -4.93385736e-03  9.64642093e-02 -1.27640290e-32
 -2.72341222e-02 -1.98669061e-02 -7.90788680e-02 -3.90003063e-02
 -6.53330190e-03  4.29079942e-02 -3.30338031e-02 -5.59241138e-02
 -1.37772402e-02 -1.05971768e-01 -3.53889242e-02 -7.42145404e-02
  9.65896249e-02  1.54211768e-03 -1.76262413e-03 -1.29759954e-02
 -8.47251564e-02 -3.97358611e-02 -7.12340251e-02 -1.05808135e-02
  7.22285658e-02  5.87503053e-03  1.66440271e-02  1.87985078e-02
  4.67066001e-03 -8.45146328e-02  4.90377704e-03 -7.49705685e-03
  6.87228516e-03 -8.57606623e-03  9.21779312e-03  2.21067271e-03
 -3.08941342e-02  1.36731833e-01 -9.69686266e-03 -7.27198571e-02
  8.96225572e-02 -5.11241145e-02 -4.71898243e-02  6.29683286e-02
  3.26455757e-02  1.23770311e-01 -2.50165742e-02 -4.80607562e-02
 -5.70166409e-02  7.20588192e-02 -2.52568610e-02 -1.30297989e-01
  4.97759096e-02 -7.71204755e-02  8.00157487e-02  3.63006666e-02
 -2.66001150e-02 -3.84170748e-02  1.03613324e-01 -2.07210667e-02
 -6.23150729e-02 -1.28061116e-01 -9.60795581e-02  5.27073722e-03
  4.11003083e-02  9.50412974e-02 -6.41498193e-02  2.73314561e-03
  1.26707345e-01 -2.39809342e-02 -2.23706700e-02 -5.45526948e-03
  6.28731325e-02 -1.24948807e-02  2.69648936e-02 -6.34635985e-02
 -7.85094127e-02 -6.68694973e-02  7.53750876e-02 -4.90222238e-02
 -4.99136262e-02 -3.63828726e-02 -6.83134794e-02  2.30692476e-02
 -4.83636484e-02 -1.65226981e-02  3.26942354e-02 -1.68427024e-02
 -2.32688971e-02  7.27705332e-03 -1.17805414e-02  2.05692817e-02
 -1.62657853e-02  1.21592209e-01 -1.73175000e-02 -7.47447461e-03
  5.84059246e-02  4.13024612e-02 -2.69085052e-03 -6.97048463e-08
  2.45092493e-02 -3.96787971e-02  8.28314051e-02  5.38026765e-02
 -1.24986935e-03 -8.30672868e-03 -3.77249531e-02 -5.49118035e-03
 -4.28962372e-02  4.28678691e-02  9.79219005e-02 -5.52560436e-03
 -6.65758401e-02  2.86343750e-02 -3.12384907e-02 -7.36015141e-02
  2.47984733e-02  2.97589488e-02 -4.56939451e-02 -4.44226153e-02
  1.33298710e-03  4.25132690e-03 -7.09387586e-02 -4.92385440e-02
  9.31701660e-02  1.49572287e-02 -6.28461018e-02  3.08320462e-03
 -5.75179234e-02  5.18386662e-02 -1.75438765e-02 -1.87538583e-02
  3.40488739e-02 -7.43627027e-02 -4.59154509e-02 -6.91115018e-03
  6.29829913e-02  6.82079792e-02 -1.89666077e-02  4.22302168e-03
  1.21254422e-01 -3.81852575e-02 -1.18572740e-02 -6.84989057e-03
  6.19153082e-02 -2.01397818e-02 -4.52013388e-02  1.56762097e-02
  5.72984619e-03 -4.69119027e-02 -6.41275495e-02 -4.28958423e-03
  5.09903580e-02  1.34722730e-02  1.63301658e-02  1.23343458e-02
  3.61884721e-02 -8.87610298e-03 -4.41525951e-02 -9.04990435e-02
  1.54622376e-01  4.61624973e-02  3.56644392e-02 -3.06332093e-02]