[ 2.05744971e-02 -3.53019871e-02 -1.20900907e-01 -1.30349547e-02
 -8.30302909e-02 -8.30403864e-02  4.52184565e-02  8.90330449e-02
 -9.42615047e-03  5.68117797e-02  3.88852763e-03 -7.27262795e-02
  5.69689870e-02  7.94720836e-03 -7.01572523e-02 -1.49287386e-02
 -3.71613726e-02 -6.87966170e-03 -1.88893732e-02 -8.00386164e-03
 -2.61741821e-02 -1.10030919e-02 -3.43033411e-02 -1.16870016e-01
  1.15730941e-01 -5.13194175e-03  3.09190694e-02  4.39249538e-02
 -3.34633514e-02 -1.16224691e-01 -3.96564491e-02  2.39247065e-02
  1.18442722e-01  2.35872623e-02 -2.19476782e-02 -5.77964857e-02
 -7.61976140e-03  1.52415568e-02  1.85803219e-03  7.54414201e-02
 -1.77249941e-03  4.20789281e-03  7.85658136e-02  1.79174375e-02
 -6.27370598e-03 -8.44997168e-03 -8.00718665e-02  8.42278972e-02
  1.69962663e-02 -8.04062840e-03 -4.89591174e-02  7.41311237e-02
  8.94896220e-03  1.05760410e-01 -1.19093871e-02 -5.99679910e-02
  4.94685303e-03 -8.50161165e-02 -1.86356809e-03  4.93561290e-02
 -7.40574207e-03  5.01507893e-02 -2.95228809e-02  1.66777503e-02
  7.38685727e-02  1.67001523e-02 -8.71123970e-02  2.57598725e-03
 -1.60176754e-02  5.01137599e-02 -4.29749452e-02 -3.90332267e-02
 -1.00666858e-01  1.28675264e-03 -9.31473076e-03  2.87117045e-02
  1.28764901e-02 -5.26455902e-02 -7.92942476e-04 -6.75856322e-02
 -6.27001897e-02 -9.60000674e-04  7.09191570e-03 -6.34839535e-02
 -1.79564152e-02 -2.25489382e-02  3.19133885e-02  8.65740925e-02
  7.04662278e-02 -2.51716506e-02 -2.32190918e-02  7.76637048e-02
 -1.05598815e-01 -2.91069858e-02 -5.69248348e-02  9.53439698e-02
  3.08485962e-02 -5.66570554e-03  2.45236680e-02  4.34030145e-02
  1.78063270e-02 -2.46833730e-02 -3.59639451e-02 -4.59363833e-02
 -5.62660843e-02 -3.64631824e-02  6.87289611e-02  1.06995590e-01
  2.18595676e-02 -1.78891793e-02 -6.27624318e-02  1.83021296e-02
 -4.22647409e-03 -4.53985035e-02  3.89239900e-02 -3.10441535e-02
 -6.96516177e-03  8.56383592e-02  8.02226067e-02  5.74682318e-02
  9.67847556e-02  5.90269007e-02 -6.74623400e-02  5.86580224e-02
 -5.67713827e-02  1.00939646e-02 -9.13939700e-02  2.57672825e-33
 -3.94705608e-02  2.07303334e-02  2.65360642e-02 -4.36010584e-02
 -2.08212659e-02  3.15305442e-02 -6.88465312e-02 -5.41373044e-02
 -4.57618088e-02  1.59314405e-02 -4.82616834e-02  4.60457876e-02
  2.28859317e-02  1.42882317e-02 -9.04752873e-03 -5.33951558e-02
  2.76623201e-02  3.91252302e-02 -2.71820780e-02 -3.54084298e-02
 -3.07587516e-02  3.40679027e-02  5.18961027e-02 -3.39066680e-03
  2.51520276e-02  4.60366979e-02 -1.77220516e-02 -6.42688274e-02
  1.16487611e-02  7.34617421e-03  6.62825257e-02  8.43374059e-02
 -7.53410310e-02 -8.92085657e-02  8.85390770e-03  4.11949605e-02
  5.54599008e-03  4.83304523e-02  6.02090769e-02  2.66375090e-03
 -8.94515291e-02  2.32928209e-02  4.94299531e-02  9.33453534e-03
 -2.04681810e-02 -8.45059194e-03  7.70108998e-02  2.18272023e-03
 -9.48162843e-03 -1.66584924e-02 -4.29650843e-02 -3.74537446e-02
 -1.76067147e-02  2.09068377e-02  2.48071011e-02 -5.27583109e-03
  2.20656339e-02 -6.65215170e-03  1.95220038e-02  9.49595124e-02
 -4.59815674e-02  5.17360754e-02 -5.93945943e-03 -4.52284552e-02
 -2.68019829e-02  3.10815945e-02 -9.53889079e-03  2.29669902e-02
  6.00701571e-02  1.01122007e-01 -1.31214410e-02  1.14048030e-02
  1.00280210e-01 -3.70894521e-02 -2.29230300e-02  6.37615025e-02
  7.59983435e-02  7.03150174e-03 -3.06060780e-02 -4.17139232e-02
 -6.65516555e-02 -8.52517039e-03 -3.66650000e-02 -1.14188939e-01
  3.14235911e-02  1.14103947e-02  3.08427983e-03 -1.81883257e-02
 -3.60536575e-02 -4.73534204e-02 -8.87125582e-02 -6.86571896e-02
  6.37724027e-02 -3.06332819e-02 -1.35006875e-01 -2.09497705e-33
 -1.04343504e-01  1.33402482e-01  1.35987084e-02  5.19925989e-02
  3.97168845e-02  1.49599202e-02  9.77813527e-02  6.62094951e-02
  5.22724725e-02  6.44104630e-02  4.98601533e-02 -6.89324737e-03
  5.48052974e-03 -6.11106269e-02  1.79261342e-03 -8.91900156e-03
  1.51304416e-02  7.75833055e-02 -4.81244586e-02 -7.69672841e-02
 -4.26270738e-02  1.07674234e-01 -5.35021909e-02  1.45085603e-01
 -2.34165136e-03  5.29373772e-02 -5.48112914e-02 -6.98400214e-02
 -2.06304993e-02  1.52575586e-03 -6.10207533e-03 -9.13222134e-02
 -2.59530470e-02  1.12537742e-02  2.00406369e-02 -4.80945446e-02
  2.15850454e-02  1.52809080e-02 -1.13743208e-02  9.09311883e-03
  8.15989971e-02 -1.94899011e-02 -2.79092975e-02  4.35376763e-02
  8.48402549e-03  2.81732529e-02  8.35660025e-02  2.34269686e-02
 -3.93283218e-02  1.47210453e-02 -1.76790508e-03  5.22960089e-02
 -4.21342067e-02  1.03791364e-01  1.94899272e-02  2.64306348e-02
 -6.18010410e-04  4.42781998e-03 -2.67558303e-02 -4.50225808e-02
 -2.16737650e-02  2.72948276e-02  9.48555395e-02 -2.19480810e-03
  8.76068398e-02 -2.06492320e-02 -3.16983797e-02 -6.86801001e-02
 -7.54045136e-03  4.46499176e-02  6.31855130e-02  1.00651151e-02
  1.07913809e-02 -7.85651952e-02  2.67916434e-02 -7.91332312e-03
  7.93895568e-04 -1.64436996e-02 -4.24463265e-02  4.21423651e-02
 -7.45374933e-02  3.52248698e-02  4.91186716e-02  4.02163938e-02
 -3.98258865e-02 -2.78798807e-02  4.70034257e-02  4.25799191e-03
  3.40873189e-02  7.88859557e-03 -5.12198098e-02  7.33302087e-02
  7.29237869e-02 -3.55472714e-02  5.19870147e-02 -4.87085714e-08
  3.16995801e-03 -6.96336776e-02  1.63556077e-02  3.84115316e-02
  7.91442543e-02  1.57035924e-02 -2.47469693e-02  4.40152958e-02
 -6.03036731e-02  1.22226309e-02  1.04958028e-01 -4.88034561e-02
 -7.32618496e-02 -7.34033138e-02 -8.29973910e-03 -1.13219116e-02
  6.62943944e-02  6.63098544e-02 -3.58180664e-02 -3.66024673e-02
  9.78569966e-03  1.11200005e-01 -2.63809189e-02  6.52649812e-03
 -4.80891094e-02  1.82008464e-02 -3.94574963e-02  2.90537216e-02
 -2.22211089e-02  1.99353565e-02 -4.42526713e-02 -6.98495209e-02
  4.04684842e-02 -6.98769167e-02 -3.16615552e-02  2.69470476e-02
 -9.17395875e-02  9.59253963e-03 -1.25506809e-02  2.91285925e-02
 -6.08507879e-02 -5.90760559e-02  2.97455676e-02  5.41369654e-02
  3.69544961e-02 -5.87620363e-02 -8.23737159e-02  2.12021433e-02
  9.77553204e-02 -1.11202478e-01 -4.83867675e-02 -1.50682908e-02
  8.20656493e-03 -6.07021376e-02 -2.10112263e-03 -6.76006253e-04
 -5.23356013e-02 -1.96768045e-02 -6.81127682e-02 -3.62538658e-02
  5.98039627e-02 -4.75579463e-02 -4.73477207e-02 -7.37125333e-03]