[-3.15462537e-02 -6.59840032e-02 -1.14031300e-01 -8.17096904e-02
 -5.39664552e-02  4.83647771e-02 -1.57221463e-02  9.76862162e-02
  4.21178713e-02  4.50486988e-02  9.30988640e-02 -6.69604093e-02
  5.88159496e-03 -7.64573459e-03 -8.08884762e-03 -1.13267124e-01
  3.79941948e-02 -6.44539446e-02  5.07820360e-02  8.81817006e-03
  1.45289645e-01 -4.06900384e-02 -3.69792953e-02  1.08009065e-03
 -1.25747845e-01  2.51533221e-02 -6.92333933e-03 -6.37191162e-02
 -2.12492719e-02 -5.01090400e-02  3.23754847e-02  9.40125436e-02
  4.60410751e-02 -5.17899804e-02  3.35371122e-02 -2.95067728e-02
  2.75821667e-02 -6.48134500e-02 -4.57745679e-02  1.40303135e-01
 -2.93610655e-02  4.39068936e-02 -5.15084602e-02 -5.70514128e-02
 -4.80379816e-03 -2.47886926e-02  5.07959537e-03  4.87649851e-02
 -4.44918238e-02 -1.80400703e-02 -3.87827531e-02  6.25906372e-03
  8.21504183e-03  3.68740968e-02  4.52868491e-02 -2.95442995e-02
 -2.13686153e-02 -2.33933460e-02 -3.57206240e-02  2.35640351e-02
 -1.52920745e-02  2.85997540e-02  3.11110597e-02  6.26789173e-03
  3.67655270e-02  8.92922953e-02 -2.90443096e-02 -3.57212201e-02
 -1.50274602e-03  6.08902657e-03  3.26392315e-02 -9.59752128e-02
 -9.43560898e-02 -1.77856442e-02 -5.12790456e-02  7.93800503e-02
  6.11482712e-04  3.78835350e-02 -9.69918445e-03 -1.45371318e-01
  5.95812919e-03  2.35933419e-02  9.86666884e-03 -1.03897806e-02
  1.49679529e-02 -2.25275047e-02 -2.17918549e-02  2.56284084e-02
 -1.51058799e-03 -2.37803790e-03  1.05265960e-01  6.25243559e-02
  3.12519372e-02 -5.08886278e-02  2.69791670e-02 -2.24524154e-03
 -2.27891766e-02 -5.26615605e-02  4.93949838e-02 -1.19292296e-01
  6.59292713e-02 -1.97111126e-02 -4.42454629e-02 -4.89106774e-02
 -9.56985280e-02 -4.44623344e-02  3.12794000e-02  2.31149998e-02
  1.05712049e-01  1.39293835e-01 -8.69475007e-02 -1.39040723e-02
 -3.48848887e-02 -5.19889966e-02 -3.05118524e-02  4.83710505e-02
 -1.96190551e-02 -4.51527610e-02  1.07031122e-01  2.93786265e-02
  5.78627139e-02 -5.61995357e-02  4.17615846e-03 -4.76871543e-02
  5.08403182e-02 -2.63580494e-02 -7.04670921e-02  6.93209737e-33
 -3.36965099e-02 -3.62176746e-02 -2.67787874e-02 -5.25797829e-02
 -2.30068080e-02  4.76009324e-02 -2.53586490e-02 -3.43708955e-02
  9.66631249e-02 -2.29938645e-02 -4.85404320e-02  1.27512947e-01
 -2.32637785e-02  3.01194321e-02  2.20672749e-02 -2.97051221e-02
  7.62527362e-02  3.22197266e-02 -4.21403311e-02  5.50504075e-03
 -1.81628801e-02  1.14846583e-02 -5.74275712e-03 -1.44022554e-02
  3.54581624e-02  6.51265010e-02 -9.09019336e-02 -5.38827269e-04
 -5.56071065e-02  1.86623000e-02  5.35338484e-02 -6.34976551e-02
  4.94507812e-02 -2.03875490e-02 -2.13582553e-02 -4.84220833e-02
  1.71661638e-02  2.36516558e-02 -1.32701192e-02  2.94996183e-02
 -2.78882794e-02 -3.98354530e-02  4.14370969e-02  4.27442342e-02
  4.97161895e-02 -8.49622712e-02 -2.40242891e-02 -1.17740398e-02
  2.04487462e-02  1.52018163e-02 -2.21602991e-02 -1.33837406e-02
 -1.74089498e-03 -4.51231115e-02 -5.60620688e-02  4.91759963e-02
 -1.23001501e-01  4.36588749e-03 -1.20493565e-02 -4.62975875e-02
 -2.39372421e-02  3.66178751e-02 -1.41779426e-02 -4.68920060e-02
 -5.83650433e-02  5.52302552e-03 -4.06706929e-02  8.31350801e-04
  1.20679192e-01  1.25297889e-01 -7.74755031e-02  2.03590952e-02
 -5.74735412e-03  3.45580913e-02  8.26582462e-02 -6.15890399e-02
  2.44689230e-02  4.66339290e-02 -5.92810325e-02  6.52218834e-02
  3.08562517e-02 -5.79255596e-02  7.07864910e-02  2.86411699e-02
  4.35190797e-02  2.75133122e-02  7.56977424e-02  8.24458525e-02
 -2.04531308e-02  1.33823918e-03  5.71136847e-02  1.00810165e-02
  5.87971509e-02  2.59456728e-02  2.78362334e-02 -9.38703797e-33
 -5.25136851e-02  6.95551261e-02 -3.64235304e-02 -7.12316781e-02
  4.16968018e-02  3.07036806e-02  1.14879909e-03 -7.42186457e-02
  2.39995383e-02 -1.47855386e-01 -1.33798392e-02 -7.16756806e-02
  4.08209264e-02 -2.97496468e-02 -3.47586237e-02  1.22737400e-01
 -3.40404212e-02 -5.48204370e-02 -7.35648274e-02 -6.92033097e-02
 -1.83032472e-02 -5.14453985e-02  3.04579940e-02 -6.29676692e-03
  2.25601415e-03 -1.04481289e-02 -6.18419908e-02 -3.67436372e-02
 -6.52173476e-04  2.51526292e-02  4.97226883e-03  7.43048219e-03
 -3.47215794e-02  8.16475898e-02 -7.90160373e-02 -4.58322056e-02
  1.93363463e-03 -1.30322417e-02 -3.58913839e-02 -1.54998444e-03
  3.51011120e-02  2.87546273e-02  9.33317468e-02 -9.78228450e-02
 -4.22035232e-02 -5.03634522e-03  2.37426590e-02 -1.14367925e-01
 -6.95427600e-03  2.21474078e-02  6.46204874e-02  1.78740006e-02
 -1.38796028e-02  4.16562408e-02  1.29065998e-02 -1.22896144e-02
  8.46533664e-03 -3.04400735e-02 -9.44400206e-02  2.13549118e-02
  1.46494191e-02  2.75277365e-02 -5.44404164e-02  1.89233627e-02
  5.84519692e-02 -2.14268286e-02  1.66095346e-02 -3.29698399e-02
  5.02678044e-02 -4.89896126e-02  4.31468077e-02  6.10516313e-03
  8.15656676e-05 -9.94310807e-03 -5.62697463e-02  6.31070184e-03
 -8.86942446e-02 -1.61188468e-02 -7.45919794e-02  3.87688689e-02
 -1.03384487e-01  8.77712911e-04 -6.10657595e-02 -2.74194647e-02
 -5.82591109e-02  1.09002199e-02 -4.51095998e-02 -6.70848321e-03
 -6.67752419e-03 -2.81139277e-03 -8.30632374e-02 -4.49708337e-03
 -2.93759014e-02  4.28686664e-02  5.34288213e-02 -5.21407166e-08
  4.83158268e-02 -2.48746946e-02  4.70951684e-02  5.73415197e-02
  9.10983533e-02 -2.77263746e-02 -2.13724691e-02 -2.02102270e-02
  5.62224444e-03 -3.44925933e-02  7.20646530e-02 -2.75324974e-02
 -5.23680262e-02 -2.97885612e-02  2.85176821e-02  3.89865809e-03
  5.06704561e-02  4.58797701e-02  4.83111776e-02 -2.32328493e-02
  2.96743698e-02 -1.67752001e-02 -1.00047857e-01 -1.34770554e-02
 -4.25169840e-02  1.92152616e-02  6.35948405e-02  2.13599633e-02
 -2.01381296e-02  5.08197844e-02 -3.65673639e-02 -1.03199091e-02
  8.04447196e-03 -4.79381233e-02 -5.50623871e-02 -5.02081513e-02
  7.01386556e-02  9.93918404e-02 -5.88907897e-02  7.41827190e-02
  5.35185523e-02  4.22741398e-02 -2.20823642e-02 -3.40229576e-03
  2.80128047e-02 -6.84013665e-02  3.16688195e-02 -1.11154013e-03
  1.21756762e-01 -2.88610123e-02 -2.69185845e-02  1.94169078e-02
  3.19654159e-02  2.53594555e-02 -1.62511095e-02 -8.88071768e-03
  4.95022610e-02 -3.29876207e-02 -8.37616846e-02 -1.94294527e-02
  4.04355377e-02  3.85650247e-02  7.32444227e-02  1.96215454e-02]