[-5.28188944e-02 -3.39737087e-02 -6.44897372e-02 -6.17129691e-02
 -3.95691507e-02 -4.22281064e-02  6.29131794e-02  1.34375557e-01
  2.77902521e-02  2.44364720e-02  8.58150870e-02 -6.35468811e-02
 -5.08615328e-03  2.71808188e-02  9.12828743e-02 -7.36034364e-02
 -8.93848017e-03  1.29620014e-02  1.49172489e-02 -4.97389818e-03
  9.11565125e-02 -4.83600190e-03 -1.11986183e-01  1.57530196e-02
 -2.15236358e-02 -5.17267995e-02 -5.42152338e-02  4.90360856e-02
 -3.78078930e-02 -6.09133095e-02 -1.16922185e-02  9.83348936e-02
  7.85550848e-02 -5.60917184e-02 -1.20719662e-03  1.04547776e-02
 -2.89465394e-02 -6.14303015e-02 -1.33766204e-01  3.41519387e-03
 -5.59294373e-02  5.12968376e-03  6.73513580e-03 -7.41432309e-02
 -2.81612594e-02 -7.65975118e-02 -6.87437458e-03 -7.27080107e-02
 -4.80307899e-02 -5.41049354e-02 -9.84656364e-02  8.56138952e-03
 -4.76598032e-02  8.33254978e-02  1.10720098e-02 -8.98949951e-02
 -4.36873548e-03 -3.47554535e-02  4.66022864e-02  5.94422105e-04
  6.76694675e-04  3.86258475e-02 -4.51374240e-02 -3.13388295e-02
  7.96800014e-03  9.20576416e-03  2.07175948e-02 -6.08229041e-02
  5.34031540e-02 -4.37928699e-02 -7.18485862e-02 -1.07973367e-01
 -5.11014089e-02  3.59315760e-02 -6.50419220e-02  8.19190815e-02
  3.22019905e-02  2.60895584e-02 -4.21029367e-02 -1.10900283e-01
  5.21905022e-03  3.69129367e-02  1.79678481e-02 -5.05077699e-03
  7.23784417e-03  3.78842279e-02  3.99021395e-02  3.48167541e-03
  4.43640724e-02  4.23503034e-02 -4.81020985e-03  7.79052600e-02
 -1.18018232e-01 -1.14102131e-02  3.93654630e-02 -1.80779006e-02
 -1.19252773e-02  8.39454471e-04  6.22201525e-02  1.23991156e-02
  5.75446561e-02 -1.01236301e-02 -1.94848832e-02  1.71818789e-02
 -1.06896646e-01 -5.52960262e-02  6.96462230e-04 -4.90892492e-02
  6.77910522e-02  3.01663578e-02 -9.67416987e-02 -9.07772258e-02
 -9.12667997e-03 -1.08687527e-01 -1.06714174e-01  3.42981741e-02
 -1.06456034e-01 -3.07721402e-02  2.59846617e-02  2.28461763e-03
  2.29814313e-02  1.67764374e-03  3.44452448e-02 -1.52483601e-02
  9.79262814e-02 -2.19402146e-02  7.19657242e-02  1.48259578e-32
 -1.85972508e-02 -6.13754466e-02 -4.59702089e-02  7.36147165e-02
  1.93145536e-02  2.23587696e-02 -8.41648132e-02  1.56517711e-03
  4.48986702e-02 -1.05328903e-01 -9.31945071e-02  5.72097935e-02
 -1.13707393e-01  2.45772060e-02  7.95692280e-02 -3.83979008e-02
  4.47198041e-02 -2.57774666e-02 -2.02839365e-04 -1.89419016e-02
 -6.76358566e-02 -3.78235094e-02 -1.94150172e-02 -4.54892479e-02
  1.65431201e-02  9.84538123e-02  3.20142210e-02  1.18563157e-02
 -2.28607375e-02  5.93815045e-03  7.87321255e-02 -4.26601097e-02
 -6.56585908e-03  4.31824438e-02 -3.89933437e-02 -1.54414559e-02
 -6.04046583e-02 -6.92081032e-03 -3.53333578e-02  3.88113968e-02
  5.48371812e-03  1.01931892e-01  1.74400571e-03  2.37000547e-02
  7.30552226e-02 -5.08670025e-02 -2.45815329e-02  3.89604233e-02
  1.35607362e-01  4.02176827e-02 -4.00309041e-02  2.80027855e-02
  3.89062241e-02 -2.44656075e-02 -2.72087078e-03  8.88754502e-02
 -7.27614947e-03  5.30196913e-03  6.55716844e-03  3.92404897e-03
 -1.14863887e-01  1.00653209e-02  2.36786790e-02 -4.09758762e-02
  5.08558415e-02  1.37247331e-02 -2.25048955e-03  2.55770721e-02
  4.51607816e-02  2.56369263e-02 -5.35036437e-02 -5.52065596e-02
  1.14154577e-01  2.04793829e-02  1.67628862e-02 -6.20836485e-03
 -1.89628452e-02  3.65470536e-02 -9.27104503e-02 -9.71888378e-03
 -1.20763518e-01  1.54326642e-02 -7.64618441e-02  3.49459425e-02
  8.15976039e-03 -1.95591450e-02 -8.32134951e-03  2.49315165e-02
  2.04120297e-02  4.59844694e-02  4.70763631e-02  5.98149747e-02
 -2.14366708e-02  6.30330443e-02 -3.35483514e-02 -1.59389481e-32
 -1.91318449e-02  1.12130977e-02 -7.20674917e-02  4.29152921e-02
  4.24003089e-03  3.16951349e-02  8.81591253e-03 -3.38126086e-02
  5.97945042e-03 -5.40337227e-02  2.73201801e-03  8.61152261e-03
  3.25778127e-02 -5.81734478e-02 -3.57994735e-02  3.34069803e-02
 -5.84286638e-02 -1.55618107e-02 -1.99936852e-02  2.92064119e-02
 -2.75329836e-02  1.02440253e-01  8.72801617e-03 -3.19198519e-02
 -7.97429122e-03 -2.84679346e-02  6.76645758e-03  4.15776856e-02
 -8.39169547e-02 -2.73854174e-02  6.15390837e-02  5.48220687e-02
 -7.51651302e-02  1.18163452e-01  4.86358488e-03 -4.60900180e-02
  1.12306602e-01  2.30957493e-02 -5.35828061e-02  5.44761531e-02
  1.05438247e-01  5.48565276e-02 -2.76720468e-02 -5.49210906e-02
 -5.71767166e-02  3.58556807e-02 -6.95245713e-02 -8.05388987e-02
  3.46233584e-02 -1.49352495e-02  9.19421241e-02 -2.29075439e-02
 -2.32262891e-02 -5.38078398e-02  6.70344289e-03 -3.93043496e-02
  1.14204260e-02 -5.09759737e-03 -1.03698879e-01  2.16852836e-02
  9.70788822e-02  3.09413616e-02  5.39111309e-02 -8.54677036e-02
 -2.13539992e-02  6.91507012e-02  4.64501139e-03  7.88690150e-02
  1.99096594e-02  3.59056192e-03  4.46819067e-02 -4.67183478e-02
  5.98853827e-02 -3.66339236e-02  9.01087653e-03 -4.67216745e-02
 -5.02056479e-02  8.31829943e-03 -2.24680025e-02 -4.73523699e-02
 -6.47763014e-02  2.25454401e-02 -3.56794111e-02  5.48746716e-03
 -5.54836355e-02 -2.09538819e-04 -4.90822420e-02  2.22845431e-02
  7.99325574e-03  1.79395899e-02 -1.75511353e-02  1.16397344e-01
  8.03094134e-02  1.51493832e-01  5.55896945e-03 -8.09927911e-08
  4.95667644e-02 -7.74918646e-02 -8.01706314e-03  4.19546291e-02
 -3.31326537e-02 -4.49146628e-02  4.39999215e-02  6.00863947e-03
  1.06913028e-02  2.96894517e-02 -3.24182981e-03 -5.95661812e-02
 -5.25318868e-02  2.94275787e-02  5.51262796e-02 -4.79072705e-02
  1.71137042e-02  5.50346710e-02 -8.48080292e-02 -8.67278948e-02
  5.41181415e-02 -2.95803398e-02 -4.05148827e-02  3.82329077e-02
  2.92348843e-02 -4.77640480e-02 -1.09831160e-02  2.83650309e-02
 -7.94770382e-03  2.41054203e-02 -4.16827155e-03  3.36029939e-02
  5.00215888e-02 -1.17001012e-02  1.62668806e-02 -2.29989495e-02
 -2.49283556e-02  7.00031891e-02  1.28971552e-02  4.85928319e-02
  2.57906504e-02 -3.82788181e-02 -8.01320970e-02 -6.14188574e-02
 -1.75888445e-02 -5.41508235e-02 -2.15210319e-02  4.14218046e-02
  8.93069431e-03  3.19990329e-02 -5.52767105e-02  1.80862863e-02
  1.67744607e-03  1.28615508e-02  1.55650564e-02  2.05975752e-02
 -1.38194161e-02  9.71310958e-03  3.99283655e-02  1.52939409e-02
  1.75700095e-02 -1.73745193e-02  1.82094425e-02 -1.65469237e-02]