[ 2.39454247e-02  1.26844466e-01 -4.63743098e-02 -8.15587863e-02
 -3.95945162e-02 -2.76697357e-03  3.32545415e-02  3.41712646e-02
 -2.17303932e-02  8.67622122e-02  4.70351242e-02 -5.22755086e-02
  2.26279460e-02  2.15973910e-02  5.74766845e-03 -8.64218324e-02
  6.49252161e-02  2.79312786e-02 -1.38717592e-02  1.02799587e-01
  1.32781133e-01 -8.15866068e-02 -2.77991537e-02  2.54040863e-02
 -1.61892131e-01 -1.01763560e-02 -2.75384262e-02 -6.68922486e-03
 -7.34722763e-02 -3.27824964e-03 -5.52045368e-02  2.41699573e-02
  2.59201098e-02  2.44683027e-02 -4.76693548e-03 -5.21657243e-02
  5.50071634e-02 -2.63588857e-02 -4.04414274e-02  1.05202429e-01
 -7.06638247e-02 -5.79485148e-02 -8.63607600e-02 -5.47880679e-02
  3.97683084e-02  1.46112975e-03  9.76022519e-03  5.35833947e-02
 -7.44237602e-02 -4.48699743e-02 -4.63017896e-02 -5.41340187e-02
  1.54516222e-02  2.79969331e-02 -2.41638646e-02 -1.00318223e-01
  3.84947960e-03 -4.95545343e-02 -1.37026170e-02  9.22894850e-03
  1.35149434e-03  6.80394545e-02 -6.19782396e-02  5.99354431e-02
  6.29041195e-02 -4.92263697e-02  2.30085142e-02 -6.96724700e-03
  3.76146920e-02  2.01027263e-02  4.18734290e-02 -6.31593317e-02
 -1.72807351e-02  3.11537227e-03 -1.92862805e-02  5.49756810e-02
 -3.63786034e-02  3.83381397e-02  4.25706953e-02 -2.70371079e-01
  2.14571040e-02 -1.43176289e-02  1.77774262e-02  2.20812522e-02
  2.14761626e-02 -3.14044170e-02 -1.87218748e-02  5.66021912e-02
  2.33257804e-02  7.42373813e-04  1.40248630e-02  1.07871480e-01
 -3.85796018e-02 -6.47473112e-02  3.60153317e-02  4.52941796e-03
 -3.14680673e-02  3.20910178e-02  4.09356877e-02 -1.19348504e-02
  2.75481045e-02 -8.51385575e-03  8.53156764e-03  6.79190680e-02
 -2.73581650e-02  2.98864804e-02  1.22469664e-02 -6.64308965e-02
 -2.47820560e-02  5.39161004e-02 -2.52942573e-02  3.65181291e-03
 -1.09974958e-01 -3.15011963e-02 -2.82176193e-02 -6.13961415e-03
 -8.92725363e-02  5.90648735e-03  3.06277163e-02  4.53223549e-02
  2.42166854e-02 -2.83993520e-02 -4.39142883e-02 -5.94123751e-02
  6.32723048e-02  2.29410740e-04  4.16481160e-02  8.09282163e-33
 -3.40613201e-02  1.21372584e-02 -1.42748626e-02 -2.60608420e-02
  4.28045690e-02  5.14897518e-02 -1.25470920e-03 -1.74708404e-02
  6.54465258e-02  6.94062561e-02 -1.18109889e-01  5.96591868e-02
 -1.23199448e-02  6.18814267e-02  1.10271059e-01  2.52273194e-02
  3.57260033e-02  2.75175106e-02 -6.55266270e-02  3.48157696e-02
  3.29938754e-02  6.10246323e-02  3.97677580e-03  1.64509155e-02
  7.48791872e-03  9.61628556e-02 -6.06449731e-02 -5.38999401e-03
 -1.04784556e-01  7.04516321e-02  4.46452461e-02 -3.31041813e-02
  3.35304625e-02 -2.70185601e-02 -8.58738497e-02 -1.39451046e-02
  3.04726474e-02 -2.67140232e-02 -3.28353047e-02 -2.31004264e-02
 -7.48311803e-02 -5.60115203e-02  5.85333072e-02  1.53963445e-02
 -1.74650177e-02  2.13870797e-02  4.90688346e-02 -2.31063720e-02
  6.51893690e-02  8.23436007e-02 -2.73368564e-02  1.49085820e-02
 -3.76079232e-02 -4.41124961e-02 -4.01657447e-03  1.34157939e-02
 -5.80118895e-02  2.01800023e-03 -7.17880651e-02 -4.59838659e-02
 -2.12366953e-02  5.82656488e-02 -3.47684622e-02 -6.27595931e-04
 -3.65260653e-02 -7.98052698e-02  1.12156216e-02  1.79208759e-02
  9.90842953e-02 -4.31466773e-02 -9.70314890e-02  4.26152200e-02
  1.13912718e-03  5.82515821e-02 -1.71817914e-02  5.23288809e-02
  7.50123411e-02  6.92559918e-03 -5.38039654e-02  3.73957604e-02
 -5.37481606e-02  5.36505729e-02 -6.56995457e-04 -8.42407644e-02
  6.84853941e-02  2.17224490e-02  8.82533789e-02  1.87365450e-02
  8.71497579e-03  8.08563232e-02  4.03946042e-02  1.01286089e-02
 -8.32230039e-03  4.52847630e-02  4.97282529e-03 -1.17902590e-32
 -1.79969601e-03  4.91437502e-02  1.11717929e-03 -1.27081631e-03
  3.90580408e-02  2.68241521e-02 -6.07877644e-03 -2.50133220e-02
 -1.10331759e-01 -7.80896246e-02 -1.13265691e-02 -1.10769950e-01
  3.62216420e-02  2.61144084e-03 -1.07176909e-02  6.53535733e-03
 -7.66315460e-02 -3.29822749e-02 -8.59996453e-02 -4.58152778e-03
  1.00736462e-01  4.92584147e-02 -1.49881365e-02  1.31122889e-02
  1.24463730e-03 -7.34807625e-02  1.36422487e-02 -6.11639284e-02
 -9.76622757e-03  1.17799575e-02  5.98944444e-03 -1.75440572e-02
 -7.48886354e-03  9.98323187e-02  5.62655330e-02 -4.13086787e-02
  7.79382065e-02 -4.35951762e-02  4.62581590e-03  1.10275835e-01
  2.25709118e-02  2.13907994e-02 -1.55141950e-03 -9.51465219e-04
 -5.78992032e-02 -5.06662168e-02 -3.69231291e-02 -1.18983954e-01
  4.17863904e-03 -7.93703422e-02  8.73944089e-02 -3.06160059e-02
 -3.04408520e-02 -4.61144336e-02  1.29938852e-02 -4.95477952e-02
 -8.67970288e-02 -3.57724316e-02 -7.20182732e-02  9.80570614e-02
  1.01385333e-01  8.87804665e-03 -7.58612081e-02  4.50497195e-02
  5.63503951e-02 -3.28116603e-02 -5.99464923e-02  3.36637795e-02
 -7.37246349e-02  5.35444096e-02  5.17832562e-02 -9.30162817e-02
 -5.17659150e-02 -3.27189341e-02  1.50319459e-02 -5.67883514e-02
  5.71003184e-03 -1.12546291e-02 -4.45815474e-02  4.26760279e-02
  6.38653943e-03 -4.04481255e-02 -8.75760801e-03  4.83554080e-02
 -3.77435819e-03  6.75471872e-02 -1.28002204e-02  2.24811607e-03
 -5.70511408e-02  4.53083217e-02 -3.39032821e-02  1.90736204e-02
  3.25846556e-03  2.82204319e-02 -6.13589538e-03 -5.71935388e-08
 -1.44683318e-02  2.14672415e-03  4.76373620e-02  9.33398493e-03
 -4.39596698e-02 -6.04340285e-02 -3.53410691e-02 -4.39800397e-02
 -2.07124110e-02  3.77100594e-02  5.66648655e-02 -3.10458280e-02
 -3.64900231e-02  1.07042082e-02 -9.78486426e-03 -2.50887009e-03
 -9.86668933e-03  4.99270409e-02 -5.11108451e-02 -4.69223857e-02
  3.58020924e-02 -1.82875190e-02 -1.08088501e-01 -3.77259366e-02
 -2.16637906e-02  1.52641004e-02 -5.50480448e-02  1.02720335e-02
 -2.02391129e-02  9.23260227e-02  4.25364031e-03  3.08251265e-03
  6.06000004e-03 -7.30768740e-02 -2.85835005e-02 -4.36253995e-02
 -7.62374373e-03  1.42780552e-02  2.29798034e-02 -2.49938518e-02
  5.05358465e-02 -7.43293017e-02 -2.50125993e-02  1.10232979e-02
  1.06554367e-01 -4.69993241e-02 -1.23728374e-02  9.51495115e-03
 -8.60091671e-02 -2.34544892e-02 -4.97683249e-02 -3.36917005e-02
  4.42302488e-02  5.81673235e-02 -4.35082354e-02 -1.79125126e-02
  8.40221420e-02  2.63304375e-02 -1.66840367e-02  1.14102885e-02
  7.85497501e-02  6.16708165e-03 -5.03985118e-03 -1.52925067e-02]