[ 7.50757903e-02  6.81663528e-02 -1.17277065e-02 -7.00639188e-02
 -8.78590718e-02  1.32929981e-02 -6.92393184e-02  1.51492774e-01
  5.59334904e-02  8.80658031e-02  4.84406948e-02 -1.06429104e-02
  1.14759626e-02 -1.36239342e-02 -2.82807034e-02 -1.26582254e-02
  2.18641199e-02  9.35150459e-02 -9.35415849e-02 -1.88114904e-02
  4.48021777e-02 -9.31496322e-02  9.76989232e-03  7.25698397e-02
 -2.53318734e-02 -1.17504522e-02 -5.94186857e-02  4.70823124e-02
  3.26839723e-02 -3.98045108e-02 -7.14837238e-02  5.54154702e-02
  1.16012029e-01 -6.93613514e-02 -2.81634331e-02 -7.34749483e-03
  5.49831577e-02 -9.73698348e-02 -9.60222387e-04  3.04266717e-02
 -9.66419727e-02  3.32108177e-02 -7.99694806e-02 -1.67249423e-02
 -1.57757122e-02 -9.41551290e-03 -2.07941085e-02  4.55522574e-02
 -5.72321825e-02  1.12493839e-02 -1.13686416e-02  3.34294513e-02
 -5.93739152e-02  8.71830340e-03 -3.62202078e-02  1.73265636e-02
 -6.52715340e-02 -2.93292999e-02  6.25270382e-02 -5.19012511e-02
  1.87391527e-02  3.27221490e-02 -4.34612250e-03  4.40768264e-02
  3.72419730e-02 -8.12167302e-02 -2.33225198e-03  4.59084800e-03
 -1.46351054e-01  6.15607910e-02  1.19209230e-01 -8.25192481e-02
  2.02835724e-02  7.33504370e-02 -2.04859134e-02 -7.16439541e-03
  2.28132308e-02  6.59687445e-02 -3.55383269e-02 -4.97891121e-02
  4.90323454e-03  1.87964384e-02 -5.54224402e-02 -5.82978018e-02
  7.27014570e-03 -1.00670353e-01  1.58783142e-02  6.12678099e-03
  3.13571505e-02 -1.17308982e-02  6.93078386e-03  5.26057109e-02
 -6.34573624e-02 -7.41909491e-03 -1.82089601e-02  1.84732676e-02
 -4.94677722e-02 -3.89188044e-02  2.60085403e-03  4.08429876e-02
  8.84474441e-02 -3.80078936e-03  2.59949751e-02 -6.53512478e-02
 -4.77370061e-02 -2.25782339e-02  3.15539129e-02 -2.68451776e-02
  3.61853652e-02  4.65651155e-02 -2.44795904e-02 -4.83826324e-02
 -2.57895757e-02 -3.45576778e-02  5.37156165e-02 -2.77842283e-02
  8.11735913e-02 -4.81895134e-02  6.89447746e-02 -2.99343895e-02
  4.85641472e-02 -4.01581153e-02 -1.66116133e-02  4.47605029e-02
  3.56691405e-02 -9.45385918e-02 -2.27626693e-02  1.14695511e-32
  5.51494472e-02 -7.91280344e-02 -2.36328449e-02  1.24655617e-02
  4.43706065e-02  3.65365557e-02 -1.59093514e-02  2.95084417e-02
 -3.87803726e-02 -2.28006411e-02 -1.19624492e-02  3.25717963e-02
 -2.46100798e-02  4.14598584e-02  4.53635380e-02 -4.65583466e-02
  7.50240088e-02  5.92764793e-03  6.92111701e-02 -7.33228847e-02
 -8.97541866e-02 -3.63123119e-02 -2.65691783e-02 -1.62718855e-02
  4.07898660e-05  9.12993699e-02 -2.15067454e-02 -5.45351431e-02
 -8.53619501e-02  2.40147505e-02  5.77210784e-02 -6.45196959e-02
 -2.20815055e-02 -1.08476067e-02 -6.38632849e-02 -6.56954050e-02
  1.01370700e-01  7.38122612e-02  4.30319868e-02 -8.78427699e-02
  5.67044225e-03  1.31647484e-02  2.67633665e-02 -2.14031413e-02
  1.04019353e-02  1.60915945e-02  1.00114919e-01 -2.28546187e-02
  5.28353006e-02  4.20224443e-02 -2.27445140e-02 -5.69110177e-02
 -2.36095265e-02 -5.43482974e-02 -6.91463798e-03  5.06935865e-02
 -1.20816462e-01  2.04223152e-02  5.80123924e-02  3.54026966e-02
 -1.19949654e-02  3.50735746e-02 -6.09838963e-02  5.48402295e-02
 -3.48660201e-02 -3.27259582e-03  6.15034923e-02 -1.73608810e-02
  6.90744892e-02  6.04648553e-02 -1.18729278e-01  1.92003660e-02
 -2.73631867e-02  4.57413234e-02  1.62981320e-02 -5.91973716e-04
  7.59723857e-02  2.48004938e-03 -1.01298075e-02  9.25069861e-03
  6.24935562e-03 -1.70517340e-02  9.41158086e-03  2.78930471e-04
  1.84249450e-02  7.30554461e-02  5.39390594e-02  5.74277304e-02
 -1.09842513e-02  5.66219464e-02  5.20342700e-02 -5.02825603e-02
  7.88041670e-03  2.04663910e-02  6.02289066e-02 -1.22929959e-32
 -4.15114798e-02 -1.50495963e-02 -3.02348547e-02  3.63399200e-02
 -2.55062338e-02 -5.86986309e-03  3.79771320e-03 -3.86718549e-02
  1.48569364e-02 -6.30731359e-02 -5.46697937e-02 -4.32235226e-02
  6.87583312e-02 -6.28812164e-02 -8.83565769e-02  5.08656390e-02
  9.88448877e-03 -4.13183048e-02  4.49037552e-02 -6.66363016e-02
  1.79434381e-02  6.01124391e-02  4.85828966e-02  5.44861555e-02
 -7.79515225e-03 -2.52643693e-02 -7.72601143e-02  1.58862192e-02
 -6.16747998e-02  9.28197708e-03  4.55559045e-02 -7.74544328e-02
  1.07655311e-02  2.40185317e-02 -9.61791202e-02 -4.11534160e-02
 -2.11676080e-02 -4.69689677e-03 -4.65208739e-02  9.11636725e-02
  3.87736522e-02  2.52759941e-02  5.02762347e-02 -4.18632254e-02
 -3.10546104e-02  1.31304264e-02  8.18725489e-03 -1.17474154e-01
 -5.72594721e-03  4.21627052e-03  3.96806262e-02 -2.11561993e-02
 -4.55316640e-02  5.99111915e-02  5.74419238e-02 -2.69358400e-02
  5.17158136e-02 -6.93802312e-02 -4.95446101e-02  4.81319539e-02
  5.38098514e-02  3.90298851e-02 -6.99006096e-02 -7.36369044e-02
  5.44770733e-02  2.25986098e-03 -7.47588500e-02  7.68577233e-02
 -1.43430475e-02  6.88356832e-02  1.08334750e-01 -2.59857550e-02
 -6.21488951e-02 -6.11679368e-02 -7.09624439e-02 -4.28140871e-02
  9.04300250e-03  1.18039325e-02 -7.04458077e-03  7.51496255e-02
 -1.26852855e-01 -4.17429544e-02 -1.39000108e-02 -5.78250177e-02
 -5.92512712e-02 -1.95342973e-02 -3.52764764e-04  4.60504780e-05
  3.03863566e-02  7.26452246e-02 -1.93672795e-02  3.15363072e-02
  5.47192767e-02 -2.49383561e-02 -5.17891087e-02 -5.06377980e-08
 -3.78665477e-02 -1.00095436e-01  4.95749451e-02  3.76523100e-02
  7.60295391e-02  2.92378105e-03  1.91012602e-02  4.60880958e-02
 -3.06429509e-02  1.62874367e-02  1.72947589e-02 -6.64243698e-02
 -7.59609267e-02 -3.03907301e-02 -6.31590039e-02 -1.94927480e-03
  6.59034476e-02  8.45528096e-02 -1.28550734e-02 -4.89709973e-02
  6.75447509e-02  3.83334830e-02 -1.66238174e-02 -8.07603449e-02
  6.56992719e-02 -1.37231965e-02 -1.28956465e-02  9.39714839e-04
 -5.04708812e-02 -2.43699532e-02 -3.60252596e-02  1.92551054e-02
 -2.21567065e-03 -2.55188011e-02 -7.50580356e-02  7.00142700e-03
  8.35187063e-02  6.77704886e-02 -1.10234268e-01 -1.74698792e-02
  4.23516147e-02 -8.96697566e-02 -1.12397596e-02 -1.53340334e-02
 -3.79707403e-02 -2.56263819e-02 -3.66191268e-02 -4.85879853e-02
  6.34114072e-02 -5.11319451e-02  5.98496124e-02  2.06476822e-02
  4.32198308e-02  2.99377460e-03 -1.22068636e-02  3.75298876e-03
  2.75560897e-02  1.87756550e-02 -8.91291648e-02 -1.02154934e-03
  9.29952934e-02  1.13386981e-01  4.94161285e-02 -3.84676866e-02]