[-1.76797565e-02  9.92096812e-02 -2.96577755e-02 -7.26984665e-02
  6.73581089e-04 -7.45549574e-02  3.74531187e-02  7.16054812e-02
  1.87255293e-02  2.84224912e-03  6.34771958e-02 -9.04642232e-03
 -5.74928448e-02 -6.38392012e-05  2.53842771e-02 -3.63915004e-02
  5.90586886e-02  9.40526929e-03 -5.22474721e-02  4.58531156e-02
  1.30233929e-01  8.12036358e-03 -7.87423924e-03  5.46636730e-02
 -8.16348195e-02  1.77750643e-02 -9.77862105e-02 -2.63092644e-03
 -7.61803845e-03 -1.00936070e-01  1.48481093e-02  5.04080355e-02
 -2.48131603e-02 -6.74544796e-02  2.55610142e-02  6.62251282e-03
  7.67817721e-02 -2.32677860e-03 -2.31305342e-02  5.04442044e-02
 -8.81847292e-02 -2.98529305e-02 -4.69474122e-02 -2.90907770e-02
  3.72273363e-02 -9.00503807e-03 -4.32044826e-02 -7.59748276e-03
 -2.32148152e-02 -4.16701799e-03 -6.75148442e-02  2.81236484e-03
 -3.64822373e-02  3.84012461e-02  8.71627927e-02 -7.11607561e-02
 -2.14112941e-02 -1.23373128e-03 -1.17903743e-02 -2.33029630e-02
  1.91869847e-02  3.76725085e-02 -2.06840560e-02  1.59626454e-02
  7.89426491e-02  7.16448389e-03  1.42038139e-02 -7.75709748e-02
 -9.48438868e-02 -9.74373613e-03  2.65841167e-02 -3.42613459e-02
 -5.48865367e-03 -2.95591466e-02  2.50227768e-02  1.55750647e-01
 -2.48610284e-02  5.52817769e-02  2.34963968e-02 -1.71799749e-01
  3.14213224e-02  3.56038995e-02  4.04058136e-02 -4.86322343e-02
  2.08269735e-03 -6.81852698e-02  4.33196425e-02 -3.18355225e-02
  1.28743127e-01  3.42700444e-03  5.10390177e-02  1.82526764e-02
 -8.48681033e-02  1.12410244e-02  5.83920209e-03 -9.75702517e-03
 -8.46481398e-02 -3.50596593e-03 -6.00631386e-02  5.41570298e-02
  2.52319966e-02  2.27094325e-03 -7.37052411e-03  8.98449495e-02
 -2.81753205e-02 -1.87167060e-02 -1.36922137e-03 -1.59763396e-02
 -2.13308204e-02  7.95588493e-02 -4.24487889e-02 -5.99453375e-02
 -9.91420895e-02 -1.10325679e-01 -2.25601755e-02 -3.51186320e-02
  3.81309316e-02 -2.49436200e-02  5.04211113e-02 -1.46932725e-04
  5.86210825e-02  1.68786943e-02 -3.56510915e-02  1.10351136e-02
 -7.24630756e-03  5.79932379e-03  6.80161938e-02  1.22335585e-32
 -5.90455793e-02 -1.19838500e-02  4.80534546e-02  3.55304107e-02
  1.28762824e-02 -4.65390831e-02 -5.85116968e-02  1.44443279e-02
  6.06761649e-02  2.66994257e-03 -1.44865615e-02  9.15397108e-02
 -6.47674650e-02 -4.74103503e-02  8.79265890e-02 -2.15287171e-02
  7.72372410e-02 -2.05717683e-02  9.41235274e-02 -7.32712746e-02
  4.30874005e-02  4.76455130e-03 -4.84077353e-03 -4.49967533e-02
  9.78190918e-03  6.43748417e-02 -4.45914268e-02 -1.62301362e-02
 -6.72984719e-02  4.01684940e-02  1.39786303e-01 -4.65338975e-02
  7.20929131e-02  3.04162223e-02 -1.64450742e-02  3.21543775e-02
 -6.52815495e-03  5.33547960e-02 -1.16916979e-02 -2.84719821e-02
 -2.04076618e-02  5.21539561e-02  6.17960691e-02 -9.23059508e-03
 -1.76767390e-02 -7.39499703e-02  8.29356315e-04  2.10058726e-02
  9.80689749e-02  2.61362512e-02 -4.01183702e-02  7.61744194e-03
 -8.44227970e-02 -5.52808605e-02  5.88336997e-02  1.34243527e-02
 -4.61311527e-02  8.34652930e-02 -3.67303416e-02 -3.22032645e-02
 -1.54391723e-02 -5.86168617e-02  1.96997095e-02  2.74147335e-02
 -8.62820633e-03 -3.39879990e-02 -2.73109823e-02  5.04587516e-02
  5.63615598e-02 -8.52129702e-03 -9.55588445e-02 -7.27782119e-03
  2.08983086e-02  4.66227867e-02 -7.22401887e-02 -7.42727667e-02
  7.04666078e-02 -8.20387304e-02 -5.18777706e-02  1.89656802e-02
 -4.55943793e-02  5.45058213e-02 -1.01113565e-01 -1.10559156e-02
  7.24528451e-03 -1.87388305e-02  9.04302020e-03  6.52893484e-02
  4.09416221e-02  2.90408377e-02  4.35751528e-02  7.92615041e-02
  3.14988606e-02  1.05134360e-02 -2.52635661e-03 -1.46890200e-32
 -5.64196184e-02  5.08810282e-02 -3.26260701e-02  1.99120883e-02
 -2.25904509e-02  6.87448457e-02  9.67059378e-03 -2.77284011e-02
 -3.75378653e-02  4.50888695e-03 -6.55073896e-02 -2.60451045e-02
 -5.70516149e-03 -1.02404850e-02 -7.12472871e-02  1.82468514e-03
 -1.28514752e-01 -5.22974469e-02 -3.15060876e-02  5.92540614e-02
 -1.89192314e-02  1.12862252e-01  1.09698260e-02  4.28577978e-03
 -1.12365345e-02 -3.74874510e-02 -1.11472853e-01 -1.29515156e-02
 -5.91195896e-02 -1.72968842e-02  3.35473195e-02  1.54565331e-02
 -7.11585730e-02 -6.26442023e-03 -3.68699916e-02 -1.36097772e-02
  3.16745043e-02 -2.42986027e-02  1.72689427e-02  1.01817496e-01
  1.37129659e-02  4.73337658e-02  4.75422665e-02 -4.81778793e-02
 -1.46482121e-02 -2.24865712e-02  2.84388289e-03 -1.06450140e-01
  6.42760023e-02 -9.58456025e-02  9.04024914e-02 -8.00289959e-03
 -4.62356992e-02  9.81830899e-03  2.68762298e-02 -6.86122011e-03
 -7.25940615e-02 -1.08872699e-02 -1.11071959e-01  1.12535339e-02
  8.79254639e-02 -1.50932651e-02 -7.23884851e-02 -4.64499332e-02
  5.32270037e-02 -8.85643065e-03 -4.94215861e-02 -6.74920576e-03
  6.32850155e-02 -2.63106041e-02  6.58925548e-02 -3.85122672e-02
 -6.51245564e-02 -6.26098067e-02 -3.24749649e-02 -1.89881735e-02
  9.12434161e-02 -4.83789369e-02 -1.90431643e-02  5.29021677e-03
 -1.27276964e-03  2.21789442e-02 -2.96857897e-02 -8.36407244e-02
 -1.34230047e-01 -7.96418115e-02  8.53293017e-03  4.69130240e-02
 -5.38377240e-02  4.13788520e-02 -1.40725961e-02  5.50653674e-02
  1.18051993e-03  4.13410366e-02 -8.54289532e-02 -6.00797208e-08
 -1.23970360e-02 -8.44094157e-02  1.85197089e-02  7.62274489e-02
  1.45126116e-02 -2.70668026e-02 -3.11820842e-02 -4.48917411e-02
  3.14871706e-02  3.49919051e-02  3.77383344e-02  5.08659035e-02
 -8.03036541e-02  2.66646594e-03 -3.07150502e-02 -1.31255984e-02
  4.66387011e-02  3.17339599e-02 -2.38022376e-02 -5.38571551e-02
 -6.24496210e-03  3.90133336e-02 -4.19767573e-02 -1.59101382e-01
  1.63605846e-02  2.22612210e-02 -4.96894196e-02 -2.31346418e-03
  4.71848343e-03  9.91747677e-02  2.26560812e-02 -9.78545472e-03
  3.08671016e-02 -8.28965381e-02 -1.25375753e-02 -3.69884521e-02
 -6.03204519e-02  5.71008995e-02 -4.79046032e-02  3.11221294e-02
  9.98373926e-02 -3.16661317e-03 -2.08718497e-02  1.91740748e-02
 -1.36129595e-02  1.84368249e-02 -5.59491292e-02  8.56517926e-02
 -7.20697939e-02  2.33100131e-02 -4.17318568e-02 -4.24959287e-02
  3.72239873e-02  9.82156303e-03  6.48771739e-03  1.00209927e-02
  6.30129501e-02  9.63324122e-03 -1.92075018e-02  5.09783300e-03
  5.36592565e-02  5.32285795e-02  1.37568722e-02 -3.08674518e-02]