[-5.69451600e-02  6.80581033e-02 -3.02955136e-02 -1.22585140e-01
 -9.42859352e-02 -2.11937097e-03  3.30591537e-02  1.16876043e-01
 -5.97969219e-02  7.67731518e-02  6.26926869e-02  1.02237333e-02
  6.79208664e-03 -5.58135286e-02  3.69458348e-02 -4.87890802e-02
  1.67526747e-03 -4.24330607e-02 -2.26448625e-02 -2.27074679e-02
  1.00009270e-01 -5.95402252e-03 -3.81562486e-02  4.33047563e-02
  7.10779205e-02 -8.38535372e-03 -5.13481051e-02  6.21553250e-02
 -2.59742979e-02 -7.32393563e-02 -7.90046155e-03  6.78386763e-02
  9.09656584e-02  1.11648189e-02 -5.58708096e-03  4.42733280e-02
  5.36412150e-02 -1.07431538e-01 -5.74944839e-02  2.90923286e-02
 -5.87843098e-02 -9.05333553e-03 -9.15047228e-02 -3.68687101e-02
 -5.02344295e-02 -5.57267927e-02 -5.17554283e-02 -3.04970294e-02
  1.61327794e-02  1.96826160e-02 -5.90853505e-02  1.12329517e-02
 -3.13096084e-02 -1.52353430e-03 -1.09211855e-01 -5.38223721e-02
 -4.33651693e-02  1.49935298e-02  7.18630925e-02  2.78731026e-02
  5.07866181e-02  5.45333363e-02 -8.77946243e-02  4.60448004e-02
 -4.11962671e-03 -1.16056371e-02  4.73597385e-02 -5.56180626e-02
 -2.84460317e-02 -1.94143318e-02  3.06823831e-02 -3.50074135e-02
  4.76056105e-03  8.68270025e-02 -4.90561165e-02  4.62579504e-02
  4.25468236e-02  2.23033279e-02  4.98840325e-02 -6.14908524e-02
 -3.44301797e-02  6.19554380e-03 -2.31631473e-02 -4.57630120e-02
 -9.36139468e-03  3.53631601e-02 -3.04284636e-02  3.56861167e-02
  9.73035395e-02 -5.10805659e-03  1.21132918e-02  4.17022593e-02
 -1.03790844e-02  2.83229891e-02 -4.16381583e-02  1.48803890e-02
  7.18454644e-03  1.03874169e-02 -6.49899170e-02  5.13012260e-02
  5.94830811e-02 -5.07725228e-04  4.96566966e-02  1.41381929e-02
 -7.24975988e-02  1.59458406e-02  8.43033046e-02 -3.95363290e-03
 -2.64757629e-02 -2.18447158e-03 -9.06606615e-02 -5.38887382e-02
 -3.61572951e-03 -1.49449512e-01 -5.59241287e-02  8.11029747e-02
 -9.05920342e-02  1.00431927e-02  8.26112479e-02 -4.96063754e-02
  3.85344177e-02 -7.23235980e-02  5.12356907e-02 -1.96789950e-02
  4.77333553e-02 -3.73831540e-02  3.88896875e-02  1.86482172e-32
 -2.11269362e-03 -2.20203735e-02 -1.99252255e-02  8.11916590e-02
 -5.35174347e-02  8.22516717e-03 -1.54256038e-02  5.54132499e-02
 -5.43992743e-02  2.61895843e-02 -9.22895446e-02  3.00768018e-02
 -2.23167427e-03 -3.46763642e-03  1.22972667e-01 -1.94966216e-02
  6.64867386e-02  3.52290372e-04  9.00070835e-03 -1.44759277e-02
 -1.97751131e-02 -4.40336205e-02  6.09671399e-02 -9.74550098e-03
  6.26016632e-02  1.69834513e-02 -8.01839214e-03 -5.87917641e-02
  2.35865749e-02  6.80393949e-02 -4.83449036e-03 -2.72020092e-03
  3.30953561e-02 -1.06269248e-01 -2.14574710e-02  2.22825669e-02
  1.78391915e-02 -3.96845825e-02 -7.87389427e-02 -1.37384199e-02
  8.03591125e-03  4.56406027e-02 -1.38795022e-02 -4.70332336e-03
  8.39273930e-02 -6.18339982e-03  5.43097593e-02 -4.18038899e-03
  8.22016299e-02  7.11492300e-02 -1.17316015e-01 -2.29663658e-03
 -4.15717699e-02  7.82779325e-03 -2.99752895e-02  3.99445035e-02
 -5.79500385e-02  3.76804583e-02 -4.85134497e-03 -1.94139630e-02
 -5.50758094e-03  1.46003172e-03  4.07334939e-02  3.40280980e-02
  3.27080227e-02 -1.66417975e-02  5.96769638e-02 -4.09149043e-02
  2.72029284e-02  8.44227672e-02 -1.35054365e-01 -1.23485185e-01
 -2.73625716e-04  6.40636459e-02  2.87816320e-02  5.47735393e-03
  9.35305841e-03 -5.47253862e-02 -2.35937070e-02  1.20261377e-02
 -1.59663390e-02  3.11986785e-02  7.59087317e-03  4.40792041e-03
  9.07418504e-02 -1.97256897e-02  5.97335063e-02 -1.99600663e-02
  1.80947911e-02  7.67915696e-02 -4.78708595e-02  4.26721834e-02
 -4.61590923e-02  4.03815992e-02  2.42736563e-02 -1.92636003e-32
  2.47515067e-02 -7.53537845e-03 -1.96211487e-02  9.33572836e-03
 -1.99573580e-02  3.01148295e-02  3.58001180e-02  3.47451530e-02
 -2.33374760e-02 -2.84797344e-02  3.29995677e-02 -1.04943424e-01
  1.16576239e-01 -2.68532895e-02  1.57165714e-02 -1.89383123e-02
 -1.00340597e-01 -5.71221039e-02  4.81060632e-02  6.15927614e-02
  7.15644732e-02  8.07463974e-02 -4.81037190e-03  1.03307888e-02
  9.84313861e-02 -5.77624366e-02 -7.59085864e-02  2.83435360e-03
 -6.10760376e-02 -2.38837767e-02  2.06456427e-02 -6.82360530e-02
 -6.21874854e-02  1.85728788e-01 -9.32778493e-02 -1.87219195e-02
  1.12861708e-01  3.24460380e-02  1.32564763e-02  4.11734022e-02
  8.38223994e-02 -2.96438206e-02  6.87725991e-02 -7.36768767e-02
 -5.57607375e-02 -6.99240565e-02 -1.01319728e-02 -7.93858767e-02
  1.51984738e-02 -8.57483819e-02  6.11968935e-02  8.78536422e-03
 -8.68948847e-02 -2.97119357e-02  4.36222106e-02 -9.09206197e-02
 -3.69278900e-02 -7.05864206e-02 -1.05063066e-01  8.91254377e-03
  1.33734167e-01 -3.55661009e-03 -2.34403890e-02 -1.38515998e-02
  7.38742948e-02 -2.76148990e-02 -2.56194659e-02  3.95180546e-02
 -5.99348471e-02 -1.26958666e-02  5.19382395e-03 -8.07897449e-02
 -8.25731382e-02 -5.67251667e-02  2.67637689e-02 -2.98392251e-02
 -5.68699650e-02  5.84737584e-03  2.28024810e-03 -3.59746665e-02
  3.53905521e-02 -2.26374101e-02 -3.72561663e-02 -2.98435101e-03
 -1.91176571e-02  9.24272463e-02  3.65072787e-02  8.82630050e-03
  2.09945571e-02  1.39350630e-02 -5.15503101e-02 -8.77899304e-03
  6.89720586e-02  4.36147191e-02 -3.35469507e-02 -6.32735393e-08
  1.89366881e-02  5.01612499e-02 -6.85298629e-03  2.13477258e-02
 -1.40359234e-02 -3.31932157e-02 -3.33212763e-02 -2.92600896e-02
 -1.17721325e-02 -2.01754384e-02  1.42041715e-02 -5.62520064e-02
 -2.42478400e-02  6.03895336e-02 -2.46461667e-02 -5.45530804e-02
 -4.41031978e-02  8.07794407e-02 -3.24531049e-02 -4.30032276e-02
  1.25607342e-01 -5.94910309e-02  2.74286866e-02  1.45340376e-02
 -8.50883592e-03  1.13267023e-02 -2.04717591e-02  4.41230573e-02
  1.32530052e-02  4.34223749e-02 -4.23466638e-02 -3.28477323e-02
  3.03373560e-02 -8.35459828e-02 -2.07204348e-03 -7.92657491e-03
 -4.73577790e-02  4.42831293e-02 -5.80035485e-02  1.45892231e-02
  4.12108637e-02 -2.47859061e-02 -7.19151869e-02 -1.26139475e-02
  3.24684381e-02  1.33721232e-02 -2.54300907e-02 -3.51926461e-02
 -3.44173610e-02 -5.89581057e-02 -2.98998784e-02 -3.31607796e-02
  5.56920283e-02 -3.21464352e-02 -1.25447745e-02 -2.15130281e-02
  4.70381342e-02  1.55301979e-02 -4.52173688e-02 -2.20588166e-02
  3.88197117e-02 -3.94517630e-02 -4.10091877e-02 -5.28604351e-02]