[-5.22131100e-02  8.83634910e-02 -8.41178969e-02 -5.42582572e-02
  3.30914520e-02 -9.27833561e-03  6.39982475e-03  9.12712216e-02
  4.68731970e-02  1.15293786e-01  1.58635810e-01 -3.76937957e-03
 -2.38332078e-02  3.40922959e-02 -7.45863020e-02 -5.57042751e-03
 -1.99990198e-02 -1.26967458e-02 -8.30360688e-03  9.58738104e-02
  6.52111461e-03 -6.14392981e-02 -9.49666090e-03  4.15679626e-02
 -5.80222979e-02 -2.21113414e-02 -1.03612259e-01  4.58014347e-02
 -6.13011867e-02 -8.39541629e-02 -3.82264405e-02  3.04841679e-02
  6.73048869e-02  8.89134314e-03  4.07000966e-02  1.84351467e-02
  2.57557742e-02 -7.89824277e-02  1.39624672e-03  7.75440112e-02
 -6.28265366e-03  1.01732938e-02 -6.14233874e-02 -7.60505125e-02
 -9.23424773e-03  3.07079256e-02  8.24675262e-02  5.96743822e-02
  2.91770976e-03  1.80428065e-02 -1.16552837e-01  2.38361564e-02
 -4.27121408e-02 -7.80834854e-02 -3.20505723e-02 -2.28441264e-02
 -4.07754183e-02 -3.90374437e-02  5.26230671e-02 -2.22277525e-03
  6.00699661e-03  1.63798537e-02 -6.81774616e-02  8.81685391e-02
  2.83270166e-03 -8.92257877e-03  4.33497364e-03 -1.09466948e-01
 -1.67103056e-02 -1.35748414e-02  4.74553816e-02 -8.32174644e-02
  5.85718639e-02 -2.61370018e-02 -8.02351311e-02  1.13630801e-01
  8.03876389e-03 -3.22495662e-02 -3.14020403e-02 -1.03766255e-01
  8.07007104e-02 -3.74055952e-02  1.76454149e-02 -5.36608584e-02
  2.29326189e-02 -2.97385138e-02  2.87387380e-03 -2.90542338e-02
 -8.81989393e-03 -6.93973480e-03  5.47154248e-02  1.80235170e-02
 -1.31979540e-01 -3.82362120e-02  3.50702554e-02 -9.40395892e-03
  8.30076411e-02 -8.76494031e-03  4.02039774e-02 -1.06866471e-02
  8.38003159e-02 -3.50119099e-02 -2.85610147e-02 -1.22510884e-02
 -1.61078665e-02 -4.84352298e-02 -8.52467306e-03 -7.95283243e-02
  1.70574989e-02  6.96457177e-02 -1.01254337e-01 -3.96906659e-02
 -1.10258080e-01 -7.59890601e-02 -6.12845942e-02 -3.96594107e-02
 -2.64578536e-02  4.22608719e-04 -3.90491337e-02 -2.78086998e-02
  2.00212449e-02 -7.65682608e-02 -2.41186358e-02  9.83096194e-03
  5.83108291e-02 -2.97237150e-02  3.38791683e-02  1.12005106e-32
 -7.11118279e-04  5.36204316e-03 -3.12404055e-02  1.53288273e-02
  7.12773502e-02  7.32365027e-02 -5.35410196e-02 -1.51020708e-02
  5.76001927e-02 -2.50421278e-02 -7.42863342e-02  4.31363806e-02
  2.22441833e-02  7.94046186e-03  3.71912424e-03  5.17992815e-03
  8.32098126e-02 -9.13716853e-02 -4.61917035e-02  1.17954835e-02
  1.41243106e-02  3.31539437e-02  2.33579334e-02  7.34438747e-03
  2.51909662e-02  1.05690338e-01 -1.08765354e-02 -4.41288836e-02
 -1.23438098e-01  4.70744930e-02 -1.20858345e-02 -1.63574070e-02
 -3.28502059e-02 -5.46491295e-02  2.42477655e-02 -7.10852966e-02
 -2.28552781e-02 -5.60027137e-02 -3.07658203e-02  3.98982018e-02
 -4.12220359e-02  7.54609704e-02 -5.04252613e-02  1.38324928e-02
  2.59828586e-02 -2.61913147e-03 -6.39731437e-02  6.32609725e-02
  5.31079322e-02  1.38498452e-02 -4.11342783e-03 -2.40839049e-02
 -3.42586823e-03 -6.60690591e-02  4.81668711e-02  5.75509593e-02
 -8.86591971e-02 -1.58930141e-02  1.70640424e-02 -1.49416523e-02
  2.43062805e-02  2.93443911e-02  2.66052485e-02 -5.11211576e-03
 -8.14711954e-03 -6.09500743e-02 -2.07555518e-02  7.69820288e-02
  1.01594284e-01  3.22073931e-03 -4.23170887e-02  9.14426148e-03
 -1.97490528e-02 -3.47071551e-02 -1.54487286e-02  7.22540691e-02
  8.51239171e-03 -1.99988037e-02 -8.38870928e-02  2.22037416e-02
 -5.11947870e-02 -4.51534707e-03  6.32382706e-02 -3.28801461e-02
  7.60080339e-03 -2.11177748e-02 -1.36191025e-02  6.56419992e-02
 -2.92522851e-02  3.68733108e-02  7.14870468e-02  1.19736902e-01
  2.75766067e-02 -1.10051669e-01  4.22708206e-02 -1.29505182e-32
 -4.80452982e-05  3.66738588e-02 -7.38738328e-02 -1.22141931e-02
 -4.86388281e-02  4.15816382e-02  4.89273574e-03 -3.72889824e-02
  3.75819486e-03 -6.72881678e-02 -5.60831688e-02 -9.18075740e-02
 -5.22382632e-02 -8.80031139e-02 -3.87353674e-02  6.22054711e-02
 -4.74779047e-02  8.20210576e-03 -9.05538276e-02 -4.36990522e-03
  1.87147446e-02 -1.05568413e-02  3.18441726e-02  1.89549476e-03
  5.09145893e-02  1.27013484e-02  2.84282919e-02 -6.64824098e-02
 -9.12946388e-02  1.19430684e-02  2.23998073e-02  2.57149357e-02
  6.33811131e-02  8.90153497e-02  3.79168503e-02  2.65513994e-02
  1.08505331e-01  2.23976723e-03 -7.09088240e-03  9.94491950e-02
  1.20079212e-01  6.60338402e-02  5.97581901e-02 -1.02527767e-01
 -6.82408512e-02 -7.47303711e-03 -5.14500961e-02 -3.43299992e-02
 -1.09333834e-02  1.53080868e-02 -5.28069725e-03 -7.76946768e-02
 -1.63923018e-03 -2.58832220e-02  2.29913741e-02 -4.73921075e-02
 -2.19777171e-02 -7.51494542e-02 -5.94329908e-02  5.80380298e-02
  1.01165906e-01 -2.29312666e-02 -8.11235085e-02 -5.94911389e-02
  8.47057148e-04  3.36536467e-02 -2.10581515e-02  1.66289657e-02
  3.30787636e-02  3.64917517e-02  8.66682306e-02 -2.93063885e-03
 -2.84148622e-02  2.56029107e-02 -3.38025019e-03  5.86081482e-03
  2.26410441e-02  8.48839711e-03 -1.96123198e-02  1.39265181e-02
 -7.10705519e-02 -4.39401381e-02 -3.72251235e-02  3.70538160e-02
 -9.68214218e-03  6.57326952e-02 -2.50718314e-02 -4.90814447e-02
 -1.99602358e-03 -8.32260549e-02  6.91518486e-02  3.59302722e-02
  4.70799394e-02  9.91669577e-03  3.40385772e-02 -6.11329369e-08
  1.27224745e-02 -8.93933550e-02  5.30981608e-02  5.88314701e-03
  2.03766897e-02  7.01519847e-03  3.72593552e-02 -4.24739644e-02
  1.90104190e-02  2.10661199e-02  5.25033064e-02 -1.34361023e-02
  2.53671780e-02 -8.67720880e-03  2.58976649e-02  2.24686768e-02
  7.35248104e-02  2.18087696e-02 -1.86092444e-02 -1.34993447e-02
 -1.16113853e-02 -7.50702340e-03 -9.74827930e-02 -2.79245693e-02
 -7.74882268e-03 -3.99002864e-04 -7.29221627e-02  1.55372899e-02
 -2.64643058e-02 -1.10114003e-02 -2.35825107e-02 -2.04377975e-02
  2.85276622e-02 -5.88448383e-02 -6.03760853e-02 -4.65035290e-02
  4.97881696e-02 -5.00270771e-03 -1.02704622e-01 -4.03542817e-02
  4.48146649e-02  3.09963562e-02  1.93042960e-02 -6.14057248e-03
  3.95397563e-03  1.36568658e-02  1.10342965e-01 -2.32599564e-02
 -4.39129733e-02  9.24690515e-02 -5.62741607e-02  4.97332066e-02
  8.19027871e-02  8.87924284e-02 -8.96046460e-02 -3.38466614e-02
  1.06146619e-01 -1.19645000e-02 -1.81542952e-02 -6.73696175e-02
  5.60633540e-02  4.79143150e-02 -3.93742509e-02 -1.27585530e-02]