[-3.08250748e-02  4.33210991e-02 -7.48067722e-02 -1.10826194e-02
 -5.28454036e-02  5.84549177e-03  4.33025621e-02  1.08782232e-01
  7.08470587e-03  7.60172307e-02  7.70630538e-02 -4.14076373e-02
  1.17201395e-02  7.67677184e-03  1.66891199e-02 -3.03913709e-02
  4.06101383e-02 -2.88750008e-02 -3.90543044e-02  4.77377512e-02
  1.50484309e-01 -2.44993288e-02 -3.78895029e-02  2.78959740e-02
 -8.42376202e-02 -5.72277559e-03 -3.93246002e-02 -4.58942764e-02
 -6.66185189e-03 -1.60438530e-02 -4.40439358e-02  6.22348785e-02
  8.89733210e-02 -9.09398077e-04 -4.92537469e-02  7.51097277e-02
  5.28949648e-02 -7.34709715e-03 -1.38667226e-02  1.93837378e-02
 -6.86407983e-02 -5.17471731e-02 -6.88519776e-02 -7.71527067e-02
  1.36869960e-02 -2.68446784e-02  8.30157027e-02  2.71364022e-02
 -7.39588737e-02 -1.10782571e-02 -6.86769113e-02 -3.67576852e-02
 -3.66513943e-03  8.79094377e-02 -1.55238211e-02 -4.65959273e-02
  4.55912985e-02 -4.71076146e-02 -4.03928533e-02  1.16519118e-02
 -5.34378625e-02  1.91203859e-02 -3.43411081e-02 -1.40885245e-02
  5.76644316e-02  2.14212313e-02 -4.24407646e-02  1.81150120e-02
 -2.31611077e-02  4.18312699e-02  5.15027493e-02 -9.07601789e-02
  1.93687156e-02  1.85734332e-02 -2.07271483e-02  7.32621029e-02
 -1.44937104e-02  4.48742509e-02  2.68417243e-02 -1.53916150e-01
  7.87454247e-02  3.57301086e-02 -2.17848010e-02 -3.31988521e-02
  9.57438163e-03  9.95445158e-03  6.65617827e-03  4.20219153e-02
  7.06916004e-02 -7.10968859e-03  4.82870080e-03  4.35951985e-02
 -8.81725922e-03 -8.04892704e-02 -6.73456043e-02 -6.49836957e-02
 -8.49095453e-03 -3.09613883e-03  3.03293224e-02 -1.63237359e-02
  4.89754640e-02  2.41993777e-02  2.41334792e-02 -8.90111178e-03
 -6.64309189e-02 -9.79153253e-03 -1.28715001e-02 -2.12855209e-02
  5.15873497e-03  1.42784685e-01 -8.57800320e-02 -2.53432114e-02
 -1.01397701e-01 -6.32044598e-02 -2.49242708e-02 -4.48959582e-02
 -7.02875182e-02 -3.57710496e-02  5.46281897e-02 -3.84168141e-02
 -3.72674013e-03 -1.27878238e-03  7.27027953e-02 -3.57538275e-02
  4.76049818e-02 -9.02006552e-02  1.15059381e-02  1.07675099e-32
 -2.92760171e-02  5.51938603e-04 -4.48880270e-02  4.63765524e-02
  1.80681199e-02  5.12112305e-02 -4.37673703e-02  8.81679240e-04
  1.22221671e-01  4.32350971e-02 -3.31206876e-03  6.47733286e-02
 -1.43758114e-02  2.25822143e-02  1.10100836e-01 -9.84990411e-03
  4.90461364e-02  6.70109643e-04  4.37933914e-02  6.63640769e-03
 -4.62423544e-03  2.08519120e-02 -2.16348618e-02  9.08815395e-03
  5.13403118e-02  2.02392209e-02 -5.31546623e-02 -2.94161290e-02
 -2.79245824e-02  1.94548648e-02  9.02599469e-02 -2.97762137e-02
  6.44548759e-02 -7.00111836e-02 -6.18669167e-02 -3.95941846e-02
 -4.27849144e-02 -3.89113314e-02 -4.44784202e-02 -6.10718802e-02
 -2.37479862e-02 -1.18423114e-02  1.18221730e-01  1.85176376e-02
 -1.03841024e-02 -5.70046110e-03  5.29676005e-02 -1.83541235e-02
  4.61051948e-02  1.00011520e-01 -3.44938748e-02 -7.70724472e-03
 -8.09122901e-03 -7.87070170e-02  3.67616909e-03 -9.94030945e-03
 -4.91567664e-02 -1.22946892e-02 -1.75765716e-02 -8.36905092e-02
 -4.56293486e-02 -7.39306957e-02 -6.06701449e-02 -1.18924985e-02
 -1.21282199e-02 -5.27986512e-02 -2.40665078e-02  2.97196116e-03
  1.05254903e-01  1.66728105e-02 -1.31688461e-01 -1.40357949e-02
 -1.34616382e-02  7.50796348e-02 -4.92165759e-02  2.65435386e-03
 -1.09060528e-02 -1.28795337e-02 -5.25668487e-02  1.40887462e-02
 -4.18967493e-02 -1.73767956e-04 -2.98025757e-02  1.61824375e-02
  8.44301209e-02  5.11371456e-02  2.35794242e-02  1.50794024e-02
 -3.87093574e-02  3.91272530e-02  2.18783282e-02  1.09413899e-01
 -5.84493466e-02  6.82766065e-02  2.06596889e-02 -1.34700383e-32
  3.06024160e-02  7.41544273e-03 -8.34452286e-02  2.89404131e-02
  1.28374100e-02  1.70909259e-02  2.74735540e-02 -3.95558551e-02
 -6.28846809e-02 -7.70627782e-02 -5.86497709e-02 -1.11276701e-01
  4.20773402e-02  1.50544650e-03 -6.41327798e-02 -1.66772623e-02
 -5.67447022e-02 -3.54552269e-02 -2.03632601e-02 -5.74267730e-02
 -2.42212396e-02  6.67917132e-02  1.56758260e-02 -6.08742645e-04
  4.70724981e-03 -3.38422507e-02 -7.36464933e-02 -1.56609900e-02
 -5.16587049e-02  2.94077937e-02 -9.68553964e-03  1.44324750e-02
 -8.73386743e-04  7.51182511e-02 -3.57151069e-02 -2.69212071e-02
  6.90780431e-02  3.85223026e-03 -2.44200733e-02  8.16100240e-02
  1.09903872e-01  8.70030597e-02  2.64345855e-03 -2.39911284e-02
 -6.81438223e-02 -2.42383014e-02 -6.13435879e-02 -1.38739556e-01
  1.55305155e-02 -9.11194533e-02  1.08983532e-01 -6.64740503e-02
 -2.08204463e-02 -6.36558235e-02  5.76629378e-02 -9.32017807e-03
  4.18782607e-02 -1.23891421e-01 -5.59656275e-03 -2.67044734e-02
  7.68035278e-02 -3.70218368e-05 -4.98840623e-02 -1.36042368e-02
  4.65959162e-02  1.38804335e-02  1.56178139e-02  4.03966606e-02
  1.65773667e-02 -9.40707233e-03  5.42438552e-02 -4.29314077e-02
 -2.86526084e-02 -5.64748533e-02  1.34892901e-02 -7.20803142e-02
 -4.70205061e-02 -1.92001089e-02 -3.62360999e-02 -1.08443582e-02
 -3.00570522e-02 -2.11646222e-02 -3.78164798e-02 -2.43779812e-02
 -3.14597562e-02  2.60136314e-02  5.23789227e-03 -4.24651575e-04
  3.52191925e-03  1.98462643e-02 -9.42637920e-02  7.87431151e-02
 -1.80720147e-02  7.64708295e-02 -6.00809604e-02 -6.56410393e-08
  9.45466012e-03 -3.41273425e-03  8.03825781e-02 -5.22767231e-02
  4.19549309e-02 -5.97821176e-02  1.53632450e-03 -2.26580445e-02
  1.91623271e-02  4.90093529e-02 -1.25878779e-02 -7.20609874e-02
 -5.80612123e-02  2.87977513e-02  6.37850910e-02 -5.34324273e-02
  5.23518361e-02  3.57653275e-02 -7.46307671e-02 -8.14886242e-02
  9.35387090e-02 -2.55674142e-02 -1.62444934e-01  2.19984706e-02
  8.02852809e-02 -1.49737038e-02 -2.09897589e-02  4.76905666e-02
 -2.89809313e-02  6.96635321e-02 -3.08653619e-02  9.34797525e-03
  7.77804032e-02 -4.55692708e-02 -5.15289716e-02 -2.31407601e-02
  2.81760432e-02 -1.46294301e-02 -3.45496181e-03  1.89468786e-02
  7.06526339e-02  1.71268638e-02 -4.86949570e-02  2.06081346e-02
  4.79638949e-02 -4.63597290e-02 -1.05914492e-02  7.80667439e-02
 -4.29374501e-02 -1.57938199e-03 -5.04850671e-02  9.78302397e-03
  7.76509270e-02  7.91975036e-02  4.20990493e-03 -7.26851076e-02
  6.22570403e-02  1.95084196e-02 -5.47767570e-03 -1.74135454e-02
  1.34463385e-01  5.64963184e-02  3.22592561e-03 -5.83254993e-02]