[ 1.72832366e-02  6.40971884e-02 -4.33375016e-02 -3.76136377e-02
 -2.17864197e-02  4.05269861e-02 -8.13057460e-03  1.01932161e-01
  6.51946664e-02  3.61779146e-02  7.22126290e-02  3.80641734e-03
 -3.99008058e-02 -2.58064549e-02 -5.74070914e-03 -4.77560349e-02
  5.41076250e-02 -2.99669579e-02 -6.10251054e-02  9.21979770e-02
  1.64936721e-01 -2.14819703e-02 -5.53933196e-02  5.54711670e-02
 -8.10938999e-02 -5.48355617e-02 -2.92451810e-02  1.03690941e-02
  5.36226342e-03 -1.56326331e-02 -1.42953936e-02  1.10523708e-01
 -1.39973676e-02 -1.89037230e-02  1.32684242e-02  5.39316190e-03
  8.00689608e-02 -5.10317683e-02 -9.83751193e-03  4.61746939e-02
  7.76682701e-03 -1.56765804e-02 -4.12323587e-02 -5.97852506e-02
 -8.54696706e-03 -8.71514715e-03  7.72770569e-02  2.32958924e-02
 -7.37805143e-02  2.21639387e-02 -9.89689678e-02  3.15876454e-02
 -1.81196779e-02 -2.63051819e-02 -3.28570907e-03 -7.34610483e-02
 -1.01322681e-02 -2.55066175e-02  2.07677018e-03 -3.01138945e-02
 -5.65106235e-02  2.24914998e-02 -6.25418648e-02  9.58528090e-03
 -7.96948466e-03 -8.75382405e-03  3.09290681e-02 -2.58725025e-02
 -9.39965248e-03  1.43083669e-02  3.54228020e-02 -5.04137613e-02
  4.67030406e-02  5.62265031e-02 -5.31404763e-02  1.30703405e-01
 -4.05639708e-02  6.47856146e-02  1.79717820e-02 -1.72327012e-01
  2.06562178e-03 -1.67622175e-02  9.74737341e-05 -2.54109036e-02
  1.34555977e-02 -6.49516433e-02 -7.81782996e-03  6.96367100e-02
  8.26243088e-02 -3.28909955e-03  6.54776245e-02  6.68535307e-02
 -2.62556188e-02 -2.08267998e-02 -3.20959724e-02  4.72941296e-03
  1.71078257e-02 -3.41920555e-02  5.71299642e-02  1.24109825e-02
  9.25478935e-02  3.98274399e-02 -2.92701763e-03  2.34801532e-03
 -7.68208578e-02  4.84366063e-03 -2.30969712e-02  5.25625236e-02
  5.24383150e-02  2.82101762e-02 -6.21095635e-02 -6.23790175e-02
  1.26377903e-02 -4.39352728e-02 -6.50064424e-02 -3.71333845e-02
 -4.78146970e-02 -5.54289557e-02  4.76834290e-02 -1.41576109e-02
  6.65595084e-02 -2.98515595e-02  6.82212925e-03 -3.97693291e-02
  4.41340581e-02 -6.51665628e-02 -1.87716202e-03  1.49028733e-32
 -3.36147025e-02 -9.47845802e-02 -4.23572995e-02 -3.56158055e-02
 -6.33242503e-02  8.61384813e-03 -2.36875582e-02  3.29709332e-03
  8.04977398e-03  2.16363687e-02 -8.84787887e-02  1.54024735e-02
 -3.51470374e-02  2.76483782e-02  3.20545919e-02 -1.50485504e-02
  1.21500688e-02  1.86448544e-02 -4.12658900e-02  5.60571905e-03
  4.39128727e-02  3.14361416e-02  9.34945606e-03 -1.50832226e-02
 -2.20276676e-02  1.13178298e-01 -3.67282405e-02 -3.03109176e-02
 -5.05873375e-02  4.45763208e-02  3.12307589e-02 -1.64022129e-02
  2.18067598e-02 -2.74422169e-02 -6.25403821e-02  5.61989024e-02
 -3.77859585e-02 -3.29616256e-02 -3.17578502e-02 -5.07691205e-02
 -5.44745363e-02  3.13415118e-02  3.85706797e-02  2.13157646e-02
  2.86867600e-02 -5.26956376e-03  3.10843112e-03 -6.26911037e-03
  6.48718923e-02  5.43694124e-02 -3.58699188e-02 -6.10905923e-02
 -8.84797890e-03 -2.54027601e-02  3.05384351e-03  3.64974104e-02
 -1.41937509e-01  4.70996760e-02 -1.70258973e-02 -4.54744510e-02
 -4.70422916e-02  1.39931981e-02 -9.34308171e-02  2.68829558e-02
 -4.38144766e-02 -6.14739582e-02  2.56548002e-02 -4.36842581e-03
  1.21197015e-01 -8.30961242e-02 -6.64853528e-02  1.43391024e-02
  4.47030924e-02  3.85024361e-02 -2.60437317e-02 -2.48417985e-02
  5.26760817e-02 -6.28058426e-03 -3.18551622e-02  1.53753897e-02
  4.85707447e-03  1.36261424e-02 -2.92554852e-02 -6.88009476e-03
  5.31998277e-02  6.10649846e-02  6.45549297e-02 -3.68806790e-03
 -5.63608296e-02  5.63039910e-03  5.74702993e-02  3.42484638e-02
 -7.84434285e-03  5.04506603e-02  1.47553394e-02 -1.60765074e-32
  1.78161229e-03 -3.88966016e-02 -1.85101628e-02  2.40389761e-02
  5.73405959e-02  5.18381819e-02 -4.72810911e-03 -6.59344494e-02
 -4.97422665e-02 -1.70141459e-01 -2.01941691e-02 -8.10553282e-02
  8.83680880e-02  1.99196935e-02 -7.23738670e-02  2.06967182e-02
 -4.42934595e-02 -3.64279933e-02 -5.24909273e-02 -2.78324597e-02
 -2.89976434e-03  3.86034697e-02 -1.30554307e-02  4.09480520e-02
  4.11705486e-02 -7.05377758e-02 -3.43812667e-02 -4.89751101e-02
 -6.32353649e-02  4.06362303e-02  3.71221676e-02  2.51551326e-02
 -5.15129715e-02  8.98736045e-02  6.97259828e-02 -7.25913569e-02
  6.88475445e-02 -3.58940996e-02 -1.37948180e-02  7.04578906e-02
  4.74571660e-02  7.76514187e-02  2.95459963e-02 -6.53064698e-02
 -2.50938460e-02  2.14574169e-02 -2.97048152e-03 -1.63698494e-01
  7.08307028e-02 -3.08652334e-02  4.72164862e-02  1.51976366e-02
 -5.33503965e-02 -1.70486681e-02  8.42672586e-02 -5.07621206e-02
  1.28948716e-02 -7.84915909e-02 -1.14248596e-01 -7.76182069e-03
  2.18411423e-02  6.32833391e-02 -3.04782782e-02 -1.60678383e-02
  1.39224321e-01  7.16156792e-03 -6.60788119e-02  1.82534419e-02
  3.66389155e-02  2.57121585e-02  4.20190431e-02 -8.33469629e-02
 -8.59210640e-02 -7.23341927e-02  6.79499209e-02 -4.62296866e-02
 -4.58991341e-02 -2.16359049e-02 -7.54422322e-02  4.38510366e-02
  1.61064509e-03 -8.16995557e-03 -2.64091566e-02  2.44709011e-02
 -2.29219329e-02 -2.32220232e-03 -4.47004940e-03  2.07523517e-02
 -1.20965205e-02  8.93674791e-02 -5.48219196e-02  1.56197576e-02
  9.04173851e-02  2.98248082e-02 -4.57552522e-02 -7.25310727e-08
 -3.28167458e-03 -3.62146050e-02  1.73841622e-02 -2.25394797e-02
  6.35256898e-03 -3.05697694e-03 -3.62628847e-02  4.67108600e-02
 -6.11360222e-02  5.06773889e-02  1.19531170e-01 -5.09895831e-02
 -1.02359794e-01 -1.29552223e-02 -8.83650407e-03 -8.20487365e-02
  2.96869930e-02  5.47377095e-02 -5.95035851e-02 -5.73772565e-02
  2.02976801e-02 -1.32614290e-02 -1.12656608e-01 -4.41602543e-02
  9.16597173e-02 -2.17362549e-02 -4.70813066e-02 -1.45067470e-02
 -7.19908718e-03  8.28609616e-02 -4.10626903e-02 -1.27206193e-02
  3.83300260e-02 -5.48252799e-02 -5.39901443e-02 -4.25616698e-03
  4.07575965e-02  9.36080813e-02  2.35624276e-02  1.65845547e-02
  8.04330781e-02  1.30893560e-02 -3.30676213e-02 -1.60224400e-02
  8.09683800e-02 -6.07108846e-02 -4.19843644e-02  4.25557047e-02
 -3.96774942e-03 -2.03464776e-02 -5.79283983e-02  4.73194756e-02
  4.62692454e-02  5.36205918e-02  5.81819750e-03 -2.64987200e-02
  2.43211426e-02  4.51367982e-02  1.66864358e-02 -5.18851653e-02
  1.42185465e-01  6.30837679e-02  6.99521676e-02 -3.94322239e-02]