[ 3.42946835e-02  2.92831752e-02 -2.50807870e-02 -4.26871888e-03
 -3.66146378e-02  2.37758402e-02 -9.72136203e-03  3.31175998e-02
  3.61586772e-02  3.69620360e-02  9.22789201e-02 -4.94931545e-03
 -3.97806987e-02  1.29549224e-02  2.36483235e-02 -3.75496298e-02
  3.06254067e-02  1.53067755e-02 -2.66342834e-02  6.62344471e-02
  1.74685419e-01 -1.81162897e-02 -6.72055632e-02  6.63669258e-02
 -5.85219190e-02 -2.76107918e-02 -6.70400038e-02  1.03389649e-02
 -1.02980107e-01 -5.79476468e-02 -5.43815792e-02  8.11992586e-02
  1.26777932e-01 -3.15473042e-02 -4.22694758e-02 -1.00320950e-02
  6.91341311e-02 -7.52817690e-02 -1.74753051e-02  1.28658339e-01
 -6.45040646e-02 -6.42886534e-02 -3.98688437e-03 -1.66679192e-02
  1.65666814e-03 -5.11069298e-02  8.06985423e-02  4.32663225e-02
 -4.77310158e-02  1.48457848e-02 -1.23506309e-02  1.19738532e-02
 -7.49479830e-02  6.11275919e-02 -3.27848159e-02 -6.37372956e-02
 -5.41450903e-02  1.91476326e-02  1.22921215e-02 -7.47787394e-03
 -3.69916372e-02  3.74896824e-02 -3.88585217e-02  1.32371625e-02
 -4.48554521e-03 -6.98509067e-02 -2.18196511e-02 -4.20851214e-03
 -1.08710706e-01  2.28006039e-02  3.06073539e-02 -7.02858195e-02
 -2.63645761e-02 -1.91615068e-03 -1.77741870e-02  9.02443677e-02
  2.67723133e-03  9.75893997e-03 -4.87377960e-03 -1.85155377e-01
 -3.00569404e-02 -4.61990125e-02 -3.48451436e-02 -5.95534481e-02
  5.39047867e-02  4.80584335e-03  3.34884413e-02  7.01880157e-02
  3.73608922e-03  3.44147719e-02 -3.47990431e-02  1.35343531e-02
 -7.35371113e-02 -3.96386199e-02  2.87058152e-04  1.58482902e-02
 -8.82673077e-03  9.64875799e-03  9.21709929e-03 -2.92441882e-02
  1.01456568e-01  8.12686756e-02  2.81982142e-02  4.11697552e-02
 -9.34278592e-03  5.74084930e-02 -3.41216987e-03 -1.72503553e-02
  5.16266264e-02  8.79670680e-02 -5.87746277e-02  1.69818699e-02
 -5.49985580e-02 -8.45190585e-02 -2.61506625e-02  2.80141532e-02
 -4.30851802e-02 -4.56533730e-02  5.52473664e-02 -7.62250647e-03
 -4.64020669e-02 -6.55952916e-02  5.80062978e-02 -2.28829905e-02
  5.46591403e-03 -4.18184400e-02  3.91785465e-02  1.02011633e-32
 -9.28372964e-02 -5.04809916e-02  1.86578482e-02 -5.55563904e-03
  1.28409928e-02 -6.87238993e-03 -5.76157980e-02  5.27975745e-02
  6.87597021e-02 -1.72203947e-02 -9.32247639e-02  1.15640812e-01
  5.32462215e-03  1.68557968e-02  1.15402840e-01  1.20001705e-02
  7.90546760e-02  7.33964564e-03  1.35910269e-02 -2.67456230e-02
 -5.88594889e-03 -1.04141990e-02 -2.42966972e-02  6.04896853e-03
  4.65511344e-02  5.59901670e-02 -6.17782846e-02 -3.70575227e-02
 -7.79498890e-02  5.20060696e-02  6.01435937e-02 -6.90968474e-03
  2.35643703e-02 -4.70517986e-02 -1.06744871e-01 -5.21579608e-02
  4.87135258e-03  2.63408441e-02 -1.17600895e-02 -5.43824323e-02
 -5.49714714e-02 -6.55431859e-03  4.73847352e-02  4.00844961e-02
 -2.25014053e-02  4.35402105e-03  4.87987585e-02  9.55369230e-03
  1.15715727e-01  9.10013393e-02 -7.41082653e-02 -5.78515977e-02
  1.56612713e-02 -6.31218925e-02 -2.23185737e-02  5.22476062e-03
 -8.54475424e-02  3.31890173e-02 -6.06485903e-02 -1.73881296e-02
  3.43794487e-02  4.00741026e-02  5.63266911e-02 -2.00879257e-02
 -2.64635626e-02  3.19593790e-04 -1.59312971e-02  4.60824855e-02
  1.29279733e-01  4.27258387e-02 -6.34516031e-02  1.48536377e-02
 -3.33141536e-02 -1.27274981e-02  7.82394558e-02  3.27424402e-03
  8.54758099e-02 -8.10051411e-02 -2.13560946e-02 -5.35667362e-03
 -4.05429229e-02 -1.14552332e-02 -7.60002807e-03 -1.91353855e-03
  6.06078189e-03  7.72719458e-02  5.24428897e-02  3.79795805e-02
 -2.76065748e-02  8.18279609e-02 -1.19339190e-02  8.72183517e-02
 -7.20071839e-03 -2.76655555e-02  8.47489759e-02 -1.22899808e-32
 -1.43950721e-02  7.35815465e-02 -2.82489676e-02 -3.22952494e-02
  7.58179696e-03  3.65953371e-02  2.95570102e-02 -2.10929960e-02
 -5.66126257e-02 -1.36746362e-01 -1.10651180e-01 -8.38607550e-02
  4.67020981e-02 -4.62520458e-02 -2.27665342e-02  2.86446474e-02
 -1.16328679e-01 -6.16925322e-02 -1.94921978e-02  2.95606395e-03
 -1.99146848e-02  9.05736163e-02  1.90118086e-02  2.17049792e-02
  6.81266282e-03 -6.75968751e-02 -5.88020533e-02 -5.37662953e-02
 -1.84988491e-02  7.42989779e-03  5.95716909e-02  3.35254474e-03
 -1.85096462e-03  9.05322954e-02 -8.70978981e-02 -4.07370320e-03
  2.53439173e-02  7.76364421e-03  1.85961574e-02  1.03670985e-01
  6.46630228e-02  1.89117920e-02  3.44913229e-02 -7.35245496e-02
 -5.81516884e-02 -5.87035250e-03 -4.67476249e-03 -8.61970261e-02
 -3.26659763e-03 -8.96943808e-02  1.12257048e-01 -2.19030902e-02
 -1.03673659e-01 -2.00836156e-02  2.50912905e-02  1.45659819e-02
 -6.08339719e-02 -6.08854108e-02 -1.06248260e-01 -5.15613295e-02
  1.35920960e-02  3.19531485e-02 -5.75926453e-02 -3.06507386e-02
  4.28697206e-02 -2.36569997e-02  5.16539766e-03 -3.57081480e-02
  1.17447423e-02 -2.41626464e-02  4.63512428e-02 -4.55290414e-02
 -6.83786571e-02  2.46900450e-02 -1.30379805e-02 -8.16661343e-02
  2.91035101e-02 -2.63623260e-02 -4.81575839e-02  2.20907945e-02
 -4.52770703e-02  3.59139661e-03 -1.88294705e-02 -3.75459082e-02
 -6.20925836e-02 -1.22474902e-03 -3.95324044e-02  9.86365974e-03
 -2.25080904e-02  9.67101827e-02 -9.52376798e-03  9.52471942e-02
 -6.52672024e-03 -1.68131087e-02 -9.59222168e-02 -6.16588096e-08
 -2.98903813e-03 -3.66719030e-02  7.17670098e-02  4.78954278e-02
 -1.39004253e-02  1.84477970e-03  1.53060388e-02  1.74854267e-02
  3.92284356e-02  4.91279513e-02  3.46592143e-02 -6.36979938e-03
  2.08211085e-03  3.16862278e-02 -2.54709669e-03 -3.76171209e-02
  6.54583424e-02  4.00815569e-02 -2.36827694e-02 -4.61243466e-02
  1.80380177e-02  8.17652047e-03 -9.51229334e-02 -1.54343331e-02
  5.35740368e-02  4.49758396e-03 -3.57589349e-02  1.16483234e-02
  3.25726606e-02  4.25451323e-02  4.19395715e-02 -7.39629706e-03
 -1.16375322e-03 -5.16056269e-02 -2.21044235e-02 -3.21101435e-02
  7.01507367e-03  1.11047169e-02 -5.88185377e-02  2.13205107e-02
  1.02257475e-01 -8.80873129e-02 -5.25402725e-02  1.01297330e-02
  6.83726594e-02  2.95486161e-03 -2.95789354e-02  2.37910300e-02
 -1.72335859e-02  3.40855345e-02 -5.14490604e-02  7.43997609e-03
  4.06739376e-02 -1.49416656e-03 -1.95968151e-02 -2.73344722e-02
  2.89130975e-02 -5.16877472e-02  9.27299075e-03 -3.18267830e-02
  1.15984447e-01  9.37660709e-02 -1.10442517e-02 -5.30377813e-02]