[-2.16739457e-02  1.11359529e-01 -7.48902485e-02 -8.18922073e-02
 -4.46475409e-02  5.32842465e-02  7.30707962e-03  6.24125041e-02
 -2.38594282e-02  6.23338446e-02  6.28098696e-02  2.81479154e-02
 -3.80192474e-02  1.24186026e-02  3.57749872e-02 -3.34671736e-02
  4.19615582e-02  7.92077370e-03  2.56707650e-02  7.40192011e-02
  1.41245395e-01 -5.05979322e-02 -9.91634279e-02  3.37948911e-02
 -1.28973961e-01  5.59498463e-03 -3.43571417e-02 -2.64065564e-02
 -2.34556049e-02  1.67255346e-02 -2.11325735e-02  8.76351297e-02
 -1.00253178e-02 -2.24434696e-02  3.17793451e-02 -4.74196114e-02
  3.49564813e-02 -5.29012680e-02 -2.50181276e-02  7.55003914e-02
 -3.80665362e-02 -7.06800520e-02 -9.64790806e-02 -6.76652119e-02
  9.04101878e-03 -8.08669720e-03  2.91021410e-02  9.79276448e-02
  9.80271120e-03 -4.50945050e-02 -5.68250939e-02 -3.12728211e-02
 -1.48363532e-02  4.27366160e-02 -3.36694717e-02 -1.10176332e-01
 -7.43228244e-03 -4.25450690e-02  3.14034447e-02 -1.64325200e-02
 -7.16039464e-02  9.10326838e-02 -5.45972511e-02  1.02834897e-02
  6.80482835e-02  6.94286602e-04  1.87361855e-02 -3.99018899e-02
  5.95499389e-03  1.02103844e-01  5.44988587e-02 -6.58668503e-02
  8.61800611e-02 -2.59749237e-02 -2.17367709e-02  1.62690692e-02
 -2.44655311e-02  5.32331727e-02  9.28106159e-02 -2.45872572e-01
  5.61609492e-02  3.15551646e-02 -7.70310313e-03 -3.35324742e-02
  3.75720207e-03 -6.06291629e-02 -8.63178819e-03  3.89780030e-02
  8.58757794e-02 -8.65834020e-03  5.24651632e-02  8.34943280e-02
 -1.92929674e-02 -4.94700857e-02  3.95709686e-02 -2.96420790e-02
 -1.41545581e-02  2.35621501e-02  3.54114287e-02  2.78624380e-03
  8.69766623e-02  2.63893697e-02 -8.60817060e-02  4.03986797e-02
  7.63339084e-03  1.22274505e-02 -6.37164048e-04 -6.67657554e-02
  5.17717972e-02  7.08291754e-02 -8.32455531e-02 -1.20084640e-02
 -4.83164191e-02 -1.11258551e-01 -5.24861664e-02  5.11758449e-03
 -4.20645103e-02 -8.99492018e-03  4.56214435e-02 -2.94664968e-02
  1.94457788e-02 -1.50392987e-02  1.06297908e-02 -2.90567689e-02
  8.10970739e-02 -5.64651340e-02  7.85070844e-03  1.23216736e-32
  5.59999084e-04 -5.32375015e-02  8.03816039e-03 -1.64493006e-02
 -4.95980121e-02  7.47583946e-03 -2.99361609e-02  1.45670054e-02
  2.66298335e-02  9.19843763e-02 -2.18630303e-02  1.13896774e-02
 -4.51995991e-02  1.70950461e-02  8.75754058e-02 -2.79287733e-02
  2.72315666e-02  5.35797561e-03 -1.88219640e-02  2.02008113e-02
  2.57783532e-02  7.69239524e-03  4.64708172e-03  2.34793536e-02
 -1.63113140e-02  1.05940774e-01 -7.47038424e-02  1.72274467e-02
 -7.04854727e-02  5.02511635e-02  8.73271674e-02 -7.12525696e-02
  6.60064667e-02 -9.41848289e-03 -7.34617785e-02 -5.05454317e-02
 -1.45251639e-02  1.92143884e-03 -3.97299640e-02 -1.13832287e-03
 -3.97642218e-02  7.52679422e-04  7.43183792e-02  3.39544974e-02
  2.50241696e-03 -4.58921008e-02  3.53518575e-02 -5.61303496e-02
  8.39932486e-02  9.17707086e-02 -3.07711288e-02  6.66871376e-04
 -7.51169845e-02 -6.01045042e-02 -1.23714171e-02 -1.42403627e-02
 -1.14628501e-01  6.43952787e-02 -3.81829357e-03 -9.39496085e-02
 -3.19537544e-03 -3.86224762e-02 -5.58199510e-02 -4.57749655e-03
 -5.51559478e-02 -4.65485230e-02 -5.25168069e-02 -2.79764477e-02
  8.53656232e-02  6.22795057e-03 -1.22796483e-01 -1.81621183e-02
  6.53007301e-03  2.47918051e-02  2.89710369e-02 -2.28115600e-02
  6.13828301e-02  1.70163382e-02 -6.68629408e-02  8.04309361e-03
 -2.62397714e-02 -7.04622688e-03 -4.53902688e-03 -2.92183161e-02
  1.94941349e-02  6.58502206e-02  5.80934174e-02  4.97706868e-02
 -2.78061796e-02  2.52572037e-02  8.32246337e-03  8.51217937e-03
  3.91740501e-02  4.00431082e-02  8.12836364e-02 -1.41345055e-32
 -8.09010956e-03 -9.80420318e-03 -5.47796711e-02 -2.59812735e-02
  1.31774647e-02  2.55392883e-02  7.11801425e-02 -5.02036028e-02
 -5.75400852e-02 -5.20240739e-02 -1.34874722e-02 -8.22486728e-02
  9.30705816e-02  3.54931802e-02 -8.00499916e-02  3.01409941e-02
 -9.67423767e-02 -1.36125246e-02 -4.35429960e-02  4.77289446e-02
 -1.85463484e-02  1.00960970e-01  4.78244759e-02 -1.37662990e-02
  2.46915966e-02 -6.85786381e-02  1.84194967e-02  1.75987631e-02
 -1.22414976e-02  8.85312818e-03  3.41246300e-03  3.43732396e-03
 -4.08918336e-02  9.49116498e-02 -1.19836442e-02 -7.33684599e-02
  3.57208736e-02 -7.07598850e-02 -5.97428493e-02  4.74868417e-02
  2.10709758e-02  6.54581934e-02  4.44040028e-03  2.09685229e-02
 -7.56862909e-02  2.34495644e-02 -1.30541727e-03 -9.96799469e-02
  4.46357541e-02 -7.20070526e-02  7.36311823e-02 -1.56156747e-02
 -2.07094401e-02 -8.48225690e-03  3.02129891e-02 -5.46874329e-02
 -8.50184485e-02 -7.95150176e-02 -3.14446911e-02  3.86612155e-02
  4.95177396e-02  3.03676836e-02 -4.75684591e-02 -2.66987979e-02
  1.28418133e-01  2.06411853e-02 -2.52604727e-02  3.35790068e-02
  5.41274622e-02  2.97124349e-02  8.09568986e-02 -5.51716089e-02
 -5.45383058e-02 -4.33166400e-02  1.03095956e-02  2.84279827e-02
  2.22162362e-02  1.10013438e-02 -4.13186029e-02  2.92998645e-02
 -2.42906623e-02 -4.16396372e-02 -4.86374237e-02 -1.51918549e-02
 -4.13481966e-02  2.75191553e-02 -1.88191459e-02  1.37558440e-02
 -3.52540836e-02  9.44010466e-02 -4.78718132e-02 -7.56134186e-03
  4.53889519e-02  6.96597714e-03 -9.28963721e-03 -6.15232523e-08
  2.46300586e-02 -3.76900770e-02  1.09005198e-02 -2.60432530e-02
  8.70308932e-03 -8.49599242e-02  1.01259686e-02 -7.45168626e-02
 -2.57367939e-02  5.66188060e-02  1.15015961e-01 -1.57814920e-02
 -2.41916217e-02 -1.53207453e-02 -1.04750716e-03 -2.79046372e-02
  4.55855951e-03  6.19097501e-02 -5.26391454e-02 -5.75327799e-02
  3.66217680e-02 -3.77448723e-02 -6.52955920e-02 -1.58490986e-02
  6.66723177e-02  4.23114821e-02  7.96311162e-03 -2.03967970e-02
 -9.74498875e-03  7.89357722e-02 -2.38013677e-02 -1.11155622e-02
 -1.11101540e-02 -3.98021601e-02 -3.98336574e-02  3.57536450e-02
 -3.92096490e-02  5.77833727e-02 -1.34383533e-02 -1.73520390e-02
  1.03685960e-01 -3.07310484e-02 -6.24576956e-02 -2.46533658e-02
  2.89387144e-02 -5.74394912e-02 -3.17033497e-03  1.88880730e-02
 -3.36202532e-02 -1.14293145e-02 -8.26271921e-02 -2.66941469e-02
  6.94856197e-02  1.72696803e-02  5.11403233e-02 -4.65370268e-02
  5.69482036e-02  1.69814341e-02 -2.65511069e-02 -1.13571258e-02
  1.16056390e-01  6.06173612e-02  9.94877145e-03 -4.68471833e-02]