[-7.18833283e-02 -3.71673447e-03 -5.02874628e-02 -1.05969643e-03
 -1.14032000e-01 -9.32943821e-03  1.28937112e-02  8.61483663e-02
  2.64759194e-02 -3.78468633e-02  5.53955033e-04 -1.96286831e-02
 -1.15753822e-02 -1.19454004e-02  2.23529413e-02 -5.58204390e-02
 -2.68481430e-02  1.08795485e-03  1.13960188e-02  1.00828372e-02
  8.66250619e-02  4.82317507e-02 -9.75618605e-03  3.81849222e-02
 -4.56340052e-02 -8.39894712e-02  1.10330340e-02  2.74328534e-02
  7.69033805e-02 -9.21917260e-02  3.87684479e-02  3.61176915e-02
  8.99613574e-02  8.14896915e-03  1.97537299e-02 -2.70584393e-02
  2.45818179e-02 -4.29583713e-04 -6.93410039e-02  6.69766292e-02
 -4.84707244e-02 -4.70808782e-02 -8.68114233e-02  7.20567815e-03
  1.70242565e-03  2.89092008e-02  2.42346302e-02  6.69294745e-02
 -2.99189035e-02  3.37998793e-02 -1.86156556e-02 -6.10828288e-02
  3.55282091e-02 -1.20897964e-02 -6.40808344e-02  1.28946025e-02
  5.16199507e-02 -3.34138423e-02  1.84509177e-02  3.30307260e-02
 -2.58755628e-02  4.02121916e-02 -3.21147107e-02  5.91136748e-04
  3.44593398e-04  1.64415035e-02 -8.95301532e-03  2.31343899e-02
  8.19906499e-03 -1.11039551e-02  8.55994876e-03 -2.26736795e-02
 -5.11469843e-04  1.07679397e-01 -3.40470113e-03 -3.69457491e-02
 -4.57140580e-02  4.56744665e-03  6.47332892e-02 -1.19128600e-01
  1.92606095e-02 -4.43181545e-02 -6.60356581e-02 -4.12485898e-02
 -1.90984029e-02 -1.15535241e-02 -2.28464995e-02  2.20437311e-02
  2.27700546e-02  1.80929042e-02  4.53561991e-02 -3.69052812e-02
 -1.35067408e-03  1.20684803e-02 -5.05299270e-02  2.36463584e-02
  2.36755125e-02 -4.18476500e-02  3.20691988e-02  5.18232957e-02
 -3.16681638e-02  1.59803592e-02 -3.24698798e-02  8.49360749e-02
 -8.84464309e-02 -3.35002467e-02 -5.21691069e-02  3.71009484e-03
  2.99085118e-02  1.09246716e-01 -6.71539456e-02 -4.32977080e-02
 -8.34355205e-02 -1.00271761e-01 -1.86968537e-03  1.97319370e-02
 -5.61781637e-02  8.73743929e-03  5.88714750e-03 -5.97007759e-02
 -3.57676856e-02 -2.22350489e-02 -3.03844530e-02 -4.11930121e-02
  2.22819932e-02 -3.55480090e-02  5.68462797e-02  8.92425026e-33
 -3.99856046e-02  1.90807991e-02 -6.29334301e-02  1.57938730e-02
 -7.89906904e-02  2.03414634e-02 -2.01647468e-02  6.14668801e-02
 -9.94135346e-03 -2.27926131e-02 -5.77374920e-03  6.28188252e-02
 -1.53322304e-02  4.23205597e-03  7.65957311e-02  2.56312303e-02
  3.50768939e-02  9.16635990e-02  5.82987666e-02  7.36517683e-02
 -4.16978123e-03  5.48523366e-02  1.39400242e-02  3.84739377e-02
 -4.16598574e-04  8.50492641e-02 -4.14409637e-02  5.08153252e-03
  1.03617080e-01 -4.40429244e-03  1.55951813e-01 -1.30576700e-01
  1.46690672e-02 -7.95766637e-02  8.40440467e-02  2.18983600e-03
  3.65175419e-02 -5.45266876e-03  4.97276755e-03 -4.46929149e-02
 -1.15031712e-02  1.38657233e-02  1.59707423e-02  4.97407094e-02
 -1.47230914e-02  4.31440435e-02  9.86042023e-02 -4.15555499e-02
  8.02157447e-02  2.73397211e-02  6.85185567e-03 -3.10350601e-02
 -8.06202814e-02  5.64335845e-02 -4.81722225e-03 -5.77669367e-02
 -1.19091824e-01 -4.53356244e-02  3.13876085e-02 -9.81416851e-02
  2.74922177e-02 -1.45837832e-02  3.57680768e-02 -2.83478294e-02
 -5.68340160e-02 -8.55591223e-02  1.05733480e-02 -2.26375069e-02
  4.87744994e-02 -1.68484617e-02 -8.69601872e-03 -6.19770736e-02
 -8.81762430e-02  4.39906493e-02 -6.04268163e-02  2.60082595e-02
 -1.97026264e-02  3.14130187e-02 -3.04179899e-02  7.31741870e-03
  1.76811181e-02 -1.48424897e-02  5.57340197e-02  9.71851684e-03
  1.05469763e-01  4.32608388e-02  7.16395229e-02 -1.07543226e-02
  5.53434603e-02  1.19582064e-01 -3.49247232e-02  8.95102844e-02
 -8.69106650e-02  1.01449415e-01  9.73334163e-02 -1.01338575e-32
 -6.30258536e-03 -1.28445178e-02 -7.42708221e-02  4.01741974e-02
 -8.49154871e-03  1.95994582e-02 -7.72292838e-02 -4.29502092e-02
  1.57848326e-03 -6.68289512e-02 -1.34269625e-01 -7.82126859e-02
  6.21497817e-02  2.10116711e-03 -4.90833558e-02 -3.99398729e-02
 -7.99314976e-02 -3.82106809e-04 -3.03542893e-02  4.71786782e-02
 -1.08607024e-01  2.16662940e-02 -1.60035163e-01  3.53877507e-02
 -6.61215652e-03  1.10884318e-02 -8.41243267e-02  6.61276234e-03
  2.03977302e-02 -5.90110198e-03  1.46070011e-02 -5.03202565e-02
 -3.50980125e-02  6.67291656e-02 -9.19398144e-02  3.42668891e-02
  8.31825286e-02  5.33146933e-02 -7.05793798e-02  7.49769360e-02
  2.62017697e-02  6.58953190e-02 -2.24106964e-02 -9.05990414e-03
 -2.67415307e-02 -5.97471856e-02  1.73718538e-02 -2.40209643e-02
  4.21296842e-02  7.27122743e-03  5.38369641e-02  1.12011225e-03
 -2.12915279e-02 -7.79594257e-02  2.03644149e-02 -1.00986315e-02
 -2.04551257e-02 -5.25222085e-02  1.55372936e-02  3.71268392e-02
  8.80591795e-02  2.17937287e-02 -6.45060539e-02  2.04500314e-02
  1.34598821e-01 -6.09242022e-02  6.61029220e-02  3.94556336e-02
 -3.09885163e-02 -5.90554439e-02  7.81920701e-02 -8.16314071e-02
 -2.89171673e-02 -6.29953519e-02  2.37197179e-04 -2.19280669e-03
 -2.02737655e-02  4.67425324e-02 -2.59717852e-02  2.76866816e-02
 -6.82439953e-02 -4.63712495e-03  3.28329578e-02  1.62117928e-02
 -6.63801804e-02  3.61711942e-02  1.14387505e-01  1.37303500e-02
 -5.53676598e-02 -3.23587172e-02 -1.26880836e-02 -3.23791802e-02
 -7.59592187e-03 -5.12939654e-02 -6.84343278e-02 -4.24448281e-08
  3.06810578e-03 -7.11452886e-02  1.00314513e-01 -2.04373784e-02
  3.99561152e-02 -9.00329277e-02  5.00332676e-02  1.15628876e-01
 -5.44600300e-02 -6.94403704e-03 -4.83474657e-02 -3.25180665e-02
 -3.36427875e-02  4.55990713e-03  4.97405566e-02  2.27501318e-02
 -1.06252767e-02  1.11606471e-01 -4.59076464e-02 -2.68297493e-02
  4.88724513e-03 -1.02626430e-02 -3.27891782e-02 -5.46094701e-02
  8.27859063e-03  3.11530748e-04  7.00625628e-02  6.82608262e-02
  3.10057718e-02  3.53308544e-02 -1.80072878e-02  1.36008998e-02
  6.82557747e-02 -7.56500214e-02  5.95298670e-02 -1.53600844e-03
 -2.32786164e-02  1.92285329e-02 -4.17079292e-02 -5.46727590e-02
 -6.28457579e-04  1.72097720e-02  5.98813295e-02  2.95421015e-02
  5.79975545e-02  4.02813479e-02 -3.82367671e-02 -1.47031648e-02
  1.48887793e-02 -6.92330301e-02 -7.14111924e-02 -3.67344283e-02
  7.00896457e-02  4.94809039e-02 -5.18935248e-02 -3.76099497e-02
 -3.83610465e-02  2.34836359e-02 -3.97389382e-02 -4.34864732e-03
  8.58323872e-02 -1.46987056e-02  2.52792090e-02 -6.82827970e-03]