[-6.59929961e-02  5.76696061e-02 -2.83629503e-02 -7.18445480e-02
 -6.34080246e-02  1.64959207e-02  3.83938253e-02  8.76241252e-02
  3.96828875e-02  3.44424769e-02  8.05079713e-02  9.43993684e-03
  4.83785151e-03 -1.24183111e-02  8.53775963e-02 -2.37793587e-02
  5.60590550e-02 -2.64325459e-02  1.85386185e-02  5.32727912e-02
  1.79559827e-01 -2.65861228e-02 -6.44401088e-02  6.14921972e-02
 -1.86884515e-02 -6.09282181e-02 -6.04437441e-02  1.97531153e-02
 -2.00695507e-02  8.66827555e-03 -3.39762121e-02  4.67278622e-02
  5.25415577e-02 -2.42815278e-02  8.75448156e-03 -1.90538205e-02
  2.87330486e-02 -4.19818684e-02 -7.70884305e-02  2.98358556e-02
 -7.77566135e-02 -1.94481574e-02 -6.02772310e-02 -3.20325233e-02
 -5.25622256e-03 -5.17223403e-02 -5.70223900e-03  7.98762664e-02
 -3.44912037e-02  1.45986136e-02 -3.53293978e-02 -5.39393537e-02
 -2.82365512e-02  3.82247381e-02  1.44294249e-02 -6.52148351e-02
  2.27941573e-02 -1.78544130e-02  1.47328600e-02  9.82850324e-03
 -3.84367071e-02 -1.07997051e-02 -5.51733822e-02  4.47603799e-02
 -4.42710146e-02  6.70993403e-02 -1.32139567e-02 -1.47595340e-02
 -3.99680324e-02  4.71608452e-02 -1.47934826e-02 -7.88927451e-02
  3.68356183e-02  2.96420343e-02 -1.41612887e-02  5.72575852e-02
 -2.38509905e-02  2.11163759e-02  8.88838433e-03 -2.12959826e-01
  1.76656700e-03 -5.54904900e-03 -8.73369817e-03 -7.63095841e-02
  3.06753404e-02 -1.23534799e-02 -2.23126914e-02  3.62517610e-02
  1.18314423e-01  2.51371060e-02  2.54507147e-04  5.74132614e-02
  3.07030953e-03 -1.62328817e-02  1.64218117e-02 -1.59763936e-02
  3.01433280e-02 -4.75890860e-02  2.63301954e-02 -6.59334287e-03
  5.97668961e-02  2.70683952e-02 -2.91009899e-02  2.19525285e-02
 -1.63980313e-02  3.48551869e-02  1.48236835e-02 -9.67896506e-02
  3.96712422e-02  8.18767771e-02 -8.07409212e-02 -7.87553415e-02
 -4.25185449e-02 -1.42143503e-01 -1.10547237e-01 -2.68487493e-03
 -7.04577416e-02 -4.86912671e-03  8.22334662e-02 -6.27808198e-02
 -2.35900320e-02 -3.55620272e-02  9.84780304e-03 -5.02805524e-02
  7.96572566e-02 -5.14888354e-02  6.31046444e-02  1.25636219e-32
 -1.36042107e-02 -1.46298530e-02 -5.12353424e-03  3.35317664e-02
  2.37373728e-03  9.28656373e-04 -1.25875818e-02  1.86844897e-02
  2.23620981e-02  5.08677885e-02 -4.98978905e-02  7.29617029e-02
 -2.21167188e-02 -6.04689866e-03  1.53144598e-01 -3.91430706e-02
  6.19921982e-02  1.96208749e-02  7.73914531e-02  3.23157720e-02
  4.99112764e-03 -6.54088333e-02 -1.52964257e-02  9.92718153e-03
  2.86864080e-02  7.58953243e-02 -6.79936782e-02 -1.13038234e-02
  1.05839539e-02  6.36397302e-02  6.51127920e-02 -3.79417501e-02
  9.62003972e-03 -4.26740944e-02 -4.33861874e-02 -2.44179089e-02
 -4.49343696e-02 -4.99463687e-03 -3.95361334e-02 -6.38574362e-02
 -4.22757417e-02 -2.85686757e-02  3.00321002e-02  9.97964852e-03
  3.75425965e-02 -1.09601378e-01  1.64422225e-02 -1.16763627e-02
  1.38612524e-01  7.77749494e-02 -4.70662937e-02 -2.06266623e-02
 -2.23997869e-02 -6.90449774e-02 -1.42361736e-02 -8.61975551e-03
 -1.27229959e-01  5.90409674e-02 -4.32562903e-02 -4.82345894e-02
 -2.89101340e-03 -1.31896231e-03 -5.81638515e-03 -3.17534469e-02
 -3.99657711e-02 -1.46250529e-02 -2.70829536e-02 -5.50732836e-02
  1.18941538e-01  1.60637288e-03 -6.14815578e-02  2.32850835e-02
 -5.07142581e-02  3.61427814e-02 -1.24199688e-02  2.51478348e-02
 -6.43678289e-03  7.24100173e-02 -3.52172442e-02  2.04700157e-02
 -8.56147055e-03 -1.04501164e-02 -1.93205681e-02  3.42700966e-02
  8.55938047e-02  4.72673140e-02  6.25518486e-02  5.33231497e-02
  3.90680023e-02  8.15893635e-02  4.42829877e-02  9.29496214e-02
 -2.34822929e-02  6.19114377e-02  3.85495014e-02 -1.39200483e-32
  3.50783505e-02  2.06926689e-02 -2.85148807e-03 -4.09847908e-02
 -6.20391266e-03  3.61333638e-02  3.35913189e-02 -4.89300936e-02
 -3.39038819e-02 -9.16894525e-02 -9.27317291e-02 -9.82336104e-02
  1.24225833e-01 -5.53193465e-02 -3.83878574e-02 -2.31112298e-02
 -1.13425389e-01 -4.91664074e-02 -6.84198970e-03  1.22687994e-02
  4.21946757e-02 -1.79776009e-02  4.77228314e-02 -6.87576924e-03
  6.27807379e-02 -8.07262808e-02 -8.63887593e-02 -2.20337138e-03
 -7.20039159e-02 -2.92252493e-03  5.68203405e-02  5.36221033e-03
 -1.03418611e-03  1.23219766e-01 -2.82263346e-02 -2.21669823e-02
  3.34129445e-02  4.83523794e-02 -6.26707636e-03  8.63136724e-02
  1.09933116e-01  2.81082676e-03  9.44376271e-03 -2.71751564e-02
 -6.13401420e-02 -3.50989925e-04 -2.21186113e-02 -9.92059335e-02
 -2.82636890e-03 -1.03233375e-01  8.19191486e-02 -2.47170981e-02
  1.74062885e-02 -4.52663861e-02  4.49213237e-02  1.21290693e-02
 -3.14159691e-02 -7.57907704e-02 -4.40338394e-03 -2.91995592e-02
  9.77913812e-02 -1.34083424e-02 -1.97100285e-02  2.93017365e-02
  8.15744400e-02 -7.66297476e-03 -2.30927393e-02  3.47685367e-02
  2.94304062e-02 -3.01039927e-02  2.22735163e-02 -8.22297186e-02
 -7.18063042e-02 -9.24018249e-02  2.45913048e-03  3.07082734e-03
  2.18362734e-02 -5.37167490e-02 -8.44429210e-02  2.15976294e-02
 -3.37125324e-02  4.85405214e-02 -3.12271621e-02  3.41543444e-02
 -5.69358841e-02  6.54728636e-02  7.65662408e-03 -8.61033332e-03
 -1.99387167e-02  5.17397933e-02 -6.31021261e-02  1.10630654e-01
  2.82928851e-02  5.72761968e-02 -3.30109671e-02 -6.45960796e-08
 -7.57915783e-04 -3.57040088e-03  7.44109750e-02 -2.11654026e-02
  5.02988957e-02 -6.23834245e-02  1.63192069e-03 -7.38103688e-02
 -2.27129031e-02  5.07224873e-02  1.54711287e-02 -4.73355651e-02
 -3.83988544e-02 -1.96211645e-03  1.11269159e-02 -5.43845408e-02
  5.31378239e-02  1.60377733e-02 -5.87413758e-02  7.44304946e-03
  6.78192973e-02 -3.40212882e-02 -7.35870674e-02 -1.04954476e-02
  2.97870077e-02  1.73121616e-02 -2.36476306e-02 -1.32918302e-02
  1.11584309e-02  4.55471650e-02 -1.27850855e-02  9.85087547e-03
 -2.31800582e-02 -7.91199356e-02 -7.10226372e-02 -8.61446094e-03
 -3.90405953e-03  3.86143923e-02 -1.44666312e-02 -6.96289353e-03
  6.86447099e-02 -3.18161622e-02 -6.01545200e-02 -4.83956141e-03
  5.39899059e-02 -5.55830216e-03 -2.90680472e-02  1.30554857e-02
 -4.68807928e-02 -5.31574264e-02 -9.00503695e-02 -4.65447083e-02
  5.68303540e-02  6.68389117e-03  1.55825599e-03 -6.06826320e-02
  4.84216996e-02  5.51345572e-03 -6.19285787e-03 -2.44591720e-02
  9.79770571e-02  5.66809364e-02  2.45028101e-02 -2.10104790e-02]