[ 1.72919072e-02  4.84972484e-02 -2.03294605e-02 -6.27608597e-02
 -8.82531330e-02  5.16365794e-03 -4.02500741e-02  9.26169679e-02
  9.53526422e-03  4.98109683e-02  6.37331530e-02 -5.72215244e-02
 -5.54792248e-02 -1.77580267e-02 -3.69905494e-02 -4.64397371e-02
  5.21331392e-02 -3.92590985e-02 -1.42010488e-02  6.79763854e-02
  1.10806517e-01 -5.06907552e-02 -6.98599145e-02 -3.22081940e-03
 -7.55136237e-02 -5.10114757e-03 -4.24786732e-02 -2.25781091e-02
 -5.82954427e-03 -2.56676190e-02 -2.62520351e-02  7.44819343e-02
  3.49098109e-02 -4.39990014e-02  2.04581413e-02 -4.19357195e-02
  1.04153685e-01 -6.57551885e-02 -3.55477221e-02  7.29495212e-02
  1.33828539e-02 -3.03986222e-02 -1.47340279e-02 -5.40739037e-02
 -1.07512856e-02 -1.72723308e-02 -7.19594024e-03  7.74846971e-02
 -2.25063879e-03  3.21308933e-02 -7.26038963e-02  1.07528246e-03
  1.05740158e-02  4.78445403e-02 -4.93366197e-02 -8.00758153e-02
 -5.68719395e-03  3.13237309e-02 -8.59854743e-03 -2.35466119e-02
 -2.84692515e-02  6.72965497e-02 -8.55215564e-02  1.49084618e-02
  5.16571552e-02 -5.25866114e-02  1.96314673e-03 -2.17910185e-02
 -6.17133193e-02  6.27143234e-02 -1.13263098e-03 -6.73471615e-02
  5.97386658e-02  3.96702290e-02 -3.09746880e-02  8.29423144e-02
 -3.58937569e-02  5.45682125e-02  3.12779956e-02 -1.79869056e-01
  3.18112373e-02 -1.74072329e-02 -3.78005765e-03 -8.66461620e-02
  1.13885710e-02 -2.61208415e-02  5.31628169e-02  3.66537571e-02
  5.94664924e-02 -6.56070560e-03  8.82819742e-02  2.71013509e-02
 -4.27980423e-02 -5.06398780e-03  1.30764619e-02  1.21951001e-02
 -1.64104756e-02  6.54034838e-02  5.47703803e-02  1.14491563e-02
  8.78423601e-02  5.56535088e-02 -5.73505871e-02  1.16127450e-02
 -6.66042715e-02  7.85389915e-02 -2.84234677e-02  2.08227662e-03
  6.38496727e-02  4.82914411e-02 -8.53262767e-02 -8.68204515e-03
 -5.97500093e-02 -6.90181479e-02 -5.28976843e-02  1.28809707e-02
 -3.66237946e-02 -4.66079004e-02 -1.36247287e-02  2.63323206e-02
  3.55000272e-02  1.73821375e-02 -3.26055102e-02 -2.43859719e-02
  6.93437383e-02  1.06982188e-02  5.40817194e-02  1.17779861e-32
 -4.77738358e-04 -7.74692968e-02  8.41083378e-03 -4.21038270e-02
 -2.41046902e-02  5.84900975e-02 -5.83144687e-02  4.84791882e-02
 -3.45583893e-02  4.03692536e-02 -1.12436540e-01  1.17227891e-02
 -4.34966246e-03 -5.64209111e-02  8.47524405e-02  1.14610663e-03
  2.51593404e-02  1.89635437e-02 -1.24707827e-02 -1.99392717e-02
  2.71657091e-02 -6.81354925e-02 -3.17082182e-02  3.48735377e-02
  2.27547977e-02  1.35652140e-01 -3.41463834e-02 -2.27997750e-02
 -5.08363172e-02  4.74740043e-02 -2.70895045e-02 -1.12890843e-02
  3.58767807e-02 -3.80542204e-02 -8.63291621e-02 -1.10250730e-02
  5.91704575e-03 -2.57845176e-03 -1.22182705e-02 -7.51638960e-04
 -6.81538954e-02  1.93257513e-03  7.12408200e-02  2.53956728e-02
  8.47879238e-03 -6.20356798e-02  5.25967963e-02 -5.77785932e-02
  1.57903865e-01  5.54577112e-02 -4.04846631e-02 -7.44345188e-02
 -5.31514250e-02 -2.88077407e-02  6.04678988e-02  1.63805932e-02
 -1.28287658e-01  6.80863559e-02  1.47113355e-03 -7.39812702e-02
  2.04708409e-02  1.60289574e-02 -5.96163273e-02  3.55722606e-02
 -8.81341919e-02 -4.43969108e-02  8.62008054e-03  3.25852111e-02
  7.65218586e-02 -5.11817373e-02 -1.00919373e-01 -2.53841132e-02
  3.62722017e-02  5.45878522e-02 -1.72339485e-03  4.74344473e-03
  1.29707634e-01  1.20336367e-02 -2.90490985e-02  4.60023507e-02
 -6.86130077e-02  2.85836253e-02 -3.39419842e-02 -4.16161977e-02
  2.77164150e-02  6.87253624e-02  7.26003274e-02  2.17510648e-02
 -6.89148903e-03  6.86485469e-02  2.59873476e-02 -1.01168279e-03
 -2.31799483e-02  1.97327193e-02  3.26373316e-02 -1.25189281e-32
  7.48055801e-03  3.57341133e-02 -1.99904256e-02 -1.64488368e-02
  2.46790759e-02  1.84172988e-02  1.84997842e-02  9.92040262e-02
 -4.41881381e-02 -1.30562589e-01 -4.53692377e-02 -6.12637103e-02
  1.12642325e-01 -2.66329907e-02 -5.69007099e-02  1.76848266e-02
 -4.37880158e-02 -5.85411936e-02 -4.32026610e-02 -2.07314035e-03
  5.09764291e-02  1.02384128e-01  3.84220742e-02  1.77721288e-02
  3.41762300e-03 -4.73725162e-02  1.61143728e-02 -5.60015813e-02
 -4.13231440e-02  2.22263057e-02 -2.82021752e-03 -2.09427197e-02
 -3.23976800e-02  9.37403366e-02 -9.93877742e-03 -8.44665319e-02
  8.59727785e-02 -1.71514768e-02 -3.69190164e-02  8.76601562e-02
  5.06168194e-02  9.28215086e-02  2.45287567e-02 -2.02758773e-03
 -3.35484557e-02  2.74674539e-02 -1.74126290e-02 -8.63727555e-02
  3.65672596e-02 -9.41012874e-02  7.02551231e-02 -4.69305068e-02
 -1.17212646e-02  3.65943387e-02  7.86605552e-02 -4.12028544e-02
 -6.08114079e-02 -6.27662390e-02 -1.39968783e-01  3.21311280e-02
  8.05594996e-02  1.10526584e-01 -5.26231341e-02 -2.07560677e-02
  1.03151493e-01  4.46221717e-02 -8.23940113e-02  3.71446460e-02
  1.16295018e-03  6.36726692e-02  5.63912056e-02 -1.05551533e-01
 -1.02166168e-01 -2.77897175e-02  4.79702167e-02 -1.57193989e-02
 -5.64287007e-02  3.09783630e-02 -1.79345347e-02  4.60536554e-02
 -4.62110229e-02  1.50097944e-02 -1.78648196e-02  2.12994730e-03
 -5.70729608e-03  1.00793596e-02 -1.18372589e-02 -5.40476106e-02
 -3.47038906e-04  8.48243311e-02 -5.11005968e-02 -1.98751371e-02
  2.65296008e-02 -1.38676995e-02 -6.36358513e-03 -6.30796819e-08
  4.71250117e-02 -3.19482051e-02  4.33991179e-02  1.54189216e-02
 -1.39527405e-02 -2.62329578e-02 -2.59916503e-02  1.81205124e-02
 -3.18395011e-02  8.42054263e-02  1.11291751e-01 -3.55314389e-02
 -7.55666420e-02 -2.88262665e-02 -1.07754581e-02 -4.67266254e-02
  1.30324182e-03  6.20134287e-02 -3.69148664e-02 -5.34212999e-02
  3.92421223e-02  4.78429021e-03 -1.71308573e-02 -2.43644230e-02
  2.00113114e-02  4.58905660e-02 -2.26504877e-02  2.65832967e-03
 -3.59744243e-02  2.95053255e-02 -1.17774522e-02 -2.75333226e-02
 -1.23764686e-02 -6.94903210e-02 -4.52405773e-02 -3.47216129e-02
 -7.05785081e-02  5.26166819e-02 -1.66424960e-02  1.35371247e-02
  9.18997228e-02 -3.32311690e-02 -4.32486460e-03  1.18418848e-02
  7.28709251e-02 -6.45407662e-03 -4.81025241e-02  3.66180316e-02
  2.34936867e-02 -3.33165452e-02 -5.46379238e-02 -4.05291021e-02
  1.81990527e-02  8.67128931e-03  3.45189683e-03 -1.17806066e-02
  5.80409244e-02  2.30842885e-02 -6.65155947e-02 -2.45172903e-02
  8.98818448e-02  8.20331369e-03  3.97619838e-03  6.25096913e-03]