[ 1.80947427e-02  3.81322242e-02 -4.27600443e-02 -3.48349251e-02
 -9.57404003e-02  1.16051277e-02  8.31527039e-02  1.12025470e-01
 -4.29271087e-02  6.22157268e-02  8.88399631e-02  2.36756150e-02
 -5.74586205e-02  4.28145193e-02 -2.40020789e-02 -6.42410368e-02
 -2.47728843e-02 -2.16578487e-02 -4.06182855e-02  3.66752036e-03
  7.17860982e-02  1.95814986e-02 -4.58561406e-02  8.36045761e-03
 -6.48972988e-02 -6.87694028e-02 -9.96305514e-03 -4.52384278e-02
  2.73027942e-02  1.48589015e-02 -7.60549605e-02  2.66171191e-02
  2.31118482e-02  2.55462993e-02 -4.64019785e-03 -6.24219924e-02
  9.01080742e-02 -5.98714761e-02 -6.87467837e-05  4.42608707e-02
 -2.13223062e-02 -6.33520335e-02 -1.34661034e-01 -3.43195945e-02
 -2.87219733e-02 -5.73611185e-02 -1.04915192e-02 -9.10058897e-03
 -5.59254996e-02  9.79170203e-03 -4.92300801e-02  2.30090357e-02
  5.91890141e-03  5.12532797e-03  8.61231145e-03 -5.94447032e-02
 -2.65435781e-02  3.45964218e-03  2.43417919e-02 -1.79821402e-02
  2.52445973e-02  4.24669348e-02 -5.95575720e-02  2.36543990e-03
  9.38652232e-02  1.57388318e-02 -6.90587088e-02 -4.51650657e-02
 -3.24446484e-02 -3.67976911e-02 -4.49563041e-02 -1.36658072e-01
 -3.27912159e-02  5.58098815e-02 -4.25803959e-02  8.17931537e-03
 -2.52126418e-02  8.55042133e-03 -1.64075270e-02 -1.08959846e-01
 -2.95738084e-03 -1.44965369e-02  2.21803486e-02  2.30867714e-02
  4.70772423e-02 -4.08313088e-02 -5.05620334e-03  4.81563173e-02
  7.40349218e-02  8.43789130e-02  5.55078387e-02  1.11793755e-02
 -2.22887471e-02 -4.95283529e-02 -1.70128718e-02 -2.05935035e-02
 -6.39725178e-02 -1.25271520e-02 -1.04650110e-02  6.18605455e-03
  2.20577102e-02 -3.13104466e-02 -3.17953601e-02  6.05400652e-02
 -1.09428875e-01 -2.59766262e-02  2.45311055e-02 -9.12595168e-02
  4.00080606e-02  4.57854569e-02 -1.24699526e-01  5.27641084e-03
 -1.02662131e-01 -1.19851939e-01 -6.26776144e-02 -2.61162873e-03
 -4.44774777e-02  6.84051355e-03  6.44526035e-02 -9.56917033e-02
 -4.54914989e-03 -4.41211313e-02  2.44092550e-02 -1.76434331e-02
  8.46659243e-02 -1.49913912e-03  2.81164758e-02  1.58824833e-32
 -8.66152272e-02 -3.49883288e-02 -5.10748103e-02  5.89538887e-02
 -2.54619438e-02  3.11584715e-02 -4.39338051e-02 -5.58473803e-02
  4.61888947e-02  6.40821410e-03 -4.34072390e-02  2.64547635e-02
 -5.93849644e-02 -2.77338773e-02  9.98980775e-02 -2.15770379e-02
  2.12593395e-02 -1.22826844e-02 -2.20904592e-02 -5.42857638e-03
  4.88243252e-02  6.63731396e-02  3.16839153e-03  1.96019672e-02
  2.14136243e-02 -3.77922319e-02 -6.22793175e-02 -2.45896261e-02
 -6.00602757e-03  7.39577115e-02  3.01540475e-02  1.94879472e-02
  2.18064785e-02 -4.84859720e-02  4.54081409e-03  2.61110812e-02
  2.29005925e-02  2.46023852e-02  1.03202648e-02 -5.70287518e-02
  1.97838759e-03 -1.45344231e-02  1.82524696e-02  2.73980182e-02
  2.07817778e-02  1.05752135e-02  6.06918409e-02 -2.44563185e-02
  1.34580866e-01  5.22248000e-02 -9.96442512e-02  1.19688548e-02
  3.27664590e-03 -8.47078487e-02  9.36381221e-02  4.77717146e-02
 -7.01537356e-02  5.33640832e-02  2.75397692e-02 -3.97220030e-02
  3.24525014e-02 -3.07527613e-02  5.06598055e-02 -3.30627635e-02
  7.49136135e-02 -8.60786065e-03  1.46779548e-02  2.67565204e-03
  6.59376010e-02 -1.91278514e-02 -8.67346376e-02  4.14470434e-02
 -2.55295560e-02  6.28581196e-02  1.54173905e-02  1.93423275e-02
  3.10497987e-03  8.71386006e-02 -1.21280160e-02 -7.92870745e-02
 -6.70679286e-02  6.57318067e-03  4.27967608e-02  5.73612144e-03
  1.52059168e-01 -1.08666224e-02 -8.83846078e-03  2.58825943e-02
  1.45197688e-02  6.61480278e-02  7.69540260e-04  1.14352539e-01
 -7.85658211e-02  7.83714801e-02 -3.33389528e-02 -1.88459898e-32
 -3.67258266e-02  1.44753568e-02 -1.25799790e-01 -8.25538393e-03
 -6.45909682e-02 -1.60921123e-02 -7.90795684e-02  2.65069008e-02
  3.28538415e-04 -1.73028633e-02 -2.54439488e-02 -1.00465894e-01
  6.05720729e-02 -3.56002674e-02 -5.81784509e-02 -2.03086045e-02
 -4.16658446e-02 -4.21371348e-02 -7.28845745e-02 -3.70331109e-02
 -2.52322573e-02  1.26381088e-02  2.23509520e-02  3.47232856e-02
  1.11899991e-02 -3.27848531e-02 -2.04989370e-02  1.72024593e-02
 -8.99518281e-02 -3.46156210e-02  3.28317308e-03  2.60919277e-02
  2.45411396e-02  7.90055096e-02 -5.08156270e-02 -6.67065084e-02
  1.25994995e-01  2.39079259e-02 -2.24519186e-02  8.11457485e-02
  4.55860421e-02  8.28770325e-02 -1.17810850e-03 -5.38414642e-02
 -3.23319659e-02 -2.00439785e-02  2.00630073e-02 -1.05848178e-01
 -1.95448138e-02 -1.23467624e-01  1.26804382e-01 -9.14168078e-03
  8.57995003e-02 -4.70805168e-02  2.18016095e-02  4.19182098e-03
  6.68845400e-02 -1.05055198e-01 -7.87057132e-02  2.81777326e-02
  1.46528453e-01  5.19538000e-02 -1.47092612e-02 -5.60611533e-03
  8.54983926e-02 -5.08273318e-02 -3.19386609e-02 -2.77953502e-02
  6.88182935e-02  3.68911773e-02  2.54721548e-02 -1.26883730e-01
 -4.83336374e-02 -3.44882570e-02 -5.28261252e-03 -7.74908885e-02
  4.11680937e-02  9.70777683e-03  4.25937725e-03 -1.05382996e-02
 -3.17462496e-02 -4.49248869e-03 -2.16056667e-02 -2.00052336e-02
 -1.54938214e-02 -4.49443273e-02 -3.01122130e-03 -1.98930297e-02
  1.16681876e-02  5.06761149e-02 -3.73701304e-02  4.08818806e-03
 -4.99279164e-02  5.59514165e-02 -2.02307496e-02 -7.41824806e-08
  1.70536172e-02 -4.78383489e-02 -3.66904736e-02 -3.34101729e-03
 -1.68370977e-02 -2.35276241e-02 -5.74146882e-02 -6.44739047e-02
 -3.10059935e-02  6.05742820e-02 -3.28109674e-02 -3.59524451e-02
 -6.09044395e-02  2.60791704e-02  1.41366757e-02 -6.86374903e-02
  3.81366462e-02  8.75762254e-02 -3.48258354e-02  1.42822629e-02
  9.42051858e-02 -7.11511001e-02 -2.11402904e-02  2.53853928e-02
  4.31486331e-02  3.22697721e-02 -4.72001992e-02  2.38331240e-02
  3.66330557e-02  4.36061807e-02  1.69058723e-04  7.83530027e-02
 -2.65666144e-03 -1.81908384e-02 -9.50592756e-02  4.55568770e-05
 -2.35670549e-03  1.88797172e-02  8.43056571e-03  3.05965021e-02
  4.75124717e-02 -1.17035331e-02  9.58257169e-03  2.12242752e-02
  2.65329573e-02  5.22267073e-03 -3.44682112e-02  1.01939119e-01
 -2.75800060e-02 -3.77574600e-02  1.81444027e-02  4.38202266e-03
  2.75569856e-02  8.38625524e-03 -3.77108045e-02 -2.67754532e-02
  4.10756245e-02  5.19644283e-02 -8.33496153e-02 -7.50428438e-02
  5.69693074e-02  6.87636957e-02 -9.39474907e-03 -7.09083974e-02]