[ 6.61918670e-02  7.30890706e-02 -1.11736208e-02  1.68024190e-02
 -4.08618003e-02  5.22414409e-03  7.87534714e-02  5.06391451e-02
  1.83441956e-02  3.75622101e-02  1.24016821e-01 -2.29814574e-02
 -1.57745872e-02  5.76752517e-03 -5.98179293e-04 -3.40666249e-02
  3.99246514e-02  3.55117023e-03 -2.36690305e-02  1.06572084e-01
  2.14301974e-01  7.35826883e-03 -4.18390110e-02  4.74171117e-02
 -4.56588678e-02  5.14615374e-03 -9.46038887e-02  3.22233103e-02
 -3.20183523e-02 -5.53431250e-02 -8.64878949e-03  1.00611940e-01
  1.00842521e-01 -7.26664960e-02 -2.06153411e-02 -2.15877462e-02
  2.95018684e-02  1.28116170e-02 -5.37406094e-02  5.97074479e-02
 -5.20241000e-02 -2.68577822e-02 -5.77364787e-02 -3.01875155e-02
  7.83860311e-03 -3.64780836e-02  2.97620464e-02  9.70063172e-03
 -1.72552723e-03 -1.37493508e-02 -5.95660843e-02  1.07214018e-03
  2.60448605e-02 -6.87160855e-03  4.61296700e-02 -4.28621694e-02
 -3.73368300e-02 -2.41715629e-02 -3.39908227e-02 -4.59968410e-02
 -4.01867852e-02  3.29259671e-02 -1.42993340e-02 -1.70035977e-02
  9.46344137e-02 -1.28070246e-02 -1.34217162e-02 -4.92244922e-02
 -4.46327366e-02  3.15875895e-02  2.29689740e-02 -7.31067657e-02
 -3.19160931e-02  8.05909708e-02 -3.24476361e-02  4.68700416e-02
 -9.13810823e-03  5.82014211e-02  3.54136638e-02 -1.29199117e-01
  8.15027952e-03 -2.97573511e-03 -7.61012407e-03  4.67056930e-02
  7.79996216e-02 -2.36315280e-02  1.78497229e-02  5.18599264e-02
 -2.76179835e-02  6.67918753e-03 -1.28424484e-02  5.98127255e-03
 -9.55891162e-02 -3.89630012e-02  4.40436490e-02 -1.18245436e-02
 -7.53217787e-02  5.67816496e-02  4.72481884e-02 -2.74622384e-02
  6.62187710e-02 -1.06816292e-02 -5.65192215e-02  4.71116789e-02
 -7.83396810e-02  7.29327044e-03 -3.75671498e-03  2.15173848e-02
  7.78400898e-02  1.27994746e-01 -7.36259446e-02 -2.21223366e-02
 -8.54003280e-02 -5.87735996e-02 -5.56029528e-02  1.00009263e-01
 -7.39061907e-02  3.86565039e-03  4.06348445e-02 -2.33086273e-02
  2.47200169e-02 -7.40248756e-03  7.07320720e-02 -2.89576612e-02
  3.86236124e-02 -5.81570528e-02  2.30474509e-02  1.31068281e-32
 -5.59828989e-02 -2.34280303e-02  5.18954126e-03 -2.75336746e-02
 -4.77014445e-02 -4.23162580e-02 -4.20176312e-02  1.40865948e-02
  1.19044296e-01  7.73721747e-03 -1.38562722e-02  6.76536560e-02
  8.58603232e-03 -4.28499691e-02  4.26199585e-02 -4.03598361e-02
  4.94481064e-02 -4.29306105e-02  3.53421271e-02 -4.50736145e-03
 -2.03227941e-02  6.30218089e-02 -1.16547132e-02 -2.33970322e-02
  1.46315843e-02 -1.06901024e-02 -2.21259259e-02 -6.69110566e-02
 -6.42646700e-02  5.22882380e-02  1.23134300e-01 -2.10817326e-02
  4.50018188e-03 -4.00196649e-02 -6.62191883e-02 -9.14572924e-02
  1.05261263e-02 -2.77724285e-02 -1.77519731e-02 -1.44176334e-02
 -7.17654545e-03 -1.70514267e-02  5.22319376e-02  1.59334322e-03
  9.17741709e-05 -1.55488178e-02  6.17505684e-02  3.67727801e-02
  9.87740308e-02  8.71254280e-02 -1.98564753e-02 -5.04690409e-03
  6.80954531e-02 -4.98227030e-02 -3.59456837e-02  3.96957956e-02
 -6.20715991e-02  5.72304279e-02 -4.00667526e-02 -2.27427222e-02
 -5.27508818e-02 -1.26229050e-02 -2.94465777e-02 -1.56537555e-02
 -1.00947693e-01 -2.24490333e-02 -1.73134089e-03  2.18757335e-02
  9.08706263e-02  3.16653103e-02 -5.92962913e-02 -5.82983196e-02
  4.98861959e-03  5.38909547e-02 -9.51047707e-03  1.60663854e-02
  5.32265343e-02 -3.09347128e-03 -6.68937787e-02 -5.67636034e-03
 -3.15067992e-02  4.58416864e-02 -4.90858406e-02 -5.96601777e-02
  1.40381500e-01  2.23041996e-02  3.73226553e-02  1.20681114e-02
 -5.88747151e-02  9.17259008e-02  3.39091904e-02  4.70868200e-02
 -6.58320412e-02  5.89378513e-02  1.60268173e-02 -1.43028701e-32
 -2.23526265e-03  5.05009405e-02 -2.68319640e-02 -2.00163107e-02
  2.59239282e-02  2.72450913e-02  1.44648058e-02  4.31259279e-04
 -5.25684096e-02 -6.61400780e-02 -1.31748496e-02 -1.00776248e-01
  1.83358900e-02 -3.63541022e-02 -3.51867974e-02  4.38649431e-02
 -7.88726509e-02 -7.01392582e-03 -6.22123629e-02  8.27308570e-04
  1.12928450e-02  1.25803322e-01  4.72495630e-02 -4.85592522e-02
 -1.67591330e-02 -3.22342012e-03 -3.85401025e-02  1.56641100e-02
 -9.78252944e-03 -2.10328940e-02  4.58923094e-02 -3.18659190e-03
 -6.80845603e-02  5.34076653e-02 -3.43599804e-02 -1.83922779e-02
  3.71909537e-03 -2.26753950e-02 -4.36585955e-02  1.06620498e-01
 -8.29006173e-03  6.92564435e-03  6.99911937e-02 -3.15271355e-02
  1.25051681e-02 -6.03152327e-02 -3.76803540e-02 -9.61400494e-02
  2.59351302e-02 -3.15442644e-02  9.17867571e-02 -2.35951524e-02
 -5.20107895e-02  1.21867247e-02  3.13632451e-02 -2.79081929e-02
  6.78248033e-02 -1.17499210e-01 -1.05969228e-01 -2.26856992e-02
  1.19343042e-01  8.35261047e-02 -4.21100780e-02 -4.52195434e-03
  2.38756780e-02  1.04245069e-02  1.79034062e-02 -1.47559401e-02
 -3.93927954e-02 -4.67915088e-03 -6.60611615e-02 -9.31705683e-02
 -6.11175895e-02 -2.34645847e-02 -8.99057649e-03  3.09341922e-02
 -3.11721079e-02  1.61140244e-02  1.12988399e-02 -4.20285836e-02
 -1.22041538e-01 -1.99852306e-02  9.43302736e-03 -4.88667265e-02
 -8.50086734e-02 -2.34295567e-03 -7.28822052e-02 -2.19295193e-02
  1.46289915e-02  7.18303844e-02  3.67010478e-03  6.00304045e-02
  2.06270702e-02  2.10766401e-02 -2.98358388e-02 -6.48871818e-08
 -2.07474944e-03 -4.52489965e-02  1.14416920e-01  9.95397847e-03
  3.67432050e-02 -7.22683668e-02  2.80792546e-02 -2.47985721e-02
 -3.65114328e-03 -2.88223010e-03  4.34302390e-02 -6.55567273e-03
 -1.24118561e-02 -5.79675958e-02  1.90806575e-02 -1.19696140e-01
  5.33247031e-02  7.45478123e-02 -3.82030383e-02 -1.15547724e-01
  6.54032454e-02 -5.35715036e-02 -1.11403018e-01 -1.76690500e-02
  6.84760930e-03 -7.64903724e-02  6.77247019e-03 -1.91634502e-02
 -1.53431566e-02 -1.04475636e-02 -1.77962109e-02  2.72503179e-02
  4.95460965e-02 -7.45327026e-02 -8.29838738e-02 -2.15259362e-02
  3.42491232e-02  1.73173044e-02 -5.71191311e-02  5.13437912e-02
  3.52530517e-02 -5.40343262e-02  2.04980094e-02  4.16791141e-02
  7.48464018e-02 -5.78505397e-02 -2.69189663e-02  4.69823256e-02
  6.00879267e-03 -6.60769865e-02  7.66102970e-03 -1.86248275e-04
  2.58405805e-02  4.20514047e-02 -6.66902587e-02  7.84119219e-02
 -3.43954470e-03  1.92583743e-02 -4.15813178e-02 -1.85161252e-02
  8.40335190e-02  4.47617806e-02  1.77258290e-02 -7.34021887e-02]