[ 3.01796161e-02  7.99064040e-02 -6.35703728e-02 -1.66383497e-02
 -1.81234386e-02  4.55000484e-03  6.84863850e-02  8.93198103e-02
 -2.76979189e-02  7.60999620e-02  5.68136387e-02 -1.38128130e-02
  2.28879843e-02  3.09693012e-02 -3.00033744e-02 -5.09207323e-02
  3.93599607e-02  2.81283222e-02  3.29953502e-04  8.64504576e-02
  1.80088893e-01 -7.01818913e-02 -5.36994524e-02  5.19138947e-03
 -9.29940194e-02  3.36904749e-02 -7.10360631e-02 -2.09036078e-02
 -5.48137873e-02 -3.19873653e-02 -4.89278734e-02  1.51032116e-04
  1.18855461e-01 -3.39815840e-02  2.48251744e-02  3.43167037e-02
  4.63546477e-02 -2.16605812e-02 -2.47541163e-02  6.23099953e-02
 -6.08478375e-02 -5.15598804e-02 -8.85034055e-02 -6.32687509e-02
 -3.54176275e-02 -1.57881975e-02  3.72162312e-02 -2.51227450e-02
 -6.61667734e-02 -1.84717458e-02 -4.13472578e-02  1.47228185e-02
  2.59243825e-04 -4.79667857e-02  2.94905882e-02 -6.01979606e-02
  1.92090520e-03 -3.47722359e-02 -5.86245954e-02 -3.68231954e-03
 -1.65488105e-02  3.06072906e-02 -3.29573415e-02 -1.69917364e-02
  5.85970357e-02  2.91723143e-02 -1.38481865e-02  4.18044219e-04
 -3.08476593e-02  2.37502009e-02  2.70489156e-02 -4.46691923e-02
  4.17478159e-02  2.12434307e-02 -3.13264020e-02  4.30734567e-02
 -4.73549543e-03  2.49191690e-02 -2.99636181e-02 -1.59662589e-01
  6.56539649e-02 -5.46945678e-03 -3.58163603e-02  2.51258817e-02
  5.38340285e-02 -1.26310196e-02 -1.75874718e-02 -1.56992767e-02
  2.10910160e-02  3.32872421e-02  3.13686393e-02  4.02027406e-02
 -6.07012436e-02 -6.88782111e-02  5.61305471e-02 -2.07249671e-02
 -3.48141938e-02 -3.82980965e-02  7.89009109e-02 -3.02690417e-02
  2.50986014e-02 -3.61474347e-03  4.54670787e-02  2.19217334e-02
 -1.72077250e-02 -4.47157510e-02 -5.49377613e-02 -8.56700912e-02
  2.27206275e-02  1.33726820e-01 -5.75098656e-02 -2.82112528e-02
 -1.09929100e-01 -7.79062212e-02 -6.11227751e-03 -2.67484020e-02
 -3.80498655e-02 -3.80190983e-02  1.25832669e-03 -4.18251902e-02
  3.61224674e-02 -2.29014605e-02  9.68695953e-02 -3.49018537e-02
  4.45962623e-02 -2.60528103e-02  6.20968193e-02  8.83314577e-33
 -3.44322659e-02 -2.60735918e-02  1.47157046e-03 -1.27129862e-02
 -1.20348074e-02  4.54144143e-02 -3.99123505e-02  3.73572968e-02
  1.08942002e-01  2.22833157e-02 -4.26239520e-02  7.95144439e-02
 -1.63463727e-02 -2.11608410e-02  1.22044124e-01 -7.23630469e-03
  9.85887498e-02  7.58030787e-02  1.08296601e-02 -3.28813354e-03
 -3.38218249e-02 -3.01665813e-02  7.42480997e-03 -1.75279379e-02
  3.35889943e-02  2.62570870e-03 -4.85441759e-02 -6.83526369e-03
 -8.02889541e-02  2.10774317e-02  1.34253949e-01  9.66981985e-03
  7.13712424e-02 -6.04625866e-02 -9.37011763e-02 -9.18170661e-02
 -3.74790244e-02  2.86825541e-02 -9.54914279e-03 -7.01207668e-02
 -5.66217713e-02 -1.59277227e-02  1.06279127e-01  2.35223733e-02
  5.93987620e-03  3.32824066e-02  2.96161026e-02  3.14876065e-02
  8.20808336e-02  2.96208095e-02 -4.21370496e-04 -7.98213668e-03
 -2.46390309e-02 -6.07556887e-02  1.34405900e-05  8.28475971e-03
 -2.78787524e-03  1.77261084e-02 -6.56245882e-03 -7.13288262e-02
 -3.01279686e-02 -6.95648231e-03  7.79875601e-03 -5.25933579e-02
 -3.15913633e-02 -5.36864251e-02  1.00197149e-02 -4.15097820e-05
  1.17719434e-01  5.87316453e-02 -9.15676132e-02 -1.58943851e-02
 -4.26121019e-02  4.05280925e-02  7.77777564e-03  1.91131663e-02
  4.70381901e-02  3.44270952e-02 -9.86363664e-02  4.62076962e-02
 -3.14044394e-02  1.12080956e-02  4.08507772e-02 -3.02914493e-02
  5.24534807e-02  7.94370621e-02  1.30043933e-02  5.28058968e-02
 -1.14773652e-02  8.12389702e-02  2.18304284e-02  8.53075236e-02
 -4.40936759e-02  6.21045232e-02  2.93752700e-02 -1.11665505e-32
 -4.09719860e-03  3.31359729e-02 -7.54242837e-02 -7.21985754e-03
 -1.78918056e-02  7.17168441e-03 -1.32799335e-02 -6.12435825e-02
 -9.73220840e-02 -4.57670800e-02 -6.68664202e-02 -1.09698810e-01
  3.80722843e-02 -3.41547653e-02 -1.15390256e-01  4.36399020e-02
 -1.00552082e-01 -5.19545376e-02 -2.88683530e-02 -1.30560519e-02
 -2.19308138e-02  9.44844335e-02  4.84512113e-02 -3.43935750e-02
 -1.02872886e-02 -1.30035747e-02 -5.60374148e-02 -3.69559824e-02
 -6.90157562e-02 -3.88015211e-02  3.05311829e-02 -1.16811702e-02
 -1.65457763e-02  6.67724088e-02 -5.26099093e-02 -7.51136094e-02
  5.42125069e-02 -3.00023649e-02 -3.00255716e-02  8.35709572e-02
  7.35068098e-02  1.17412925e-01  3.91141884e-02 -5.26875183e-02
 -3.23678404e-02 -4.07343581e-02  2.14005448e-02 -1.17450789e-01
  3.04514412e-02 -8.38638544e-02  1.01286106e-01 -7.68570006e-02
 -1.74401533e-02 -7.24084768e-03  1.73056703e-02  3.70265893e-03
 -1.54950349e-02 -7.19638020e-02 -6.76502511e-02 -1.74371731e-02
  5.42254634e-02 -9.77099594e-03 -6.29321858e-02  2.94889230e-02
  1.30205154e-02  1.23454053e-02  5.46809770e-02  6.08371291e-03
  1.77136492e-02 -1.15553830e-02 -3.74489464e-02 -7.55160376e-02
 -3.13012078e-02  1.28935799e-02 -1.34610040e-02  4.23121788e-02
 -2.17456855e-02 -4.05060835e-02 -4.18671258e-02  3.65993828e-02
 -8.66539404e-02 -1.95613392e-02 -3.73897962e-02 -7.00034723e-02
 -5.75647615e-02 -6.48780784e-04  1.62913476e-03 -1.65958181e-02
  2.60229353e-02  8.71469080e-02 -1.12189606e-01  7.59585798e-02
 -3.13705727e-02  2.45710947e-02 -1.14339041e-02 -5.96227352e-08
 -5.43813547e-03 -3.44742797e-02  5.01475707e-02 -6.93786843e-03
  2.93360949e-02 -9.27474499e-02  2.30268370e-02  5.31059748e-04
  3.66569273e-02  2.43773144e-02 -4.84731980e-02 -3.31204012e-02
 -7.96697289e-02 -4.61348856e-04  4.35986221e-02 -6.84366226e-02
  6.14767782e-02  5.97687699e-02 -5.82433306e-02 -5.74802011e-02
  7.78470784e-02 -3.73259485e-02 -1.19504303e-01  1.32951299e-02
  6.14073053e-02 -5.71541116e-02 -1.60508621e-02  5.68771409e-03
 -1.57837979e-02  5.96870631e-02  2.84809689e-03  1.07987551e-03
  7.11232796e-02 -4.42014635e-02 -1.13813663e-02 -8.34514759e-03
  7.49534834e-03 -5.70443971e-03 -2.12957151e-02  2.70564277e-02
  1.23714991e-01 -5.84673434e-02 -2.44818768e-03  5.55353053e-02
 -2.26795468e-02 -2.71394569e-02 -3.50208506e-02  4.39587086e-02
 -3.30631202e-03 -5.54663874e-03 -5.96897502e-04  4.07178886e-03
  6.17328137e-02  4.45293039e-02 -1.54020619e-02 -3.69347669e-02
  8.85538161e-02  1.51938181e-02 -1.33418366e-02 -3.75923291e-02
  1.05560757e-01  4.46412973e-02  3.05809733e-02 -3.48964967e-02]