[ 4.04360965e-02  4.97628525e-02 -5.59092639e-03 -1.95716210e-02
  1.17354691e-01  4.28802408e-02 -2.21629441e-02  9.48200971e-02
  1.10933976e-02  1.36676468e-02 -2.80985627e-02 -2.23036166e-02
  2.02923622e-02  1.79408826e-02 -4.15039025e-02 -6.66753948e-02
 -1.90338753e-02 -3.45982686e-02 -5.17477728e-02  3.08219120e-02
 -3.15052494e-02  7.64861377e-03  3.71529385e-02  4.10784446e-02
  4.47689593e-02 -9.07178223e-02 -8.39146078e-02  4.29440625e-02
 -1.57499891e-02 -8.64796564e-02 -3.10471393e-02  5.42580970e-02
  1.16746686e-02 -5.23804920e-03 -1.23697922e-01 -9.44264978e-02
 -3.28233913e-02  2.71303244e-02  2.82953959e-02  1.76120251e-02
 -4.99805473e-02 -7.62183815e-02 -2.85649616e-02 -6.31480739e-02
 -9.86052491e-03 -1.87905282e-02  3.05680670e-02  4.18619066e-02
  6.02271082e-03 -3.35762426e-02 -8.39161575e-02  4.64857370e-02
  1.79074798e-02 -4.72541265e-02  2.88009532e-02  1.59737002e-02
 -4.45998274e-02 -5.56868613e-02  1.87180180e-03  1.77456683e-03
 -8.70679133e-03 -5.37499301e-02  3.32751800e-03  1.49278129e-02
  2.69562565e-03 -1.09377392e-02 -4.32532933e-03  1.87283605e-02
 -3.03607695e-02  8.98598656e-02  9.57812220e-02  1.48571813e-02
 -5.40417098e-02 -1.74481068e-02  7.67639503e-02  3.70098725e-02
  5.37710674e-02  1.49553835e-01  4.33890224e-02 -8.59325305e-02
  4.58687060e-02 -1.27007589e-02  3.49932816e-03 -1.18421860e-01
  5.27662896e-02 -2.93998625e-02  2.06102077e-02 -3.58108431e-02
  1.53950742e-02  6.35815933e-02  8.05294141e-03  1.91294998e-02
  1.44322403e-02  2.05482375e-02  5.63725531e-02  1.81265660e-02
  1.82634797e-02  9.34111625e-02 -3.52926226e-03  2.46792976e-02
  3.20280716e-02  1.00639440e-01 -5.12564816e-02  6.17600940e-02
  3.56282969e-03  3.17136198e-02  4.77198027e-02  3.90085392e-02
 -3.75411636e-03  8.32235499e-04  7.62373284e-02  6.39966689e-03
  2.01553176e-03  7.74394348e-03 -1.22190110e-01  9.38208215e-03
 -5.99073544e-02  7.29465336e-02  4.83989567e-02  3.32879671e-03
 -2.83493437e-02  1.65559649e-02 -2.17455197e-02  8.96602590e-03
  8.07592496e-02  1.18803397e-01 -3.03606745e-02  4.79402669e-33
  2.46069375e-02  2.04414967e-02  7.66488025e-03 -3.81841324e-02
 -6.06797673e-02 -1.95082929e-03 -5.48297055e-02  5.29871089e-03
 -9.30551626e-03  3.23248787e-05 -9.83668938e-02  3.22610177e-02
  1.21824937e-02 -8.83160979e-02  4.23459411e-02  3.20759631e-04
 -2.97502279e-02 -2.15694029e-03 -1.36397704e-01 -4.42307107e-02
  9.77960303e-02  4.02193479e-02 -2.40340997e-02 -4.93848994e-02
  5.32265715e-02  3.52932326e-02  3.08419634e-02 -7.49664232e-02
 -3.97659056e-02  5.31577431e-02 -4.46354225e-02 -6.96731284e-02
 -8.01797211e-02  5.06001860e-02  1.77003462e-02 -8.95392671e-02
  5.60502969e-02 -1.18670538e-02 -5.60044404e-03  6.94342628e-02
 -3.91759276e-02  7.84471910e-03  1.66489370e-03 -1.13495529e-01
 -1.05800286e-01 -5.59241697e-02 -5.77009097e-02  1.58504546e-01
  6.34906292e-02  6.83223903e-02 -3.23090665e-02 -3.51679437e-02
  8.20795000e-02 -3.20098400e-02  7.35988170e-02  5.80713041e-02
  7.27823516e-03  7.40328105e-03  2.52107810e-03  1.09914832e-01
 -7.54516991e-03  5.42691089e-02 -2.19053403e-02  2.90384050e-02
 -8.02284926e-02  4.78013698e-03 -4.74595949e-02 -1.61988940e-02
  1.11451466e-02 -2.24798564e-02  2.94586085e-02  2.92669479e-02
 -1.94923226e-02 -8.55889469e-02  6.66459724e-02 -4.71724570e-02
  6.90933764e-02 -4.99423891e-02  2.60003414e-02  2.17199996e-02
 -6.31891191e-02  5.18221445e-02 -7.23355561e-02 -3.16935927e-02
 -2.74207424e-02 -2.85069868e-02 -1.82096809e-02  1.31335603e-02
  4.47998866e-02 -3.80778406e-03  1.11551248e-02 -2.74349190e-02
 -4.28109569e-03  8.39705952e-03 -8.57676119e-02 -2.77916013e-33
 -1.55375688e-03 -1.33572081e-02  7.35176057e-02  2.28956975e-02
  1.01761490e-01  7.09548965e-03  5.57175986e-02 -3.05318795e-02
  5.64400014e-03 -7.73158669e-02  5.59841916e-02 -3.20423208e-03
  9.88179166e-03 -9.50469524e-02 -1.43090766e-02 -2.49241833e-02
  2.69995257e-02 -1.09117836e-01 -8.30657557e-02 -2.50538867e-02
  2.18922570e-02 -1.00046331e-02  3.77769396e-02  8.07122421e-03
 -6.07743487e-02  5.13051776e-03  1.22809105e-01 -4.63000732e-03
 -2.31476594e-02 -1.20653957e-02  1.14782844e-02  3.97294462e-02
 -3.29153612e-02  2.82515716e-02 -2.26453282e-02  9.53311697e-02
  2.10681222e-02  1.73628074e-03 -9.98519659e-02  4.78285700e-02
 -2.28238036e-03  8.55475888e-02 -5.19728959e-02 -4.43201289e-02
  1.59609057e-02  9.31034535e-02 -9.44289938e-02  6.80467114e-03
  6.13815859e-02  2.31876839e-02  4.23944294e-02  2.00556107e-02
 -6.92695901e-02  1.20607682e-01 -5.16674593e-02 -1.17416404e-01
 -1.41341742e-02  1.86544154e-02 -5.50711490e-02  4.88415137e-02
  1.01650335e-01  2.82549355e-02 -8.00451078e-03  1.01621719e-02
  1.02292290e-02 -3.03362347e-02 -1.07063055e-01 -1.07083879e-02
 -3.64098437e-02  1.92754660e-02 -5.14429936e-04 -4.02078442e-02
 -2.92758644e-02 -2.81206947e-02 -5.99347241e-02  1.07868157e-01
  4.63914778e-03  2.25420147e-02  3.45293395e-02 -1.64945554e-02
  2.81220991e-02 -1.72967743e-03 -1.36705227e-02  5.30199297e-02
 -9.16532502e-02  5.96643761e-02  2.52081770e-02 -7.60727003e-02
  4.77618538e-02 -6.72398321e-03  7.61091476e-04 -3.16459537e-02
 -5.41434158e-03  8.80134627e-02 -1.82058625e-02 -5.47861916e-08
  4.79613952e-02 -1.81033388e-02 -6.22224547e-02  6.62548691e-02
 -1.99012784e-03  6.25680685e-02 -2.58349404e-02  3.38825956e-02
 -5.62426522e-02  6.85759410e-02  6.62101358e-02  2.99436711e-02
  1.96089782e-02 -6.19661473e-02  1.79864727e-02  5.23250513e-02
 -3.53900832e-03 -4.77979705e-03 -4.90154736e-02 -6.12142980e-02
  1.66848451e-02  7.97363520e-02 -2.48754956e-02 -1.45999264e-04
  2.15399228e-02 -1.29310703e-02 -6.18446730e-02 -3.73884328e-02
  4.32519838e-02 -3.90124284e-02 -5.14829718e-02  1.49169210e-02
 -5.40338736e-03  4.54558898e-03  1.84739905e-03  8.36897816e-04
 -5.77250049e-02  8.58645961e-02 -1.23552671e-02  7.01437071e-02
 -1.72966588e-02  7.78839341e-04 -2.45130453e-02 -4.73399013e-02
 -1.68603417e-02 -6.46239147e-02 -3.87152135e-02  3.16949151e-02
 -1.45796947e-02 -8.11834168e-03  3.22309658e-02 -6.24589175e-02
 -9.82040446e-03  8.78096297e-02  3.90870646e-02  1.01006560e-01
 -4.06368896e-02 -7.61364773e-02 -1.18071912e-02  3.56630720e-02
  5.57400621e-02 -1.62731833e-03  6.27463013e-02  7.84166530e-02]