[ 4.38861065e-02  3.60270925e-02 -1.35337725e-01 -4.03938107e-02
 -1.00052610e-01  5.41104972e-02  1.28155213e-03  1.13470539e-01
 -3.63525935e-02 -4.51337919e-02  3.01369512e-03 -9.12883431e-02
 -4.54672500e-02 -5.74662536e-02 -8.71066675e-02 -5.49992882e-02
  8.69039819e-03  2.37966585e-03  1.04874186e-03 -5.33672608e-02
 -3.64621915e-02  4.88708690e-02  2.86055040e-02 -2.69913599e-02
  1.42577484e-01  4.47189063e-03 -1.25576211e-02  5.31255230e-02
  3.17294709e-02 -1.38800085e-01 -6.92905709e-02 -3.04483585e-02
  1.48270994e-01 -2.36388464e-02 -6.74723163e-02 -1.14853963e-01
 -5.18112183e-02 -7.66370166e-03 -3.69296633e-02  9.96705070e-02
  7.14185610e-02 -2.34971028e-02  5.73366322e-02  7.52597675e-02
 -2.35344693e-02 -4.07976238e-03 -1.15676381e-01  1.59939155e-02
  3.58861946e-02  2.43825912e-02 -9.00174081e-02  2.16746349e-02
  8.24872591e-03  9.60506424e-02  1.15745550e-03  1.22352839e-02
 -4.06742021e-02 -6.75192252e-02  2.81685982e-02 -2.78371442e-02
  4.01673727e-02 -5.01509896e-03 -5.69731183e-03 -3.95791009e-02
 -2.33080257e-02  2.82715429e-02 -1.29407085e-02 -6.35648295e-02
  2.54073814e-02  4.94901976e-03 -1.04994504e-02  3.92385088e-02
 -2.00702474e-02 -3.79999750e-03 -6.12998754e-02  5.47960363e-02
 -4.94076610e-02  3.25588547e-02  3.31099331e-02 -9.05909985e-02
  4.01746295e-02  3.07280160e-02 -1.95441507e-02  4.84517775e-02
  2.81360131e-02  1.58062186e-02 -4.71215919e-02  1.05770141e-01
  2.93646958e-02  1.17031140e-02 -3.54139470e-02  4.23405133e-02
 -5.83892092e-02  1.19903442e-02 -5.20177074e-02  4.21905145e-02
  7.83750191e-02  2.03030426e-02  8.56546219e-03  3.79728340e-02
  1.67618766e-02  2.90243253e-02 -3.24869901e-02 -1.31955734e-04
 -7.72805586e-02 -1.62891913e-02  5.10982014e-02  5.45395836e-02
  2.56534144e-02 -2.44707093e-02 -3.03160045e-02  1.18769091e-02
  3.14231962e-02  4.65379970e-04  5.54683879e-02 -3.93898934e-02
  1.75428521e-02  3.55306342e-02  2.62539228e-03  3.65909971e-02
  1.71112288e-02 -1.43072512e-02 -1.01317540e-02  6.51379526e-02
 -7.89156184e-03 -1.73950288e-02  1.38556561e-03  9.79091065e-33
  8.91174823e-02 -1.26222325e-02 -4.51549292e-02  6.94675893e-02
 -1.30097391e-02  1.80820432e-02 -1.01685829e-01 -5.68250678e-02
 -5.13679124e-02  1.51075120e-03 -3.09442468e-02 -4.42984514e-02
 -5.82474321e-02  4.39862423e-02  3.60284448e-02 -1.64728519e-02
  1.60749201e-02  6.04739273e-03 -4.59219404e-02 -5.54004721e-02
 -1.35199714e-03  7.36219063e-02 -9.92967188e-03 -5.09493575e-02
  4.14025411e-02  7.85354227e-02 -5.18121049e-02 -4.59960103e-02
 -6.79279938e-02  3.41043212e-02  6.01052754e-02 -3.07867583e-02
 -5.40515855e-02 -2.69518998e-02  8.51458870e-03 -3.42518627e-03
 -6.71391264e-02  4.43130434e-02  5.87529652e-02 -6.00924250e-03
  7.41360290e-03  2.22058147e-02  1.79758444e-02 -5.18320166e-02
  9.22443438e-03 -1.02934964e-01  3.34343612e-02  3.92624959e-02
  6.87883794e-02  5.57075404e-02 -2.41159182e-02 -4.42086421e-02
 -5.03992587e-02  1.58210639e-02 -3.22237574e-02 -2.99173389e-02
 -4.44049165e-02  9.16430876e-02 -4.32703719e-02  1.11776859e-01
  5.95236337e-03  6.73112944e-02  1.20065911e-02 -3.73232439e-02
 -5.89103624e-02  2.67565679e-02 -9.46410298e-02 -7.64310732e-02
 -1.90566927e-02  1.05643287e-01  1.59072988e-02 -6.30297959e-02
  9.60175321e-02  7.70846847e-03 -5.34102023e-02  3.85072343e-02
 -4.02517253e-05  1.75808072e-02 -4.92947400e-02 -3.46371718e-02
 -3.04712746e-02 -2.98878434e-03 -7.84621835e-02 -6.57826215e-02
  2.12483574e-02  1.76640693e-02  5.72307408e-02 -1.85350366e-02
 -1.20473735e-01 -1.38561223e-02 -4.32441849e-03 -4.40990031e-02
  4.08338457e-02 -2.16252673e-02 -5.64600118e-02 -8.08588695e-33
  1.11637348e-02  9.48616713e-02  2.38511972e-02  2.16994621e-02
  1.62753351e-02  2.77283285e-02  4.25071828e-02  6.14623465e-02
  2.23417557e-03  4.49511260e-02  1.18886285e-01  2.60848831e-02
 -9.85169597e-03 -8.98838490e-02  1.87069122e-02 -1.55829536e-02
  2.33134444e-04  4.10367399e-02 -5.17338291e-02 -9.13823918e-02
  4.44858131e-04 -4.40128148e-03 -2.57927999e-02  7.83929303e-02
  2.78432909e-02  1.18346602e-01  5.21269739e-02 -2.91143321e-02
 -9.16440263e-02 -9.53757204e-03 -1.07199438e-02 -7.46470690e-02
 -4.91530001e-02  2.53600702e-02 -9.08293650e-02 -4.82162088e-02
 -1.52610317e-02  3.41353975e-02 -2.99576228e-03  8.75936076e-03
  7.17971846e-02 -8.12578015e-03  1.86145641e-02  3.04779783e-02
 -3.86623591e-02  5.09761088e-02  6.76733851e-02 -2.37258198e-03
  5.37943356e-02  3.85408886e-02  7.12342560e-02  8.10197741e-03
 -1.82361733e-02  1.60586625e-01 -2.56504975e-02  3.58101577e-02
 -1.64917801e-02 -1.96056720e-03 -1.04151450e-01 -1.50091099e-02
 -3.38927913e-03  6.52026907e-02  3.38181779e-02 -1.65759511e-02
  6.68044761e-02 -4.37241606e-03 -8.37010369e-02 -2.51917932e-02
 -2.63552573e-02  2.08019074e-02  6.37189224e-02  2.03152299e-02
  2.92323921e-02  2.77473032e-03 -3.82621475e-02 -6.11288324e-02
 -1.99752674e-02 -2.16443185e-02 -1.49667710e-02  3.29165235e-02
 -9.89968404e-02 -1.57785024e-02 -6.56339200e-03  6.83393925e-02
  1.52290920e-02  5.28230593e-02 -2.99124680e-02  2.75455937e-02
  1.09341323e-01  3.88724953e-02  1.82476721e-03  1.13796532e-01
 -2.59003639e-02 -4.72713038e-02  8.45195726e-02 -5.20001002e-08
 -1.02121029e-02 -3.67974080e-02 -6.72766939e-02  1.41500970e-02
  7.47753354e-03  1.61936588e-03 -2.35629957e-02  1.63632464e-02
 -7.72324726e-02  4.87059308e-03  1.37090847e-01  2.12235060e-02
 -7.86710382e-02 -9.37231258e-02  3.66861820e-02 -8.28102082e-02
 -1.91915166e-02  1.10611409e-01 -2.16940101e-02 -4.78329696e-02
 -1.44519654e-04 -1.13777425e-02 -5.67451259e-03  2.04174370e-02
 -5.40664569e-02 -2.52123941e-02 -3.53239588e-02  4.76282611e-02
  5.25599383e-02  3.70809548e-02  9.54416096e-02 -1.66176520e-02
  1.02612399e-01 -3.69427912e-02 -2.02036221e-02  1.81822944e-02
 -5.56267351e-02 -2.46601528e-03 -4.97671776e-02  3.34887318e-02
  1.76948737e-02 -5.44238873e-02 -3.48282568e-02  6.19983189e-02
 -1.24950102e-02 -2.78831366e-02 -1.09806480e-02  3.02647259e-02
 -9.88668576e-03 -9.90504324e-02  2.61027236e-02  1.26785263e-02
 -9.08216555e-03  1.92052908e-02 -7.04539344e-02  1.89410653e-02
 -2.67624799e-02  4.91108634e-02 -2.97175832e-02  2.59964745e-02
 -7.61202304e-03 -6.70702010e-02 -2.43509337e-02 -1.36822357e-03]