[-3.12571935e-02  7.52947927e-02 -6.65521175e-02 -3.30392048e-02
 -1.01031624e-01 -2.31870878e-02  2.96403710e-02  1.04483776e-01
  6.19201362e-03  5.16339578e-02  1.12649508e-01  1.87508366e-03
 -8.52381811e-02  5.79189248e-02 -1.95272528e-02 -1.12247942e-02
  3.88405249e-02  2.11427826e-02 -5.10609858e-02  3.35672051e-02
  1.12993516e-01  2.39836033e-02 -3.63251045e-02  9.84147787e-02
 -1.01243295e-01 -5.95290884e-02 -6.83089271e-02  4.24216874e-02
  1.73911583e-02 -1.15514966e-02 -1.39657967e-02  1.50245130e-01
  1.09148271e-01 -2.02058051e-02 -2.87168734e-02 -2.20465008e-02
 -2.99100950e-03 -8.81226361e-02 -1.99822243e-02  8.82582590e-02
 -1.16765415e-02 -3.07919830e-03 -6.64295107e-02 -4.68533896e-02
 -4.84987954e-03 -7.88915753e-02 -1.24480780e-02  4.97185513e-02
 -4.50928584e-02 -5.78196160e-02 -6.23839572e-02  5.28341718e-03
 -8.59337393e-03 -2.69403905e-02 -4.53514010e-02 -5.61693162e-02
 -2.11500470e-02 -4.52389680e-02  2.46120784e-02  1.96540207e-02
  1.25387656e-02  2.33728308e-02 -1.69768408e-02  1.10016139e-02
  3.12784640e-03  4.37444933e-02  2.14942973e-02 -1.57436598e-02
 -3.65153560e-03  3.68768275e-02  5.31569533e-02 -9.13180038e-02
  3.13816629e-02  3.57091688e-02 -5.56896888e-02  3.42101529e-02
  2.47798897e-02  2.34726071e-02 -2.44890805e-02 -1.28886312e-01
  2.00870894e-02  2.09540650e-02  8.44408944e-03 -4.04054299e-02
 -2.74691097e-02  3.76460962e-02 -1.70810688e-02 -2.82697156e-02
 -1.48398802e-02  2.29111742e-02  4.61391136e-02  3.16377953e-02
 -2.50102803e-02 -2.08303649e-02 -4.49583270e-02  4.76511801e-03
  2.40396317e-02 -1.25648841e-01  7.12127164e-02 -3.37256677e-02
  4.42776568e-02  1.47080021e-02  1.01650292e-02 -3.70503822e-03
 -7.65957236e-02 -1.87549349e-02  2.95612146e-03 -4.61819097e-02
  3.75558548e-02  1.22942761e-01 -8.12561512e-02 -1.65551305e-02
 -7.10031390e-02 -8.20104405e-02 -9.97869223e-02  1.02214832e-02
 -1.57745574e-02 -4.33864109e-02  7.30765164e-02 -1.50887799e-02
  1.78770646e-02 -7.37828240e-02  5.08124605e-02 -6.77919239e-02
  6.85684606e-02 -1.37923658e-01 -5.11848032e-02  1.13121678e-32
 -3.41188945e-02 -1.01362847e-01  1.33810984e-03  4.00267392e-02
  9.51501075e-03 -3.53174610e-03 -6.97558075e-02 -1.27791492e-02
  1.79561973e-02  1.85001269e-02 -8.85695815e-02  8.83453563e-02
 -2.47325115e-02 -1.01603029e-04  3.83944809e-02  9.25303157e-03
  1.29181258e-02 -2.58639883e-02  2.68424973e-02  1.66335106e-02
 -6.09895810e-02  2.45394036e-02 -3.05184396e-03 -2.33042445e-02
  3.95798273e-02  1.76899489e-02 -6.73018098e-02 -6.86018392e-02
  1.59392580e-02  4.10050936e-02  9.70523208e-02 -3.18869278e-02
 -9.77269746e-03 -2.12945435e-02 -4.05341946e-02  5.79896905e-02
 -4.98083280e-03  4.17464264e-02 -6.11706674e-02  1.94133315e-02
  2.55084243e-02  4.44772188e-03  7.06179962e-02  3.58763635e-02
  4.53423597e-02 -4.53336649e-02  4.17411104e-02  9.77201760e-03
  4.22369838e-02  1.07337333e-01 -4.24861498e-02 -2.24987511e-02
  1.61871873e-02  8.15424882e-03 -2.12793872e-02  4.23169099e-02
 -7.54438266e-02  6.94602681e-03 -1.81248542e-02 -4.13337871e-02
 -5.05392738e-02  4.30106707e-02 -1.13259546e-01 -1.44681474e-02
 -5.41102141e-02 -4.94550467e-02  7.31534045e-03 -2.98838690e-03
  6.68669343e-02  2.76327413e-02 -6.77108690e-02 -3.75474952e-02
 -6.69752136e-02  8.62893015e-02 -2.69207358e-02  4.01668027e-02
  2.08026879e-02  4.41678911e-02 -7.45478496e-02  6.45370036e-02
 -1.87813323e-02 -1.17036439e-02  6.77163005e-02 -3.27935107e-02
  7.35783502e-02  6.78865761e-02  3.92612070e-02  5.27097732e-02
  2.04895493e-02  8.80577266e-02  6.76888973e-02  1.16633780e-01
  2.54027620e-02  1.95794012e-02  9.67966020e-02 -1.34690890e-32
  1.43149514e-02  4.43923753e-03 -2.94312742e-02  5.36416583e-02
  1.49975168e-02  7.71102495e-03 -1.04904562e-01 -9.73633751e-02
 -5.69889173e-02 -1.24238931e-01 -6.14907555e-02  3.94780072e-04
  9.81313884e-02 -3.31631489e-02  4.42569740e-02  4.19959128e-02
 -7.13631064e-02 -6.17460981e-02 -9.06642303e-02  3.02159926e-03
 -6.89358711e-02  7.13285655e-02 -1.33549329e-02 -8.12247768e-02
 -1.02073569e-02 -4.31822985e-02 -3.44592035e-02 -3.50273177e-02
 -5.42376637e-02 -1.31697180e-02  3.86580192e-02 -1.62652284e-02
 -3.39307897e-02  2.62963194e-02 -1.25390729e-02 -1.26060506e-03
  2.63475347e-02 -1.58826727e-02  1.93998292e-02  4.92622331e-02
 -6.04950730e-03  4.71164994e-02  1.05822131e-01 -5.15635870e-02
 -4.12310399e-02 -1.99810741e-03 -4.16219234e-02 -9.19441208e-02
  2.32812744e-02  1.13755111e-02  5.38088083e-02  3.72160273e-03
 -1.24288788e-02 -8.86463970e-02  1.17397793e-01 -2.34608762e-02
 -7.64798606e-03 -7.41060302e-02 -1.05463222e-01  4.60065007e-02
  1.44152418e-01  1.01606306e-02 -5.60363717e-02 -3.62798013e-02
  2.53931414e-02  1.40596703e-02 -4.03786004e-02 -2.09882706e-02
  2.64451150e-02  4.12394246e-03  1.72516983e-02  2.39747539e-02
 -8.41332376e-02 -6.19506128e-02 -9.02743116e-02 -3.84702943e-02
 -5.23016155e-02  1.83235239e-02  1.60563625e-02  4.41887751e-02
 -1.12619186e-02  2.66620032e-02 -1.01002620e-03 -1.68669187e-02
 -7.26062655e-02 -2.96304580e-02 -1.70686785e-02  4.06591557e-02
 -1.67331807e-02  2.90629789e-02 -2.09943689e-02 -2.95895059e-02
 -2.60163322e-02  3.52342986e-02  6.42171083e-03 -6.54651799e-08
 -5.97570231e-03 -5.12675159e-02  2.77128126e-02 -9.25782230e-03
  5.99732809e-02 -2.88502462e-02  2.35964488e-02 -6.29557762e-04
 -2.14865169e-04  5.91811575e-02 -3.03013921e-02  4.06106226e-02
 -5.17556705e-02  7.87541866e-02  2.05697212e-02 -7.02269077e-02
  7.13915676e-02  2.78198328e-02 -5.19033596e-02 -2.86062732e-02
  7.07877874e-02 -6.31035268e-02 -8.84164274e-02  1.27715375e-02
  6.70121536e-02 -6.97054937e-02  2.77703945e-02 -1.30095112e-03
  3.58860288e-03  2.43481752e-02 -2.28773747e-02  3.76223843e-03
  3.56849306e-03 -2.08724998e-02 -3.84629220e-02 -2.39469726e-02
 -1.35118235e-02  2.31712982e-02 -4.82814983e-02 -6.26275176e-03
  1.20572418e-01 -6.01444021e-02 -3.86396609e-02  2.80271005e-02
 -1.33422604e-02 -2.52147652e-02  5.60120232e-02  5.49526736e-02
 -5.77609912e-02 -7.31769055e-02 -4.30087522e-02  3.45071964e-02
  6.08508438e-02  5.36239669e-02 -1.59340817e-02  2.64614038e-02
  8.81898999e-02  6.25364482e-02 -1.67706497e-02 -3.17201987e-02
  1.02041906e-03  2.59832814e-02  4.51445393e-02  1.17765432e-02]