[-7.42480829e-02  2.29390953e-02  3.23202857e-03 -8.96457732e-02
 -6.99365214e-02 -4.86396030e-02 -1.10148070e-02  1.03392743e-01
  7.54055521e-03  4.04696725e-02  1.12509601e-01  1.12817278e-02
 -3.39378901e-02 -1.58486981e-02  5.01397289e-02 -4.02700901e-02
  4.57616290e-03 -9.66359228e-02 -8.32905062e-03  8.70195031e-03
  1.22635111e-01 -1.09187039e-02 -3.00539788e-02 -8.28145724e-03
  5.95702007e-02  8.58354662e-03 -4.21311297e-02  6.87839370e-03
 -4.28717472e-02 -2.58955378e-02 -2.79108789e-02  1.42607868e-01
  4.40293998e-02 -2.43105069e-02 -1.89376790e-02 -4.91120741e-02
  4.14433368e-02 -2.57076900e-02 -1.32765230e-02  6.30966723e-02
 -1.81802120e-02 -8.36729631e-02 -6.91379681e-02 -5.86690977e-02
  3.64779914e-03 -8.12454298e-02 -1.38384653e-02  1.32348696e-02
  2.98547298e-02 -1.98840927e-02  1.68884285e-02  4.28936370e-02
 -3.96316536e-02  1.20518422e-02 -3.97731848e-02 -7.78397471e-02
  3.00288643e-03  4.90063131e-02  3.12233511e-02  5.48234805e-02
 -9.21448693e-04  9.28047521e-04 -5.20394407e-02  5.09915734e-03
  2.43733097e-02  3.54541168e-02 -2.96948408e-03 -3.57066803e-02
 -4.11537699e-02 -4.99201715e-02  9.23140813e-03 -5.20577691e-02
 -6.83753565e-03  1.77345052e-02 -7.86721706e-02  7.40478709e-02
  5.15603498e-02 -2.24313922e-02 -1.46205933e-03 -1.04078084e-01
  2.16590427e-02 -1.62020084e-02  2.36410066e-03 -1.51069928e-02
  2.75904667e-02 -2.14519654e-03 -3.79548334e-02  6.19370826e-02
  4.54161465e-02 -9.88334510e-03 -1.03582302e-03  8.81285220e-02
 -3.32736224e-02  2.29537282e-02 -2.54553966e-02  1.49326567e-02
  1.03290873e-02 -5.47064729e-02 -4.25332785e-02  3.28723155e-02
  5.03478907e-02 -1.09247835e-02  1.96368657e-02 -1.80981506e-03
 -7.40383863e-02 -6.98072044e-03  2.46946737e-02 -5.50023690e-02
  6.05789609e-02  3.05182617e-02 -8.04113820e-02 -6.22663237e-02
 -1.05623044e-01 -7.20124841e-02 -9.20448601e-02 -2.38427799e-02
 -8.84772614e-02 -2.01120414e-02  7.33891875e-02  1.17860762e-02
 -5.99822868e-03 -8.27307999e-02 -3.11052091e-02 -1.86198764e-02
  6.53810129e-02 -3.81551404e-03  1.10594049e-01  1.33384725e-32
  2.04567034e-02  6.68837950e-02 -4.87207063e-02 -1.20429043e-02
  2.35491414e-02  4.90628183e-02 -7.83014297e-02  2.39911284e-02
 -2.31025671e-03 -5.30238859e-02 -1.44691348e-01 -9.23367962e-03
 -1.12101391e-01 -2.27128342e-02  1.20019704e-01 -4.88691889e-02
  4.40559797e-02 -9.43921786e-03  1.36198960e-02 -1.32761337e-02
  1.78987775e-02 -1.77552011e-02  1.42172705e-02 -2.21773665e-02
  5.13527915e-02  8.29106420e-02 -5.73910736e-02 -3.05989776e-02
 -5.99147528e-02  6.28866851e-02  4.81759906e-02  3.78129371e-02
  9.38110426e-03 -6.99651837e-02 -1.36114806e-02 -6.50269240e-02
 -2.88993716e-02 -4.58754711e-02 -3.01693566e-02 -1.03570716e-02
 -1.90902986e-02  3.79964449e-02 -3.52060935e-03  4.63105068e-02
  3.56621630e-02 -4.77119386e-02  6.67769834e-02  6.90261554e-03
  1.20717324e-01  7.03375414e-02 -1.05164498e-01 -4.35461802e-03
 -7.83389658e-02  2.30242535e-02  5.79406507e-02  2.54748035e-02
 -5.43319322e-02 -1.69983208e-02  3.93483043e-02 -3.97075377e-02
  1.74883436e-02 -3.90874781e-03  1.89738870e-02 -1.51019869e-02
  1.59250963e-02  2.21601985e-02 -1.31527120e-02  1.26332529e-02
  4.30740230e-02  3.28575410e-02 -1.89221073e-02 -4.37565744e-02
  5.29438742e-02  2.72010341e-02  1.10946819e-02  4.78987992e-02
  2.92886533e-02  1.73996259e-02 -5.65326922e-02  6.12900183e-02
 -4.12057666e-03 -9.82240122e-03  2.31422321e-03 -5.33756055e-02
  8.12153369e-02  7.80738071e-02  7.09761828e-02 -3.10623497e-02
  6.74532400e-03  9.26278606e-02  2.12091897e-02  7.90836513e-02
 -6.22302331e-02 -5.47863590e-03 -2.84731691e-03 -1.35565590e-32
  3.46579286e-03  5.89344986e-02 -4.89377901e-02 -4.42776456e-02
 -3.34107429e-02 -5.34682795e-02  1.53254801e-02  9.96650159e-02
 -1.30572254e-02 -6.24873638e-02  2.81339884e-02 -5.45077883e-02
  6.99721798e-02 -9.97451842e-02 -4.80967686e-02  2.52046902e-02
 -3.23040448e-02 -4.53552455e-02  8.30730330e-03  1.14407334e-02
  7.65091740e-03 -1.25274081e-02 -3.59452404e-02 -1.44087691e-02
  8.27226341e-02 -6.35757819e-02 -5.56987785e-02 -2.67889127e-02
 -2.46443171e-02 -3.15738730e-02  3.30948242e-05 -1.89842302e-02
  4.18551564e-02  1.34190470e-01  3.10777854e-02  3.85544337e-02
  1.13602407e-01 -2.81683411e-02 -2.01580003e-02  4.53265756e-02
  1.02484994e-01  3.19387391e-02  2.52968315e-02 -5.39163798e-02
 -3.15300524e-02 -6.41341060e-02 -5.08987904e-02 -7.68197477e-02
 -2.85848770e-02 -9.01745856e-02  1.77750036e-01 -7.81205250e-03
  1.40235173e-02  3.28342170e-02  4.61669266e-02 -2.91917957e-02
  1.15172947e-02 -1.27925957e-02 -1.39869556e-01 -6.96895868e-02
  1.02536514e-01 -2.83951834e-02 -1.09588932e-02 -3.67861688e-02
  1.23005837e-01 -1.34063344e-02 -6.28934766e-04  2.34482214e-02
  4.71262820e-02  2.48455126e-02  4.24090102e-02 -1.33332342e-01
 -2.27196962e-02 -4.80293520e-02  1.99538432e-02 -2.50541442e-03
 -5.99432029e-02  5.11104502e-02 -3.01788542e-02  2.17316933e-02
 -4.84540015e-02  6.01252243e-02 -4.14777920e-02 -6.14962261e-03
 -1.95097085e-02  2.52444483e-02  4.81475331e-03 -1.00580379e-02
 -2.93295421e-02  4.96825166e-02 -6.77555948e-02  6.41651750e-02
 -1.72358397e-02  1.10094547e-01 -4.25982988e-03 -6.34376320e-08
  3.99125740e-02 -2.78154910e-02 -4.96305712e-03 -1.49334799e-02
  6.76895902e-02 -1.37780920e-01  4.84759733e-02 -5.38979657e-02
  2.22218074e-02  2.92042475e-02  5.34621663e-02 -2.93898694e-02
 -5.39364517e-02 -6.42097136e-03  5.34338914e-02 -5.45819243e-03
 -1.25576986e-03  5.00542521e-02 -4.77649420e-02 -3.15322615e-02
  8.89312625e-02 -2.18964126e-02 -2.53770407e-02 -4.70183007e-02
  1.43667785e-02  4.46553081e-02 -4.78721112e-02  1.39617808e-02
  1.59905944e-02  4.76757176e-02 -3.78693603e-02 -6.57213703e-02
 -8.83881468e-03 -8.37649778e-02 -4.21241224e-02  2.82511842e-02
 -1.12877702e-02 -6.54885313e-03 -1.34555921e-02  4.51908186e-02
  1.07845403e-01 -9.44126621e-02 -5.59924319e-02  2.16193851e-02
  1.25101551e-01 -2.32236963e-02  2.54840162e-02  5.59120998e-03
 -5.13355341e-03 -3.84366140e-02 -4.07169051e-02  1.87321436e-02
  1.50191030e-02 -8.14023707e-03 -2.04575006e-02 -4.95606773e-02
  7.57077411e-02 -1.15143238e-02 -3.93578596e-03 -3.40780169e-02
  8.96597728e-02 -6.12006581e-04 -3.50549705e-02  8.14222905e-04]