[ 3.77992331e-03  4.61638682e-02 -4.65431958e-02 -4.47172597e-02
 -6.77460060e-02  3.44340429e-02  4.87642325e-02  1.19815163e-01
 -1.13589019e-02  2.78252792e-02  2.88382806e-02  1.55186921e-03
 -5.71024083e-02 -1.10014323e-02 -3.79489735e-02 -1.13912001e-01
  7.09256111e-03 -3.19215516e-03  5.93290702e-02  5.16976081e-02
  7.51809850e-02 -4.89094816e-02 -3.47787067e-02  2.35703122e-02
 -8.60778615e-02 -3.41830142e-02 -7.96777904e-02 -1.96847925e-03
  5.46763092e-03 -3.43028503e-03  2.44386215e-02  6.19927272e-02
  5.01368791e-02 -2.24133432e-02  3.70626971e-02  2.78073531e-02
  4.69091646e-02 -1.17011312e-02 -6.01744726e-02  6.96373358e-02
 -9.52423662e-02 -1.56885386e-02 -7.46264607e-02 -6.64628968e-02
  2.95251589e-02 -7.60671571e-02  1.95191912e-02 -1.64208952e-02
 -7.50127360e-02  9.80515685e-03  1.36657362e-03  9.47070122e-03
 -8.16798827e-04  5.22661209e-02 -1.02120666e-02 -7.51253664e-02
 -2.93883160e-02 -7.37944320e-02 -7.38947242e-02  3.82432789e-02
 -4.66481522e-02  3.13517414e-02 -5.59285991e-02  1.29323071e-02
  8.98385048e-03  1.45890219e-02  7.57754548e-03 -3.76042686e-02
  7.36326575e-02 -1.50426570e-02  3.37959193e-02 -6.84692413e-02
  9.90529638e-03 -1.68192629e-02 -6.74468558e-03  4.50662225e-02
 -1.29917702e-02  1.04023188e-01  5.12255132e-02 -2.13317722e-01
  2.29118429e-02 -1.92953774e-03 -1.81571823e-02 -7.70206973e-02
 -2.97353812e-03 -1.91936865e-02 -6.64759427e-03  5.02671534e-03
  4.39814739e-02  8.96961521e-03  1.15088888e-01  8.64870176e-02
 -5.36610931e-02 -2.86028199e-02  6.43028319e-02 -1.18169086e-02
 -1.14729377e-02 -1.20735131e-02  9.49101672e-02  1.57833267e-02
  7.34706447e-02 -7.16013415e-03 -4.51779440e-02  9.23620071e-03
 -6.79341629e-02 -1.65523379e-03  4.44175266e-02 -8.48654136e-02
  1.70513354e-02  1.88678466e-02 -1.09720454e-01 -3.86758782e-02
 -2.32830718e-02 -6.59206882e-02 -5.25437854e-02  4.19243760e-02
 -7.04921708e-02 -5.42555703e-03  7.05740824e-02 -1.32770082e-02
  3.87964468e-03 -1.06983380e-02 -4.94540553e-04 -8.26318637e-02
  3.24219838e-02 -4.51988652e-02 -1.49734700e-02  7.25788563e-33
 -3.36305611e-03 -2.81406865e-02 -6.47438541e-02 -9.21479613e-03
 -2.02428643e-02  5.04874773e-02  1.30830612e-03  2.56461818e-02
  7.04254285e-02  7.19014332e-02 -6.16310053e-02  3.78419720e-02
 -4.86769490e-02 -2.07072496e-03  1.07013978e-01 -1.10042952e-02
  2.53292769e-02  4.42528799e-02  8.42955709e-03  4.65220911e-03
  3.48442160e-02 -3.50029059e-02  1.68102738e-02  1.95868518e-02
  5.12420535e-02  8.56848583e-02 -9.57476050e-02  1.06273429e-03
 -5.95583133e-02  4.61370982e-02  7.32127652e-02 -9.09000356e-03
  1.77011471e-02 -1.60017591e-02 -3.01131979e-02 -9.25276242e-03
  1.22767584e-02  4.98282127e-02 -7.17631867e-03 -7.87109882e-02
 -4.17912342e-02 -2.90526496e-03  8.15860629e-02  2.07740124e-02
  4.61697504e-02 -4.50456440e-02 -2.96184868e-02 -5.15615903e-02
  8.44993368e-02  6.65646046e-02 -3.47821275e-03 -5.50184213e-02
 -6.46895021e-02 -5.51159047e-02 -1.37399677e-02 -1.50108021e-02
 -1.11598969e-01  4.43551093e-02 -4.20089811e-02 -9.87640303e-03
 -4.20313887e-03  2.71422286e-02 -4.38579693e-02 -4.67939489e-02
 -6.64095134e-02 -4.52548712e-02  1.38098560e-02 -4.39006612e-02
  1.33721873e-01 -1.87997613e-02 -1.31228775e-01  3.10041551e-02
 -2.52263620e-02  1.69493649e-02  4.22545634e-02 -5.51369824e-02
  3.43322493e-02  3.75735797e-02 -4.21764180e-02  4.13968712e-02
 -3.74900475e-02 -2.32845433e-02 -1.95573121e-02  4.47103567e-03
  8.02154168e-02  9.78657324e-03  5.10242917e-02  4.55892757e-02
 -8.01949855e-03  1.72243814e-03  4.25255373e-02  6.16826266e-02
  2.30390136e-03  5.80679402e-02  9.67170373e-02 -1.19510615e-32
  7.20733264e-03  4.19933069e-03 -6.39727414e-02 -6.85825869e-02
 -3.59816402e-02  5.73240686e-03  1.35175539e-02 -3.29940058e-02
 -5.87458769e-03 -9.58984271e-02 -9.44823474e-02 -5.73246032e-02
  8.90257210e-02 -1.28153106e-02 -1.39080733e-01  2.19498686e-02
 -1.09584898e-01 -5.51725030e-02 -9.11572948e-03 -1.04251672e-02
  2.74786521e-02  7.12796971e-02  8.02140534e-02 -2.43307371e-02
  5.78197138e-03 -5.08536175e-02  8.98091681e-03 -3.59404124e-02
 -5.40677719e-02 -4.82486997e-04  5.09191044e-02  5.96212130e-03
 -6.71867356e-02  1.21292330e-01 -2.26046443e-02 -1.23209454e-01
  1.23664528e-01 -4.53119874e-02 -6.04347028e-02  5.37074395e-02
  1.18243553e-01  9.78985727e-02  2.57331878e-02 -6.72485083e-02
 -3.48382518e-02  4.46633156e-03  3.79518829e-02 -8.59343559e-02
  5.12333512e-02 -1.00718066e-01  6.79665506e-02 -4.51583304e-02
  1.02366144e-02 -2.49009319e-02  5.63276336e-02 -1.93188693e-02
 -1.92800872e-02 -8.17827135e-02 -6.99543580e-02  5.09308614e-02
  1.10847481e-01  6.78385347e-02 -4.85033989e-02  2.17185933e-02
  8.20240304e-02 -2.03326605e-02 -1.85795240e-02  3.01811751e-02
  8.58302880e-03  2.04962213e-02  6.19959366e-03 -9.87413004e-02
 -6.26187474e-02 -4.06885892e-02  2.74317320e-02  1.20766647e-03
 -1.75487008e-02 -2.63663232e-02 -4.43595573e-02  1.84923429e-02
 -4.01794650e-02  2.78015761e-03 -5.19563816e-02  1.56315025e-02
 -1.54761625e-02 -7.21804379e-03 -4.23384318e-03 -1.27296913e-02
  1.51630174e-02  5.87189086e-02 -2.71709915e-02  1.47712650e-02
  8.00058991e-02 -1.69985462e-02 -3.28702740e-02 -6.49300063e-08
 -8.10229219e-03 -1.16643319e-02 -1.75661892e-02  1.50538273e-02
  3.39605473e-02 -7.12327436e-02 -8.62617046e-02  3.48925292e-02
 -3.37003991e-02  2.63105370e-02  1.88501272e-02  6.00222126e-02
 -7.30433613e-02 -3.25872898e-02 -6.03165291e-03 -7.65749514e-02
  1.07704829e-02  5.42180426e-02 -3.89730968e-02 -2.19620802e-02
  3.44301015e-02 -3.95205654e-02 -1.00833416e-01 -1.40400948e-02
  7.95572437e-03 -1.85064338e-02  6.11751666e-03 -3.93450819e-02
  1.76664013e-02  5.92677817e-02  8.11166246e-04  2.29567327e-02
  9.58643481e-02 -9.69377160e-02 -2.74367575e-02 -2.85427105e-02
  1.48442099e-02  6.22988828e-02 -3.15044187e-02  3.62572121e-03
  3.97157259e-02 -6.84851930e-02  4.43760306e-02 -4.38770242e-02
  1.37058636e-02 -3.71077247e-02 -6.22352287e-02  4.25530933e-02
  1.63171384e-02 -4.54925373e-02 -2.93059424e-02 -7.90967606e-03
  4.88002822e-02  1.06042149e-02  1.89920235e-02 -4.31380682e-02
  2.62962170e-02  1.06019722e-02 -1.83473490e-02 -7.49671236e-02
  1.65178925e-02  4.80748601e-02  2.17406265e-02 -1.37091717e-02]