[ 1.77274458e-02  1.11674396e-02 -3.79971936e-02 -2.10707542e-02
 -5.22286706e-02  2.28854846e-02  3.87111306e-02  7.44801909e-02
 -1.49410367e-02  1.44231290e-01  4.74552391e-03 -3.34626958e-02
 -5.19037321e-02 -5.25831580e-02 -1.58153810e-02 -1.32910646e-02
 -3.39038633e-02  4.59122378e-03  3.48726511e-02  8.82462114e-02
  1.07085191e-01 -2.38600411e-02 -7.59284422e-02  2.51319949e-02
 -3.88694517e-02 -1.63107493e-03 -3.89710441e-02 -5.55810221e-02
 -1.42726107e-02 -1.46164922e-02  3.38660516e-02  9.80278999e-02
  9.97901186e-02  3.38407718e-02  1.34568006e-01  2.42447257e-02
  8.62096325e-02 -1.77270938e-02  2.26512621e-03  3.42182703e-02
 -8.03805292e-02  1.22747803e-02 -6.33704513e-02 -8.04933533e-02
 -3.83281969e-02 -4.26589847e-02  2.46781353e-02  3.92469019e-02
 -5.39869517e-02 -1.15432555e-03 -3.99209037e-02 -8.20304360e-03
 -6.97597349e-03  4.47891504e-02  1.79532543e-02 -3.36717367e-02
  1.19971540e-02 -1.99101605e-02 -4.11858857e-02 -1.29374852e-02
 -3.77050042e-02  2.34278049e-02 -6.44828752e-02  5.62746730e-03
  6.47410601e-02  2.46118661e-02 -1.68317333e-02  2.10164227e-02
 -6.51403591e-02 -1.22093083e-02  7.16339797e-03 -9.26964805e-02
  2.40252987e-02 -3.35240029e-02 -3.23647931e-02 -2.70170961e-02
  3.40580344e-02  9.13908482e-02  4.08442244e-02 -1.58449918e-01
  5.24610057e-02 -3.61308368e-04 -3.77131030e-02  6.95605716e-03
  1.23178838e-02 -3.98045704e-02 -2.22556628e-02 -8.53822082e-02
  8.69843438e-02  5.41018993e-02  2.89322603e-02  3.84591259e-02
  4.62385379e-02 -6.43188953e-02 -8.54964629e-02 -6.87798019e-03
  2.09651757e-02 -6.79391921e-02  9.74034593e-02  4.94556390e-02
  7.00071901e-02  6.09661490e-02 -1.49005055e-02 -6.66878605e-03
 -4.88795005e-02 -3.08781653e-03 -1.58433355e-02 -4.63065244e-02
  3.44590321e-02  4.01259698e-02 -5.06996699e-02  3.65488161e-03
 -5.88088147e-02 -6.89578652e-02 -2.97923549e-03 -4.11533341e-02
 -4.33059894e-02  1.10563049e-02  6.55273050e-02 -9.04047787e-02
 -1.24144936e-02 -3.37218381e-02 -4.64176796e-02 -7.87278712e-02
  1.51911974e-02 -8.61519109e-03 -2.25933976e-02  8.44583875e-33
 -5.56379408e-02 -3.89730893e-02 -4.92420681e-02  3.69808637e-02
 -4.56782542e-02  3.39648090e-02 -2.14666855e-02  2.70576589e-02
  1.66482925e-02  4.84373905e-02  1.64581947e-02  5.29713929e-02
  2.73112617e-02  4.05037077e-03  1.39699697e-01 -3.41077000e-02
 -3.75250056e-02  2.88935509e-02 -6.11876370e-03  3.62073518e-02
 -7.52654485e-03  2.41097286e-02  5.72255403e-02 -6.37150109e-02
  8.82028863e-02  1.06202951e-02 -5.93629070e-02 -4.37653549e-02
 -5.81674185e-03  5.78112155e-02  1.00073032e-01  4.89300750e-02
  3.33922282e-02 -5.23610134e-03 -1.23515194e-02  2.34095473e-02
 -2.34893220e-03  1.44195054e-02 -8.64680763e-03 -8.71878304e-03
 -4.52796109e-02 -1.64572373e-02  1.09992325e-01  2.85888966e-02
  2.49564592e-02  3.04079130e-02  9.61141363e-02 -2.15770956e-02
  1.24146804e-01  2.66110674e-02  2.69407760e-02 -6.13715127e-02
 -3.78068350e-02 -5.67325950e-02  5.16673177e-02 -4.59825993e-03
 -8.33984911e-02 -3.16521712e-02 -6.69646729e-03 -8.79855081e-02
  2.42270064e-02 -5.95064722e-02 -6.86251372e-02 -7.14125170e-04
 -7.07459003e-02 -2.01631077e-02 -4.31993641e-02  7.34189525e-02
  1.48295775e-01 -1.24745565e-02 -1.04528703e-01  3.11125368e-02
 -7.94491731e-03  3.40516344e-02 -2.01789495e-02  4.12834547e-02
 -1.48440668e-04  2.79069040e-02 -3.32147144e-02  1.90489721e-02
 -8.81279632e-02 -1.30091310e-02  1.82464775e-02 -8.79129954e-03
  1.35277405e-01  9.50660333e-02  3.65409367e-02  7.14372918e-02
  8.34525302e-02  1.52469678e-02 -1.16153713e-02 -2.67125154e-03
 -5.88325486e-02  4.00604755e-02  7.51789957e-02 -1.08956682e-32
 -1.34125873e-02  5.76426182e-03 -6.65415153e-02 -2.77233031e-02
  4.96413617e-04  2.58439295e-02 -4.93359752e-02 -6.67577758e-02
 -3.25867757e-02 -1.22262061e-01 -7.15329349e-02 -8.34106356e-02
  3.26233543e-02  1.61649901e-02 -9.16824862e-02 -1.38610490e-02
 -5.12796780e-03 -8.16920921e-02 -2.61341985e-02 -3.54818776e-02
 -3.30258980e-02  5.67633985e-03  7.14446828e-02 -2.15999763e-02
 -3.33200418e-03 -5.04087843e-02 -5.23604602e-02 -9.59093869e-02
 -2.49997936e-02  9.81943309e-03  6.75771460e-02 -1.70558542e-02
 -4.09602560e-02  8.49591643e-02 -5.61695434e-02 -2.26433557e-02
  5.73543012e-02 -7.03994110e-02 -5.83576523e-02  6.56088442e-02
  9.49715730e-03  9.86447111e-02  2.16757618e-02 -3.60409729e-02
 -7.62723908e-02  1.76254194e-02 -6.00340515e-02 -6.69390783e-02
  4.69330065e-02 -6.23632744e-02  9.67110097e-02 -3.99359651e-02
 -3.05092130e-02 -2.96310522e-02  9.30223148e-04 -2.61300262e-02
 -1.01034436e-02 -2.79727951e-02 -7.78173376e-03  5.20017464e-03
  5.04732467e-02  7.29242191e-02 -2.68682335e-02 -1.45662185e-02
  7.43566826e-02  2.47140378e-02 -3.64281498e-02 -6.64942292e-03
  6.37934580e-02 -2.52603013e-02  4.05920744e-02 -7.85644427e-02
 -1.45582139e-01 -9.66192223e-03  8.88241641e-03  4.04979736e-02
 -5.66515923e-02 -3.35619338e-02  1.25744091e-02  2.39178501e-02
  1.80378389e-02 -7.42121506e-03 -2.70650517e-02 -1.07063418e-02
 -1.04020581e-01  4.93428088e-04  6.75141392e-03 -6.29090518e-02
  4.90085408e-03  3.71649414e-02 -4.73944768e-02 -2.28803232e-02
  9.00071338e-02 -1.93071496e-02  3.09279207e-02 -5.32141868e-08
  3.07629397e-03 -5.24967127e-02 -1.89253539e-02  6.74082013e-03
  1.71961617e-02 -6.54804856e-02 -4.05066274e-02 -4.07008976e-02
 -4.30701263e-02  5.52744139e-03  9.54352841e-02  5.15228789e-03
 -3.57164815e-02 -3.14533785e-02 -2.98943724e-02 -7.67256394e-02
  1.56044941e-02  8.63559395e-02 -6.44899383e-02 -1.61171462e-02
  1.71356462e-02 -2.36026081e-03 -1.03773952e-01  5.54525619e-03
  2.45060436e-02  2.39794012e-02 -1.80251282e-02 -1.37669360e-02
  4.94768023e-02  4.20657024e-02 -4.30726446e-02  6.99602067e-02
 -7.88866822e-03 -6.13599233e-02 -4.20738570e-02  1.58321150e-02
  5.96293760e-03 -1.45490868e-02 -1.51913036e-02  1.25121865e-02
  7.26045147e-02  1.19437659e-02 -1.30863218e-02  1.09730344e-02
 -2.55165398e-02 -3.38258743e-02 -7.47470371e-03  1.66270020e-03
  2.37156637e-03 -9.32999179e-02 -1.16075967e-02  1.12025568e-03
  8.12985152e-02  9.13026333e-02 -5.44879027e-02 -4.42501120e-02
  2.36775428e-02  1.91369709e-02 -1.24908291e-01 -4.79514003e-02
  6.94015697e-02  5.22150137e-02  8.63488615e-02 -1.97137669e-02]