[ 4.13475819e-02  1.27504850e-02  1.16972318e-02  3.49963009e-02
 -6.54150844e-02 -1.00149997e-02  3.09132412e-02  8.76901448e-02
  2.07621958e-02  4.44978774e-02  2.08091829e-02 -7.12793767e-02
 -1.35263437e-02 -2.68302057e-02 -1.71474852e-02 -7.12906644e-02
 -1.66237894e-02  2.18772851e-02 -8.95481780e-02  5.30177681e-03
  6.65243939e-02 -4.45385724e-02 -5.05875796e-04 -2.26158090e-02
 -4.75892872e-02  3.95865776e-02  2.26566121e-02 -4.21411283e-02
  1.53826708e-02 -7.26450458e-02 -3.76086943e-02  9.79660749e-02
  8.38578865e-02 -6.10878840e-02 -1.22008603e-02 -7.42256409e-03
  4.92764860e-02 -4.65038009e-02 -4.02597673e-02  4.41614492e-03
 -4.08601686e-02 -6.25357330e-02 -1.27683289e-03 -4.76644821e-02
  5.23548387e-03 -5.98884635e-02 -3.55798081e-02  3.51327728e-03
  1.00572845e-02 -5.12096062e-02 -9.36398432e-02  1.93674099e-02
 -9.17988271e-02  3.12545337e-02  3.90648060e-02 -8.15830827e-02
  4.88792872e-03 -7.03220218e-02  4.59531285e-02 -1.71990693e-02
  5.34206219e-02  9.43885222e-02 -8.28999504e-02 -2.13418100e-02
  8.95034820e-02 -6.98672235e-03 -1.47517305e-02 -2.27628183e-02
 -7.75086880e-02  5.32748625e-02  4.03071605e-02  9.97592136e-03
  4.16686982e-02  5.19459806e-02 -3.24096531e-02  1.53922094e-02
 -7.81423505e-03 -7.45077478e-03 -6.26377612e-02 -6.46857768e-02
 -1.94336232e-02  2.98419874e-02 -3.65155712e-02 -5.55968769e-02
 -5.68551160e-02 -1.61503500e-03  8.49516317e-03  1.64888408e-02
  8.55832845e-02 -2.69825328e-02  2.99719404e-02  3.82463709e-02
 -8.56353343e-02  1.99614484e-02  1.66930091e-02  6.90399259e-02
 -2.84705795e-02 -4.69253473e-02  5.24914777e-03 -1.50653450e-02
  3.28696556e-02  3.18725780e-02 -9.27689373e-02 -1.87641140e-02
 -7.55763203e-02 -7.82886669e-02 -5.72925210e-02  3.73036228e-02
  2.99208090e-02  6.11691363e-02 -7.45745525e-02 -8.30415338e-02
 -5.82595617e-02 -6.79697900e-04 -8.61432552e-02 -5.89905456e-02
 -1.10633671e-03 -1.02949388e-01 -3.05398535e-05 -4.92521711e-02
  1.88243818e-02 -1.00571103e-02  6.38937429e-02 -3.26418988e-02
  4.22607660e-02 -2.02825423e-02  2.85036881e-02  1.96448792e-32
 -7.11827539e-03 -8.47008601e-02  1.86704770e-02  5.45904748e-02
 -2.64209993e-02 -2.10790634e-02 -8.65218490e-02 -2.37433352e-02
  1.85004026e-02 -3.21367942e-03 -1.00328058e-01  3.66865024e-02
 -9.39150825e-02  2.13198364e-02  5.91535382e-02 -4.96134488e-03
 -2.52493024e-02 -4.22488563e-02  4.00961973e-02 -3.17732468e-02
 -6.16511479e-02  5.04607754e-03 -9.83383739e-04 -1.02242688e-02
  4.03139964e-02  5.36692515e-02 -5.24919517e-02 -4.45845574e-02
 -2.47870442e-02  4.17324714e-02  2.07590051e-02  5.80907566e-03
 -4.48547378e-02 -1.74643882e-02 -5.83986975e-02  5.45869805e-02
  6.78952113e-02  5.30648194e-02 -5.06448150e-02  6.93160947e-03
  2.63513904e-02 -1.09582506e-02  1.17471054e-01  3.86849046e-02
  8.18269625e-02  1.08070616e-02 -3.47267576e-02 -3.24171036e-02
  1.06638178e-01  3.77323031e-02 -1.22544570e-02 -2.55373586e-02
  4.97262254e-02 -4.89639081e-02  5.65429851e-02  4.18454632e-02
 -7.29387477e-02  6.50290474e-02 -2.99114995e-02  5.97947859e-04
 -1.10160206e-02 -3.66354361e-02  1.14224451e-02  1.25328116e-02
  1.68220103e-02  5.14074750e-02  1.24600595e-02 -9.19943489e-03
  9.25249159e-02 -6.90852338e-03 -8.05227458e-02 -1.57124009e-02
 -5.10069355e-02  6.72966540e-02 -1.31231034e-02 -6.69027865e-02
  8.99806768e-02  4.43298407e-02 -4.23050374e-02  2.72799190e-02
 -2.56742537e-02 -6.18041158e-02 -1.88191440e-02  8.78359005e-03
  5.39589077e-02  4.15683426e-02 -9.81996860e-03  6.44361675e-02
 -8.85551912e-04  2.38179713e-02  1.71146020e-02  4.98075522e-02
  3.28599699e-02 -1.29507412e-03 -4.69829142e-02 -1.98475242e-32
 -4.91916761e-02  2.74199992e-02 -5.85777573e-02  5.44464551e-02
 -5.93467942e-03 -4.02731560e-02 -9.34449509e-02  4.85130027e-03
 -1.79244876e-02 -6.47559613e-02 -4.28477526e-02 -3.81819531e-02
  5.55046499e-02 -9.33940709e-02 -1.19510531e-01  1.21607697e-02
  4.13336828e-02 -2.08193902e-02 -8.52431580e-02  3.06063555e-02
 -4.82054651e-02  6.59014508e-02  3.44537832e-02  2.33490504e-02
 -1.76635683e-02  4.55833301e-02  5.36801703e-02 -4.83681671e-02
 -1.03439838e-01  1.36403264e-02  9.93540734e-02 -2.15943065e-02
 -2.58435216e-02 -4.21242369e-03 -4.97648753e-02 -3.03353425e-02
  3.79855298e-02 -3.30358818e-02 -4.74518202e-02  1.22896768e-01
  1.33247226e-02  8.30769092e-02  2.37210579e-02 -2.63906661e-02
 -6.30486086e-02 -1.77528653e-02  7.57348612e-02 -5.36094010e-02
  2.87116934e-02 -5.75474203e-02  1.70204267e-01 -3.54181714e-02
 -4.18280475e-02 -3.09583673e-04  8.42618570e-02 -4.23034132e-02
  4.20394652e-02 -7.03352541e-02 -1.09447680e-01 -2.95816381e-02
  8.13392699e-02  4.05977592e-02  3.29907872e-02 -7.11679831e-02
  5.86238578e-02  4.54061255e-02 -5.47321364e-02  8.25126171e-02
 -2.88685169e-02  2.79575959e-02  8.31515789e-02 -1.09536074e-01
 -1.16617739e-01  6.21159514e-03  2.39240825e-02 -5.06058112e-02
 -7.26005808e-02  6.53465912e-02  5.53272255e-02  6.37943596e-02
 -6.68137223e-02  2.88258176e-02 -3.80386226e-02 -9.32727754e-02
 -1.00519978e-01 -6.73283711e-02 -1.29583739e-02 -4.25101295e-02
  4.77831289e-02  9.03059244e-02 -4.20438312e-02 -5.35894418e-03
  1.02779809e-02  1.43811451e-02 -9.29408940e-04 -7.04235248e-08
  2.53946912e-02 -4.26168405e-02 -5.97266108e-02  6.92566559e-02
 -2.77411025e-02  2.89952550e-02 -4.84102927e-02  6.08194852e-03
  1.95816066e-02  3.52701060e-02 -1.27543565e-02  5.46949431e-02
 -3.15592289e-02  4.75113802e-02 -1.58650447e-02 -7.82824159e-02
  6.39433935e-02  6.03430420e-02 -8.25197995e-02 -5.42195812e-02
  4.53724340e-02  2.46485416e-02 -2.25941446e-02 -1.19601861e-01
  8.08958486e-02  3.28805894e-02 -2.79925242e-02 -5.62620200e-02
  2.51095910e-02  3.66061069e-02 -1.11910943e-02 -3.03738564e-02
  2.41861586e-03 -9.35181882e-03  2.93708319e-04  2.54001189e-02
  4.02600411e-03  1.72084570e-02 -3.96628305e-02  3.49779092e-02
  4.26473916e-02 -2.45977547e-02 -3.24760973e-02  6.07364811e-03
 -4.27298546e-02 -3.72357341e-03 -5.05315922e-02  1.49133503e-01
 -4.23790701e-03  6.63691154e-03 -1.26658916e-03 -8.64472520e-03
  5.02238385e-02 -1.37043651e-02 -3.75211015e-02  1.04206605e-02
  8.27916339e-03  1.00980952e-01 -2.68828627e-02 -1.73651949e-02
  7.44983703e-02  1.00504741e-01  3.17997560e-02  5.19646555e-02]