[-1.37026375e-02  1.45657649e-02 -6.91985562e-02 -3.05799972e-02
 -3.09956651e-02 -2.68010721e-02  2.69890539e-02  1.13796242e-01
  3.58235687e-02  3.02028973e-02  6.09080344e-02 -1.20565765e-01
 -2.66144518e-02  1.53135005e-02 -4.39127125e-02 -3.07504889e-02
  4.31372225e-03  5.18704168e-02 -6.81094900e-02  1.32763227e-02
  1.38291076e-01 -1.52234477e-03 -2.03404240e-02  4.51765023e-02
  4.82414151e-03  4.60533202e-02 -1.15574285e-01  5.19434102e-02
 -5.98249361e-02 -7.14552104e-02 -6.18997775e-02  9.02670771e-02
  1.36010587e-01 -8.52030292e-02  1.69701651e-02  5.47499070e-03
 -3.14390399e-02 -4.33859304e-02 -1.85671132e-02  8.70425254e-02
 -4.90554683e-02  7.69230677e-03  4.27942574e-02 -1.76098365e-02
 -4.69113775e-02 -7.20723197e-02 -5.97061142e-02  4.53653224e-02
  3.70802805e-02  2.09175888e-02 -1.56649034e-02  7.75709823e-02
 -6.75783902e-02  7.82592222e-02  3.90697792e-02 -6.31256029e-02
 -7.14246780e-02 -8.19744021e-02  9.60552972e-03  2.37612845e-03
  5.47996238e-02  6.22467734e-02 -3.33740562e-02 -5.81427962e-02
  3.00996713e-02 -1.97577942e-02 -5.82360215e-02 -5.34576699e-02
 -8.13745782e-02  2.94578318e-02  8.16772357e-02  2.61926954e-03
  1.79835614e-02  4.24913689e-02 -5.49630560e-02  6.67059943e-02
  5.09440526e-02  5.44231758e-03  7.79480999e-03 -8.78406391e-02
  1.69796161e-02  8.87252241e-02  3.43075022e-02 -7.38603696e-02
  5.64481542e-02  2.03338191e-02  1.30706923e-02  1.81342773e-02
  7.03546684e-03  2.51635332e-02  9.70033854e-02  7.73201808e-02
 -5.58503605e-02 -3.10522020e-02 -4.88661118e-02 -2.57860124e-02
  1.29981628e-02  1.72222722e-02  4.48329002e-02 -2.77316067e-02
  9.27181020e-02  1.36555480e-02 -6.03458509e-02 -4.50571924e-02
 -1.04204811e-01 -2.31780708e-02  5.13834059e-02  4.25771624e-02
  5.29442877e-02  6.90084919e-02 -1.10490322e-01 -6.99679600e-03
 -3.02596260e-02 -2.57764780e-03 -8.62580091e-02  3.17932409e-03
 -3.87529354e-03 -7.29873218e-03 -5.29647153e-03  2.36532243e-04
  1.69756915e-02 -2.53355540e-02  5.83305098e-02 -9.37172864e-03
  2.35409439e-02 -4.23122048e-02 -1.59234814e-02  1.99115254e-32
  9.13838390e-03 -2.48941109e-02 -2.42341608e-02  5.53903989e-02
  6.11501746e-03  1.00019649e-02 -9.25332606e-02  8.24037194e-03
  2.52874009e-02 -4.97227795e-02 -1.33500516e-01  7.75843486e-02
 -1.50300497e-02  1.28357336e-02  8.84350538e-02  8.47546197e-03
  5.31419404e-02 -6.17582202e-02 -1.66657735e-02 -4.17324863e-02
 -3.24084125e-02  5.98506862e-03  1.52429985e-02 -6.24122657e-03
  9.89968330e-03  1.22472942e-01 -2.57316716e-02 -1.90797541e-02
 -8.75372961e-02  7.18081072e-02  4.36744615e-02  1.80759709e-02
 -4.35099304e-02 -4.39279601e-02 -2.34178770e-02 -1.40641518e-02
  8.27465877e-02  6.59658981e-04 -5.09394333e-02  4.18678597e-02
 -4.14774939e-02  7.24289045e-02  6.04160018e-02  2.93965191e-02
  4.97672521e-02 -5.72449304e-02  5.03622852e-02  7.42689297e-02
  1.13211952e-01  7.31811300e-02 -9.21156034e-02 -7.12863356e-03
  5.78570217e-02 -3.95867750e-02 -6.38874695e-02  3.19271609e-02
 -6.89148679e-02  5.97018264e-02 -3.80947217e-02 -3.78644355e-02
 -4.51576971e-02  4.35870029e-02  2.40586959e-02 -1.82475299e-02
 -1.07183335e-02  4.80182245e-02 -8.41636360e-02  3.14799733e-02
  9.51405764e-02  1.31028704e-02 -5.14848195e-02 -9.29305796e-03
 -6.56052632e-03  2.30718944e-02 -3.29484901e-04  3.78446514e-03
  8.18854198e-02 -3.16759571e-02  4.01806226e-03 -6.64957007e-03
 -3.19946222e-02  2.57676505e-02  4.27448424e-03 -4.09865193e-02
  1.16226636e-02  4.80215289e-02  3.92392017e-02  3.75267453e-02
 -3.34224897e-03  3.37364487e-02  1.02653140e-02 -3.15491995e-03
 -6.83879247e-03 -5.95732965e-02 -4.82464172e-02 -1.87369553e-32
 -2.02401122e-03  8.25498477e-02 -4.05060314e-02  1.69601776e-02
  1.25896735e-02 -1.62154231e-02  8.55947658e-03 -2.54708678e-02
 -2.65378738e-03 -9.91641432e-02 -1.11139910e-02 -3.58694904e-02
  4.34824750e-02 -6.44918829e-02 -1.69693157e-02  2.27165986e-02
 -7.63584226e-02  3.76735963e-02 -7.05408528e-02 -6.72581643e-02
 -4.29811291e-02  6.54161647e-02  5.25187925e-02 -2.15150155e-02
 -1.81057584e-02  2.70751752e-02 -8.45819488e-02 -1.09057844e-01
  7.59810070e-03 -4.17027883e-02  6.89912587e-02  3.29100899e-02
 -4.29043248e-02  4.31868248e-02 -2.73409355e-02 -5.44462726e-02
  5.84351458e-02 -3.74999009e-02  3.75989042e-02  9.30165201e-02
  2.73592789e-02  2.22748518e-02 -7.16596423e-03 -5.13821840e-03
  3.68133117e-03 -4.44779396e-02  6.82573393e-02 -8.21149349e-02
  6.07226081e-02 -1.53453983e-02  9.14863646e-02 -5.05136549e-02
 -9.64831859e-02  7.24553615e-02  4.91955504e-02 -1.20598879e-02
 -6.22885488e-03 -3.41326781e-02 -1.25063404e-01  3.10019986e-03
  2.01552045e-02  6.81606978e-02 -7.39101414e-03 -4.60562073e-02
  1.19095057e-01  5.38863614e-03 -6.29886426e-03  5.17232269e-02
  6.16394095e-02  1.83028495e-03  7.76378363e-02 -4.01084088e-02
  6.71377406e-03 -7.84570128e-02  2.11755019e-02 -5.13828881e-02
 -4.48643565e-02  1.11995568e-03  3.62477489e-02  4.53784168e-02
 -8.89617428e-02  1.02542024e-02  1.15907565e-02  1.34573374e-02
 -7.23213553e-02 -4.72932942e-02 -4.50474489e-03  9.96870641e-03
 -5.02808429e-02  5.80613427e-02 -3.69235612e-02 -3.16788186e-03
  8.25904161e-02  4.51828875e-02  6.42756298e-02 -7.36537800e-08
  5.14813587e-02 -2.97244936e-02 -6.02801144e-02  5.22958823e-02
  2.69799083e-02  4.44094557e-03 -8.33440572e-02 -2.53623631e-02
  1.51839126e-02  3.68574187e-02  2.43897419e-02  4.52080779e-02
 -7.20113739e-02  1.45139173e-03 -4.49824631e-02 -4.65583727e-02
  6.50443584e-02  6.00139610e-02 -3.09445336e-02 -8.72065686e-03
  5.12085222e-02 -1.64373685e-02 -2.81005204e-02 -5.15998453e-02
 -5.34039065e-02 -6.71432167e-02 -7.55181611e-02 -2.02129185e-02
 -1.98035520e-02  2.22554561e-02 -1.84384566e-02 -2.50914115e-02
  1.65185463e-02 -6.99180514e-02  1.32300518e-03  8.09472427e-03
 -2.27363352e-02  4.71954606e-02 -3.05394661e-02 -6.45541120e-04
  8.93983096e-02 -1.10964328e-01 -6.34254962e-02  5.62738813e-02
  4.58543859e-02 -5.81607819e-02 -6.97388723e-02  8.10735375e-02
 -3.16429064e-02 -8.24691281e-02 -2.42695790e-02 -3.10180224e-02
  7.40843732e-03 -2.06088182e-02 -6.45895600e-02 -3.15097570e-02
  1.05056651e-02  2.54738778e-02  3.85450870e-02 -1.07977763e-02
  4.52793092e-02 -2.08000094e-02 -6.05921708e-02 -8.96374881e-02]