[-6.05918206e-02 -6.26857020e-03 -5.76374866e-02 -4.40862700e-02
 -4.59521785e-02 -3.91770080e-02  9.08002183e-02  1.10368840e-01
  5.22896908e-02  1.59842540e-02  3.48295979e-02 -2.35620816e-03
  5.09556979e-02 -2.40712464e-02 -9.26255435e-03 -5.15329204e-02
 -1.24488072e-02 -2.62171086e-02  6.34012967e-02 -7.22167268e-02
  9.11165699e-02 -6.63545122e-03 -2.79077627e-02  4.89673503e-02
 -1.70797505e-03 -6.14941083e-02 -2.33354624e-02 -4.15034965e-02
 -2.48533692e-02 -5.29652135e-03 -6.70845732e-02  8.00498798e-02
  6.00388683e-02  2.12345738e-02 -9.11976397e-02 -2.60454919e-02
  7.83711951e-03 -5.04005887e-02 -4.00986671e-02 -2.62130667e-02
 -1.07232921e-01 -2.42660418e-02 -7.41799772e-02 -5.20584174e-02
  6.92809845e-05 -4.78716679e-02 -3.35556455e-02  1.73891224e-02
 -1.10060588e-01  4.01132591e-02 -1.10791609e-01 -5.05425967e-03
 -7.70273851e-04  2.18538512e-02  5.06922137e-03 -4.58517186e-02
 -7.63234275e-05  4.10462543e-02 -2.82465424e-02  3.62882875e-02
  2.06060205e-02  7.85010159e-02 -3.36792059e-02  7.32491538e-02
  5.53843044e-02  6.93086833e-02 -7.34803900e-02  1.89210512e-02
  7.03096949e-03 -8.46218914e-02 -3.84525359e-02 -5.44594005e-02
  1.79620534e-02  1.66942850e-02 -6.99986815e-02  8.61078687e-03
  6.97871763e-03 -1.04237618e-02 -4.60255006e-03 -7.02770799e-02
  3.42834853e-02  7.70802051e-02 -2.82344818e-02 -5.26100572e-04
 -2.02187486e-02 -3.85308675e-02  3.22974846e-02  3.63242179e-02
  3.91691774e-02  1.11714505e-01  1.86087228e-02 -4.64545609e-03
  3.90353687e-02 -2.97411866e-02 -1.01303840e-02 -8.63951817e-02
 -1.05741238e-02 -4.89680981e-03 -1.63109880e-02 -2.43722182e-02
  4.67002013e-04  5.83946295e-02 -3.09522860e-02 -5.62926978e-02
 -9.22676399e-02 -4.34717759e-02  2.33854800e-02 -1.03337198e-01
  1.00381225e-01  4.53164056e-02 -9.44951177e-02 -4.92824167e-02
 -1.17639817e-01 -1.15379043e-01 -3.66188549e-02  6.41438505e-03
 -5.90735003e-02  6.21342435e-02  3.48930843e-02  4.68789553e-03
 -1.04027400e-02 -1.97496489e-02 -4.22719121e-02 -1.63030736e-02
  1.09762698e-01 -6.24824017e-02 -3.78238386e-03  1.12658894e-32
 -4.10168245e-02  4.92090322e-02 -9.38232392e-02  1.28297165e-01
 -6.03879010e-03  9.37787667e-02  4.55358392e-03 -4.20057811e-02
 -2.23681540e-03  5.61961941e-02 -1.22278437e-01  8.77028704e-02
 -5.16612530e-02 -4.13710922e-02  7.98975006e-02  2.54945811e-02
 -3.36159021e-02  6.50057644e-02  9.33085475e-03  2.67021637e-03
  5.67769930e-02  3.40116695e-02  4.96822745e-02 -3.84955704e-02
  7.48137087e-02  2.34474279e-02 -8.91806781e-02 -5.98849989e-02
  2.40593739e-02  4.57825921e-02  2.30451790e-03 -1.47967814e-02
  3.12878378e-02 -7.07542803e-03  7.35769048e-02 -1.06181893e-02
  3.17307301e-02 -4.51870449e-02  7.39493743e-02  1.47921583e-02
 -1.19778346e-02 -1.54218096e-02 -1.24933207e-02 -3.47346514e-02
  4.47601750e-02 -6.91821333e-03  2.50770338e-02 -4.23184857e-02
  1.33112133e-01  6.44906536e-02 -6.08398169e-02  3.02674598e-03
 -9.44658555e-03 -3.85147370e-02  5.49899675e-02  4.24590632e-02
 -2.91606393e-02  3.98633778e-02  6.16956092e-02  2.14852206e-02
  5.50014572e-03 -7.82583095e-03 -2.55781747e-02 -5.40914200e-02
 -5.01302164e-03 -1.14634831e-03  1.55447423e-02 -8.94362107e-02
  1.01851441e-01  3.93138360e-03 -7.66169876e-02 -3.53516601e-02
  1.23076169e-02  1.30888810e-02 -2.47054584e-02  3.98702733e-03
 -2.35197321e-02  2.16620769e-02  5.38161770e-03 -2.52695959e-02
 -2.46267281e-02 -8.07662383e-02  4.56976853e-02 -9.27460194e-03
  6.39305217e-03  8.48923475e-02 -2.09934134e-02  9.16189924e-02
  2.57468261e-02  1.07899286e-01 -7.22226175e-03  5.32811172e-02
 -7.00937435e-02  3.45033817e-02  4.15601097e-02 -1.37085020e-32
 -6.13307841e-02  2.23710723e-02 -7.91705623e-02 -2.47533191e-02
 -7.18442872e-02 -2.67273951e-02 -3.03868707e-02  2.65950095e-02
 -2.82580405e-02  1.02364644e-02  4.33465168e-02 -1.03889517e-01
  3.02943103e-02 -3.21648456e-02 -7.89041631e-03 -2.07659081e-02
  5.21078482e-02 -7.09947497e-02 -1.25510126e-01 -1.49903512e-02
 -8.48358311e-03 -4.46059555e-03 -7.04507306e-02 -4.06045327e-03
  8.51114243e-02 -1.58677548e-02  8.06247257e-03 -1.92330983e-02
  1.45422146e-02 -5.50712273e-02  1.85519992e-03  3.00415363e-02
  2.52555236e-02  8.61473307e-02  3.02780140e-02 -6.08050600e-02
  1.15190111e-01  3.74853648e-02 -4.97244634e-02  4.96237949e-02
  9.80857387e-02  4.03897651e-02 -2.87063383e-02 -5.73145226e-02
 -7.18906969e-02 -5.24068214e-02 -6.44985735e-02 -8.08126256e-02
  7.68501982e-02 -7.61576593e-02  1.16355427e-01 -7.85837620e-02
  6.59671500e-02 -8.58418718e-02 -3.04104364e-03  2.08869576e-02
 -2.76517347e-02 -3.34492363e-02 -5.97953126e-02  6.17486192e-04
  9.39844847e-02 -2.93201214e-04  3.89943868e-02  1.04125580e-02
  8.76703262e-02 -1.59267206e-02 -3.40252034e-02  5.66519871e-02
  6.97617000e-03  2.72763893e-03  3.10802348e-02 -9.15865153e-02
 -7.47590065e-02 -6.59355298e-02 -5.12499735e-02 -5.55290431e-02
 -1.13414124e-01 -5.09861335e-02 -1.42402379e-02  2.08026655e-02
  3.30858156e-02  1.00295795e-02  8.41596797e-02 -2.36749481e-02
  2.97569223e-02  5.32708950e-02  2.30865069e-02  5.24238013e-02
 -1.99393462e-02 -3.81206349e-02 -7.97304362e-02 -5.26040979e-03
 -2.26622354e-02  2.24924088e-02  3.55158793e-03 -6.30441832e-08
 -1.76307205e-02 -1.12432979e-01  2.41488237e-02  1.49008473e-02
  2.41454504e-02 -2.86792517e-02 -1.83997694e-02 -1.42377047e-02
 -2.14837138e-02  4.15812954e-02 -4.93183583e-02 -5.86169176e-02
 -8.41789022e-02  2.61391122e-02  9.82698798e-02 -2.90433541e-02
  3.17174643e-02  4.60232049e-02 -6.34480594e-03 -6.66087717e-02
  9.75462794e-02 -4.73097675e-02 -7.04667643e-02 -1.52873974e-02
  1.18303169e-02 -7.91712105e-03 -3.81319933e-02  6.26057386e-02
  4.68358509e-02  4.82871123e-02 -6.27289191e-02 -1.22987404e-02
  1.22745950e-02 -3.41867171e-02 -1.72958095e-02  4.27177101e-02
  3.45560610e-02  3.54078002e-02 -4.20819828e-03 -1.24228960e-02
 -1.62747002e-03  1.14972433e-02  2.19414029e-02  3.48805524e-02
  2.18433701e-02  1.34186260e-02  8.55534524e-03 -7.54211610e-03
  1.58881303e-03 -3.58150899e-02 -1.95381064e-02  4.48329821e-02
 -4.07491997e-02  4.75630686e-02 -1.93973314e-02 -2.68828291e-02
  3.19950767e-02 -6.02471351e-04 -5.26297837e-02 -6.93429187e-02
  3.28868814e-02  5.28049245e-02  5.67335039e-02 -4.83758301e-02]