[-7.04707876e-02  7.08025619e-02 -4.87652048e-02 -1.25109211e-01
 -8.42008367e-02  2.72178855e-02  3.45062502e-02  1.21929847e-01
  6.79747760e-02  5.35482913e-02  7.20577464e-02  1.45691661e-02
  5.65357564e-04 -1.36767616e-02 -4.71686199e-03 -7.83993378e-02
  6.81571960e-02 -4.79852781e-02  1.27380705e-02  2.49203146e-02
  8.47873390e-02 -4.26276401e-03 -5.06167635e-02 -4.82799625e-03
 -5.70496842e-02 -4.13465686e-02 -6.69721663e-02 -1.66832507e-02
 -9.18935798e-03  9.22484044e-03 -4.38764952e-02  7.36051127e-02
 -1.44244563e-02  7.91536737e-03 -2.46967375e-02 -4.45848964e-02
  4.65992168e-02 -4.35599126e-02 -3.31516638e-02  6.49628788e-02
 -4.29473817e-03 -8.38804021e-02 -8.45376626e-02 -6.90943748e-02
  3.31976749e-02 -1.58585850e-02 -1.70497280e-02  5.18365540e-02
 -1.00136116e-01  7.64619512e-03 -8.72845650e-02 -4.42395397e-02
  3.02535053e-02  5.19407168e-02 -2.38090791e-02 -9.28673148e-02
 -1.42618231e-02  6.18632138e-02 -1.32688582e-02 -1.43194161e-02
 -3.76832336e-02  4.11278903e-02 -1.00429147e-01  3.35395671e-02
  4.50248122e-02  1.83109567e-02  1.36684980e-02 -6.72096526e-03
 -3.30398418e-02  2.42974088e-02 -4.61755618e-02 -7.19674975e-02
  3.29544172e-02  1.33077484e-02 -3.47022377e-02  7.20619932e-02
 -2.34518871e-02  7.34372763e-03  5.24761565e-02 -1.77503377e-01
  3.45216766e-02  3.94443162e-02 -1.55921616e-02 -4.00223695e-02
 -1.22323865e-02 -7.55830407e-02  5.35969855e-03  5.04697971e-02
  2.28271298e-02 -1.54820373e-02  9.64135602e-02  6.67784037e-03
  1.60043091e-02  1.53675424e-02 -2.17179935e-02  2.68478459e-03
 -2.83947345e-02  4.45197616e-03  8.77681151e-02 -1.42342197e-02
  5.94686568e-02  5.76813966e-02 -3.70971262e-02  3.19244154e-02
 -9.29190442e-02  4.91115439e-04 -6.49791304e-03 -4.27379981e-02
  5.62114306e-02  4.44481336e-02 -8.76632854e-02  6.73512463e-03
 -9.32333246e-02 -1.01303980e-01 -4.13828753e-02  5.45065142e-02
 -9.96510535e-02  1.18891606e-02  5.03442213e-02 -2.51096971e-02
 -2.90195681e-02 -1.81647390e-02 -3.60317715e-02 -1.90437231e-02
  7.34835342e-02 -2.29972154e-02  8.51142257e-02  1.11295849e-32
 -2.62679420e-02 -7.65164243e-03 -2.55711526e-02 -7.31541170e-03
 -1.21462010e-02  8.77364725e-02 -3.74911167e-02  3.84944156e-02
  1.87041257e-02  5.11494353e-02 -1.22223757e-01  2.66111698e-02
 -2.15626601e-02 -1.16410684e-02  9.54969302e-02  1.22932224e-02
 -6.23705145e-03  2.63139457e-02 -1.02572693e-02  8.47425219e-03
  6.71787187e-02 -3.10306810e-02  1.22564854e-02  3.42542790e-02
  4.27642502e-02  7.61976168e-02 -5.36314882e-02  5.51806297e-03
 -4.21109460e-02  2.29109954e-02  2.22971253e-02 -2.22447310e-02
  6.32878765e-02 -1.87729311e-03 -4.84134816e-02 -5.63414906e-05
 -4.68713865e-02 -1.24102803e-02  2.55660550e-03 -9.09418333e-03
 -4.51475056e-03 -1.77605171e-03  5.18351309e-02  6.19662460e-03
  1.37558915e-02 -3.28408889e-02  5.67686278e-03 -4.06722538e-02
  1.12526834e-01  8.28145742e-02 -6.17245175e-02  2.13728398e-02
 -4.22280356e-02 -1.09916814e-02  6.80375397e-02  1.59126613e-02
 -8.57980996e-02  4.93843071e-02  1.77993551e-02 -7.36871660e-02
 -1.07107190e-02  5.51597308e-03 -3.25562246e-02  1.17694726e-02
 -8.03147182e-02 -3.39880846e-02 -1.23602496e-02 -2.94592083e-02
  8.78023878e-02 -4.24040593e-02 -1.14948303e-01  3.53277139e-02
  2.73313303e-03  5.27017526e-02  1.19213024e-02 -1.17194895e-02
 -3.04309512e-03  5.99710504e-03 -5.24921045e-02 -1.39859058e-02
 -5.10376468e-02  3.24426405e-02 -1.43679336e-03 -2.19692755e-02
  3.90651822e-02  5.60296588e-02  4.87724654e-02  2.09901687e-02
  1.51052400e-02  7.12395832e-02  4.17569056e-02  4.88330238e-02
 -8.03028718e-02  8.39891881e-02  6.74766973e-02 -1.35891629e-32
  1.08497925e-02 -1.73901245e-02 -6.33594170e-02 -1.29754553e-02
  4.30043377e-02  2.08257325e-02  6.46324530e-02  5.37576675e-02
 -1.54336598e-02 -5.96630499e-02  1.63013637e-02 -8.33491609e-02
  5.24427481e-02 -5.13225235e-02 -4.74121720e-02 -6.06101658e-03
 -1.22054532e-01 -7.14950413e-02 -4.14562188e-02  2.86435168e-02
  4.13344577e-02  9.89484787e-03 -7.81442132e-03  3.61024179e-02
  2.01169997e-02 -5.52728027e-02 -1.13600157e-02 -4.58489023e-02
 -2.20484454e-02 -1.80025101e-02 -5.92756737e-03 -2.48739943e-02
 -4.41663302e-02  1.45830572e-01  9.59835202e-03 -6.40664920e-02
  1.23535842e-01 -2.54626423e-02 -2.59078573e-02  8.45664740e-02
  9.90092829e-02  1.06920160e-01 -4.05668933e-03 -3.22557217e-03
 -4.35759611e-02 -9.50884819e-03 -2.37854682e-02 -1.19811431e-01
  1.80859771e-03 -9.97506008e-02  9.15872976e-02 -2.60860212e-02
  5.90488389e-02 -1.80779491e-02  5.63959368e-02  9.13561229e-03
 -2.98948102e-02 -8.68432447e-02 -9.10036415e-02  1.43891042e-02
  9.68090668e-02  1.41902370e-02 -2.91470159e-02  6.59595989e-03
  1.41270667e-01  8.45136028e-03 -2.82639507e-02  8.83872211e-02
  3.54408473e-02  3.96261439e-02  3.53018567e-02 -9.01311561e-02
 -4.85471413e-02 -1.27529442e-01  3.89905050e-02 -5.21873794e-02
 -5.93308434e-02  7.98078347e-03 -7.44828135e-02  7.02416291e-03
  9.30253323e-03  3.31864245e-02 -1.51891895e-02  2.96348911e-02
 -7.99351092e-03  5.25854453e-02  1.28430901e-02 -2.49931123e-02
 -4.39975448e-02  4.98886481e-02 -8.86697918e-02  2.03075558e-02
  2.10601091e-02  6.20656684e-02  1.82641819e-02 -6.87858090e-08
  1.40442569e-02 -5.84044345e-02 -1.28225703e-02  1.47445211e-02
 -9.03524924e-03 -9.10616368e-02 -2.92717759e-02 -1.32499868e-02
 -5.59826754e-02  2.69170888e-02  1.16339982e-01 -7.41821602e-02
 -9.16105062e-02 -4.17366670e-03  2.97846571e-02 -5.29993847e-02
 -1.76522490e-02  3.68493050e-02 -3.51264812e-02 -4.90289181e-02
  6.19570948e-02 -1.36087313e-02 -5.29194064e-02 -3.73464376e-02
  6.29541874e-02  4.79021706e-02 -1.91295259e-02  1.37561001e-02
 -1.71466880e-02  2.03618910e-02 -4.57693972e-02 -2.44796798e-02
  1.53188566e-02 -2.31421310e-02 -4.43080850e-02  2.04044618e-02
 -2.19565015e-02  3.71112004e-02 -1.93303060e-02  8.99087824e-03
  6.39586300e-02 -5.73426411e-02 -4.11318056e-02  1.90187606e-03
  8.67064595e-02 -3.45262885e-02 -1.34861497e-02  2.82317027e-03
 -2.32863100e-03 -7.42598101e-02 -9.55093950e-02 -1.16724856e-02
  6.37643859e-02  5.96167007e-03 -1.06092114e-02 -2.18695067e-02
  5.17481565e-02  2.82728142e-04 -4.04317267e-02 -3.61107066e-02
  7.23404214e-02  4.81016822e-02  1.21620186e-02 -1.12762442e-02]