[-5.56113459e-02  4.79176752e-02 -4.57027517e-02 -1.10743485e-01
 -5.92218488e-02 -8.26998707e-03 -7.40847224e-03  5.59023358e-02
  5.05179279e-02  9.87744406e-02  7.82556310e-02 -2.65455851e-03
 -1.01389468e-03 -4.06645909e-02 -5.40175401e-02 -9.96554047e-02
  1.96452793e-02 -2.52698362e-02 -2.06565466e-02  4.81752269e-02
  1.37196466e-01 -4.79599554e-03 -2.25269217e-02  5.35669662e-02
 -2.65056584e-02 -2.39641741e-02 -5.61772063e-02 -1.63469184e-02
 -4.03846204e-02  1.48428576e-02 -3.91976051e-02  1.19929813e-01
  6.14649430e-02  2.05136072e-02  5.41104861e-02 -2.75111906e-02
  7.19777420e-02 -1.26451347e-02  5.24137495e-03  2.59506274e-02
 -9.61007178e-02 -2.24076994e-02 -3.72962691e-02 -5.26204817e-02
 -2.42483616e-02 -2.73882523e-02  3.96065377e-02  5.04243858e-02
 -6.79086372e-02  2.50809006e-02 -8.56868327e-02  4.85086516e-02
 -3.71482559e-02  1.87854934e-03  1.16018308e-02 -1.69818792e-02
 -4.14893441e-02  8.11671093e-03 -5.33558540e-02  1.75295416e-02
 -6.43352866e-02 -8.09588283e-03 -2.59123538e-02  2.43206806e-02
  5.39166890e-02  4.83070724e-02 -4.22905199e-02 -4.13277745e-02
 -6.43363148e-02 -2.69395802e-02  5.15282005e-02 -3.29394937e-02
  3.72140333e-02 -2.98595224e-02 -4.21244428e-02  1.70180888e-03
  3.59225972e-03  1.05930582e-01  3.89473476e-02 -1.71842277e-01
  3.14081609e-02  4.72375341e-02 -1.00951456e-02 -3.54687348e-02
 -8.09177291e-03 -8.74015465e-02 -2.47370102e-03 -1.83998942e-02
  5.15516140e-02  4.70045432e-02  4.30716164e-02  5.01149558e-02
  2.96914112e-02 -4.34004180e-02 -1.40200853e-02 -2.27908660e-02
  3.05163618e-02 -1.90648120e-02  8.11709985e-02  1.96032319e-02
  7.05369785e-02  4.74749133e-02  5.10398075e-02  3.03850807e-02
 -6.16465248e-02  8.10667407e-03 -1.11946613e-02 -2.24129651e-02
  5.61344586e-02  7.88715258e-02 -1.20525390e-01 -2.36680545e-02
 -1.31734833e-01 -9.81605127e-02 -5.71111888e-02 -4.88587189e-03
 -3.60650979e-02  1.02833733e-02  1.12338569e-02 -1.91166159e-02
 -1.83252920e-03 -4.81326245e-02 -3.08466498e-02 -1.94555763e-02
  4.14936505e-02 -2.97257677e-02 -1.60939973e-02  9.15870113e-33
  1.00188907e-02 -4.35456447e-02 -3.26569527e-02  3.80328088e-03
 -5.66206127e-02  7.36027658e-02 -1.00161456e-01  1.36653148e-02
  1.06652472e-02  2.49344464e-02 -3.70980613e-02  7.56286234e-02
 -2.11559162e-02  3.15767014e-03  1.08429901e-01  1.59927588e-02
 -2.92325541e-02  3.13347839e-02  8.36411491e-03 -4.13558818e-03
  2.24422701e-02 -7.92548340e-03  6.47039041e-02 -6.05755337e-02
  7.95439705e-02  1.00444831e-01 -6.90092444e-02 -6.53494075e-02
 -1.36541873e-02  4.22351174e-02  5.62777556e-02 -1.87823977e-02
  3.97040024e-02 -6.18108138e-02 -1.83833651e-02 -5.95964156e-02
  4.12177518e-02  2.30030576e-03 -1.32258551e-03 -3.91406417e-02
 -1.93827935e-02 -8.35995656e-04  7.84708411e-02  2.83491984e-02
  5.51143475e-02 -1.72520932e-02  7.71884099e-02  4.96062404e-03
  1.17660716e-01  5.45747951e-02  1.83701292e-02 -6.40929416e-02
 -7.44754449e-02 -6.81193471e-02 -2.61749985e-04 -3.19549628e-03
 -6.19891360e-02  4.33503389e-02  3.49914446e-03 -6.81720823e-02
  1.55616049e-02 -3.55102867e-02 -1.64098013e-02 -1.30014708e-02
 -5.90394661e-02  1.61644351e-02 -4.36605588e-02  5.97111769e-02
  1.74606830e-01 -1.30651323e-02 -4.71486561e-02 -3.79357999e-03
 -1.63829401e-02  7.99944103e-02  1.93804875e-02  3.46224755e-02
  7.23822638e-02 -9.95106064e-03 -5.81952855e-02  2.09599789e-02
 -9.43496302e-02 -4.68219332e-02  7.29689637e-05 -6.64578239e-03
  4.57917824e-02  8.51859301e-02  5.20287342e-02  3.22385207e-02
  6.16173223e-02 -7.98121374e-03  2.17497852e-02  5.98327108e-02
 -6.46910593e-02  4.63517979e-02  8.32747221e-02 -1.23867335e-32
 -5.68660758e-02  6.77164504e-03 -4.22500968e-02 -4.98778708e-02
 -1.00580640e-02 -2.38790475e-02 -1.12932874e-02 -2.64754575e-02
  1.87652409e-02 -6.08267747e-02 -7.82727227e-02 -6.46049455e-02
  4.70245108e-02 -2.60307062e-02 -4.06157002e-02  1.72115117e-02
  2.78313607e-02 -1.81830190e-02 -3.46092097e-02  1.44288689e-02
  1.10268407e-02  3.44876312e-02  1.90880708e-02  1.33049525e-02
  4.29958813e-02 -9.29835066e-03 -6.60936534e-02 -7.23825991e-02
 -8.87410901e-03 -1.64051596e-02  5.37741370e-02 -2.04154123e-02
 -5.49038723e-02  6.55483678e-02 -2.07896773e-02 -9.77002755e-02
  3.25276814e-02 -7.59563595e-02 -6.63038567e-02  7.78233185e-02
  7.89173245e-02  7.63115659e-02  4.26606685e-02 -1.37103191e-02
 -9.17837992e-02 -4.44302112e-02 -3.84179726e-02 -3.82028930e-02
 -2.50923005e-03 -4.94298115e-02  8.67233872e-02 -2.27811188e-02
 -3.14023383e-02 -8.27583671e-03  5.35168592e-03  3.61302532e-02
  3.76967341e-02 -5.13169803e-02 -7.47171193e-02  5.31015592e-03
  8.09562877e-02  7.61754215e-02 -1.01167999e-01  2.70027341e-03
  8.15328285e-02 -7.62850419e-02 -3.84867378e-02  3.26199420e-02
  5.43701947e-02  3.03464942e-02  3.83728929e-02 -8.14966708e-02
 -1.54462337e-01 -7.59575516e-02  1.01750828e-02 -5.22993319e-03
  1.91252830e-03  4.70325947e-02  2.50892714e-02 -1.16023738e-02
 -1.83762033e-02  3.78589295e-02  4.23548481e-04 -6.22540005e-02
 -3.12977768e-02  1.42664649e-02  2.24000402e-03 -4.16396968e-02
 -8.07516370e-03  2.61667110e-02 -3.30851153e-02  4.16569598e-02
  2.19726022e-02  4.76425439e-02 -8.28457400e-02 -6.38650235e-08
  4.10995912e-03 -1.05303889e-02  4.39569391e-02  3.12597305e-02
  6.27386570e-02 -7.47409686e-02 -2.56221183e-02  2.23175287e-02
 -2.96725016e-02 -1.14025809e-02  3.81224751e-02 -4.28219922e-02
 -1.01937391e-01 -3.92709933e-02 -5.92116592e-03 -5.61767109e-02
  5.18802404e-02  1.26172071e-02 -7.33326972e-02 -4.17771973e-02
  3.07654142e-02 -3.57456319e-02 -1.36957511e-01 -4.97813560e-02
 -4.01696861e-02 -5.33587970e-02 -8.56030919e-03 -7.67708477e-03
  3.24260257e-02  3.89716849e-02 -5.74123263e-02  1.44744525e-02
 -9.05668177e-03 -9.60947871e-02 -4.53459658e-02  3.16254199e-02
  8.47746059e-02  1.07864430e-03 -2.33588628e-02 -2.71865446e-02
  1.16669610e-01 -1.53175490e-02 -2.55055316e-02  3.63769988e-03
  7.18653277e-02 -2.94797439e-02  1.28693390e-03 -4.05294411e-02
  3.12487409e-02 -1.28391720e-02 -2.35092826e-02 -3.68985697e-03
  3.09764948e-02  6.66880310e-02 -2.55856719e-02 -5.17018959e-02
  3.66608985e-02  6.04568273e-02 -1.97557081e-02 -8.46938789e-02
  1.12943545e-01  3.78493667e-02 -2.54199840e-02  6.88459072e-03]