[-2.88240872e-02  9.27528068e-02 -7.02383295e-02 -8.35894868e-02
 -5.55745810e-02  3.05228736e-02 -8.52066278e-03  1.18525028e-01
  6.96426556e-02  4.97015528e-02 -4.64790361e-03 -9.13632959e-02
 -1.83452871e-02 -3.94353643e-02  3.12370043e-02 -6.31697699e-02
 -7.66988546e-02  4.11466286e-02  1.42546659e-02 -9.12101939e-03
  9.97165367e-02 -2.59169452e-02 -8.45155418e-02  3.32898311e-02
 -1.07394442e-01  4.45124842e-02  2.99796183e-02  3.96066643e-02
 -8.70579183e-02 -1.29173934e-01 -2.82297302e-02  1.02196801e-02
  7.26391235e-03 -4.63280976e-02  1.40437549e-02 -6.17602617e-02
  1.68666523e-03  1.66776311e-02  1.90124027e-02  5.20826653e-02
 -2.34010853e-02  3.40358936e-03 -1.08798027e-01 -2.65380330e-02
  8.68178904e-03 -5.20136468e-02  2.51532029e-02  4.51617427e-02
  8.73852242e-03 -4.62708399e-02 -4.56560543e-03  2.66520306e-02
 -6.93928227e-02 -5.49927279e-02  8.17042124e-03 -4.92177680e-02
 -5.85010462e-02  2.95476150e-02  1.05412081e-01 -3.12943244e-03
  6.37474954e-02 -4.95914649e-03 -7.17523843e-02  2.37746034e-02
 -4.14170139e-02 -1.37899220e-01  5.22919036e-02 -1.40691493e-02
 -8.18029642e-02  5.03230244e-02  6.32647872e-02 -8.05805251e-02
 -8.10186565e-02 -2.57290024e-02 -9.31175333e-03  1.43135667e-01
  1.47709493e-02  1.50964651e-02 -2.50275284e-02 -5.69349304e-02
  1.16656367e-02 -1.49560282e-02  1.34941272e-03 -8.09910595e-02
 -5.56341885e-03 -4.27851602e-02  1.62621811e-02 -1.42188128e-05
  7.08632916e-02 -4.67793643e-03  7.12808445e-02  7.49326944e-02
 -5.46872541e-02 -1.34523129e-02  7.19047487e-02  1.84248723e-02
  8.33638106e-03 -3.15803029e-02  6.26806915e-02  5.55133559e-02
  5.53803891e-02 -2.71574073e-02 -2.03482099e-02  2.01352648e-02
 -1.07571902e-02  6.09514453e-02  7.75550827e-02 -1.12001207e-02
  5.31011745e-02  3.98993343e-02 -6.82748184e-02 -4.70078029e-02
 -9.44221914e-02 -2.63200067e-02 -7.79619887e-02  6.26967056e-03
 -6.12183986e-03 -2.88970917e-02  4.83770259e-02 -2.65891738e-02
  2.15348974e-02 -4.01922353e-02  3.54897380e-02 -1.91152021e-02
  5.89848198e-02 -1.22675179e-02  7.09200725e-02  1.28991580e-32
 -4.16990556e-02 -1.78763028e-02 -5.30403703e-02 -1.88245885e-02
 -2.32051630e-02  2.44339835e-02 -2.71784607e-02 -2.98848804e-02
 -5.68667017e-02 -3.19738612e-02 -1.18298590e-01  6.44089654e-02
 -1.09644923e-02 -1.25116175e-02  1.31476507e-01  6.17653653e-02
  4.87086028e-02 -6.35909289e-02 -4.69470583e-02 -6.05573431e-02
 -4.69889417e-02  1.03596353e-03  7.22936094e-02  1.01502668e-02
  1.82116162e-02  8.32622498e-02  4.46404377e-03 -1.25427485e-01
 -9.38818678e-02  3.02831605e-02  6.37103319e-02 -2.71045286e-02
 -2.25044675e-02  1.38011519e-02 -3.88203487e-02 -2.77171406e-04
  3.47616114e-02  2.02865507e-02 -5.07457294e-02 -2.69687250e-02
 -2.40074527e-02 -1.20051904e-02 -2.51134206e-03  1.54978931e-02
 -6.23174310e-02 -2.73954999e-02  1.69147328e-02 -2.15952601e-02
  5.97209074e-02  1.52695337e-02 -1.92314405e-02 -5.01250587e-02
 -6.54330850e-03 -2.37347651e-02  4.72630337e-02  3.94750759e-02
 -1.14487678e-01  1.88216642e-02  3.03863697e-02 -2.09317892e-03
  2.86112987e-02 -5.75419329e-03  2.19428539e-02  1.87083092e-02
 -3.32700051e-02  3.04810610e-02  1.57600571e-03  5.57098389e-02
  7.35471100e-02 -1.70454886e-02 -7.17099980e-02 -7.03638792e-02
  1.61836464e-02 -9.44553502e-03  4.90017422e-02  9.09377541e-03
  3.05519812e-02  4.09043208e-02 -8.13150778e-02  9.21517387e-02
 -6.70776377e-03 -1.61070768e-02  2.23516840e-02 -4.03116122e-02
  6.78214505e-02 -3.44750583e-02  1.45623358e-02  4.82956991e-02
 -2.61338800e-02  4.84538041e-02  2.56984960e-03  5.66318855e-02
  4.72128093e-02 -6.80248486e-03  5.69560975e-02 -1.44342537e-32
  5.08265384e-02  3.13803554e-02  5.11293579e-03 -4.37168265e-03
  1.80884227e-02 -7.42943492e-03  3.10950028e-03 -3.52496691e-02
 -8.90876129e-02 -1.33520007e-01 -3.75559144e-02 -7.11590005e-03
  5.98092601e-02 -2.57181693e-02 -4.31310236e-02 -3.07258847e-03
 -2.97578834e-02 -5.64601719e-02 -8.15801322e-02 -4.02758233e-02
  4.98980358e-02  1.84170492e-02  3.66142690e-02 -6.87636137e-02
 -3.23353559e-02 -4.55129892e-02  2.25306768e-02 -3.36529426e-02
 -1.22046985e-01  6.56928029e-03  6.56800717e-02 -2.28236825e-03
  4.23766412e-02  1.48463190e-01 -4.60547544e-02  4.35103066e-02
  1.08825751e-01  1.82808451e-02 -2.23507117e-02  1.38933495e-01
  4.33720127e-02  8.34402144e-02  3.61135899e-04 -6.48846030e-02
 -1.07285082e-02 -9.72153526e-03  9.68948286e-03 -7.08119944e-02
  2.50196550e-02 -3.83560993e-02  7.94308707e-02  5.98326232e-03
 -9.65735093e-02  1.30146360e-02  4.88461144e-02 -7.79430419e-02
  5.13122126e-04  1.56879425e-02 -7.12584928e-02  2.15064939e-02
  2.27823481e-02  2.66364142e-02 -1.13382461e-02 -9.85817537e-02
  9.21546891e-02  2.80096028e-02 -6.32419810e-02 -3.32881212e-02
 -8.81644990e-03 -1.08745676e-02 -1.11386376e-02 -7.28631765e-02
 -9.98860970e-02  3.24176177e-02 -1.12061463e-02  1.19793927e-02
 -3.29638459e-02  9.39697623e-02 -4.03040228e-03  2.74687149e-02
 -4.44912389e-02 -4.31302041e-02 -5.20385653e-02  6.35871887e-02
  1.70134306e-02  2.52443105e-02 -5.82189998e-03 -1.65168140e-02
  6.52542012e-03  1.76274255e-02  8.62116218e-02  3.04760635e-02
  1.01906233e-01  7.51469880e-02 -2.76922528e-02 -6.47519443e-08
  5.85454144e-02 -1.48413666e-02 -1.07061090e-02  8.59474987e-02
 -2.84685958e-02  1.61702130e-02  8.14101845e-03 -4.90188040e-02
  1.47048635e-02  1.24866199e-02  8.12445506e-02 -4.98173535e-02
 -1.01145096e-02  2.33494695e-02 -1.30569180e-02  3.57627086e-02
 -7.05216900e-02  3.76844145e-02 -1.26539345e-03 -4.97866385e-02
  7.25571439e-03 -1.09631743e-03 -1.01231955e-01  8.84998776e-03
  2.11210102e-02 -4.39716019e-02 -5.17539345e-02 -4.76935804e-02
  3.62762506e-03 -2.63599702e-03  3.91436294e-02  2.59283278e-02
  8.41555968e-02 -7.76200965e-02 -2.30380427e-02 -5.68688549e-02
  5.83238862e-02  3.51684019e-02 -3.48560661e-02  2.25015841e-02
  5.81419431e-02  2.67706141e-02 -6.89616129e-02 -8.07907879e-02
  2.79408079e-02  1.35736139e-02 -1.89743880e-02  4.26526815e-02
 -9.93001759e-02  2.72574462e-03 -5.53760901e-02  4.56783436e-02
  4.49694954e-02  5.78327924e-02  3.16149779e-02 -3.97949405e-02
 -2.69288942e-02 -2.23693950e-03 -3.45959626e-02 -2.31222659e-02
  7.58676082e-02 -7.68912723e-03 -3.02493535e-02 -3.37858722e-02]