[-4.52895314e-02  2.37643886e-02 -7.56125450e-02 -4.30767164e-02
 -1.33042168e-02  3.77706205e-03  4.32108678e-02  1.39691666e-01
  4.47352156e-02  9.73652005e-02  1.08765446e-01 -4.15131040e-02
  6.80618081e-03  5.07462304e-03  3.51126269e-02 -4.46904302e-02
  7.74492510e-04  4.05319445e-02 -3.50090563e-02  8.59225988e-02
  1.71943456e-01 -6.63899109e-02 -3.83359008e-02 -3.92821804e-03
 -8.36874992e-02  7.36689148e-03 -5.43615445e-02 -6.27785251e-02
 -9.66029540e-02 -3.48815955e-02 -3.94323608e-03  8.38572010e-02
  1.13615200e-01 -3.79128568e-02 -8.54319055e-03  3.89113016e-02
  4.82986122e-03 -3.38911153e-02  9.30086523e-03  1.29438182e-02
 -6.15719818e-02 -6.46698251e-02 -9.64609310e-02 -4.15092967e-02
  1.49582736e-02 -9.12099145e-03  1.41637968e-02  3.86497155e-02
 -1.01940222e-01  2.00118460e-02 -3.55232321e-02 -4.23741080e-02
 -4.67272252e-02  9.78103131e-02 -4.46580816e-03 -3.61829065e-02
  2.22760998e-02 -5.25183342e-02 -4.46889773e-02  2.69918591e-02
 -8.19154233e-02  4.66353111e-02 -3.42224375e-03  4.45377408e-03
  4.62195501e-02  8.18835478e-03 -2.21523945e-03 -3.24555486e-02
 -4.60219383e-02  7.16800466e-02  3.24860811e-02 -4.49294113e-02
 -2.19675563e-02  7.96114132e-02 -2.50839186e-03 -1.07787820e-02
 -1.65253542e-02  4.12223041e-02 -2.19809078e-02 -1.67571545e-01
  8.57639301e-04 -2.59293467e-02  3.55636538e-03 -2.78605595e-02
 -7.81875756e-03 -1.36721609e-02 -1.56563688e-02  2.89575104e-02
 -2.26864461e-02  5.53137856e-03  5.08085941e-05  3.51386406e-02
 -2.03061402e-02 -6.91139624e-02  5.78075228e-03  1.23497136e-02
 -4.61776629e-02 -4.76155467e-02  1.14652753e-01 -1.61186028e-02
  1.92333348e-02  2.36467998e-02 -5.02925785e-03 -9.60803498e-03
 -2.33636200e-02  7.82583840e-03 -2.24483479e-02 -9.33363736e-02
  2.55290437e-02  9.78976488e-02 -5.25697507e-02 -6.53520450e-02
 -5.98847382e-02  1.08831963e-02  1.84369925e-02 -2.20771153e-02
  6.37823064e-03 -2.09655315e-02  1.00213408e-01 -4.72313054e-02
  4.26147226e-03 -8.31559449e-02  6.73169270e-02 -6.48353100e-02
 -3.12298406e-02 -7.22270235e-02  5.67327328e-02  8.13940207e-33
 -6.36427552e-02 -2.98704635e-02 -5.57904318e-02  8.02304372e-02
 -5.24084121e-02  7.65111521e-02  5.42598031e-03  1.24715280e-03
  7.49714822e-02 -4.63801362e-02 -7.04736486e-02  5.93299828e-02
  8.15482624e-03 -5.62889688e-03  9.69992355e-02 -1.97841469e-02
  3.56336609e-02  3.13015357e-02  3.93568464e-02  4.12490480e-02
  1.77516986e-03 -1.09357852e-03  1.31264962e-02  2.01257132e-03
  4.81254533e-02  3.27024721e-02 -1.09802939e-01 -4.80361357e-02
 -6.84892833e-02  1.23131806e-02  7.31351972e-02 -1.63352266e-02
  8.49053636e-03 -5.58896326e-02 -4.49175090e-02 -3.39466287e-03
  1.50370114e-02 -4.04568342e-03 -3.64925177e-03 -1.61550846e-02
 -7.87922218e-02 -5.80456629e-02  4.82200570e-02  3.03473398e-02
  1.28008956e-02  3.05918418e-02  2.85234451e-02 -4.74454612e-02
  6.09594695e-02  4.90437634e-02 -2.89794076e-02 -1.55628799e-02
  5.81222214e-02 -1.10998422e-01  1.68577097e-02  5.90506718e-02
 -5.48361018e-02 -3.55079435e-02 -6.62342831e-02  5.33987861e-03
 -4.67746612e-03 -3.61741474e-03 -1.56492591e-02 -4.72057052e-02
 -3.15946676e-02 -2.65508331e-02 -2.83680148e-02 -1.59230400e-02
  7.55072087e-02  3.82801443e-02 -1.32846802e-01  1.37006417e-02
 -2.89483145e-02  2.90294848e-02  3.42414044e-02  3.61382999e-02
  2.48471163e-02  1.70980617e-02 -7.85661191e-02  1.36626009e-02
  6.52293256e-03  3.29945758e-02  2.15954538e-02 -2.89185084e-02
  6.34240955e-02  3.30475196e-02  2.96576843e-02  1.58645958e-02
 -1.07533755e-02  8.67242590e-02  3.23539302e-02  7.72365704e-02
 -2.73517761e-02  3.08907591e-02  9.51050073e-02 -1.07636910e-32
 -9.98918153e-03 -2.71173334e-03 -1.06973901e-01  6.06037714e-02
 -2.32635401e-02 -6.88743638e-03  1.72999166e-02 -6.78727627e-02
 -4.07213829e-02 -1.07814990e-01 -3.57005857e-02 -1.11100525e-01
  6.18604869e-02 -3.23721804e-02 -7.51739293e-02  1.74098965e-02
 -1.02312893e-01 -5.28609268e-02 -2.45865174e-02 -3.94997597e-02
  3.81325767e-03  7.03555048e-02  4.69132140e-03 -3.30444574e-02
  2.41607353e-02 -1.34618590e-02 -9.90834758e-02 -3.89995649e-02
 -3.98567095e-02  3.30171436e-02  1.75822973e-02 -6.06712978e-03
  7.16837868e-03  6.65214062e-02  1.20398384e-02 -3.40337642e-02
  5.56140989e-02 -5.39127225e-03  3.07124667e-02  5.92384674e-02
  3.18017788e-02  9.66150016e-02  1.60160568e-02 -6.17147572e-02
 -6.24781251e-02 -6.51824661e-03 -1.93675961e-02 -7.38521889e-02
  5.12771644e-02 -7.54484311e-02  1.14002183e-01 -4.51020226e-02
 -5.96599914e-02 -8.75366554e-02  5.83583163e-03 -1.18791107e-02
  3.18248570e-02 -9.95157808e-02 -5.44583425e-02  3.75753082e-02
  2.60872319e-02  2.55183168e-02 -2.42906492e-02  7.19418889e-03
  3.31181008e-03 -9.76248272e-03  5.34103368e-04  2.88257841e-02
  1.37971640e-02  1.50921205e-02  5.64897172e-02 -8.88510793e-02
 -3.86890322e-02  8.69286805e-03 -6.84898626e-03 -5.04263192e-02
 -1.66867431e-02 -3.83509919e-02 -5.45195118e-02  4.97370735e-02
 -6.68579340e-02 -9.91825573e-03 -1.70883723e-02 -2.19728891e-02
 -8.57545063e-02  3.86852957e-03 -2.16427818e-02 -2.98780110e-03
 -3.91996130e-02 -2.30866112e-02 -1.00457132e-01  5.31955883e-02
 -3.24776024e-02  1.39456159e-02 -5.00972942e-02 -5.76510963e-08
 -5.51320054e-03 -2.62900908e-02  5.08065112e-02 -1.83795020e-02
  3.34406123e-02 -1.06093446e-02  2.45060977e-02 -4.49717045e-02
  2.84260623e-02  9.32848826e-03 -7.63933435e-02  2.63973195e-02
 -2.98296791e-02  2.73299795e-02  4.23935615e-02 -1.90762673e-02
  1.21567868e-01  6.42488822e-02 -4.75124903e-02 -3.63989919e-02
  1.22129299e-01 -3.14383977e-03 -1.58321291e-01 -2.39033718e-02
  3.15051153e-02 -5.01912879e-03  2.56433655e-02  5.13641816e-03
 -4.13642637e-02  1.20584900e-02 -9.69310943e-03  1.97035875e-02
  7.45207369e-02 -2.17380282e-02  8.21273867e-03 -2.73145363e-02
  6.83701560e-02  2.59528887e-02 -3.88320982e-02  4.87391390e-02
  1.02809921e-01 -2.28496790e-02 -6.58837259e-02  3.19446586e-02
  5.69524020e-02 -1.14694878e-03  4.51832339e-02  5.37874661e-02
 -5.03742807e-02  4.30997722e-02 -4.18512449e-02  8.95629823e-03
  6.51028529e-02  2.64735855e-02 -3.58749554e-02 -3.10620144e-02
  4.17669341e-02  1.84099283e-02 -1.40850544e-02 -2.94742491e-02
  1.09006003e-01  9.50113386e-02  8.59654993e-02 -6.58502951e-02]