[ 1.67956464e-02  1.07151933e-01 -3.43171097e-02 -6.55737072e-02
 -3.64400051e-03 -7.67353699e-02  4.52614799e-02  7.81552270e-02
  3.35355774e-02 -1.96312624e-03  6.73829094e-02 -4.27559316e-02
 -3.94253545e-02  8.80695879e-03  2.14372575e-02 -5.20579591e-02
  5.49585894e-02  2.65932623e-02 -5.00336066e-02  5.06260246e-02
  1.34278551e-01  1.08558275e-02 -3.61854001e-03  3.71196084e-02
 -7.40392953e-02  2.61697248e-02 -7.44513720e-02  4.88731137e-04
  6.56969287e-03 -1.04657322e-01  1.12999650e-02  5.65679967e-02
 -1.57900080e-02 -6.17092550e-02  2.15348769e-02 -2.88953986e-02
  7.79943541e-02  4.73294267e-03 -3.27543393e-02  3.75094637e-02
 -1.04698323e-01 -1.30251320e-02 -5.35941049e-02 -2.69030537e-02
  4.14204709e-02  2.00333161e-04 -5.21143302e-02  1.53541639e-02
 -3.06981895e-03 -5.64764626e-03 -8.55658352e-02 -2.00154036e-02
 -6.79714531e-02  4.14057970e-02  9.29170772e-02 -4.11162004e-02
 -8.71428754e-03 -1.64867751e-02 -4.33522696e-03 -3.17535363e-02
 -1.53751741e-03  4.51289713e-02 -2.54321378e-03  2.24390775e-02
  8.17131996e-02 -8.52428004e-03  1.80098917e-02 -7.09790811e-02
 -8.74509364e-02  2.07525156e-02  4.03958410e-02 -2.72106864e-02
 -3.72585701e-03 -5.44269867e-02  3.39142792e-02  1.19746357e-01
 -2.37553008e-02  5.66583313e-02  1.44144762e-02 -1.68550611e-01
  3.40946279e-02  2.52859909e-02  3.58430892e-02 -4.32745516e-02
 -2.81221606e-03 -6.14395328e-02  4.23301943e-02 -4.18644845e-02
  1.28850520e-01 -2.08603195e-03  8.75933748e-03  1.36609096e-02
 -9.67732295e-02  2.86290310e-02 -7.89421704e-03 -1.06542399e-02
 -9.68189016e-02  8.57652072e-03 -5.51293269e-02  4.46934663e-02
  1.11784530e-03 -7.26213865e-03 -2.21204460e-02  9.59252939e-02
 -1.95559785e-02 -2.05999408e-02  7.88964424e-03 -2.67181862e-02
 -6.91314647e-03  8.19179714e-02 -4.68570217e-02 -7.95325935e-02
 -1.02166884e-01 -9.73497331e-02 -2.15947460e-02 -3.30591276e-02
  5.69600165e-02 -3.40838805e-02  5.11859022e-02 -1.78249776e-02
  5.44494316e-02  3.99497524e-02 -3.09643131e-02  9.83821321e-03
  2.48461822e-03  7.78482715e-03  6.54537976e-02  8.54703779e-33
 -5.65831028e-02 -1.50271086e-02  4.86455485e-02  2.87122857e-02
  1.26184672e-02 -6.13347702e-02 -7.17409030e-02  7.78839691e-03
  6.60444945e-02  8.87377467e-03 -1.04790544e-02  8.13930407e-02
 -7.84182027e-02 -3.53646427e-02  1.04991026e-01 -1.67655032e-02
  8.65346193e-02 -9.00378451e-03  8.10452625e-02 -4.82164696e-02
  1.69565212e-02  2.43430231e-02 -1.11099575e-02 -3.55502106e-02
  1.43746575e-02  5.21995239e-02 -4.11464907e-02 -2.42232867e-02
 -6.38067946e-02  2.63707470e-02  1.43870786e-01 -6.68895915e-02
  4.94879447e-02  1.97994355e-02 -8.54164828e-03  1.98070928e-02
 -1.38027305e-02  8.13635141e-02 -4.85074800e-03  7.10118609e-03
 -3.28908302e-02  3.32587063e-02  8.77970606e-02 -2.18602661e-02
  3.54690361e-03 -4.99361567e-02  2.08348949e-02 -2.47626519e-03
  8.61696079e-02 -9.12271964e-04 -3.73485163e-02  1.27403662e-02
 -6.50941953e-02 -4.93589155e-02  6.22797571e-02 -1.63614266e-02
 -4.90946285e-02  8.57203007e-02 -2.02397332e-02 -2.89839022e-02
 -3.15150172e-02 -8.64738300e-02  9.64530744e-03  2.20025294e-02
 -2.03198902e-02 -4.67624404e-02 -3.91692072e-02  4.89609912e-02
  6.43905178e-02  1.27681708e-02 -1.05140097e-01 -4.65992978e-03
  1.50760012e-02  2.75264196e-02 -5.88810667e-02 -4.94440682e-02
  8.12062845e-02 -8.12875107e-02 -5.07985316e-02  3.30847800e-02
 -5.29247075e-02  7.21348673e-02 -1.13246158e-01 -9.95109696e-03
  3.40962484e-02 -2.58687809e-02  2.75130221e-03  6.05917796e-02
  3.46002281e-02  2.81859022e-02  8.90117232e-03  7.92167783e-02
  2.39928439e-02 -4.35978826e-03  1.51973672e-03 -1.15656897e-32
 -5.10423742e-02  5.96113987e-02 -3.51735130e-02  3.32300179e-02
 -4.20716889e-02  7.95236528e-02  1.33214258e-02 -3.92567627e-02
 -5.89599535e-02  2.59999521e-02 -9.63129848e-02 -3.56033631e-02
  2.72604241e-03  9.56678414e-04 -4.70321290e-02  2.83842650e-03
 -1.13117412e-01 -3.16208117e-02 -4.19290885e-02  4.86637577e-02
 -4.46544699e-02  1.16532683e-01  3.59457247e-02 -7.44683202e-03
 -1.96084306e-02 -5.51556870e-02 -9.41053629e-02 -2.58075685e-04
 -5.19871265e-02 -3.73777398e-03  3.19197699e-02 -1.62920710e-02
 -6.57280087e-02 -1.27390893e-02 -4.22154702e-02 -1.69001869e-03
  2.69222409e-02 -3.37183066e-02  8.97046924e-03  1.16667956e-01
  3.48686031e-03  4.43060100e-02  4.78321165e-02 -2.66224742e-02
 -1.43717257e-02 -4.75532655e-03 -3.80555924e-04 -8.68240371e-02
  4.59583923e-02 -6.92252442e-02  9.36723873e-02  2.70377845e-03
 -5.44819981e-02 -4.55498509e-03  3.18552107e-02 -1.35847498e-02
 -8.10254142e-02 -1.16506405e-03 -9.06191394e-02  2.06169914e-02
  8.95582736e-02 -1.07959826e-02 -7.33186528e-02 -7.12723285e-02
  1.83307417e-02  6.68907911e-03 -2.92210896e-02  2.51727402e-02
  3.44750062e-02  8.29320587e-03  5.03799655e-02 -9.47685633e-03
 -5.46442717e-02 -4.58709002e-02 -5.39110079e-02 -2.44577099e-02
  1.05465248e-01 -2.52590403e-02  8.24984349e-03  2.84166122e-03
 -4.75948036e-04  2.16596443e-02 -2.92147566e-02 -9.02708024e-02
 -1.46924943e-01 -8.11531395e-02  1.92155261e-02  6.80138916e-02
 -3.49947922e-02  2.34404467e-02 -6.82639563e-03  5.28795905e-02
 -8.84994958e-03  7.45666772e-03 -8.89359787e-02 -4.95698202e-08
 -2.44335225e-03 -1.08074918e-01  4.78521213e-02  6.76312447e-02
  2.97105685e-02 -5.24632446e-03 -3.91449332e-02 -2.84220036e-02
  4.39632833e-02  2.10314244e-02  2.98720095e-02  3.98118645e-02
 -6.94675669e-02 -3.81250633e-04 -3.41818742e-02 -1.05721392e-02
  6.09244369e-02  3.30493301e-02 -8.29858426e-03 -6.03235513e-02
 -1.50385266e-02  5.81476055e-02 -6.05630204e-02 -1.39719427e-01
  1.98837277e-02  4.15537087e-03 -4.58234064e-02 -1.99653003e-02
 -2.59925853e-02  8.16017985e-02  3.73765193e-02 -1.74367079e-03
  2.02200767e-02 -7.88621828e-02  8.17217573e-04 -6.57953545e-02
 -6.69797733e-02  8.08901116e-02 -3.48212607e-02  2.16971822e-02
  8.69900435e-02 -1.46548729e-02  5.25634782e-03  1.43861938e-02
 -3.70494984e-02  1.65236667e-02 -1.92419570e-02  6.02942035e-02
 -7.56614655e-02  1.69991832e-02 -5.00190407e-02 -3.14717963e-02
  4.61261570e-02  1.09211411e-02  1.31942714e-02  1.59941725e-02
  6.88464791e-02 -8.26280564e-03 -5.64966798e-02  1.94702577e-02
  7.14449957e-02  5.89252748e-02 -1.61921736e-02 -3.24968807e-02]