[-3.17498622e-03  8.90638605e-02 -4.62284051e-02 -9.32012722e-02
 -7.35297799e-02  1.05695101e-02 -2.74791103e-02  3.33549418e-02
 -1.13263270e-02  5.12532555e-02  9.11939442e-02 -1.02434158e-02
 -2.79469993e-02  1.02294441e-02  1.73688754e-02 -7.95076042e-03
  1.66374184e-02  6.43374324e-02  1.77911483e-02  6.28587976e-02
  1.52001143e-01 -7.68879503e-02 -9.34674218e-02  3.79466042e-02
 -6.48399964e-02 -1.78398134e-03 -4.02274989e-02 -3.28951478e-02
 -8.46583471e-02 -3.10706440e-02 -3.79792205e-03 -2.79034227e-02
  2.54156049e-02  2.26345402e-03  2.90305018e-02  6.92663342e-02
  7.13429740e-03  1.18807778e-02 -4.02912535e-02  5.05987927e-02
 -1.09855525e-01 -3.34178545e-02 -7.98625275e-02 -6.51338100e-02
  2.91030556e-02 -4.94958460e-02  5.60320877e-02  5.18246219e-02
 -4.67487425e-02 -4.48558293e-02 -1.89178102e-02 -1.21962903e-02
 -3.40656415e-02  4.74622883e-02  1.99760199e-02 -7.29151666e-02
 -2.91678198e-02 -3.62020824e-03 -3.52136195e-02 -2.66773030e-02
 -8.09022933e-02  4.06510308e-02 -2.70814467e-02  2.18834560e-02
 -2.42925063e-03 -1.30697852e-02  1.59828365e-02 -2.71106996e-02
 -5.75155616e-02  8.23671296e-02  3.65627408e-02 -7.79153258e-02
  2.67249662e-02 -3.83730903e-02 -6.39447272e-02  4.74236347e-02
  4.13507372e-02  2.07013935e-02  8.10481142e-04 -1.62505254e-01
  6.07457310e-02  7.39394650e-02 -1.49797238e-02 -4.65018377e-02
 -5.73583122e-04 -2.05614436e-02 -2.64070332e-02 -6.30959030e-03
  1.07268050e-01  7.56382709e-03 -3.33388597e-02  6.36547385e-03
 -3.50944661e-02 -9.76347178e-02  9.46462527e-03  4.63558128e-04
 -6.76157922e-02 -3.78433801e-02  4.29105908e-02 -3.02545652e-02
  4.14427221e-02  5.33845052e-02  9.82837658e-03 -5.10848463e-02
 -1.81750003e-02 -8.87188781e-03 -2.16798615e-02 -3.84772085e-02
  1.04949614e-02  1.14859752e-01 -1.05814748e-01 -1.02165733e-02
 -6.15471750e-02 -3.80470268e-02  2.06829198e-02  5.74796163e-02
 -9.79545414e-02 -1.43932197e-02  3.97574194e-02 -5.47790043e-02
  1.66122038e-02  1.63586158e-02  4.81073335e-02  9.84482095e-03
  8.41430500e-02 -6.41847476e-02 -4.19745520e-02  6.58818299e-33
  9.68817063e-03 -4.58994955e-02 -1.21865878e-02  1.02873957e-02
  3.05330213e-02  2.26757880e-02  3.07574160e-02  2.21012384e-02
  1.48790115e-02  1.05684295e-01 -3.37278806e-02  6.38144761e-02
 -3.58988866e-02  4.04276252e-02  1.12532690e-01 -3.20537053e-02
 -2.94598509e-02  4.30175057e-03  5.56428079e-03  5.48110716e-02
 -2.37912852e-02  3.42764854e-02  2.31692623e-02 -1.43212425e-02
  1.29084187e-02  4.81288098e-02 -5.48114441e-02 -3.38301137e-02
 -6.03588559e-02  5.53199910e-02  8.50266442e-02 -3.74963842e-02
  3.41332611e-03 -6.66143838e-03 -6.41990677e-02 -7.35623762e-02
 -9.59336478e-03  4.29356284e-02 -2.61451006e-02 -5.34654930e-02
 -4.40063328e-02 -1.08849639e-02  4.74500097e-02  1.23975212e-02
  1.57897603e-02 -8.07586610e-02  7.11235106e-02 -3.02715991e-02
  6.85490370e-02  5.85796200e-02  7.51581341e-02 -6.42302558e-02
  4.16510142e-02 -4.59558032e-02 -1.64150412e-03 -8.19412470e-02
 -1.01426177e-01  1.65843256e-02 -8.07109103e-02 -7.17812032e-02
 -2.25613993e-02 -7.44993687e-02 -4.38642986e-02 -7.29772029e-04
 -4.95423190e-02 -2.52244342e-02  3.42796966e-02  3.82136516e-02
  8.02006945e-02  2.78817229e-02 -7.85408542e-02  1.20541239e-02
 -3.36461961e-02  1.30366150e-03  3.13404426e-02  1.44703230e-02
  4.36564013e-02  4.20331169e-04 -4.85281013e-02  3.95490825e-02
 -1.39786964e-02 -3.58707905e-02 -4.93765855e-03 -5.44057861e-02
  1.00319646e-01  3.38507406e-02  7.36092553e-02  3.39324921e-02
  4.18654680e-02  5.62714674e-02 -1.57072190e-02  8.33483785e-02
  4.68731718e-03  9.20829847e-02  7.37032890e-02 -1.06467051e-32
  2.87696323e-03  9.13115870e-03 -1.13622388e-02 -3.09558883e-02
 -2.46433094e-02  2.95911189e-02 -1.37803564e-03 -7.94983134e-02
 -5.67934960e-02 -1.30534008e-01 -1.49922565e-01 -9.66023728e-02
  5.66149987e-02  5.42593636e-02 -8.43861550e-02 -2.09106095e-02
 -5.48144393e-02 -4.27966230e-02 -4.43903804e-02 -4.14235257e-02
 -1.20000578e-02  1.19636662e-01  6.77579120e-02  1.02989897e-02
  3.10375169e-02 -3.73608433e-02 -2.84242611e-02 -2.79361731e-03
 -5.93507029e-02 -2.86112186e-02  5.46376109e-02  5.11172712e-02
  9.26026981e-03  8.39580521e-02 -2.95851920e-02  2.11619656e-03
  2.24239267e-02  1.41088907e-02 -5.24343848e-02  6.88014477e-02
  7.07823783e-02  9.44047198e-02  1.04330517e-02 -2.32723318e-02
 -8.26698616e-02 -6.13301154e-03 -9.96099506e-03 -1.18776686e-01
  5.57199828e-02 -6.27737567e-02  4.69648838e-02 -5.71572073e-02
 -2.54118759e-02 -4.70019914e-02  2.43342891e-02 -6.86298171e-03
 -1.86679959e-02 -7.85634145e-02 -6.88524842e-02  9.95470863e-03
  5.33938669e-02 -6.75141858e-03 -5.95915653e-02  2.63964701e-02
  9.10368115e-02  1.79562252e-02  1.67018697e-02  1.78597849e-02
 -1.12517329e-03  5.67494631e-02  1.04881180e-02 -2.42815949e-02
 -9.10631642e-02 -1.85338520e-02  1.26881078e-02 -2.81271096e-02
 -5.24482653e-02 -3.98290083e-02 -4.74822298e-02  7.32616638e-04
 -2.66341064e-02 -7.34205619e-02  7.91760255e-03 -5.48049994e-02
 -7.54673034e-02  4.76675183e-02 -2.80712042e-02  6.55517727e-02
 -1.55891329e-02  3.32986005e-02 -3.69794145e-02  2.45054495e-02
  7.78560936e-02  1.61255151e-02 -1.70935539e-03 -5.56818698e-08
  1.99164841e-02 -2.14316361e-02  7.20648393e-02 -1.46212541e-02
  1.59097947e-02 -7.56049380e-02  3.62349227e-02  1.16506964e-02
  2.89014634e-03  3.42524494e-03  2.76539363e-02  3.54910567e-02
  7.41238007e-03  3.53116989e-02  5.54617792e-02 -1.04500130e-01
  9.06901434e-02  4.25145216e-02 -3.59281078e-02 -5.83794676e-02
  6.61573708e-02 -7.63606699e-03 -1.25886470e-01 -2.15291022e-03
  1.48140555e-02 -1.54992240e-02 -2.49257572e-02 -2.52640303e-02
 -2.79440060e-02  9.28129554e-02  1.32782217e-02  2.79986802e-02
  3.10821924e-02 -7.30177984e-02 -5.04486635e-02 -5.59593476e-02
  8.09582323e-02 -3.10738757e-02 -2.44324226e-02 -3.45850699e-02
  7.06708208e-02  1.21826371e-02  1.44018438e-02 -2.11687367e-02
  1.23789543e-02 -3.66587341e-02  4.79114056e-03  4.19550277e-02
 -7.46579468e-03 -6.43899068e-02 -4.64460962e-02  6.31845295e-02
  3.65686417e-02 -4.17610258e-02  1.06993169e-02 -6.74603358e-02
  3.88017632e-02  5.14640436e-02  1.42337931e-02 -5.51361702e-02
  1.09517910e-01  6.89562634e-02  6.19315468e-02 -5.04872836e-02]