[-6.60643354e-02  1.75417978e-02 -5.17449528e-02 -5.24256788e-02
 -2.00773627e-02 -4.09183092e-02 -5.67013724e-03  9.17354450e-02
 -6.88462984e-03  6.60166666e-02  1.66006163e-02 -2.98312530e-02
  2.24338025e-02 -2.33064449e-04 -4.56360318e-02 -6.35474101e-02
 -4.01916504e-02 -7.33180121e-02 -2.22489778e-02  1.66297927e-02
  9.91191715e-02 -8.55983701e-03 -8.45196173e-02  1.22180702e-02
  5.75191109e-03 -5.98378200e-03 -5.15285693e-02  2.04720423e-02
 -2.00615451e-02 -1.30464276e-03 -1.45208184e-02  8.27534348e-02
  6.35017604e-02  6.57491088e-02  4.39120270e-02 -2.30939928e-02
  5.04579917e-02 -1.11925527e-02 -9.59001407e-02 -6.95263222e-02
 -5.91613278e-02 -1.80848818e-02 -4.06869724e-02  3.61808240e-02
  2.36857925e-02 -1.60333049e-02 -3.54949459e-02 -2.66255010e-02
 -9.46074575e-02  4.34817076e-02 -1.36579186e-01 -6.63909167e-02
 -2.45531518e-02  3.50925922e-02 -3.20181400e-02 -3.37850563e-02
  1.12436689e-01 -1.02848224e-02 -1.88618302e-02  1.90483835e-02
  2.12408490e-02 -5.01631722e-02 -7.03403279e-02  1.19319940e-02
  3.29140238e-02  3.99694107e-02 -4.17063124e-02 -7.67525509e-02
  2.92402711e-02 -3.98482122e-02 -2.96566393e-02 -1.52864084e-02
 -8.20232928e-03  8.20301548e-02 -6.04874790e-02  4.19886746e-02
 -2.67044711e-03  2.04657502e-02  4.68292981e-02 -1.63852721e-01
  2.67085303e-02  9.05542672e-02 -6.72569424e-02 -1.93997584e-02
  7.81921204e-03 -3.54585350e-02 -3.44561189e-02 -7.62384152e-04
  7.47969970e-02 -1.43541387e-04  2.46966667e-02 -4.43466241e-04
 -4.63084280e-02  2.31959652e-02 -3.45968828e-03 -6.18600398e-02
  5.75335883e-02 -4.05901819e-02  4.34161834e-02 -8.45472142e-03
  1.54151777e-02 -1.96108855e-02  5.94769716e-02 -6.12333342e-02
 -2.96622552e-02 -2.49409396e-02  8.06300566e-02 -3.61480862e-02
  6.79894816e-03  6.18920149e-03 -2.49368753e-02 -4.59349826e-02
 -6.93584457e-02 -1.28171161e-01 -3.29466574e-02  1.48534216e-02
 -9.87235084e-02  8.93639214e-03  2.14580763e-02 -4.65016812e-02
 -1.20243225e-02 -4.25670110e-02  4.32732329e-03 -1.53210312e-01
  6.69905022e-02 -3.92812416e-02  3.29426453e-02  9.80935048e-33
 -1.11781787e-02 -2.56077759e-02 -7.07160756e-02  6.96949661e-02
  8.24780911e-02  4.22450602e-02  1.47998892e-02  4.23211679e-02
  4.75842133e-02 -3.68898548e-02 -4.35109958e-02  6.00545332e-02
 -4.58387844e-02 -5.28485812e-02  1.08733408e-01  7.18908291e-03
  3.90451029e-02  1.21813804e-01 -6.99697956e-02  2.33366452e-02
  4.58845198e-02 -2.11153906e-02 -1.27868215e-03 -4.94059660e-02
  3.37199681e-02  4.41233553e-02 -2.11841576e-02  2.74062436e-03
  1.78817734e-02  1.28965368e-02  4.45780121e-02 -3.76125835e-02
  3.03359814e-02  1.51454331e-02  4.58730794e-02 -2.27953512e-02
 -5.31170517e-02 -3.64299901e-02  5.62223271e-02  3.06518544e-02
  1.81265660e-02 -2.43785474e-02  1.23887002e-01 -4.20032479e-02
  5.81406206e-02 -5.04716747e-02  3.41136679e-02  2.79386137e-02
  5.17134406e-02  4.76840138e-02  2.18799729e-02  2.51475014e-02
 -1.68506708e-02 -3.56743974e-03 -1.49381263e-02  1.62364487e-02
  4.53465506e-02 -4.89938958e-03  1.38561949e-02  7.18336029e-04
 -6.41428903e-02 -1.94299724e-02 -3.56915817e-02  1.64433499e-03
 -2.16222238e-02 -6.77302480e-02  6.90990016e-02 -9.66943614e-03
  7.23859668e-02  2.54439376e-02 -4.93790470e-02 -6.37636706e-02
 -1.13991387e-02  4.83133979e-02 -3.80722210e-02 -1.97786521e-02
  2.36826502e-02  1.05509954e-02 -9.51090083e-02 -3.57355960e-02
 -9.96130556e-02  4.94160391e-02 -4.70507108e-02 -4.04484244e-03
 -4.48536351e-02  5.79916202e-02 -2.32596938e-02  7.89580643e-02
 -7.05077499e-03  3.27550806e-02  3.76287661e-03  6.90126941e-02
 -5.40606789e-02  9.71072763e-02  3.68712619e-02 -1.00886656e-32
 -3.57940570e-02 -6.54212460e-02 -1.30008126e-03  2.41575297e-02
 -4.27189618e-02  4.35823165e-02 -4.02070768e-02 -9.42404324e-04
 -1.58362165e-02 -6.91428557e-02  1.36502339e-02 -2.38172859e-02
  3.52564938e-02 -3.70121226e-02  5.80490893e-03  5.55850863e-02
 -6.13526590e-02 -1.76212061e-02  2.85108592e-02  6.17449880e-02
  5.79839498e-02  1.84557158e-02 -5.84931821e-02  5.04923984e-03
  7.88262933e-02 -5.71089685e-02 -4.06023376e-02 -5.38902953e-02
  3.37905064e-02  4.67722304e-02  2.85458043e-02 -8.64622835e-03
 -6.08131997e-02  1.42163739e-01  1.44635085e-02 -7.07395524e-02
  1.04108453e-01 -1.13493502e-01  1.44664105e-02  9.24618021e-02
  9.68775377e-02  3.74015681e-02  1.38917239e-02 -1.23517225e-02
 -4.24100785e-03 -2.37765871e-02 -7.92766735e-03 -1.03682466e-01
  9.61157400e-03  2.55563036e-02  9.25518051e-02 -2.14718096e-02
 -6.37739711e-03 -4.89644110e-02 -2.63620410e-02  6.94980146e-03
  1.09200254e-02 -4.23493870e-02 -2.51105912e-02 -9.78316274e-03
  9.97216254e-02 -1.34471506e-02 -1.74861569e-02 -2.76338239e-03
  3.63655910e-02  1.45396948e-01  1.09069794e-02  9.90958586e-02
 -7.07681328e-02 -3.21847945e-02 -2.92452481e-02 -1.64341163e-02
 -4.79918607e-02 -1.15038678e-01 -2.14446373e-02 -2.00625323e-02
 -5.58069907e-02 -3.67113529e-03 -7.46069625e-02  1.91928837e-02
 -9.80118010e-03  9.60302912e-03 -4.83690854e-03  2.06587221e-02
 -2.62744389e-02  5.28805666e-02  3.68123292e-03 -2.31075156e-02
 -6.69931471e-02  5.07062813e-03 -8.04114342e-02  3.34188193e-02
  4.73818667e-02  4.93231155e-02 -2.28521544e-02 -6.25028775e-08
 -5.44981360e-02 -4.11605127e-02  8.70577898e-03 -6.87478110e-02
  9.07785818e-02 -4.41012438e-03 -7.37462565e-02  5.00303283e-02
  1.92201771e-02  3.51795293e-02  4.06168588e-02 -1.55158758e-01
 -4.69588116e-02  1.13267929e-03  3.00574992e-02 -2.57180054e-02
 -3.74833122e-02  1.11435633e-03 -4.54407856e-02 -1.13479467e-02
  1.34032801e-01  5.57369180e-03 -1.30087929e-02  5.58000058e-02
  1.71074420e-02 -5.22285178e-02  5.15633151e-02  1.18104756e-01
 -2.28231959e-02 -1.47499377e-02 -4.01338525e-02  5.56155993e-03
  3.53307799e-02  3.27183045e-02  2.91842278e-02  6.51775226e-02
  9.23389867e-02  1.06535740e-01  2.07958799e-02  3.09486408e-02
  1.49760265e-02  1.60322580e-02 -5.69987930e-02  6.56878692e-04
  2.44665388e-02 -1.59873683e-02 -3.82909626e-02 -3.24675962e-02
 -2.65278071e-02 -7.58973807e-02 -8.44463557e-02  4.02913280e-02
  5.05865812e-02  9.19273049e-02 -7.15903118e-02  2.26755720e-02
 -9.15503129e-03 -1.81901138e-02  2.45241020e-02  5.83298914e-02
  4.77735624e-02  5.93642071e-02  2.89996043e-02  3.47124711e-02]