[ 4.54454534e-02 -6.51675137e-03 -4.11237143e-02 -6.24741381e-03
 -1.76739842e-02 -1.55485272e-02  4.28293236e-02  1.72361210e-01
 -3.24893184e-02  1.45789124e-02  7.96600953e-02 -5.97830191e-02
 -3.48800756e-02  6.48196414e-02 -9.78793874e-02 -6.18019588e-02
  1.79051477e-02 -2.45759767e-02 -3.68528776e-02  1.25530571e-01
  1.63636077e-02 -5.07731847e-02  1.98603198e-02 -7.80212833e-03
  5.43134287e-02  2.75573861e-02 -3.66188884e-02  1.65072326e-02
 -1.43026533e-02 -9.06797275e-02 -4.58208211e-02  1.30614787e-01
  6.29369318e-02 -9.96737331e-02  7.86307920e-03 -5.56773320e-02
  3.41254473e-02 -3.69480588e-02 -4.73577529e-02  3.57524082e-02
  4.08031046e-02 -4.67393883e-02 -3.62196937e-02  2.45864876e-02
 -7.29825906e-03 -8.08027834e-02 -6.55007288e-02  9.29409117e-02
  2.78851874e-02  5.36216833e-02 -6.85051456e-02 -2.15930510e-02
 -5.68137020e-02  3.85181122e-02 -1.91204697e-02 -3.77664343e-02
 -2.55205873e-02 -2.91602015e-02 -1.10015145e-03  7.49310330e-02
  5.63527159e-02  3.11532300e-02  3.08038667e-03 -3.60125937e-02
  3.99949327e-02 -2.52406802e-02  1.10171977e-02  1.53491860e-02
 -7.66576454e-02 -2.52090991e-02  4.88781221e-02 -3.73625495e-02
  8.07385333e-03  4.83152010e-02 -5.65962680e-02  5.57803176e-02
 -3.93016916e-03  3.04149184e-02  2.43021604e-02 -8.99567232e-02
  4.79557998e-02  1.51946035e-03 -4.60618362e-02  1.07479971e-02
  6.82186931e-02  1.48263741e-02  6.38185116e-03  2.92982403e-02
  1.08666988e-02  3.83365899e-02  3.83795500e-02  9.96894613e-02
 -1.09748431e-01 -2.30168160e-02  5.42301126e-02  5.43793999e-02
 -7.05049261e-02 -2.48054005e-02  2.62850965e-03 -2.48831580e-03
 -1.45177273e-02 -4.70810495e-02  3.14437002e-02 -3.32397185e-02
 -1.12450056e-01 -6.46443591e-02  6.11969605e-02 -6.60449313e-03
  7.43077602e-03  2.46623205e-03 -9.17003378e-02 -7.06365556e-02
  1.90736854e-03 -7.74990022e-02 -3.19429077e-02  4.22130339e-02
  3.02665755e-02 -4.34031487e-02  4.15961966e-02 -1.92639865e-02
 -1.39911389e-02  3.74405980e-02  2.24313475e-02  5.02571987e-04
  3.75278704e-02 -6.56547844e-02  6.52854219e-02  1.55575781e-32
 -3.49850692e-02 -5.88656552e-02  1.76087918e-03  9.77477729e-02
  3.18240263e-02  5.60890958e-02 -5.90915456e-02  3.96161526e-02
 -6.71730340e-02 -8.02390054e-02 -1.37043372e-01  4.53124903e-02
 -1.65829919e-02  3.69973332e-02  2.75779236e-02  4.95588668e-02
  9.05956253e-02  2.59744022e-02  1.96113121e-02 -4.78406474e-02
  3.24388072e-02 -1.58903666e-03 -2.70527862e-02 -7.50475237e-03
 -2.71169562e-02  9.13498923e-02 -3.33130993e-02 -4.61469553e-02
 -5.11510437e-03  2.53657289e-02  1.09452568e-01 -1.18194409e-02
 -3.14474478e-02 -4.66915183e-02  2.36119889e-03  5.63989840e-02
 -4.72983532e-02  1.62080377e-02 -7.20797805e-03  4.73044217e-02
 -8.83484446e-03  4.15070094e-02  2.75531504e-02  2.41042040e-02
  2.03904137e-02 -5.25479093e-02 -2.11583378e-04 -1.96393058e-02
  1.48146689e-01  2.00264454e-02 -3.22329365e-02 -2.20058970e-02
 -1.19367629e-01  1.25709106e-03 -2.71273218e-02  4.44418229e-02
 -1.15581661e-01  1.06425337e-01 -7.92245287e-03 -3.50043289e-02
  1.37505066e-02  1.14630170e-01 -5.60834743e-02 -6.96634455e-03
  3.45539823e-02  1.56004578e-02 -6.33040369e-02 -3.35291363e-02
  6.11790009e-02 -4.85043600e-02 -1.67414360e-02 -3.61892320e-02
  3.78160588e-02  2.44939700e-02  1.67743943e-03 -1.16896536e-03
 -6.30609915e-02  5.42382747e-02 -1.46746878e-02  3.08532547e-02
 -7.79326484e-02 -7.14468807e-02 -1.65491283e-03  2.52848584e-02
  4.82716821e-02  7.30362162e-02  3.87295969e-02  4.02582027e-02
  2.45646909e-02  3.11861206e-02  1.01953246e-01 -3.29689421e-02
 -6.21248856e-02 -2.60969228e-03 -3.07646524e-02 -1.52949433e-32
  4.21049586e-03  4.29536365e-02  2.81411652e-02 -3.08301244e-02
  4.85973945e-03  5.14337867e-02 -7.35452473e-02 -9.51046357e-04
  3.80479619e-02 -1.86549686e-02  2.02630926e-02 -5.26834615e-02
  8.94762874e-02 -6.40412048e-02 -6.68908879e-02 -1.00956345e-03
 -4.13526557e-02 -9.35919862e-03 -4.53345962e-02 -5.53150065e-02
 -1.41632318e-01 -3.58450413e-02  8.11247304e-02  9.91121009e-02
  1.02015678e-02  9.06620268e-03  1.26526889e-03 -4.31039110e-02
 -1.18103378e-01 -4.36089970e-02  2.16262564e-02 -1.47903645e-02
 -4.69158515e-02  4.33954634e-02 -5.02623767e-02 -2.51005068e-02
  1.10575813e-03  3.59716266e-03  1.78407915e-02  6.66765438e-04
 -1.17185237e-02  1.07468348e-02  5.87178729e-02 -1.48434723e-02
 -2.92088259e-02 -1.02217996e-03 -2.08416022e-02 -1.06083319e-01
  3.27902734e-02 -3.64118479e-02  1.20118730e-01  9.87006128e-02
 -1.94123406e-02 -1.27420817e-02  6.33789971e-02 -1.63149200e-02
 -6.17229529e-02  2.97864936e-02 -9.81054455e-02  5.69263212e-02
  1.05758205e-01  4.45884429e-02 -5.42448759e-02 -1.05821004e-03
  6.37260973e-02 -1.45142395e-02 -8.56779367e-02  8.70458037e-02
  4.99492735e-02 -3.40341143e-02  1.27108559e-01 -1.46390367e-02
 -6.23518191e-02  1.29505666e-02 -1.99227203e-02 -1.78930555e-02
  5.57243712e-02 -2.28694864e-02  4.50373068e-03  2.77517661e-02
  2.89225578e-02 -5.82820289e-02 -8.89935717e-02  1.25350449e-02
 -7.86216334e-02 -9.43550542e-02  6.80463016e-02 -4.69367020e-02
 -1.67156160e-02  1.37334494e-02 -4.23466191e-02  3.84030044e-02
 -1.00960821e-01  1.66766811e-02  1.04130238e-01 -5.87159086e-08
  5.15132546e-02 -3.68011333e-02  7.41541293e-03  5.81600368e-02
  3.80743258e-02 -1.53659228e-02 -4.27309498e-02  3.84468511e-02
 -3.64578404e-02  7.40176663e-02  2.19874773e-02 -2.42313854e-02
 -5.38794547e-02 -2.20476240e-02 -1.27299791e-02 -6.76605180e-02
  4.10389677e-02  8.68988633e-02 -1.16113555e-02  1.46443760e-02
  3.42357792e-02 -1.03589958e-02 -4.02157083e-02 -6.37106374e-02
 -2.96971966e-02 -3.29399854e-02 -1.87346749e-02 -6.85965084e-03
  1.62077080e-02 -2.42866278e-02  3.73677537e-02 -3.70382145e-02
  6.12184592e-03 -1.45859951e-02 -8.24830011e-02  5.75835519e-02
 -9.86416359e-03  2.89491029e-03 -4.44447100e-02  2.78116148e-02
  9.56297219e-02 -3.89563777e-02  1.35322276e-03 -2.64136381e-02
 -7.33045535e-03 -5.54393977e-02 -2.93462332e-02  4.90336725e-03
  3.64071988e-02 -4.81732674e-02  2.03767829e-02  2.63884142e-02
  6.73013087e-03 -2.30141543e-02 -7.73762539e-02 -2.62152613e-03
 -1.20134419e-02  6.88545704e-02 -4.19884063e-02  2.13798117e-02
 -5.72602870e-03 -5.19022113e-03  2.31299400e-02  6.33372366e-02]