[ 2.27817483e-02  1.60589516e-02 -3.94786298e-02 -1.12756183e-02
 -5.46832941e-02 -5.11606857e-02  4.42191549e-02  1.25387043e-01
 -4.88735065e-02  4.75658663e-02  7.69820660e-02 -2.23466232e-02
  3.36151384e-02 -1.87180731e-02 -4.53731045e-02 -5.93048073e-02
  2.91643851e-03 -1.21898735e-02 -9.87474993e-03  6.83004037e-02
  9.49033424e-02 -4.82615791e-02 -6.77889064e-02  3.05573251e-02
 -8.47415775e-02 -1.25903459e-02  1.85122825e-02  1.49204461e-02
 -3.59103270e-02 -7.66725987e-02 -3.86865251e-02  1.27650961e-01
  1.51247904e-01 -3.74967456e-02 -1.53349498e-02  1.97353475e-02
  6.13298379e-02 -6.20856993e-02 -7.24139810e-02  5.23137152e-02
 -1.01006739e-01 -2.11091470e-02 -5.69894314e-02 -4.53267321e-02
  2.30519045e-02 -5.80452234e-02 -4.76076081e-03 -3.13096009e-02
 -4.60823625e-02  7.15686679e-02 -5.88383563e-02 -1.18220942e-02
 -6.23372197e-02  4.54874448e-02 -3.44916712e-03 -5.72956093e-02
 -1.10897040e-02  6.84196176e-03 -5.74753098e-02 -2.29582116e-02
 -3.48508954e-02  4.57883291e-02 -5.46973236e-02  2.89032217e-02
  3.62293012e-02  2.93220151e-02 -7.28947227e-04 -7.29775876e-02
 -3.01564038e-02  4.10608889e-04  1.67443510e-02 -7.09948540e-02
  6.05448708e-02  3.67374532e-02 -6.45158440e-02  5.15623093e-02
  2.17243079e-02 -7.86572322e-03 -2.33311919e-04 -1.26042604e-01
 -1.71494875e-02  9.73967556e-03 -6.72988147e-02 -5.30367047e-02
  7.50658917e-04  7.59299621e-02 -5.78836501e-02  2.60227341e-02
  4.96438667e-02 -6.21891022e-03  1.22781828e-01  4.76042442e-02
 -1.31473571e-01 -9.33014452e-02 -5.23212440e-02 -1.52321830e-02
 -8.19528650e-04  1.95976323e-03  7.68914297e-02 -2.29932647e-02
  9.64088272e-03  3.11111026e-02 -4.95383441e-02 -6.20936714e-02
 -6.02462292e-02 -2.48165731e-03  1.69961080e-02 -3.87655646e-02
  7.76314689e-03  7.15877563e-02 -6.14939630e-02 -3.42726596e-02
 -5.92631996e-02 -3.90427038e-02 -2.89473161e-02  1.77895091e-02
  1.38481967e-02 -6.35868832e-02 -4.05022390e-02 -2.35698447e-02
 -4.54578642e-03 -3.65124713e-03  5.78233339e-02 -7.28725046e-02
 -3.57069448e-02 -1.01767890e-01  6.74730837e-02  1.26085096e-32
 -5.89446202e-02 -2.64840350e-02 -2.64164004e-02  4.51501682e-02
  2.07540416e-03  2.42652930e-03 -8.27645883e-03  1.41047817e-02
  2.85627097e-02  2.20979247e-02 -3.92165370e-02  6.80779889e-02
 -7.87548535e-03 -1.62471216e-02  6.87027797e-02 -1.16272308e-02
  6.72007129e-02 -5.17458841e-02  3.94886080e-03  8.81291460e-03
  1.36880176e-02 -1.06275948e-02  2.39040554e-02 -2.57076453e-02
  8.19508433e-02  1.17223248e-01 -1.53858634e-02 -2.04616250e-03
  1.74224877e-03  5.10879941e-02  3.46712992e-02  6.02129335e-03
 -2.73945238e-02 -4.70311791e-02 -6.32960945e-02  2.43846718e-02
  7.48623833e-02  6.10038191e-02 -5.14764041e-02 -4.28513959e-02
 -1.07463645e-02  5.79055548e-02  1.23150311e-01  2.15478409e-02
  6.29760697e-02 -5.22405282e-02  2.33888831e-02 -3.44494963e-03
  1.42742231e-01  6.51083887e-02 -8.45266879e-02  5.78709180e-03
  2.54932214e-02 -2.18266286e-02  1.28208492e-02 -5.21849841e-02
 -5.62485754e-02 -1.95749127e-03 -4.28925306e-02  5.26182652e-02
  5.26210330e-02  4.36714254e-02 -2.75264718e-02 -1.06590670e-02
 -4.04386036e-02  2.29866691e-02 -5.47763007e-03  1.31261749e-02
  1.22249387e-01 -1.24084521e-02 -7.21418411e-02 -2.80581973e-02
 -1.09171327e-02  1.07163630e-01 -3.48746665e-02 -3.22876722e-02
  4.30016592e-02  2.37783231e-02 -1.20276380e-02 -5.67888003e-03
 -4.92699109e-02 -2.20597554e-02 -1.44433621e-02  4.33874428e-02
  3.01590525e-02  7.09875301e-02  8.25143754e-02  1.07126281e-01
 -2.03444418e-02  5.25841443e-03  8.06081221e-02  9.50233340e-02
  1.07399188e-02 -1.69658847e-02  5.07786907e-02 -1.45517605e-32
 -2.17916127e-02  1.64040102e-04 -5.88347986e-02 -2.20404044e-02
 -5.13897501e-02 -1.66306403e-02  1.08591700e-02 -2.48022787e-02
 -4.04591486e-03 -1.21273510e-01 -6.62744939e-02 -8.17733780e-02
  1.00957349e-01 -7.69169703e-02 -1.46989226e-02  4.57806028e-02
 -1.26576751e-01  4.30710986e-03 -1.25456294e-02 -3.01416796e-02
 -1.00327181e-02  9.49321166e-02  9.25118336e-04 -6.47015274e-02
  5.19249365e-02  5.35495393e-03 -2.72904094e-02 -3.52987722e-02
 -7.24005774e-02  2.30416227e-02  4.66936827e-03 -5.36141694e-02
 -1.97681412e-03  7.60070533e-02 -3.18299755e-02 -7.96338692e-02
  5.43367341e-02  5.13196290e-02 -4.53935415e-02  6.79024309e-02
  5.08160144e-02  4.91680577e-02  3.17592919e-02 -4.44557332e-03
 -5.51420711e-02 -7.13709183e-03 -3.12656537e-02 -8.88965279e-02
  4.76208963e-02 -4.32917438e-02  1.52764365e-01 -1.05480753e-01
  1.83515716e-02 -9.11380425e-02  3.39494459e-02  1.68402456e-02
  1.21255936e-02 -3.80440615e-02 -5.75441979e-02  8.93286150e-03
  9.82342884e-02  3.43623236e-02 -2.44017337e-02 -7.22030923e-02
  3.64323705e-02  4.66365963e-02  3.85741256e-02  4.16911691e-02
  5.90439374e-03  4.87859361e-03  2.67060604e-02 -5.87548018e-02
 -2.53156945e-02 -2.27321424e-02 -1.11461384e-02 -3.43570374e-02
 -7.70182535e-02  3.01617514e-02 -2.98627522e-02  7.40072876e-02
 -5.41333668e-02  2.28231698e-02 -2.68480573e-02  3.77575010e-02
 -5.34995347e-02 -3.11601199e-02 -1.78474039e-02 -4.57720198e-02
 -4.04988043e-02  1.05831278e-02 -9.67060179e-02  4.88723591e-02
  4.49819770e-03  3.25504504e-02 -1.86422318e-02 -6.70909017e-08
 -1.27345277e-02 -9.67421457e-02 -2.78949458e-02 -7.68136000e-03
  7.08120093e-02 -2.11093891e-02 -4.72004637e-02 -4.85712737e-02
 -1.78177599e-02  3.90343517e-02 -3.21393344e-03  2.01681834e-02
 -2.80687008e-02  3.19606066e-02 -1.41712092e-02 -3.71056870e-02
  7.70477131e-02  8.48829672e-02 -6.92524761e-02 -5.19458205e-02
  5.87658323e-02 -7.12420559e-03 -9.02797207e-02 -3.67045701e-02
  3.07163205e-02  3.47823091e-02 -8.27641338e-02 -3.82646471e-02
 -8.89637619e-02  1.52299888e-02 -8.58607236e-03 -3.36952507e-02
  6.43253848e-02 -2.09735800e-02 -7.12037599e-03 -1.78077947e-02
 -7.94934295e-03  3.87600251e-02 -7.23195821e-02  4.30400744e-02
  7.42493793e-02 -8.82139653e-02 -1.12161953e-02  1.20935161e-02
  1.54651264e-02 -5.25861382e-02  5.67363715e-03  2.53496133e-02
  9.46549047e-03 -2.12534462e-04 -3.48117873e-02 -1.58244185e-03
  5.62907234e-02 -4.46993299e-02 -4.88120951e-02  5.25940862e-03
  3.83658335e-02  8.07467848e-03  3.50190699e-02 -2.33905781e-02
  5.49945123e-02  7.04084709e-02  1.46435983e-02 -3.99078950e-02]