[ 9.81291663e-03  2.32151640e-03  2.49379352e-02  1.23924697e-02
 -4.14017662e-02 -6.63996255e-03  6.66528121e-02  8.52699578e-02
  1.35508077e-02  3.23731937e-02  1.88294295e-02 -9.31126177e-02
  1.14196418e-02 -1.36553394e-02  2.72869729e-02  2.82371882e-02
  1.30531844e-02 -3.16122547e-02 -7.09168985e-02 -4.11068322e-03
  3.04964627e-03 -1.72060784e-02 -1.67270564e-03 -1.47205759e-02
 -5.46245836e-03 -4.48499024e-02  3.93526070e-02  5.36202230e-02
  1.88880283e-02 -6.22147061e-02 -1.74971521e-02  5.02782352e-02
  9.33832228e-02 -3.90000530e-02 -5.76883405e-02 -5.22983670e-02
  1.49429450e-02 -8.03151578e-02 -1.98121145e-02  3.21409591e-02
 -5.64346388e-02 -6.27967939e-02 -8.14782158e-02 -2.50328481e-02
  3.82873230e-02  2.11723596e-02 -3.31501327e-02  1.30121827e-01
 -2.30720434e-02  4.21044827e-02 -2.82619074e-02 -8.25652387e-03
 -1.02360006e-02 -3.05215605e-02 -5.53328805e-02 -7.64531195e-02
  1.22912591e-02 -5.98434918e-02  5.12980819e-02  2.11570207e-02
  1.78147219e-02  1.67152472e-02 -3.28782126e-02 -1.63267250e-03
  3.86533178e-02 -2.68875826e-02 -1.51241049e-02 -5.58143966e-02
 -7.65888467e-02  3.05259842e-02 -1.55466627e-02 -6.07832819e-02
 -5.81636466e-03  4.32174504e-02 -2.28724186e-03 -6.53189346e-02
 -1.14770066e-02  4.66161892e-02  1.29703637e-02 -1.29523883e-02
 -3.79652865e-02 -3.83446068e-02 -7.56597519e-02 -4.34677415e-02
  4.45424253e-03 -7.57786259e-02  4.83895093e-02  3.55838574e-02
  1.61085539e-02  2.65983567e-02  3.70939374e-02  4.60664630e-02
 -5.31226695e-02  1.47609599e-02 -1.99961029e-02  3.53168435e-02
 -7.52697438e-02 -3.59850773e-03  1.50528492e-03  4.19111364e-02
  3.14612202e-02  5.56651242e-02 -7.93199092e-02  2.43285894e-02
 -7.84858391e-02 -1.03284918e-01  1.50498068e-02  1.75746363e-02
  2.51619183e-02  9.64952484e-02 -7.36754462e-02 -6.13306165e-02
 -4.93284464e-02 -1.04167543e-01 -2.25188620e-02 -1.15319282e-01
  1.88018773e-02  3.24150398e-02  8.05312097e-02 -1.92782823e-02
 -2.96110380e-02  5.55770425e-03 -2.46776678e-02 -3.00488900e-02
 -5.26811602e-03 -6.03708252e-02  6.19937852e-02  1.21835449e-32
 -1.02104902e-01 -1.34049570e-02 -2.49807257e-02  1.20258033e-02
 -7.46705383e-02  2.59923879e-02 -4.57083620e-02  7.73250088e-02
  8.36264994e-03 -5.06070815e-02 -7.98876286e-02  4.36000749e-02
  5.05814049e-03  2.63174940e-02  8.17259178e-02  1.45499920e-02
  5.98279387e-02  5.79355024e-02  3.42012197e-02 -4.20761965e-02
 -6.87201545e-02 -1.15971016e-02  1.86939724e-02  3.80200008e-03
  3.62515263e-02  1.18792839e-01  5.46001941e-02 -3.83369927e-03
 -1.96971162e-03  1.58597697e-02  9.92583036e-02 -1.26899239e-02
  5.19548208e-02 -1.27859771e-01 -1.71882249e-02  3.48897651e-02
  3.69487926e-02  6.41907230e-02  1.92245804e-02  6.57100976e-02
 -6.48117065e-02  3.23135220e-02  5.13926186e-02 -1.73685588e-02
 -7.46382102e-02  5.12439497e-02  6.70666397e-02 -3.91061865e-02
  1.37586057e-01  1.29718417e-02 -1.34253167e-02 -8.03267658e-02
 -8.08156654e-02  3.41370516e-02 -2.43397877e-02  1.69686414e-02
 -7.29275867e-02  1.75894722e-02  2.28243619e-02 -4.78981994e-02
 -1.66309979e-02  9.94021818e-03  8.42314307e-03 -4.33444465e-03
 -5.70761785e-02 -3.15182027e-04  3.01846080e-02 -3.39581780e-02
  4.17259969e-02  1.57949012e-02  1.73206404e-02 -1.00798331e-01
  8.16318300e-03  4.72088084e-02 -2.74038855e-02  8.93326290e-03
  6.68643191e-02  3.84335034e-02 -2.44773254e-02  3.51577774e-02
 -4.27809283e-02 -6.00178130e-02  1.94988139e-02 -3.68196256e-02
  1.11647740e-01  7.77741075e-02  1.20899789e-01  3.42807360e-02
  5.26967598e-03  5.67514263e-02  2.11852714e-02  3.15957330e-02
 -3.95128913e-02  6.40432984e-02  7.51317218e-02 -1.29771799e-32
 -3.11307609e-02  4.24907058e-02 -5.63621670e-02  4.71284799e-02
 -1.85897760e-02  5.80090210e-02 -3.24266637e-03 -3.61671783e-02
  3.53352129e-02  5.25214113e-02 -9.49086547e-02 -2.29843408e-02
  4.39269468e-02  7.46814394e-03 -6.87401593e-02  1.87876541e-02
 -1.03684049e-02 -4.75523137e-02  7.30429403e-03  6.06820770e-02
 -6.32875413e-02  2.45705619e-03  2.12742784e-03  5.70131280e-02
 -7.53637264e-03  1.08795092e-02 -6.81079999e-02  3.63712087e-02
 -1.52835753e-02 -1.25045270e-01 -2.89878473e-02 -1.32359639e-01
 -3.04736570e-03  6.46267906e-02 -8.55141282e-02 -5.84409647e-02
  3.19180712e-02  5.64172678e-03  2.22334433e-02  1.15573883e-01
  1.79226790e-02  9.38887671e-02 -1.49740139e-02 -8.71596951e-03
 -2.10701842e-02 -5.95149547e-02  6.66513741e-02 -4.53980714e-02
 -6.48140034e-04 -7.92292058e-02  7.71805122e-02  1.11481613e-02
  1.55843953e-02  8.27823486e-03 -7.50531852e-02  7.55912140e-02
 -4.59895842e-02 -4.03217487e-02 -1.07756872e-02  2.29602102e-02
  2.83632129e-02  8.86854157e-02  5.14067821e-02 -4.74258214e-02
  8.11550021e-02 -3.88561673e-02  8.30674917e-02 -1.67161897e-02
 -3.72131541e-02 -1.16199993e-01  7.18377084e-02 -8.68214108e-03
 -8.13678093e-03 -6.24002442e-02 -2.94973236e-02 -2.28616036e-02
 -2.18108715e-03  7.26273507e-02  3.86071838e-02  1.78632885e-02
 -1.03736043e-01  5.15415482e-02 -6.38363957e-02 -7.52077475e-02
 -1.31732166e-01 -2.25082468e-02  2.39063762e-02 -3.42040770e-02
 -7.47378264e-03  3.70162502e-02 -1.12504018e-02  7.75379166e-02
  4.44908142e-02 -6.14165664e-02 -6.94620162e-02 -4.77794728e-08
  3.14115770e-02 -1.07944772e-01  7.05595762e-02  3.32966149e-02
  5.13450280e-02 -4.16804891e-04 -2.37966850e-02  3.15509066e-02
 -1.79087073e-02 -1.60800002e-03  1.90249737e-02 -4.21038456e-02
 -1.28737852e-01  1.66723877e-02 -4.24446128e-02  4.61441129e-02
  8.05916730e-03  4.33320999e-02 -8.46963748e-03 -1.75045338e-02
  2.28874907e-02  2.50293016e-02  3.42341028e-02 -6.65461943e-02
  3.81327122e-02  4.14433479e-02  4.70600426e-02  6.84041306e-02
 -5.50173502e-03 -1.61478631e-02 -7.39190653e-02 -5.15589230e-02
 -2.26509012e-02 -4.75012437e-02 -3.54542583e-02 -3.65532860e-02
  4.90694027e-03 -4.58263531e-02 -7.26692975e-02 -1.04856305e-02
  1.05452165e-01 -5.35502881e-02  1.34974029e-02  6.16164319e-03
 -3.06747900e-03  1.37814302e-02 -9.37301517e-02 -3.63243073e-02
  2.27655433e-02 -5.92911579e-02  3.13467495e-02 -2.62708273e-02
  9.61938966e-03  9.55382362e-02 -1.15489364e-01 -4.42661047e-02
  1.58200576e-03 -3.35636102e-02 -6.38833791e-02  1.33088203e-02
  7.58878738e-02  6.79477975e-02 -5.00115789e-02 -2.17168219e-02]