[ 3.96458432e-02  5.46121635e-02 -3.14867906e-02 -1.79348164e-03
 -1.74651686e-02 -4.73906659e-03 -4.50609624e-02  5.21881729e-02
 -5.06668724e-02  6.29505739e-02  8.97173584e-02 -3.93552184e-02
 -5.50527163e-02 -3.60722952e-02 -1.87850650e-02  2.51507871e-02
 -3.68622951e-02 -5.62446238e-03 -5.42105101e-02  5.10805808e-02
  6.87448978e-02 -1.75170898e-02 -9.03708860e-02  6.59063607e-02
 -6.54646456e-02  3.13919634e-02 -5.18744774e-02  4.27607931e-02
 -4.92229424e-02 -5.41010536e-02 -1.49366688e-02  1.12805657e-01
  7.43075600e-03 -4.48848903e-02 -7.61554912e-02 -2.18406338e-02
  6.69935625e-03 -9.80557054e-02 -5.11752367e-02  1.43068386e-02
 -8.03179666e-02  2.44453666e-03 -7.32414052e-02 -3.28350887e-02
 -5.38698584e-02 -5.09449728e-02  9.74999964e-02  3.00970096e-02
  1.57222264e-02 -4.29734215e-02 -5.79225607e-02  5.98535035e-03
  2.47539617e-02 -8.04077461e-02 -1.00383386e-02 -3.56683098e-02
  7.57128512e-03  2.28088778e-02  7.74119869e-02 -3.70939709e-02
  2.62935925e-02  3.35965566e-02 -6.98845312e-02 -1.56299921e-03
 -4.72748093e-02 -3.48146632e-02 -2.35710666e-02 -7.66141638e-02
  1.25860665e-02 -5.05733229e-02  4.94854599e-02 -1.00435071e-01
  2.55037639e-02  7.47319870e-03 -1.75419021e-02  7.13140219e-02
  1.04165385e-02  6.06467985e-02 -1.86869428e-02 -9.72106457e-02
  8.71009156e-02 -3.42803337e-02 -3.92759517e-02 -4.27160114e-02
  1.50588546e-02  2.90167667e-02 -4.66863951e-03  1.41164893e-02
  4.48310301e-02 -2.73066051e-02  2.44217254e-02  8.06476995e-02
 -3.36597711e-02 -3.28263827e-02  4.95803542e-03  2.89259362e-03
  5.81215993e-02 -4.32763733e-02  5.53578138e-02  8.19783472e-03
  7.66630620e-02  2.62242183e-02  2.32652742e-02  4.00756821e-02
 -5.23404740e-02  6.18410595e-02  9.73746032e-02 -1.43125616e-02
  8.55106767e-03  4.11548000e-03 -1.02282248e-01 -2.30061971e-02
 -3.99672687e-02 -3.12483273e-02 -4.32961583e-02 -9.73496214e-03
 -5.74115217e-02 -3.84936593e-02 -5.68851717e-02  1.63457636e-02
 -4.50072857e-03 -1.29010022e-01  5.32195680e-02 -6.26967754e-03
  7.73337036e-02 -4.45690416e-02  3.40042971e-02  1.41949259e-32
 -4.95715486e-03  2.81593786e-03 -6.79245740e-02  2.79113054e-02
  1.17068924e-01  1.67374697e-03 -8.34002271e-02 -2.52679586e-02
  6.35082349e-02  4.94901091e-03 -5.75553551e-02 -4.11037763e-04
 -4.68953997e-02 -5.22917993e-02  1.32189572e-01  1.02066144e-03
  2.58224178e-02 -1.26351953e-01 -3.90241370e-02 -3.97232883e-02
 -8.78045931e-02 -4.82215621e-02 -2.88810916e-02 -7.78346043e-03
  1.09464295e-01  1.48346379e-01 -1.81315597e-02 -6.04988188e-02
 -7.26782680e-02  4.69072610e-02  4.99449782e-02  2.34104972e-02
 -8.94821435e-02 -5.75474352e-02 -6.43641576e-02  2.99277641e-02
  1.39974961e-02  1.82463005e-02 -1.39099974e-02  1.09271593e-02
  2.12424695e-02  9.92046576e-03  2.06261091e-02  3.94688956e-02
  4.11938271e-03 -1.43760564e-02 -1.91875119e-02  7.43481144e-02
  1.27111465e-01  1.39511432e-02 -5.58784045e-02 -5.25095575e-02
 -3.57684195e-02 -6.75326064e-02  7.90071636e-02  2.35680286e-02
 -6.59170523e-02  6.24742312e-03 -4.47795959e-03  2.92460974e-02
 -5.66320028e-03 -2.86377314e-02 -1.58625711e-02  4.81464155e-02
 -2.92648505e-02  3.38874087e-02  2.01247800e-02  1.23026241e-02
  8.89621526e-02  6.60113199e-03 -9.14548784e-02 -5.21078892e-02
 -4.10705842e-02  1.87205840e-02  2.82726623e-02 -4.97030430e-02
  5.72917089e-02 -3.55948918e-02 -3.84252965e-02  1.14414684e-01
 -3.26172262e-02  8.78600031e-02  6.10017926e-02 -5.04311966e-03
  8.60942230e-02 -2.31533963e-02  1.23091163e-02  1.21671900e-01
 -1.93411410e-02  4.70014326e-02 -4.12211521e-03  9.58426595e-02
  2.27232706e-02 -3.45312357e-02  5.07461056e-02 -1.54432231e-32
  7.74516445e-03  2.21809559e-02 -1.75917465e-02 -1.54238604e-02
  2.26042643e-02  6.08576834e-03 -4.09653448e-02  5.29370643e-03
 -5.34938984e-02 -1.18381917e-01 -3.73882391e-02 -4.51004282e-02
  5.53204343e-02 -4.37574387e-02 -1.62618309e-02  3.54980938e-02
  2.94695119e-03 -1.20963238e-01 -5.07649109e-02  5.94261987e-03
 -2.43229046e-02  7.61325750e-03  1.90497264e-02 -8.17752331e-02
 -4.89811189e-02 -5.80408052e-02 -1.77935921e-02  4.69973125e-02
 -6.29775450e-02  1.16285281e-02  2.55619120e-02  3.38939019e-02
  2.56120563e-02  1.10388830e-01 -3.15837488e-02  3.65717933e-02
  7.02325478e-02  7.67507628e-02 -6.93058670e-02  6.67444617e-02
  4.11501601e-02  2.63344795e-02  4.10624668e-02 -8.19870010e-02
  1.58219982e-03 -4.54227580e-03  8.68896395e-03 -8.24872330e-02
 -2.14844793e-02 -6.97575808e-02  1.08510599e-01 -6.07466325e-02
 -5.04029393e-02  1.93168987e-02  8.54563415e-02 -7.60890637e-03
  5.70772439e-02 -1.98361706e-02 -2.23529637e-02 -2.29368769e-02
  8.87548625e-02  3.62646878e-02 -4.38515544e-02 -8.10698699e-03
 -2.97870375e-02  7.88419601e-03  1.41108632e-02  6.03990965e-02
  4.38366868e-02  1.95627473e-02  3.37119251e-02 -7.32271001e-02
 -2.04913840e-02  1.03884071e-01 -5.81892766e-02 -1.26254596e-02
 -5.35062402e-02  6.76127449e-02  1.80174112e-02 -8.73717573e-03
 -2.75341747e-03  7.97641557e-03 -2.10485142e-02 -6.47244882e-03
 -2.64873691e-02  7.69397318e-02 -6.21971898e-02 -5.64909615e-02
  2.64133550e-02 -2.31494717e-02  6.86932877e-02 -8.50496627e-03
 -1.37187578e-02  5.71789220e-03 -1.35678081e-02 -6.66750779e-08
  4.09347154e-02  2.49901097e-02  7.21383914e-02  7.23510748e-04
 -1.20560834e-02  1.91191060e-03  2.59725954e-02 -5.47916070e-02
 -2.35846243e-03  9.14699584e-03  3.33511755e-02 -1.22477626e-02
  1.35216042e-02  4.42164131e-02 -9.99382231e-03 -4.75742593e-02
 -3.90403718e-03  9.34586748e-02 -2.27483287e-02 -1.93154905e-02
 -1.94948278e-02  1.93540901e-02 -6.02596477e-02 -1.97813231e-02
  8.67431462e-02 -3.68711166e-02 -8.89638737e-02 -5.29159568e-02
 -2.64250897e-02 -3.45455185e-02 -2.76624616e-02  1.94813237e-02
  2.36660638e-03 -9.05373022e-02 -4.18875106e-02 -4.90560606e-02
 -1.41604776e-02 -2.31342558e-02 -5.10092489e-02 -9.41161290e-02
  1.11897126e-01  5.19750379e-02 -5.42939305e-02 -3.55498232e-02
  4.42791283e-02 -1.15030771e-02  6.27840683e-02 -8.72161537e-02
  3.72543894e-02 -1.08106704e-02  1.26216179e-02  5.32847531e-02
  9.41516086e-02  2.12140996e-02 -3.71100232e-02  6.33671833e-03
  1.78256463e-02  4.63718250e-02 -4.65095490e-02 -7.76634961e-02
 -2.56779287e-02  3.62367295e-02 -1.02866232e-01 -4.37968746e-02]