[-2.21801247e-03  2.12967191e-02 -3.20360251e-02  2.10325443e-03
 -7.74382129e-02  6.27111197e-02 -4.05530818e-02  2.37361249e-02
 -9.51364753e-04  4.61351834e-02  4.94342968e-02 -3.78089212e-02
 -6.86176643e-02 -5.98637648e-02 -3.48888859e-02 -6.21463405e-03
  3.47193033e-02  8.38263426e-03  7.83407874e-03  7.73715526e-02
 -1.30546205e-02 -7.16229975e-02  3.47391665e-02  4.76138443e-02
 -8.58656839e-02 -3.35522704e-02 -2.78902538e-02 -5.28235082e-03
 -7.87293836e-02  2.33209990e-02 -5.59811294e-02  7.11981058e-02
  2.41580233e-02 -9.89993196e-03 -6.21522628e-02 -3.83993320e-04
  8.79812092e-02  1.36621697e-02 -5.44777475e-02  4.83053997e-02
 -5.39372722e-03  6.72012195e-02 -7.82550946e-02  4.20436971e-02
  7.32505992e-02 -2.71524489e-02  7.75873661e-03  3.19737475e-04
 -2.37024352e-02 -8.08965787e-03 -1.39401436e-01  2.77788434e-02
 -9.68955830e-03 -1.59902684e-02 -8.48391932e-03  5.27308742e-03
  1.42411320e-02 -8.67672381e-04  2.27383547e-03 -3.58302891e-02
 -3.91776562e-02 -7.92599656e-03 -8.24608952e-02  5.87054295e-03
 -1.49352383e-02 -4.12461087e-02 -6.77828714e-02  2.91222483e-02
 -7.12589324e-02  3.35911103e-02 -2.68392581e-02 -6.28014579e-02
  3.85556594e-02  7.46078696e-03 -6.38118535e-02  4.89345491e-02
 -1.47680482e-02 -7.67097399e-02 -5.55113144e-02 -7.89102614e-02
 -2.08949670e-02  1.24327596e-02  3.03081777e-02 -2.32224278e-02
  5.18358760e-02 -4.44111526e-02  1.00706950e-01 -6.90249726e-02
  1.32849952e-02  2.96314191e-02  3.38698924e-02  8.81280676e-02
 -2.48156656e-02  1.08047221e-02  6.32612556e-02  3.58191431e-02
  7.06327707e-02  8.26948658e-02  4.36089560e-02  3.27723771e-02
  5.73691204e-02 -5.99005483e-02 -1.50439236e-02  2.90778931e-02
 -7.57621452e-02 -5.82125299e-02  2.55803461e-03 -5.79630323e-02
  3.14238966e-02 -3.51463258e-02 -5.24195656e-02 -3.33949327e-02
 -1.80277005e-02  6.90902099e-02  7.20149186e-03  3.58271375e-02
 -7.58674964e-02  2.34131683e-02  4.41126004e-02  7.86924064e-02
  5.46894735e-04 -2.59578340e-02  6.16330933e-03  4.67110053e-02
  3.05651464e-02 -9.02428925e-02  4.06374559e-02  1.70628471e-32
  2.36260463e-02 -8.82327035e-02  5.70343398e-02  8.24315175e-02
  8.93588215e-02 -2.13100500e-02 -4.92053665e-02 -4.49498445e-02
 -1.67729892e-02  6.45763753e-03 -5.75780571e-02  3.81246880e-02
 -2.70580426e-02  3.39499563e-02  3.84046435e-02  7.85597228e-03
 -1.24292277e-01 -1.12028420e-01  1.11616636e-02 -4.01038378e-02
  3.89178284e-02  3.22512165e-02 -2.72690542e-02 -2.70516146e-02
 -5.04501676e-03  6.75995126e-02 -2.77876742e-02 -5.36127575e-02
 -3.30280885e-02  6.28196299e-02 -6.23162575e-02  1.38459438e-02
 -5.93988672e-02 -6.06617294e-02 -3.40959467e-02  3.82883810e-02
  1.16659021e-02 -6.29015863e-02 -7.21709430e-02  1.26851015e-02
 -1.29799228e-02 -2.88910959e-02 -3.62991705e-03 -4.25213352e-02
 -3.30205671e-02  1.64173320e-02  4.23517264e-02 -4.09344817e-03
  8.35611746e-02  7.45166317e-02 -8.35117325e-02 -2.35710256e-02
 -7.91320670e-03 -8.49505216e-02 -4.11178917e-02  1.66892000e-02
 -7.56005347e-02  4.38659564e-02 -3.66643677e-03 -6.00728616e-02
  3.35504040e-02 -9.65724885e-03  2.69957352e-02 -6.82868436e-03
  1.77724492e-02  3.11273932e-02 -4.98114228e-02 -4.73810453e-03
  9.16762874e-02 -8.17574114e-02 -7.13896379e-02  2.30784118e-02
  3.60270105e-02 -5.79675138e-02 -8.46831314e-03  5.57402223e-02
  2.22880729e-02 -9.19303100e-04 -1.34325072e-01 -2.46836301e-02
 -1.03686579e-01  7.74783269e-02 -2.71045063e-02  9.48715955e-03
 -2.06334647e-02  5.19863912e-04  9.74069387e-02  1.41996173e-02
  1.78073382e-03  7.78295770e-02  2.53681885e-03  5.86974323e-02
 -3.12496051e-02 -9.12235752e-02 -4.97742295e-02 -1.75664700e-32
  3.09191123e-02 -4.55887206e-02 -3.29149812e-02  3.71055827e-02
  8.90583768e-02  1.67404220e-03 -7.66847655e-02  8.06633607e-02
  8.47502798e-02 -1.18582383e-01 -8.95109624e-02 -6.96650073e-02
  8.44994113e-02  1.81605201e-02 -1.88091975e-02 -5.65304235e-02
 -4.95924465e-02  7.22295791e-02 -3.32397297e-02 -1.22347698e-02
  2.90508359e-03  5.18225767e-02  8.47110245e-03 -6.86126649e-02
 -2.11733030e-04  1.82958972e-02  4.93983403e-02  8.50850251e-03
 -8.35266858e-02  6.81011751e-03  4.72949669e-02  3.04452553e-02
  1.61893573e-03  5.86115681e-02 -1.42605128e-02  9.84210745e-02
  7.16799349e-02 -3.70883569e-02 -6.85089603e-02  1.06984884e-01
  4.16782461e-02 -1.95415560e-02 -1.75087824e-02 -8.99436995e-02
  2.15955842e-02  1.69045571e-03 -4.18306030e-02 -5.60720277e-04
 -2.79920604e-02 -2.34839804e-02  1.43221125e-01  2.11865529e-02
 -4.89674062e-02 -3.46577577e-02  6.01202361e-02 -8.21089521e-02
  5.26292175e-02 -1.36442974e-01 -1.20959021e-02  4.69295084e-02
  2.87869666e-02  7.80954286e-02 -7.41667673e-02 -3.86073031e-02
  2.81999018e-02 -2.16423627e-02 -1.08994953e-02  9.85181239e-03
  3.70643251e-02  4.18725722e-02 -7.91777223e-02 -3.22072916e-02
 -6.16808161e-02  4.38309498e-02 -2.57641207e-02  2.25312915e-02
 -6.47736341e-02  4.92189564e-02  4.01092321e-02  4.92289513e-02
 -1.30936923e-02 -9.22278166e-02  4.95347306e-02  1.18849128e-01
  1.19078578e-02  8.20264295e-02 -1.22990780e-01 -3.78626585e-02
  1.47411767e-02  4.65395972e-02  7.52997473e-02 -2.05217991e-02
  4.43794653e-02  6.45352155e-02 -8.33947677e-03 -7.51228626e-08
  1.43133746e-02 -4.39652288e-03  2.10850332e-02  8.17774385e-02
 -8.22114001e-04  4.34466489e-02  3.76311094e-02 -5.87455630e-02
 -4.87701409e-02  6.55113161e-02  3.73914395e-03 -1.82489548e-02
  7.18520209e-02  3.00544649e-02  3.34017188e-03 -3.31314430e-02
  6.84943646e-02 -2.74658278e-02 -4.91627492e-02  2.11215653e-02
  3.21492739e-02 -2.48388816e-02 -1.80788115e-02 -9.36560258e-02
  4.87074396e-03 -1.44574605e-02 -1.33712038e-01 -2.31978968e-02
 -2.33395249e-02 -1.51684415e-02 -1.04302829e-02  8.37069675e-02
  9.54641998e-02 -6.61746785e-02  1.00832870e-02 -4.53218222e-02
 -2.35323720e-02  4.82238531e-02 -3.66725810e-02  1.57224126e-02
  1.98100023e-02 -2.12414470e-02  1.24627976e-02  2.05057040e-02
  3.63428965e-02 -1.55063933e-02  3.48931104e-02  2.81643844e-03
 -1.71126444e-02 -5.34124556e-04  3.22398171e-02  1.39264911e-02
  9.31515098e-02  7.15806708e-02 -4.57960330e-02  1.61575489e-02
 -1.98279861e-02  5.58748618e-02 -2.38059368e-02 -5.72986528e-02
  4.96414565e-02  3.14171650e-02 -7.74544179e-02  2.42474815e-03]