[-5.83666638e-02 -2.20297067e-03 -8.97934958e-02 -5.21045253e-02
 -7.90206864e-02 -1.51076466e-02  1.72837488e-02  1.08702980e-01
 -2.00320147e-02  6.17006943e-02  4.71330062e-02 -2.27338504e-02
  2.06367299e-02 -5.98969264e-03  5.03808595e-02 -5.33282757e-02
 -2.34611016e-02 -1.79964676e-02  9.09758080e-03 -9.11638886e-03
  1.28297284e-01 -3.16222757e-02 -5.82433455e-02  2.40912866e-02
  4.52473536e-02 -9.74211767e-02 -1.33584952e-02  1.40817380e-02
 -2.78838221e-02 -3.30101214e-02 -3.43972929e-02  5.05231395e-02
  6.83177784e-02 -7.37930182e-03  8.46981332e-02  6.34198487e-02
  4.16491665e-02 -5.85721880e-02 -9.90337357e-02  4.03205380e-02
 -7.09284618e-02 -6.57791197e-02 -6.56000376e-02 -6.86769858e-02
  4.40933695e-03 -5.71882688e-02 -9.03614983e-03 -4.35832143e-02
 -5.15405796e-02  1.68037768e-02 -1.21119626e-01  3.64767504e-03
  1.23563614e-02 -4.06927289e-03 -3.55594121e-02 -4.12778817e-02
 -8.21227673e-03  5.14663458e-02  9.58774611e-03  1.25940926e-02
 -1.50575722e-03  1.31777292e-02 -3.37450132e-02  4.68135672e-03
  1.34968134e-02  8.80260020e-03 -1.26424506e-02 -3.89841571e-02
  6.74832799e-03 -6.64538294e-02 -6.16266392e-03 -7.82444179e-02
 -1.64493956e-02  2.65132207e-02  7.23303854e-03  3.59727517e-02
 -2.62043701e-04  3.31471153e-02  4.07505780e-02 -1.60166487e-01
  4.86463346e-02 -2.96671912e-02 -5.39349057e-02 -4.02240306e-02
 -2.14371681e-02 -5.43610658e-03 -3.31766419e-02  2.07435023e-02
  8.30257758e-02  2.71752048e-02  6.66430891e-02  6.72101602e-02
 -2.92360988e-02  2.03270726e-02  3.40259112e-02 -2.88289171e-02
  2.87798066e-02 -3.01067922e-02  4.21234369e-02  1.54035660e-02
  6.99171564e-03  1.76738594e-02 -3.14874720e-04  4.12840657e-02
 -4.84883785e-02  6.11659698e-03  3.04172020e-02 -5.01866117e-02
  3.47092673e-02  1.76605601e-02 -6.18811138e-02 -6.50244430e-02
 -7.29978830e-02 -1.62116662e-01 -7.11651966e-02  6.78570345e-02
 -7.43892863e-02  2.73127966e-02  8.41231197e-02 -2.44146399e-02
 -2.36204527e-02 -3.33338268e-02  5.80174569e-03 -9.64190885e-02
  3.19209248e-02 -6.13925494e-02  7.37181976e-02  1.52630404e-32
 -7.20303804e-02  2.54576150e-02 -7.19357878e-02  5.72229363e-02
 -3.02376449e-02  3.30502093e-02 -3.25146280e-02  7.22542703e-02
  5.54520525e-02 -5.27179427e-02 -3.14266868e-02  4.71643358e-02
 -5.30133098e-02 -3.67827490e-02  1.28484532e-01 -4.93393876e-02
 -1.68318804e-02  2.15139147e-02  1.57837942e-02  4.05624770e-02
  2.50017587e-02 -1.50946537e-02  6.89950888e-04 -3.53880562e-02
  3.68954018e-02  1.03161678e-01  1.45068718e-02  2.61692833e-02
  2.91302092e-02  3.54140662e-02  6.27159700e-02  1.65436063e-02
  1.82041749e-02 -7.74402544e-02  2.49737315e-02  3.77489850e-02
 -3.38013321e-02 -4.58169430e-02  2.25389022e-02  1.25605771e-02
 -4.46887612e-02  2.21678782e-02  4.93980832e-02 -2.63500623e-02
  2.61685606e-02 -1.89746320e-02  1.05524287e-01  3.17669921e-02
  1.39871061e-01  8.65190029e-02 -6.32608756e-02 -7.38446775e-04
 -4.85656820e-02 -7.34478161e-02  3.71481963e-02  1.52609786e-02
 -2.68458016e-02  5.06909378e-02  1.52198598e-02 -1.73205081e-02
 -4.00220715e-02 -1.99045315e-02 -6.97960553e-04  1.16394432e-02
 -1.11282365e-02 -1.73063371e-02  1.94450654e-02 -5.29292002e-02
  1.29967108e-01 -2.15393715e-02 -6.00517355e-02 -4.36943434e-02
 -5.04600955e-03  2.57384982e-02 -1.94066167e-02 -3.03750038e-02
 -5.72949764e-04  3.11812088e-02 -2.39368025e-02  1.33050485e-02
 -8.52584690e-02  4.34520422e-03  2.02876087e-02 -1.64594781e-03
  7.53347725e-02  5.92676662e-02  2.58740177e-03  3.86801660e-02
  5.43986671e-02  5.23508489e-02  3.97302061e-02  8.90677869e-02
 -6.34442046e-02  1.09080829e-01  2.51524914e-02 -1.57822239e-32
 -6.07423484e-03  3.87948640e-02 -4.56127338e-02  4.46753018e-02
 -1.34814791e-02 -2.39815586e-03 -1.58879794e-02  3.20584513e-02
 -1.74167622e-02 -6.69885501e-02  8.00491963e-03 -1.32957935e-01
  6.00995608e-02 -4.01846431e-02 -8.21148828e-02 -1.19547928e-02
 -1.14841320e-01 -9.17924866e-02 -9.13625816e-04  6.94924295e-02
  2.46233363e-02  4.19615544e-02 -6.93180859e-02  4.61778119e-02
  4.01396193e-02 -6.62600100e-02 -8.60664472e-02 -3.27461921e-02
 -3.20306122e-02 -4.73472401e-02  2.66999900e-02 -2.62933299e-02
 -8.54310989e-02  1.37900040e-01 -6.20016642e-02 -7.05694631e-02
  9.38383266e-02  4.60671028e-03  1.29883559e-02  1.00000262e-01
  1.10597081e-01  4.94774915e-02 -1.76763143e-02 -7.21191615e-02
 -3.35804857e-02  4.39050794e-03  4.54465672e-02 -1.19022347e-01
  5.45541942e-02 -9.89259407e-02  6.08074926e-02 -2.78333090e-02
  3.13004032e-02 -8.29436705e-02  4.83108647e-02 -9.02543031e-03
 -4.08746488e-03 -3.02903540e-02 -7.84928873e-02 -3.38670309e-03
  1.14987411e-01 -1.73912328e-02  6.01301156e-02  3.03577930e-02
  9.02708843e-02  2.21027024e-02 -4.25150385e-04  8.76421407e-02
 -1.42286001e-02 -3.07642799e-02  2.85833310e-02 -6.20323084e-02
 -4.00395840e-02 -7.05357268e-02 -6.22535683e-02 -5.96483201e-02
 -2.92521045e-02  1.68705564e-02 -5.63853839e-03 -2.44375188e-02
 -2.72165518e-02  4.07616980e-02 -4.67486605e-02 -1.12052886e-02
 -3.57452184e-02  4.72872183e-02  4.03465368e-02 -4.03298363e-02
 -1.83146354e-02  9.01690405e-03 -7.94419199e-02  8.00086781e-02
  9.19278897e-03  6.55586347e-02 -5.78629598e-02 -7.38496269e-08
  2.05235742e-02 -1.30088273e-02 -1.57569796e-02 -1.18840374e-02
  7.83513188e-02 -2.58558039e-02 -4.36591618e-02 -6.29710546e-03
  1.82341989e-02  6.31510168e-02 -2.67770663e-02 -7.75114819e-02
 -5.62364720e-02  3.20610143e-02  1.36815291e-02 -1.24264061e-02
  1.84701309e-02  8.52662548e-02 -2.15250794e-02  1.09535800e-02
  1.06044754e-01 -4.22223993e-02 -2.37454325e-02 -1.50057534e-02
  2.58675050e-02  2.02060770e-02 -4.78677005e-02  9.04309675e-02
 -1.29051600e-02  3.36908028e-02 -5.67396060e-02 -1.29439868e-02
  4.49855141e-02 -9.25592631e-02 -2.07580323e-03 -5.76837221e-03
  1.14575149e-02  9.03477818e-02  5.48359472e-04  2.61295158e-02
  5.01290709e-02  2.28877515e-02 -4.38284725e-02  2.07332540e-02
  2.19897982e-02 -6.53740987e-02 -7.82048851e-02  8.80614761e-03
  1.55966058e-02 -1.88108683e-02 -2.83709466e-02 -3.32710296e-02
 -1.56135019e-02 -4.91554104e-02  2.79955752e-02 -1.24286162e-03
 -6.80515869e-03  3.30855697e-02 -3.38236615e-02 -1.68385636e-02
  5.60530201e-02 -1.08130127e-02 -5.92860058e-02 -4.75908583e-03]