[-5.74900694e-02  2.78336219e-02 -1.33087104e-02 -5.83517663e-02
 -4.29309681e-02  1.56562384e-02  6.72536790e-02  1.06946781e-01
 -3.69845554e-02  7.62553215e-02  7.43797272e-02  3.97535078e-02
 -1.66153796e-02  4.52594571e-02  2.78850943e-02 -4.28818390e-02
  4.45544273e-02 -4.74922210e-02 -4.03450951e-02  2.97350846e-02
  1.57012284e-01 -1.91907026e-02 -2.49536131e-02  6.25915825e-02
 -3.18846032e-02 -8.29302296e-02  4.58305934e-04  4.41568438e-03
 -5.66852055e-02 -7.64609454e-03 -8.50042477e-02  2.90175807e-02
  8.24493095e-02  2.17595026e-02  1.62686091e-02  1.06781004e-02
  1.03781700e-01 -6.06762506e-02 -1.71524528e-02  5.33245020e-02
 -6.13934509e-02 -6.07051216e-02 -5.58109283e-02 -5.07058762e-02
  2.08003558e-02 -1.53579731e-02  1.11778621e-02  2.84613948e-02
 -4.41425145e-02 -5.32287452e-03 -5.05454987e-02  4.01995406e-02
 -2.04255041e-02 -1.40298810e-02  5.48812486e-02 -4.50541154e-02
 -9.17271990e-03  1.78672392e-02 -8.22849851e-03  6.74728421e-04
 -4.79598120e-02 -2.23242287e-02 -1.50372759e-02  1.39971320e-02
  8.36780965e-02  2.21767128e-02 -2.74493322e-02 -6.45603165e-02
 -2.71144714e-02  1.53515758e-02  1.83198955e-02 -6.51169494e-02
  3.37289227e-03  5.22252433e-02 -2.79541705e-02  7.33179748e-02
 -1.14515536e-02  5.69059104e-02 -5.23891440e-03 -1.97296679e-01
  3.83430459e-02  4.12166398e-03 -1.51337786e-02 -3.15500647e-02
  7.30824517e-03  1.44703640e-02 -2.14051455e-02  1.95754021e-02
  1.19847916e-01  5.57710640e-02  8.12595412e-02  1.97751652e-02
 -3.80983949e-02 -2.25127358e-02 -1.33294491e-02 -5.04671708e-02
  1.32149532e-02 -2.58220565e-02  8.20522662e-03 -1.86437629e-02
  7.33715668e-02 -1.13315200e-02 -9.88083333e-03  1.07521385e-01
 -7.20561109e-03  6.02146471e-03  2.35887207e-02 -7.14681596e-02
  4.06139567e-02  7.90061504e-02 -4.28419672e-02 -4.03198227e-02
 -1.07643940e-01 -8.00619200e-02 -1.27460539e-01 -1.08738579e-02
 -3.57165933e-02  8.55462253e-03  3.02911382e-02 -7.65907094e-02
 -6.87799789e-03 -5.61614372e-02  7.24884570e-02 -4.42612246e-02
  5.66284591e-03 -2.80299019e-02  4.22329530e-02  1.26704699e-32
 -4.98014465e-02 -2.00548414e-02 -2.83495840e-02  3.26762497e-02
 -5.97681887e-02  3.48113216e-02 -5.96155152e-02  3.45975929e-03
  1.61466897e-02  3.91873345e-02 -8.71480256e-02  7.03470409e-02
 -2.72732750e-02 -4.89889570e-02  9.51657146e-02 -7.54913501e-03
  5.25817014e-02 -8.24766234e-03  5.04974537e-02  2.86998786e-02
 -4.44142101e-03  1.53747164e-02 -4.76739444e-02 -2.21584775e-02
  1.18303262e-02  8.11153054e-02 -6.35986924e-02 -1.11855501e-02
 -9.65381879e-03  6.61019981e-02  1.87530089e-02 -2.93633505e-03
  3.90608758e-02 -1.32476017e-02 -1.82969086e-02  2.61519067e-02
 -1.13741551e-02 -1.95363779e-02  1.02128433e-02 -7.29179010e-02
 -3.77926901e-02  1.03764227e-02  3.52956317e-02  3.22776027e-02
 -1.21949352e-02 -1.26916245e-01  3.76880504e-02  3.60933319e-02
  1.08508505e-01  8.98146927e-02 -6.60767853e-02 -1.78691205e-02
 -1.57856825e-03 -8.67040828e-02  3.16801220e-02 -2.71058129e-03
 -3.09246238e-02  5.72908893e-02  1.50009701e-02 -1.37462653e-02
  7.80919427e-03 -2.78211907e-02 -1.66856293e-02 -1.22789266e-02
  3.43032507e-03 -3.51357162e-02  8.38064181e-04 -7.67472312e-02
  1.31106675e-01 -2.77368743e-02 -5.60733452e-02 -2.70529725e-02
 -4.55601625e-02  8.00241679e-02 -3.03066801e-03  5.30056469e-03
  7.30339810e-02  4.59997207e-02 -6.34797662e-02 -3.30401063e-02
 -5.21833897e-02  2.25591846e-02 -3.62268351e-02 -1.39968814e-02
  8.11813623e-02  4.56395634e-02  2.53309328e-02  4.47898023e-02
  2.16181506e-03  7.89542720e-02  4.73165549e-02  8.76427889e-02
 -1.16169117e-02  7.03355446e-02  3.23405899e-02 -1.40259633e-32
  2.53545982e-03  6.18838184e-02 -3.04844249e-02 -1.41069498e-02
 -4.59318832e-02 -5.54151833e-02  5.42579517e-02 -7.29711801e-02
 -3.42570171e-02 -1.08825140e-01  1.00076767e-02 -1.32837057e-01
  8.47802609e-02 -2.63134073e-02 -6.46084398e-02  2.21175663e-02
 -1.12945996e-01 -6.86723664e-02 -6.58922410e-03 -2.59247404e-02
  8.81850440e-03  4.76441113e-04 -1.84304230e-02  3.47094573e-02
  2.58576758e-02 -4.22721542e-02 -8.79933760e-02  2.25971136e-02
 -5.91721945e-02 -7.87337497e-02  1.78948473e-02  1.13528725e-02
  1.75456777e-02  1.22443907e-01 -4.26550359e-02 -3.75789404e-02
  6.50262088e-02  2.46411399e-03  1.91194713e-02  9.89361927e-02
  6.30395114e-02  8.75013545e-02 -2.49509346e-02 -4.65610251e-02
 -5.84063716e-02 -2.02962533e-02  4.92676832e-02 -6.96915388e-02
  3.15195061e-02 -8.76168236e-02  5.68315759e-02 -7.11972127e-03
  3.11292373e-02 -3.32343057e-02  3.11879460e-02  2.05312017e-02
  3.69223207e-02 -5.87533005e-02 -8.15244317e-02  1.02042668e-02
  1.45060644e-01  3.12702246e-02  3.77708115e-03  1.52576882e-02
  6.47673905e-02 -4.69656140e-02 -2.90028621e-02  1.09139808e-01
  3.99141107e-04 -3.86972614e-02  1.81005765e-02 -8.52231085e-02
 -3.14777717e-02 -7.85234049e-02 -3.51119488e-02 -9.53296944e-02
  6.32778089e-03  3.42420936e-02  8.75645969e-03  1.25455549e-02
 -6.95810989e-02  5.79783171e-02 -6.22773506e-02 -4.33681253e-03
 -7.36566484e-02  5.58870956e-02  6.17575757e-02 -1.53745143e-02
 -1.75402854e-02  6.59648627e-02 -7.23790601e-02  2.79926863e-02
 -5.34461737e-02  4.23498712e-02 -9.98783931e-02 -6.41509956e-08
 -1.33988168e-02 -5.72720841e-02  1.47179831e-02 -1.69284400e-02
  5.41355312e-02 -2.78473515e-02 -3.81774455e-02 -2.23557912e-02
 -1.07556861e-02 -1.89744048e-02  3.70941387e-04  1.02323135e-02
 -1.05321668e-01 -3.44645381e-02  2.96423864e-03 -2.93324962e-02
  1.02748880e-02  5.08297682e-02 -6.54633492e-02  7.38169719e-03
  1.11104548e-01 -4.85751256e-02 -9.92633924e-02 -6.41158670e-02
  4.12303768e-02  9.29450430e-03 -4.70528267e-02  4.43141833e-02
 -1.23394905e-02  6.18448034e-02 -4.83399630e-02 -2.63707750e-02
  3.78878973e-02 -5.22522256e-02 -2.63506938e-02 -3.93652432e-02
  1.09216059e-03  5.37868142e-02 -3.54943573e-02  1.75905842e-02
  6.00797199e-02 -5.97881293e-03 -9.18312818e-02  2.55392212e-02
 -3.22414353e-03 -5.79866208e-03 -1.52604580e-02  6.61859810e-02
 -5.71591519e-02 -4.40065749e-03 -4.80429046e-02  1.55117940e-02
  3.56704071e-02  5.50433155e-03  1.55981090e-02 -3.66076231e-02
  6.32752776e-02  1.38513427e-02 -3.90796289e-02 -1.80415213e-02
  3.39929126e-02  4.28148136e-02  3.83157842e-02 -2.37596557e-02]