[-3.46227698e-02  6.83940575e-02 -3.81061584e-02 -6.01649620e-02
 -7.19485059e-02  6.75895214e-02  5.13361134e-02  7.28418082e-02
 -3.70134376e-02  3.04576401e-02  1.17562249e-01 -3.98959825e-03
 -3.00708693e-02  3.44574563e-02 -1.86248124e-02 -5.50295301e-02
  2.62171980e-02  1.09496489e-02 -1.27169015e-02 -1.60282888e-02
  1.34926140e-01 -5.30800447e-02 -1.08535225e-02  6.31988794e-02
 -1.08961850e-01 -1.51859553e-04 -6.61605671e-02  1.61074176e-02
 -3.20423096e-02 -4.52276990e-02 -3.13502103e-02  3.59425582e-02
  5.67282550e-02 -2.71067843e-02 -3.74105051e-02  4.31457646e-02
  1.75124523e-03 -2.80823559e-02 -5.02864495e-02  4.84692119e-02
 -8.12798589e-02 -7.62472628e-03 -5.35786264e-02 -1.47022784e-01
 -3.79384346e-02  1.53302252e-02 -9.31668654e-03  1.50169805e-02
 -3.23609747e-02 -3.42374370e-02 -5.74354753e-02 -2.47493293e-02
  4.89321984e-02  3.51704955e-02  1.62586775e-02 -5.70921451e-02
 -3.32897492e-02 -5.03452681e-02  2.98319813e-02  1.00195818e-01
  3.86197902e-02  5.70839010e-02 -4.07616906e-02 -5.33050951e-03
  5.67666441e-03 -7.73981139e-02 -4.68430184e-02 -6.67510182e-02
 -4.29635216e-03 -1.44610992e-02  3.42224427e-02 -1.45226777e-01
 -5.04534207e-02 -8.43233522e-03 -3.80624682e-02  1.52008934e-02
 -1.87534764e-02  1.94483791e-02  3.00015844e-02 -1.32137552e-01
  9.18217376e-03 -8.01453553e-03  1.30511941e-02  3.95104885e-02
 -2.82688793e-02 -5.42807132e-02  1.74104348e-02  6.55438676e-02
  6.96262270e-02  4.08984870e-02  7.10573979e-03  4.75766622e-02
 -6.32735416e-02 -6.22881278e-02 -2.03546714e-02 -1.42264245e-02
 -4.00804169e-02  6.63589239e-02  2.33441256e-02 -2.11680047e-02
  4.43637073e-02 -7.09665334e-03  3.61027643e-02  3.24976221e-02
 -1.05291434e-01  2.62715705e-02  1.44042084e-02 -5.11942022e-02
 -2.99457721e-02  9.09151882e-02 -5.72126955e-02  8.18798970e-03
 -9.60207507e-02 -8.18019286e-02 -3.47931311e-02  1.05926566e-01
 -1.52783066e-01  1.30494591e-02 -1.04501583e-02  2.58653574e-02
  9.16397870e-02 -2.43628919e-02  7.96532407e-02 -3.45774181e-02
  1.79624874e-02 -3.34333293e-02  1.84312444e-02  1.01254622e-32
 -1.87622439e-02 -4.44653593e-02 -1.71698257e-02  3.72513160e-02
  6.31069839e-02  4.80943695e-02  1.59918703e-02  7.41827115e-02
  8.75141844e-02  2.08897907e-02 -1.94540806e-02  6.93336874e-02
 -1.19997934e-02 -7.55774975e-02 -1.98589526e-02 -4.45290133e-02
  8.67702514e-02  5.27065620e-02  3.75380600e-03 -2.34917700e-02
  5.47065306e-03 -6.51441887e-03 -1.12376465e-02 -3.24002504e-02
  6.99169561e-02 -5.43688610e-03 -3.56125720e-02 -7.55803101e-03
  5.20047732e-03  5.02069034e-02  4.98895571e-02 -1.09688530e-03
 -1.57041345e-02 -2.33043842e-02 -6.73871115e-02 -3.09594516e-02
  2.11311188e-02 -7.74294212e-02 -1.92264467e-02 -7.17336908e-02
 -2.28629098e-03 -2.16579456e-02  7.10558295e-02 -3.14365774e-02
  1.94548909e-02  5.29582007e-03  8.50552693e-02  6.67259423e-03
  4.68127318e-02  1.19883016e-01 -6.60184249e-02 -3.39532532e-02
  6.97544683e-03 -3.94692011e-02 -2.44833920e-02  6.22786768e-02
 -1.86976008e-02  2.44484954e-02 -4.60567102e-02 -2.29408238e-02
 -4.15485129e-02  5.54255880e-02 -5.21096773e-02  2.11608354e-02
  7.75861600e-03 -9.02018026e-02  5.10602184e-02 -1.18939569e-02
  1.17582284e-01  4.41029817e-02 -1.08935133e-01  1.20497253e-02
  5.16890921e-02  2.51076948e-02  5.43866830e-04 -2.04846356e-02
  3.91046517e-02 -1.62349399e-02 -7.84846917e-02  6.58403635e-02
 -2.75327899e-02  8.77402257e-03  8.75504501e-03 -3.99229340e-02
  6.82242513e-02  3.56780216e-02  3.60936075e-02  3.16540040e-02
  2.11289735e-03  1.33921847e-01  1.03360582e-02  2.52947994e-02
 -3.30965891e-02  1.15401216e-01  3.27310748e-02 -1.33947023e-32
  1.57239195e-02  3.91263254e-02 -5.52685792e-03 -1.84650533e-02
  5.93326874e-02  3.39834690e-02  2.49159969e-02 -3.87265645e-02
 -7.45361298e-02 -8.82916301e-02 -3.59772705e-02 -1.00559756e-01
  5.99565506e-02 -3.60417063e-03 -6.72733132e-03  1.61586981e-02
 -5.88960983e-02 -1.04091065e-02 -4.48780991e-02 -4.71110316e-03
  3.90475839e-02  9.53518897e-02  3.93872010e-03 -9.52430535e-03
  5.40728122e-03 -5.29158525e-02  7.57753477e-03 -1.71919528e-05
 -6.23077266e-02  5.40120043e-02 -8.91670398e-03 -9.04072970e-02
 -2.61505023e-02  1.14134818e-01 -6.89854994e-02 -8.87449831e-02
  2.38266140e-02  1.71364583e-02  1.89014543e-02  8.56344849e-02
  5.27247302e-02  2.35192068e-02  9.67617258e-02 -9.80025623e-03
 -4.71548587e-02 -1.16649181e-01 -3.18464823e-02 -1.08418912e-01
 -2.70232628e-03 -4.41280901e-02  1.52842375e-02 -5.31415083e-02
 -8.38404894e-02 -8.95869434e-02  1.23643111e-02 -2.21171156e-02
  1.35033308e-02 -6.07357100e-02 -1.22703291e-01  3.10930070e-02
  1.59123674e-01  3.24879400e-02 -4.23424095e-02  5.17289340e-02
  1.53393466e-02 -2.50532702e-02 -4.92681563e-02 -9.35788173e-03
  1.62399001e-02 -1.67714208e-02  1.88369490e-02 -6.27002940e-02
  1.54134706e-02 -1.26668774e-02 -2.34284364e-02 -5.47291040e-02
 -3.34478989e-02 -5.34062050e-02 -2.34275013e-02 -2.56466027e-02
 -4.31932993e-02 -4.61839288e-02 -1.58547275e-02 -3.22677456e-02
 -6.53352216e-02  3.84721346e-02 -1.61883719e-02  8.57429728e-02
  3.96585949e-02  8.84134509e-03 -5.85354380e-02  1.91443563e-02
  1.21103609e-02  2.46431809e-02 -7.88006280e-03 -6.13434068e-08
  1.11168725e-02 -3.19831297e-02  6.83919936e-02 -2.24821270e-02
  8.29891041e-02 -7.84128159e-02 -3.13880034e-02 -3.48464251e-02
 -2.65142806e-02  2.00515240e-02  3.57357487e-02 -1.13561880e-02
 -3.01332697e-02  1.46474307e-02  2.95254346e-02 -6.79563656e-02
  7.98981860e-02  5.24533428e-02 -2.78350636e-02 -7.78814107e-02
  8.67901668e-02 -6.87454417e-02 -5.89044392e-02  3.02435067e-02
 -5.44818230e-02 -3.71780880e-02 -5.13437688e-02  7.11280480e-02
 -3.43071744e-02  5.74317649e-02  1.01878373e-02 -1.21230539e-02
  8.75483379e-02 -6.41292259e-02 -2.85174046e-02 -1.72448903e-02
 -4.45439033e-02 -3.96605255e-03 -7.07793310e-02  9.04332194e-03
  6.57134056e-02  2.30265851e-03 -2.32120454e-02  1.67518184e-02
 -1.53413014e-02 -2.43684687e-02 -2.61175167e-02 -1.54204359e-02
 -1.71448123e-02 -3.15694585e-02 -2.09326241e-02 -2.20110547e-02
  6.66801929e-02  2.99866721e-02  3.36344764e-02  5.15133180e-02
  3.47775556e-02 -1.72806915e-03 -8.80513936e-02 -2.10315287e-02
  2.71148384e-02  4.66507487e-02  3.36379185e-03 -2.00820472e-02]