[-3.30880880e-02  3.17663848e-02 -3.01542915e-02 -4.01770622e-02
 -3.81167494e-02 -6.52090982e-02  4.69153263e-02  6.82782754e-02
  8.40042159e-02  6.50969194e-03  8.70707408e-02 -2.06995104e-02
  1.23068197e-02  4.56719212e-02  1.68861132e-02 -4.49419208e-03
  2.00719177e-03 -1.48161948e-02 -1.16350465e-02  5.87557331e-02
  1.47996098e-01 -1.20522175e-02 -7.41994679e-02  1.35862948e-02
 -1.22192837e-01 -3.31903547e-02 -4.05409783e-02  8.77564307e-03
 -5.73433898e-02 -2.19486537e-03 -2.82911258e-03  2.30251439e-02
  5.56583703e-02 -1.97880995e-02 -5.70961684e-02 -6.80731144e-04
  6.77204058e-02  1.23181590e-03 -1.90769546e-02  4.04570699e-02
 -5.62798567e-02 -3.89069356e-02 -1.04724593e-01 -4.48538177e-02
  1.95484683e-02 -2.03420781e-03  9.61814374e-02  3.97836417e-02
 -4.13216092e-02 -4.84521538e-02 -5.04828282e-02  3.89847858e-03
 -1.22859962e-02  2.43224334e-02 -4.62669283e-02 -6.20203726e-02
 -8.79852846e-02  6.36092445e-04  4.21489170e-03 -8.84415489e-03
 -4.01741304e-02  4.25018296e-02  1.65733614e-03  3.51991616e-02
  4.09647673e-02  2.55607758e-02 -4.52302210e-02  9.27284826e-03
 -2.73925811e-02  5.29128350e-02  1.18337758e-02 -6.99549913e-02
 -4.69912104e-02  5.70729002e-02 -3.83247919e-02  1.09353185e-01
  3.68776359e-02  4.95635439e-03 -4.85641323e-02 -1.00084677e-01
  3.68089080e-02  2.98267547e-02 -1.38739310e-02 -1.13422414e-02
  5.90750165e-02 -3.10765039e-02  1.73428431e-02  4.11819480e-02
  3.65690351e-03  3.41562107e-02 -2.98751611e-02 -9.30067245e-03
 -4.90112640e-02 -3.85108702e-02  7.27144256e-02 -2.79769655e-02
 -1.93582643e-02 -6.72828555e-02  3.42198834e-02 -2.24212296e-02
  6.53998330e-02 -4.36615432e-03 -7.16042286e-03  2.91732885e-02
 -5.23733757e-02 -2.65197437e-02 -5.69063313e-02 -7.58499280e-02
  2.78492551e-02  1.01011015e-01 -7.20164999e-02 -9.85457934e-03
 -7.24598616e-02 -9.76139605e-02 -5.21937869e-02 -3.82388532e-02
 -5.76102920e-02 -2.65257396e-02  9.34282094e-02 -6.12058714e-02
 -4.30541225e-02 -7.16684833e-02  3.10594179e-02  2.36737076e-02
  1.33225009e-01 -7.07847103e-02  4.82356288e-02  1.08868049e-32
 -7.98675865e-02 -3.34465131e-02  1.93005912e-02  3.64749357e-02
 -2.44854903e-03  5.40960953e-02 -3.24391318e-03  5.12301398e-04
  5.54335378e-02  4.33050022e-02 -7.21546486e-02  1.20405413e-01
  8.87153763e-03  1.05985878e-02  1.04468234e-01  6.38961270e-02
  1.13685029e-02 -1.24562904e-02 -1.68871861e-02  8.79822019e-03
  1.81243545e-03  2.25265492e-02 -2.46558408e-03  8.18372611e-03
  6.52192980e-02  4.93656583e-02 -5.01346774e-02 -3.85962687e-02
 -4.92139831e-02  3.64750512e-02  8.30842927e-02 -7.06110671e-02
  5.39053828e-02  1.15963807e-02 -4.45457622e-02 -2.78176107e-02
 -3.21102478e-02 -2.93269176e-02 -1.45073133e-02 -5.74197397e-02
 -1.71375345e-03  1.35967685e-02  4.82082106e-02  9.08182859e-02
  2.49710325e-02 -3.43262441e-02  3.25671770e-02 -2.10062861e-02
  4.58934531e-02  4.97848354e-02 -1.60462279e-02 -5.40785417e-02
 -1.89881120e-02 -9.25672501e-02  4.29538963e-03  1.66171696e-02
 -8.32654536e-02  8.39799196e-02 -6.35561794e-02 -3.11808567e-02
 -5.21836504e-02 -3.09164338e-02 -2.50437111e-02  2.13155476e-03
  1.18487356e-02 -7.53033832e-02 -1.65795982e-02 -2.29791459e-02
  1.05565093e-01  3.39389145e-02 -8.37905630e-02  2.20596157e-02
  4.15198179e-03  1.02796638e-02  1.52755855e-02  7.22331600e-03
 -2.34929342e-02  2.98251063e-02 -7.23941298e-03  4.52742092e-02
  2.72909701e-02 -5.37722260e-02  3.61205004e-02 -6.31018775e-03
  5.57270125e-02  5.00776283e-02  7.58248288e-03  6.37382152e-04
 -1.40711293e-02  1.14513971e-01  9.97760985e-03  8.52272063e-02
 -5.95020736e-03  5.51136434e-02  3.14642787e-02 -1.36240927e-32
  1.19642389e-03  5.83917201e-02 -4.17107753e-02 -2.61415616e-02
 -2.01779511e-02  2.75034690e-03  1.25379646e-02 -3.61003280e-02
 -4.65324596e-02 -1.14794582e-01 -8.72577429e-02 -4.79067117e-02
  8.79130512e-02 -1.04351956e-02 -1.05004683e-01  2.93988157e-02
 -1.40896384e-02 -2.62186565e-02 -6.39477447e-02 -8.01496357e-02
 -2.20234208e-02  9.28986967e-02  5.84994741e-02 -6.46531135e-02
  3.08723263e-02 -7.74640068e-02  2.49057803e-02 -8.54191557e-03
 -6.14768751e-02 -1.25005199e-02  1.01222759e-02  8.37326497e-02
  6.91726580e-02  7.91160241e-02  4.74521704e-03 -1.52647011e-02
  5.19249588e-02 -2.13910807e-02  4.24715318e-02  7.28582814e-02
  8.48320872e-02  1.15817681e-01  1.84025301e-03 -7.79804885e-02
 -7.35205114e-02  4.17548046e-02 -5.63075021e-02 -8.70178044e-02
  3.64869721e-02 -1.82145443e-02  6.67434484e-02 -6.56560808e-02
 -3.33881332e-03 -4.87809740e-02  6.21472523e-02  1.37780001e-03
  7.67515041e-03 -7.72398934e-02 -7.57286921e-02  1.18146045e-02
  4.11801450e-02 -1.68622974e-02 -3.94913778e-02 -2.02275682e-02
  3.27294134e-02 -4.05829772e-03  1.52514111e-02  5.05615175e-02
  4.21502590e-02 -1.64017882e-02  9.98843461e-02 -9.55507234e-02
 -1.44800171e-01 -9.23213884e-02 -4.55835648e-03  7.41753681e-03
 -8.08459148e-03 -5.97364549e-03 -7.22256675e-02 -3.53466929e-03
 -1.04186915e-01 -4.24216315e-02  2.00928003e-02 -4.51596938e-02
 -5.03939837e-02  5.82316220e-02 -3.71800587e-02  4.13275026e-02
 -2.25061504e-03  3.03975828e-02 -2.97920778e-02  3.00728735e-02
  3.37878417e-04 -7.70554924e-03 -3.03623062e-02 -6.31164951e-08
  2.11327728e-02 -4.24254201e-02  5.96000478e-02  5.60277002e-03
  2.80329753e-02 -3.93625014e-02  3.02477535e-02  1.78708564e-02
  2.37273406e-02  7.09473193e-02 -1.19246598e-02 -2.85771191e-02
 -1.18515775e-01 -2.90898401e-02  8.98121670e-02 -6.27492294e-02
  6.23741113e-02 -2.61049885e-02 -3.81031223e-02 -4.33998220e-02
  8.12326446e-02 -1.82673782e-02 -1.24693632e-01  1.97121482e-02
  7.87765384e-02 -2.18120776e-03 -4.97815199e-02 -4.01155390e-02
 -7.12703494e-03  4.60736044e-02  3.16383142e-04 -1.69555843e-02
 -2.25174148e-02 -3.81476991e-02 -1.13825090e-01 -4.70320508e-02
  5.60770445e-02 -2.58625150e-02 -2.42932588e-02 -4.23208699e-02
  1.20805912e-01  6.27733860e-03  2.02864483e-02  3.97638557e-03
  2.28309520e-02  2.85921749e-02  1.40501810e-02  2.52509434e-02
 -5.92490844e-03 -1.84506159e-02 -5.17991185e-02  1.97618138e-02
  5.22278026e-02 -6.28103362e-03 -5.98080046e-02 -6.66551888e-02
  5.75206317e-02 -1.88046917e-02 -6.30128291e-03 -3.81365381e-02
  1.04001060e-01  1.09955534e-01  1.84149772e-04 -3.92205901e-02]