[-7.65437856e-02  1.96529347e-02 -8.96738097e-02 -9.95750818e-03
 -6.20251074e-02 -3.78174998e-04 -7.30830878e-02  1.62581980e-01
  1.62146091e-02  1.06831416e-01  7.91524500e-02  2.84071788e-02
  1.89003311e-02  1.85525045e-02  2.52394918e-02 -1.13032227e-02
 -6.98955311e-03 -1.21482443e-02 -6.85073361e-02  5.53661734e-02
  1.84521452e-01  9.98557778e-04 -6.51693419e-02  3.82084250e-02
 -8.93526077e-02  3.21864220e-03 -4.20409068e-02  3.70007642e-02
  9.97674000e-03 -1.44239776e-02 -2.64650118e-02  1.05553061e-01
  1.29838660e-01 -5.28250262e-02 -2.12919395e-02  2.41165841e-03
  4.84272875e-02 -5.78113906e-02 -8.20773840e-03  3.39875706e-02
 -8.71107057e-02 -2.03602985e-02 -6.48979843e-02 -1.81228295e-02
  2.19378490e-02 -3.93142365e-02  4.47799712e-02  5.53062558e-02
 -4.37891819e-02 -4.15174477e-02 -6.74781948e-02 -2.58556698e-02
 -1.19246356e-02 -2.46595386e-02  7.22330716e-03 -5.39089963e-02
 -3.89923453e-02  3.12369186e-02  2.83544213e-02 -5.56357540e-02
 -2.89565641e-02 -5.72914490e-04 -2.55691502e-02  1.40328193e-02
 -1.62964294e-04  4.85416315e-02 -3.16124484e-02 -2.76280958e-02
 -2.92033311e-02  3.74065861e-02 -1.24385150e-03 -2.49010753e-02
  5.57328053e-02 -3.61225791e-02  2.58617848e-03  6.14917800e-02
  6.88909739e-02  2.01338492e-02 -3.98756638e-02 -1.44043222e-01
  1.42944222e-02  9.08257719e-03 -1.04395743e-03 -6.70283437e-02
 -1.39277102e-02  8.07006960e-04  5.09963278e-03  1.55693972e-02
  1.15642391e-01  4.36115749e-02  2.55214237e-02  2.44020261e-02
 -9.55945328e-02 -8.20835456e-02 -1.59612820e-02  2.52155233e-02
 -2.12851204e-02 -4.56977710e-02  7.23049715e-02 -1.39447702e-02
  8.92939121e-02  3.59835029e-02  3.75834480e-02  3.36632170e-02
 -9.01532359e-03  8.31025373e-03  1.24974120e-02 -2.67025586e-02
  4.05415520e-02  6.01425804e-02 -4.42901254e-02 -3.26516107e-02
 -5.45813181e-02 -5.29787540e-02 -2.84598842e-02 -1.09181523e-01
  2.75162794e-03 -4.32287566e-02 -1.78205280e-03 -2.00265944e-02
  1.55664636e-02 -1.22439675e-02  5.62881008e-02 -5.18632121e-02
  4.32403665e-03 -8.00328627e-02  7.34951114e-03  1.07384171e-32
 -4.15202342e-02  2.34547668e-04 -3.44703011e-02 -2.68893801e-02
  2.93401089e-02  4.79809940e-03 -4.31427397e-02  4.90749553e-02
  2.73455326e-02  5.28824106e-02 -2.83958428e-02  7.53716305e-02
 -1.27838878e-02  1.45714162e-02  6.59986436e-02 -6.70620799e-03
  3.51298265e-02  1.13313543e-02 -1.88358668e-02 -9.94330458e-03
  3.39473458e-03 -3.99988145e-02  1.39209377e-02 -3.57599482e-02
  3.29865217e-02  9.87803712e-02 -1.07644405e-02 -4.17637080e-02
 -7.68312216e-02  1.34772649e-02  3.10097449e-02  8.88645370e-03
 -3.68893659e-03 -2.65740287e-02 -1.24132432e-01 -6.39322251e-02
 -2.03436743e-02 -2.75930273e-03 -3.13663632e-02 -1.02102168e-01
 -1.46910641e-02  2.10955162e-02  3.96937542e-02  5.76719530e-02
  6.95980936e-02 -6.63052723e-02  4.64643314e-02  3.93629819e-02
  9.21751857e-02  6.68150783e-02 -4.43016291e-02 -8.18843115e-03
 -6.45233095e-02 -5.76484837e-02 -2.10355036e-02 -3.87525815e-03
 -6.87131211e-02  4.49650027e-02 -3.01521365e-02 -2.83971857e-02
 -4.39414419e-02  3.18689905e-02 -1.98219474e-02 -1.21995201e-02
  8.67677946e-03 -2.87746303e-02 -5.32921776e-02 -4.24179211e-02
  1.15415335e-01 -5.26255972e-05 -2.86560748e-02  3.11188190e-03
 -9.74734873e-02  2.23925263e-02 -1.77875552e-02 -4.83575612e-02
  4.37566042e-02 -7.44690932e-03 -1.53647345e-02  4.86094579e-02
 -1.00172170e-01  2.47682780e-02 -9.97452880e-04 -1.49877518e-02
  2.72759516e-02  5.38822338e-02  3.18658575e-02  2.31383834e-02
 -3.21019478e-02 -3.39685157e-02  8.97054821e-02  4.35672887e-02
 -4.21402827e-02 -1.01280690e-03  1.14371009e-01 -1.28749413e-32
  2.71895956e-02 -1.20026420e-03 -2.94341762e-02  1.10480990e-02
  2.35419981e-02 -1.97998509e-02 -6.11296333e-02 -1.49986595e-02
 -7.65595905e-05 -1.54405624e-01 -4.94851321e-02 -6.39726967e-02
  7.53540620e-02 -3.05408686e-02 -3.78138311e-02 -3.10118012e-02
 -8.84179249e-02 -6.64789751e-02 -1.15031721e-02 -3.45440954e-02
 -2.26599518e-02  2.85840221e-02 -2.48523317e-02  2.41571963e-02
  3.20899747e-02 -9.15752947e-02 -6.46133870e-02 -1.82928685e-02
 -7.41449520e-02  1.34037687e-02 -1.59982906e-03 -2.92297942e-03
  5.73412469e-03  1.50277421e-01 -1.11680273e-02 -7.05357715e-02
  4.96846773e-02  3.80723551e-02  2.99609825e-02  3.23432833e-02
  7.80753866e-02  9.06020552e-02  3.33672762e-02 -7.50899389e-02
 -1.02672830e-01  1.20872734e-02  3.71087459e-03 -8.16639811e-02
  4.53973338e-02 -3.04891784e-02  9.15697142e-02 -1.15490342e-02
 -2.75181904e-02 -9.47637483e-02  1.85861029e-02  2.14837566e-02
 -5.16619608e-02 -7.72800446e-02 -4.65738326e-02  4.99595217e-02
  7.41579011e-02  3.30520198e-02  4.62385174e-03  1.60676651e-02
  3.06397509e-02 -2.67651118e-02 -1.50638109e-03  7.41295964e-02
  5.56318872e-02 -1.31924190e-02  4.16063778e-02 -5.10774702e-02
 -8.04502219e-02 -2.59876065e-02  3.88997197e-02 -1.31991625e-01
 -3.59471850e-02 -3.10617350e-02 -2.36634593e-02  2.25308556e-02
 -2.63250377e-02  5.72862811e-02 -6.56838566e-02  3.26080099e-02
 -3.16467844e-02 -3.23960856e-02  3.22377123e-03  1.83473025e-02
  2.20546406e-02  9.90498513e-02 -3.87281217e-02  9.32404846e-02
  4.16599922e-02  8.68469104e-02 -8.83322954e-02 -6.19213694e-08
  1.32267480e-03 -3.60430218e-02  3.53684835e-02  3.30660604e-02
  3.68556865e-02 -2.32250895e-02  1.08333416e-02 -4.27950919e-02
 -5.31304292e-02  3.29526849e-02 -2.12596916e-03 -2.77778730e-02
 -6.80234805e-02  2.22009514e-02 -1.10279350e-02 -4.86155413e-02
  8.97346735e-02  1.56920962e-02 -6.60148785e-02 -4.54293415e-02
  7.42993951e-02 -2.95786690e-02 -1.05450749e-01 -7.28508737e-03
  1.12319238e-01 -4.16218713e-02 -1.01839922e-01 -1.28674950e-03
 -3.84607837e-02  4.29103561e-02 -3.02997436e-02  2.72827130e-02
  4.43253182e-02  1.94654260e-02 -1.86804272e-02 -1.72354877e-02
  6.71612546e-02  4.92797010e-02 -4.99387793e-02  2.35306621e-02
  1.24464415e-01 -2.81778146e-02 -1.44887445e-02 -2.83132587e-02
  4.17316239e-03 -8.93637445e-03 -3.58238593e-02 -2.03527994e-02
  2.17962600e-02  5.15961740e-03 -4.17117663e-02  6.45221472e-02
  3.33003402e-02  3.47731672e-02 -2.13654321e-02  5.19265002e-03
  6.54955357e-02  1.07092252e-02  5.46571501e-02 -5.10041974e-02
  7.81885609e-02  5.31710908e-02  4.67780791e-02 -1.67594366e-02]