[-3.13125364e-02 -1.40706915e-02 -1.21206352e-02 -8.03146213e-02
 -2.98131220e-02 -3.20581347e-02  1.75223891e-02  1.12698130e-01
 -1.32597927e-02  4.52290960e-02  2.66649090e-02 -1.94400735e-02
  3.80216911e-02  7.57667748e-03  1.29487207e-02 -6.93894997e-02
  4.52931272e-03 -6.23455420e-02 -2.59136297e-02  1.48690408e-02
  4.92302850e-02 -2.71319505e-02 -8.04392472e-02 -7.53232911e-02
  5.82231693e-02 -4.31480110e-02 -1.73702929e-02  7.91051239e-02
 -2.47856788e-02 -4.70032096e-02 -1.05659053e-01  1.01738214e-01
 -3.32476050e-02  5.31644225e-02  3.76275443e-02 -1.56395435e-02
  5.69062121e-03 -5.14434800e-02 -3.59661505e-02 -2.32263077e-02
 -9.61984321e-02 -5.35911433e-02 -3.43465507e-02  3.99230346e-02
 -1.03351497e-03 -6.78066090e-02 -3.90739255e-02 -3.60694639e-02
  3.17295045e-02 -1.91659760e-02 -4.84624468e-02  6.40148809e-03
 -4.56476696e-02  2.60618757e-02 -8.41647387e-02 -2.45968346e-02
  1.48940468e-02  6.14511454e-03  4.31624725e-02  5.94671303e-03
  1.61729215e-04 -3.36389467e-02 -2.45105885e-02  4.33909819e-02
 -9.75230429e-03  2.09009647e-03 -2.81122010e-02 -7.52070919e-03
 -1.59494709e-02 -1.11714704e-02 -8.45000222e-02 -2.08871230e-03
  3.16795520e-02  5.69310449e-02 -2.67344099e-02  6.75493106e-02
  6.19918071e-02 -4.00473997e-02  2.10094750e-02 -1.06131837e-01
 -6.28638035e-03  1.01207020e-02 -9.37858745e-02 -3.37096378e-02
  1.34055242e-02  1.94263775e-02  4.50468436e-02  1.55309997e-02
  8.87050480e-02 -4.16523889e-02  6.78888038e-02  4.61592898e-02
 -3.15085538e-02 -1.86117971e-03 -1.08604230e-01 -1.00026009e-05
 -2.62751849e-03 -2.41136039e-03  1.18918326e-02  2.08174158e-03
  3.19708735e-02  1.10521624e-02  5.20732030e-02  3.47387185e-03
 -9.79673788e-02 -1.80938374e-02  7.78054073e-03  2.75480840e-02
 -4.90615051e-03 -4.14554663e-02 -1.08857900e-01 -3.54569256e-02
 -7.35696107e-02 -1.02349341e-01 -9.31375176e-02  5.56862056e-02
 -9.08968598e-02 -3.00311130e-02  8.07071030e-02  2.04879548e-02
  3.73724513e-02  2.27070302e-02  1.05956253e-02  9.76132229e-03
 -3.30211991e-03 -5.19286469e-02  5.44741936e-02  1.12091674e-32
 -4.61925678e-02  2.61874441e-02 -3.07315402e-02 -2.98885554e-02
  1.55789591e-02  3.78860161e-02 -2.55781207e-02  1.25756294e-01
 -1.14622060e-02  6.93444908e-02 -1.18443914e-01  5.60795590e-02
  1.62885885e-03 -7.03120977e-02  1.18556112e-01 -3.85437235e-02
  3.76579687e-02  4.05699126e-02 -5.04049286e-02  2.58223023e-02
  2.10855319e-03  2.04762686e-02  4.64892425e-02 -2.62973942e-02
  7.16082603e-02  4.78995368e-02 -4.48474176e-02  1.61005910e-02
  6.75528646e-02  1.04785180e-02  2.60026138e-02  2.42732000e-03
  1.79671571e-02  2.65770275e-02  1.17944032e-02  1.42623233e-02
 -4.70036641e-02 -3.48907188e-02  2.39717420e-02  8.59917048e-03
 -6.11431487e-02  6.56430647e-02  2.96093989e-03  2.17833687e-02
  1.33836731e-01 -8.45360830e-02  3.59208584e-02 -2.07012594e-02
  9.37940180e-02 -1.05008227e-03 -9.71505195e-02  4.25521806e-02
 -3.59288082e-02  1.00169862e-02  8.02731421e-03 -3.34582701e-02
  4.65174466e-02  4.46989387e-02  5.79284057e-02  4.66843732e-02
 -8.83785412e-02  1.27524063e-02 -5.77371393e-04 -3.66495103e-02
  7.07064271e-02  2.03101747e-02  2.04052068e-02  2.39650428e-04
  1.43819358e-02  2.54423544e-02 -3.97195816e-02 -7.19571412e-02
  8.62473920e-02  3.92635837e-02 -9.42659006e-03  6.06253557e-02
 -6.07802942e-02  9.08091851e-03 -6.30240589e-02 -4.14338261e-02
 -1.24984518e-01  3.03610805e-02 -3.55931781e-02  1.46666402e-02
  9.17671844e-02  3.91322970e-02 -5.36623364e-03 -1.02763751e-03
  5.95469251e-02  5.51240593e-02 -8.77883658e-03  8.72911606e-03
 -6.88836351e-02 -1.55708659e-02  1.05819143e-02 -1.21803806e-32
 -2.87157930e-02  3.43041010e-02 -4.18798104e-02  2.79899389e-02
 -1.74634494e-02  5.36252707e-02  1.92103814e-02 -3.81399132e-02
 -3.22149582e-02 -3.34813725e-03 -3.56580014e-03 -5.60400747e-02
  6.03357404e-02 -6.88138679e-02  4.77373786e-03 -1.20756085e-05
 -3.18711884e-02  8.83268937e-03  4.04238664e-02  4.31860499e-02
 -2.22186632e-02  8.67229104e-02 -1.21647324e-02  7.17756078e-02
  3.53005193e-02  4.86163306e-04 -2.77159503e-03 -3.88808735e-02
  1.34787764e-02  3.90575491e-02 -4.94554676e-02 -4.30522375e-02
 -5.89090809e-02  2.15531021e-01 -9.91278142e-03 -4.09335792e-02
  6.92910925e-02  5.24624512e-02  3.73694785e-02  9.33084413e-02
  8.76422375e-02 -3.18049230e-02  2.54055932e-02  4.41781767e-02
 -8.78311768e-02 -1.45591825e-01 -3.58485207e-02 -1.25757068e-01
 -4.17812355e-03 -2.17198506e-02  6.91470057e-02 -2.77813599e-02
 -5.27307279e-02 -8.29293728e-02 -1.82458060e-03  5.58133144e-03
  4.01369520e-02 -3.39182019e-02 -7.77453184e-02 -6.84552193e-02
  1.85432717e-01  2.35104244e-02 -9.75460373e-03 -7.71102356e-03
  6.84735253e-02  2.35370938e-02  8.58430490e-02  7.74434879e-02
 -1.03971781e-02 -1.05720669e-01  2.82667065e-03 -3.44492719e-02
 -5.40023819e-02 -1.31980032e-01  2.82538123e-02 -5.34161506e-03
  1.54362051e-02  3.13044265e-02  1.73942428e-02 -1.11828344e-02
 -3.86814736e-02 -1.92368217e-03  1.31822284e-02  1.59612289e-04
 -8.27322826e-02  2.47926712e-02  2.30328944e-02 -5.35563147e-03
  1.86126232e-02 -2.16198480e-03 -1.00415401e-01  4.62305062e-02
  9.03618261e-02  8.21182039e-03  1.41082173e-02 -5.04143074e-08
  1.67575367e-02  3.08607835e-02  3.86456326e-02  5.79548329e-02
  5.80080934e-02 -9.96405184e-02  5.71596157e-03  4.84164953e-02
 -6.51859343e-02  2.68334690e-02  2.30279490e-02 -6.67392835e-02
 -4.17347960e-02  9.44435503e-03  3.63978520e-02 -2.16121487e-02
 -4.46901172e-02  8.86083394e-02 -3.78618054e-02 -3.85263562e-02
  5.33719249e-02  2.21127309e-02  1.44872703e-02  5.73021220e-03
  1.01487711e-02  1.72190480e-02 -2.29916219e-02  4.42685410e-02
  3.08382530e-02  7.26995431e-03 -3.14427279e-02 -9.21393111e-02
  2.70067099e-02 -6.36849999e-02  6.10407628e-02 -4.46666777e-02
 -2.44906507e-02 -1.13911144e-02 -1.83148365e-02  2.19061300e-02
  2.15043630e-02 -4.24317196e-02 -7.14689344e-02  3.64361331e-02
  5.61901815e-02 -4.08394169e-03 -1.17115326e-01 -2.11241134e-02
  5.50174862e-02 -5.16842604e-02 -7.21673593e-02 -2.91948542e-02
 -1.90511346e-02 -1.13053778e-02 -3.54966382e-03 -2.46326998e-02
 -8.79309699e-03  2.46044882e-02 -2.88063455e-02  6.97790980e-02
  3.16056237e-02 -5.36679998e-02 -4.41138446e-03 -4.37714495e-02]