[-6.53921217e-02  1.10366501e-01 -4.29142788e-02 -4.43676449e-02
 -8.52845684e-02  3.67666292e-03 -1.66372545e-02  8.90656188e-02
 -1.08591327e-02 -4.73704264e-02  7.05684572e-02 -1.75524782e-02
 -2.43380703e-02  1.91842057e-02 -5.35930917e-02 -7.81705603e-02
 -1.65468194e-02  5.89087158e-02  2.17790492e-02  1.85305886e-02
  4.58651073e-02 -4.34868336e-02 -9.15362760e-02  6.06934577e-02
 -1.34464815e-01  4.14903201e-02 -3.92713733e-02  6.64750934e-02
 -6.85562491e-02 -3.42418030e-02 -2.85203978e-02  5.25705516e-02
 -7.85187632e-03 -1.77708361e-02  1.11030778e-02 -5.08892685e-02
  4.71223332e-02 -2.20490880e-02  4.45537549e-03  6.66649714e-02
 -2.31630653e-02 -3.57248001e-02 -1.16881810e-01  3.97094386e-03
  5.93690574e-02  2.99199037e-02  3.81809212e-02  4.24096026e-02
  4.76742582e-03 -9.47170481e-02 -7.83608630e-02 -1.93415489e-02
 -1.40232798e-02 -3.69822606e-02 -1.90582108e-02 -4.69876267e-02
  4.74943547e-03  4.97668423e-02  2.36928295e-02  1.65208280e-02
 -3.69715355e-02 -2.58604009e-02 -1.84713192e-02  1.95416082e-02
 -4.77301814e-02 -2.71986965e-02 -4.13482487e-02 -5.54477349e-02
 -1.22001626e-01  7.65077472e-02  1.02756858e-01 -5.83378635e-02
 -5.11061512e-02 -9.29780304e-03 -6.34866953e-02  1.13378525e-01
 -1.72242913e-02  2.37978194e-02 -1.51107030e-03 -1.24078363e-01
  3.50813866e-02  1.58541687e-02 -1.70830488e-02 -4.43801284e-02
  3.69238034e-02 -4.42513600e-02  5.25697060e-02  2.25031283e-02
  3.29104587e-02  4.49297875e-02  3.09132356e-02  6.77345693e-02
 -1.08784892e-01  3.97974718e-03  4.07750160e-02  2.69595231e-03
  4.99444455e-03  3.40426564e-02  5.73700517e-02  1.69853272e-04
  5.79382889e-02 -1.01227639e-02 -1.04093544e-01  6.96118847e-02
 -6.05605356e-02  3.17594223e-02  3.69988419e-02  1.53255956e-02
  3.18764746e-02  4.35965657e-02 -9.18252468e-02 -1.81367882e-02
 -1.08467415e-01 -8.32251385e-02 -1.16147496e-01 -5.63955121e-02
 -7.56540745e-02 -3.26483045e-03  6.86155483e-02 -6.19447464e-03
 -1.91320069e-02 -2.11622305e-02  5.94134033e-02 -1.70072373e-02
  6.95559680e-02 -1.89728159e-02  3.32044661e-02  1.34283787e-32
 -1.05569288e-01 -5.57831451e-02 -4.18889672e-02  7.36435037e-03
 -1.63222440e-02  3.05984523e-02 -9.00357738e-02 -9.65530518e-03
 -1.09354369e-02  1.16927363e-02 -1.11357033e-01  3.24952006e-02
 -9.01857466e-02 -4.44257781e-02  1.61477298e-01  4.72502187e-02
  2.37778705e-02 -4.62478772e-02 -2.17983779e-02 -7.78499022e-02
  1.33470492e-03  3.66191901e-02  5.15730456e-02 -3.85909574e-03
 -1.87969767e-02  7.94206038e-02 -2.04797257e-02 -1.09793931e-01
 -8.29702914e-02  4.25146408e-02 -1.00340145e-02 -9.08025280e-02
  1.72997471e-02  1.00520244e-02 -6.19037673e-02 -4.34051044e-02
 -2.41264012e-02 -2.65130643e-02 -5.43675013e-02  6.81172237e-02
  1.76295731e-02  1.76008008e-02  4.78341952e-02  1.80921226e-03
 -4.98357564e-02  3.07717249e-02  3.04449648e-02  3.55920382e-02
  1.07394621e-01  4.39264365e-02 -4.43165563e-02 -2.71475501e-02
 -6.24471903e-03 -5.16376235e-02 -1.41446479e-02  5.44811301e-02
 -7.87510648e-02  3.87976281e-02 -2.99044158e-02 -1.47704724e-02
 -3.07933409e-02  1.48673700e-02  1.21664023e-02 -3.90975848e-02
 -1.69477239e-02  1.49422102e-02 -2.70558465e-02  3.79229002e-02
  4.25451882e-02  5.09902574e-02 -2.26835292e-02 -8.49076882e-02
  1.69562120e-02  3.28653827e-02  5.03903516e-02  3.65253463e-02
  5.89904338e-02  5.14795594e-02 -8.60677958e-02  9.77134053e-03
 -5.10455929e-02 -1.40380496e-02 -1.46929007e-02 -5.49128912e-02
  7.61779025e-02  3.43822688e-02  3.75634432e-02  9.26049352e-02
  4.31496575e-02  9.11635011e-02  4.20743376e-02  4.66161072e-02
  1.06406724e-02 -1.99360475e-02  5.63327111e-02 -1.48007581e-32
 -3.78585793e-03  3.52120213e-02  5.21533825e-02 -3.15987691e-02
  3.65646668e-02 -6.81586890e-03 -6.60301149e-02 -4.18685526e-02
 -5.66320419e-02 -8.35993811e-02 -8.82820040e-02 -1.20899202e-02
  9.76995677e-02 -8.25287681e-03 -6.37439117e-02  4.31470685e-02
 -6.11473843e-02 -3.31059806e-02 -3.31731178e-02 -1.68051384e-02
  1.81439854e-02  5.79986423e-02  3.23456265e-02 -2.03521289e-02
  3.61264125e-03 -2.56228261e-02  2.96109747e-02  4.67848182e-02
 -1.03775254e-02  2.97589246e-02  3.19045447e-02  1.37343416e-02
 -1.22648077e-02  1.52666569e-01 -4.08498757e-03  9.16961059e-02
  4.79207970e-02  5.66417612e-02 -8.96362122e-03  1.25208750e-01
  1.84990990e-03  6.18575066e-02  6.67183520e-03 -2.33762860e-02
 -1.20562594e-02 -7.62125244e-03 -4.49811108e-02 -7.13022947e-02
  2.99590155e-02 -1.18975872e-02  6.09142371e-02  3.04370616e-02
 -6.09868430e-02 -4.01040241e-02 -2.57176310e-02 -8.45993981e-02
  2.66071539e-02 -6.94229528e-02 -7.60386661e-02  4.64625657e-03
  1.44359291e-01  2.75015589e-02 -5.72247505e-02 -3.71076092e-02
  8.60944204e-03  1.32583696e-02 -4.13748547e-02 -3.54373902e-02
 -2.03527119e-02  5.74570289e-03  5.27829258e-03 -6.47697598e-02
 -7.85867646e-02 -1.68048181e-02 -4.88975719e-02 -6.91953627e-03
 -4.14870456e-02  9.32880715e-02  5.19925728e-02  2.01253388e-02
 -8.05378407e-02 -2.39180704e-03 -1.65804680e-02  3.34370020e-03
 -4.23379764e-02  5.80004491e-02 -4.73328382e-02  2.09309347e-02
  2.93494351e-02 -1.83513537e-02  6.57326654e-02  7.32699484e-02
  2.27865502e-02  2.28158180e-02 -7.02610761e-02 -6.95954299e-08
  5.84761240e-02 -5.58584109e-02  5.55095524e-02  6.45604506e-02
  6.19605277e-03 -9.17155147e-02 -6.76260656e-03 -2.13282704e-02
  5.10277674e-02  6.59057498e-02  5.03388308e-02 -3.35375853e-02
 -4.10889722e-02  5.28669804e-02 -5.73294386e-02 -1.12933421e-03
 -4.75522541e-02  5.63847572e-02 -7.67054595e-03 -2.66298614e-02
 -1.96004822e-03  1.09680342e-02 -8.28591883e-02 -1.60091706e-02
  2.43295729e-02 -7.38104954e-02 -6.77051395e-03 -2.80392263e-02
  2.06214059e-02 -2.72616595e-02  1.63324215e-02  1.28002772e-02
  2.89603621e-02 -7.10427612e-02  1.77340786e-04 -4.01016772e-02
 -1.74456201e-02  9.36899781e-02 -5.55219688e-02 -1.10273585e-02
  8.25223178e-02 -6.02027774e-02 -1.79609805e-02 -1.50030609e-02
  4.20612581e-02  2.96308612e-03  3.23139355e-02  1.77227426e-02
 -2.75825281e-02  6.81014359e-02  1.27893966e-02  2.36071311e-02
  6.78635165e-02  3.81904617e-02  5.16876637e-04 -2.02019587e-02
  4.39823139e-04  2.12923195e-02 -1.88100729e-02 -3.52613069e-02
  7.73323234e-04 -3.13788798e-04  4.13309373e-02 -6.23013414e-02]