[-1.06505044e-02 -3.52595118e-04 -8.40911567e-02 -5.54443896e-02
 -6.89217821e-02  2.02306267e-02  2.71784719e-02  5.49995564e-02
  2.88949795e-02  4.67298664e-02  1.09368838e-01 -1.47318300e-02
 -3.95392440e-02  3.15147429e-03  5.87675422e-02 -2.62764879e-02
  1.50394132e-02 -3.42501365e-02 -1.36126792e-02  2.98865493e-02
  9.25012976e-02 -5.45801446e-02 -1.01548679e-01  5.54465801e-02
 -4.04058509e-02 -5.66300787e-02 -3.10867559e-02 -8.15455616e-03
 -6.94285929e-02  1.41106208e-03  2.74748914e-03  4.28958312e-02
  1.81911409e-01 -8.38607363e-03 -7.46873161e-03 -2.70248447e-02
  7.41529688e-02 -2.80721709e-02 -4.82347794e-02  6.49283752e-02
 -7.82326013e-02 -5.41096851e-02 -6.52260929e-02 -2.63742507e-02
 -4.10368815e-02 -4.98549566e-02  4.62439768e-02  6.69554472e-02
 -5.38358018e-02  1.18589599e-03  1.35334572e-02  6.12750538e-02
 -3.45142446e-02  5.25852181e-02  9.67917498e-03 -5.68440929e-02
 -4.10851352e-02  1.89541397e-03 -1.91159304e-02  5.66119067e-02
 -3.54035422e-02 -2.31317431e-02 -2.90285740e-02 -1.54810864e-02
 -1.30227255e-02 -2.68182680e-02  1.98945645e-02 -1.20371776e-02
 -2.04878058e-02  5.03153959e-03  1.01828910e-02 -7.09708333e-02
  2.00925209e-02  2.21437793e-02 -7.45617002e-02  4.06238213e-02
  6.47073537e-02  6.57183826e-02  1.57628232e-03 -1.66647568e-01
 -1.48883904e-04  6.46866411e-02 -1.13410279e-02 -3.95024270e-02
 -1.71432719e-02 -1.70992762e-02 -1.46418414e-03  2.18059886e-02
  5.55646271e-02 -1.93380211e-02  3.31835859e-02  2.52758060e-02
 -4.12746891e-02 -2.88704559e-02  1.56033477e-02  1.35824839e-02
  2.20817942e-02 -4.88923639e-02  2.97242031e-02 -2.47568619e-02
  7.51070380e-02 -8.07027705e-03  4.05718274e-02  1.51443630e-02
 -3.74138728e-02  4.21393430e-03 -4.47828025e-02 -1.56232705e-02
  4.65118401e-02  1.47233680e-01 -9.18122008e-02 -5.70352636e-02
 -4.89776731e-02 -2.53377352e-02 -5.25313690e-02  9.94127709e-03
 -7.86008090e-02 -7.11147022e-03  1.11130081e-01 -5.33284396e-02
  4.71622508e-04 -1.23751080e-02  4.65304703e-02 -7.53697306e-02
  5.49806543e-02 -3.36342603e-02  4.73269448e-02  6.89687735e-33
 -6.85286820e-02 -3.65735069e-02 -2.12662779e-02  2.48366687e-03
 -3.28791104e-02  4.29244116e-02 -2.50505691e-04  5.21018580e-02
  5.61704859e-03  3.21920440e-02 -8.05082768e-02  7.07815588e-02
 -7.17986282e-03 -2.07253713e-02  8.93830955e-02 -7.62695121e-03
  4.60913219e-02  2.34627798e-02  7.64389113e-02  4.57025506e-02
  4.01557758e-02 -1.08100353e-02  2.60831788e-03  6.95337192e-04
  9.28737298e-02  2.37346012e-02 -5.57890236e-02 -3.66909727e-02
  4.97014169e-03  4.61019948e-02  1.10019989e-01  3.52692627e-03
  2.02616695e-02 -5.64987883e-02 -6.40019402e-02 -1.63094439e-02
 -2.24074479e-02  4.66708578e-02 -8.81739259e-02 -4.07206826e-02
 -2.59784143e-02  1.65322069e-02  1.96129223e-03  5.14097810e-02
  3.10447495e-02 -5.01754731e-02  5.98715581e-02 -5.39365783e-03
  1.50898486e-01  8.37039649e-02 -2.84605902e-02 -3.98454070e-02
 -6.27952293e-02 -6.31732717e-02  7.61335250e-03 -2.27493532e-02
 -9.41454768e-02  1.75512023e-02 -2.83282697e-02 -8.51320848e-02
 -3.95417362e-02 -6.91509992e-02 -2.02039871e-02 -4.23018634e-02
  2.01697368e-03 -2.80297846e-02  9.17415973e-03  2.12306064e-03
  7.66915679e-02  3.66432406e-02 -9.18041542e-02  1.85639504e-02
 -4.45062444e-02 -1.40550621e-02 -4.93417960e-04  1.52709419e-02
  3.02649494e-02  8.14948883e-03 -8.15138128e-03  2.63395403e-02
 -1.51562504e-02 -1.51963988e-02  3.36767337e-03 -2.05406081e-03
  9.36439261e-02  9.30346698e-02  8.16528779e-03  1.12472042e-01
 -2.36076377e-02  7.78653994e-02  1.40144201e-02  9.97249857e-02
 -3.84151563e-02  7.95188919e-02  5.65386526e-02 -9.87669015e-33
 -4.50490639e-02 -1.05192419e-02 -3.58921252e-02  5.61161945e-03
  2.41769794e-02  1.39676481e-02  2.77695693e-02 -1.92088634e-02
 -6.53990731e-02 -1.11609273e-01 -5.76907061e-02 -9.48082283e-02
  5.75738102e-02  6.53012685e-05 -8.84252489e-02 -6.78334478e-03
 -8.88789520e-02 -5.94017841e-02 -1.66196600e-02 -2.09438289e-03
 -8.57354477e-02  7.33235478e-02  1.27683859e-02 -1.38283642e-02
  2.33373120e-02 -2.46004090e-02 -5.02493083e-02 -6.57545105e-02
 -6.90120757e-02 -3.49063799e-02  2.85407472e-02 -2.96244572e-04
 -3.75745445e-02  1.42100349e-01 -5.71927503e-02 -7.66545013e-02
 -1.33402506e-02 -1.66967779e-03  4.95137786e-03  4.18851152e-02
  5.34908809e-02  1.02424309e-01  5.41415811e-03 -4.42627147e-02
 -1.00537725e-01 -2.90760100e-02 -7.88742956e-03 -4.59322482e-02
  5.32455519e-02 -4.70067188e-02  9.84612405e-02 -3.93744260e-02
 -1.78389028e-02 -3.35838310e-02 -4.75724600e-03 -1.67797990e-02
 -3.58590335e-02 -3.26560289e-02 -6.12851195e-02  2.76606586e-02
  6.71494231e-02  1.90809183e-02 -5.49318530e-02  1.55316815e-02
  6.90938383e-02 -4.75554615e-02  1.09781753e-02  7.92848840e-02
  6.06365651e-02 -4.07232717e-02  6.10990711e-02 -1.10805601e-01
 -1.35835126e-01 -5.38245328e-02  1.23387966e-02 -5.39178960e-02
 -2.20459271e-02 -3.71451420e-03 -1.48894647e-02  4.85104471e-02
 -6.22462332e-02  3.65394540e-02 -3.80666368e-02  8.08956474e-03
 -5.69814583e-03 -4.05882392e-03  1.68040246e-02 -2.66017243e-02
  3.84009443e-02  8.60034004e-02 -5.17968535e-02  4.76513579e-02
  1.27484603e-02  7.67718256e-02 -4.03783284e-02 -6.02670411e-08
  6.62117600e-02 -2.86134090e-02  4.62527648e-02  2.02742629e-02
  9.17772353e-02 -4.81517874e-02 -2.58865044e-03  1.44335153e-02
  6.28912635e-03  3.32031436e-02  1.02820862e-02  1.03486162e-02
 -9.45704356e-02  1.32628642e-02  5.42204641e-02 -1.00157246e-01
  5.78439645e-02  1.12103613e-03 -4.11101095e-02 -3.48148346e-02
  5.00073247e-02 -6.45261332e-02 -1.03412792e-01  2.39074547e-02
  7.54841790e-02 -5.45242876e-02  1.92902256e-02  2.61926558e-02
  9.77553707e-03  6.50464073e-02 -6.37778416e-02 -5.35282232e-02
 -7.89679680e-03 -5.64389564e-02 -4.02909815e-02 -3.31367180e-02
  7.94132147e-03 -5.73290475e-02 -2.79405676e-02 -2.55819783e-02
  1.02543794e-01 -2.79277302e-02  1.09805223e-02 -4.40247133e-02
 -1.68900359e-02  1.72976982e-02 -8.40628296e-02  1.27834249e-02
 -1.02113904e-02  1.21387579e-02 -7.94558078e-02  2.77803224e-02
  5.65124154e-02  6.64935634e-02  6.74898177e-03 -2.20921319e-02
  3.59155238e-02 -2.85160472e-03  2.81249415e-02 -2.66501643e-02
  7.40576163e-02  1.02144964e-02  2.43731216e-02 -4.48091812e-02]