[ 3.73266377e-02 -2.86577605e-02  7.11332122e-03 -2.14838795e-02
 -5.18122651e-02  8.31244420e-03  1.91992335e-02  1.21551827e-01
  7.12499861e-03  6.14280030e-02  8.85523930e-02 -6.35216981e-02
  2.62249373e-02  1.95248332e-02  3.11663598e-02 -6.77386746e-02
  4.87288237e-02  2.11526603e-02 -1.13671556e-01  5.81966564e-02
  1.10059701e-01 -5.57385758e-02  4.49248590e-03 -2.99741793e-02
 -6.93591610e-02  1.36401998e-02 -3.48564796e-02 -2.10798532e-02
 -8.30548257e-03 -6.20143488e-02 -1.55392606e-02  7.09763616e-02
  5.13610467e-02 -8.38972256e-02 -2.54647783e-03  1.56517923e-02
 -3.66461203e-02 -3.61384526e-02 -5.45106456e-02  2.69220900e-02
 -9.00097117e-02 -4.96372469e-02 -3.74339847e-03 -7.65820444e-02
 -1.03618577e-02 -2.88852509e-02 -3.56840044e-02 -1.84044093e-02
 -2.19789520e-02  1.44816330e-02 -8.24812427e-02  2.71217488e-02
 -8.68482739e-02  3.63313593e-02  2.91673597e-02 -5.30786328e-02
 -2.86311917e-02 -1.36328712e-02  4.41009030e-02 -1.74269527e-02
 -3.67384106e-02  1.55364759e-02 -6.81086853e-02 -3.75153334e-03
  8.11495036e-02  2.35664658e-02 -1.79380607e-02 -3.07581387e-02
 -5.31838462e-02  3.48671973e-02  6.83060437e-02 -3.39403860e-02
  2.92396676e-02  2.37358939e-02  2.25135311e-02  1.78460311e-02
  5.22965230e-02  4.61200513e-02 -3.51598896e-02 -3.53862531e-02
  4.25831527e-02  2.81115007e-02 -4.17340249e-02 -2.08660569e-02
  4.99378797e-03 -7.09058568e-02  1.29941432e-02 -2.13617180e-02
  3.99954654e-02 -1.04296152e-02  1.00558596e-02  5.14796078e-02
 -1.40532851e-01 -1.35022718e-02  2.36745309e-02  5.83891906e-02
 -4.29522954e-02 -1.64565668e-02  5.36121912e-02 -1.07421493e-02
  9.80968215e-03  9.69133340e-03 -3.81011032e-02 -2.84243729e-02
 -1.13069609e-01 -9.75702554e-02 -4.07347046e-02  9.24355015e-02
 -1.00338180e-02  1.15771443e-01 -7.38733411e-02 -4.27633636e-02
 -6.83829114e-02 -3.98750529e-02 -1.36047397e-02 -2.30387021e-02
  7.86332414e-03 -2.90719997e-02  9.09536406e-02 -3.92094813e-02
  4.85237651e-02 -1.50594441e-02  1.09130397e-01 -4.62201759e-02
  3.07656229e-02 -4.74401638e-02  4.97750938e-02  1.09451954e-32
 -5.91111630e-02 -9.01209861e-02 -3.60541269e-02  2.01130211e-02
 -6.09957566e-03  2.05685440e-02 -4.57179844e-02  6.38292730e-02
  8.64309072e-02 -2.30363328e-02 -5.24680540e-02  7.75232986e-02
 -1.03879713e-01  2.65807435e-02  4.57311161e-02 -4.47360054e-02
  2.06880039e-03  5.55693544e-02 -1.35223726e-02 -5.37964217e-02
 -4.30279151e-02 -2.21451670e-02  4.06769179e-02 -3.53837833e-02
  8.55947379e-04 -1.80082745e-03  3.55043961e-03 -1.61630698e-02
 -3.52836214e-02 -1.65585103e-03  7.17345551e-02 -2.21832450e-02
  1.24416943e-03 -8.58017802e-02 -8.63554105e-02  4.06006090e-02
 -5.31400135e-03  2.87202336e-02  4.29522991e-02  3.23676094e-02
 -6.90986440e-02  4.82038371e-02  7.43345767e-02  9.64634307e-03
  2.18604738e-03 -4.14899290e-02 -1.64751336e-02 -2.47150026e-02
  6.77984208e-02  6.79759458e-02 -1.04949595e-02 -4.36731204e-02
  6.29342347e-02 -3.20773125e-02 -4.74039577e-02  6.49240389e-02
 -5.81293926e-02  3.75216715e-02 -4.32911105e-02 -2.75446400e-02
  1.51147251e-03  3.75122018e-02 -8.58429179e-04 -6.66297833e-03
 -1.89235285e-02 -4.11461154e-03  3.72594921e-03  1.09739667e-02
  7.23566338e-02 -1.05330618e-02 -7.21314698e-02 -7.74146467e-02
 -2.09871680e-02  2.14151014e-02  4.38321605e-02 -6.30843267e-02
  9.04120803e-02  4.79279794e-02 -2.34856810e-02  3.00053903e-03
 -5.72446175e-02 -2.75268871e-02 -7.31906965e-02  1.10902730e-02
  5.97000718e-02  4.06150259e-02  8.97128880e-03 -5.33301523e-03
 -8.32868926e-03  1.45282019e-02  2.33689547e-02  8.81046429e-02
 -2.71560140e-02  3.32102217e-02  3.96396220e-02 -1.29810782e-32
 -3.89902629e-02  7.55122155e-02 -8.48116726e-03  5.93606457e-02
  6.00625612e-02  2.58576162e-02 -8.55062623e-03 -1.09253272e-01
  3.45477089e-02 -9.10170302e-02 -5.66532388e-02 -2.43883841e-02
 -3.20938900e-02 -5.14275618e-02 -1.49419546e-01  5.81262372e-02
 -2.54551247e-02  7.32465088e-03 -3.15664262e-02  5.46799228e-02
 -6.08802848e-02  1.56211853e-01  5.56541830e-02  2.77409647e-02
 -4.31346241e-03 -4.96038571e-02 -1.13031212e-02  1.53890653e-02
 -2.72181630e-02  1.74947996e-02  6.13347925e-02 -5.58280908e-02
 -2.42600180e-02  3.24587971e-02 -4.39915285e-02 -1.08941087e-04
  4.59413640e-02 -5.64825162e-02 -3.95224318e-02  1.13411672e-01
  3.10410056e-02  8.32437351e-02  1.95113569e-02 -2.71351635e-02
 -5.37677333e-02 -3.45758274e-02  5.92706166e-02 -9.85335484e-02
  4.53404710e-02 -3.45557369e-02  1.25909001e-01 -2.62699015e-02
 -4.51350324e-02 -1.11747179e-02  1.55375153e-02  2.69919343e-04
 -1.40003450e-02 -1.08001754e-01 -9.73708704e-02  3.48472339e-03
  7.88835511e-02  6.56150803e-02 -1.73107826e-03 -1.66320518e-01
  4.67238761e-02  3.61778438e-02  9.54753067e-03 -1.83338188e-02
 -3.07242870e-02 -1.21479193e-02  7.87907466e-02 -2.72536334e-02
 -3.43820313e-03 -4.40399274e-02  4.59253527e-02 -3.57718617e-02
 -4.58202623e-02  3.15473080e-02  1.21569214e-02 -3.02108917e-02
 -5.62565066e-02  2.82329861e-02 -8.73060301e-02 -1.50208935e-01
 -1.20571762e-01  1.90360025e-02 -1.92720927e-02  8.72946039e-05
 -4.19839732e-02  4.87276427e-02 -4.40502986e-02  1.05466619e-02
  9.53740627e-02  8.10625330e-02 -1.76276956e-02 -5.75486609e-08
  1.89753287e-02 -3.08000371e-02  2.45956704e-02  2.96282433e-02
  2.41812704e-05  3.43521759e-02 -4.43812896e-04 -2.30380278e-02
 -2.62002703e-02 -5.91591373e-02  2.69132666e-02  4.13909815e-02
 -5.34590892e-02  6.46589473e-02 -5.20182438e-02 -7.33023360e-02
  3.56141478e-02  1.02854036e-01 -8.26190859e-02 -3.67501006e-02
  4.82287556e-02  7.45021552e-03 -3.54678370e-02 -3.84548046e-02
  7.12312236e-02 -1.06093928e-03  1.67268272e-02 -3.55425440e-02
 -1.56456903e-02  2.15975679e-02 -2.90237628e-02 -4.28431630e-02
  4.43431325e-02 -3.96938138e-02 -3.74180567e-03 -1.70402881e-02
 -1.89172179e-02  5.35720447e-03 -8.74527246e-02  6.41804710e-02
  3.13435197e-02 -3.26709263e-03 -5.25587518e-03  3.50533538e-02
 -1.70818809e-02 -3.68973017e-02 -6.81607202e-02  1.09490931e-01
 -3.03917509e-02  2.11514775e-02  3.68041508e-02 -5.38024642e-02
  5.94974542e-03  1.72556601e-02 -3.10568232e-02  3.01992279e-02
  1.60464663e-02  1.06952079e-01 -2.47697886e-02 -5.93738118e-03
  8.55610520e-02  7.69901350e-02  1.38383005e-02  2.49294005e-03]