[ 4.33745384e-02  2.45271623e-02 -2.52811052e-02 -2.49034222e-02
 -4.75946255e-02  4.86408323e-02  9.23188590e-03  9.82786119e-02
  1.23074735e-02  4.76588756e-02  1.32871583e-01 -8.44284296e-02
 -2.57873237e-02  2.92135533e-02 -2.57582758e-02 -5.49657643e-02
  2.19186563e-02  6.26957640e-02 -3.18817869e-02  1.23102985e-01
  1.89752221e-01  1.18657239e-02 -2.09686402e-02  2.28042435e-02
 -5.39434329e-02  6.42943336e-03 -5.35741225e-02 -1.29767368e-02
 -6.04040287e-02 -5.33847548e-02 -2.47519743e-02  1.34976372e-01
  1.36364236e-01 -2.65679620e-02  6.75613619e-03 -6.74028229e-03
  1.61576900e-03  1.33411167e-02 -5.35250157e-02  6.47569820e-02
 -8.34232047e-02 -4.31217961e-02 -7.17635732e-04 -4.80460599e-02
 -1.22345025e-02 -3.48293893e-02  6.95845783e-02  7.75334090e-02
 -1.62791775e-03 -1.35219162e-02 -5.14347665e-02 -1.08029507e-02
  1.08887283e-02  3.05546494e-03 -6.25729142e-03 -8.00122991e-02
 -5.24319336e-02 -2.85841897e-02 -3.90915722e-02  5.26815765e-02
 -2.04157308e-02  7.40962625e-02 -3.44894975e-02 -2.36815922e-02
  5.78559339e-02 -2.55864691e-02  4.33995277e-02 -7.15963915e-02
 -6.95144683e-02 -8.22467543e-03  2.22911928e-02 -9.57807600e-02
 -4.59877998e-02  6.11142442e-02 -3.20711657e-02  2.36023553e-02
 -4.64812592e-02  8.21912289e-02  2.24513765e-02 -1.47084847e-01
  2.49686427e-02  1.72701366e-02  1.07687777e-02  2.54600178e-02
  9.92354453e-02 -2.55006040e-03  3.88171561e-02  1.87726654e-02
  2.25616172e-02  7.13839708e-03  2.81735174e-02  5.09192571e-02
 -4.45973538e-02 -6.34878576e-02  4.11954569e-03 -7.18247332e-03
 -7.93273747e-02  5.48395654e-03  5.00188656e-02 -2.32311133e-02
  5.23810722e-02 -7.18032243e-03 -5.69817908e-02  5.00034243e-02
 -6.21489435e-02  1.89663563e-02 -3.54576833e-03 -1.50522999e-02
  1.05805341e-02  6.41234815e-02 -6.51412606e-02 -1.17166189e-03
 -1.24760829e-01 -7.24217966e-02 -8.56707711e-03  6.45730039e-03
 -9.55193937e-02 -1.12803392e-02  3.36638317e-02  3.23879416e-03
  9.34445206e-03 -2.94813700e-02 -6.24284090e-04 -2.93109789e-02
  5.31151379e-03 -3.04563958e-02  1.87982768e-02  1.32095972e-32
 -2.86792926e-02  3.41273434e-02 -3.85620892e-02  8.30992684e-03
 -2.60902606e-02  1.51600279e-02 -5.66411540e-02  2.09195819e-02
  6.90448731e-02  2.57786196e-02  2.74247527e-02  1.05968490e-01
 -2.10569315e-02 -2.11918447e-02  8.85338858e-02  3.44427936e-02
  1.95633080e-02 -1.18916417e-02  7.00182840e-03 -4.03960235e-03
 -6.14501396e-03  1.06041573e-01  1.26272812e-02 -4.61885743e-02
 -1.55439693e-02  5.89851625e-02 -6.57689050e-02 -5.42052798e-02
 -3.46287489e-02  3.68331596e-02  8.17987993e-02 -3.32996659e-02
  3.22463550e-02 -9.03504789e-02 -4.08788435e-02 -6.12142347e-02
 -7.13525806e-03 -5.00246398e-02 -3.73502658e-03  7.53663061e-03
 -4.57543768e-02 -2.52360608e-02  4.21352871e-02  3.92962620e-03
 -5.04124584e-03 -1.76134538e-02  5.21436073e-02  1.56098381e-02
  1.41663373e-01  7.55312741e-02 -1.03396410e-02 -4.64203954e-02
  6.05030470e-02 -6.91486821e-02 -3.72092538e-02  4.88804914e-02
 -6.88469857e-02  3.86372805e-02 -6.71880469e-02 -2.85757519e-02
 -4.22073603e-02  3.03811543e-02 -2.02031038e-03 -3.24594975e-02
 -2.05247086e-02 -5.02705723e-02 -1.99253522e-02  1.71882827e-02
  1.54957458e-01 -5.53991878e-03 -8.58009607e-02 -4.30091657e-03
  4.33513941e-03  3.11644692e-02  2.87798489e-03 -1.56187639e-02
  3.04941535e-02 -7.95783754e-03 -5.99542931e-02  6.76853769e-03
 -5.46046458e-02  7.07931817e-02 -9.97525360e-03 -5.81259355e-02
  1.16295204e-01  3.93710099e-02  6.16834126e-02  2.27566548e-02
 -5.75380996e-02  6.00245222e-02  4.49579209e-02  3.29161771e-02
 -5.39364107e-02  5.05260974e-02  2.82381475e-02 -1.56589087e-32
 -3.15653570e-02  3.35180350e-02 -3.89964059e-02  2.44046934e-02
 -2.86341161e-02 -5.99350035e-03 -5.73715195e-03 -3.16029377e-02
 -8.34043473e-02 -1.03343301e-01 -7.54331350e-02 -1.36673838e-01
  4.09031659e-02 -4.83982489e-02 -1.79609004e-02  5.21279983e-02
 -1.07933767e-01 -6.52483106e-02 -1.14594631e-01 -1.18353860e-02
 -3.11139505e-02  1.02400616e-01  5.48072606e-02  2.07866933e-02
 -2.03130636e-02 -4.80140299e-02 -6.22889325e-02 -2.75850426e-02
  1.81852821e-02 -2.54805908e-02 -1.42499525e-02  4.02773470e-02
 -3.54260243e-02  4.35650311e-02 -5.05306236e-02 -6.29840791e-02
  8.37149750e-03 -1.20173246e-02 -4.51545529e-02  9.48230922e-02
  1.31691992e-02  2.78339125e-02  2.00478304e-02 -4.56416123e-02
  1.48517480e-02 -6.45324886e-02 -4.32375772e-03 -1.12794101e-01
  4.21199948e-02 -2.86141504e-02  1.18347138e-01 -2.59337351e-02
 -3.85671481e-02 -7.07655388e-04  1.52170602e-02 -2.44523082e-02
  3.61004174e-02 -9.40950736e-02 -9.42996219e-02 -4.09224816e-02
  6.81686103e-02  4.42577042e-02 -4.05579358e-02  4.54061925e-02
  8.62703249e-02  8.73643719e-03 -3.23939621e-02  3.14615332e-02
 -3.54325213e-02 -6.85468840e-04 -2.83190738e-02 -4.36683372e-02
 -2.88933683e-02 -5.55825755e-02  5.38482564e-03 -1.88057944e-02
 -2.53251791e-02  6.66768989e-03 -3.87608558e-02  1.06522497e-02
 -6.88405633e-02 -2.67758910e-02 -3.34363654e-02 -4.85454760e-02
 -5.96218258e-02 -2.34534629e-02 -4.36325334e-02 -6.85665011e-02
  2.60023940e-02  7.46514872e-02 -2.50190292e-02  2.68903337e-02
 -1.88566297e-02 -2.48835562e-03 -3.79804485e-02 -6.78024463e-08
  1.16502522e-02 -1.11533338e-02  5.36862873e-02  7.98774231e-03
  3.23243216e-02 -6.37158230e-02  1.65874660e-02  2.27416568e-02
 -2.71411370e-02  2.60093790e-02  5.93374437e-03  4.76367399e-03
 -4.58498253e-03 -3.25190350e-02  3.89761701e-02 -4.72524948e-02
  7.30015188e-02  8.91826972e-02 -2.71362085e-02 -1.86188743e-02
  5.64593859e-02 -9.02411155e-03 -9.19614732e-02  3.59110930e-03
 -2.45869029e-02 -1.78138316e-02 -1.18818590e-02  4.96429997e-03
 -3.65068167e-02  5.15697859e-02  4.47849520e-02 -3.01919901e-03
  5.02698012e-02 -9.27243680e-02 -7.82456398e-02 -2.17551626e-02
  4.19760495e-02  1.17725285e-04 -5.87542541e-02  3.37568745e-02
  6.07306659e-02 -2.36575846e-02 -4.31023762e-02  3.61839570e-02
  7.25436807e-02 -7.14975521e-02 -2.45068986e-02  2.73830257e-02
  4.51216958e-02 -5.33409826e-02 -8.13581515e-03  2.71756761e-02
 -5.58330715e-02  1.77805368e-02 -7.70006478e-02  4.38543335e-02
  6.09261878e-02  4.05459804e-03 -9.86910760e-02 -2.12945435e-02
  9.10954997e-02  6.06780462e-02  3.55051160e-02 -7.96739236e-02]