[-7.51564279e-02  4.40725535e-02  1.43797603e-02 -6.88656121e-02
 -1.89472362e-02 -2.85830330e-02 -3.99452588e-03  4.75163311e-02
  8.49550869e-03  6.84279501e-02  8.76749679e-02 -4.60656397e-02
 -5.47113381e-02  2.02190112e-02 -5.51610775e-02 -6.95429975e-03
 -8.43575671e-02 -2.03823559e-02  3.74243073e-02  1.07658086e-02
  2.32916176e-02 -3.97991389e-02 -4.91043665e-02 -9.03398637e-03
 -9.13387388e-02  7.47686077e-04 -2.95391977e-02  2.90442612e-02
 -4.07254957e-02 -1.31265856e-02 -2.71766726e-02  8.64781663e-02
  2.91505456e-02  2.99542723e-03 -3.19433883e-02 -3.83386202e-03
 -2.06672363e-02 -4.88879085e-02 -1.98903773e-02  7.90525377e-02
 -1.61064528e-02  3.99245135e-03 -5.69978170e-02 -2.62456667e-03
 -3.81926447e-02 -3.09838895e-02  8.31371248e-02  5.03057316e-02
 -1.54643012e-02 -3.49831171e-02 -6.81543797e-02  5.83210699e-02
 -9.59977433e-02 -1.98147949e-02 -5.12267612e-02  1.12687964e-02
 -2.21039429e-02 -3.57424915e-02  2.81137601e-02  7.96222186e-04
  3.52751315e-02  8.53002258e-03 -9.46977660e-02  4.36951115e-04
  5.36896288e-03 -5.44040576e-02 -1.66700799e-02  2.35608872e-02
 -4.03177217e-02  2.14326032e-03  3.24100442e-02 -6.42967150e-02
  7.97638390e-03 -8.78406037e-03 -9.88375321e-02  1.02453820e-01
 -1.08400285e-02  3.35413553e-02  1.83677506e-02 -1.02676228e-01
 -1.78122334e-02 -2.23353878e-02  8.12318623e-02 -8.40742216e-02
  3.18760425e-02  7.04745296e-03  7.59489462e-02 -7.56011084e-02
  1.49409035e-02 -3.46202441e-02  5.50575592e-02  1.01152055e-01
 -5.91689199e-02  3.44187580e-02 -1.00881997e-02  2.13934947e-02
  2.37038508e-02  2.96960641e-02  5.25992690e-03  4.04482223e-02
  4.70966622e-02 -1.24576902e-02 -4.27613482e-02  5.44413887e-02
 -1.01105116e-01  3.53755392e-02 -2.21069921e-02 -1.05811395e-02
  5.36922440e-02  6.32946566e-02 -6.70354590e-02  3.77984084e-02
 -5.86455576e-02 -2.30781138e-02 -7.72813037e-02 -2.15274114e-02
 -3.59353162e-02 -9.34331864e-03  4.42055985e-02  9.17510614e-02
  2.52021533e-02 -4.94771302e-02 -7.14419112e-02  9.72843263e-03
  4.57597226e-02 -3.91957238e-02  5.35318069e-02  9.36752036e-33
  6.12049475e-02  3.51871690e-03 -2.45143864e-02 -6.71543041e-03
  4.58848327e-02  4.77420278e-02 -9.41909999e-02 -1.45374658e-03
 -4.07022238e-02  2.50187479e-02 -1.18808769e-01  4.08367887e-02
 -4.61493656e-02 -3.37809138e-02  6.82830438e-02  4.02915403e-02
  9.15173534e-03 -6.28339127e-02  1.55737449e-03 -1.48747815e-02
  1.87440738e-02  5.42319380e-02  4.55622450e-02  3.43798362e-02
  4.41754721e-02  1.14029162e-01 -1.76909473e-02 -9.40330550e-02
 -4.97194715e-02  3.78529467e-02  5.23289107e-02 -5.68068214e-02
 -6.55090660e-02 -1.02804182e-03 -2.19364697e-03 -1.09328320e-02
  2.50579230e-02 -1.17619149e-02 -8.97489786e-02  9.87765286e-03
  1.05822952e-02 -1.02950344e-02  4.92473170e-02  4.19606864e-02
  1.83078852e-02 -2.02813093e-02  8.72415155e-02 -5.77838859e-03
  9.57890674e-02  7.84427300e-02 -8.53844956e-02 -7.78250620e-02
 -4.86097410e-02 -5.24798296e-02  1.66890137e-02 -5.39510930e-03
 -1.17003545e-01  1.20456303e-02  3.56620103e-02 -8.67797434e-03
  6.17027134e-02 -3.15301642e-02 -2.91783027e-02 -1.14983134e-02
  8.36947700e-04 -2.11568736e-02 -4.90294117e-03  2.08506808e-02
  1.44698068e-01 -3.03850323e-02 -4.54572961e-02  5.44040278e-02
  2.74763908e-02 -4.86168033e-03 -9.84776998e-04  2.94833407e-02
  6.05012998e-02  2.43075769e-02 -1.09294904e-02  4.14263010e-02
 -3.88950370e-02  9.96842794e-03  4.60822023e-02 -9.10680965e-02
  7.84923658e-02  6.28194585e-02  5.86159527e-02 -1.09225535e-03
 -2.40969728e-03  1.24374442e-01 -1.65879373e-02  9.29847136e-02
 -2.52973828e-02 -1.19492626e-02  1.91909831e-03 -9.02404385e-33
  1.15483608e-02 -6.10539168e-02  4.30768123e-04  2.85995472e-02
  2.65368186e-02 -1.39758764e-02 -6.40585721e-02  6.57526031e-02
  2.65101567e-02 -1.13122322e-01 -2.50195377e-02 -4.00558040e-02
  8.96359757e-02 -2.48836502e-02 -5.00869229e-02  2.28127949e-02
 -2.48725782e-03 -4.25535887e-02 -1.20379306e-01 -2.29181792e-03
 -2.45044716e-02  7.99060911e-02 -1.45882610e-02  4.63714227e-02
 -5.08690774e-02 -3.33090611e-02  8.05563629e-02 -8.79274607e-02
 -6.53658211e-02  1.30798724e-02  7.97992498e-02 -6.18492486e-03
 -2.48459559e-02  1.38426706e-01 -2.46577114e-02  5.47541827e-02
  6.91867694e-02  8.53186920e-02 -2.24916395e-02  1.61477521e-01
  8.95277336e-02  6.84594288e-02  4.80372608e-02 -5.98367751e-02
 -6.13349564e-02 -6.09737597e-02 -6.41794279e-02 -3.58209722e-02
 -5.42923845e-02 -5.69529198e-02  1.06589489e-01 -4.69633639e-02
 -4.98613678e-02 -7.76409581e-02  5.93745075e-02 -5.59696816e-02
  3.30917276e-02 -6.11063465e-02 -1.18863940e-01  1.47901131e-02
  1.12881966e-01  2.62935888e-02 -6.56915978e-02 -5.79244159e-02
  9.48380306e-02  3.18827219e-02 -5.85911274e-02 -7.40488898e-03
  2.45454945e-02  5.12615927e-02  7.23932534e-02 -7.00008422e-02
 -9.87992659e-02 -6.51913509e-02  1.32216327e-02  2.51585003e-02
 -3.60723734e-02  7.19315931e-02  6.03547171e-02  1.94286946e-02
 -1.22977374e-03 -3.99919823e-02 -1.66329164e-02  6.24134205e-02
 -3.47685292e-02  6.56942278e-02 -3.02995294e-02 -3.11256875e-03
  4.58800495e-02 -1.95406712e-04  3.68496068e-02  2.99168807e-02
  5.56002297e-02  3.46690677e-02  1.25556523e-02 -6.26982342e-08
  4.23850082e-02 -2.99676452e-02 -8.21328349e-03  8.50441009e-02
  4.08223644e-02 -4.41085733e-03  2.38283537e-02 -5.48288599e-02
  3.96216959e-02  1.02445573e-01  3.73185985e-02 -3.06910882e-03
 -7.89374635e-02 -1.94171746e-03  5.44011518e-02  1.06059201e-02
 -2.23116875e-02  7.88269341e-02 -3.98343056e-02  3.09540308e-04
  1.12324728e-04  9.57825780e-03 -6.03001341e-02  4.11816087e-04
  2.89250389e-02 -3.22128199e-02 -3.98909971e-02 -3.96246202e-02
  1.13954861e-02  1.54357869e-02 -6.92711305e-03 -4.71244939e-02
  2.23483779e-02 -9.23126489e-02 -2.55182181e-02 -9.01820045e-03
  4.73952405e-02 -3.32116112e-02 -2.49965172e-02  1.93543825e-02
  1.00216277e-01 -6.88653439e-03  2.67926361e-02 -1.15292461e-03
  5.37860161e-03 -1.59469526e-02  1.27216242e-02 -2.65713241e-02
 -1.46003189e-02 -1.35519905e-02 -3.65728401e-02  1.05622318e-02
  1.93648934e-02  7.77745992e-02 -7.03050047e-02 -2.43152287e-02
  1.68785229e-02  6.99957646e-03 -1.80617534e-02  4.33311332e-03
  3.10763046e-02  1.07722869e-02 -1.01823553e-01 -2.08967775e-02]