[-4.40498106e-02  8.69514197e-02  2.19477452e-02 -4.24778163e-02
 -6.67177513e-02  2.16821562e-02 -2.10219771e-02  9.82719660e-02
  5.40453289e-03  2.52675321e-02  1.64641012e-02  3.64745595e-02
 -3.48144211e-02  2.58700494e-02  4.18635085e-02 -3.04454118e-02
 -2.37577222e-02  8.25731829e-02 -3.09880581e-02  5.07812649e-02
  9.74888504e-02 -2.78487764e-02 -9.18095186e-02  1.88203678e-02
 -6.99938163e-02  6.28523678e-02 -1.80775747e-02 -2.21607648e-02
  9.33840498e-03 -2.84942277e-02 -8.33552852e-02  1.13509931e-01
  4.13341932e-02 -3.79311256e-02  2.67231744e-02  5.13042556e-03
  4.69821170e-02 -9.39785317e-03 -7.56619126e-02  5.76521456e-02
 -8.84770006e-02 -1.12863537e-02 -9.16888043e-02 -6.81720376e-02
 -2.23474316e-02 -3.91731821e-02 -7.35939760e-03  5.99518381e-02
  8.02674983e-03 -5.82963414e-03 -8.14626738e-02 -6.37229457e-02
 -2.78878864e-02  1.86610110e-02 -2.02413797e-02 -6.05140775e-02
 -2.61472501e-02 -8.68100766e-03  4.00060602e-02 -2.63638906e-02
 -2.42720097e-02  9.69692394e-02 -3.60500701e-02  2.80320570e-02
 -1.92085411e-02  4.02060039e-02  2.54759043e-02 -8.39255983e-04
 -6.49937522e-03  5.22316433e-02  4.09335569e-02 -5.46677224e-02
  6.61136955e-02  2.62254775e-02  8.19894765e-03  2.82144118e-02
  1.19656336e-03  1.03648826e-02  3.17650624e-02 -2.47927859e-01
  6.60826862e-02  2.91898753e-02 -4.35391366e-02 -8.52548704e-02
  4.21675742e-02 -3.34092863e-02  4.99607343e-03  1.69319641e-02
  1.17943697e-01 -1.88335069e-02  6.16773367e-02  7.96806533e-03
 -5.02059013e-02  9.65868030e-03  8.85917768e-02 -1.57447197e-02
  5.79126738e-03  4.09400240e-02  6.05032034e-02 -4.07983130e-03
  1.23460539e-01  2.76511367e-02 -6.36037737e-02  3.68015207e-02
  1.25189433e-02 -3.95473801e-02 -1.45228114e-02 -6.78836033e-02
  1.85840987e-02  5.51642366e-02 -6.47719726e-02 -4.29835021e-02
 -5.92223881e-03 -1.29514024e-01 -3.36879380e-02 -1.82949621e-02
 -2.77216695e-02  2.09272956e-03  4.14111055e-02 -1.12904273e-02
  5.54426899e-03  4.34289919e-03  5.45792282e-02 -4.15013870e-03
  6.86300397e-02 -6.18472882e-02 -7.41495267e-02  1.25575093e-32
  4.36898060e-02  4.61138645e-03 -2.58317962e-02  3.59824998e-03
 -2.61479076e-02 -6.28980994e-02 -3.83283086e-02  1.62182711e-02
  2.49641500e-02  6.91247433e-02 -2.66585387e-02  5.63324280e-02
 -3.21530923e-02  1.07153170e-02  1.18749917e-01  2.08961288e-03
  5.56487180e-02 -7.58780465e-02  4.84454768e-06  6.95821941e-02
 -9.10472870e-03  3.22465785e-02 -3.48694175e-02  1.37276780e-02
 -3.43573466e-02  1.26380160e-01 -4.17782664e-02  6.00710325e-03
 -1.30545825e-01  3.84541117e-02  5.73086478e-02 -7.95817748e-02
 -2.65083797e-02 -2.33575515e-03 -1.49898753e-02 -1.87253654e-02
  4.73584840e-03 -3.17734778e-02 -3.22868973e-02 -9.17338580e-03
 -2.17418070e-03 -2.43367460e-02  1.78207271e-02 -7.52067752e-03
  9.47773680e-02 -6.44227192e-02  2.23113876e-02 -8.37564841e-03
  6.81505874e-02  6.33924752e-02  1.91510487e-02  1.53547470e-02
 -7.14454129e-02 -5.80221713e-02 -2.61464417e-02  1.39967138e-02
 -1.29057378e-01  2.80570444e-02 -6.70727715e-03 -6.79465756e-02
  3.69846784e-02 -5.61265647e-02 -3.80546264e-02 -1.25469686e-02
 -9.56457406e-02 -1.27347279e-02 -9.15027261e-02 -5.42708971e-02
  8.41939971e-02  7.57679669e-03 -1.14527076e-01 -7.56758079e-02
 -3.91294844e-02  5.13692759e-02  3.72686349e-02  1.29821189e-02
  4.38090488e-02  1.16492352e-02 -2.48069987e-02 -8.66629556e-03
 -2.85755638e-02 -1.84728056e-02  3.99879180e-03 -1.62954368e-02
  3.45389135e-02  2.03638542e-02  7.24335983e-02  7.16353059e-02
 -3.75768356e-02  6.28013983e-02  4.41608280e-02  1.72758494e-02
 -1.07333595e-02  3.86301801e-02  3.51213440e-02 -1.41321590e-32
  2.44179107e-02  1.47367781e-02 -9.50675905e-02 -3.86693180e-02
 -6.79919794e-02 -8.13548267e-03  7.31073916e-02 -8.68785381e-03
 -3.14737409e-02 -1.50280058e-01 -1.23041281e-02 -8.78420919e-02
  9.52323675e-02 -1.79925803e-02 -8.97281915e-02  4.70771305e-02
 -4.32671160e-02  4.38969210e-03 -1.32399136e-02  6.30943328e-02
 -2.80166771e-02  1.02293529e-01 -4.35269810e-03 -4.42396253e-02
 -1.67002436e-02 -2.66772155e-02  1.85151584e-02  3.62004079e-02
 -4.64790948e-02  2.51079202e-02  7.02403709e-02  3.72202992e-02
 -7.54643092e-03  4.13066261e-02 -4.26041484e-02 -2.14379746e-02
  3.81711088e-02 -7.81283528e-02 -3.72076705e-02  1.86254550e-02
  3.62365507e-02  4.46180701e-02  2.52758376e-02 -5.20390400e-04
 -2.79558543e-02  8.31829477e-03 -2.42395122e-02 -2.31151022e-02
  2.19939668e-02 -7.09452480e-02  7.42465407e-02 -5.94113469e-02
  4.36313264e-02 -3.48783545e-02  9.70591977e-03 -2.91510019e-02
 -4.81355265e-02 -9.88056734e-02 -2.15860792e-02  7.55898207e-02
  8.72284845e-02  4.13410403e-02 -3.80642936e-02 -5.30105531e-02
  7.68037215e-02  6.71233907e-02 -5.86380847e-02  3.54373045e-02
  3.98414209e-02 -2.48507168e-02  6.01290651e-02 -7.90603384e-02
 -5.64570725e-02 -6.34822771e-02 -6.92610219e-02 -1.85609590e-02
 -2.31519789e-02 -2.63178139e-03  1.60961319e-02  2.64767092e-02
 -8.06328356e-02 -2.49597207e-02 -1.77281722e-02  3.51798884e-03
 -1.11669362e-01  8.83959830e-02 -3.26279588e-02 -1.70512926e-02
 -8.42768885e-03  3.53725255e-02 -1.26810535e-03  1.41599746e-02
  4.89418805e-02  1.89312976e-02  2.06160732e-02 -6.27596677e-08
  6.12996072e-02 -5.63352704e-02  4.06498909e-02 -3.76130491e-02
  3.27902511e-02 -5.53011373e-02 -1.39676640e-02 -3.92377488e-02
 -1.54339783e-02  8.57801735e-02  5.81256226e-02  1.23198489e-02
 -5.05243801e-02 -2.80781146e-02  1.74582694e-02  9.35750082e-03
  5.16397133e-02  6.11754134e-02 -6.33426085e-02 -9.73046646e-02
  7.97259435e-02 -1.12008285e-02 -3.49201486e-02 -5.90682365e-02
  3.21149006e-02  1.39901107e-02  4.24899310e-02 -3.92897278e-02
  1.74568314e-02  3.38170566e-02 -7.18174502e-02  1.28317839e-02
  4.52287160e-02 -6.53720871e-02 -2.99257878e-02 -1.80823542e-02
  1.41292589e-03 -6.66140905e-03 -3.10882982e-02 -2.68535353e-02
  1.42417699e-01 -1.51789319e-02 -5.15296385e-02 -1.74008741e-03
  2.53379438e-02 -8.52691829e-02  5.11684604e-02  2.38823239e-02
 -7.80637562e-03  1.27941724e-02 -2.59984992e-02  6.07035831e-02
  2.70367134e-02  1.59405358e-02  2.43810322e-02 -1.28032295e-02
 -1.48000326e-02  5.26933633e-02 -4.49189767e-02  2.25310284e-03
  5.20968288e-02  1.88705772e-02 -5.01758140e-03 -8.47571045e-02]