[-1.31683692e-03  4.62492518e-02 -5.50141223e-02 -6.97729290e-02
 -5.94425276e-02  9.72659439e-02 -1.83740389e-02  8.67045894e-02
  3.94719392e-02  4.61185202e-02 -8.46221950e-03 -7.64872804e-02
  2.92179082e-03 -5.13161644e-02  2.43322663e-02 -5.14994264e-02
 -5.49824908e-02  6.98855007e-03 -1.85004696e-02  2.37352494e-03
  1.11694358e-01 -5.11831455e-02 -1.14773735e-01  8.23121741e-02
 -1.33016825e-01  2.94941142e-02  1.44748790e-02  7.99085051e-02
 -8.40249285e-02 -4.60985154e-02 -5.74760213e-02  9.96253490e-02
  3.42543051e-02  8.51073489e-03  1.26221227e-02 -4.28434946e-02
  2.65158284e-02  3.66098224e-03 -2.93901488e-02  6.06302582e-02
 -5.04499376e-02 -1.05930874e-02 -9.46305916e-02 -1.96133703e-02
  2.04217732e-02 -1.05381319e-02  1.86252631e-02  2.47793104e-02
  3.28848399e-02 -3.08151059e-02 -3.43675427e-02  8.57710913e-02
  2.47857086e-02 -8.25567469e-02  3.02533247e-02 -4.28298004e-02
 -2.62311064e-02 -6.62444683e-04  6.09509759e-02  1.68162510e-02
  6.63774908e-02 -2.94753034e-02 -1.81176178e-02  1.95697485e-03
 -8.08996409e-02 -8.06796029e-02  3.87583859e-02 -5.07931039e-02
 -8.25433433e-02 -2.12406181e-02  4.75471746e-03 -5.85326590e-02
 -8.43155235e-02  6.45991648e-03 -6.80389106e-02  1.20498486e-01
  5.35301026e-03  3.30291912e-02  2.74573956e-02 -1.03322946e-01
  2.61844462e-03 -2.12649088e-02  6.81875180e-03 -5.43133952e-02
  4.02626209e-02 -4.43552248e-02  9.30794701e-03 -4.04070355e-02
  1.24812350e-02  4.50312756e-02 -1.24032125e-02  2.42876820e-02
 -5.76625392e-03 -1.55840283e-02  5.44503443e-02  3.41960862e-02
  1.72363874e-02 -5.76948375e-02  1.13949254e-01  1.40392389e-02
  4.79445904e-02  4.73970845e-02  3.72867170e-03  6.31854590e-03
 -5.63973077e-02  6.19276948e-02  8.93280208e-02  6.08317330e-02
  5.71621172e-02  3.23428623e-02 -9.86546427e-02 -2.02657306e-03
 -3.33092362e-02 -5.36574684e-02 -7.59016052e-02  1.95129924e-02
  1.49165709e-02  1.58223265e-04  3.03545482e-02  1.65595822e-02
  3.83729450e-02 -3.61814760e-02  2.16404013e-02 -1.37092052e-02
  3.04860957e-02  3.74723040e-03  7.00410968e-03  9.90150410e-33
 -6.22928515e-02 -1.06187239e-02 -4.87125255e-02  2.11389866e-02
 -3.87792960e-02  1.29098410e-03 -2.89747454e-02  6.89588254e-03
  1.80300847e-02 -2.48687249e-02 -4.06657718e-02  8.15239772e-02
 -2.24916749e-02 -8.26566070e-02  1.27468824e-01  6.25933334e-02
 -4.53705713e-02 -4.40625250e-02 -3.07793394e-02 -8.69678780e-02
 -2.88179945e-02  7.25809559e-02  8.06792974e-02  1.29686082e-02
  4.70302850e-02  6.62898719e-02 -4.66400646e-02 -1.47765115e-01
 -2.50065010e-02  3.02896984e-02  8.40206295e-02 -3.63927409e-02
 -6.05426207e-02 -5.01666637e-03 -3.60566042e-02 -6.95773065e-02
  9.12714098e-03  1.30240135e-02 -5.24031706e-02 -3.56025249e-03
 -2.65380908e-02 -5.86355068e-02  1.86973941e-02  1.68416835e-02
 -8.37983713e-02  7.86591414e-03 -3.92563939e-02  6.28148625e-03
  8.14445540e-02  4.55840379e-02  5.59908850e-03 -5.58151677e-02
  1.13337366e-02 -7.03057274e-02 -8.25284701e-03 -1.17226373e-02
 -1.38664886e-01  2.21562125e-02 -1.74717978e-02 -7.39291608e-02
  2.74227895e-02  4.60013486e-02  2.18238239e-03  1.95845459e-02
 -7.71671683e-02  6.54063094e-03  1.65284553e-03  1.16868410e-02
  7.73969367e-02 -1.59141235e-02 -4.10524681e-02 -1.85543541e-02
  1.34707689e-02 -5.79127222e-02  3.43397297e-02 -3.00356131e-02
  2.26489622e-02 -3.03358398e-03 -5.58860265e-02  9.88734365e-02
 -2.58388594e-02  1.49998451e-02  5.67090586e-02 -5.04927039e-02
  7.99846798e-02  2.99950596e-03  4.03827876e-02  2.59739142e-02
  2.63828947e-03  7.24786019e-04 -5.75569598e-03  3.88022549e-02
 -2.09655263e-03  4.74980436e-02  8.57214853e-02 -1.30215534e-32
  3.95532101e-02  1.01079671e-02  6.74302503e-02 -4.56987731e-02
  4.54425551e-02  3.53294238e-02 -3.23033705e-02 -8.33888575e-02
 -6.60989806e-02 -2.10965708e-01 -6.56858459e-02 -2.47859452e-02
  1.60852280e-02 -2.12175157e-02 -1.54794352e-02 -2.98715271e-02
 -3.33827063e-02 -6.31918311e-02 -7.34300613e-02  5.28132543e-03
  1.67711042e-02 -3.62541936e-02  5.69810607e-02 -4.73148860e-02
  1.34845991e-02 -7.53694400e-02  4.84585389e-03 -2.82065421e-02
 -7.06654266e-02  8.67159478e-03  1.06241770e-01  4.68330607e-02
  5.23539409e-02  1.22554541e-01 -4.75038178e-02 -1.51897622e-02
  6.74123764e-02 -1.00998441e-02  1.21598388e-03  6.01990931e-02
  3.71484905e-02 -4.93559754e-03 -9.91420238e-04 -2.29752809e-02
 -4.80058789e-03  1.17172021e-02  2.95226835e-03 -1.10865019e-01
  4.22428846e-02 -2.39359550e-02  6.87556267e-02 -5.56652769e-02
 -1.17438726e-01  2.50124256e-03  3.38578746e-02 -1.48003716e-02
  1.42194955e-02 -5.52661829e-02 -3.38578746e-02  4.20738310e-02
  2.55961232e-02  5.60141839e-02 -2.50527114e-02 -5.36027215e-02
  5.01165986e-02  2.65144520e-02 -2.37731659e-03 -4.63591795e-03
  2.77821422e-02 -2.03013327e-02 -1.37007227e-02 -2.00046338e-02
 -5.33859245e-02  8.63237008e-02 -1.74610503e-02  2.46038269e-02
 -2.12795585e-02  4.71015088e-02 -7.48538831e-03  3.19086909e-02
 -8.92100111e-02  3.59689817e-03 -4.51304056e-02  4.99782413e-02
 -2.33474299e-02  2.05102805e-02  2.48283744e-02  3.63272130e-02
 -6.82780445e-02  1.13836024e-03  8.43432099e-02  8.75348598e-03
  1.28785267e-01  3.74752618e-02 -5.42418621e-02 -5.79353703e-08
  8.86201710e-02 -1.04708681e-02  4.30085557e-03  5.65809384e-02
 -8.62109195e-03  1.67959202e-02 -4.03132960e-02 -5.74577078e-02
 -2.35770568e-02  1.42667722e-02  7.51836747e-02 -4.31640670e-02
 -3.14982235e-02  1.91313475e-02 -2.42726319e-02 -1.23767164e-02
 -4.28892933e-02  6.10459782e-02  1.51752112e-02 -2.08757017e-02
  8.19131080e-03 -6.00283258e-02 -7.87424818e-02  3.64196748e-02
  2.36736350e-02 -7.37104416e-02 -7.60854632e-02 -1.07571736e-01
 -6.69217110e-03 -2.47406214e-02  1.27439154e-02  5.63173853e-02
  4.32281345e-02 -3.27933207e-02 -2.82315947e-02 -6.38731048e-02
  5.45770414e-02 -7.25859357e-03 -8.09344277e-02 -2.63195466e-02
  1.13899469e-01  1.81476846e-02 -7.06461966e-02 -1.07872851e-01
  8.00130889e-02  2.81711891e-02 -1.90189853e-02  2.37793326e-02
 -5.29458746e-02  2.84085292e-02 -1.53485117e-02  2.93028671e-02
  3.53687480e-02  8.95535201e-02 -1.08422292e-02 -1.50133984e-03
 -1.47401281e-02  8.01848422e-04 -1.04020974e-02 -6.02666661e-02
  5.04178517e-02  2.05748305e-02 -2.61432528e-02 -1.59923378e-02]