[ 1.98207423e-02  1.12505639e-02 -4.65327129e-02 -4.43519987e-02
 -9.04210061e-02  4.40215413e-03  1.98888443e-02  8.91845375e-02
  3.04902289e-02  4.83686440e-02  1.06591567e-01 -1.02327891e-01
 -5.20194620e-02  1.24414302e-02 -3.31525579e-02 -1.22021865e-02
  1.38451522e-02  6.05322160e-02 -8.89094919e-02 -2.16280594e-02
  1.51079968e-01 -4.03152294e-02  3.15641165e-02  3.96919027e-02
  3.14299166e-02  4.99407947e-02 -7.82984123e-02  6.53311536e-02
 -7.25349505e-03 -5.97462505e-02 -8.34111474e-04  1.43003136e-01
  1.30566716e-01 -1.06664509e-01 -9.54746921e-03 -1.84815217e-04
 -2.55534295e-02 -4.19094460e-03  4.72282246e-02  8.40825364e-02
 -2.79116537e-02  2.68083438e-02  3.41653861e-02 -2.22729314e-02
 -2.70416141e-02 -7.54213035e-02 -2.10789666e-02  3.31339464e-02
  7.04776421e-02  3.57090682e-02  6.54769130e-03  2.09383108e-02
 -1.88252944e-02  5.74663468e-02  8.70924070e-03 -9.33728814e-02
 -6.01731502e-02  6.90850522e-03  1.44054359e-02  6.60399571e-02
  5.03848754e-02  5.53132594e-02 -9.13466588e-02 -3.72811407e-02
  2.59009153e-02  1.35909831e-02 -4.69655404e-03 -6.76935166e-02
 -7.20082894e-02  2.22063623e-02  3.69643271e-02  1.34365133e-03
  3.53430621e-02  4.67871353e-02 -7.14995563e-02  3.19758356e-02
  3.66838239e-02  1.74526032e-02 -8.34767427e-03 -7.10998774e-02
  6.33255625e-03  6.78439587e-02  2.72578821e-02 -7.62360394e-02
  3.08730062e-02 -1.26770511e-02  3.74876224e-02  5.02550416e-02
 -1.92611245e-03 -6.14948943e-03  7.28665739e-02  6.23447634e-02
 -7.39303976e-02 -6.83270693e-02 -5.44986269e-03  1.52437994e-02
 -9.89623088e-03 -1.48453889e-02  5.21871969e-02 -2.02901643e-02
  4.71196212e-02 -4.35739290e-03 -3.76262795e-03 -3.31814252e-02
 -8.63451436e-02  3.10896672e-02  2.36328901e-03  7.47560561e-02
  4.74972613e-02  5.88217825e-02 -1.04782686e-01 -5.74056199e-03
 -5.27676716e-02  2.53811553e-02 -4.66998219e-02  8.64986703e-03
 -1.79078523e-02 -1.32689960e-02  8.49352125e-03  2.22924016e-02
  4.03654110e-03 -1.28600569e-02  1.05730556e-01 -4.50940058e-02
  4.76925187e-02 -9.67022479e-02  1.65941380e-02  1.40268817e-32
 -4.41351498e-04  1.41119212e-02 -2.41052965e-03  3.93708386e-02
  2.99977176e-02  6.17935397e-02 -6.93822205e-02  4.14491296e-02
 -1.68019242e-03 -3.64630520e-02 -7.04218820e-02  4.51800376e-02
  1.13318190e-02  1.37615046e-02  9.50733572e-02  1.73050407e-02
  1.21636614e-02 -1.92498174e-02 -2.81691202e-03  1.60848629e-02
 -1.94842704e-02  2.63186265e-02 -7.05527025e-04  4.60539460e-02
 -1.73119940e-02  5.85562885e-02  2.14436874e-02  2.25206884e-03
 -8.15989003e-02  4.65769023e-02  3.84404473e-02  3.34190466e-02
 -4.67532463e-02 -9.66353416e-02 -5.91768287e-02 -3.62073742e-02
  6.73917979e-02  8.53560492e-03 -4.53462154e-02  3.49551030e-02
 -6.89768195e-02  2.78929006e-02  8.41836259e-02  4.53703701e-02
  1.27988607e-02 -6.52625337e-02  4.22165841e-02  2.76870206e-02
  1.09842472e-01  1.05417244e-01 -7.44495541e-02 -2.14202702e-03
  8.27681646e-02 -4.75420505e-02 -3.76429968e-02  2.48684008e-02
 -9.51972231e-02  6.47344738e-02 -5.09297438e-02 -5.23728244e-02
  8.43989104e-03 -2.50537484e-03 -1.74171422e-02 -3.05730719e-02
 -6.34857938e-02 -1.94781795e-02 -6.84595853e-02 -2.11135689e-02
  1.12802334e-01  2.29636580e-02 -6.36041239e-02 -4.82940413e-02
 -5.73261222e-03  3.36302407e-02 -1.79533642e-02  3.02941538e-02
  8.35607350e-02 -4.04152125e-02 -3.98687385e-02  2.88145393e-02
 -6.27233014e-02  1.05812177e-01 -2.25654766e-02 -2.61608455e-02
  8.18107426e-02  3.25292572e-02  6.25873879e-02 -1.18179806e-02
  2.57081650e-02  5.68868071e-02  2.07697675e-02 -1.15772346e-02
 -5.21522909e-02 -1.90086141e-02  1.00048827e-02 -1.31870835e-32
  4.55636121e-02  8.79154429e-02  1.25527754e-02  5.43598309e-02
  6.29074592e-03  1.04609467e-02  3.69133912e-02 -1.02229742e-02
  2.09522136e-02 -9.78581831e-02  2.70615928e-02 -6.49602339e-02
  4.24763523e-02 -4.73108813e-02 -2.87445374e-02  4.86079976e-02
 -9.37060118e-02  1.89428180e-02 -3.69330384e-02 -3.52809913e-02
 -2.21681362e-03  1.24844864e-01  2.36714333e-02 -9.84923635e-03
  3.19033749e-02 -2.21439116e-02 -6.77303597e-02 -4.86637205e-02
  3.31457779e-02 -2.07368545e-02  2.93437913e-02 -1.40311904e-02
 -3.72892618e-02  6.97499737e-02 -5.76200411e-02 -2.55997293e-02
  4.26166430e-02  5.88343106e-03 -1.10121658e-02  8.60484913e-02
  1.88693982e-02  3.25945951e-02 -8.59036017e-03 -2.04122830e-02
 -2.24592295e-02 -1.17091388e-01  5.90774082e-02 -1.04872912e-01
  3.35102156e-02 -2.43829098e-02  1.16982818e-01 -1.76756624e-02
 -1.20922662e-01  6.24653958e-02  7.84655064e-02 -2.26835907e-02
  8.48517474e-03 -2.87797470e-02 -1.56883433e-01 -8.66798963e-03
 -1.14290528e-02  4.52286191e-02  2.85934396e-02 -5.44520989e-02
  9.23420563e-02  9.12260206e-04 -2.30000503e-02  6.43018037e-02
  4.00200002e-02 -6.60423096e-03 -1.85452290e-02 -7.24097714e-02
 -2.58946558e-03 -6.60437942e-02  3.88370939e-02 -2.72753928e-02
 -7.36586899e-02 -4.22476716e-02 -8.22363514e-03  3.65388603e-03
 -7.72998929e-02 -2.86155753e-02 -4.49408870e-03 -3.79867591e-02
 -7.98594430e-02 -1.93867255e-02 -1.62111816e-03  4.42894213e-02
  1.60165615e-02  5.49894534e-02 -2.51499470e-02  7.98180327e-03
  6.20975085e-02  3.17243561e-02  4.17843908e-02 -5.78339119e-08
  3.10998652e-02  1.37617150e-02 -9.21607774e-04  2.37563420e-02
  1.84241757e-02  2.39857403e-03 -2.97410209e-02 -3.19321714e-02
 -3.66343781e-02 -1.62738916e-02 -4.88456630e-04  3.94763984e-02
 -8.51322412e-02  1.20868441e-02 -3.71746831e-02 -2.32437104e-02
  6.48640990e-02  6.65981174e-02 -3.51547860e-02 -4.15770337e-02
  1.17061418e-02 -3.71882580e-02 -4.40744124e-02  4.95947804e-03
 -6.54629022e-02 -1.67179722e-02 -3.70333828e-02  1.69296861e-02
 -3.99316922e-02  2.11391561e-02  7.34171271e-03 -9.28304251e-03
  1.84529275e-02 -1.34086996e-01 -4.51658405e-02 -3.96591760e-02
 -2.11297553e-02  2.90437266e-02 -3.62740010e-02  6.64699450e-02
  7.97890797e-02 -1.49550959e-01 -7.60752335e-02  3.29476111e-02
  3.41549441e-02 -6.20754287e-02 -5.75322472e-02  6.60348162e-02
 -3.18800360e-02 -6.75381646e-02 -3.15266661e-02 -3.34991775e-02
 -5.56332506e-02 -2.51615848e-02 -5.13248481e-02  1.64107457e-02
  3.23622636e-02  5.97271463e-03  8.12123623e-03 -1.28483707e-02
  4.18128893e-02  1.45032546e-02 -2.06244811e-02 -1.24454819e-01]