[-2.77306698e-02  4.97620180e-02 -2.24019829e-02 -5.44826575e-02
 -1.36856675e-01 -1.44463032e-03 -2.53147259e-02  8.04124400e-02
 -1.26869697e-02  1.01322941e-01  7.60698393e-02  3.43219819e-03
 -3.05879917e-02  2.96205319e-02  3.39571759e-02 -2.89430600e-02
  3.03257396e-03 -3.67408246e-02 -4.50138040e-02  4.37097102e-02
  1.28288418e-01 -3.09549477e-02 -7.19491243e-02  7.28706941e-02
 -9.54848975e-02  2.76867934e-02 -6.01904355e-02 -7.51278689e-03
 -5.29517420e-02 -2.35891994e-02  3.73512544e-02  4.81562018e-02
  6.71300814e-02 -3.55548114e-02  1.43155707e-02 -6.80512842e-03
  2.93203108e-02 -8.27991515e-02  1.49581088e-02  9.35162753e-02
 -5.21054342e-02 -2.79459637e-02 -7.29020312e-02 -6.85031116e-02
 -5.31616062e-02 -4.35302081e-03  1.85509641e-02  6.41070455e-02
  1.29902186e-02 -2.42601410e-02 -4.38188985e-02  1.70112997e-02
 -3.90233770e-02 -4.15520789e-03 -8.57843924e-03 -6.90777451e-02
 -4.32653390e-02 -2.76193805e-02  3.97743285e-02 -2.24653278e-02
 -1.93244386e-02  3.50637473e-02 -1.45134507e-02 -1.04368357e-02
  4.43452522e-02 -2.54709851e-02 -4.37323377e-02 -7.81589895e-02
 -4.33136187e-02  5.30670322e-02  5.79005368e-02 -7.70827159e-02
  6.53903559e-02  1.69855357e-05 -6.96581826e-02  4.42653373e-02
  7.19730109e-02  4.92153056e-02 -8.55619926e-03 -2.12385356e-01
  3.34105715e-02  2.52935458e-02  1.17167998e-02 -1.38944229e-02
 -3.94931209e-04 -2.19780356e-02  3.27139869e-02  5.41067906e-02
  8.64352658e-02  9.58672725e-03  3.50569002e-02  3.26585025e-02
 -5.02165183e-02 -4.54342961e-02  3.24962549e-02 -4.63401154e-02
  3.05610485e-02 -2.27192808e-02  2.62807449e-03 -1.63487401e-02
  1.25037730e-01  6.15977077e-03  4.10524644e-02  5.80044985e-02
 -1.33024878e-03 -1.18832923e-02  1.18137952e-02 -4.31896225e-02
 -4.59226221e-03  1.14275284e-01 -1.51326256e-02 -3.70742530e-02
 -4.51603085e-02 -7.45908767e-02 -7.71571100e-02 -1.53316613e-02
 -4.41225953e-02 -4.90831323e-02  2.40799040e-02 -4.01915200e-02
  2.73320847e-03 -3.38545144e-02  1.13363415e-01 -5.07680215e-02
  5.10582812e-02  2.03442265e-04 -8.50695651e-03  1.23217382e-32
 -5.65497912e-02 -1.31806776e-01  1.28210075e-02 -8.30784254e-03
 -1.59524544e-03 -7.73003232e-03 -6.49052933e-02  3.58116366e-02
  5.86322881e-02  4.82756943e-02 -6.91411868e-02  1.26881236e-02
  2.08620895e-02  9.19804722e-03  1.21583000e-01  1.12129869e-02
  4.57897410e-02 -3.11067998e-02 -3.69392037e-02  4.93186079e-02
 -2.44298903e-03 -5.21741435e-03 -1.62449479e-02  4.42774743e-02
  9.12602711e-03  3.24784443e-02 -5.17895631e-02 -2.97849979e-02
 -5.10270521e-02  3.70774679e-02  4.55095759e-03 -2.12360583e-02
  1.07693486e-02  1.86662730e-02 -7.81679228e-02 -4.43457887e-02
 -3.06863487e-02 -2.43757945e-03 -5.49333282e-02 -3.36866751e-02
  5.04048057e-02 -1.86201166e-02  8.94441083e-02  6.92593977e-02
  7.90301114e-02 -4.52009961e-02  7.38679841e-02  9.47035197e-03
  8.11394826e-02  1.19546339e-01 -2.94204596e-02 -2.75596324e-02
 -4.25124019e-02 -4.61465828e-02 -1.25941646e-03  5.21710925e-02
 -1.29154250e-01  5.17103970e-02 -3.81592731e-03 -2.21524537e-02
 -2.88947523e-02 -5.84834814e-02 -2.53786659e-03  3.62121947e-02
 -2.06754133e-02  1.15561311e-03  1.69398040e-02 -4.25966410e-03
  1.31281495e-01  3.48752253e-02 -8.03683996e-02 -2.39201337e-02
  3.90092423e-03  1.26714259e-01 -1.19834894e-03  5.16026188e-03
  1.30382717e-01 -6.33497396e-03 -8.39883834e-02  3.89033668e-02
 -6.16895556e-02  2.33603921e-02 -4.33052517e-03 -1.12253893e-02
  7.18021318e-02  3.51828933e-02  4.60388549e-02  6.13424256e-02
 -6.67980686e-02  4.92113680e-02  2.18884107e-02  4.58074138e-02
 -3.00698541e-02 -4.72236201e-02  8.02821442e-02 -1.45577320e-32
  4.14570086e-02  3.34152058e-02 -4.84131686e-02 -2.03826111e-02
  1.01012299e-02 -1.40773654e-02 -4.24107313e-02 -2.64078993e-02
 -6.73820302e-02 -9.42395777e-02 -8.96307733e-03 -3.46939862e-02
  9.51390192e-02 -1.30669931e-02 -8.62794295e-02  8.00409541e-03
 -6.34146184e-02 -6.47482947e-02 -3.72592732e-02 -6.98744188e-05
 -2.68335398e-02  9.23626944e-02  4.32154685e-02 -2.04251129e-02
  5.55100068e-02 -3.56811807e-02 -2.50221160e-03 -7.45921675e-03
 -4.70638983e-02 -2.52394266e-02  1.29759246e-02  3.42348553e-02
  6.93894969e-03  1.09396324e-01 -3.06737926e-02 -7.01904446e-02
  6.32860065e-02 -3.05007156e-02 -3.37004885e-02  4.75919843e-02
  4.25363844e-03  5.95009662e-02  4.40437123e-02 -1.58354696e-02
 -8.17590803e-02  2.50403234e-03 -2.72346344e-02 -9.44145918e-02
 -1.32954353e-02 -6.37669265e-02  5.13184220e-02 -9.99145433e-02
 -2.42368598e-03  1.42648804e-03  3.53182629e-02 -4.82804067e-02
  2.35285237e-03 -6.96525350e-02 -3.60821635e-02  3.09882890e-02
  1.32929265e-01  2.48559099e-02  2.46252213e-03 -3.49923223e-02
  3.55062708e-02 -4.81325313e-02 -5.31586558e-02 -1.08363051e-02
  9.71657783e-03  1.67574789e-02 -2.02007405e-02 -9.76983830e-02
 -7.34901503e-02 -6.96417270e-03  6.39941357e-03 -3.88246998e-02
 -5.26411738e-03  1.51718324e-02  3.39280372e-03 -3.08795273e-02
 -7.78087452e-02 -2.14818437e-02 -3.13302614e-02 -3.12460819e-03
 -7.46895894e-02  4.35326360e-02 -2.72073485e-02 -3.08453515e-02
 -1.09547740e-02  9.15217176e-02 -1.34780947e-02 -9.96949803e-03
 -3.67050339e-03  3.61777358e-02 -7.34187812e-02 -6.48668745e-08
  5.74023947e-02 -1.79897901e-02 -8.30449164e-03  1.16175748e-02
  2.74257525e-03 -2.65056565e-02 -2.45700367e-02 -6.05655015e-02
  2.76288465e-02  3.08070891e-02  4.82398644e-02  5.04743913e-03
 -6.42786622e-02  2.54287831e-02 -3.61047871e-02 -6.07155301e-02
  3.10516711e-02  6.23074453e-03 -8.09643120e-02 -7.35122189e-02
  2.09328737e-02 -4.75758538e-02 -8.85080621e-02 -1.40495664e-02
  7.56423101e-02 -2.08982844e-02 -4.50740382e-02  1.50657669e-02
 -3.61095443e-02 -6.89129764e-03  1.65679585e-03 -3.70166339e-02
  4.00541313e-02 -4.86060269e-02 -1.88677907e-02 -4.72710952e-02
  2.75957771e-02 -3.19171301e-03 -4.23792899e-02 -1.09289998e-04
  1.48956612e-01 -2.11417042e-02 -4.65329513e-02 -2.33612042e-02
 -3.09371622e-03 -1.91284213e-02 -6.50965646e-02  6.26289174e-02
 -1.45097096e-02 -1.73541401e-02 -8.22532848e-02  1.01551615e-01
  7.90928975e-02  3.05115823e-02  2.27852147e-02  2.56373361e-02
  7.14165345e-02 -3.21708765e-04 -2.68543642e-02  3.35360393e-02
  8.89105797e-02  7.58701637e-02 -2.80596409e-02 -1.36147169e-02]