[-1.74886603e-02  6.63901120e-02 -6.03609718e-02 -6.55971915e-02
 -1.13607205e-01  1.12155667e-02 -2.17338596e-02  1.18266255e-01
 -2.92309970e-02  5.49372658e-02  5.33951074e-02  9.82128084e-03
  2.04147305e-02  1.54341357e-02  3.45273353e-02  2.02976894e-02
  6.73846230e-02  3.30244340e-02  3.24082235e-03  8.00878741e-03
  1.16170838e-01 -9.78257954e-02 -9.12829265e-02  6.75241873e-02
 -7.47467354e-02  2.15146132e-02 -1.11147560e-01  2.50200313e-02
 -2.29132865e-02 -2.82894336e-02 -1.04039516e-02  3.94772999e-02
  9.71846357e-02 -5.33265658e-02  2.99992096e-02  4.68467101e-02
  1.93317179e-02 -5.69597222e-02  2.10514665e-02  1.20120011e-01
 -1.34583220e-01  1.46502033e-02 -1.17820919e-01 -3.83549556e-02
 -4.55128960e-02 -3.03310025e-02  1.90318879e-02  1.93159953e-02
 -5.91083355e-02 -1.92104150e-02 -2.94305813e-02 -3.26879211e-02
 -4.78745215e-02  8.56484473e-03  1.02648987e-02 -3.48760113e-02
 -2.20313035e-02 -1.65691152e-02  4.74518426e-02 -3.83437499e-02
 -2.79335640e-02  4.38779108e-02 -3.22042182e-02  1.60811823e-02
  1.87001992e-02 -2.13717320e-03 -4.65123355e-02 -3.05828135e-02
 -6.70748800e-02  5.34913242e-02  9.00221094e-02 -5.88769615e-02
  1.18562197e-02  8.49452391e-02 -3.29986587e-02  9.71302688e-02
  4.60744612e-02  3.33545730e-02 -4.06296784e-03 -2.05770701e-01
  6.49050847e-02  6.17708899e-02 -4.45109829e-02 -4.40150872e-02
  1.64578669e-02 -3.54154333e-02  1.32604351e-03 -1.55951828e-02
  5.31222746e-02 -2.56959675e-03  2.10060719e-02  1.52726546e-02
 -6.91705644e-02 -3.13997306e-02  1.58879794e-02 -2.25362927e-02
 -4.52248286e-03 -8.67181737e-03  6.92312792e-02  6.83711935e-03
  1.12765275e-01  1.40148820e-02  6.08287454e-02  8.48245062e-03
 -1.16064986e-02 -9.66456439e-03  2.65668575e-02 -3.32655571e-02
  1.81570482e-02  1.24238074e-01 -7.12044686e-02 -3.27262208e-02
 -5.66307083e-02 -1.16371281e-01 -6.47839308e-02  5.10772392e-02
  1.69165432e-02 -8.74840934e-03  4.73980419e-02 -4.83706780e-02
  3.13169174e-02  2.03392189e-03  1.25980064e-01 -4.88833673e-02
  1.01112142e-01 -2.46896893e-02 -5.59111759e-02  1.28787646e-32
 -3.18944789e-02 -6.87332302e-02  2.05622520e-02  3.80749777e-02
 -2.87077739e-03 -5.59586547e-02 -2.31405366e-02  2.88786720e-02
  6.93984255e-02  4.48418222e-02 -7.42587671e-02  5.86140119e-02
  1.17031923e-02  9.71438549e-03  1.34964973e-01 -6.49489239e-02
  4.23518978e-02 -1.71966888e-02 -3.36444145e-03  3.53565789e-04
 -5.08477390e-02 -1.69815980e-02  1.56899784e-02  3.60549428e-02
  3.29362080e-02  3.38681415e-02 -1.40126571e-02 -4.95078042e-02
 -1.02901891e-01  6.16255738e-02  1.82720777e-02  9.00700968e-03
  1.59941297e-02 -2.88033467e-02 -7.17488974e-02 -6.06123433e-02
  1.34061407e-02 -4.27899808e-02 -6.35746866e-03 -1.70326177e-02
 -1.79730039e-02 -4.74787466e-02  2.27976032e-02  3.83204520e-02
  4.03420776e-02 -1.14684915e-02  6.79582208e-02  3.52308564e-02
  3.95663492e-02  5.11399470e-02 -3.80688086e-02 -4.07016128e-02
 -3.28110866e-02 -5.64474016e-02 -1.91771332e-02  5.12538888e-02
 -1.12997159e-01  2.36342438e-02  9.83202457e-03 -6.98232278e-02
 -6.19225157e-03  2.69028004e-02 -4.43982556e-02  4.99892943e-02
 -4.07806672e-02 -1.21822888e-02 -5.36777750e-02  1.10270558e-02
  1.46544352e-01  8.24583136e-03 -1.00067556e-01 -3.20479535e-02
 -4.08008471e-02  2.33641267e-02  3.20919603e-02  3.22475359e-02
  7.75698647e-02 -2.25228798e-02 -3.64239700e-02  1.20839421e-02
 -5.94916269e-02 -1.58271717e-03 -1.00058150e-02 -3.36308144e-02
  2.85128355e-02  6.06015101e-02  8.11500549e-02  4.27693836e-02
 -8.95555690e-03  6.45224825e-02 -7.46522704e-03  4.13563102e-02
 -7.23218778e-03 -2.70091766e-03  1.01274341e-01 -1.45716043e-32
  1.20253125e-02  1.84916593e-02 -4.30699773e-02 -4.25205678e-02
  2.33517252e-02 -3.75646539e-03 -2.20864415e-02 -8.92907158e-02
 -6.52173012e-02 -5.18549569e-02 -5.09026907e-02 -8.06414038e-02
  4.74309213e-02 -4.90690209e-02 -9.51152667e-02  9.60394554e-03
 -9.87565890e-02 -4.36341316e-02 -3.20259691e-03  2.88221259e-02
 -1.80303622e-02  9.96892899e-02  4.30449434e-02 -8.68761465e-02
  1.83878373e-02 -2.80552786e-02 -7.79718459e-02  2.04820484e-02
 -1.97109915e-02  5.83423004e-02  4.42166775e-02  3.09042633e-03
  3.12468093e-02  9.00554061e-02 -1.79098509e-02 -1.77940400e-03
  3.55755761e-02 -2.11687591e-02  2.64215972e-02  3.93569879e-02
 -3.11696320e-03  7.00649433e-03  9.02402475e-02 -5.17117605e-02
 -3.36948782e-02 -1.24539947e-02 -1.70831252e-02 -1.30232364e-01
  6.78346585e-03 -8.35919306e-02  5.11301830e-02 -4.13927026e-02
 -1.61487162e-02 -3.02049816e-02  1.00440718e-02 -2.79650930e-02
 -5.48126884e-02 -7.95889422e-02 -4.72430140e-02  7.28694424e-02
  8.04867148e-02  3.72209325e-02 -5.37303388e-02 -2.35864446e-02
  1.02199391e-01 -3.47901210e-02 -2.77968962e-02  2.27644201e-02
 -5.35243973e-02 -3.19964252e-02  1.98609680e-02 -6.14924915e-03
 -7.43648782e-03 -2.88578756e-02  2.17168173e-03  4.52196077e-02
 -2.59708539e-02  6.14661723e-03 -4.84297751e-04 -6.03699824e-03
 -7.77503252e-02 -2.36556455e-02 -2.30045598e-02 -6.08289950e-02
 -8.54696929e-02  4.28441465e-02 -8.18402618e-02  2.22810656e-02
 -2.20242236e-02  3.31742540e-02 -3.55174877e-02  2.00134981e-02
  1.22754149e-01  5.73141035e-03 -1.19108730e-03 -6.11833784e-08
  2.74195094e-02 -2.07755193e-02  4.85579967e-02  2.69724298e-02
  3.97036038e-02 -2.28744093e-02 -2.61656381e-02 -4.06789668e-02
  1.83271151e-02  5.15273400e-02 -1.94558632e-02  2.58423612e-02
 -3.45712453e-02  5.23841893e-03 -4.81863581e-02 -6.92184940e-02
  5.47525771e-02  5.20677678e-03 -3.11373398e-02 -6.00298345e-02
  6.67006969e-02 -5.12355603e-02 -1.00370720e-01 -1.55713856e-02
 -1.07955290e-02 -2.79560369e-02 -2.13248767e-02 -2.83919889e-02
 -2.07891203e-02  2.64479835e-02 -1.48423640e-02  9.01967660e-03
  4.52881726e-03 -3.77120823e-02 -1.30943023e-02 -2.53161043e-02
  2.10860814e-03  5.10879010e-02 -6.80234805e-02  1.64336283e-02
  1.07957035e-01 -8.56242254e-02 -3.40035297e-02 -3.35604027e-02
  1.56402197e-02  3.86156775e-02 -8.53815898e-02  5.15584946e-02
 -3.47716548e-02  2.95949262e-02 -3.67498845e-02 -8.77628010e-03
  5.45192733e-02  1.72277205e-02  2.87927315e-02 -1.69287119e-02
  5.46092354e-02  3.28125358e-02 -5.30315787e-02  4.06085339e-04
  4.97108065e-02  7.36689717e-02  5.48499636e-02 -2.31249984e-02]