[ 1.09296935e-02  1.74783953e-02 -1.41944364e-02 -3.60480733e-02
 -6.86860830e-02  2.84105651e-02  2.44544935e-03  1.05928004e-01
  1.75235178e-02  6.82743490e-02  6.97011203e-02 -4.82339077e-02
 -7.38898590e-02 -5.07723354e-03 -5.36869131e-02 -2.20162682e-02
  7.34431744e-02 -3.90679836e-02 -2.10471954e-02 -1.20720575e-02
  3.28841098e-02 -2.72183865e-02 -3.73191163e-02  1.69138853e-02
 -5.52831702e-02 -1.12199420e-02 -2.96671912e-02 -1.09702870e-02
  4.81692441e-02 -7.98566416e-02  4.44686152e-02 -6.59108954e-03
 -2.40129344e-02 -2.82365922e-02  3.51582058e-02 -4.40845676e-02
  3.56699154e-02 -4.81479466e-02  4.85236570e-02  1.45145562e-02
  3.26717049e-02 -8.24454054e-02 -9.21944678e-02 -8.61410499e-02
  1.80374980e-02 -7.83076324e-03  9.55316611e-03  6.48930147e-02
 -9.69724506e-02 -3.66954170e-02 -2.99445074e-02 -2.62015983e-02
 -1.90120488e-02  3.02275531e-02 -9.33944657e-02 -7.83783123e-02
  3.38094105e-04 -1.25015518e-02 -4.48027253e-03  2.30499892e-03
 -7.99918100e-02  8.97463709e-02 -4.62022796e-02  4.85304967e-02
  7.05367653e-03 -8.15601572e-02  4.81208973e-02  2.05442999e-02
 -6.45876899e-02  5.93491942e-02  5.18318377e-02 -9.59687158e-02
  3.08435969e-02 -3.89907765e-03 -5.62188402e-02  4.14774194e-02
 -5.24980985e-02  5.95694780e-02  7.58465677e-02 -1.10267505e-01
  5.00986502e-02 -1.70116331e-02 -2.29524747e-02 -5.55673577e-02
  4.55338173e-02  6.84870407e-03  4.83288392e-02  4.24321145e-02
  5.63097298e-02  3.03261317e-02  3.24316584e-02  7.71961063e-02
 -9.41632502e-03  1.98853295e-02  1.13491043e-02  1.14240274e-02
 -1.55354869e-02  3.08298524e-02  9.91438404e-02 -1.71949761e-03
  5.98958805e-02  6.60992116e-02 -5.36734648e-02  6.72619790e-03
 -1.26337215e-01 -9.79361497e-03 -4.40973639e-02 -1.08007959e-03
  9.02192593e-02  1.15885930e-02 -8.60423893e-02 -1.41492125e-03
 -3.07734776e-02 -4.65704575e-02 -4.37346734e-02  1.31140556e-02
 -2.95390245e-02  2.32329797e-02  2.13830210e-02 -3.83139472e-03
 -6.87735574e-03 -5.21135181e-02 -5.86171560e-02 -9.11656208e-03
  3.28729339e-02 -3.89019400e-02 -2.90124957e-02  2.63275415e-33
  1.56255048e-02 -1.08715467e-01 -1.39347622e-02 -3.60647291e-02
 -8.19611736e-03  3.71450186e-02 -7.32500702e-02  3.93389128e-02
 -1.90085825e-02  3.13179828e-02 -8.64958391e-02 -6.05123118e-03
 -3.26905213e-02  4.35442775e-02  1.49719259e-02  2.74191145e-02
 -7.40889693e-03  5.80588169e-02 -5.50119132e-02 -5.10761738e-02
  4.02991334e-03 -1.91010684e-02 -4.04806063e-02  5.77702336e-02
  2.36201696e-02  8.15235525e-02 -7.26327598e-02 -2.25499840e-04
 -9.12858099e-02  3.68957818e-02  9.45887156e-03 -5.85362606e-04
 -3.80801316e-03  3.29614542e-02 -4.67778854e-02  1.25617124e-02
  2.72423066e-02  2.08988786e-02 -3.55889387e-02 -2.02541556e-02
 -2.30608638e-02  5.85276447e-02  2.64896583e-02 -3.98860965e-03
  1.52913285e-02 -2.35693846e-02  1.38676353e-02 -6.50226399e-02
  1.00851014e-01  6.54059947e-02 -5.51130921e-02 -5.91241382e-02
 -2.03127041e-02 -5.87957120e-03  9.79495868e-02  5.12425452e-02
 -1.41619250e-01  6.71404675e-02  1.91649236e-02 -4.47915941e-02
 -1.53583912e-02  3.83969471e-02 -9.45494696e-02  1.49953784e-02
 -5.09292409e-02 -7.30365962e-02  3.25274467e-02 -2.06779484e-02
  9.83978957e-02 -1.96353905e-02 -6.16805926e-02 -2.08455529e-02
 -8.43982864e-03  4.30607386e-02 -5.82412723e-03 -4.33476754e-02
  5.47547676e-02  5.63917607e-02 -3.34279798e-02  2.23260354e-02
 -6.15922734e-02 -1.77678801e-02 -5.53470775e-02 -7.15695620e-02
  1.04794323e-01  4.12570424e-02  3.70096713e-02 -1.47280945e-02
 -7.27056339e-02  8.73354301e-02  6.54192120e-02  3.43256369e-02
  9.24494304e-03  3.24129164e-02  7.16263009e-03 -5.22608185e-33
  3.04442756e-02 -2.10376345e-02 -8.04699287e-02  4.84364778e-02
  1.88485309e-02 -9.99123557e-04 -2.67701019e-02 -2.54046116e-02
  2.53419275e-03 -5.03569730e-02 -2.89912149e-02 -4.75695804e-02
  9.11668092e-02  5.31509742e-02 -3.69286612e-02 -3.61184706e-03
  1.46523667e-02 -4.78730857e-04 -7.39532858e-02  9.20879003e-03
  3.39841582e-02  9.57979932e-02  6.82526305e-02  1.54832276e-02
  8.00882652e-03 -2.86691282e-02  1.96370799e-02 -2.11753659e-02
 -5.50255068e-02 -3.31235398e-03 -5.32277161e-04 -2.66333134e-03
 -7.39287063e-02  8.31296295e-02 -4.17100415e-02 -4.44192030e-02
  1.14681147e-01 -2.16850657e-02 -1.20590487e-03  8.44308659e-02
  2.20600571e-02  1.23436809e-01 -8.87493603e-03  2.70243939e-02
 -2.37145871e-02  3.53142023e-02 -2.57555768e-02 -1.31860048e-01
  1.30663812e-02 -8.31010938e-02  1.00242928e-01  2.32644454e-02
 -2.77128047e-03  6.75356481e-03  1.07165173e-01 -7.20247328e-02
 -1.12571614e-02 -6.55411333e-02 -1.83673277e-01 -2.37455242e-04
  1.16636500e-01  7.05509558e-02 -4.76400368e-02  2.21798255e-04
  9.82847139e-02  3.26816039e-03 -2.05891691e-02  9.78683494e-03
  4.14626524e-02  1.31829111e-02  8.20559710e-02 -1.01392262e-01
 -1.38866603e-01 -2.16250755e-02  3.88890225e-03 -5.24189956e-02
 -6.96493611e-02 -4.25923849e-03 -1.30728921e-02 -5.10460977e-03
 -2.92948764e-02 -3.35816666e-02 -1.45720236e-03 -6.04932308e-02
 -8.90420470e-03  1.75347179e-02 -2.05817837e-02 -4.24534567e-02
  3.16325165e-02  9.83813331e-02 -9.86616593e-03  1.84620358e-02
  8.86860862e-02  1.18913380e-02 -1.27800293e-02 -6.07160970e-08
  3.07250414e-02 -9.60874334e-02  6.15736656e-03  1.59341935e-02
  3.84773081e-03 -2.31976975e-02 -4.60962392e-02 -2.36983411e-02
 -5.02621643e-02  3.44220139e-02  9.92747545e-02 -3.86804156e-02
 -3.85305956e-02  3.34164016e-02  6.18854724e-02 -6.49252236e-02
  3.06145381e-02  7.57891089e-02 -3.46056148e-02 -6.63664639e-02
 -4.42096312e-03  4.65446785e-02 -5.36870211e-02 -3.56949642e-02
  7.91186169e-02  3.30803506e-02 -4.09029052e-03  7.88726378e-03
  5.72726422e-04  3.54122296e-02 -1.64721608e-02  6.01748412e-04
  4.33271341e-02 -8.68627578e-02 -4.09177095e-02 -1.86333933e-03
  9.99961421e-03  3.36769931e-02 -5.52366301e-02  8.84891581e-03
  9.52223316e-02  3.08163688e-02  3.57941687e-02  7.28752231e-03
  3.70808095e-02  2.20166333e-02 -2.05078777e-02 -1.16613321e-03
 -1.69479847e-03 -2.70397179e-02 -2.80009247e-02 -4.01861407e-02
  4.33407016e-02  2.74585169e-02 -2.79980414e-02 -2.58627664e-02
  2.79952586e-02  4.19615954e-02 -2.42973156e-02 -6.74176738e-02
  1.47490323e-01  1.02914371e-01  2.71829795e-02 -1.80054419e-02]