[ 8.44583195e-03  2.00159587e-02 -4.84909602e-02 -2.61786729e-02
 -1.12213334e-02  2.59854421e-02  4.19427715e-02  1.31569967e-01
 -5.36510237e-02  9.65515375e-02  6.45157099e-02 -4.05594856e-02
 -6.95290864e-02  1.20212585e-02  2.21446194e-02 -5.59057444e-02
  2.60863230e-02  2.02700123e-02 -2.62663737e-02  7.95326456e-02
  1.30402327e-01 -6.92978725e-02 -6.39323816e-02  2.69723479e-02
 -3.38278785e-02 -1.27046509e-02 -3.62084359e-02 -1.93582680e-02
 -2.19576955e-02 -4.08955589e-02 -2.76147109e-02  1.40144542e-01
  3.74227539e-02  4.57323762e-03  6.75170645e-02 -2.42003463e-02
  1.28960218e-02  6.12113848e-02 -2.40872428e-02  4.79399823e-02
 -6.11265823e-02 -1.98574155e-03 -5.77519797e-02 -5.13200387e-02
 -4.99710627e-03 -6.35708049e-02  5.99198006e-02  3.86441499e-02
 -9.12842620e-03  1.29662836e-02 -5.80773726e-02 -2.34926329e-03
 -2.49568708e-02  2.76081134e-02  1.84284169e-02 -8.88298303e-02
  6.55883597e-03 -2.42401492e-02 -3.34769227e-02 -3.03402636e-02
 -1.53500298e-02  1.57838746e-03 -3.51502262e-02 -6.19312972e-02
  6.50591627e-02 -1.43312402e-02 -4.22124751e-02  5.17988997e-03
 -3.48329619e-02  1.86225735e-02  6.82800487e-02 -9.18363631e-02
 -8.92850757e-03 -4.02907692e-02 -1.60853285e-02  5.04176021e-02
  1.38343293e-02  1.05407879e-01  1.87358055e-02 -1.64144233e-01
  3.77896167e-02  4.18227762e-02 -2.09732354e-02 -3.75003107e-02
 -2.13907361e-02 -4.70698178e-02 -8.51670094e-03 -2.61904355e-02
  1.14163436e-01  8.78533721e-03  4.47245762e-02  1.23849452e-01
 -4.48862389e-02 -9.96319875e-02 -1.46201914e-02 -1.24526042e-02
  3.35241249e-03 -3.48539837e-02  5.57517335e-02  8.83350521e-03
  8.92384797e-02  5.04405051e-03  4.52584960e-03  1.11679835e-02
 -1.67938191e-02 -1.79306995e-02  1.05948597e-02 -1.08709773e-02
  4.33622077e-02  6.30909130e-02 -8.22248235e-02 -2.46931054e-03
 -5.27060889e-02 -8.64225924e-02 -4.98893000e-02  1.70000400e-02
 -5.57830967e-02 -5.06830700e-02  9.61653441e-02 -4.66352366e-02
  5.15881926e-02 -1.55392289e-03  3.87209691e-02 -5.24946451e-02
  3.99988145e-02 -4.82934192e-02 -4.59022634e-03  1.10593058e-32
 -4.66568694e-02 -4.99783875e-03 -3.72457467e-02  2.27508210e-02
 -5.75459413e-02 -2.22235612e-04 -2.30044946e-02  4.07157093e-02
  4.45101038e-02  3.12250741e-02 -3.47582959e-02  6.45932704e-02
 -4.59747538e-02  5.98728098e-02  1.11171976e-01 -7.44548365e-02
  2.32700314e-02  2.75721941e-02  1.50345899e-02  3.25965695e-02
  1.08900294e-02  1.61502007e-02  2.71013193e-02 -6.50696307e-02
  4.27081883e-02  2.74737598e-03 -4.41699587e-02 -2.15082541e-02
 -5.20285480e-02  5.29816486e-02  1.21486686e-01  1.25767011e-02
  4.73181494e-02 -7.80180236e-03 -7.15135038e-02 -1.45968143e-02
 -4.60836031e-02  2.21428275e-02 -3.37171257e-02 -2.74022054e-02
 -6.00199774e-02  1.52051135e-03  8.98761526e-02  2.73794904e-02
  3.81403938e-02 -2.13889442e-02  8.21364820e-02  5.61066670e-03
  6.43263683e-02  4.82652783e-02  1.26506062e-02 -4.34636883e-02
 -3.22253592e-02 -3.97467948e-02 -1.62173826e-02 -7.84940552e-03
 -6.37327731e-02  9.37555451e-03 -1.94671452e-02 -8.19226503e-02
 -2.68575680e-02 -9.22855437e-02 -8.74155909e-02 -2.56698374e-02
 -7.98338130e-02 -4.78037819e-02 -7.06654973e-03  6.29712418e-02
  1.49685115e-01  3.39197554e-02 -8.99428353e-02 -3.18084955e-02
  5.40676853e-03  5.05059026e-02  2.04054639e-02  2.50533875e-02
  6.85770735e-02  2.90381182e-02 -8.71655196e-02  1.35082975e-02
 -6.12255186e-02 -1.70758441e-02 -3.52895483e-02 -3.21309566e-02
  7.03386813e-02  4.93127592e-02  1.01727657e-01  1.67180337e-02
  5.36580160e-02  7.52197858e-03  4.74700332e-02  4.47652489e-02
 -6.69669509e-02  4.11030054e-02  5.05298823e-02 -1.32983882e-32
 -2.15831287e-02  2.16803439e-02 -4.48952094e-02 -1.26676997e-02
 -2.89636999e-02  3.42067666e-02 -1.97981019e-02 -9.11410674e-02
 -2.86416411e-02 -1.39513999e-01 -1.01269521e-01 -6.08063079e-02
  5.22017367e-02 -5.04550943e-03 -1.45618334e-01 -6.90189842e-03
 -5.01758382e-02 -3.21519971e-02  8.50844570e-03 -1.15689971e-02
  1.75031973e-03  7.41951317e-02  6.36717007e-02  3.17112799e-03
  6.62468665e-04 -6.40006214e-02 -8.92115608e-02  5.04664099e-03
 -5.72043434e-02  2.57173721e-02  5.96399158e-02  2.95663085e-02
 -2.38476694e-02  5.56251667e-02 -4.89081144e-02 -5.22938594e-02
  4.23648097e-02 -3.07148267e-02 -4.30410989e-02  1.23109706e-01
  5.84626049e-02  4.99107577e-02  2.37687472e-02 -3.99173498e-02
 -4.89798784e-02 -4.05766591e-02 -3.32695134e-02 -1.04126140e-01
  5.31455278e-02 -7.41611794e-02  1.23566195e-01 -5.15803695e-03
 -8.07266403e-03  3.85957770e-02  2.73280218e-02 -2.07246300e-02
  3.92998159e-02 -3.81531343e-02 -1.22360503e-02  5.77735752e-02
  3.92876416e-02  5.12895994e-02 -1.62716843e-02 -6.55372739e-02
  6.48365691e-02 -4.56799679e-02 -2.67690117e-03 -1.45720085e-02
  2.62924954e-02  3.61112086e-03  6.35354742e-02 -4.12616432e-02
 -7.83911347e-02 -2.93326247e-02 -6.69752015e-03  4.48484123e-02
  2.53977813e-02 -1.72567125e-02  1.12110218e-02  2.63564140e-02
 -4.02439646e-02 -2.61669829e-02  2.39340086e-02 -4.71371748e-02
 -1.11364447e-01 -2.31058486e-02  3.02468101e-03 -3.56127578e-03
  1.34360790e-02  4.94668670e-02 -7.69458786e-02  2.01288182e-02
  5.57971038e-02 -1.45564030e-03 -2.55345888e-02 -6.13266380e-08
 -2.10604258e-03 -3.29447165e-02  4.76144999e-02  2.83685885e-02
  1.39846290e-02 -9.40473676e-02 -2.50771642e-02  3.03403921e-02
 -3.36987083e-03 -2.24039285e-03  4.93162386e-02 -1.46088563e-02
 -7.64206201e-02 -4.71888259e-02  1.00327376e-02 -6.95044771e-02
  4.07076292e-02  7.98912495e-02 -7.13142753e-02 -3.41870748e-02
  3.79193090e-02 -5.67395799e-03 -1.46457732e-01 -5.41382395e-02
  2.22743358e-02 -1.78442970e-02  2.27465704e-02 -3.39960144e-03
  2.15199161e-02  4.78488095e-02 -1.64392795e-02  1.69694126e-02
  5.83181754e-02 -7.63330162e-02 -6.17465600e-02 -1.12765888e-03
  1.80122424e-02 -3.59634007e-03 -4.42562476e-02  2.88155023e-02
  9.89697129e-02 -4.57407758e-02 -6.36904612e-02 -5.56191728e-02
 -1.15396967e-02 -4.67409156e-02 -3.57223041e-02  1.18919220e-02
 -8.72572884e-03 -6.75379634e-02  5.25510591e-03  1.79827642e-02
  6.23785108e-02  4.66175936e-02 -5.15094846e-02 -3.11628841e-02
  1.61055438e-02  4.95406501e-02 -5.98133877e-02 -4.46326211e-02
  7.40760490e-02  6.01555407e-02  4.96417284e-02 -2.55464781e-02]