[ 6.74901344e-03  2.88440865e-02 -6.77728206e-02  5.33471408e-04
 -7.89518952e-02  1.39557095e-02 -4.66880687e-02  7.63793141e-02
 -1.46418344e-02  4.96424027e-02  5.45645729e-02 -3.56843472e-02
 -1.36752250e-02 -1.56909730e-02 -4.90757078e-02 -2.44930331e-02
  1.54970828e-02 -4.16483432e-02  3.84153463e-02 -2.34862641e-02
  5.96316941e-02  2.24587917e-02 -5.43942414e-02 -2.01027244e-02
  8.90598819e-03  2.19571590e-02 -1.13798775e-01  2.53481008e-02
 -7.82110766e-02 -6.47163540e-02 -2.60398369e-02  6.24860674e-02
  6.06672466e-02 -3.31759900e-02 -7.42429215e-03 -3.14941183e-02
  4.01345678e-02 -3.00696902e-02  5.60422055e-02  1.07777849e-01
 -5.76508604e-02 -3.07710003e-02 -2.43796478e-03 -1.06956936e-01
 -3.02594574e-03 -3.96178700e-02 -1.11346934e-02  5.57875708e-02
  1.81255117e-02 -4.05177288e-03 -7.95834046e-03  7.22630918e-02
 -8.17809161e-03  5.10563934e-03  1.43705225e-02 -7.78329819e-02
 -6.48742840e-02 -7.84043223e-02  4.70849080e-03 -2.85823122e-02
 -3.22205573e-02  6.23507053e-02 -6.54653609e-02  3.62442285e-02
  3.31281312e-02 -1.05328768e-01 -3.22550312e-02 -2.51045860e-02
 -6.04569055e-02  2.93866359e-02  5.21369241e-02 -3.44295874e-02
  9.69919562e-03 -6.99069947e-02 -5.38565814e-02  2.50710174e-02
  6.18286356e-02 -1.49036208e-02  5.51635027e-03 -1.60926268e-01
  5.95385805e-02  1.49356453e-02 -3.59909721e-02 -2.88036279e-02
 -3.33243934e-03  3.72811258e-02  1.03919208e-01  3.72678228e-02
  7.38663301e-02  4.12686989e-02  1.13016432e-02  5.41453622e-02
 -1.12182140e-01  8.06350354e-03  8.38536210e-03  1.68818273e-02
 -3.09933759e-02  2.37097070e-02 -3.64017263e-02  2.78849918e-02
  1.12112366e-01 -1.37890447e-02 -5.29264361e-02 -6.86122775e-02
 -4.01601233e-02  5.55910729e-02  2.90071033e-02  5.37245497e-02
  6.88265339e-02  3.44028771e-02 -7.04998225e-02  3.86251099e-02
 -7.73790255e-02 -5.13456538e-02 -4.17258181e-02  1.35117304e-02
 -2.08335668e-02  3.26479748e-02  9.08657536e-03  4.94119450e-02
  5.88715002e-02  3.58693562e-02  7.48679861e-02  3.80719826e-02
  3.13030928e-02 -1.30503802e-02  2.50633433e-02  5.77014104e-33
 -2.58891303e-02 -7.65948370e-03  7.13176355e-02 -8.92199427e-02
 -7.77334953e-03  1.93724353e-02 -7.66094700e-02  3.03201936e-02
  6.29360080e-02 -5.08664809e-02 -8.00172463e-02 -1.59476530e-02
  1.50963361e-03  7.75738677e-04  7.58592039e-02 -3.84740196e-02
  5.24291582e-02  3.70695591e-02 -3.00745014e-02 -1.99243221e-02
 -1.73241720e-02 -4.82093692e-02 -4.38438468e-02  4.59256694e-02
  2.59979982e-02  8.89356881e-02  2.69979239e-02 -1.38696264e-02
 -1.07481793e-01  7.17454329e-02  1.88563969e-02  9.99966264e-03
  3.39423716e-02 -8.15252680e-03 -4.29990031e-02 -4.44168597e-02
  2.71769017e-02  1.17396098e-02 -2.08595265e-02  3.26329619e-02
 -3.08845825e-02  2.81911939e-02  3.28436829e-02  6.62005544e-02
 -3.56434323e-02 -4.82533723e-02  4.62412052e-02  1.31047424e-03
  8.69586840e-02  5.44343144e-02 -1.31941378e-01 -3.29232588e-02
  1.53283048e-02 -1.51474485e-02  1.40921613e-02  1.47268726e-02
 -1.02873087e-01  3.31604630e-02  2.12184116e-02 -3.51997949e-02
 -6.22351617e-02  3.93138602e-02 -5.99991456e-02 -3.08561269e-02
 -1.60140768e-02  1.30450493e-02  2.27090083e-02  3.00470386e-02
  7.47052506e-02  2.79202349e-02 -5.85855171e-02 -1.39519013e-03
 -1.49669712e-02  3.55879264e-03  1.87538490e-02  1.64555740e-02
  1.00076064e-01  1.99794769e-03  6.30041808e-02  5.05040474e-02
 -1.15537405e-01 -5.67265181e-03 -4.52504270e-02 -9.02430043e-02
  6.42015785e-02  5.74652068e-02  6.89262897e-02  1.91434547e-02
  2.72670649e-02  2.74867173e-02 -2.98105143e-02  4.04706262e-02
  1.02061899e-02 -2.83326171e-02  2.74675228e-02 -7.90938647e-33
 -5.53132743e-02  1.36709720e-01 -3.57169695e-02  6.38323054e-02
  6.14030696e-02  2.28002928e-02  2.17916220e-02  5.50098605e-02
 -5.40008361e-04 -4.23515290e-02 -8.61442536e-02 -7.77117303e-03
  2.38980576e-02 -8.50784313e-03 -2.69975569e-02  1.51183819e-02
  1.80867850e-03  5.49116638e-03 -5.50582372e-02  1.06980531e-02
 -4.63991351e-02  4.67755087e-02  1.10162146e-01  8.29298571e-02
 -6.83476310e-03  1.87999774e-02 -1.82898473e-02 -4.92278002e-02
 -6.22417852e-02  1.49128800e-02  1.25249445e-01 -2.05388647e-02
 -4.45657969e-02  1.35260954e-01 -3.81263681e-02  8.41303170e-03
  3.23778428e-02  1.43246045e-02 -1.22336100e-03  1.39765769e-01
  7.41913170e-02  4.50284965e-02  4.37589884e-02 -5.70212416e-02
 -4.62953635e-02 -3.40315187e-03  2.73576248e-02 -7.42746368e-02
 -3.22679169e-02 -8.36678520e-02  5.03290817e-02  6.55800030e-02
 -1.20772608e-01  6.58467188e-02  1.48242647e-02 -8.06996077e-02
  6.24533044e-04 -4.89867702e-02 -1.38672099e-01  2.47430376e-04
  3.90415341e-02  8.77024382e-02 -4.71111983e-02  2.80011818e-02
  5.67101315e-02 -5.01959734e-02  1.55374547e-02 -4.37556393e-02
 -3.42978444e-03  3.46181099e-03 -2.61377115e-02 -8.24468061e-02
 -4.73340154e-02 -5.04141711e-02  3.98283377e-02 -1.32642882e-02
 -5.47700711e-02  2.15236191e-02  1.66900773e-02  2.47651897e-03
 -4.88031283e-02 -5.38026839e-02  1.11364396e-02 -4.83030528e-02
 -1.07170418e-01  2.06451509e-02 -2.31330860e-02 -9.40922834e-03
 -7.60235498e-03  1.20812051e-01 -4.10176665e-02  7.61480257e-02
  1.74868461e-02 -7.48607665e-02  7.60570494e-03 -5.47767129e-08
  5.73216230e-02 -2.93489862e-02  8.57879519e-02  6.35454282e-02
  2.44245697e-02  1.63145142e-03 -4.20406833e-03 -2.78767385e-02
  1.42641654e-02  3.59181687e-02  3.78124155e-02 -1.92608200e-02
 -3.41774374e-02 -7.94085767e-03 -6.62863851e-02 -8.34044889e-02
  2.45696492e-02  7.22277164e-02 -1.05162635e-02 -8.92016888e-02
  2.08598860e-02  3.54051404e-02 -6.66991323e-02 -9.81653705e-02
  9.39583778e-03  3.69532965e-02 -3.67751345e-02 -2.21953541e-03
 -4.49136719e-02  3.19959298e-02  4.58918065e-02 -1.81673933e-02
 -1.45436265e-02 -9.08992141e-02 -2.24011280e-02 -1.78299341e-02
 -1.71992872e-02  5.37415370e-02 -1.84491239e-02  6.34109899e-02
  2.10380200e-02  1.49672814e-02 -9.06024419e-04  3.45022492e-02
  2.56701279e-02 -2.51230858e-02 -4.09715846e-02  3.06094140e-02
 -1.12407599e-02 -1.21139973e-01 -1.61194503e-02 -2.16326416e-02
  1.19122081e-02  1.46057503e-02  7.34546594e-03 -3.70510258e-02
  5.00195473e-03 -1.90981776e-02 -6.30251989e-02 -7.00773671e-02
  9.87344086e-02 -7.44819492e-02 -8.80896449e-02 -1.10142259e-02]