[ 5.27319685e-02  4.42314101e-03 -7.26805208e-03 -4.56185220e-03
 -5.62996380e-02 -1.87786052e-03  2.92414576e-02  9.11599398e-02
  2.70243902e-02  3.71952280e-02  6.64217025e-02 -9.57029834e-02
 -2.65429281e-02  2.40289122e-02 -3.16064209e-02 -4.98458967e-02
  7.80726001e-02  8.90803803e-03 -5.95790185e-02  3.80725339e-02
  2.08370745e-01 -5.97999478e-03 -5.09421155e-02  8.72502401e-02
 -5.76589964e-02  8.36780109e-03 -4.08420451e-02 -5.65236285e-02
 -4.64803092e-02 -3.96337807e-02 -6.59790486e-02  6.51408136e-02
  1.13192193e-01 -6.83136433e-02 -7.24791065e-02 -5.78427017e-02
  5.71963675e-02 -7.82892257e-02 -2.02618144e-03  8.45102966e-02
 -9.93212759e-02 -2.91520227e-02 -2.02666335e-02 -1.35293824e-03
  3.80029455e-02  1.90958846e-03 -4.30525839e-03  7.58870840e-02
  1.49559614e-03  6.71059862e-02 -7.13299960e-02  3.47848274e-02
 -9.25961807e-02  6.19827546e-02  2.51854863e-03 -8.07832405e-02
 -4.76218089e-02 -5.33481650e-02 -5.19452654e-02  4.14447524e-02
 -6.56244531e-02  2.66489331e-02 -1.53474780e-02  4.71057631e-02
  5.41736968e-02  5.47663495e-03 -3.91663350e-02 -2.54304539e-02
 -9.43524167e-02 -3.04286648e-03  3.20628285e-02 -1.17479917e-02
  5.93492649e-02 -2.16746563e-03 -2.92937364e-02  9.93782803e-02
  2.94872792e-03  5.00147343e-02  3.53384316e-02 -1.20543495e-01
  3.33372392e-02  3.54934298e-02  1.78140886e-02 -1.68356374e-02
 -6.78373408e-03 -6.00136928e-02  5.96076064e-02  2.56680250e-02
  2.65334863e-02 -5.22050308e-03  5.65074421e-02  2.53802016e-02
 -7.02218637e-02 -2.71156188e-02  3.57357189e-02  4.81582694e-02
 -7.65106082e-02 -2.85225604e-02  4.72388081e-02 -4.59122211e-02
  2.66574901e-02  3.00767235e-02  2.21528877e-02 -4.17611450e-02
 -9.29597020e-02 -1.71997380e-02 -1.54898372e-02 -7.53735146e-03
  6.46976829e-02  1.51230514e-01 -7.18907490e-02 -2.80730408e-02
 -1.06780916e-01 -1.68843344e-02 -6.15982749e-02 -3.18991169e-02
  1.89044438e-02 -9.78258103e-02  4.19610292e-02 -5.67802712e-02
  5.53683983e-03 -4.22397144e-02  7.17983022e-02 -4.96793389e-02
  5.34679219e-02 -5.90277836e-02  3.53289805e-02  8.28138562e-33
 -6.64144605e-02 -1.76595971e-02  1.20249493e-02  6.51719049e-02
 -4.54644114e-03  8.45598895e-03 -4.39787991e-02  3.08978204e-02
  6.59128278e-02  2.91327033e-02 -9.00927633e-02  1.16742805e-01
 -2.64754314e-02  2.18566619e-02  7.08797947e-02  3.07133775e-02
  3.43557075e-02  6.23500682e-02 -1.96323935e-02 -5.07457852e-02
 -1.63231660e-02  8.29382762e-02  5.45501597e-02 -4.10241410e-02
  1.22852186e-02  5.65287545e-02 -7.96772987e-02 -5.23677990e-02
 -1.04170427e-01  1.94624458e-02  1.13969609e-01 -5.05104661e-02
  2.73867324e-02 -7.67518654e-02 -8.06583539e-02 -6.40679598e-02
  3.81885730e-02 -4.03192855e-04  5.70729421e-03  2.39867978e-02
 -1.92367602e-02 -5.34731010e-03  7.32724071e-02  3.14804949e-02
 -2.12998092e-02 -3.50075215e-02  2.52982993e-02 -1.13302628e-02
  9.13223848e-02  7.08634332e-02 -4.06974666e-02 -4.34934758e-02
 -3.27126682e-02 -5.02585620e-02  1.93664187e-03  2.80529205e-02
 -8.66976157e-02  5.38913794e-02 -5.38130850e-02 -5.44833131e-02
 -3.68217938e-03 -1.92957651e-02  4.75989245e-02 -2.94378176e-02
 -4.37532999e-02 -4.08393107e-02  1.47522485e-04  3.74566019e-02
  1.08080640e-01  5.39689548e-02 -5.94303571e-02 -2.85704900e-02
  2.23026541e-03  2.98799407e-02 -1.02268271e-02 -3.22394185e-02
  1.09259412e-01 -2.39487854e-03 -2.99931839e-02  3.40800993e-02
 -1.99354030e-02 -1.31454486e-02 -3.92634533e-02  3.94805660e-03
  2.54443660e-02  9.30663571e-02  4.60240245e-02  7.84424320e-02
 -2.71100365e-02  3.96865122e-02  1.46376668e-02  8.31377208e-02
 -3.05093043e-02 -6.41369354e-03  3.95716056e-02 -1.15173688e-32
 -5.94794191e-02  4.10973132e-02 -3.11077433e-03  1.76591855e-02
 -2.21588723e-02 -2.12759096e-02  2.61357543e-03 -3.80191696e-03
  1.52500439e-02 -6.15147315e-02 -7.79706538e-02 -4.03442979e-02
  1.85131729e-02 -3.58326063e-02 -1.00170232e-01  6.17274232e-02
 -7.65626878e-02 -2.41334848e-02 -6.77212328e-02  2.86154859e-02
 -5.78582436e-02  1.05966426e-01  1.91836599e-02 -1.61961392e-02
  1.05891563e-02 -3.79003049e-03 -2.34397445e-02 -3.07486579e-02
 -1.17976181e-02 -3.52374874e-02  3.73001508e-02 -3.14671919e-02
 -3.37750837e-03  2.64101047e-02 -5.89659177e-02 -7.46368915e-02
  4.83740307e-02 -5.55037931e-02 -4.13693413e-02  1.19775228e-01
  6.17225803e-02  4.52937931e-02 -1.10211633e-02 -8.41321647e-02
 -5.76239713e-02 -6.93912283e-02  1.67945754e-02 -1.26998648e-01
  6.12251349e-02 -3.52019817e-02  1.14969730e-01 -5.78441769e-02
 -6.94708005e-02  2.43055820e-02  1.93157159e-02 -8.11990909e-03
 -7.57730752e-02 -4.99598086e-02 -9.77535024e-02 -1.98365236e-03
  4.92124818e-02  2.06313394e-02 -7.06465840e-02 -5.89433052e-02
  5.83487861e-02  1.15021896e-02 -3.15480866e-02 -3.66229229e-02
 -1.90426670e-02  3.11100595e-02  9.39942244e-03 -4.86820452e-02
 -3.26762907e-02 -2.72158459e-02  3.77954841e-02  8.64459574e-03
 -2.62879394e-02 -5.29521294e-02 -2.48055700e-02  7.56159797e-03
 -3.83852497e-02 -3.60744782e-02 -2.11362261e-02 -7.52121732e-02
 -5.87824546e-02 -1.17585724e-02 -5.80254709e-03  2.87985243e-02
 -3.80285457e-02  5.73212802e-02 -8.10050666e-02  2.54217423e-02
  1.71010345e-02  6.05263980e-03 -5.76963536e-02 -6.15438225e-08
  1.63723808e-02 -3.22905667e-02  4.29340638e-02  4.99591082e-02
 -9.36266594e-03  3.56039801e-03 -3.94341722e-02  5.29754814e-03
 -2.20541451e-02  5.18064946e-04  1.73238274e-02  1.58226974e-02
 -1.02001183e-01  1.09883202e-02  1.32998014e-02 -7.52898529e-02
 -1.16056940e-02  3.02836280e-02 -2.23081242e-02 -6.58147708e-02
  2.21856944e-02  1.39404582e-02 -7.68790394e-02 -4.17278521e-02
  4.79604453e-02  1.16856974e-02 -1.86354630e-02  4.53355424e-02
 -6.61161309e-03  4.68613654e-02  3.77743095e-02 -4.34797630e-02
 -9.00291197e-04 -2.27891169e-02 -1.60790104e-02 -4.21524979e-02
 -7.95263331e-03  2.05504335e-02 -5.61759584e-02  3.01975608e-02
  8.19765851e-02 -7.95690864e-02 -2.61368137e-02  2.17056554e-02
  3.61518562e-02  9.61723085e-03 -3.81798446e-02  8.11565593e-02
 -1.13516971e-02 -2.38951780e-02 -2.25533303e-02 -4.32045385e-02
 -1.36808893e-02  4.12561893e-02 -2.15096325e-02 -2.92582791e-02
  6.58030882e-02  2.66662501e-02  1.34579856e-02  1.99259724e-02
  9.26381052e-02  6.86923116e-02 -4.08972800e-02 -4.62027565e-02]