[-1.82945859e-02  6.95752096e-04 -3.93010937e-02 -4.49603125e-02
 -1.15155406e-01 -3.79536301e-02 -4.94640246e-02  6.38322756e-02
  2.26703864e-02  8.41596201e-02  1.23210875e-02 -5.35824187e-02
  8.83242639e-04  2.43512914e-02  2.26254854e-02  1.63946096e-02
  8.58196095e-02 -9.19950940e-03  2.01405268e-02  5.64457960e-02
  1.19058587e-01 -2.57703383e-02 -1.13282561e-01  2.76175756e-02
 -7.44250566e-02  4.17400189e-02 -3.83023806e-02  5.87757444e-03
 -2.54969299e-02 -3.61085497e-02 -4.25769985e-02  1.33682162e-01
  1.18462309e-01 -4.50558439e-02  1.17438147e-02  1.59963667e-02
  1.63950194e-02 -4.33138534e-02  2.84667555e-02  9.26360041e-02
 -8.95210207e-02 -3.84231620e-02 -3.52525152e-02 -1.12535674e-02
 -4.09214310e-02 -1.33464038e-02  3.48065495e-02  7.97380954e-02
  2.46701557e-02 -5.29649295e-02 -2.35984456e-02 -2.26145741e-02
 -1.02498375e-01  1.00371987e-01 -1.23539418e-02 -6.68975711e-02
 -2.55613844e-03 -8.47708061e-03  2.85366885e-02 -7.63616199e-03
 -1.96962059e-02  6.68519363e-02 -1.46611612e-02  8.41796026e-03
  6.39799833e-02 -7.31857785e-04 -2.96372995e-02 -1.18479636e-02
 -4.40219603e-02  9.82077643e-02  6.21312819e-02 -1.14967963e-02
  4.10119295e-02  1.45797841e-02 -3.70679684e-02  7.78241232e-02
  1.21664451e-02  2.67061330e-02 -3.26561220e-02 -1.50912419e-01
  4.88920137e-04  1.04259744e-01  4.62047802e-03 -6.99494109e-02
  1.98777188e-02 -4.05065082e-02  6.06062487e-02  7.55494740e-03
 -7.15877686e-04 -1.55921420e-02  3.16198505e-02  3.99905592e-02
 -4.72897403e-02 -8.39622393e-02  9.15154163e-03  3.41639947e-03
 -1.54025201e-02 -3.53274420e-02  1.13665566e-01 -1.21155949e-02
  9.38889682e-02  6.83902055e-02 -3.08633298e-02 -3.86721157e-02
 -3.50946970e-02 -1.62543263e-02 -7.63220526e-03 -3.23711112e-02
  4.75938469e-02  1.41256347e-01 -1.00251906e-01 -5.35600372e-02
 -6.01374470e-02 -6.35262281e-02 -4.00402285e-02  2.09241570e-03
  5.42425998e-02 -1.94683708e-02  2.40454786e-02 -7.67598376e-02
  8.49771872e-03 -1.35821356e-02  1.09147392e-01 -4.72249510e-03
  7.73601830e-02 -5.01539148e-02  1.30036855e-02  1.00752561e-32
 -1.77787524e-02 -9.37347412e-02 -5.87328663e-03  8.05391278e-03
  1.20653445e-02  9.45778657e-03 -1.42884543e-02  3.79251279e-02
  4.86544296e-02  9.41875353e-02 -4.97340225e-02  7.61793107e-02
  2.52287239e-02 -3.44595220e-03  1.15537859e-01 -5.22692129e-03
  3.23226042e-02 -4.66463640e-02 -6.06431887e-02  6.86553121e-03
 -5.15529402e-02 -3.48123233e-03  1.39673483e-02  3.71887311e-02
 -1.00642852e-02  4.79192734e-02 -4.86780256e-02 -2.28591170e-02
 -6.99095130e-02  2.20461227e-02  6.90032244e-02 -2.45709382e-02
  1.43665047e-02 -2.20999513e-02 -6.59503713e-02 -7.11294934e-02
  8.07631121e-04 -1.82725322e-02 -6.83593452e-02 -3.15585826e-03
 -2.89473571e-02 -1.51425432e-02  2.85482705e-02  6.17392315e-03
  4.02400494e-02 -8.49432722e-02  7.22384639e-03 -9.12198517e-03
  5.61254807e-02  1.90399792e-02  4.30296687e-03 -5.20254858e-03
  1.25389863e-02 -8.85015205e-02 -4.24995832e-02  3.73971500e-02
 -9.69538093e-02  7.24125654e-02 -2.34394763e-02 -8.12971741e-02
 -1.98757760e-02  2.31299214e-02 -2.48252098e-02  4.87343892e-02
 -1.13888390e-01 -1.39556592e-04 -7.13617951e-02  3.09710857e-03
  6.73453286e-02  6.09651655e-02 -8.91201720e-02 -3.51205142e-03
 -5.38619906e-02  4.31383662e-02  2.88253203e-02 -2.14850176e-02
  7.40146860e-02 -3.15920822e-02 -3.96238454e-02 -2.71894992e-03
 -1.52117312e-02 -6.44492125e-03  5.28112836e-02 -4.60494757e-02
 -4.92224842e-03  2.41881218e-02  6.37080446e-02  7.09524378e-02
  9.68342181e-03  7.45757371e-02 -1.59075968e-02  6.02475554e-02
 -2.28362121e-02 -6.04611747e-02  1.14893168e-01 -1.06655100e-32
  5.23304790e-02  1.31410901e-02 -9.07095596e-02 -3.83017026e-02
 -6.31826511e-03 -2.02884618e-02 -3.60390954e-02 -7.98651874e-02
 -4.60617952e-02 -1.10383570e-01 -4.19794582e-02 -6.58557788e-02
  7.02666938e-02 -4.27022651e-02 -5.56466393e-02  1.53626809e-02
 -5.78318909e-02 -5.14819510e-02 -5.02124280e-02 -3.33813317e-02
 -4.99488004e-02  7.25495517e-02  4.61067595e-02 -1.25196010e-01
 -4.64240176e-04 -3.38255540e-02 -1.25791477e-02  5.85380197e-02
 -5.41530810e-02  4.34266143e-02  4.10956740e-02  4.11925688e-02
  2.34147981e-02  7.49710873e-02 -2.31586024e-02  8.88636801e-04
  2.45167371e-02 -4.32314910e-02 -1.88368940e-05  1.87272877e-02
  8.36185738e-03  1.03058808e-01  2.55596023e-02 -5.00534996e-02
 -6.84587955e-02 -7.31925946e-03 -3.06174764e-03 -8.70805606e-02
  3.89198214e-02 -6.97389022e-02  8.00355896e-02 -5.88439107e-02
 -1.33275278e-02 -4.65936586e-02  5.39071746e-02  4.05949689e-02
 -6.38289750e-02 -4.62819859e-02  1.25516793e-02  3.83494943e-02
  3.65828201e-02  5.20944782e-03 -1.06521472e-02 -7.59620294e-02
  1.30749628e-01  2.12349463e-02 -1.67775210e-02  7.47641996e-02
  1.25449570e-02  1.91786513e-02  5.55555858e-02 -7.77151063e-03
 -7.00139180e-02  2.65818508e-03  1.36375669e-02  2.89021619e-03
 -3.42352055e-02  4.58379760e-02 -7.24555403e-02  1.91412941e-02
 -3.08861807e-02 -1.15910626e-03 -4.12158817e-02 -5.20219803e-02
 -3.54210474e-02  5.38996384e-02 -5.32428101e-02  1.85910147e-02
 -4.14491557e-02  3.23707797e-02 -2.53954120e-02 -1.08716683e-02
  4.96382155e-02  1.64110065e-02  2.74429768e-02 -5.53058115e-08
  2.73215417e-02 -4.55513299e-02  1.80475619e-02  2.25571301e-02
  5.17645031e-02 -5.01325801e-02  4.08798307e-02 -2.47629285e-02
  1.16228377e-02  3.26775685e-02 -1.44743985e-02  3.35630169e-03
 -4.05408740e-02  3.50518450e-02  1.63971651e-02 -5.70137147e-03
  5.90380393e-02  7.57903559e-03 -6.77349269e-02 -4.56292704e-02
  1.03294022e-01 -2.22270954e-02 -1.10693790e-01 -2.41919681e-02
  2.80567724e-02  1.78803355e-02  6.34491956e-03 -2.63186116e-02
 -3.40696983e-02  3.50023946e-03 -1.18090641e-02  4.66896407e-02
  3.79372351e-02 -4.18563560e-02 -4.71435674e-02  5.54759242e-03
  3.48506309e-02  4.76357490e-02 -7.01804683e-02 -2.16235351e-02
  1.34569421e-01 -2.53343079e-02 -6.88605160e-02 -5.58955334e-02
  8.23529065e-03 -5.69665851e-03 -3.71044874e-02  7.98478946e-02
 -1.59922075e-02  2.24365871e-02 -6.76572397e-02  6.93066344e-02
  8.66111666e-02  4.66604307e-02  1.25978952e-02 -4.45531942e-02
  3.34229916e-02  2.62902994e-02 -1.95703367e-04 -2.86133047e-02
  8.23001713e-02  7.08905831e-02  6.51002228e-02 -7.05205947e-02]