[-1.52599784e-02  2.95913573e-02  1.23313246e-02 -1.24179497e-02
 -4.71530296e-02  1.51142282e-02 -3.36413570e-02  4.82405312e-02
  2.91492995e-02  2.39601713e-02  1.19268686e-01 -7.73851126e-02
 -3.89043353e-02 -4.64470424e-02 -2.59080213e-02 -3.15093212e-02
 -7.21317977e-02  1.20832222e-02  3.53165902e-02  8.99300948e-02
  1.11036070e-01  1.59041919e-02 -3.08742467e-02 -3.09945494e-02
  2.52467729e-02  1.05214588e-01 -1.79216601e-02  4.27885130e-02
 -9.27346173e-06 -1.20249987e-02  9.62633360e-03  1.06324710e-01
  5.01722619e-02 -4.79537174e-02  4.49829027e-02 -4.81830463e-02
  1.40168634e-03 -1.11241918e-02  6.83242381e-02  9.61592719e-02
 -5.00186011e-02 -7.49676162e-03  2.24169865e-02 -5.08964919e-02
 -3.82128805e-02  1.90521535e-02  1.76442059e-04  8.80324543e-02
 -4.93465923e-02  1.13236289e-02 -4.15183939e-02  6.13460243e-02
 -7.20517412e-02  6.18949383e-02 -2.32504960e-03 -3.00286897e-02
 -4.69454378e-02 -3.49266045e-02 -2.86517590e-02  6.90712184e-02
 -4.56450954e-02  7.80454427e-02 -4.64357348e-04  8.95796716e-03
 -3.02396268e-02 -4.05674055e-02  5.43006249e-02 -1.42736007e-02
 -7.47304261e-02 -1.63113587e-02 -2.30139531e-02 -2.59857215e-02
  6.96686655e-02  2.54282244e-02 -7.87107944e-02  2.79967822e-02
  1.94021817e-02  9.58358571e-02 -6.86792051e-03 -1.52686536e-01
 -3.56846442e-03  2.16106474e-02  8.13096613e-02 -4.46928926e-02
 -2.00456567e-02  2.01615170e-02  3.14483419e-02  1.07355053e-02
  1.16650872e-01 -4.44850437e-02  1.76333322e-03  8.42564702e-02
 -5.29250465e-02  5.76935858e-02 -2.80710775e-02  1.42423119e-02
  1.41655169e-02  5.46325669e-02  7.93845206e-02  1.17361983e-02
  3.25535014e-02 -6.61480352e-02  3.11583988e-02  1.03015909e-02
 -6.12256117e-02 -1.05750784e-02 -1.73310935e-02 -3.05895321e-02
  5.50231226e-02  2.38272790e-02 -9.31787342e-02 -8.73464718e-02
  5.35611482e-03 -2.62186467e-03 -1.62568949e-02 -5.40120639e-02
 -4.89259958e-02 -4.49864417e-02  3.54755223e-02  2.22344249e-02
  3.01368926e-02 -1.17563777e-01  2.66455337e-02  1.52369207e-02
 -3.85089479e-02  3.48371901e-02  3.81709039e-02  6.42057733e-33
  2.56669410e-02 -5.56977727e-02  2.08594631e-02  2.46560611e-02
  3.34597006e-02  1.48723915e-03 -1.11839473e-01  2.10718326e-02
 -5.16502112e-02 -2.57662609e-02 -3.99389341e-02 -7.42751732e-02
 -3.92878279e-02 -1.28415190e-02  5.71968257e-02  8.56084749e-02
  4.75822203e-02 -4.14835811e-02 -1.16647854e-02  1.35723110e-02
 -9.00812855e-04  2.11382415e-02 -8.52110889e-03  2.59582642e-02
  5.59430453e-04  1.20298631e-01 -2.55168998e-03 -8.56414214e-02
 -4.13283557e-02  1.84770394e-02  1.07079543e-01 -1.25218138e-01
 -1.72647946e-02 -4.90633622e-02 -4.42971252e-02  1.47320116e-02
  1.46078533e-02 -1.03462022e-02 -7.92728364e-02  5.79017140e-02
  8.39186367e-03 -4.93370257e-02  3.13987471e-02  6.59532696e-02
  9.89699140e-02  1.73764415e-02  6.28120899e-02 -2.52152439e-02
  1.40172109e-01  4.43562083e-02 -6.82822838e-02 -2.42947713e-02
 -5.07203080e-02 -7.44806901e-02  6.93079457e-03  4.96135242e-02
 -1.46616548e-01  2.29032394e-02 -1.70481279e-02 -2.53887959e-02
 -4.53862473e-02 -5.78415990e-02 -4.99172928e-03 -9.05019343e-02
  9.85685474e-05  1.35984588e-02  2.46024653e-02  6.04345538e-02
  1.10720247e-01  2.27134395e-02 -8.22188854e-02 -4.77506630e-02
  6.17224462e-02 -2.23794812e-03  5.58378212e-02  5.95801398e-02
  8.87242407e-02 -2.69940011e-02 -3.99655243e-03  2.44640615e-02
 -1.07491396e-01  8.21408629e-02 -3.26915607e-02 -4.29750383e-02
  3.08805797e-02  4.20356952e-02  1.31110158e-02  3.84257250e-02
 -5.49005307e-02  3.82673666e-02  1.08160544e-02  6.56483173e-02
 -4.20815945e-02 -6.38838038e-02 -1.48591707e-02 -7.89005988e-33
 -2.48656813e-02 -3.11138071e-02 -6.24094494e-02  6.89266920e-02
 -9.21616331e-03 -5.05893901e-02 -4.65058349e-02  1.27588212e-01
  1.86139885e-02 -1.05574235e-01 -3.21600703e-03 -5.80778420e-02
  2.27831937e-02 -5.90802804e-02 -3.40918526e-02 -8.80970806e-03
 -2.20808852e-02  1.88899357e-02 -7.01735169e-02  2.30695158e-02
 -2.33623479e-02  3.57788131e-02  1.42500456e-02 -4.67296802e-02
 -3.88223417e-02  1.28857465e-02  2.37595923e-02 -3.07638422e-02
  1.05747127e-03 -1.62290111e-02  3.65455024e-04  2.91797630e-02
 -3.85955907e-02  7.09545240e-02 -5.55856824e-02 -1.88324265e-02
  1.40013061e-02 -3.79212797e-02 -8.10733140e-02  5.26558533e-02
  1.65102035e-02  2.93337479e-02  3.44160246e-03 -5.08546643e-02
 -4.30987068e-02 -4.39507179e-02 -5.82239889e-02  3.56858112e-02
  7.51518309e-02  8.14442057e-03  6.50481284e-02 -1.23188887e-02
 -1.05450787e-01  9.24926810e-03  1.01228375e-02 -2.72710659e-02
 -5.65040996e-03  7.13380938e-03 -7.04947188e-02 -8.46240087e-04
  3.03054377e-02  7.20463470e-02 -8.25353153e-03 -1.98099483e-03
  1.48856686e-02 -1.33722909e-02 -2.76856255e-02  1.05593301e-01
  3.22771445e-02  1.36690233e-02  8.97646099e-02 -5.27976155e-02
 -6.92215487e-02  2.51868311e-02  8.39718617e-03 -2.30158661e-02
 -2.43510399e-03  1.12468528e-03  2.29637790e-02 -8.14956333e-03
 -9.27589387e-02  6.68949913e-03 -5.49670868e-02  6.18696213e-02
 -7.59849176e-02  1.79096907e-02 -2.56640241e-02 -8.38972107e-02
 -6.21472066e-03  1.48190418e-02  4.46812809e-02  3.23541239e-02
 -1.06053269e-02  4.92082387e-02 -2.14140099e-02 -5.78908619e-08
  6.15196824e-02  1.11585874e-02  2.24538930e-02 -1.02402214e-02
  1.01032473e-01 -1.04240393e-02  1.30697601e-02 -3.79950367e-02
  2.99245548e-02  4.04379629e-02  1.01990893e-01  4.45855297e-02
 -5.54641373e-02 -1.06308665e-02  2.53198333e-02 -2.87456065e-02
 -5.31759709e-02  5.35144508e-02 -3.66086327e-02 -7.21571445e-02
 -6.20739022e-03 -1.26916487e-02 -2.08849050e-02 -6.94152638e-02
 -2.02276576e-02 -4.44896370e-02 -2.59021353e-02  6.58913690e-04
 -1.46735245e-02 -7.62731358e-02 -4.04123142e-02  6.33358816e-03
  7.95384794e-02 -7.85679743e-02  6.46248320e-03 -3.05910483e-02
 -1.98745411e-02 -3.47280093e-02 -1.10202320e-01  3.01900096e-02
  1.87044516e-01 -5.66390269e-02  3.78491655e-02  3.37818847e-03
  5.50844632e-02 -5.44436909e-02  6.98920488e-02  3.97753343e-02
  5.23502380e-02 -1.63889769e-02 -1.13128930e-01  4.69292961e-02
 -2.31890269e-02  4.62281704e-03 -7.16772825e-02 -7.00896699e-03
 -1.66397344e-03 -3.68637079e-03  2.26465520e-02  1.48902582e-02
  3.26966867e-02  8.64436664e-03 -3.67018767e-02 -3.04404739e-02]