[-7.27978200e-02  2.13159192e-02 -2.44928952e-02 -2.92855278e-02
 -3.58595571e-04 -5.42543121e-02 -3.53062339e-02  2.26806067e-02
 -4.95160604e-03  1.26889460e-02  1.79448292e-01  3.04860785e-03
 -6.29119948e-02 -3.98330577e-02  2.30393503e-02  3.64559889e-02
 -1.37632070e-02 -4.09968905e-02  4.59831804e-02  3.72390710e-02
  8.93651396e-02 -1.12549951e-02 -4.36464734e-02  4.32749949e-02
 -9.46099460e-02 -2.60400912e-03 -1.65913794e-02  7.34401420e-02
 -5.87144382e-02 -9.34147835e-02 -6.28306344e-02  1.16397321e-01
 -2.39922162e-02 -4.74798270e-02  9.14068595e-02 -1.75347589e-02
 -4.00748663e-02 -8.65129679e-02 -7.62019027e-03  1.81037355e-02
 -1.47482625e-03 -5.54497503e-02  9.06956010e-03 -1.92688107e-02
 -7.66049419e-03 -4.07692492e-02  2.42484007e-02  4.32459749e-02
  7.68251643e-02 -2.05375403e-02 -5.58665134e-02 -2.82081612e-03
 -2.95425225e-02 -5.64121231e-02 -4.44144011e-02 -3.38117853e-02
 -1.66392699e-02  2.95424499e-02  6.09020703e-02  1.05720833e-02
  3.56498845e-02  5.26924320e-02 -1.32326663e-01  4.97310571e-02
  4.10077572e-02 -1.83333978e-02  4.57704328e-02 -1.83639117e-02
 -1.14661746e-01  2.08899360e-02  3.62939690e-03 -5.48451208e-02
  2.92224344e-03  5.30773886e-02 -3.71300243e-02  6.11832999e-02
  2.14338824e-02 -2.40183771e-02 -1.05993701e-02 -8.59944746e-02
 -3.34548652e-02 -1.26003707e-02 -8.37185699e-03 -6.12651110e-02
  1.96265299e-02  2.00336333e-02 -1.24469697e-02  1.41073382e-02
  7.92386159e-02 -4.94812289e-03  5.41585963e-04  4.91054840e-02
 -9.70223919e-02  4.97037768e-02  2.85741445e-02  4.98364680e-02
  1.48304068e-02  2.58354582e-02  3.42735648e-02  1.88595410e-02
  7.72156194e-02  5.89275472e-02 -5.03271222e-02  4.81159724e-02
 -8.42716694e-02  4.25313748e-02  7.87940808e-03 -2.50039548e-02
  4.21691425e-02  6.29643053e-02 -8.93460587e-02 -1.02768885e-02
 -2.97307540e-02 -8.82079229e-02 -1.45575851e-01  6.89553050e-03
 -1.52737815e-02  1.13648633e-02  4.60374206e-02 -3.33164027e-03
  2.03390904e-02 -8.87212083e-02 -2.12622471e-02 -3.59970480e-02
  6.70237467e-02 -2.03712787e-02  8.30603987e-02  5.20093104e-33
  1.98409576e-02 -2.39445232e-02  4.75974428e-03  4.43132631e-02
  1.04001544e-01  1.01772593e-02 -4.59350199e-02 -4.98830378e-02
 -4.54755202e-02  1.41339358e-02 -9.63446945e-02 -3.72658409e-02
 -1.05936430e-01 -6.32508099e-02  5.27585521e-02 -6.55638129e-02
  4.35555726e-02 -7.81616569e-02  2.08681114e-02  1.26671270e-02
  1.94092672e-02  2.60543916e-02  1.65819582e-02  4.63157427e-03
  7.21447542e-03  7.27139562e-02  5.14714010e-02 -3.17510813e-02
 -7.18526915e-02  7.49970600e-02  2.75088064e-02 -2.69683148e-03
 -9.18890759e-02  4.62148106e-03  2.36061942e-02 -5.34008890e-02
  7.95497373e-03  1.47909264e-03 -8.77375603e-02 -7.63435941e-03
 -2.51365192e-02  1.66130625e-02 -4.50065592e-03  1.72372721e-02
 -1.75727103e-02 -1.26412481e-01  9.55663547e-02  5.69511876e-02
  1.13961294e-01  8.36971849e-02 -7.56808445e-02 -5.29558845e-02
 -5.85162863e-02 -8.61596614e-02  2.33907346e-02 -4.56129462e-02
 -6.93408176e-02  8.94284341e-03 -4.02595066e-02 -5.20488694e-02
  2.93686893e-02 -2.50176452e-02  2.16548406e-02 -6.13077804e-02
  1.12991277e-02  7.97617659e-02 -4.03577648e-02  1.33379688e-02
  1.81673095e-01  3.05081159e-02 -8.25391675e-04 -6.04606308e-02
  4.34004590e-02  3.41509730e-02  4.00569588e-02  8.01803395e-02
  3.93392406e-02 -8.47841520e-03  9.34927166e-03  1.16277812e-03
 -6.67443275e-02  5.15465736e-02  1.11195715e-02  6.59201443e-02
  2.28362959e-02  3.19456197e-02  4.99738231e-02  6.44093677e-02
  5.79876378e-02  9.15988907e-03  5.06040119e-02  9.73407030e-02
  1.15093240e-03 -4.36072722e-02  2.72064395e-02 -6.20921022e-33
  2.56331712e-02  4.99778204e-02 -1.99518204e-02  1.82644296e-02
 -1.99947655e-02 -6.99373558e-02 -7.39363581e-03  5.58585972e-02
  6.01526760e-02 -8.97059292e-02 -9.56547633e-02 -3.54082435e-02
  6.38026148e-02 -8.33932012e-02 -1.86679550e-02  4.93257679e-02
 -7.50235841e-02 -9.72713437e-03 -5.01995906e-02  2.57695820e-02
 -5.27169891e-02  5.75174391e-02  4.11985032e-02 -2.78874976e-03
  3.21229696e-02 -2.78943703e-02  2.03295313e-02  2.26925872e-02
 -3.95293422e-02 -3.53768468e-03  9.42931976e-03 -3.16198245e-02
 -7.24583119e-03  1.07184030e-01 -7.50888288e-02  5.54266758e-02
  8.26608539e-02  1.06081992e-01 -1.60247926e-02  1.05776422e-01
  2.99132075e-02  3.89143042e-02  2.36074664e-02 -7.91191459e-02
 -4.08246778e-02 -2.71749590e-02  1.33822570e-02 -6.63131326e-02
 -1.80906523e-02 -3.40365954e-02  1.05828941e-01  8.91494844e-03
  2.47886851e-02 -2.07583867e-02  6.96478859e-02 -4.78415228e-02
  1.77451372e-02 -2.77352240e-02 -5.85566647e-02 -7.88513198e-03
  6.27149940e-02  3.29226106e-02 -7.13681653e-02  3.06937005e-02
  7.95415938e-02  9.57553647e-03 -4.80098054e-02 -2.51462813e-02
  4.28935699e-02  7.50246346e-02 -9.39894840e-03  1.53878992e-02
 -6.10493086e-02 -3.79747599e-02 -1.05512226e-02 -3.52996811e-02
 -5.03357723e-02  2.69995145e-02  3.81863005e-02  4.33857962e-02
 -3.15840095e-02 -2.44239159e-02 -3.72877568e-02  1.79279540e-02
 -4.00586054e-02  6.95750304e-03 -3.08364946e-02  2.14236435e-02
  4.39167395e-03  3.80796380e-02  2.16270536e-02  2.34326273e-02
 -3.14793852e-03  7.77456462e-02 -2.32106056e-02 -5.73706131e-08
  5.77189885e-02 -1.30089205e-02 -1.36024633e-03  1.05197206e-02
  7.09063560e-02 -1.86967812e-02  2.05693711e-02 -1.40303932e-02
  8.31280127e-02  1.60704069e-02  7.63640404e-02  4.36838856e-03
  3.40114571e-02 -1.05319172e-02 -2.00535078e-02  3.77318934e-02
  7.35267159e-03  1.17311984e-01 -7.58187547e-02 -5.40824160e-02
  5.60705140e-02 -3.39264125e-02 -1.02087080e-01 -5.70749678e-02
  7.32083619e-03 -2.38226671e-02 -7.67628625e-02  1.69257820e-02
 -2.99926288e-02 -5.85629430e-04 -7.91827738e-02 -3.18381339e-02
  1.24839880e-03 -1.50926232e-01 -5.00463247e-02 -7.33159948e-03
 -6.25222772e-02  1.89307274e-03 -3.27910781e-02 -2.69644684e-03
  5.35275228e-02  2.85800453e-02 -5.53015172e-02  2.54073534e-02
  6.17386550e-02 -4.28744256e-02  1.14438115e-02 -1.05755059e-02
 -7.45287091e-02  3.65100615e-02  1.80899020e-04 -1.93211099e-03
  4.76209223e-02  1.79820396e-02  1.38215125e-02  2.75397692e-02
  2.08348632e-02  2.11688541e-02 -5.25280349e-02 -1.46825649e-02
  2.38610711e-02  5.27791269e-02 -2.42777877e-02 -3.76051702e-02]