[-4.49028127e-02  5.07429317e-02 -7.82887712e-02 -1.54010346e-02
 -6.95365816e-02  9.48918983e-03  3.50354128e-02  8.66100341e-02
  4.94100302e-02  4.09986787e-02  6.47907257e-02  2.99682803e-02
  2.74353642e-02 -3.06615252e-02 -1.53225858e-03 -8.52454305e-02
  6.54901117e-02  1.08318087e-02  2.97374907e-03  2.85843555e-02
  1.67156175e-01 -4.04260382e-02 -6.23024404e-02  5.57712801e-02
 -7.58543536e-02 -1.07836165e-02 -4.87416349e-02 -3.04712430e-02
 -6.95602372e-02 -6.51288312e-03 -3.09772827e-02  1.08019067e-02
  9.43072438e-02 -5.87644912e-02 -4.09054756e-02  9.45715979e-02
  2.49691177e-02 -9.22096707e-03 -2.13267803e-02  2.98832711e-02
 -8.46657157e-02 -4.79922295e-02 -6.16357438e-02 -6.40352964e-02
 -1.45558016e-02 -2.54273526e-02 -1.87893994e-02 -1.76437311e-02
 -7.96033293e-02 -2.61177849e-02 -8.28862563e-02 -2.35778862e-03
  1.82802342e-02  1.66235007e-02 -3.50254774e-02 -4.35859896e-02
  7.55344331e-03 -3.63222770e-02 -3.78188565e-02  3.40051875e-02
 -7.26823555e-03  3.40358578e-02 -3.29471491e-02  6.47246931e-03
  7.30057955e-02  1.32156769e-02 -5.13968728e-02 -7.81959109e-03
 -2.47103423e-02  1.09207910e-02 -4.31054132e-03 -4.28389683e-02
  2.40470413e-02  9.75159556e-03 -3.74233834e-02  1.88922845e-02
 -1.05881654e-02  4.78118844e-02 -8.92209914e-03 -1.55352861e-01
  3.55300307e-02 -7.28405174e-03 -1.82557423e-02  1.02509521e-02
 -1.83687638e-02 -2.37242561e-02  1.93479992e-02  1.54263824e-02
  1.08255781e-01  7.09871668e-03  5.78830503e-02  3.40987742e-02
 -7.42060468e-02 -4.20489199e-02 -1.27727501e-02 -1.13114240e-02
 -6.28374442e-02  6.75377017e-03  6.79639727e-02 -3.21299732e-02
  8.24728608e-02  1.81465819e-02  6.45203516e-02  1.28899859e-02
 -5.47549613e-02 -7.32805673e-03 -2.44924836e-02 -4.10181358e-02
 -2.38988772e-02  1.16462663e-01 -1.06900364e-01 -3.75045687e-02
 -1.11009181e-01 -7.21903890e-02 -1.56639367e-02  9.35738906e-03
 -4.65400517e-02 -2.27058418e-02  9.16902721e-03 -2.56630629e-02
  3.24426927e-02  6.22581178e-03  4.18107547e-02 -5.61628528e-02
  3.25262509e-02 -4.55730408e-02  7.97132105e-02  8.36852134e-33
 -3.22828963e-02 -8.01276788e-02  4.52138344e-03  2.89477054e-02
 -1.38963135e-02  2.36940924e-02 -6.13708235e-02  3.10530402e-02
  1.04428165e-01  2.34476593e-03  9.58112162e-03  8.07761773e-02
  2.06976607e-02 -2.56038029e-02  3.05274948e-02 -1.89878494e-02
  8.27887952e-02  4.41429839e-02  4.38338332e-02 -2.80306283e-02
  3.57240322e-04 -1.91240218e-02  1.53132351e-02 -2.61216164e-02
  2.85880473e-02  3.93751217e-03 -3.90422195e-02  1.60081428e-03
 -7.79985040e-02  2.30429638e-02  1.17291063e-01 -3.00222021e-02
  9.10796784e-03 -5.93997128e-02 -6.53442591e-02 -4.79940325e-03
 -4.43147384e-02  8.91912903e-04 -5.03693288e-03 -6.55840635e-02
 -3.18179280e-02  3.22373887e-03  9.12968516e-02  5.44601157e-02
 -1.38239758e-02 -4.32888418e-03  1.07843392e-02  9.28710867e-03
  4.45699431e-02  7.57167265e-02  1.67569313e-02 -4.59883101e-02
 -1.51763652e-02 -1.52180316e-02  3.72587219e-02  2.76755337e-02
 -2.40776930e-02 -8.22422560e-03 -4.52975780e-02 -9.63205546e-02
 -3.15686166e-02 -2.48455573e-02 -3.03982273e-02 -3.04156598e-02
 -2.24969126e-02 -6.82955086e-02 -1.09216487e-02  5.10523617e-02
  8.77061635e-02  2.52390616e-02 -1.20715730e-01 -2.34262529e-03
 -2.52994373e-02  5.98580204e-02 -1.72319524e-02  2.33608624e-03
  1.31684588e-02 -2.77099852e-02 -8.17043185e-02  8.41761753e-02
 -2.41926406e-02 -1.52780693e-02 -5.53777628e-02 -2.43945830e-02
  8.50845873e-02  6.13652319e-02  2.75262222e-02  1.09793060e-02
  1.78240351e-02  1.00870684e-01 -1.00304531e-02  1.15812883e-01
 -4.58155014e-02  5.74982017e-02  3.09798326e-02 -1.27936573e-32
  6.57779677e-03  8.48566741e-03 -3.59880067e-02  2.22159550e-02
 -1.31784463e-02  4.12612669e-02 -1.04724113e-02 -8.56945589e-02
 -6.52049705e-02 -6.40088171e-02 -1.48226961e-01 -1.20188877e-01
  5.79440109e-02  1.03114326e-04 -8.06442276e-02  8.51045270e-03
 -7.52410144e-02 -3.09640374e-02 -3.44327949e-02  3.01991659e-03
 -4.77422625e-02  1.12612493e-01  3.30149159e-02  3.40055698e-03
 -4.30641323e-02 -6.81468174e-02 -3.46318036e-02  2.69956887e-03
 -8.14313069e-02 -2.37591155e-02  2.46061608e-02 -3.46689634e-02
 -2.34566163e-02  1.27587199e-01 -5.39729968e-02 -1.91439819e-02
  5.70444018e-02  2.73345951e-02 -2.30605304e-02  8.83036777e-02
  7.98513740e-02  5.69160059e-02  1.12478798e-02 -4.05375808e-02
 -6.08428195e-02 -3.18019874e-02  2.76829284e-02 -1.19590878e-01
 -1.17258476e-02 -3.80779020e-02  7.32516125e-02 -7.24346861e-02
 -3.93014029e-02 -1.63597241e-02  5.81303798e-02 -1.91975683e-02
 -3.87129523e-02 -8.72567520e-02 -7.70238191e-02 -1.73290707e-02
  8.22032839e-02  1.40156858e-02 -5.00472300e-02 -1.45262638e-02
  6.92036226e-02 -3.22462879e-02  1.77917667e-02  2.05770340e-02
  5.03487885e-02 -4.79481705e-02 -1.30667668e-02 -8.97328258e-02
 -3.05816140e-02 -3.91630307e-02  1.82010867e-02 -3.93600576e-02
 -3.92568111e-02 -5.85768670e-02 -9.36746970e-02  2.71280911e-02
 -4.11059111e-02 -6.11991854e-03 -2.24284884e-02 -2.75650620e-02
 -6.25661686e-02  4.05915231e-02  4.66546556e-03 -1.20404745e-02
  3.72420624e-02  1.15524782e-02 -7.83994719e-02  1.01573683e-01
 -3.05623095e-02  3.68005224e-02 -1.59820653e-02 -6.20224156e-08
 -2.43144520e-02  2.51969323e-03  1.27860993e-01  2.22394355e-02
  2.81782001e-02 -8.20719451e-02  2.69164797e-02  1.52206430e-02
 -1.48126774e-03  5.05064204e-02 -3.11114378e-02 -1.54458731e-02
 -4.51514050e-02  1.55898519e-02  5.91436401e-02 -6.27348348e-02
  8.02474767e-02  4.88292240e-02 -3.15131024e-02 -6.19453862e-02
  8.69663060e-02 -5.79368509e-02 -9.05726701e-02  5.55346347e-03
  5.13240024e-02 -5.15584312e-02 -2.43143439e-02 -1.68389268e-03
 -4.54328656e-02  1.50307147e-02  3.19940075e-02 -2.09569037e-02
  1.07501931e-01 -6.31925613e-02  1.19526377e-02 -3.49232070e-02
  1.78664643e-02 -1.48195913e-02  5.02803316e-03  3.24383564e-02
  7.34949186e-02  7.40044266e-02 -3.23476270e-02  4.62334231e-02
 -2.29118532e-03  1.38701182e-02 -5.88274412e-02  1.00121439e-01
 -4.76296656e-02 -4.32370044e-02 -6.76256269e-02 -3.11569534e-02
  9.62247029e-02  7.30611011e-02  2.63891220e-02 -8.09540972e-03
  4.85686287e-02  1.96707156e-02  6.26562303e-03  3.15066837e-02
  6.93993866e-02  8.10077265e-02  4.53050109e-03 -6.59516454e-02]