[ 3.72617580e-02  1.12645980e-02 -8.18855986e-02 -6.52289987e-02
 -5.11309393e-02  7.88142439e-03  1.57768205e-02  8.99612680e-02
  2.08562575e-02  3.68106067e-02  1.11939304e-01 -6.22799993e-02
 -2.01196354e-02  3.74009237e-02  6.74267625e-03 -6.35599792e-02
  6.61687776e-02  3.07167172e-02 -4.86704484e-02  5.25134318e-02
  1.09979212e-01 -8.75741020e-02 -2.02683397e-02  6.70796037e-02
 -2.62260414e-03  1.29150674e-02 -1.28869563e-02 -1.24655096e-02
  1.66062731e-02 -6.93778470e-02 -5.59822544e-02  7.29048103e-02
  9.40226093e-02 -8.70987102e-02  3.21281701e-02 -3.64863276e-02
  4.13878299e-02 -4.23689447e-02 -4.70495299e-02  4.90104854e-02
 -2.90403962e-02 -3.57233658e-02 -3.56713869e-02 -3.41192298e-02
 -3.17337215e-02 -3.20356116e-02  6.23802952e-02  7.01124892e-02
  2.26635858e-03  3.00352518e-02  2.01017652e-02  3.11283953e-02
 -5.17791361e-02  1.86667293e-02 -1.33375525e-02 -5.07615805e-02
 -8.33756477e-03 -6.11887837e-04  4.02907021e-02  2.18149330e-02
 -4.90522338e-03  1.02457441e-01 -1.52579863e-02  6.40323991e-03
  4.46071625e-02 -4.72545624e-02 -3.31337713e-02 -1.42890215e-02
 -1.59728289e-01  3.79276834e-02  7.37378672e-02 -6.77715763e-02
  2.21119430e-02 -1.71700004e-03 -6.99559823e-02  1.15426909e-03
  3.31984870e-02  5.95420301e-02  5.06213270e-02 -1.01562329e-01
  3.56586687e-02  2.65745912e-02 -3.85652259e-02 -2.93957144e-02
 -1.95797975e-03 -5.32442704e-02  3.81206386e-02 -3.75131262e-03
  1.14380851e-01  2.84017678e-02  9.14355591e-02  9.47175846e-02
 -5.68803921e-02 -4.71741743e-02  8.57952908e-02  6.02127016e-02
 -2.90261433e-02 -3.53261456e-02  7.07639828e-02 -3.64964223e-03
  5.50582111e-02  8.19194503e-03 -5.79763018e-02 -2.83946656e-02
 -8.18960369e-02 -6.50823712e-02  2.03754064e-02  2.55818702e-02
  7.17750564e-02  1.01929247e-01 -4.04552855e-02 -4.14519086e-02
 -7.39222020e-02 -4.34611067e-02 -4.91175614e-02 -5.74399643e-02
 -3.43319178e-02 -2.85552908e-02 -7.15486566e-03 -9.07848105e-02
  3.11437882e-02 -2.62564402e-02  5.03665991e-02  2.53927968e-02
  6.87787533e-02 -5.99246994e-02 -1.37500195e-02  1.21257958e-32
 -2.54760087e-02 -4.08771820e-02 -4.93628904e-02  1.30185578e-02
 -9.29868966e-02  3.96995209e-02 -4.79976237e-02  8.64151567e-02
  3.62039171e-02  2.51379097e-03 -5.41664511e-02  6.75385371e-02
 -4.94735651e-02  4.61627841e-02  3.69019918e-02  1.23373037e-02
  8.36161226e-02 -1.58499740e-02  9.47610475e-03 -3.90120447e-02
  1.96628855e-03  5.66354096e-02  1.07611204e-02 -3.41014899e-02
  5.05392719e-03  3.50364037e-02 -7.85085484e-02 -3.91108310e-03
 -8.44816938e-02  3.23847309e-02  6.33619204e-02 -1.23470556e-02
  3.56974155e-02  6.71529770e-03 -3.23495604e-02 -3.55518162e-02
  1.61373820e-02  3.36483144e-03  9.26339440e-03  3.04501019e-02
 -1.04375131e-01  2.83169746e-02  7.68855959e-02 -2.47063721e-03
  3.24491262e-02 -2.37134881e-02  2.02276893e-02 -3.66499946e-02
  8.07843953e-02  2.38682935e-03 -5.40728047e-02 -7.95354694e-03
 -7.40301758e-02 -1.17192715e-02 -3.41587029e-02 -4.34306625e-04
 -1.18227959e-01  6.18317500e-02 -6.52527139e-02 -5.82484715e-02
 -5.39365448e-02  6.28329068e-02 -1.69595908e-02 -4.36205678e-02
 -8.36802870e-02  1.45913409e-02 -8.25443678e-03  3.09762452e-02
  9.54584777e-02  7.69948587e-03 -9.28929523e-02  1.09061338e-02
 -5.86027186e-03  2.65265033e-02 -9.44824144e-03 -1.86418835e-02
  9.02685821e-02  2.55752224e-02 -2.49978863e-02  2.13223007e-02
 -2.52271090e-02 -8.87510367e-03  2.30398793e-02  1.19291246e-02
  6.84059337e-02  5.44653535e-02  4.61655855e-02  1.53571703e-02
  9.21965297e-03  7.58894756e-02  5.41479625e-02  1.42856156e-02
  5.33263572e-03 -2.73421966e-02  4.54833768e-02 -1.45774318e-32
 -5.07347807e-02  3.36025059e-02 -4.51562144e-02  8.59798864e-04
  2.33832523e-02 -5.49913757e-03  3.14703323e-02 -7.55227655e-02
 -1.35211181e-02 -1.08646840e-01 -6.26541823e-02 -3.66804302e-02
 -3.22467205e-03 -3.19594294e-02 -9.30169448e-02  4.46711481e-02
 -4.14281376e-02  2.49731056e-02 -5.04056774e-02 -4.50474732e-02
 -3.79903056e-02  5.63919954e-02  5.66098802e-02  2.67138425e-02
 -5.23869973e-03 -6.72344193e-02 -3.83598432e-02 -2.34978367e-02
 -3.02002020e-03 -6.97457418e-03  5.63403778e-02  8.21298268e-03
 -2.23935917e-02  8.62446502e-02 -5.49339466e-02 -4.65910286e-02
  5.92215685e-03 -5.05302325e-02 -2.18474865e-02  1.14608563e-01
  5.82547151e-02  2.15417854e-02  1.74395721e-02 -9.92210284e-02
 -3.18979844e-02 -6.07947446e-02  2.36625597e-02 -1.73532933e-01
  1.06243670e-01 -4.62524034e-02  1.73678175e-01 -1.12419075e-03
 -5.67899011e-02  6.50007203e-02  5.00981836e-03 -3.61274444e-02
  1.74686685e-02 -1.41397184e-02 -7.36130029e-02  4.91360612e-02
  2.63703279e-02  1.08695872e-01 -2.92173997e-02  8.71103816e-03
  4.50263172e-02  4.04722691e-02  7.16566853e-03  8.60191286e-02
  2.63621844e-02 -2.90225982e-03  9.25481394e-02 -8.22664797e-02
 -4.10873927e-02 -7.89320841e-02 -5.25418483e-02 -3.76422256e-02
 -2.31820159e-02 -2.66387742e-02  1.33631798e-02  2.67030504e-02
 -1.56025803e-02  3.28435674e-02 -3.67358774e-02 -7.91437328e-02
 -6.70031160e-02  3.80902290e-02 -4.66663251e-03 -1.04917893e-02
 -2.66309138e-02  6.14908673e-02 -7.90712908e-02 -2.29054969e-02
  3.76854949e-02 -3.18442099e-02  1.34886664e-04 -5.66278473e-08
 -6.10123649e-02 -6.20107464e-02  3.74576226e-02  8.45725313e-02
 -2.00465461e-03 -6.98593492e-03 -1.83759406e-02 -6.99584261e-02
 -3.04960948e-03  8.95668752e-03  2.00776234e-02 -4.58095856e-02
 -8.79616737e-02 -1.98788997e-02 -5.58594987e-02 -3.30858789e-02
  2.68408586e-03  6.12992495e-02 -2.99409721e-02 -7.41162300e-02
  4.50548753e-02  2.19382234e-02 -9.36445296e-02 -7.08272234e-02
  1.77115400e-03 -1.46224098e-02 -5.64297475e-02  3.46325673e-02
  4.44033816e-02  4.02400792e-02 -5.64950705e-03 -2.15628687e-02
 -1.54818362e-02 -7.46063963e-02  3.88402343e-02  4.49782144e-03
  2.27100160e-02  5.36328228e-03 -1.58867575e-02  6.33024275e-02
  5.01769520e-02 -1.95180476e-02 -3.29181552e-02  2.97598206e-02
  5.53998873e-02 -4.18129042e-02 -5.65795079e-02 -1.97839495e-02
  1.12251947e-02 -5.06391861e-02  5.61091490e-02  5.25940098e-02
 -6.82272343e-03  3.81486490e-02 -5.57660162e-02 -3.42552140e-02
  5.01602422e-03  1.10106263e-02 -9.70924348e-02 -8.53297114e-03
  9.27731320e-02  2.38363985e-02  4.48858216e-02 -6.11367114e-02]