[-5.92956552e-03  2.82975640e-02 -9.34283733e-02 -4.39161323e-02
 -1.72183048e-02  4.36848551e-02  1.16825774e-02  9.44051594e-02
  3.99190746e-02  5.15994690e-02  1.05450496e-01  2.82214824e-02
 -4.01522182e-02 -4.56654392e-02  1.25262327e-02 -2.36086044e-02
 -5.07131265e-03  2.67633181e-02 -9.62276477e-03  1.47543997e-02
  2.20565125e-01 -2.08667833e-02 -2.72157714e-02  8.84131044e-02
  1.75240152e-02  7.88830745e-04 -7.72545040e-02 -1.80124380e-02
 -6.03006110e-02 -2.21186243e-02 -1.25712110e-02  7.25507289e-02
  9.43323225e-02 -7.32087791e-02  8.78320634e-03 -2.66890954e-02
  8.27856883e-02 -2.96616293e-02 -4.24595661e-02  3.65558304e-02
 -1.14979602e-01  1.53606832e-02 -7.97141492e-02  8.40867776e-03
  1.72926839e-02  5.00839390e-03  5.96686341e-02  5.56065924e-02
 -8.12798217e-02  4.13709842e-02  1.16884476e-03  7.74759892e-03
 -3.58832628e-02  1.69849657e-02  6.33791313e-02 -5.59095182e-02
 -7.00066378e-03  8.05944279e-02  2.65013389e-02 -6.55538309e-03
 -4.92846444e-02  1.79647319e-02 -3.76898870e-02  1.64808277e-02
  2.73760445e-02 -1.07645951e-02  2.23653074e-02 -6.49793744e-02
 -5.06393239e-02  2.36572381e-02  4.65483367e-02 -3.19856741e-02
  4.50745896e-02 -5.18769436e-02 -9.03307348e-02  6.53717890e-02
  3.23702022e-02  1.05393246e-01 -2.37630159e-02 -1.22356690e-01
  3.93948108e-02 -3.03287501e-03 -1.68061238e-02 -3.74956354e-02
  1.15029514e-03 -2.29157023e-02 -1.57647058e-02 -1.21106021e-02
  4.84170318e-02  1.78389363e-02  2.39624940e-02  7.31333941e-02
  1.11987581e-02 -2.02807225e-02 -6.01131981e-03 -4.23256308e-02
 -2.47465204e-02  1.14131579e-02  7.47543424e-02  1.54987043e-02
  4.74278294e-02  2.77622975e-02 -1.27482200e-02 -2.83093527e-02
 -1.42115066e-02 -2.09316779e-02 -3.42025980e-03 -2.50721853e-02
  4.87062857e-02  1.25105545e-01 -8.35437253e-02 -2.74608862e-02
 -1.05351485e-01 -9.24353749e-02 -1.55485617e-02 -6.21679984e-02
 -1.62180029e-02 -6.66657463e-02  4.91993390e-02 -3.86029929e-02
  4.28206064e-02 -2.55186651e-02  3.24382745e-02 -8.87417123e-02
  7.76367784e-02 -3.89635004e-02 -6.65537314e-04  6.54594968e-33
 -1.91588011e-02 -2.26579327e-02 -1.41103566e-02 -9.58192255e-03
 -4.01897952e-02  2.34825201e-02 -5.12668379e-02  7.15338886e-02
  8.96429867e-02 -2.09370423e-02 -2.87480876e-02  4.13647331e-02
 -2.46071536e-02 -2.87550222e-02  1.41225010e-01 -4.90562804e-02
  2.30385941e-02  8.17515999e-02  7.81924948e-02 -1.62038915e-02
 -1.35199977e-02  2.91167293e-04  3.02907340e-02 -3.21223736e-02
  9.79283452e-02  5.64943068e-02 -3.33510004e-02 -6.77745864e-02
 -5.85365556e-02  5.45798503e-02  6.50610775e-02  2.71275919e-03
  1.86386127e-02 -5.66468574e-02 -4.39985730e-02 -8.19839016e-02
  1.60139538e-02  4.61596549e-02 -4.88840155e-02 -1.41049633e-02
 -1.16998805e-02  1.66416366e-03  1.16265491e-02  2.35583484e-02
  4.59204353e-02 -6.13803305e-02  2.92495489e-02  1.08335586e-02
  8.94616768e-02  3.24262679e-02 -4.74767126e-02 -3.75674367e-02
  1.13843074e-02 -5.82535975e-02 -1.90403759e-02 -3.60930525e-02
 -9.53318328e-02  4.66214819e-03 -2.45758556e-02 -3.53570133e-02
 -1.48562463e-02  3.57339298e-03  2.40060873e-03 -4.10558917e-02
 -8.53175763e-03  3.16410959e-02  3.01209092e-02  3.12301498e-02
  9.50204358e-02  2.30558347e-02 -2.98410673e-02 -3.18401940e-02
 -8.72631744e-02  2.63360478e-02 -5.48630953e-03 -5.07850908e-02
  1.13561437e-01  1.88625511e-02 -4.48002815e-02 -1.57651901e-02
  2.77637201e-03 -6.53643459e-02 -8.89554527e-03 -2.84891222e-02
  6.80415183e-02  9.43375155e-02  7.65283480e-02  5.62315546e-02
  2.31076754e-03 -2.96291849e-03  3.08986120e-02  1.49326827e-02
 -3.93605828e-02  3.77430990e-02  5.49647100e-02 -9.63512312e-33
 -7.69896209e-02  3.56512927e-02 -8.35375413e-02  4.65098470e-02
 -2.20698081e-02  3.50528280e-03 -3.34150009e-02  1.62170790e-02
  1.32642416e-02 -1.01337589e-01 -6.67739883e-02 -1.25188038e-01
  1.38563139e-03  4.00492884e-02 -7.57508948e-02  2.22362727e-02
 -6.00787811e-02 -6.91617429e-02 -7.81813711e-02  3.71030308e-02
  2.23115478e-02  1.85542312e-02  2.47617271e-02 -4.07209247e-03
 -1.77138932e-02 -7.13167265e-02 -6.21192195e-02 -3.23766507e-02
 -4.67717052e-02 -3.80535871e-02  5.11230268e-02 -6.13761432e-02
  1.93017516e-02  5.59756868e-02 -4.25040796e-02 -8.61519352e-02
  2.24513896e-02 -2.59787552e-02 -1.43635236e-02  1.12084240e-01
  9.48486626e-02  8.05919692e-02  1.89689025e-02 -7.69104958e-02
 -5.12377545e-02 -4.06830125e-02 -2.84455158e-02 -6.84586838e-02
  7.10789412e-02 -7.65785798e-02  9.45067629e-02 -7.89081007e-02
 -1.13060661e-02  1.77933704e-02 -2.12648301e-03 -1.07035041e-02
  1.58857729e-03 -2.11494658e-02 -7.65791982e-02  4.77030799e-02
  1.95119232e-02  3.50082405e-02 -3.09209526e-02 -2.38581542e-02
  9.48403254e-02 -8.74449313e-02  2.47693304e-02 -6.20705468e-05
  3.14055234e-02 -1.59747247e-02  6.24888912e-02 -5.47679290e-02
 -5.13562672e-02  2.63264645e-02 -6.29873648e-02 -1.50770918e-02
 -1.90781653e-02 -1.71336788e-03 -3.36017534e-02  3.56872417e-02
 -1.30833136e-02  1.68553721e-02  1.37844719e-02 -7.05742985e-02
 -3.78445163e-02 -1.85073446e-02 -9.28921252e-03  1.15195159e-02
 -3.57766040e-02  4.08588117e-03 -4.43500467e-02  6.21458748e-03
  1.39376950e-02  8.11568946e-02 -6.31744266e-02 -5.99008558e-08
  4.25478294e-02 -2.93480624e-02  6.95010945e-02  6.89843148e-02
  1.51069805e-01 -1.83384102e-02 -1.17124375e-02  3.32173072e-02
 -2.35651676e-02 -2.60960218e-02  4.25854921e-02  1.38120344e-02
 -1.09556742e-01 -4.56232391e-02 -2.35552080e-02 -6.20755665e-02
 -2.86705140e-03  4.22209967e-04 -2.08998956e-02 -4.84466143e-02
  3.81365269e-02 -2.89552212e-02 -1.23740017e-01 -8.65749866e-02
  4.86249030e-02 -2.98648011e-02 -1.59271213e-03  7.63141364e-02
  2.25233585e-02  1.55579085e-02 -2.16976274e-02  1.87469032e-02
  6.20725285e-03 -6.61766976e-02 -8.22742879e-02 -1.91741064e-02
  5.49022183e-02  6.35620207e-02 -3.12792808e-02  1.93892757e-03
  5.08216061e-02 -7.98403323e-02 -1.82704662e-03  1.54693853e-02
 -4.89256531e-03 -2.92062685e-02 -6.04903549e-02  1.51835950e-02
 -3.00609879e-02 -7.31353313e-02 -2.92115845e-02  3.19847651e-02
  5.81865106e-03  7.02024857e-03  1.13484310e-02 -1.87897254e-02
  1.96033921e-02  2.00955640e-03 -7.69949630e-02 -6.80327341e-02
  1.34702638e-01  3.72339878e-03 -1.14413712e-03  2.63967738e-02]