[-5.75923622e-02 -5.85960364e-03 -5.64278588e-02 -4.46409993e-02
 -4.07329947e-02  1.74721107e-02 -2.34430805e-02  8.48051682e-02
 -5.15560731e-02  1.86252687e-02 -1.39608933e-02  2.66802385e-02
 -3.11671961e-02 -1.61019503e-03  2.46864394e-03 -1.60348341e-02
 -8.72769300e-03  6.21669693e-03  1.91550218e-02  3.53264511e-02
  7.41971508e-02 -1.96125135e-02 -2.75601130e-02  1.02750674e-01
 -1.12715013e-01  1.35686593e-02  4.74580703e-03  6.76050037e-02
 -3.86682861e-02 -7.47189745e-02 -2.78845932e-02  4.99658473e-02
  6.75294474e-02 -1.77904069e-02  2.01825723e-02 -1.06266685e-01
 -8.97364691e-03 -3.58756557e-02 -1.82447042e-02  7.33045815e-03
 -7.18113258e-02 -5.09356558e-02 -1.11111090e-01 -5.65732494e-02
  2.50495467e-02 -7.76104704e-02  8.68094191e-02  6.24177158e-02
  3.12575847e-02 -3.16079035e-02 -4.93521020e-02  2.84153651e-02
 -1.50300274e-02 -1.17220402e-01 -8.62782523e-02 -5.85898235e-02
 -1.65644642e-02 -1.03303688e-02  5.63217178e-02  1.00527396e-02
  5.04830182e-02 -7.93288946e-02 -2.45938525e-02  1.99229810e-02
 -2.11789850e-02  3.47101642e-03 -3.36971581e-02 -3.91596332e-02
 -4.28635553e-02  1.36268409e-02  7.82993585e-02 -9.78311598e-02
 -1.24216080e-02 -4.70369570e-02 -8.94079357e-02  1.23286329e-01
  1.29881278e-01  3.93095985e-02 -8.05902109e-02 -6.02590926e-02
  4.99352366e-02 -7.18198996e-03 -3.48393843e-02 -5.33590876e-02
  2.08376274e-02 -1.88666000e-03  4.87366766e-02  2.13824660e-02
  9.58011078e-04 -1.04610259e-02 -1.57148810e-03  6.03667535e-02
 -5.75103648e-02 -6.22087196e-02 -4.41720244e-03 -1.43846613e-04
  4.85354699e-02 -9.89185721e-02  9.85387191e-02  2.94833928e-02
  2.83676069e-02 -3.25106345e-02  1.78688427e-03 -2.76500322e-02
 -9.42829400e-02  6.89252540e-02 -7.98736140e-03  7.78308677e-05
  4.94635478e-02  6.16139472e-02 -2.48978417e-02 -2.74723303e-02
 -1.08458161e-01 -1.70607846e-02 -1.07122913e-01 -2.79775988e-02
 -7.31077343e-02  1.49884168e-02  4.84595913e-03  4.19692583e-02
 -4.52018976e-02 -1.14685893e-01  2.90557127e-02 -6.33508414e-02
  4.23516333e-02 -9.11631156e-03  6.77936431e-03  1.36791455e-32
 -9.55192558e-03 -3.75539474e-02 -1.70956906e-02 -1.45422434e-02
  3.08426004e-02  9.45540667e-02 -3.47440578e-02  6.55369535e-02
 -1.78340673e-02  5.13843121e-03 -6.21731430e-02  2.75252741e-02
 -5.38416803e-02 -4.02148217e-02  4.92224507e-02  2.29636952e-02
  6.05647161e-04 -4.28135954e-02 -5.37977666e-02 -5.34671545e-02
 -8.92864913e-03  2.63895392e-02  9.03035048e-03  6.74066469e-02
  3.14463116e-02  1.22555710e-01 -1.95303187e-02 -3.82242538e-02
 -6.54288381e-02  5.50887734e-02  3.11125629e-02 -4.14980501e-02
 -6.35500178e-02  7.31649389e-03 -3.87198962e-02 -6.51201010e-02
 -5.37832752e-02  5.38185798e-03  2.11186055e-02  6.89898757e-03
  1.92650799e-02  1.38258596e-03 -4.17481316e-03  1.63405910e-02
 -6.59074932e-02 -3.73780169e-02  4.95381989e-02  4.31375913e-02
  9.03182253e-02  5.15335798e-02 -6.14737496e-02 -7.74892047e-02
 -1.47594726e-02 -4.67162393e-02  2.59590931e-02  2.77442019e-02
 -9.25266445e-02  3.55779827e-02 -8.09125868e-06  3.95132985e-04
  4.25419249e-02 -6.94559654e-03 -5.78851663e-02 -1.53004834e-02
 -7.27828890e-02  6.64172992e-02  3.93198878e-02  8.59194528e-03
  8.87733251e-02  8.07641596e-02 -5.48140369e-02 -3.70087288e-02
 -6.29371963e-03  3.46409231e-02  4.31160703e-02  1.91967040e-02
  4.42009531e-02  1.90482959e-02  5.45621896e-03  3.92818302e-02
 -6.50089383e-02  5.38285896e-02 -3.64587307e-02  6.29611732e-03
  6.27806336e-02  5.46813458e-02 -4.62546237e-02  8.88394564e-02
  3.81745510e-02  7.23106042e-02  2.09784545e-02  2.45038383e-02
 -3.15799043e-02  6.82533905e-03  4.20368239e-02 -1.52959498e-32
  1.23353051e-02 -1.69295873e-02  7.51877502e-02  4.50620949e-02
 -1.46901440e-02 -1.15184125e-03 -3.45272496e-02 -8.10057446e-02
 -4.47132699e-02 -8.57171714e-02 -3.42391692e-02 -4.79259528e-03
  1.12554580e-01 -2.12717783e-02 -6.92604110e-02  3.14673521e-02
 -3.62482741e-02 -1.26157045e-01 -7.64184669e-02 -4.24206518e-02
 -7.79408915e-03  3.06563228e-02  9.76656973e-02 -7.91215822e-02
 -2.85451766e-02 -7.81176016e-02 -2.39865966e-02 -3.50670815e-02
 -1.34651652e-02  3.98652162e-03  1.18213333e-02  8.48693773e-02
 -3.59701104e-02  1.08904973e-01 -1.76583137e-02  1.19958334e-02
  3.73090766e-02  3.58307138e-02 -3.14126797e-02  1.44447327e-01
 -3.20369378e-02  2.91842166e-02  1.77973416e-02 -2.39561833e-02
 -8.06478411e-03 -3.76837738e-02 -2.09805984e-02 -8.70188624e-02
  1.12447284e-01  1.17750000e-02  1.12234697e-01  1.70539152e-02
 -1.72853023e-02 -5.27115399e-03 -2.95964312e-02 -6.57570213e-02
  1.05475318e-02 -4.73472625e-02 -4.65518497e-02  5.15335724e-02
  1.21395186e-01 -6.63495017e-03 -2.00049337e-02 -4.63325568e-02
 -2.81990618e-02 -1.61919706e-02 -2.41173003e-02  1.22911986e-02
  3.97517867e-02 -3.58974352e-03  4.35793912e-03 -4.51927818e-02
 -9.35305096e-03  6.42920211e-02 -8.58026296e-02 -4.80154296e-03
 -8.48454535e-02 -4.03852724e-02 -1.77854090e-03  2.08972185e-03
 -2.62987800e-02 -1.86928287e-02 -7.20103923e-03  6.73029851e-03
 -2.72095911e-02  9.35735554e-02 -9.50144511e-03 -9.13722347e-03
  5.63765690e-02  4.56478037e-02  2.96721198e-02  5.61266728e-02
  1.52686536e-02  6.49626404e-02 -9.53246355e-02 -6.83865267e-08
  9.07013193e-02 -4.10790145e-02  8.84739161e-02  5.01490124e-02
  3.26265730e-02  7.02061085e-03  5.20698028e-03 -3.06207705e-02
  4.25661355e-02  2.62019541e-02  6.65000007e-02 -8.94403923e-03
  3.00290319e-03  2.91545838e-02 -1.58187374e-02  2.14935113e-02
  4.39899191e-02  6.10550083e-02 -8.94020020e-04  1.33317625e-02
  1.96478274e-02 -3.10554951e-02 -6.96660206e-02  3.02710664e-02
  6.80742115e-02 -1.26750827e-01 -5.79913966e-02 -5.33182062e-02
 -8.14913120e-03 -1.07767815e-02 -5.97801730e-02 -2.74419580e-02
  4.85258959e-02 -4.90271561e-02 -1.47415772e-02 -4.52592820e-02
  3.01952921e-02  4.54196893e-02 -6.76708817e-02  1.21192941e-02
  1.42712653e-01  1.82384939e-03 -9.63153169e-02 -2.99374964e-02
 -5.34358025e-02 -5.25408483e-04 -2.59403177e-02 -4.73742411e-02
 -3.53562050e-02  3.34345065e-02 -2.00585164e-02  1.51346838e-02
 -9.28833522e-03  9.31635872e-02 -9.72431432e-03  2.72520315e-02
 -2.36344617e-02 -2.79798917e-03 -6.91610575e-02 -3.18954773e-02
  1.31244604e-02  4.16820124e-02  2.75110230e-02 -7.48566091e-02]