[ 4.24825065e-02  7.78665990e-02 -3.81079167e-02  3.68725806e-02
 -8.00184831e-02 -6.40290882e-03  2.05485038e-02  3.08452994e-02
  5.18413857e-02  2.63593160e-02  6.96499050e-02  9.10196360e-03
  8.06234777e-04 -3.39185856e-02 -1.58907548e-02 -1.55004896e-02
 -4.71108072e-02  5.39810322e-02 -1.14472453e-02  2.54761800e-02
  1.57567158e-01  1.43585406e-04 -8.10927153e-02  5.97102307e-02
 -6.13340028e-02  2.89680026e-02 -4.09033187e-02 -5.51371984e-02
  6.50116149e-03 -2.84950212e-02 -2.73385756e-02 -9.44161043e-03
  1.92656651e-01 -4.18997556e-02 -4.76069935e-02 -2.45742220e-02
  2.50175912e-02  1.22570200e-02 -5.55933639e-02  2.01185439e-02
 -7.53734186e-02  4.13971487e-03 -4.11846042e-02 -4.91856113e-02
 -7.52989203e-02 -2.49900073e-02  7.79416924e-03  7.76531026e-02
 -8.13416950e-03 -8.83891284e-02 -9.24264789e-02 -5.01489826e-02
 -3.94498706e-02  1.16990563e-02 -7.02931210e-02 -5.28391972e-02
 -1.52414199e-02 -1.03508784e-02 -1.40842879e-02  1.31260939e-02
  3.62209827e-02  7.21561387e-02 -4.34924066e-02  7.50361383e-02
  8.75821486e-02  9.09918994e-02 -4.97567058e-02  1.21706119e-02
  3.57494364e-03  3.77333425e-02  8.50630552e-02 -4.37781326e-02
  9.05283168e-02  1.91098023e-02 -2.66490709e-02  2.75861695e-02
  1.02147656e-02 -2.28558835e-02  2.97856387e-02 -3.43297981e-02
  2.45771874e-02  4.38722149e-02 -5.38033359e-02 -4.38878387e-02
  3.12639438e-02 -5.91084883e-02  3.26233841e-02 -1.86880566e-02
 -3.27041536e-03  3.67205851e-02 -9.24330130e-02 -4.33449782e-02
 -3.75401191e-02 -4.62221429e-02 -2.74373796e-02  1.12077380e-02
 -6.82797581e-02 -3.21934819e-02  3.14290375e-02 -2.01568659e-02
  3.99609841e-02  4.22800928e-02  1.88577771e-02 -3.39860353e-03
 -2.17783172e-02  6.65200688e-03 -3.14166695e-02 -9.10315365e-02
  1.52173964e-02  1.09089658e-01 -4.94137295e-02 -4.84427325e-02
 -1.01460211e-01 -4.49942611e-02  4.53243144e-02 -5.00793988e-03
  1.95289701e-02  5.53998165e-02 -2.19588284e-03 -5.56029566e-02
  3.95408347e-02 -4.00656015e-02  5.22682071e-02 -3.20053510e-02
  7.28254393e-02 -1.10322624e-01 -7.80485617e-03  1.09597833e-32
 -6.09529787e-04 -8.81170407e-02 -7.52404332e-02 -1.14553468e-02
  2.36042347e-02  3.30530442e-02 -2.02611685e-02 -4.68210578e-02
  6.94122910e-03  1.50095984e-01 -1.62340477e-02  9.32801217e-02
 -1.49264559e-02  1.24718100e-02  5.20749055e-02  3.55360731e-02
  3.59767042e-02  7.09710121e-02  2.95244269e-02 -1.89813098e-03
  2.58873571e-02  1.97086912e-02  3.15823182e-02 -4.45158556e-02
  4.71442379e-02  3.10640084e-03 -1.45815881e-02 -6.32060096e-02
 -1.48432059e-02  1.85707584e-02  7.45135024e-02 -3.67473885e-02
  2.33739801e-02 -8.17855895e-02  2.49259714e-02 -6.62676543e-02
  2.71090101e-02 -2.09329948e-02  2.47099232e-02 -6.54861890e-03
  1.59564428e-02  1.37486786e-04  3.21924202e-02 -1.37817021e-02
  6.76615611e-02  6.16906770e-03  2.56764684e-02 -1.68273598e-02
  4.86361720e-02  6.46316782e-02 -3.73403616e-02 -4.92428094e-02
 -2.07820777e-02 -7.16734454e-02 -8.01010057e-03  2.33380068e-02
 -1.99617650e-02  4.41644229e-02 -1.13880821e-02 -6.69420287e-02
  3.14176679e-02 -3.51859815e-02 -2.39139739e-02 -1.01555750e-01
 -4.29565348e-02 -7.37479478e-02 -4.68787970e-03  7.52098393e-04
  8.58118162e-02  1.67875234e-02 -1.13469273e-01 -2.93017719e-02
 -1.52121440e-01  7.04765543e-02 -2.39555351e-02 -2.14336589e-02
  2.32711677e-02  1.07325912e-02  4.15040217e-02  3.93461920e-02
  2.71892105e-03 -5.95304184e-02  3.54934037e-02 -1.92466937e-03
 -5.33989025e-03  9.77251008e-02  3.56678572e-03  7.65135586e-02
 -2.12902464e-02  1.16946541e-01 -1.08919470e-02  7.17860982e-02
  3.66062336e-02  4.06710841e-02  2.86717620e-02 -1.35128968e-32
 -4.92173061e-02 -2.41353456e-02 -4.37841304e-02 -6.68129548e-02
 -3.82022373e-02  2.70154644e-02 -5.04852086e-02  1.15137920e-02
 -6.44128397e-02 -4.51308228e-02 -9.61652622e-02 -8.02167580e-02
  1.17875330e-01 -1.26394769e-02 -5.45339659e-02  3.96614000e-02
  5.49687929e-02 -6.26029521e-02 -7.23696128e-02 -2.87532602e-02
 -6.84015453e-02  9.89936665e-02 -1.33253094e-02 -5.10367146e-03
  4.60819677e-02 -9.45994928e-02  3.58977132e-02  3.50648202e-02
 -9.56385508e-02 -7.20770238e-03  5.54497354e-02 -8.16475833e-04
  2.73993034e-02  2.14528907e-02 -4.80203107e-02 -8.62687733e-03
  9.47950706e-02 -6.24093637e-02 -4.66928743e-02  3.32183912e-02
  4.93531227e-02  6.05779737e-02 -5.55628687e-02  1.18862633e-02
 -5.37906624e-02 -7.50881881e-02 -6.26590252e-02 -4.20144498e-02
  2.48289797e-02  1.35920173e-03  7.92522058e-02 -1.05444536e-01
  1.06860409e-02 -3.68714370e-02  2.84045003e-02 -2.96022557e-02
 -1.04137221e-02 -2.69280281e-02 -4.43264581e-02  1.01914518e-02
  3.77625562e-02 -4.21416536e-02 -6.89524636e-02 -1.51496120e-02
  7.68430084e-02  1.09870257e-02 -6.40939847e-02  2.17896458e-02
 -2.41476540e-02  3.58500220e-02  6.20298423e-02 -6.88416883e-02
 -1.28998235e-01 -4.23661098e-02 -4.71963137e-02  4.28781137e-02
 -8.04167166e-02 -5.94100729e-02 -4.05542441e-02  8.70169252e-02
 -4.48286114e-03 -2.18900200e-02  5.16060404e-02 -2.20964495e-02
 -4.48850356e-03  5.46112424e-03  3.72052640e-02  4.78979982e-02
 -3.40285003e-02  4.40410338e-02 -8.20583627e-02 -2.45248131e-03
 -2.18759533e-02 -1.90427713e-02 -5.91017455e-02 -5.75359174e-08
  3.31904255e-02 -7.26173371e-02  6.00203387e-02 -4.42088628e-03
 -3.55385896e-03 -2.68127024e-02  1.07515045e-02 -6.28449097e-02
 -5.33630364e-02  9.91499983e-03 -3.16577381e-03 -9.03746951e-03
 -2.18039565e-02  2.23203525e-02  8.61978978e-02 -5.14752269e-02
  1.04253411e-01  4.89135087e-02 -6.13265298e-03 -5.07660918e-02
  8.81908685e-02 -4.29607891e-02 -9.27223042e-02  3.15965377e-02
  6.38782755e-02 -1.64483450e-02 -4.20643017e-02 -6.88656885e-03
 -9.59921442e-03  7.97406882e-02 -2.90417243e-02 -2.36317534e-02
  6.10685162e-02 -5.84535953e-03  1.33674499e-02  4.10432294e-02
  1.02506494e-02 -1.98773518e-02 -3.75933535e-02 -7.78973326e-02
  1.10966280e-01  1.93658639e-02  5.33438325e-02  2.38607395e-02
 -2.12267637e-02  2.78334022e-02  3.28786485e-02  3.90895195e-02
 -2.67898161e-02 -1.64043792e-02 -2.20266618e-02 -2.97431108e-02
  1.06496830e-02  6.20402806e-02  1.91725325e-02 -3.86296660e-02
  3.38383168e-02  6.27064779e-02 -3.81150320e-02 -9.27090831e-03
  7.56350905e-02  8.75703245e-02  2.66788751e-02 -6.00150190e-02]