[-1.75612774e-02  2.75952592e-02 -4.58212830e-02 -5.50719909e-02
 -2.64742244e-02  3.29776295e-02 -1.83136784e-03  1.43646672e-01
  1.57686472e-02  6.87608197e-02  9.37569216e-02 -4.08532768e-02
 -2.10708287e-03  6.04253858e-02  5.39325236e-04  6.70560542e-03
  2.17776690e-02  3.79934050e-02 -8.31424668e-02  7.32801184e-02
  1.29273325e-01 -5.50582111e-02 -6.39982820e-02  5.45668229e-02
  8.25176947e-04 -4.72820224e-03 -5.89084513e-02  1.42400607e-03
 -2.65712906e-02 -6.90844143e-03 -5.21465056e-02  7.78706968e-02
  1.50829941e-01 -4.48899381e-02  2.15271674e-02 -4.69757430e-02
  5.06580137e-02 -5.62832616e-02 -7.92598468e-04  9.39976647e-02
 -5.74516952e-02 -1.90085378e-02 -1.06202245e-01 -1.22775091e-02
 -4.74361591e-02 -1.69991367e-02  6.22966676e-04  1.02385566e-01
 -3.63426283e-02 -3.74714984e-03  1.84217393e-02  2.24939212e-02
 -3.80753987e-02  2.94330306e-02 -2.64937989e-02 -1.05646782e-01
 -6.68488964e-02  4.06889291e-03  3.06798201e-02 -1.16025908e-02
 -1.26698231e-02  3.07709984e-02 -1.71210449e-02 -1.24777982e-03
  3.72250937e-02  5.06625930e-03 -6.63992367e-04 -6.30320236e-02
 -7.36698732e-02  6.03569187e-02  6.54700249e-02 -1.87775828e-02
  1.43691255e-02  2.18560584e-02  9.12593585e-03  3.29587683e-02
  2.82017272e-02  5.94216511e-02 -2.45418623e-02 -1.97152346e-01
  5.48695251e-02  3.25775780e-02  4.73981211e-03 -9.52617675e-02
  4.77166623e-02 -4.85265478e-02  4.32372205e-02  1.06055615e-02
  1.25389338e-01  1.23569686e-02  3.47827934e-02  3.72580439e-02
 -7.04598278e-02 -8.97610262e-02  7.94690251e-02  6.43188283e-02
 -5.57283871e-02 -2.90674902e-02  5.69781996e-02  2.36107409e-03
  1.00837544e-01  2.65760608e-02 -6.14408739e-02 -2.25459412e-02
  2.47889087e-02 -2.76900511e-02  7.37448782e-03  3.84643814e-03
  1.92022882e-02  9.74396467e-02 -6.92572668e-02 -3.80336456e-02
 -3.64444539e-04 -8.94708633e-02 -4.62286659e-02 -4.03943323e-02
 -3.95538844e-03  5.62708941e-04  5.32525033e-02 -5.13318479e-02
  7.29194190e-03 -2.25976370e-02  5.89280836e-02  1.74513727e-03
  7.12988600e-02 -3.59900519e-02 -3.76846120e-02  1.06855647e-32
 -3.87358405e-02 -5.81489019e-02 -3.87735702e-02 -3.98221351e-02
 -4.05401997e-02 -9.84411128e-03 -6.27915189e-02  3.01108882e-02
  5.10950461e-02  4.71360385e-02 -8.94963965e-02 -1.01463934e-02
  4.72258450e-03  6.63373759e-03  1.12408549e-01  2.43750960e-02
  7.20754713e-02 -5.46152741e-02  1.34316236e-02 -2.12824959e-02
 -5.72223626e-02  3.82744111e-02 -3.52294147e-02  4.15935852e-02
 -3.83520126e-02  5.97486235e-02 -5.75126223e-02 -4.29346897e-02
 -7.98544511e-02  4.11233455e-02  4.38859873e-02  5.01189800e-03
  3.55607159e-02 -2.64880396e-02 -7.34323487e-02 -3.85099882e-03
 -1.25979427e-02  1.84498001e-02 -9.79098026e-03  5.24811223e-02
 -6.72954395e-02  1.06026595e-02  6.90778345e-02  6.46361941e-03
  4.02727127e-02 -4.81276847e-02  6.15818165e-02  3.44887823e-02
  2.81803776e-02  6.89650550e-02 -4.78689112e-02  1.04543939e-02
 -2.03958675e-02 -6.46102577e-02 -7.03896880e-02  3.29492986e-02
 -1.00273199e-01  1.44043472e-02 -4.42369431e-02 -9.84913483e-02
 -3.11419312e-02  2.02987287e-02 -2.02600919e-02 -5.10514714e-02
 -1.37124702e-01 -1.57747120e-02 -3.51078026e-02 -2.11367793e-02
  5.57284430e-02  4.65492234e-02 -1.06575809e-01 -3.18519175e-02
 -6.50715083e-02  1.56023018e-02  1.97351947e-02  1.09497607e-02
  1.43490225e-01  4.62385034e-03 -1.39536420e-02 -1.20902304e-02
 -9.01760831e-02 -4.21519689e-02  1.10045001e-02 -3.27482969e-02
  1.10362638e-02  3.07067484e-02  5.18000610e-02  7.39466250e-02
 -2.43737199e-03  1.41307004e-02  9.34697688e-02  2.67017540e-02
 -3.16660176e-03 -5.16579440e-03  6.08918779e-02 -1.14009750e-32
 -2.81568971e-02  6.10826090e-02 -5.41087575e-02  1.68070570e-02
 -3.46338451e-02  3.04371286e-02 -1.51878605e-02 -4.97238003e-02
 -7.86246881e-02 -1.26850769e-01 -8.46219584e-02 -4.89664301e-02
  3.18199284e-02 -3.21525969e-02 -3.82752866e-02  7.86996037e-02
 -5.92546016e-02  4.38701957e-02 -1.22252954e-02  1.91270991e-03
 -2.60380451e-02  9.32511389e-02  6.70348778e-02  6.35564048e-03
  1.92704629e-02 -1.19879665e-02 -4.94626127e-02  1.84254255e-02
 -2.65531335e-02  3.29895690e-02  5.11725433e-03  1.24557531e-02
 -1.19689312e-02  4.85555492e-02 -5.40819541e-02 -9.76911113e-02
  5.44826053e-02 -6.05765022e-02 -3.94823961e-02  2.65674852e-02
 -9.54695139e-03  5.63702211e-02  3.72248739e-02 -2.42940523e-02
 -7.21966326e-02 -2.45928066e-03  6.94247633e-02 -7.45198503e-02
  2.66501307e-02 -6.38716742e-02  8.79870355e-02 -1.85884628e-02
  3.70480828e-02  4.40012068e-02 -1.22801214e-03  1.59296189e-02
 -6.08984753e-02 -3.47585529e-02 -2.06270274e-02  5.35931624e-02
  5.48754819e-02  5.28712831e-02 -1.64283421e-02 -3.60462330e-02
  5.35831153e-02  1.86651796e-02 -5.45971878e-02  8.84700119e-02
 -4.09787142e-04 -2.40988787e-02  4.24188152e-02 -4.28037420e-02
 -5.63813336e-02 -4.74689789e-02 -4.84749191e-02 -3.69550698e-02
 -5.86594874e-03  2.25813501e-02  2.88143624e-02  5.43220565e-02
 -8.74014422e-02  2.38565989e-02 -6.40566796e-02  2.05088360e-03
 -1.19762145e-01 -7.37460610e-03 -1.03348838e-02  7.39371916e-03
 -1.24804012e-03  4.28147689e-02 -3.46818455e-02  4.22231257e-02
  6.29279166e-02  2.25090124e-02 -2.45514307e-02 -5.98780261e-08
  1.47807747e-02 -5.35840578e-02  1.81153137e-02  1.62893422e-02
  5.02022207e-02 -7.41964206e-03 -1.52732218e-02  4.12131986e-03
 -2.70864274e-02  6.43160343e-02  3.05030122e-02  3.97584923e-02
 -8.40152875e-02  3.52149247e-04 -4.90390621e-02 -4.96586524e-02
  4.17949110e-02  6.30443320e-02 -6.89229965e-02 -9.91595536e-03
  7.17164204e-02  8.63090530e-03 -7.52237588e-02 -2.44987682e-02
  4.93195131e-02  1.34843728e-03  2.27731317e-02  2.18798723e-02
 -8.13574344e-03  3.89280543e-02 -7.90534243e-02 -7.98439048e-03
 -4.29847883e-03 -6.84046522e-02 -5.53205460e-02  1.44067884e-03
 -3.86705692e-03  1.35866515e-02 -6.43088222e-02 -2.66659493e-03
  1.17851943e-01 -9.78581458e-02 -1.30575374e-02  3.32383206e-03
  1.82934199e-02 -6.34394139e-02  9.06527787e-03  3.52845564e-02
  6.86839549e-03 -1.51898433e-02 -2.32038484e-03  6.37817383e-02
  1.66799594e-02  5.50820120e-02 -2.14670561e-02 -7.21586570e-02
  1.66868772e-02  7.77234370e-03 -5.20508885e-02 -2.77799685e-02
  7.55003765e-02  6.38121367e-02  3.37311178e-02 -8.31216723e-02]