[-5.09204604e-02  3.81948948e-02 -6.48144037e-02 -6.69395998e-02
  2.38170847e-02 -3.14134941e-03  5.36119454e-02  9.76586193e-02
 -3.42460424e-02  8.10858011e-02  7.22067505e-02  2.54354477e-02
 -5.50182536e-02 -6.01537293e-03  7.33117387e-02 -6.74005747e-02
 -4.44740504e-02  3.53504196e-02 -5.34131899e-02  1.02525778e-01
  1.54534042e-01 -1.71490330e-02 -7.81321377e-02  2.05832403e-02
 -6.94112387e-03 -3.45736444e-02 -1.16299558e-02  2.77910661e-02
 -2.65160277e-02 -2.66308710e-02  2.13606879e-02  1.31961048e-01
  3.87625583e-02  2.75441371e-02  1.03879310e-01 -5.49108982e-02
  3.82689610e-02 -6.10351970e-04 -5.10509349e-02  6.58654571e-02
 -5.87520264e-02  5.41631924e-03 -3.89435142e-02 -8.95324200e-02
 -4.53250781e-02 -8.17102045e-02  3.56174521e-02  4.63240072e-02
 -5.88322729e-02  4.80274595e-02  1.39761018e-02  1.37898158e-02
 -4.96787801e-02  2.26118620e-02  4.78029280e-04 -1.07983664e-01
 -2.49253865e-02  4.29165177e-02 -6.50748312e-02 -4.91423309e-02
 -2.84193046e-02  2.76672598e-02 -5.17100878e-02  1.53036220e-02
  3.97500359e-02  1.45318324e-03 -2.50376724e-02 -2.01415531e-02
 -2.21997835e-02 -4.07169946e-02  5.75221106e-02 -1.26941666e-01
 -1.31736668e-02 -4.89691235e-02 -7.55177811e-02  4.32215817e-02
  4.51715738e-02  5.32080047e-02 -4.74565513e-02 -1.40642047e-01
  2.85916738e-02  2.08457652e-02 -1.06841815e-03 -6.62521273e-02
 -1.74217280e-02 -5.39423786e-02 -1.86589696e-02  5.29672317e-02
  5.31619228e-02  2.62881443e-02  6.66512772e-02  1.16465837e-01
 -4.36559739e-03 -5.44918403e-02 -2.28507910e-02  3.50509421e-03
  6.56967461e-02  3.48929912e-02  9.61758122e-02  2.57948451e-02
  9.67556313e-02  3.36527415e-02 -2.14667749e-02  2.80727670e-02
  2.55702212e-02  1.07199438e-02  3.95595841e-02 -5.36784455e-02
  1.09860208e-03  1.53151993e-02 -9.73054394e-02  8.41897540e-03
 -4.09413353e-02 -9.17054564e-02 -4.87521775e-02 -4.03066315e-02
 -7.44693130e-02 -2.00981237e-02  7.52179027e-02 -5.46452329e-02
  4.71766852e-02 -2.07337756e-02  3.05125341e-02 -8.14199075e-02
 -1.13880010e-02  3.37205715e-02  2.93876100e-02  6.78947758e-33
 -8.04299340e-02 -3.10618635e-02 -1.68205127e-02 -3.75034064e-02
 -2.51291879e-02  2.55236812e-02 -2.52077021e-02  7.53584951e-02
  1.90334413e-02  2.22192258e-02 -5.79585992e-02  2.60989014e-02
 -1.20660523e-02 -2.00934317e-02  1.13009356e-01 -2.92019472e-02
  2.32399553e-02  3.28585617e-02  5.32209687e-02  5.59488349e-02
  1.26712862e-02 -8.17922354e-02  9.05893371e-03 -1.72069278e-02
  4.25226055e-02  8.63368213e-02 -3.17009501e-02 -1.58860516e-02
 -4.30107713e-02  4.40929048e-02  1.23104684e-01  5.65579869e-02
  4.90615517e-02 -8.62507522e-03 -3.23779397e-02  1.34277241e-02
  4.73025814e-03  7.12103024e-02 -3.25677842e-02 -8.54375735e-02
 -1.40056349e-02 -6.15069680e-02  4.84165400e-02  8.53556842e-02
  4.90164235e-02 -2.35502366e-02  2.39612330e-02  1.66954026e-02
  1.30164623e-01 -1.44220442e-02 -7.74366129e-03 -2.45051198e-02
 -2.58430671e-02 -4.53100838e-02 -1.42062986e-02 -3.75627652e-02
 -4.17530872e-02 -1.85751952e-02 -1.00564416e-02 -3.85235101e-02
  5.53749874e-02 -7.08245263e-02 -6.34281263e-02 -2.48221904e-02
 -5.59249185e-02 -1.81608535e-02  2.99441908e-02  4.72381301e-02
  1.22959152e-01  9.78627894e-03 -9.78930220e-02 -4.38180976e-02
 -4.18697763e-03  2.77328249e-02  7.31236935e-02  5.80851687e-03
  1.26799151e-01  4.77470383e-02 -4.15086560e-02  2.95305834e-03
 -2.47409530e-02 -6.10027052e-02 -5.39422035e-02 -6.54420117e-03
  5.92782050e-02  5.42451441e-02  3.48964632e-02  3.52318287e-02
  3.73953804e-02  7.35572726e-03  5.57274707e-02  1.36760145e-03
 -6.09038360e-02 -1.46825239e-02  7.17061087e-02 -9.94990214e-33
 -4.16561477e-02  2.68889777e-02 -5.68167083e-02 -5.82969841e-03
 -1.89262722e-02 -9.58882738e-03  8.51757452e-03 -5.77900708e-02
 -7.96896406e-03 -9.97163728e-02 -9.85694602e-02 -5.63426949e-02
  7.68304095e-02 -3.30328010e-02 -8.91389176e-02  4.79030535e-02
 -8.37044865e-02 -2.49206107e-02  6.24116231e-03 -1.91300921e-02
  3.39508541e-02  5.39017282e-02  3.21542397e-02 -6.01686127e-02
 -1.65203698e-02 -4.27757762e-02 -7.03608543e-02 -7.57500902e-02
 -6.10120222e-02  2.96041369e-02  3.13498341e-02 -9.46812914e-04
 -1.59947388e-02  7.89228752e-02 -3.81380916e-02 -1.06939971e-01
  6.62026405e-02 -7.23953769e-02 -7.25314617e-02  6.38869852e-02
  4.06947732e-03  7.86577314e-02  3.54855843e-02 -1.52113121e-02
 -1.28328372e-02 -2.84530297e-02 -3.12423203e-02 -5.61937951e-02
  1.28201898e-02 -1.71484984e-02  1.10573389e-01 -3.71231772e-02
  4.10061190e-03  1.60215870e-02  3.40544619e-02  1.93350501e-02
  1.86411496e-02 -6.14968948e-02 -8.17776844e-02  2.96467561e-02
  4.37839851e-02  6.96496516e-02 -8.31257459e-03 -3.57010067e-02
  5.00352792e-02 -4.47103195e-02  8.50889646e-03 -1.50561146e-02
  2.67286189e-02 -6.00872785e-02  1.87479146e-02 -4.00920659e-02
 -9.95832086e-02 -1.20530864e-02 -5.84361292e-02  1.53810810e-02
  2.41424292e-02  1.71415955e-02 -2.67361514e-02  1.86466165e-02
 -9.17765200e-02  2.65195109e-02 -2.95381397e-02 -1.76039878e-02
 -5.16579337e-02 -3.61613669e-02  4.16204631e-02 -6.92501338e-03
 -3.99915531e-04  1.29758697e-02 -4.35963348e-02  7.48973042e-02
  4.72246334e-02  6.80883005e-02 -1.34882089e-02 -5.52534054e-08
 -2.16262322e-02 -6.26296923e-02  1.58673525e-02  3.68906260e-02
  9.43094715e-02 -6.25986755e-02 -2.24012416e-02  5.31610474e-03
  1.09724188e-02 -3.80475330e-03  5.84533922e-02 -3.08883395e-02
 -9.96304601e-02 -6.07950017e-02 -1.86140239e-02 -9.86028761e-02
  3.06295138e-02  2.66972929e-02 -6.09906502e-02  7.03121955e-03
  5.53204678e-02  1.03876488e-02 -1.01513542e-01 -5.52298315e-03
  1.84008274e-02 -3.86345536e-02 -3.31779048e-02  2.99945660e-02
  3.88907716e-02 -1.44057814e-02 -6.41199620e-03  2.85579748e-02
 -3.04704648e-03 -7.39201903e-02 -9.09788534e-02  1.21858800e-02
  3.30299363e-02  8.55848286e-03 -3.36084403e-02  1.90409087e-02
  8.40410888e-02 -9.90999565e-02 -4.11325842e-02 -3.58947832e-03
 -1.99053138e-02 -5.70894890e-02 -8.32221732e-02 -8.40539858e-03
  7.05476198e-03 -1.98902227e-02 -3.75165641e-02  2.60324962e-02
  1.19788945e-02  3.02426554e-02  4.52622911e-03 -8.61649029e-03
 -1.02602958e-03  4.16799299e-02 -5.79811521e-02 -2.54093241e-02
  8.30895528e-02  2.42510717e-02  3.53214554e-02 -4.04017717e-02]