[-2.78272256e-02  9.95608866e-02 -2.96202209e-02 -9.19891521e-02
 -9.55660716e-02  1.26928799e-02  2.17785761e-02  5.83137460e-02
  3.94524485e-02  8.11171457e-02  9.31838453e-02  8.71930830e-03
 -2.85525639e-02  2.59794499e-04 -1.59856807e-02 -2.14544893e-03
  8.94979089e-02 -3.11957672e-02  3.34562291e-03  7.44448602e-02
  1.29794061e-01 -6.18489534e-02 -1.01921529e-01  7.09704533e-02
 -9.97460261e-02 -5.63253323e-03 -7.30272681e-02 -1.43727791e-02
 -6.08283281e-02  2.32204814e-02  6.99890498e-03  2.95331441e-02
  2.42663752e-02 -4.24441695e-02  5.04034609e-02  4.09730896e-02
  5.17978519e-02 -2.33252533e-02 -5.89739671e-03  6.16910085e-02
 -5.16035371e-02 -6.32807016e-02 -6.91122264e-02 -8.31941590e-02
  5.48738288e-03 -6.62794411e-02  3.88308577e-02  1.34511944e-02
 -2.71768030e-02 -3.66069451e-02 -7.75971115e-02 -3.71146165e-02
  1.63214114e-02  3.95516455e-02 -4.39880714e-02 -5.01743816e-02
  1.07060215e-02  3.74744902e-03 -3.56767997e-02 -1.75269656e-02
 -5.52459136e-02  4.46586758e-02 -7.36029297e-02  5.25641739e-02
  6.94413185e-02 -5.26051223e-02  2.27162503e-02 -2.41498817e-02
 -6.69631734e-02  1.06863908e-01  2.05250196e-02 -6.55233338e-02
  4.42813858e-02  2.12144535e-02 -3.81523073e-02  8.01451206e-02
 -1.63476840e-02  4.54243198e-02  4.99798320e-02 -1.98371366e-01
  3.17523256e-03  6.95419637e-03  9.64806229e-03 -4.46066074e-02
 -2.53617093e-02 -2.13303901e-02 -9.87404212e-03  3.39524113e-02
  8.64772573e-02  9.58915986e-03  1.45459967e-02  6.51046410e-02
 -6.33373344e-03 -2.49131527e-02  2.99535990e-02  5.19940630e-03
 -2.85983216e-02  3.21871936e-02  3.59586515e-02 -9.35970154e-03
  9.86012220e-02  3.02393790e-02  1.84762105e-02  1.35455569e-02
 -4.82128039e-02  2.99418159e-02 -3.72338779e-02 -4.84354757e-02
  2.61468906e-02  7.31978193e-02 -3.76544446e-02 -2.89825797e-02
 -5.55224419e-02 -6.36197180e-02 -3.45622711e-02  8.02094787e-02
 -4.75822538e-02  1.23338522e-02  4.10838835e-02  6.57183351e-03
 -1.27613228e-02  2.08365060e-02 -8.22864380e-03 -3.75096649e-02
  4.50520366e-02 -3.28675620e-02  1.19036157e-02  1.09939968e-32
  2.95522995e-03 -1.18803047e-01  1.92672219e-02  2.26647011e-03
 -1.70556679e-02  1.52539117e-02 -3.34424749e-02  2.53621619e-02
 -5.07983938e-03  6.63189366e-02 -8.88471007e-02  3.31513807e-02
  4.16292052e-04 -1.88410524e-02  9.95993763e-02 -2.31832098e-02
  4.16123308e-03  3.86283658e-02 -1.13815954e-03  3.53672216e-03
  2.56331135e-02 -3.84915359e-02 -1.18980827e-02  6.26462279e-04
  2.20990600e-03  3.80583182e-02 -5.96711971e-02 -3.87207493e-02
 -6.77087754e-02  6.20632544e-02  3.54237221e-02 -6.10581553e-03
 -1.20880874e-02 -3.16185728e-02 -8.46989974e-02 -4.93093356e-02
 -1.79569758e-02  1.71803462e-03 -4.36461456e-02 -5.63854836e-02
 -5.60290776e-02  2.04716399e-02  6.14560395e-02  5.31592704e-02
  3.16580385e-02 -3.29677910e-02  4.57730144e-02 -1.31164510e-02
  1.11237563e-01  9.27024186e-02 -2.67991554e-02 -5.53809069e-02
 -1.86532773e-02 -6.54293224e-02  1.54933361e-02  3.44354846e-02
 -7.63449371e-02  7.73912221e-02 -1.14842700e-02 -6.28147349e-02
 -1.10228369e-02 -4.18742523e-02 -7.93010592e-02  1.41816065e-02
 -5.95753975e-02 -5.30761257e-02  1.24300784e-02  8.76237638e-03
  1.28564224e-01 -1.53488433e-02 -1.31692305e-01 -4.62454685e-04
  1.51108978e-02  4.07500118e-02  4.24619764e-02 -4.68804920e-03
  3.96591462e-02 -2.64839437e-02 -6.36602864e-02  2.92819049e-02
 -4.58121933e-02  1.16190230e-02 -6.26774356e-02 -3.98968766e-03
  4.65107970e-02  9.56480056e-02  5.90360910e-02  2.89031733e-02
 -3.16363224e-03  1.06885105e-01  1.83580182e-02  1.61561109e-02
  3.15070781e-03  1.23997219e-02  3.79497446e-02 -1.36248288e-32
  1.85232945e-02  1.85063295e-03 -2.72047929e-02 -9.62900650e-03
  7.09892511e-02  5.76469973e-02  2.42343433e-02 -5.90877496e-02
 -8.01349729e-02 -7.41443485e-02 -4.44258600e-02 -7.01010600e-02
  5.35605736e-02  1.67449471e-02 -1.09769180e-01  1.03102894e-02
 -8.32334533e-02 -4.53751236e-02 -3.81238125e-02 -2.03435756e-02
  3.94041575e-02  1.13287590e-01  7.26369396e-02  2.62189396e-02
  2.20570229e-02 -8.51794630e-02 -1.61164105e-02 -3.75091657e-02
 -3.92850153e-02  2.24073865e-02  2.36203391e-02  1.46775004e-02
 -3.01596839e-02  1.13934360e-01 -2.16689669e-02 -3.02383746e-03
  4.86099496e-02 -4.92339581e-02 -1.59813985e-02  7.93606713e-02
  2.37791892e-02  5.66200800e-02  2.79620066e-02 -1.80843193e-02
 -6.63205534e-02 -3.22749955e-03 -5.76305091e-02 -1.19359285e-01
 -1.34454435e-02 -6.68546408e-02  4.88351956e-02 -3.24121304e-02
 -5.06229047e-03 -2.16509849e-02  6.65728450e-02 -7.59813711e-02
 -3.32122818e-02 -1.08077601e-01 -1.20384231e-01  9.36805550e-03
  8.42112973e-02  1.17746154e-02 -3.80155481e-02  8.08131974e-03
  1.06739305e-01 -1.88968256e-02 -2.40127295e-02  3.00109535e-02
 -2.66200155e-02  4.34976667e-02  1.32356333e-02 -5.87553978e-02
 -9.74905565e-02 -4.30990197e-02  6.32979199e-02 -2.85150148e-02
 -1.82741024e-02 -4.33915742e-02 -6.98492378e-02  1.08041512e-02
 -4.61495854e-02 -3.76663134e-02  8.80250242e-03 -1.25357462e-02
 -5.24158254e-02  2.29850709e-02 -1.35468738e-02 -1.37584955e-02
 -5.03436802e-03  8.50547850e-02 -4.73548844e-02  3.45051698e-02
  5.95573597e-02 -1.93571430e-02 -1.04363468e-02 -5.81903556e-08
  2.75915768e-02 -9.65983048e-03  4.57016006e-02 -9.96276271e-04
 -1.88778229e-02 -5.93632869e-02 -3.82849649e-02  5.03546791e-03
  1.29628452e-02  4.97719161e-02  9.15838480e-02 -3.80765460e-02
 -2.95178574e-02  1.61624178e-02  1.40313013e-02 -6.35470599e-02
  4.13397588e-02  3.13793942e-02 -3.49687263e-02 -7.62269422e-02
  4.57990542e-02 -6.73972722e-03 -1.06366470e-01 -1.12814773e-02
  7.63497651e-02  2.29394864e-02 -4.10525054e-02 -7.90898968e-03
 -6.20178506e-03  4.17434275e-02 -9.60142352e-03 -1.85391996e-02
  1.47132762e-02 -5.99848144e-02 -4.90095578e-02 -3.49101797e-02
 -3.20993848e-02  2.96119675e-02 -2.86195017e-02  1.46105187e-02
  7.26041719e-02 -8.74195620e-03 -5.59708802e-03 -2.15159953e-02
  4.50317040e-02  3.37680802e-02 -5.61016649e-02  9.66179445e-02
 -4.88123856e-02 -4.20472063e-02 -7.54788518e-02 -1.69510078e-02
  7.25684613e-02  4.67610061e-02  1.49377985e-02 -2.76611932e-02
  6.78871498e-02 -1.33785279e-02 -4.66347225e-02 -1.48831150e-02
  1.36390284e-01  1.24565393e-01 -1.06445543e-04 -6.24074899e-02]