[-5.47828935e-02  2.48040948e-02 -2.11039875e-02 -4.03355807e-03
 -4.31674607e-02  2.47167870e-02 -5.97117506e-02  6.02774881e-02
 -3.20644341e-02  8.69240537e-02  1.04918927e-01  1.49646951e-02
 -7.57097080e-02 -1.83919985e-02 -1.47430608e-02 -2.64799185e-02
 -4.05994952e-02  1.87439807e-02  5.08787809e-03  7.02866986e-02
  5.84774502e-02 -3.77746150e-02 -3.46764103e-02  4.31851782e-02
 -4.74673174e-02  1.03873219e-02 -4.24000844e-02 -4.79539484e-02
 -6.49695471e-02 -5.78630269e-02 -3.53814662e-02  9.75744203e-02
  1.70686468e-02 -3.42409089e-02  7.89371952e-02 -4.78776991e-02
  5.00035509e-02 -2.35883519e-02  3.39039564e-02  5.34536317e-02
 -8.87609646e-03 -2.51607914e-02 -9.79937613e-02 -4.72895652e-02
 -8.49936344e-03 -1.01353064e-01 -3.03056799e-02  7.26517960e-02
 -1.90704260e-02 -1.95261557e-02 -4.36119698e-02  4.04105261e-02
 -3.54496352e-02 -6.29304051e-02 -2.15818565e-02 -6.41411394e-02
 -6.12213230e-03 -5.93030592e-03 -1.81447640e-02  1.97630636e-02
 -6.73906878e-03  3.64516117e-02 -8.16441104e-02  2.20964607e-02
  8.19024723e-03 -3.78281176e-02  3.87457907e-02  1.49204554e-02
 -9.91184115e-02  5.88273518e-02  2.00527124e-02 -4.15733568e-02
  2.27949601e-02  1.25774764e-03 -3.33322100e-02 -1.01164798e-03
  3.59907225e-02  4.43990491e-02 -5.83573692e-02 -9.98594239e-02
  4.17032018e-02 -1.44917034e-02  3.10373004e-03 -4.53384109e-02
 -2.61199605e-02 -5.91603816e-02  7.19376504e-02 -1.00568324e-01
  9.53453183e-02 -1.63689461e-02  8.44014436e-02  7.07561597e-02
 -5.87370470e-02  3.57433632e-02  6.63492829e-02 -2.53452137e-02
 -3.17690335e-02  7.33972341e-02  2.72225738e-02  2.35805269e-02
  9.32908058e-02  6.11044606e-03  7.47342035e-03  4.78891144e-03
 -8.48690495e-02  4.23318893e-03  3.10725234e-02 -7.61018768e-02
  3.10935099e-02  6.48346841e-02 -1.40020192e-01 -4.68250513e-02
 -7.51956403e-02 -5.67569025e-02 -1.14031911e-01 -9.21351183e-03
 -2.27618124e-02 -2.98178084e-02  6.08683191e-02  2.41694357e-02
  6.03743494e-02 -2.95288935e-02 -5.08606732e-02  3.86923477e-02
 -6.80486858e-02 -6.79220781e-02  5.11861481e-02  8.33390377e-33
  1.00446455e-02 -3.90418656e-02 -1.33064976e-02 -2.12301556e-02
  4.57453988e-02  4.27895188e-02 -7.64910579e-02 -5.79838119e-02
 -5.38822114e-02 -3.76482308e-02 -1.17111243e-01  5.29977642e-02
 -8.15581530e-02  4.19854559e-02  1.10355385e-01  6.96118474e-02
 -3.15226875e-02  1.66460369e-02  3.50375064e-02 -3.25294919e-02
  1.00902077e-02  1.09779369e-02 -6.10575592e-03 -2.97270752e-02
  6.23903796e-02  1.44225612e-01 -2.17027683e-02 -8.43608379e-02
 -6.20620102e-02  4.19250131e-02  4.12320718e-03  5.52150561e-03
 -1.28670381e-02  1.15090804e-02 -6.85505867e-02  3.35561335e-02
 -2.94415504e-02  1.44201051e-02 -2.19660029e-02  5.24731912e-03
  2.65244171e-02  1.30937882e-02  4.51074690e-02 -1.32377248e-03
  1.73621792e-02  3.87126692e-02  1.99072305e-02  4.35346505e-04
  1.05137236e-01  7.85867590e-03 -4.66544032e-02 -8.53277147e-02
 -7.62917846e-02 -2.71223765e-02  3.81870791e-02 -1.58713032e-02
 -6.33345917e-02  2.57972535e-02  7.34529942e-02 -4.31121662e-02
  3.14830616e-02  3.29979807e-02  3.25521678e-02  1.54758582e-03
 -3.13045271e-02  3.10618635e-02 -4.82750009e-04  5.23859784e-02
  3.80622931e-02 -5.02262451e-02 -1.37629181e-01 -3.50639340e-03
  6.80599064e-02 -5.28195687e-03 -3.04126497e-02  4.86614968e-04
  1.26165636e-02  6.48676753e-02 -6.97101513e-03  6.84359595e-02
 -3.74652445e-02  8.37014057e-03 -3.83796846e-03 -2.24360190e-02
  2.91470494e-02  5.36466017e-02  5.57919219e-02  9.34072509e-02
  1.26125440e-02  4.13701609e-02  1.42000625e-02  6.04697950e-02
  2.19160207e-02 -3.56655009e-02  3.40973474e-02 -1.10267990e-32
  3.65777500e-02 -2.49433406e-02  4.17681597e-02  6.46034405e-02
 -2.18451004e-02 -3.11781056e-02 -1.26026124e-01  8.02597404e-02
  5.67589328e-02 -4.96369563e-02 -7.27475733e-02 -7.32040331e-02
  7.52999410e-02 -8.56366102e-03 -6.22230843e-02  4.32508327e-02
  6.60204189e-03 -8.69083256e-02 -8.07712153e-02 -5.30668423e-02
  1.22203203e-02  7.28086531e-02  3.18566188e-02 -4.30282354e-02
 -2.71479003e-02 -5.87296151e-02  7.97799975e-02 -4.19127233e-02
 -1.26734808e-01  3.05303349e-03  3.04174004e-03 -1.33681651e-02
 -4.28318940e-02  1.10046290e-01 -2.42117941e-02  5.45169637e-02
  6.29380867e-02  2.16422193e-02 -2.33283509e-02  6.11229762e-02
  2.55573262e-02  5.71803078e-02  8.02505091e-02 -2.96427812e-02
 -9.41096246e-03 -3.24721932e-02 -6.03931583e-03 -4.13989797e-02
 -1.48323830e-02 -5.03064469e-02  8.07716101e-02  2.73855701e-02
 -7.18503520e-02 -2.76741963e-02 -8.68742634e-03 -1.74706597e-02
 -1.21798553e-02 -2.43730284e-02 -8.85902718e-02  4.14604787e-03
  1.17999231e-02  1.39826968e-01 -1.03958465e-01  1.56883732e-03
  7.41493423e-03 -5.50587662e-04 -4.16667722e-02 -7.86869903e-04
  3.81648578e-02 -4.42335103e-03 -9.80729982e-03 -4.61895950e-02
 -4.27762307e-02  1.70718562e-02 -3.41102257e-02  8.09864700e-02
 -9.28531438e-02  4.83543128e-02  3.17087919e-02  4.58897203e-02
 -2.67262179e-02 -3.64029557e-02 -3.99611592e-02  6.50046840e-02
 -2.42774319e-02  1.72198620e-02 -9.59359333e-02 -6.38067126e-02
 -2.29186355e-03  1.86264142e-02  3.28448787e-02 -4.49503772e-02
  4.60824370e-02  8.68482590e-02 -6.53090924e-02 -6.84839634e-08
  4.14418727e-02 -4.84346272e-03  1.32166687e-02  6.17571995e-02
  4.81694192e-02 -6.82942048e-02  6.22513928e-02  5.11414297e-02
  4.38922504e-03  1.25497222e-01  5.18183596e-02  7.32802134e-03
 -8.09909627e-02  3.76269817e-02 -2.59412732e-03 -5.57615496e-02
  1.21396258e-02  8.81300047e-02 -4.17751446e-02 -2.60041505e-02
  8.84071589e-02  1.56310573e-02  3.71904001e-02 -7.33559430e-02
  3.78062427e-02  4.22445155e-05 -5.67005686e-02 -3.42276096e-02
 -5.63113093e-02  2.66767703e-02 -8.50718061e-04  4.65167128e-02
 -2.16951054e-02 -8.63498896e-02  3.19156388e-04 -2.50752419e-02
  6.15323484e-02  2.66799354e-03 -7.12580755e-02 -3.57549414e-02
  6.76316395e-02 -3.70544605e-02 -5.72197558e-03 -2.06231978e-02
  7.66762123e-02 -4.05295715e-02  1.80569552e-02 -2.07057279e-02
  2.35838052e-02 -1.85686834e-02 -2.76761018e-02  7.20150908e-03
  9.73573774e-02  2.44131982e-02 -7.02886982e-03 -2.26042364e-02
 -3.47209250e-04  3.43123823e-02  8.99138488e-03 -1.68502405e-02
  5.38440235e-02 -7.53213242e-02 -1.97948664e-02  5.88454828e-02]