[-2.21788399e-02  3.93175855e-02 -6.81022257e-02 -2.74997354e-02
 -7.24523962e-02 -7.46054901e-03  2.85979398e-02  7.11781308e-02
  4.35662493e-02  5.76691851e-02  7.84981251e-02 -7.00839749e-03
  1.05292778e-02  4.99927718e-03  7.77176619e-02 -7.85425864e-03
  6.31974190e-02  3.40491929e-03 -2.21902281e-02  2.52602324e-02
  1.56976223e-01 -3.59154190e-03 -7.22352117e-02  5.80223352e-02
 -1.06689133e-01  1.39879333e-02  1.52300228e-03 -1.91830378e-02
 -4.50702421e-02 -1.58064086e-02 -1.42444391e-02 -4.82529914e-03
  9.68694389e-02  3.53756058e-03 -5.16601764e-02  8.68925918e-03
 -3.00396350e-03 -3.16569023e-02 -2.95597985e-02  4.42513116e-02
 -7.58462772e-02 -1.10241752e-02 -1.16370477e-01 -4.93433326e-02
 -2.32062750e-02 -3.24887373e-02  2.49618609e-02  8.96379873e-02
 -7.28883315e-03 -9.15892422e-02 -6.22890033e-02 -2.28480343e-03
 -5.05805239e-02  3.22136842e-03 -5.26582543e-03 -9.72209871e-02
 -7.19960826e-03 -1.49368551e-02 -1.67527329e-02  2.87973532e-03
 -2.74658878e-03  3.90027277e-02 -1.74291842e-02  3.20498869e-02
  7.12377727e-02  8.88765529e-02 -4.00200747e-02  2.38923710e-02
 -1.98900104e-02  4.21379581e-02  1.35596050e-02 -7.11120442e-02
  3.78268547e-02  4.74383123e-02 -5.01022674e-02  4.21033688e-02
  1.81651693e-02  3.95311452e-02 -6.46673003e-03 -1.52555883e-01
  5.38542587e-03  7.91671947e-02 -2.97793970e-02 -4.25933972e-02
  2.10342258e-02 -4.08936106e-02  3.93166542e-02  8.68633017e-03
  8.31625387e-02 -1.10773873e-02  4.16147476e-03  5.51909534e-03
 -6.14198223e-02 -6.23082072e-02  2.25241575e-02 -3.41707990e-02
 -5.59282899e-02 -3.79580744e-02  6.35232106e-02 -3.38026397e-02
  6.71846643e-02  4.18681838e-02 -1.79617554e-02 -2.20393762e-02
 -1.19113792e-02 -4.87984950e-03  1.61929952e-03 -7.51179904e-02
  3.98614667e-02  1.72618091e-01 -1.12414658e-01 -3.19349803e-02
 -6.43505156e-02 -4.80671860e-02 -1.37908226e-02 -2.84398403e-02
 -1.93109084e-02  1.92648582e-02  6.15735427e-02 -4.75083888e-02
  1.72900856e-02 -2.39038188e-02  5.06531596e-02 -1.18285301e-03
  8.11725333e-02 -3.30719016e-02 -1.28149102e-02  8.15842744e-33
 -3.19156907e-02 -5.05793281e-02 -1.72017831e-02  2.24774871e-02
 -9.06594738e-04  2.52301320e-02 -1.86263751e-02  6.91953627e-03
  3.30020301e-02  1.32229447e-01 -2.83542499e-02  3.77556831e-02
 -3.90694067e-02  1.50960246e-02  1.28323168e-01 -3.48163955e-02
  1.88029520e-02  8.64416268e-03 -2.03236518e-03  7.70860631e-03
 -1.16408141e-02  3.26254889e-02  3.49545553e-02 -1.60402283e-02
  2.84893475e-02  3.24750058e-02 -3.97143885e-02 -2.79803053e-02
 -1.91076398e-02  1.42267058e-02  9.85630527e-02 -4.84104864e-02
  3.30451243e-02 -2.74766870e-02 -5.60297258e-02 -3.75781320e-02
 -5.80357350e-02 -1.75279398e-02 -2.97916513e-02 -4.17853929e-02
 -5.85267767e-02 -3.26085761e-02  4.77763526e-02  1.78680550e-02
  3.30998674e-02 -7.51137435e-02  5.00749461e-02 -4.21400405e-02
  7.97082931e-02  4.26140986e-02 -1.77898258e-02 -5.00438102e-02
 -3.12202144e-02 -9.61786285e-02 -1.47877811e-02 -2.50377087e-03
 -4.58633266e-02  3.84609066e-02 -1.46102263e-02 -8.80963579e-02
 -1.58535875e-02 -6.04672320e-02 -3.10193878e-02 -6.55920655e-02
 -3.12553272e-02 -5.97892180e-02  4.03472362e-03  3.58697213e-02
  1.02252878e-01  3.28686722e-02 -8.50249827e-02 -9.33829986e-04
 -6.32349551e-02  3.47134136e-02  9.74419340e-03  2.48445501e-03
  3.77121493e-02  6.84748462e-04  2.67021428e-03  4.89770947e-03
 -5.10728844e-02 -1.89617798e-02  2.08089594e-02 -1.54883796e-02
  5.64229563e-02  7.00596943e-02  2.22285241e-02  5.49810752e-02
 -3.12454179e-02  9.38481316e-02 -1.22263320e-02  1.13558665e-01
 -3.20273899e-02  4.34406474e-02  5.62649891e-02 -1.15450516e-32
 -1.68926418e-02  1.36240860e-02 -5.40533550e-02 -3.55432183e-02
  2.62486632e-03  9.71339736e-03 -4.91828099e-02 -6.55881763e-02
 -6.48122430e-02 -9.29975584e-02 -8.01195279e-02 -1.11143701e-01
  7.73951113e-02 -1.42606413e-02 -7.36017525e-02  2.64303386e-02
 -3.93711962e-02 -2.45397259e-02 -6.01863936e-02 -3.60576212e-02
 -4.58391421e-02  1.18031293e-01  8.05100054e-02 -4.41516377e-02
  2.14460548e-02 -6.65454790e-02 -1.85172714e-03  5.66814281e-02
 -5.85968904e-02 -2.25098450e-02  7.40404204e-02  5.12661934e-02
  8.66294280e-03  6.21757023e-02 -1.98621098e-02 -4.69171889e-02
  8.25090185e-02 -2.83287074e-02 -5.30766249e-02  3.32959667e-02
  5.53962328e-02  7.25781918e-02  2.60321354e-03 -2.18571946e-02
 -9.23629999e-02 -1.46810636e-02 -8.75162892e-03 -1.28908545e-01
  4.72922474e-02 -7.84564950e-03  1.26063868e-01 -6.91764951e-02
 -3.03604081e-03 -2.05260180e-02  4.23194505e-02 -1.34242959e-02
 -2.17059962e-02 -9.31885168e-02 -7.40814060e-02 -7.29247881e-03
  4.70928624e-02  1.78394765e-02  5.52921229e-05 -3.46267037e-02
  7.46532753e-02 -4.63322613e-05 -2.45139692e-02  6.30262494e-02
  2.00001132e-02  2.36719213e-02  9.74313449e-03 -6.37030378e-02
 -1.40550911e-01 -7.97258765e-02 -1.53994700e-02 -9.81087890e-03
 -4.18204032e-02 -1.59732848e-02 -4.89483215e-02  4.60230038e-02
 -4.36562374e-02 -2.89527886e-02 -8.56762100e-03 -2.24695206e-02
 -6.54420629e-02  4.61760424e-02 -2.16265302e-02  6.01371229e-02
 -2.23824643e-02  9.82136950e-02 -8.30091164e-02  1.91387460e-02
  3.80063094e-02  2.43677720e-02 -3.54529954e-02 -5.56790845e-08
  2.85917856e-02 -4.37882654e-02  6.32474124e-02 -2.52321921e-02
  3.65986079e-02 -5.96603565e-02 -1.06823798e-02 -3.63947265e-02
 -4.35069352e-02  2.06117500e-02 -3.35506350e-03 -1.26345074e-02
 -9.28734541e-02  2.63877586e-02  1.78341102e-02 -7.95094147e-02
  3.69319879e-02  4.18503433e-02 -1.85437426e-02 -7.21633211e-02
  9.10965055e-02 -3.17594521e-02 -1.18604675e-01  1.12093100e-02
  1.10691220e-01 -7.61948759e-03 -4.43121120e-02 -2.72655543e-02
  1.48664974e-02  8.91666859e-02  3.69474129e-03 -2.06447206e-02
  3.13891359e-02 -3.92425731e-02 -4.02982272e-02 -3.37455273e-02
  5.16450144e-02 -7.17490073e-03 -2.38240827e-02 -3.06349667e-03
  1.33454725e-01 -7.14235182e-04  3.11363935e-02  2.21333429e-02
  1.33646363e-02  2.79450808e-02 -3.21210246e-03  6.48936182e-02
 -2.58976370e-02 -5.43290563e-02 -5.77923991e-02  4.14745398e-02
  6.20742850e-02  5.34943193e-02 -1.17667802e-02 -3.14356312e-02
  4.76772375e-02  5.11967279e-02 -4.43388039e-04 -9.10480134e-03
  8.65761787e-02  3.41208987e-02  6.10114187e-02 -4.30354029e-02]