[-7.79605052e-03  5.63741662e-02 -6.28312379e-02 -5.58198877e-02
 -1.59427002e-02  1.95439998e-02  5.64048737e-02  1.08855583e-01
  3.27932388e-02  3.69939320e-02  6.79717809e-02  6.72233338e-03
 -5.81965186e-02  3.95596810e-02 -4.23284917e-04 -1.85991786e-02
 -1.64024197e-02  2.75048111e-02 -2.90390737e-02  8.26817378e-02
  1.88876063e-01 -2.76042819e-02 -8.75755325e-02  5.19404886e-03
 -3.21854390e-02 -9.90369264e-03 -5.08531407e-02 -5.96164260e-03
 -1.38643319e-02 -3.85306738e-02  2.83127390e-02  1.16217732e-01
  9.28739011e-02 -1.91091318e-02  9.73138551e-04  3.53708230e-02
  3.74893211e-02 -6.80994689e-02 -4.72716801e-02  7.14788064e-02
 -5.88372312e-02 -2.71816682e-02 -7.01128095e-02 -4.60005887e-02
 -5.80794970e-03 -7.39096925e-02  4.23234217e-02  4.07665968e-02
 -4.80176918e-02 -6.90472219e-03  9.49943613e-04  1.85412280e-02
 -3.60871591e-02  4.80096675e-02  1.28949890e-02 -7.02022314e-02
  3.83442547e-03  1.13642318e-02 -2.41757724e-02  5.13707437e-02
 -6.49341047e-02  3.86036225e-02 -1.87573116e-02 -2.29736287e-02
 -1.83410868e-02 -7.25289620e-03 -2.72465814e-02  1.21197961e-02
 -1.88508425e-02  2.07748283e-02  3.25088538e-02 -9.08659771e-02
 -2.26126648e-02  5.90779120e-03 -1.37914149e-02  2.97807101e-02
 -1.16934218e-02  6.90699220e-02 -2.21922677e-02 -1.68588027e-01
  3.42086479e-02  8.50063283e-04 -3.90293486e-02 -7.33451545e-02
 -8.84375349e-03 -6.04852987e-03 -3.07987779e-02  4.15882803e-02
  5.08908704e-02  2.29143314e-02  1.25633152e-02  4.47722040e-02
 -8.62649307e-02 -5.48778325e-02 -2.94421334e-02 -1.43475384e-02
 -8.77157552e-04 -3.97290289e-02  6.06547259e-02 -2.49598138e-02
  6.64605796e-02  5.34946658e-02 -9.34281014e-03 -9.25633404e-03
 -5.27159050e-02 -2.72755139e-02  1.82863493e-02 -4.39097919e-02
  3.51453573e-03  1.22484580e-01 -8.19683820e-02 -3.25267576e-02
 -6.17631599e-02 -5.36707342e-02 -7.41579570e-03  5.23951985e-02
 -1.09485745e-01 -2.57110763e-02  2.31609493e-02 -1.43725192e-02
 -2.84195226e-02 -3.34118940e-02  5.06639257e-02 -2.95470078e-02
 -2.68770196e-03 -5.49606122e-02  2.95630340e-02  1.10721106e-32
 -5.55162393e-02 -1.11734727e-02 -4.44584293e-03  1.47564095e-02
  1.96136534e-03  3.14306356e-02  1.19958986e-02  7.21004084e-02
  5.75680695e-02 -2.11875457e-02 -4.82743196e-02  8.89355019e-02
 -3.93585004e-02  4.88366783e-02  6.71933666e-02 -3.09470501e-02
  4.42120060e-02  9.53328516e-03  7.83604383e-02  3.72680195e-04
  1.51143270e-02  4.81294887e-03 -2.07422022e-02 -1.95372552e-02
 -1.11572519e-02  5.85031621e-02 -1.10463642e-01 -2.35196501e-02
  5.77169731e-02  3.77053134e-02  7.08449036e-02  8.10615253e-03
  2.03790367e-02 -1.84647776e-02 -6.92604184e-02 -1.00598102e-02
 -4.17701118e-02  5.10021262e-02  4.36406163e-03 -6.73699975e-02
 -4.25722003e-02 -9.64718778e-03  3.40622701e-02  6.56607300e-02
  5.98097555e-02 -2.41706632e-02  7.95040727e-02 -4.59451713e-02
  1.12502016e-01  5.01874872e-02 -3.36281955e-02 -5.18575273e-02
 -3.16948188e-03 -7.12492391e-02  1.25138797e-02 -1.15632415e-02
 -9.64050740e-02  2.83070118e-03 -7.77879953e-02 -5.67066744e-02
 -2.83733159e-02  3.52470800e-02 -8.26633722e-03 -2.50678696e-02
  8.02403316e-03 -5.72476760e-02 -3.51001322e-02 -4.54122797e-02
  1.10853769e-01  4.63274159e-02 -6.65059760e-02  3.16645801e-02
 -3.87076885e-02 -7.89947342e-03  4.10900638e-02  1.86408237e-02
  6.43623322e-02  3.56710665e-02 -5.19102737e-02  1.00160595e-02
 -2.32997313e-02 -9.65482835e-03 -2.75286008e-02 -4.05039378e-02
  5.48908077e-02  9.56903920e-02  4.09615189e-02  5.10485843e-02
 -2.98005827e-02  1.01200104e-01  3.91070396e-02  4.96630482e-02
 -7.18790805e-03  4.51201499e-02  8.22830051e-02 -1.31107851e-32
  8.23643357e-02  4.00545597e-02 -4.94728331e-03 -1.98807810e-02
  2.66421810e-02  6.64071459e-03  1.55637255e-02 -4.98100258e-02
 -5.03462702e-02 -1.13998584e-01 -7.02457204e-02 -8.44506100e-02
  8.42344016e-02  1.00254156e-02 -1.22244522e-01 -2.99510732e-02
 -6.89601451e-02 -2.30981689e-02 -2.78137606e-02 -4.91152406e-02
 -6.78055808e-02  1.19743906e-01 -2.34480500e-02  1.19637037e-02
 -3.59326042e-02 -5.57186455e-02 -6.08814918e-02 -3.08691468e-02
 -3.34750488e-02  5.68945287e-03  6.21377267e-02  1.77750476e-02
  9.98874195e-03  7.04528540e-02 -2.09133849e-02 -4.73820753e-02
  3.80195156e-02  2.80575175e-02 -4.39935699e-02  6.86502457e-02
  4.77287211e-02  6.17825799e-02  1.45220403e-02 -6.86935857e-02
 -2.36269571e-02 -2.25448497e-02  8.17248039e-03 -1.41210258e-01
  6.72326684e-02 -3.87713313e-02  1.58340961e-01 -5.08169420e-02
 -7.91618675e-02 -6.89355135e-02  4.64471802e-02  2.24924018e-03
  2.24675946e-02 -7.68298134e-02 -1.23641975e-01 -2.23392695e-02
  6.56943023e-02  5.24173453e-02 -5.20448573e-02 -7.53265619e-02
  5.50137945e-02 -3.34453881e-02  4.68856134e-02  5.82538545e-02
  2.64930129e-02 -1.21851219e-03  5.07747801e-03 -3.72586772e-02
 -3.57593037e-02 -4.21288349e-02  1.60702295e-03 -3.50086987e-02
 -6.09363569e-03 -1.62050910e-02 -2.89297663e-02  1.84140652e-02
 -1.12194479e-01 -9.94487200e-03 -3.07379551e-02  1.19625023e-02
 -3.96442972e-02 -1.54083977e-02 -6.43296260e-03 -2.35159378e-02
 -1.18078403e-02  6.56379908e-02 -9.69697088e-02  3.26384194e-02
  2.95960903e-02  3.65966232e-03 -5.47676980e-02 -6.11938447e-08
  4.73411102e-03 -7.40322694e-02  4.33717519e-02 -1.91801209e-02
  3.23344655e-02 -1.80695243e-02  2.28616614e-02  2.66564172e-02
 -1.76848855e-03  1.63820889e-02 -5.38985357e-02  5.52775059e-03
 -7.37512410e-02  1.52930105e-03  1.68337990e-02 -3.61274555e-02
  8.95751193e-02  2.46766675e-02 -3.84989753e-02 -1.40864477e-01
  9.56347287e-02 -5.19725382e-02 -9.45465863e-02  2.22174563e-02
  2.93526947e-02 -4.33759689e-02  3.08019537e-02  4.01301496e-03
 -1.00260247e-02  2.63785478e-02  8.06835014e-03 -1.21967196e-02
  3.10220812e-02 -1.59469526e-02 -4.79333801e-04 -8.40812996e-02
  5.39509393e-02  9.80230607e-03 -4.73688133e-02  2.21624784e-02
  1.30398884e-01  1.52941095e-03 -8.92968923e-02 -1.25174345e-02
  1.87296513e-02 -2.29522283e-03 -1.66415051e-02  4.15342078e-02
 -4.11098748e-02  4.55096923e-02 -4.74766083e-02  2.91005038e-02
  7.55942240e-02  2.56267972e-02 -2.92236842e-02 -3.15451100e-02
 -3.85306659e-04 -5.06537093e-04 -1.83393639e-02 -3.11907940e-02
  8.54284912e-02  5.27088083e-02  9.12506431e-02 -2.57493090e-02]