[-1.06981628e-01 -4.01851423e-02 -5.92548735e-02 -7.93836489e-02
 -4.99753468e-02 -1.86296757e-02 -3.61314230e-02  7.72405118e-02
 -1.56012075e-02  2.92290840e-02  3.25258411e-02 -2.94046290e-02
  1.08606881e-02 -2.40912717e-02  2.32316597e-04 -1.49597868e-01
 -1.41710723e-02 -1.34735517e-02 -2.29791775e-02  2.61653755e-02
  7.62648359e-02 -1.17458366e-02 -2.06802953e-02  8.60401690e-02
 -5.30922897e-02 -3.73159461e-02 -4.87836963e-03  9.40631703e-03
 -7.16374740e-02 -4.74282540e-02 -3.17018516e-02  2.60691717e-02
  7.60996565e-02 -5.09093851e-02 -4.37305635e-03  9.90532413e-02
 -3.02966894e-03 -5.59242256e-02 -8.60814676e-02  1.73186064e-02
 -5.78862093e-02 -6.50782064e-02 -3.04419994e-02 -2.69588102e-02
  7.66921863e-02 -1.50267202e-02 -5.16111627e-02 -3.55483443e-02
 -2.37253960e-02  1.15989782e-02 -9.98046473e-02 -7.23610073e-02
  3.20738591e-02  4.24470417e-02 -2.97465082e-02 -1.91903599e-02
  2.16073394e-02  3.36910896e-02 -2.25329697e-02  1.14381500e-02
  2.14205626e-02  1.91112086e-02 -1.79912094e-02 -3.77857871e-03
  5.26034720e-02 -2.20942087e-02 -2.93431245e-02 -4.63930853e-02
 -7.86555186e-03 -4.77890670e-03 -3.17093055e-03 -4.92678061e-02
  8.79841670e-03  2.93741226e-02 -2.12743878e-02  7.87500814e-02
  3.09280157e-02 -6.49297237e-03  4.34229113e-02 -1.32552788e-01
  3.13251689e-02  4.84431442e-03 -2.45690569e-02  5.70546240e-02
  2.66346093e-02 -1.44383121e-05 -4.92153838e-02 -8.31431523e-03
  6.87729800e-03  2.31429432e-02  6.33505657e-02  6.62873909e-02
 -2.21930705e-02 -4.07384634e-02 -8.83018821e-02  5.11613004e-02
 -8.24827794e-03 -8.14214349e-03  5.30189313e-02  4.17646430e-02
  2.56359223e-02  1.08652255e-02  1.53480715e-03 -1.61334444e-02
 -6.51875958e-02  5.02436347e-02  1.50820741e-03  8.09567631e-04
 -2.19817441e-02  5.13000898e-02 -8.90866742e-02 -5.11783212e-02
 -9.66891497e-02 -1.11872025e-01 -7.69619271e-02  2.74910852e-02
 -6.71458617e-02 -2.67700534e-02  5.96013740e-02 -6.78975433e-02
  4.16791365e-02 -1.25402678e-02  2.24205423e-02 -1.45517945e-01
  9.42466035e-02 -7.65138790e-02  6.95848837e-02  1.58036914e-32
 -8.47321376e-02  4.26462963e-02 -5.33411279e-02  5.57977706e-02
 -1.84394605e-02  1.71659887e-02 -1.50004774e-02  2.51688901e-02
  1.76224275e-03 -2.61404309e-02 -1.99757274e-02  1.00867756e-01
  1.59111414e-02 -8.42303857e-02  4.18417826e-02 -1.10266004e-02
 -1.49277197e-02  7.11494982e-02 -5.15609235e-02  1.01805413e-02
  1.56666040e-02 -5.93270212e-02  3.74241211e-02 -5.36991376e-03
  7.28237405e-02  5.93859749e-03 -1.91143304e-02 -2.16280576e-02
  3.31824496e-02  3.01728901e-02  1.27128586e-01 -2.12581875e-03
 -2.39760671e-02 -5.70786446e-02  1.60955470e-02  3.29960473e-02
 -5.34518808e-02 -5.49100190e-02 -5.32789677e-02  1.91380512e-02
  3.77856940e-03  8.08178354e-03  3.39035466e-02  1.16925163e-04
  1.47335995e-02  1.67373735e-02  3.25965695e-02  1.39631266e-02
  9.04521123e-02  4.57152203e-02 -8.48245807e-03 -3.83198373e-02
  2.98201814e-02 -5.25381267e-02  6.29626065e-02  1.54422987e-02
  3.31176887e-03  6.50574341e-02  1.42443823e-02 -7.82188773e-02
 -1.72194261e-02  3.70081887e-03 -5.54093122e-02  1.91624655e-04
 -1.79667380e-02 -4.23988067e-02  3.34196654e-03 -2.32138149e-02
  1.31983459e-01 -7.77170956e-02 -4.06170376e-02 -4.42714430e-03
 -5.20036295e-02  1.09188020e-01 -6.60408214e-02 -2.33909599e-02
 -4.74345610e-02  5.68024367e-02 -1.78051833e-02 -3.80480625e-02
 -6.94362149e-02 -1.44279571e-02  8.76905769e-03  4.21328470e-02
  8.53958949e-02  2.64341179e-02  3.47918496e-02  9.01591685e-03
  1.78906117e-02  6.92235529e-02  5.10588214e-02  8.45559761e-02
 -3.22954096e-02  8.79320949e-02  1.61948111e-02 -1.49595027e-32
  1.47842327e-02 -1.23228682e-02 -5.01401443e-03  7.12901121e-03
 -1.29742576e-02  4.73420182e-03 -1.62766054e-02  2.74242200e-02
  6.97114095e-02 -5.43442555e-02  1.64994523e-02 -9.45608020e-02
  4.98675108e-02 -6.52752370e-02 -2.47859433e-02  5.66135207e-03
 -8.78674313e-02 -6.18719906e-02 -5.32397591e-02  2.26339195e-02
  5.05316593e-02  6.46133870e-02 -2.64591705e-02  7.53396302e-02
 -5.41909151e-02 -2.65765544e-02 -3.44107561e-02  7.98981544e-03
 -4.89625931e-02 -1.88345015e-02  8.28929525e-03 -1.07162312e-01
 -5.45938425e-02  1.07773542e-01 -2.87249461e-02 -3.34045328e-02
  3.67397144e-02  3.47739980e-02 -1.74769349e-02  1.18387640e-01
  9.57173556e-02  6.51532263e-02  2.54756194e-02 -1.11970557e-02
 -3.01535185e-02 -1.67114753e-02  3.82470787e-02 -5.74539453e-02
  9.41196363e-03 -9.63836070e-03  6.33056462e-02 -1.02401018e-01
  2.97879912e-02 -3.35239880e-02  1.08182169e-01  3.02847438e-02
  6.37559667e-02 -1.27545431e-01 -8.05075243e-02  3.63326096e-03
  1.39624342e-01  2.86829080e-02  1.00756977e-02  4.79378253e-02
  1.11285888e-01  2.91474499e-02 -1.20920651e-02  3.99814546e-02
  5.04961610e-02 -1.80475805e-02  2.50845458e-02 -7.62838051e-02
  7.92860799e-03 -7.93125853e-02 -1.15354462e-02 -7.54553750e-02
 -7.32490048e-02  5.52846529e-02 -8.90178420e-03 -1.67404804e-02
 -4.76783188e-03 -1.07223066e-02 -2.19832640e-03  3.73043418e-02
 -4.00753133e-02 -5.00013540e-03  6.49648383e-02 -3.81766446e-02
  2.22815480e-02 -7.04771280e-02 -3.93989198e-02  8.16342011e-02
 -4.67351172e-03  6.91344440e-02 -3.88936605e-03 -6.95700564e-08
  3.21708657e-02  1.25709716e-02  1.17400680e-02 -1.61385965e-02
  6.50124699e-02 -5.11905551e-02 -2.21866760e-02  5.31111136e-02
 -6.67699473e-03  1.06349431e-01  1.08992765e-02 -8.48611593e-02
 -1.77504756e-02 -6.44789264e-02  6.22985885e-02 -1.01159597e-02
  2.59374510e-02  1.19182393e-01 -1.00606397e-01 -6.01311773e-02
  6.78241402e-02 -5.66084348e-02 -2.36506052e-02 -1.76266059e-02
  5.86315505e-02  3.26852798e-02 -8.08650330e-02  2.94395164e-02
 -5.54550737e-02 -3.91457528e-02 -3.72802429e-02 -5.95180644e-03
  8.12571049e-02 -2.03925241e-02  3.86156812e-02  2.28891224e-02
 -1.85189433e-02  4.90124188e-02  8.67310446e-04  7.95987323e-02
  4.71106470e-02  5.53519242e-02 -1.99045260e-02  3.05041019e-02
  2.52991505e-02 -2.22450066e-02 -6.20203391e-02  4.35489118e-02
 -4.35622036e-02 -8.85520279e-02 -8.97604451e-02 -5.24952561e-02
  1.57082882e-02 -5.04313549e-03 -3.70646752e-02  3.78666595e-02
  3.48837599e-02  5.14281541e-02 -2.90734097e-02  1.43518429e-02
  8.56116042e-02  4.34298329e-02  2.61346791e-02  1.59163103e-02]