[ 1.56356916e-02  3.40856910e-02 -2.90672462e-02 -9.78258066e-03
 -5.50941797e-03  1.16580883e-02  4.06125374e-02  7.54323602e-02
 -2.67242491e-02  7.10729659e-02  1.20737292e-01  1.47729495e-03
  6.52247816e-02  1.98168457e-02 -2.44515371e-02 -5.79506420e-02
  4.03386876e-02 -5.45766205e-02  9.49126203e-03 -2.22833492e-02
  8.83724764e-02 -3.03483978e-02 -9.64580327e-02 -2.47781146e-02
 -3.94580364e-02  2.16731299e-02 -4.78918962e-02 -2.55649593e-02
 -3.94247584e-02 -8.17987230e-03 -5.05411215e-02  6.03699088e-02
  8.57773200e-02  3.71470377e-02  2.93462835e-02  8.12176242e-02
  8.46061260e-02 -1.54325189e-02  1.48016056e-02  1.91292576e-02
 -9.94484350e-02 -1.17332051e-02 -3.46498080e-02 -6.39202893e-02
  1.70302931e-02 -3.09207458e-02  9.07012727e-03 -9.47694778e-02
 -3.20263021e-02 -5.75243495e-02 -3.63851525e-03 -3.96480056e-04
  2.88546011e-02  6.79420754e-02 -2.63982080e-02 -1.64073966e-02
 -1.91240702e-02  3.55799147e-03  4.66207275e-03  5.84507212e-02
 -7.13365059e-03  1.87399477e-04 -4.02764007e-02  5.01840301e-02
  7.19709843e-02 -2.27446817e-02 -1.17150210e-01 -1.54644977e-02
 -5.19458242e-02 -1.26527362e-02  1.83341429e-02 -6.18382692e-02
  3.36313099e-02  4.66140807e-02  4.61331243e-03 -5.38585670e-02
 -2.21455488e-02  5.61327599e-02  3.85596021e-03 -9.84268636e-02
 -1.44779626e-02  3.64326267e-03 -2.73322407e-03  3.86331454e-02
 -6.72346726e-02 -1.24567291e-02 -1.39996177e-02 -3.46514136e-02
  3.38809453e-02  8.89473781e-03  4.86928150e-02  1.35329247e-01
 -1.61273330e-02 -1.46031622e-02  4.59502079e-03 -1.19157732e-02
  1.39150722e-02 -3.08048930e-02 -9.91070922e-03 -8.84306617e-03
  4.30916958e-02  7.07589313e-02  4.04051840e-02  2.91793719e-02
 -1.16542019e-02 -6.02502935e-03 -2.75473408e-02 -7.98685700e-02
 -1.10261440e-02  7.23527521e-02 -3.90948588e-03 -1.39004560e-02
 -1.62331492e-01 -2.11538989e-02 -3.97199839e-02  2.63497774e-02
 -1.07018836e-02 -4.03570198e-02 -6.44423142e-02 -4.46098484e-02
  1.56430770e-02 -3.14224511e-02 -3.96964774e-02 -5.16204797e-02
  4.96425899e-03 -6.65434077e-02  4.48973328e-02  7.70063631e-33
 -7.97617286e-02  9.52192396e-03 -5.16381040e-02  7.82872364e-02
  5.96373603e-02 -1.93716958e-02 -1.52794179e-02 -1.54958870e-02
  1.28430545e-01  4.99363989e-02 -2.91476063e-02  1.17921211e-01
  2.64279246e-02 -2.70577762e-02  6.87977299e-02 -3.41271572e-02
 -2.86407489e-02  3.45742330e-02 -1.55910710e-03  3.24627459e-02
 -2.91215401e-04 -6.51773885e-02  1.83091834e-02 -5.28022721e-02
  6.87731281e-02  4.71247546e-02 -8.58883373e-03 -3.76236364e-02
  6.31102100e-02  2.62627639e-02  5.52498959e-02  1.58786215e-02
  1.70089100e-02 -1.95677634e-02 -4.77722771e-02 -5.69498129e-02
  5.57576939e-02  4.57171686e-02 -1.58758275e-02 -1.17342286e-02
 -4.00631353e-02  4.33916003e-02  1.15423463e-01  5.37836812e-02
  5.08733802e-02  5.12516685e-02  1.35618061e-01 -3.90880648e-03
  7.74462521e-02  4.28025424e-02 -5.97325228e-02 -4.48840782e-02
 -4.14433628e-02 -2.49839816e-02  2.01254766e-02 -2.11941097e-02
  1.61979496e-02 -1.82974257e-03 -3.79612856e-02  7.29591260e-03
  2.32478939e-02 -6.67664334e-02 -8.30488559e-03  3.84269655e-02
  1.02001932e-02 -1.48789823e-01 -4.79047410e-02  3.14432867e-02
  1.34783134e-01 -1.93941854e-02 -7.26584792e-02 -1.05262501e-02
  1.76991764e-02  5.28307296e-02 -2.48359703e-02 -1.71723799e-03
 -3.26658762e-03  3.80202979e-02 -4.55727242e-02 -6.96910499e-03
 -1.02704428e-01 -4.06641252e-02  9.34325811e-03 -7.56611174e-04
  1.18791088e-01  5.64969294e-02  5.06170727e-02 -1.66989490e-02
  1.28533635e-02  9.36249793e-02 -3.97806764e-02  8.89774337e-02
  1.11294352e-02  3.30630355e-02  3.84034365e-02 -9.55608949e-33
  9.38791200e-05  4.69270274e-02 -6.61890134e-02  1.31747266e-02
 -1.14983600e-02  2.22861245e-02  5.35974726e-02  3.43362847e-03
 -2.35630237e-02 -3.03095137e-03 -8.64965692e-02 -6.81128502e-02
  6.20825961e-02  3.08222957e-02 -2.49932483e-02  5.43123782e-02
 -1.51246078e-02 -3.52280773e-02 -6.07136376e-02  2.26938445e-02
 -1.91703513e-02  4.11224701e-02  4.06019017e-02 -4.06271517e-02
 -2.72145551e-02  1.89835038e-02 -4.37465683e-02 -9.01552364e-02
 -9.62002128e-02  2.97130290e-02 -1.47538269e-02 -7.87696391e-02
 -3.34036872e-02  1.41838923e-01 -6.78122565e-02 -3.83646041e-02
  3.04382425e-02 -3.98601703e-02 -4.37835492e-02  1.20484352e-01
  7.79746622e-02 -5.87404100e-03 -5.12229465e-02 -6.04619086e-03
 -8.43609199e-02 -6.19710162e-02 -1.66002493e-02 -8.16731602e-02
 -5.41128665e-02 -9.02890638e-02  8.41370821e-02 -9.50796753e-02
 -2.43057963e-03 -7.11480081e-02  6.55047916e-05 -2.65326463e-02
  4.05244902e-02 -1.24201356e-02 -1.14661776e-01 -2.71344632e-02
  1.79627344e-01  1.47736510e-02 -5.68951331e-02  1.70830777e-03
  8.84078536e-03  1.86712090e-02 -6.45893812e-03  4.13042642e-02
 -4.09879200e-02  9.66194924e-03  3.17585506e-02 -1.01687856e-01
 -7.22508132e-02 -2.67446768e-02 -6.46840036e-02 -1.49957752e-02
  3.08116362e-03 -3.29604489e-03 -7.27232685e-03  1.30270617e-02
 -8.00222233e-02  2.62519568e-02 -6.96481392e-02 -6.05679154e-02
 -4.82360534e-02  7.49420142e-03  4.39999439e-02  2.30119303e-02
  3.95827554e-02 -2.42286716e-02 -1.28512055e-01  5.23796417e-02
 -3.25526334e-02  2.80314707e-03 -2.10919958e-02 -5.45657954e-08
 -7.13332072e-02 -7.28161633e-03 -3.43861543e-02  2.86209211e-02
 -9.66194179e-03 -5.47166206e-02 -3.67125799e-03  4.45803180e-02
  2.46577319e-02  9.93988812e-02 -5.90672679e-02 -3.88614684e-02
 -4.25635166e-02  1.40281338e-02  7.15110973e-02  2.34973319e-02
  6.30285069e-02  2.85463724e-02 -4.44496237e-02 -6.79944530e-02
  3.86072993e-02 -2.82501299e-02 -3.63250040e-02  2.14761607e-02
 -3.61116044e-02  2.67878287e-02 -4.84532155e-02  2.73246281e-02
  1.38325449e-02  2.08938085e-02 -1.09883910e-02 -3.79837491e-02
  2.22978555e-03 -8.22718740e-02  5.20871580e-02  2.11519580e-02
 -8.48011579e-03 -1.00662857e-02  3.81829813e-02  2.87146308e-02
 -1.70978380e-03 -5.10545596e-02 -4.12561409e-02  4.75353375e-02
 -2.04825196e-02 -2.97509376e-02 -5.04743643e-02  5.79736009e-02
  4.43764068e-02 -3.40812770e-03 -4.48843949e-02 -5.11068068e-02
  4.11727130e-02 -4.69824784e-02  3.71552147e-02 -2.63751578e-02
  6.97218347e-03  2.22851839e-02 -7.73909390e-02  5.09836562e-02
 -5.52830845e-03  1.29202545e-01 -9.01184902e-02 -3.86258513e-02]