[ 2.37983698e-03 -1.16096810e-02 -1.81138404e-02 -4.99321781e-02
 -1.19396247e-01 -5.40815201e-03 -3.57249216e-03  6.36183470e-02
 -1.04181752e-01  6.27949834e-02  1.26402199e-01 -1.28343264e-02
  2.83144359e-02 -1.23991324e-02  4.36642766e-02 -1.46574825e-02
  8.22392181e-02 -1.62674263e-02 -6.24119956e-03 -1.07356301e-02
  1.22997209e-01 -7.30889142e-02 -4.24219444e-02  3.44575867e-02
 -5.76219335e-02  3.49889621e-02 -1.19660474e-01  6.45421818e-02
 -6.60939068e-02 -7.18739331e-02 -2.80763116e-03  7.53288716e-02
  7.46817589e-02 -6.27844110e-02 -1.16631780e-02  4.19595428e-02
  5.33516984e-03 -5.50752468e-02 -6.11279979e-02  6.30247444e-02
 -5.81523851e-02 -5.85972928e-02 -9.17999446e-02 -1.01962753e-01
 -2.67554373e-02  1.55846886e-02  5.95309015e-04 -4.45062481e-02
  6.85706437e-02 -6.84709400e-02 -2.34441478e-02 -2.55094711e-02
  2.52261497e-02  1.91864499e-03 -4.83137071e-02 -5.75002097e-02
 -3.91885489e-02  2.36478392e-02  1.38691748e-02  1.18656848e-02
  1.42578995e-02  5.39533533e-02 -6.56151175e-02  1.99753307e-02
  4.73477729e-02 -5.97763248e-02 -2.85970587e-02 -5.51958717e-02
 -5.47430515e-02  6.97453246e-02  5.26889078e-02 -8.89948010e-02
 -1.95427965e-02  6.40792549e-02 -5.94567694e-02  3.71834189e-02
  7.83360600e-02 -2.14484474e-03  2.15464141e-02 -1.14365540e-01
 -2.32767574e-02 -6.85790088e-03  6.67121354e-03 -3.74193443e-03
 -1.29552372e-02  2.50198469e-02 -3.79515700e-02  3.96828838e-02
  5.11313751e-02 -2.48250347e-02 -3.38729843e-02  5.21294512e-02
 -1.02132127e-01 -4.62098718e-02  2.19500922e-02  1.45483091e-02
 -2.08274964e-02  4.62884121e-02 -3.57509330e-02 -2.10806131e-02
  7.13337734e-02  6.81984005e-03  5.56428917e-02  2.94674393e-02
 -8.27342644e-02  1.77567732e-02  5.51508740e-02  2.33536232e-02
 -4.23265286e-02  9.08533335e-02 -7.07618743e-02 -1.59852318e-02
 -6.18246235e-02 -3.25874016e-02 -2.45398134e-02  5.76069020e-02
 -4.20291610e-02  9.10880230e-03  5.15932143e-02 -2.78465301e-02
  2.91268062e-02 -4.15887348e-02  1.20026901e-01 -7.67332986e-02
  5.35974763e-02 -5.32479547e-02  1.66408867e-02  1.44437002e-32
 -3.17233279e-02 -3.37727442e-02  9.36767366e-03  4.07247879e-02
 -1.28707457e-02 -1.13085993e-02  2.72540754e-04  4.82471138e-02
  8.47869664e-02  3.45076174e-02 -3.65505666e-02  5.17874099e-02
  3.59538384e-02 -2.90042311e-02  6.99905157e-02 -8.15541968e-02
  4.44072820e-02  1.22667907e-03 -1.23067070e-02 -3.24809528e-03
 -1.95490103e-03 -2.74850260e-02 -1.63213257e-02  2.90735019e-03
  3.88649628e-02  1.19306112e-03  2.81469431e-02 -9.84546170e-03
 -1.64757669e-02  4.54142578e-02  2.16455921e-03  3.65576893e-02
 -1.54635543e-02 -1.07167661e-01 -9.15663317e-02 -1.28297415e-02
  7.59158563e-03 -6.01051897e-02 -9.30811241e-02 -2.86689345e-02
 -1.97252650e-02 -2.18460206e-02  3.66662331e-02  2.15555821e-02
  5.75168012e-03 -2.27573444e-03  8.89637023e-02 -1.56316720e-02
  6.71851784e-02  4.80349287e-02 -5.12825437e-02  7.85368029e-03
 -1.83446426e-02 -4.40471768e-02 -4.18696366e-02  2.85675153e-02
 -1.09604737e-02  1.00128800e-02 -2.76059918e-02 -2.48222612e-02
 -2.76967585e-02 -1.24083981e-02 -1.43177714e-02  3.18444031e-03
  1.95948221e-03 -4.65254225e-02  3.86377499e-02 -8.87733418e-03
  5.75478300e-02  8.50881562e-02 -1.04993626e-01 -4.10124809e-02
 -2.48064362e-02  3.38915586e-02  9.26287696e-02 -4.92254365e-03
  2.81696655e-02 -2.40369029e-02 -3.11520584e-02 -3.14047746e-02
 -5.97592928e-02 -2.85548624e-03 -4.81311455e-02 -1.05635794e-02
  1.39208362e-01  3.72725166e-02  6.60138205e-02 -1.50156580e-02
 -3.27362679e-02  8.62411708e-02 -3.69749814e-02  5.14804684e-02
 -1.16441250e-02  3.78646217e-02  3.10837161e-02 -1.72578308e-32
 -1.87929068e-03  8.93895626e-02  2.37990450e-02  2.38791313e-02
  7.25829378e-02  3.60388681e-02  3.59652564e-02 -1.79348048e-02
  4.27248143e-03 -6.71125352e-02 -5.03017157e-02 -7.41280913e-02
  7.85317123e-02 -1.32532660e-02 -2.25624051e-02 -2.98379688e-03
 -7.68784881e-02 -5.08186631e-02  9.04831011e-03  3.74741964e-02
  3.78153622e-02  1.76254973e-01  4.29976769e-02 -1.43460585e-02
 -4.27246373e-03 -2.55096387e-02 -5.00881858e-02 -1.14964694e-03
 -5.84489629e-02  2.94037722e-02  9.17543191e-03 -1.17636152e-01
 -7.53261335e-03  1.68711215e-01 -9.57123339e-02 -2.82960124e-02
  3.21569145e-02 -1.01889297e-02 -2.32175197e-02  8.57374743e-02
  2.04591956e-02  1.72463886e-03  5.10452278e-02  2.11846903e-02
 -3.94580662e-02 -9.19681862e-02 -3.64189744e-02 -1.07313916e-01
  1.86764710e-02 -5.46732210e-02  3.69441845e-02 -8.37604329e-03
 -1.13039725e-01 -3.61827798e-02  5.90813532e-02 -7.94032142e-02
 -1.47125055e-03 -8.90152529e-02 -1.61119550e-01  9.75897419e-04
  7.47899637e-02  4.59430888e-02 -3.75946537e-02  1.88251082e-02
  1.01537570e-01 -3.07117719e-02  1.02836220e-02 -2.33428515e-02
 -2.15930864e-02 -3.12432577e-03 -6.08587191e-02 -8.12845230e-02
 -6.26343191e-02 -4.30192612e-02  7.91139435e-03 -2.66200118e-02
 -4.28375080e-02  9.22183786e-03  2.77741607e-02 -2.86179166e-02
 -7.38046914e-02 -4.40568514e-02  3.10890423e-03 -3.43939438e-02
 -6.60401508e-02  5.59874922e-02 -4.99369726e-02  4.71266210e-02
  5.39218448e-02  4.65374775e-02  1.10767288e-02  6.34335354e-02
  8.36542100e-02  2.55403221e-02 -3.80047895e-02 -5.99047567e-08
  3.15069668e-02  7.73278326e-02  4.47161607e-02  3.78108658e-02
  2.37169527e-02 -3.38547453e-02 -5.16454838e-02 -2.13084463e-02
 -3.49193648e-03 -4.13374091e-03 -1.67080704e-02  1.16391107e-02
  9.68935061e-03  1.13713145e-02  1.81384515e-02 -8.28043520e-02
  2.48922519e-02  8.12947825e-02 -5.05444854e-02 -9.46442857e-02
  6.72252849e-02 -7.36591071e-02 -4.40983810e-02  5.15401885e-02
 -1.61612350e-02  1.94940157e-02 -1.33220116e-02 -4.76742303e-03
 -2.41024215e-02  3.74385267e-02 -1.13629410e-02 -2.92016696e-02
  6.74913600e-02 -4.99800518e-02  6.32186420e-03 -6.29754663e-02
 -4.00609672e-02  5.91764599e-02 -2.86566522e-02  2.39721574e-02
  5.00875674e-02 -2.83987708e-02 -4.89223376e-02  4.47349586e-02
  3.91617157e-02  4.29435633e-02 -8.99173543e-02 -3.47321406e-02
 -3.46583873e-02 -8.68958682e-02 -5.95335737e-02 -1.92866381e-02
  6.74320608e-02  3.36701237e-02  4.74785594e-03  2.75779553e-02
 -5.76798059e-03  2.06409842e-02 -3.62783894e-02 -1.65662877e-02
  3.71022299e-02 -3.62876151e-03 -2.96467021e-02 -3.32366899e-02]