[-3.66775654e-02 -2.84049697e-02 -1.05083056e-01 -4.65778895e-02
 -6.34774715e-02 -3.82915586e-02  5.22663519e-02  9.97777954e-02
 -1.38304643e-02  3.74766369e-03  7.50924796e-02 -7.77762607e-02
  6.75547577e-04 -3.96566000e-03 -6.69423863e-02 -4.42952253e-02
 -9.19054076e-03  9.00024325e-02 -8.09590518e-02  1.07838935e-03
  9.67365354e-02 -4.57503162e-02  6.30575232e-04  3.98463309e-02
  5.36009148e-02  9.13518891e-02 -1.11845426e-01  5.43047488e-02
  4.66564931e-02 -1.60090372e-01 -2.53676204e-03  1.15247771e-01
  6.97546899e-02 -5.54542802e-02  3.50557454e-02 -1.47490557e-02
 -6.01424687e-02  5.50762890e-03  3.24721672e-02  4.92626391e-02
 -3.45363212e-03  1.44425360e-02  3.66241820e-02  3.73187624e-02
 -2.83566732e-02 -6.59350455e-02 -5.22605591e-02  4.03602943e-02
  8.06454476e-03 -1.10701295e-02  1.13183139e-02  6.77223131e-02
 -3.33593935e-02  7.52815679e-02 -6.02849759e-03 -4.01434191e-02
 -6.44807294e-02 -3.29356007e-02  3.30422521e-02  4.46436778e-02
  6.37250915e-02  4.26232107e-02 -2.10704226e-02 -4.52856608e-02
 -2.75439844e-02  5.16948067e-02 -2.63816863e-02 -1.19852640e-01
 -9.90773290e-02  4.53998595e-02  1.94221158e-02  1.17581468e-02
  3.69994529e-02  4.10331488e-02 -3.35024558e-02  4.33835462e-02
  8.21919367e-02 -1.58386156e-02 -4.20203432e-02 -5.60088046e-02
 -1.81368273e-02  8.96195546e-02  3.54449525e-02 -8.01055580e-02
 -1.24280099e-02  1.01589058e-02  1.00767696e-02  2.59262957e-02
  5.08526638e-02 -6.52042916e-03  1.05453372e-01  4.08196114e-02
 -6.04826957e-02 -6.11889176e-02 -3.87355387e-02  4.87832874e-02
  2.38450691e-02  2.79675890e-02  6.73952624e-02 -2.13214010e-02
  6.97999522e-02  1.71146132e-02 -7.30469376e-02 -5.57011403e-02
 -8.90942365e-02  1.44173279e-02  5.26213124e-02  2.96907648e-02
  2.65127011e-02  3.85758430e-02 -9.99435484e-02 -3.23224142e-02
 -2.29942501e-02  2.92412043e-02 -6.15336448e-02 -5.05074626e-03
 -4.45522275e-03 -3.28243189e-02 -1.19872345e-02 -4.30414081e-02
  1.82888843e-02 -2.77991779e-02  8.11440200e-02  2.00303253e-02
  5.33384085e-03 -2.13125572e-02 -5.15409000e-02  1.22028260e-32
  1.01055775e-03  2.75626611e-02 -1.90072581e-02  1.42609701e-02
  1.62700117e-02 -6.02129987e-03 -9.27451029e-02  1.47626344e-02
  2.30751541e-02 -3.84048186e-02 -1.25762463e-01  6.59893975e-02
  4.57685819e-04  4.06594463e-02  8.08577016e-02 -4.05866466e-02
  5.34878112e-02 -2.10571215e-02  1.37146963e-02 -7.74690881e-02
  2.43218932e-02  3.48877572e-02 -3.37920822e-02  5.90802841e-02
  1.80865526e-02  9.92625654e-02  2.44094953e-02 -3.03239394e-02
 -9.94090270e-03  5.48475869e-02  5.66527899e-03 -8.63149203e-03
 -5.78624122e-02 -1.40491929e-02  5.04511222e-02 -4.52065952e-02
  2.83870404e-03  4.64492813e-02 -2.31286939e-02  6.42909929e-02
 -7.34793544e-02  5.22189103e-02  3.47982123e-02  5.34025468e-02
  2.47772690e-02 -5.35613149e-02  4.15977761e-02  5.33015467e-02
  1.18874945e-01  5.06620593e-02 -1.05461702e-01 -1.52591513e-02
  3.46250683e-02 -2.01490317e-02 -1.45509280e-02  3.36048193e-02
 -1.02626435e-01  2.20315740e-03 -1.75337587e-02  2.19911933e-02
 -1.60025880e-02  4.69094478e-02 -2.86479071e-02 -8.42415690e-02
 -5.23049794e-02  5.83511144e-02 -1.02410696e-01 -2.31522880e-02
  9.41318944e-02  1.57402791e-02 -7.54304007e-02 -3.72930393e-02
  8.88431817e-02  4.62319255e-02  7.22656399e-02  2.86245048e-02
  4.56970558e-02 -5.39234839e-02 -2.02418640e-02 -1.45819169e-02
 -1.02886863e-01  6.79725334e-02  5.00252880e-02 -9.16466340e-02
  2.40991656e-02 -9.40505601e-03 -1.81420019e-03 -1.21015431e-02
  7.69365346e-03 -4.00627069e-02  3.98126915e-02 -6.57959133e-02
 -3.40990676e-03 -1.18858300e-01 -2.75735930e-02 -1.16056704e-32
  7.03402534e-02  7.23023489e-02 -8.44761170e-03  7.10936785e-02
 -1.60115678e-02 -1.99589822e-02  5.39217377e-04 -3.76068242e-02
  3.96368019e-02 -7.04818293e-02  4.32603136e-02  2.22037267e-02
  2.15147287e-02 -5.00525609e-02  6.23096488e-02  2.30354015e-02
 -1.74981654e-02  7.38392994e-02 -3.04759964e-02 -7.59209916e-02
 -5.52496724e-02  9.05839428e-02  2.26214621e-02 -2.50316896e-02
  9.11806244e-03  2.94799190e-02 -7.07549527e-02 -6.47127032e-02
  5.32517210e-02  4.19075601e-02  1.90255102e-02 -7.06835836e-03
 -2.13143453e-02  3.76775302e-02 -5.23276180e-02 -7.28263110e-02
  5.58559261e-02  2.14457940e-02 -5.61657101e-02  5.30543476e-02
  2.55477093e-02 -1.48634128e-02  7.24604279e-02  1.43624144e-02
 -1.36801694e-02 -5.30670509e-02  2.14734226e-02 -4.93642502e-02
  4.99051176e-02  1.98958702e-02  1.01397872e-01 -1.74459685e-02
 -6.69900998e-02  6.14872836e-02  5.45801558e-02  2.83599440e-02
  4.76372987e-03  2.62599066e-02 -1.16235971e-01 -5.30060641e-02
  1.81500558e-02  1.75786223e-02  9.63012353e-02 -7.27619082e-02
  1.01527214e-01 -4.57361573e-03 -3.04665435e-02  2.47547757e-02
  1.05684728e-03 -1.29299639e-02 -2.65039019e-02 -8.34518746e-02
 -4.23100032e-03 -7.08851814e-02  1.80455502e-02 -4.43853475e-02
 -2.79000979e-02 -1.53172640e-02  4.45722081e-02 -1.69586726e-02
 -8.90786797e-02  3.82194184e-02  8.34986754e-03 -6.15852214e-02
 -4.85602319e-02 -2.41234992e-02  1.06068226e-02  1.97702777e-02
  5.50146913e-03  5.23386635e-02 -8.44878796e-03 -2.22576428e-02
  1.25306606e-01  6.47605062e-02  8.72454420e-02 -6.38414264e-08
  3.67621169e-03  1.98170990e-02 -5.00004739e-02  2.56820619e-02
  5.86835891e-02  3.19602080e-02 -2.99327727e-02  1.60867143e-02
 -1.35753723e-02 -2.75359657e-02  1.22732446e-02  7.17012137e-02
 -5.37809841e-02  8.19165353e-03  3.05640628e-03 -2.46258010e-03
  2.23857835e-02  4.23533237e-03 -2.65913252e-02 -5.37221767e-02
  8.43770895e-03 -6.45740842e-03 -2.81218532e-02  5.98420808e-03
 -7.70704597e-02 -3.43381763e-02 -4.54098135e-02 -4.66135032e-02
  1.83156375e-02  3.30130081e-03 -1.56099321e-02 -8.71341303e-03
  6.34779409e-02 -1.32944345e-01  4.61926013e-02  1.53319247e-03
 -5.25521953e-03  8.04981217e-03 -3.11275125e-02  7.82101229e-02
  5.13820983e-02 -1.32262900e-01 -2.86349375e-02  3.44926827e-02
  8.49420577e-02 -4.36208434e-02 -8.05204660e-02  4.34483439e-02
 -4.23231125e-02 -5.13139702e-02 -5.26788570e-02  3.07564903e-03
 -3.82755063e-02 -6.06176304e-03 -2.12171320e-02 -2.68814694e-02
 -4.42601889e-02 -8.00491273e-02  2.24475116e-02 -6.33643381e-03
 -3.44775990e-02  7.40759866e-03  3.99720967e-02 -4.49780226e-02]