[-6.30672723e-02  5.27860858e-02  4.05831728e-03 -7.96570331e-02
 -8.50897133e-02  3.13025378e-02  4.80178557e-02  8.22715014e-02
 -1.55980680e-02  9.56232175e-02  2.47448664e-02 -1.63368380e-03
 -3.37632224e-02  2.67544072e-02 -3.70797776e-02 -4.91060577e-02
  4.18192893e-02 -3.73408049e-02 -2.88583189e-02  2.00501606e-02
  1.20138384e-01 -4.59195189e-02 -5.12985997e-02  2.85943020e-02
 -1.04784019e-01 -2.19541285e-02 -3.28601450e-02 -2.96442863e-03
 -2.24347711e-02 -1.56873523e-03 -9.20959264e-02  4.10102680e-02
 -4.15708311e-02 -3.97668965e-03 -6.70237746e-03 -1.86631992e-03
  7.38702789e-02 -2.27307416e-02 -8.31345282e-03  4.58281636e-02
 -4.39742133e-02 -4.36355248e-02 -1.09814472e-01 -5.07605001e-02
  4.88097168e-04 -5.85723929e-02 -6.45453203e-03 -1.82579793e-02
 -3.87980938e-02 -3.36453617e-02 -1.05645835e-01  4.11422038e-03
 -1.38301812e-02  4.01336960e-02 -4.72556055e-02 -5.70092872e-02
  1.21124976e-04  3.26306489e-03  8.67214985e-04 -1.60405356e-02
 -5.05095869e-02  4.11529392e-02 -3.74249034e-02  8.24417267e-03
  7.17818365e-02  6.25520293e-03 -2.84708980e-02 -1.06868362e-02
 -4.04939204e-02  6.10689744e-02 -1.67415384e-02 -6.75840005e-02
  2.96558067e-02  1.15283746e-02 -2.52725240e-02  1.86947174e-02
 -4.87155616e-02  2.08544657e-02  3.11151594e-02 -1.41501427e-01
  9.14364401e-03  3.63958329e-02 -2.41548289e-02 -5.31514995e-02
 -1.70567520e-02 -6.23759739e-02  1.00459103e-02  2.53263451e-02
  1.13650210e-01 -8.87235906e-03  9.03698355e-02  6.45715222e-02
 -3.69414240e-02 -7.30243623e-02 -1.31750293e-02 -4.23963415e-03
 -5.52191995e-02  1.52217573e-03  6.45817593e-02 -1.72383767e-02
  7.06994906e-02  2.86983568e-02 -2.45373771e-02  2.12371163e-02
 -7.18433037e-02  1.82943381e-02  1.45248473e-02 -5.04743829e-02
  3.60603370e-02  5.33448085e-02 -5.65237515e-02 -7.77778041e-04
 -6.63621351e-02 -6.66016936e-02 -4.21153344e-02  2.84492932e-02
 -7.50057399e-02 -7.89293367e-03 -5.08579100e-03  5.21041173e-03
 -1.33463480e-02  8.86179879e-03 -7.27958977e-03 -9.06954519e-03
  6.80480674e-02 -1.47068696e-02  3.04791704e-02  1.27013384e-32
 -8.88677873e-03 -3.53019573e-02  1.97058590e-03  4.21303995e-02
 -3.59518752e-02  5.89030944e-02 -3.55433375e-02  5.33554815e-02
  1.98579319e-02  5.62966503e-02 -9.93832424e-02  5.82847185e-03
  9.79541522e-03 -4.77799214e-02  9.17891860e-02 -1.95573773e-02
  2.19742185e-03  3.04949433e-02 -3.12604196e-02  1.68605950e-02
  6.03968054e-02  1.09685557e-02  2.16064658e-02 -1.90826715e-03
 -1.82940848e-02  5.50285876e-02 -7.47620910e-02  5.94018027e-03
 -5.73719665e-02  4.97188754e-02  3.65127027e-02 -1.79231483e-02
  3.57192829e-02 -2.03356463e-02 -5.64533286e-02 -3.71139050e-02
 -3.18426592e-03  6.85155485e-03 -1.38639268e-02 -7.20598698e-02
 -6.03344925e-02  9.85869439e-04  5.65533414e-02  7.37119094e-02
 -1.16609978e-02 -4.48166132e-02  5.42569719e-02 -5.35888858e-02
  1.15260825e-01  9.47947130e-02 -2.78406329e-02 -9.75575577e-03
 -1.72646176e-02 -4.94958125e-02  2.97695193e-02  4.35004272e-02
 -8.95356014e-02  6.38898984e-02  8.92723352e-03 -5.40126562e-02
  2.63017882e-02 -3.95544693e-02 -8.33630264e-02  9.77284741e-04
 -1.02728549e-02 -2.54472308e-02 -2.16002781e-02 -3.32018398e-02
  1.59546539e-01 -5.17216995e-02 -9.99169946e-02  4.15844247e-02
  1.60355568e-02  7.90911689e-02 -9.04058048e-04  1.38303137e-03
  6.50364831e-02 -1.66513100e-02 -3.45623419e-02  6.88343542e-03
 -6.91230670e-02  1.92606226e-02 -2.16127839e-02 -1.16450805e-02
  1.03028134e-01  1.78559832e-02  6.91506341e-02 -2.96789706e-02
  4.53492301e-03  5.78735918e-02  1.42334420e-02 -8.73509794e-03
 -5.19836657e-02  3.71920271e-03  3.67753133e-02 -1.49930469e-32
  1.12710046e-02 -8.63872748e-03 -9.48886946e-02  6.53848890e-03
  7.81844370e-03  2.58752722e-02  2.01259777e-02 -1.87904332e-02
 -3.06034517e-02 -4.91366237e-02 -2.02324111e-02 -8.20912793e-02
  1.02317400e-01 -9.76561941e-03 -8.82633030e-02  1.46421026e-02
 -8.41262639e-02 -3.22207175e-02 -3.99288833e-02 -6.81378879e-03
  5.61214313e-02  8.84838924e-02  5.91679476e-02  3.69834676e-02
  9.15415992e-04 -2.50428123e-03 -1.20196808e-02 -3.71732973e-02
 -2.32967921e-02  2.07082350e-02  4.19302359e-02 -1.22670748e-03
  3.00782314e-03  1.22946225e-01 -1.59510300e-02 -6.94560781e-02
  1.04458787e-01 -1.76731367e-02 -4.70731370e-02  9.42871869e-02
  3.54250036e-02  1.15456685e-01  3.10843810e-02 -4.69194818e-03
 -7.91791901e-02 -5.06005599e-04 -3.23983771e-03 -1.27505109e-01
 -7.50721619e-03 -1.35870188e-01  9.47237536e-02 -6.74751326e-02
 -3.23720719e-03  2.81649176e-03  6.93634525e-02 -1.66332815e-02
 -2.92207226e-02 -8.45334455e-02 -9.44009870e-02  2.08520330e-02
  1.07266948e-01  3.81440856e-02 -2.99098752e-02 -8.85420945e-03
  1.62068292e-01  2.19978509e-03 -2.69145146e-02  1.43895613e-03
  2.11830866e-02  3.38552184e-02  3.84439598e-03 -1.32601961e-01
 -6.17706031e-02 -6.57558814e-02  6.81596473e-02 -1.83897577e-02
 -5.40113775e-03  9.44254827e-03 -6.59390092e-02  1.61697064e-02
 -5.14087379e-02 -2.59925239e-02 -4.78647798e-02 -3.12142689e-02
 -2.29044240e-02  3.35861444e-02  8.84222426e-03 -1.63831189e-02
  2.92760562e-02  1.21495716e-01 -4.19590995e-02  1.68299880e-02
  8.15405622e-02  4.86009307e-02  9.44936462e-03 -6.28667536e-08
  4.14038487e-02 -1.81647800e-02  2.25833673e-02  4.02217396e-02
 -3.72879691e-02 -7.29326010e-02 -2.92890090e-02 -3.85190435e-02
 -1.59435011e-02  6.50794953e-02  8.86829570e-02 -6.83297813e-02
 -5.93547113e-02  1.25345122e-02  3.86876501e-02 -3.50929759e-02
  1.42992744e-02  6.95704892e-02 -6.02251627e-02 -5.41422367e-02
  3.85212675e-02 -6.44079372e-02 -9.27100107e-02  7.08808366e-04
  7.76184797e-02  2.03444678e-02 -2.27208398e-02 -1.69330090e-03
  7.84181524e-03  5.40206060e-02 -3.63049023e-02 -1.35655813e-02
  2.30876543e-02 -5.13525158e-02 -8.59849080e-02 -7.79277831e-03
 -2.96660103e-02  5.93981445e-02 -2.43087541e-02  7.10908026e-02
  5.11146113e-02 -1.12511693e-02 -2.68290751e-02  1.36534059e-02
  6.43771589e-02  3.01905704e-04 -9.68136340e-02  7.18936101e-02
 -8.85683205e-03 -5.69986887e-02 -7.63117447e-02  6.29706425e-04
  2.25300062e-02  2.17252038e-02 -1.72634833e-02 -1.64540876e-02
  8.31038058e-02  1.83884967e-02 -4.14805599e-02 -7.21026063e-02
  7.34267980e-02  1.03453532e-01 -2.40235496e-02 -6.44949377e-02]