[-3.40202786e-02  6.20407313e-02 -1.00993542e-02 -6.99702427e-02
 -1.66780651e-02 -2.14703549e-02  2.74934862e-02  8.67888778e-02
  1.77932698e-02  8.50782245e-02  3.73952314e-02 -5.64830452e-02
 -2.36256700e-02 -1.83849863e-03 -4.25970554e-02 -3.77632715e-02
  2.58261282e-02  5.62709980e-02 -3.20829563e-02  8.48347843e-02
  1.41375184e-01 -1.43299354e-02 -1.01660922e-01  5.05913533e-02
 -6.00785613e-02  1.53573435e-02 -6.30224273e-02  2.36213463e-03
 -6.31974712e-02 -3.75305302e-02 -3.95189300e-02 -4.52615554e-03
  7.36359954e-02  3.88049409e-02  1.49882911e-02  1.19320620e-02
  3.41600813e-02 -4.68628481e-02 -2.54175421e-02  1.73340943e-02
 -8.44292864e-02 -5.20325154e-02 -7.46036321e-02  1.05827879e-02
  3.33996164e-03 -2.40980443e-02  4.41723317e-02  8.11752304e-02
 -2.79445704e-02 -5.04828580e-02 -7.17343437e-03 -4.26353607e-03
 -6.88392743e-02  4.85731512e-02 -1.71946827e-02 -2.97142453e-02
 -3.93025987e-02 -2.26269886e-02 -2.80835144e-02  1.94450766e-02
 -6.29737899e-02  3.71848866e-02 -2.45598517e-02  1.99002270e-02
 -4.40730676e-02  2.51781214e-02 -1.06093846e-02 -1.46738216e-02
 -6.64594620e-02  1.03008233e-01  7.23601365e-03 -1.53746037e-02
 -1.79521982e-02 -1.47285964e-02 -2.38772072e-02  3.89797390e-02
  5.20694368e-02  2.05162577e-02  1.54844010e-02 -1.77853808e-01
  4.86015193e-02  2.71914471e-02 -2.20434293e-02 -8.91868547e-02
  3.32878828e-02 -5.30607812e-02  1.24945650e-02  1.00429042e-03
  9.50413197e-02 -2.57686786e-02 -8.64561927e-03 -7.26774521e-03
 -9.73183662e-02 -1.39088286e-02 -2.54774690e-02 -8.61117803e-03
 -4.24704738e-02 -4.95792702e-02  6.87947273e-02 -4.37193289e-02
  9.71863940e-02  3.71742919e-02 -3.36433873e-02 -6.40505999e-02
 -6.01592585e-02 -4.14635502e-02  1.00053484e-02 -4.27799337e-02
 -5.42951003e-03  1.02550410e-01 -8.99131075e-02 -3.02207265e-02
 -2.09398083e-02 -4.55279686e-02 -3.82531434e-02  1.65776182e-02
 -5.55725880e-02 -7.22955838e-02  5.63278683e-02 -5.60808443e-02
 -4.14110757e-02  1.08308289e-02  3.81812118e-02  2.85528190e-02
  1.40625329e-04 -9.77035835e-02 -3.71030271e-02  1.05493455e-32
 -8.42958689e-02 -5.26601374e-02  2.22375407e-03  1.83557216e-02
 -5.92332659e-03  2.60396041e-02 -1.97974015e-02 -1.07010256e-03
 -8.68662726e-03  6.01394624e-02 -1.50212459e-02  8.55106562e-02
 -5.84019423e-02  3.75513397e-02  1.40473723e-01  1.43810678e-02
  6.93809018e-02  9.45616048e-03  5.37726283e-02  1.01924241e-02
 -5.01881428e-02  4.03021313e-02  8.94085784e-03 -3.55586410e-02
  1.77921951e-02  7.78836608e-02 -7.33623505e-02 -3.24963108e-02
 -4.31796126e-02  5.02646267e-02  6.68332428e-02 -1.20627414e-02
  3.76463793e-02  1.98310032e-03 -5.96970133e-02 -7.44697452e-02
 -2.26058848e-02  3.25228125e-02 -3.90961878e-02 -2.16224138e-02
 -5.10750562e-02  1.86433922e-02  2.49479599e-02  9.02315252e-04
  5.72011136e-02 -7.54461950e-03  6.73499331e-02  5.35490550e-03
  3.57841365e-02  1.23826414e-02  1.77169535e-02 -5.19458093e-02
  1.38963247e-02 -8.23153332e-02 -6.01643836e-03 -6.95376769e-02
 -1.33885235e-01  1.97563954e-02 -6.01433478e-02 -7.65869319e-02
 -2.98108906e-02 -3.33544351e-02 -1.50395371e-02  5.58939576e-03
 -3.68945301e-02 -2.22199373e-02 -3.20357718e-02  3.33430357e-02
  7.03206211e-02  1.15438595e-01 -7.68931657e-02 -4.35445458e-03
 -1.22925611e-02  7.12231640e-03  7.45226517e-02  1.01165473e-02
  1.06591843e-01  3.57469395e-02 -5.98329566e-02  3.76304388e-02
  9.26146377e-03 -3.29993516e-02  1.56331982e-03 -6.01600036e-02
  9.03476253e-02 -2.30797827e-02  7.59878233e-02  3.45486999e-02
  1.88667066e-02  3.45483758e-02 -1.67743582e-02  4.37660925e-02
 -4.61663529e-02  2.45242435e-02  6.32697940e-02 -1.40203621e-32
  4.43639569e-02  3.87522057e-02  1.48716206e-02 -1.77454129e-02
 -5.29248826e-02 -5.88789931e-04 -1.14498530e-02 -6.72221780e-02
  1.91151015e-02 -1.56948283e-01 -9.00112763e-02 -8.47972110e-02
  3.41741852e-02 -2.71624476e-02 -3.76295745e-02 -9.26963706e-03
 -6.42091185e-02 -6.09409995e-02 -9.07610580e-02 -3.48726623e-02
  8.76662880e-03  1.05386198e-01  5.62779121e-02  2.30768099e-02
  4.74488325e-02 -3.92324552e-02 -3.09932921e-02  3.57175097e-02
 -9.46096703e-02 -3.09159830e-02  7.24214911e-02  3.96948084e-02
  2.95303054e-02  6.09272085e-02 -6.15806915e-02 -3.38079594e-02
  5.17664999e-02  1.72658283e-02 -4.71212342e-02  5.36557920e-02
  5.64397052e-02  8.72485712e-02  9.76913944e-02 -4.64008078e-02
 -7.00949356e-02 -1.92313660e-02  6.93435268e-03 -1.31397545e-01
  6.03392273e-02 -7.46292099e-02  6.29886240e-02 -8.19103792e-02
 -6.82797506e-02 -2.64016148e-02  6.77598119e-02 -5.73873939e-03
  3.55953835e-02 -3.62133682e-02 -5.60722426e-02 -2.92429980e-02
  7.05035180e-02 -7.16460077e-03 -4.12400961e-02 -6.28862306e-02
  7.10537806e-02  2.00456344e-02  3.54349390e-02 -3.36805661e-03
  8.23460668e-02  4.69103120e-02  4.00736071e-02 -3.69188860e-02
 -1.22131974e-01 -5.53295091e-02 -1.09162657e-02  2.66694725e-02
 -1.84183791e-02  1.17594702e-02 -4.87592071e-02  1.71770062e-02
 -8.08732659e-02 -7.55159706e-02 -6.36514800e-04 -6.50295094e-02
 -5.82293123e-02  6.63707918e-03 -5.17313331e-02  5.70342764e-02
  2.09909305e-02  1.51707176e-02 -1.72522590e-02  5.61812632e-02
  5.97448498e-02 -7.55776465e-03 -4.44783792e-02 -6.20336920e-08
  2.94864755e-02 -4.51808311e-02  2.66992245e-02  3.17097381e-02
 -3.85482386e-02 -3.49252596e-02  1.37237227e-02  1.47007434e-02
 -7.03300675e-03  2.80945729e-02  8.38389713e-03  2.59344056e-02
  1.99689940e-02  2.66690142e-02  3.83402966e-02 -7.73056149e-02
  4.60636616e-02  1.63861066e-02 -4.98723090e-02 -3.87958847e-02
  3.01125608e-02  1.01629291e-02 -8.90368074e-02  2.15282142e-02
  3.81722413e-02 -5.11726625e-02 -1.85530144e-03 -5.12439348e-02
  1.56909961e-03  2.88108177e-02  4.20635790e-02  2.84228921e-02
  3.61278318e-02 -3.69856991e-02 -4.61906530e-02 -7.29209185e-02
  8.05937201e-02  2.71438565e-02 -8.70992914e-02  4.93124016e-02
  1.37894407e-01 -3.57643329e-02 -1.15302799e-03 -5.98088326e-03
  4.81304433e-03 -1.07566370e-02  4.68618888e-03  7.79197216e-02
  7.62220472e-03  2.40640459e-03 -4.19239551e-02  7.64842033e-02
  8.15520622e-03  2.13502012e-02 -1.38755776e-02 -4.24073860e-02
  2.36610677e-02  4.03835848e-02 -2.29607690e-02 -5.93885593e-02
  1.26896352e-01  3.69127132e-02  3.69261913e-02 -4.54327501e-02]