[-9.3538193e-03  6.8674780e-02 -3.2273710e-02 -5.5643298e-02
 -7.8060992e-02  5.7637773e-04  9.8632313e-02  6.9813453e-02
 -3.3909842e-02  3.0675406e-02  6.4375423e-02  5.1581632e-02
 -2.2945376e-02  2.7007256e-02 -6.7278363e-02 -7.6941147e-02
 -2.1968197e-02 -2.0294864e-02 -2.1156309e-02  9.9660210e-02
  1.2864539e-01  1.1903935e-02 -4.8831705e-02  4.2545378e-02
 -2.8252190e-02 -7.2301477e-02 -8.8694967e-02  8.2335293e-02
  6.7463387e-03 -4.0419642e-02  1.2835214e-02  8.8841029e-02
  9.1129996e-02 -7.8757674e-02  4.1244444e-02  2.0560823e-02
  5.5460040e-02 -9.0974934e-02  1.8172001e-02  1.2573947e-01
  1.6671105e-03 -5.7584208e-02  1.6519992e-02 -2.3083622e-03
 -3.9097916e-02  1.7664745e-02 -3.8843136e-02  4.9067229e-02
  6.0741771e-02  9.7250147e-03 -7.8382026e-03  5.4046109e-02
  2.5539121e-02  2.6765192e-02  3.5862718e-02 -1.1815406e-01
 -8.5662417e-02 -3.1912550e-02 -2.7262233e-02 -8.5283956e-03
  5.5482280e-03  4.9295691e-03 -6.2578688e-03 -3.0035364e-02
  1.0910187e-01 -4.4714548e-02 -1.6768744e-02 -1.4988393e-01
 -5.8330022e-02 -3.0225399e-03  4.0936463e-02 -2.0750120e-02
  3.8841214e-02  7.3892236e-02 -5.6149710e-02  5.9132703e-02
 -4.4635363e-02 -3.7851106e-02 -2.0553847e-04 -1.1046785e-01
  1.9474408e-02 -3.4301862e-02  5.0096281e-02 -1.4291729e-02
  1.7903543e-03 -7.1757762e-03 -4.1920640e-02 -3.0393545e-02
  1.2521097e-01  3.8984329e-02  6.7978658e-02  1.8418152e-02
 -5.4311451e-02 -5.8334723e-02 -8.8486783e-02  4.4069078e-04
 -5.6988735e-02  9.2975032e-03 -5.8782481e-02  7.3300660e-02
  3.8999740e-02  6.8740368e-02 -4.0101286e-02 -1.0200438e-02
 -3.7058223e-02  3.5484352e-03  2.3683740e-02  6.4128995e-02
 -4.1173492e-02  6.1146300e-02 -9.6352704e-02 -2.5969185e-02
  6.7629986e-03 -1.0306414e-01 -7.4779965e-02 -2.6560199e-02
  1.1252407e-02 -3.3587128e-02 -7.2505432e-03 -3.8293805e-02
  2.2382228e-02  1.6349695e-03  2.9090391e-02  3.7638146e-02
  1.2218616e-02 -1.9008536e-02  1.8280819e-02  2.1015842e-32
 -2.5086792e-02  2.7036825e-02  1.0146399e-01  4.6248017e-03
 -2.2379031e-02  1.1528555e-02 -2.6152296e-02 -5.2625410e-02
  1.1846163e-02 -7.2333459e-03 -7.7664234e-02  6.2997483e-02
  9.6150413e-03 -3.7021760e-02  3.3295218e-02 -1.4538895e-02
  9.6532434e-02 -2.6492765e-02  5.7431381e-02 -5.7234950e-02
 -5.8567338e-02 -2.1722332e-02  2.7805993e-02  3.0078882e-02
  3.6518201e-02  4.7852769e-02 -8.1596024e-02 -4.3055788e-03
 -7.2102598e-03  6.6957511e-02  2.7831905e-02  3.7613984e-02
 -4.6931133e-02 -5.0296355e-02 -6.5798797e-02 -3.6637582e-02
 -2.4384648e-02 -5.8784490e-03 -5.8373757e-02 -2.9173687e-02
  1.6862605e-02  4.2540647e-02 -6.3062576e-03  4.2932130e-02
  5.3050812e-02 -2.2254433e-02  2.5435241e-02  1.0925844e-01
  7.1811162e-02  8.1956193e-02 -5.2613150e-02 -8.1917429e-03
 -5.9536216e-03 -4.9724802e-02 -1.8515982e-02 -2.6628625e-02
 -3.5551257e-02  6.5303452e-02 -2.1125530e-03 -4.6119407e-02
  3.3059575e-02 -6.8148347e-03 -2.6519759e-02  5.4556150e-03
 -3.7080780e-02 -6.6962883e-02  1.0729579e-02 -2.2347501e-02
  5.5514980e-02  1.7650433e-02 -4.8707508e-02  6.0971873e-03
 -2.2965549e-02  7.5712360e-02 -3.4550779e-02 -8.3880406e-03
  4.8351895e-02  1.5496032e-02  5.1425211e-02 -6.1303519e-02
 -1.0648382e-02  2.6631834e-02 -3.2558709e-03  7.0300694e-03
  5.4980937e-02  2.1114873e-02  5.5638980e-02  4.0084992e-02
  3.5432648e-02  3.2756288e-02  4.3052930e-02  1.3749653e-02
  2.6330683e-02  2.3320422e-02  4.7065626e-04 -2.0087472e-32
 -4.4240147e-02  2.7072586e-02 -4.5819722e-02 -1.4360923e-02
 -5.0736880e-03  3.6557250e-02  9.4694747e-03 -2.4153960e-03
  1.7004166e-02 -7.4088104e-02  5.8029890e-02 -1.1216050e-01
  7.0114389e-02 -4.0178675e-02 -4.4336420e-02  3.1178562e-02
 -9.0595916e-02  2.6846152e-02 -1.6187334e-02  2.4576990e-02
 -1.9976676e-02  5.5264767e-02  4.5433097e-02  3.4054972e-02
 -6.4701058e-02 -8.6155506e-03 -2.8361801e-02 -7.0737027e-02
 -4.5642171e-02  2.1335883e-02  2.7837936e-02 -1.4425402e-02
  2.5009943e-02  7.3329508e-02 -2.0784970e-02 -2.4807554e-02
 -8.9448709e-03  2.7805286e-02  1.1515107e-01  1.2423132e-01
  1.4100862e-02  2.2143804e-02  9.6301049e-02 -6.9253795e-02
 -3.0473715e-02 -6.3865826e-02  6.1744146e-02 -8.4583901e-02
  2.1877164e-02 -8.4348321e-02 -2.2475829e-02 -8.3598346e-03
 -5.4056861e-02 -2.6698755e-02  5.9930388e-02 -3.1550702e-02
 -1.7759742e-02 -8.0666333e-02 -9.4159745e-02  4.8356462e-02
  6.6179894e-02  7.4152604e-02 -2.8098036e-02  4.0868040e-02
  1.0223420e-01 -2.4168616e-02 -4.9627014e-02  9.9640898e-03
  2.9218966e-02 -3.3993702e-03  7.8328587e-02 -1.0327887e-01
  7.7355869e-02 -1.7463176e-02 -4.3158427e-02 -9.8248035e-02
 -2.1364940e-02  3.8568597e-02  3.9656935e-03  4.0113028e-02
 -3.2442637e-02 -2.2831619e-02 -6.1078344e-02  1.5177076e-02
 -1.0812589e-01 -7.4924462e-02  1.2261547e-01  7.7162464e-03
 -3.8940333e-02  6.4182825e-02 -1.2524518e-02  3.1959895e-02
  5.1900342e-02  1.8902810e-02  2.0426234e-02 -7.8789824e-08
  6.2729664e-02 -4.3252286e-02 -2.4135686e-03 -2.5977427e-02
  3.7474636e-02 -1.8831335e-02 -4.0344559e-02 -7.2131164e-02
 -1.1013172e-02  2.3804381e-02  2.6842622e-02  5.5976033e-02
 -2.9251084e-02 -2.7943272e-02  1.4637238e-02 -5.0929356e-02
  2.4289029e-02  6.0298059e-02 -9.2147775e-02 -3.8295683e-02
  8.1755541e-02 -6.4944148e-02  1.5386372e-02 -1.1721994e-01
 -7.6489951e-03  1.6172538e-02 -6.6950105e-02 -6.0831201e-03
 -1.1561127e-02  6.6211829e-03  5.2422713e-03  1.3448081e-02
 -1.4700401e-02 -1.0917015e-01 -8.2038745e-02  5.7626974e-02
 -2.0751746e-02 -3.2079476e-03 -1.6604017e-03  7.1831077e-02
  1.7551851e-02 -9.3204863e-02 -6.8541802e-02 -1.9566089e-02
  3.0706359e-02  5.9580654e-02  2.1464305e-03  6.4590417e-02
 -1.2575057e-01  1.0489658e-02 -8.2903892e-02  4.0811718e-02
  3.2004561e-02 -4.9983192e-02 -5.0473776e-02 -2.2830350e-02
  3.6977526e-02  5.1076017e-02  3.2970872e-02 -6.8079285e-02
  2.0461077e-02  1.6149146e-02 -4.0852251e-03 -5.6199089e-02]