[-2.14059483e-02  1.27923321e-02  1.94840729e-02 -2.59947609e-02
 -1.18186489e-01  1.51756797e-02 -4.20109034e-02  3.28036211e-02
  6.97393864e-02  4.95089106e-02  8.82199258e-02 -6.41966164e-02
  1.91837363e-02 -8.15383252e-03 -1.56002613e-02 -8.45133886e-02
  5.44593520e-02  3.36271408e-03 -7.63588771e-03  5.43023683e-02
  1.38402760e-01 -4.42792736e-02 -6.72878847e-02  6.16019256e-02
 -8.29246864e-02 -5.52793071e-02 -1.10607080e-01  1.21515160e-02
 -8.08030516e-02 -2.35681981e-02 -4.43551540e-02  1.26908929e-03
  8.93224180e-02 -4.01958600e-02  1.44935856e-02 -4.53434838e-03
  5.05334549e-02 -3.99385877e-02  1.03713311e-02  6.11860082e-02
 -4.42028828e-02 -3.36739682e-02 -3.05682514e-02 -6.60072491e-02
 -6.80751773e-03 -1.51349753e-02  1.31024290e-02 -1.53904338e-03
 -5.83945103e-02 -2.39305831e-02  9.86358058e-03 -1.88928805e-02
 -4.14075702e-02  5.29484414e-02 -3.35369743e-02 -7.86228701e-02
 -5.84346168e-02 -5.75359538e-02 -7.54001886e-02 -7.80134229e-03
 -5.23321964e-02  8.40930566e-02 -3.01578380e-02  6.23101071e-02
 -1.16726267e-03 -3.21817584e-02  2.51566377e-02 -1.73660908e-02
 -5.50290830e-02  3.64178233e-02  3.05071240e-03 -6.18361533e-02
  1.29502369e-02  5.30421138e-02 -6.26822934e-03  7.39944428e-02
  1.25826318e-02  4.83372025e-02 -1.28361136e-02 -2.13659838e-01
  2.11209897e-02  1.33802630e-02  2.78842933e-02 -1.00904834e-02
  2.91041490e-02 -4.04378660e-02 -1.00779179e-02  1.28033455e-03
  6.33511990e-02  3.20861824e-02  2.92075593e-02  3.15633491e-02
 -2.93026939e-02 -2.54095905e-02  8.20987597e-02 -1.00452751e-02
  1.68760959e-02  7.81596527e-02  3.33217829e-02 -1.81549657e-02
  4.91348803e-02 -8.03642999e-03  5.21529606e-03  8.16287324e-02
 -4.29132618e-02  1.85425002e-02 -8.66157413e-02 -1.18644297e-01
  2.63607744e-02  2.73074340e-02 -9.36503410e-02 -6.85065910e-02
  1.43380207e-03 -7.95785710e-02 -5.33121265e-02  4.96658832e-02
 -3.68647128e-02  4.47237445e-03  7.44643882e-02  6.54853508e-02
  3.57022621e-02 -4.74240966e-02 -2.34492738e-02 -2.46335492e-02
  4.26960550e-03 -1.41524868e-02  8.09836313e-02  8.82850844e-33
 -1.29489312e-02 -8.09431672e-02  2.37827133e-02  8.09028670e-02
  1.83104370e-02  4.00464572e-02 -9.36968550e-02 -1.39408908e-03
  9.28106308e-02 -3.92271280e-02 -9.11906883e-02  4.61564846e-02
  3.20521183e-03  2.16146968e-02  7.84823745e-02  1.68021806e-02
  7.03286678e-02  5.44905365e-02 -2.91827880e-02  2.46888213e-03
 -3.78530510e-02 -7.24537596e-02 -5.26636727e-02  1.31159015e-02
  1.19689815e-02  5.92314154e-02 -4.67026271e-02 -5.03223343e-03
 -1.13878742e-01  5.58219068e-02  3.44405398e-02 -2.46975035e-03
  2.45416258e-02 -5.19721918e-02 -6.20320626e-02  2.09999811e-02
  2.91407965e-02  1.04645351e-02  1.81828327e-02 -3.09851542e-02
 -1.01742022e-01  1.05059035e-02  2.85610482e-02  2.27709748e-02
  1.09350448e-02 -4.49520424e-02  7.79139549e-02 -2.01875214e-02
  9.45263878e-02  6.22060746e-02  1.42634260e-02 -2.63989288e-02
  3.52259390e-02 -6.85276687e-02  1.88374370e-02  5.37555926e-02
 -3.74689214e-02  1.13961339e-01 -6.67921230e-02 -3.76880243e-02
  5.51125826e-03  3.79553735e-02  1.11570349e-02  8.77652783e-03
 -1.88191943e-02  8.65546241e-03 -3.83410864e-02  4.47908901e-02
  7.84023702e-02  1.46182189e-02 -9.94491279e-02  2.69377902e-02
 -3.66311856e-02 -7.42938463e-03  6.66960180e-02 -1.97650469e-03
  5.32133803e-02 -2.72185970e-02 -2.26331651e-02 -4.98774201e-02
 -6.43655956e-02  7.01892190e-03 -3.03784236e-02 -1.54145584e-02
  6.07402325e-02  3.08301672e-02  8.29524696e-02  1.32285267e-01
  2.49981042e-02  3.51877213e-02  5.32821603e-02  6.41633570e-02
  1.35210771e-02  3.71883214e-02  8.58800933e-02 -1.23234971e-32
 -3.56644811e-03  4.39054668e-02 -5.45022599e-02 -6.14738017e-02
 -7.27946591e-03  5.15439697e-02  3.52404662e-03  1.27928110e-03
 -4.57838662e-02 -1.08210854e-01 -2.23784335e-02 -3.16761807e-02
  5.10833412e-02 -1.42890224e-02 -7.16083050e-02  7.73799792e-03
 -5.41031584e-02 -5.23683848e-03 -5.34475259e-02 -1.14480685e-02
  2.10882686e-02 -1.84170324e-02  3.23009938e-02 -2.00593788e-02
 -2.06831247e-02 -5.03532141e-02 -7.68688023e-02 -6.08443469e-03
 -3.71880978e-02 -2.20397115e-02  1.21019585e-02 -1.04913553e-02
 -2.78510675e-02  1.02276340e-01 -1.82596855e-02  1.05066074e-03
  3.60365957e-02 -7.54900323e-03 -2.11749747e-02  8.28763098e-02
  1.70548074e-02  3.02558718e-03  1.24844640e-01 -1.52471727e-02
 -3.17894518e-02  2.95418710e-03 -1.84587445e-02 -8.42303410e-02
  3.11943218e-02 -2.50652153e-02  3.89980711e-02 -1.28722750e-02
 -2.55342089e-02  2.95380894e-02  3.76243554e-02 -6.32798485e-03
 -5.65929823e-02 -9.69774798e-02 -1.49843022e-01  2.85388883e-02
  5.46281273e-03  3.74603756e-02 -8.75340309e-03 -2.58030207e-03
  9.42807272e-03 -4.45075892e-02 -5.38178273e-02  4.94281426e-02
  6.94129318e-02 -3.20476890e-02  3.84216532e-02 -6.95370510e-02
 -1.11978032e-01 -6.04337193e-02  3.26101966e-02 -1.22389048e-01
  9.45674162e-03 -5.02876304e-02 -6.11969642e-02  2.88715139e-02
 -1.41955793e-01  1.62289318e-04  1.04373787e-02 -1.99692436e-02
 -1.05214827e-01  1.19795166e-02 -2.45302487e-02 -7.21014850e-03
 -3.41501064e-03  3.07603162e-02 -2.26531643e-02  4.38712016e-02
 -1.64079145e-02 -1.17999623e-02 -4.62973937e-02 -6.60235102e-08
  1.69503894e-02  2.99604442e-02  9.62802470e-02 -3.19388509e-02
  4.64117564e-02 -5.41093238e-02 -2.67722737e-02 -1.00111440e-02
  4.13186289e-02  1.87236853e-02  4.79163080e-02 -5.48784796e-04
  3.04478779e-02 -7.09549803e-03 -1.88948661e-02 -5.87987043e-02
  5.60264960e-02  3.89316641e-02 -3.55924144e-02 -3.04526426e-02
  1.87179055e-02 -3.82579565e-02 -8.44777375e-02 -6.69691861e-02
  4.06996533e-02  8.58054869e-03 -6.97380155e-02 -8.73425603e-03
 -4.01315354e-02  9.73175541e-02  3.19640944e-03  1.84027404e-02
  1.62447337e-02 -1.05281979e-01 -8.41300711e-02 -4.61989716e-02
  8.29185918e-03  2.61865016e-02 -4.95112352e-02  1.58755202e-02
  1.30392179e-01 -5.53814434e-02  1.85284100e-03  3.03427298e-02
  7.60023147e-02 -9.77288000e-03  1.66012235e-02  6.46959841e-02
 -3.83136608e-02 -4.51723970e-02 -5.13571128e-02 -2.52307951e-03
  2.19870582e-02  8.13499764e-02 -2.69966796e-02 -6.91473037e-02
  3.95467803e-02 -1.85822183e-03 -8.59649386e-03 -7.36310659e-03
  7.33108521e-02  2.40210537e-02  1.82659961e-02 -1.37700075e-02]