[ 2.12973971e-02  1.17291100e-02 -3.31671350e-02 -5.07051721e-02
 -7.64178485e-02  8.30871984e-03  1.52640743e-02  5.06029688e-02
  4.62214239e-02  4.17478383e-02  3.85294594e-02  2.50130761e-02
 -2.06107441e-02  1.92611217e-02  5.09051494e-02 -7.99338073e-02
  1.07214786e-01 -1.68424454e-02  5.38134314e-02 -2.44103298e-02
  1.00360774e-01 -2.96674836e-02 -4.55263332e-02  6.45806715e-02
 -7.68653303e-02  7.87132420e-03 -2.83928346e-02  9.21992585e-03
 -7.83063471e-02 -6.87554851e-02 -2.66592242e-02  5.26088476e-02
  1.04623497e-01 -1.88342929e-02 -7.52061456e-02  3.27316672e-02
  4.71239723e-02 -5.65064885e-02 -3.63281034e-02  8.57701004e-02
 -1.37697309e-01  2.17023934e-03  4.56209714e-03 -4.03747149e-02
  4.54923399e-02 -7.31326193e-02 -3.73051837e-02 -6.58053309e-02
 -1.19182817e-03  4.06997241e-02 -3.76654044e-02 -4.16489206e-02
  1.43846786e-02 -5.25258221e-02 -3.12185520e-03 -8.40690807e-02
 -1.17681902e-02  8.88323635e-02 -4.39411476e-02  1.37619767e-02
 -2.76209712e-02 -7.80726317e-03 -5.31316828e-03  5.08116782e-02
  7.35234544e-02 -1.05680764e-01 -8.85539576e-02  2.74795317e-03
 -2.09923722e-02 -4.22289036e-03 -6.54730422e-04 -9.63776186e-02
  8.76203105e-02  1.92885194e-02 -1.79625731e-02  4.84230667e-02
 -2.41856051e-05  2.12120023e-02  2.55825035e-02 -1.17115594e-01
  8.23414177e-02 -9.44800489e-03 -3.53578441e-02  3.48456502e-02
 -6.30365834e-02 -3.44851203e-02  6.03420148e-03 -3.38664427e-02
  1.18642421e-02  1.98669508e-02  5.29015251e-02 -1.91671271e-02
 -4.41041589e-02  5.12547931e-03 -2.90514566e-02 -2.96042897e-02
 -3.62831391e-02 -6.07659556e-02 -7.26865744e-03  6.09810799e-02
  5.53993434e-02  7.78497905e-02  6.51210248e-02  3.44566628e-02
 -2.22663619e-02 -8.26081540e-03 -4.83686700e-02 -3.55570093e-02
  3.43049094e-02  8.83262679e-02 -1.03721954e-01 -8.88424646e-03
 -1.47314504e-01 -7.29792491e-02 -6.87513947e-02 -4.06507365e-02
  2.60377750e-02 -8.27575848e-02  6.32508174e-02 -3.47144306e-02
  4.13467037e-03 -5.09031564e-02 -1.78480949e-02 -7.65855163e-02
  2.13399660e-02  8.37998185e-03  3.22705545e-02  3.97307723e-33
 -8.15103501e-02 -6.06768765e-02  2.69513968e-02  3.82069126e-02
 -5.28706945e-02 -4.72124629e-02 -4.05130684e-02 -2.08677687e-02
  4.61224839e-02 -2.66305916e-02 -3.90778482e-02  1.51200712e-01
  5.43209277e-02  3.27718779e-02  1.45291656e-01 -3.16004381e-02
 -4.29517962e-02  1.99446492e-02  3.83873694e-02 -3.65698002e-02
 -3.74414511e-02  2.03820560e-02  5.45692332e-02 -3.71225551e-02
  6.88721687e-02 -2.52939854e-02  4.87099402e-03 -2.68453360e-02
  2.76535712e-02  2.29575410e-02  1.00312151e-01 -1.63791496e-02
 -4.71939929e-02 -2.34488770e-02 -6.35831878e-02 -1.35042751e-02
 -1.83724109e-02  2.21485365e-02  1.77797657e-02 -1.04730934e-01
  2.86335275e-02 -3.94850746e-02  2.97099110e-02  1.05461329e-01
  1.90377925e-02  3.46779972e-02  2.12427862e-02 -6.76787794e-02
  5.16937003e-02  5.40304221e-02 -3.83357145e-02 -7.38725886e-02
 -1.33611215e-02 -4.50077839e-03  6.73851138e-03  4.63869460e-02
  6.28892519e-03  4.23628418e-03  1.45947775e-02 -1.23929754e-01
 -4.75857295e-02 -4.37169559e-02 -4.87492839e-03 -3.77619229e-02
  1.45258270e-02  1.78994965e-02 -2.78730970e-02  2.79663294e-03
  8.45920220e-02  1.13922236e-02 -8.38601366e-02  3.92457878e-04
 -1.29677700e-02  1.69921503e-03  1.21952612e-02 -2.14774590e-02
 -2.60236841e-02 -1.05382362e-02 -3.86218238e-03  2.47247275e-02
 -2.90663410e-02 -6.17042258e-02 -2.25934628e-02 -3.67169315e-03
  7.92481154e-02  7.19199032e-02  1.22376578e-02 -5.33686980e-05
  9.55483764e-02  1.25304595e-01 -6.45408630e-02  1.14043310e-01
 -5.63308038e-02  1.05349250e-01  7.21877590e-02 -8.63986805e-33
 -3.90444845e-02  2.38762703e-02 -2.35219914e-02  9.06690285e-02
 -1.77073609e-02  3.16622183e-02 -1.09121695e-01 -2.49776393e-02
 -5.63654713e-02  2.71253064e-02 -9.42304358e-02 -7.57808983e-02
  3.50199342e-02  3.24128829e-02 -7.92130157e-02 -2.14619562e-03
 -9.05537009e-02 -3.83504331e-02 -4.66903113e-02  3.77629325e-02
  1.58367269e-02  1.18500933e-01  4.85223792e-02 -3.35120894e-02
 -3.76308747e-02 -3.43487523e-02 -4.31374684e-02 -6.80300817e-02
 -6.12470731e-02 -4.42831777e-02  8.34352076e-02 -1.03428876e-02
 -4.64644143e-03  3.36747020e-02 -2.44677030e-02  1.19801955e-02
  5.09665385e-02  2.97852997e-02 -9.07681808e-02  1.19347371e-01
  4.43719178e-02 -1.34774379e-03  2.30561290e-02 -6.62770197e-02
 -1.40348002e-02 -3.22091058e-02 -5.44545911e-02 -1.16647027e-01
  4.33186181e-02 -4.44448777e-02  5.30286320e-02 -6.43436536e-02
 -3.56511325e-02  1.18772686e-02  2.87770052e-02 -2.63018757e-02
 -4.21882533e-02 -9.40601677e-02 -5.64222634e-02  2.90618762e-02
  7.60181695e-02 -9.17556509e-03 -6.13909252e-02 -3.13969962e-02
  6.32989556e-02 -1.25882858e-02  1.75365899e-02  7.07283169e-02
 -4.79352064e-02  6.71247616e-02 -2.33448576e-02  1.88224409e-02
 -1.33174257e-02  1.36908488e-02 -1.81262866e-02 -4.38171066e-02
  2.87237694e-04  1.34161096e-02 -1.56438295e-02  1.03679914e-02
  1.94369052e-02 -4.66765575e-02  2.60085128e-02  1.84416696e-02
 -6.24257810e-02 -3.84857203e-03  3.53448093e-02 -3.16116028e-02
 -4.18029986e-02  3.24474685e-02 -2.38064770e-03  5.02921036e-03
 -2.15632748e-03 -3.80151421e-02 -3.71014103e-02 -5.04817486e-08
 -3.22985537e-02 -4.75949459e-02  8.55063275e-02  8.93008709e-02
 -4.19464894e-02 -8.32621679e-02 -2.21437421e-02  6.60170615e-02
  3.78990583e-02  8.08781385e-02 -3.74077559e-02  1.07957460e-02
 -7.17597231e-02 -1.25763158e-03  5.37669063e-02  1.55985458e-02
  5.07691950e-02  6.00455254e-02 -3.40724853e-03 -4.34574522e-02
  1.15287425e-02 -3.44750248e-02  1.61473081e-02 -1.70990340e-02
  3.89327444e-02  3.20679247e-02  4.25128406e-03 -2.23265551e-02
 -1.44398417e-02  2.76585389e-02 -1.53744407e-02  3.29298377e-02
 -1.50835719e-02 -9.44795683e-02 -2.65544523e-02 -3.83529402e-02
  2.40716077e-02 -6.04618825e-02 -9.74324159e-03  1.44618666e-02
  9.53575503e-03 -1.55708641e-02 -8.54685977e-02  1.22205177e-02
  4.15575542e-02  4.87975292e-02 -5.01855612e-02  7.69645274e-02
 -8.01848620e-02 -3.65762375e-02 -4.24742028e-02 -1.46132605e-02
  2.53390130e-02  1.24026807e-02  1.99941490e-02 -2.08773017e-02
  3.37535627e-02 -1.56051163e-02 -5.75631782e-02  5.90901747e-02
  9.14662927e-02  8.95891897e-03  2.40966827e-02 -1.75880156e-02]