[ 1.12024080e-02  6.22856766e-02 -7.99477547e-02 -3.10980827e-02
 -2.11449135e-02  2.43241619e-03 -1.99850295e-02  6.85439557e-02
  4.46221419e-03 -1.75581239e-02  6.17266074e-02 -3.51566784e-02
  2.03058049e-02  3.44542973e-02  7.43645802e-03 -5.55719584e-02
  9.44418833e-03  3.46489549e-02 -2.67173275e-02  1.10125802e-01
  1.83536798e-01 -2.73011886e-02 -5.41050360e-02  2.65412517e-02
 -3.35654169e-02 -1.00261001e-02 -6.33577704e-02  3.27123376e-03
 -4.80556823e-02 -3.96188498e-02 -1.33024892e-02  1.44621581e-01
  3.38516608e-02 -1.04553066e-01  5.61212301e-02  9.78950877e-03
 -1.96647253e-02  1.74408108e-02 -3.74930799e-02  9.04438496e-02
 -8.89775082e-02 -1.83614139e-02 -6.33586571e-02 -3.93023416e-02
 -5.19898385e-02 -7.67340586e-02  5.14579751e-02  4.55643460e-02
  3.72367874e-02  8.86900350e-03 -8.28650128e-03  2.65838280e-02
 -8.72654989e-02  4.76482324e-02  3.44165824e-02 -1.33772984e-01
 -6.65350631e-02 -2.38452898e-03  3.24404240e-02  1.06900707e-02
 -1.20662795e-02  4.05550487e-02 -6.93746656e-03 -7.01702060e-03
  2.01507304e-02 -1.58173870e-02 -3.40577960e-02 -2.63826493e-02
 -9.27549452e-02  8.81878566e-03  4.58237380e-02 -5.49267605e-02
  1.70388110e-02 -3.40997204e-02 -5.73067032e-02  7.07613751e-02
  6.24234714e-02  2.51806397e-02  2.65646726e-03 -1.84151828e-01
 -2.75290804e-03  6.66483790e-02 -8.83704796e-03 -1.20033547e-01
  2.90113129e-02  2.31686346e-02 -4.91769845e-03 -9.14718024e-03
  7.09217712e-02  5.77193722e-02  4.31018062e-02  5.29903919e-02
 -7.32347295e-02 -9.04964805e-02  3.59061174e-03 -3.76496799e-02
 -9.19693150e-03 -3.07891406e-02  5.73542267e-02 -3.35564949e-02
  9.01339352e-02  3.87537889e-02 -3.58521827e-02  1.56858321e-02
 -3.20376717e-02  2.92178281e-02  1.98675580e-02  2.64185928e-02
  3.98327969e-02  6.80840537e-02 -6.80341125e-02  1.10821612e-02
  9.48798843e-03 -7.02898204e-02 -7.72952810e-02  3.36755700e-02
 -2.86391862e-02 -5.58993667e-02  2.12334413e-02 -7.92465284e-02
  3.64557207e-02 -4.04493809e-02  7.13499859e-02 -5.49977385e-02
 -1.25879170e-02 -9.27200541e-02  5.43685108e-02  1.11785193e-32
 -2.23955028e-02 -1.79960132e-02 -2.10326556e-02  3.90259959e-02
 -1.34155275e-02 -2.89307237e-02 -6.56327605e-02  4.18869965e-03
 -4.80901077e-03 -3.00808367e-03 -6.10585473e-02  4.15578596e-02
 -3.16499919e-02  5.60236722e-02  6.24635629e-02 -9.47891641e-03
  8.71784315e-02 -3.84481288e-02  2.09874697e-02 -1.78135708e-02
 -8.02868698e-03  1.90126933e-02  2.64741052e-02 -2.29077172e-02
  4.01057117e-03  7.71905780e-02 -3.85829210e-02 -3.81673290e-03
 -9.46437418e-02  4.21636365e-02  8.52425098e-02 -2.27409955e-02
 -1.31971063e-03 -3.25572602e-02 -6.75118864e-02 -7.04000611e-03
 -1.37930745e-02 -1.73642281e-02 -5.50129078e-02 -6.22043684e-02
 -5.52094616e-02  5.40112704e-02  6.33815154e-02  8.21899399e-02
  6.34462759e-02 -4.37521599e-02  2.91277338e-02  5.67351989e-02
  2.94354558e-02  5.88854700e-02 -8.86337236e-02 -8.02796148e-03
 -4.04519215e-02 -4.00829613e-02 -6.49842322e-02  3.03418618e-02
 -5.49051948e-02 -3.00833136e-02 -4.15974483e-02 -2.18112096e-02
  2.50020735e-02  4.32054549e-02 -5.43561354e-02 -7.69337779e-03
 -6.82991967e-02 -3.43094692e-02 -1.50958681e-02  5.86016178e-02
  1.28390744e-01  6.23507649e-02 -7.50413239e-02  4.52559553e-02
 -1.10161398e-02  2.72081215e-02  5.52966222e-02 -3.87502238e-02
  7.37341493e-02 -2.20434684e-02 -3.98403853e-02  2.21364256e-02
 -3.74268442e-02 -1.55866751e-02 -2.84106415e-02 -3.61492229e-03
  3.58291902e-02  7.39544109e-02  4.65058126e-02 -7.30243325e-03
 -6.61719684e-03  2.61562821e-02  1.20818773e-02  8.10978040e-02
 -2.16073450e-02 -4.49399799e-02  5.52048273e-02 -1.25982270e-32
  2.26037651e-02  3.64226736e-02  1.21960025e-02 -1.80134885e-02
 -3.82048748e-02 -9.06972121e-03  2.51955760e-04 -1.27989471e-01
 -2.56760325e-02 -1.28769085e-01 -1.30308196e-01 -4.42895293e-02
  5.80034666e-02 -6.48960993e-02 -6.14383779e-02  4.83600534e-02
 -6.61697164e-02 -4.88284454e-02 -5.98185733e-02 -4.58690934e-02
 -7.16502368e-02  6.20164536e-02  3.59483771e-02 -8.45597871e-03
  2.18806770e-02 -4.47155200e-02 -5.81589304e-02 -5.13628349e-02
 -1.67986546e-02  3.26158814e-02  4.39517833e-02  1.20467348e-02
 -6.12939075e-02  6.93935677e-02 -3.35073173e-02 -6.28022328e-02
  8.81950781e-02 -3.16804834e-03 -1.51784886e-02  6.96417093e-02
  9.43426788e-02  8.13285559e-02 -2.13887822e-03 -4.90150861e-02
 -8.29768404e-02 -1.29743470e-02 -4.15590638e-03 -3.77793536e-02
  9.04564783e-02 -2.67912243e-02  1.19398661e-01  5.25535492e-04
 -9.58350599e-02  1.54934954e-02  3.95483933e-02 -2.92969160e-02
  2.02442370e-02 -4.45607230e-02 -5.73127605e-02  1.95360351e-02
  5.19725680e-02  9.57614258e-02 -9.92805418e-03 -1.30857304e-02
  3.80359665e-02  1.24188494e-02  1.15036052e-02  3.74983661e-02
  4.77886796e-02  7.14584347e-03  4.67565544e-02 -8.46998990e-02
 -3.13264988e-02 -3.85745019e-02 -7.87662528e-03 -3.35445255e-02
 -1.65832378e-02 -1.91996824e-02 -1.55864302e-02  2.87041347e-02
  3.83727689e-04  5.11072297e-03 -1.56253725e-02  8.00554350e-04
 -4.66217473e-02  8.14350601e-03 -4.58316877e-02  5.75554231e-03
 -1.20874429e-02  4.39905487e-02 -5.85551187e-02  5.77488653e-02
  5.96406460e-02  2.95273564e-03 -3.64479758e-02 -5.92460552e-08
 -1.30869653e-02 -1.43625485e-02  1.97035465e-02  1.73342973e-02
  1.25361588e-02 -3.63826379e-02 -1.86785348e-02  1.16195232e-02
  3.21865603e-02 -7.66772311e-04  2.34768260e-02  6.25709146e-02
 -4.04569954e-02 -4.27236781e-02 -2.74371039e-02 -2.87921000e-02
  8.66860524e-02  8.83653387e-03 -1.91668142e-02 -3.18128206e-02
 -4.91305953e-03 -1.11592030e-02 -1.35638297e-01 -6.58169575e-03
  2.17472613e-02 -5.31843863e-02 -2.67821234e-02  1.54726701e-02
  6.36035204e-02  3.36673744e-02 -4.40898025e-03  1.58864502e-02
  6.45690560e-02 -1.36989564e-01  3.38395610e-02  1.37639716e-02
  2.76599415e-02  7.39675239e-02 -3.32182981e-02  1.72244925e-02
  5.45965470e-02 -1.08030535e-01  3.84937855e-03 -2.13587172e-02
 -2.05923207e-02 -1.43675022e-02 -4.90815751e-02  9.33954120e-02
  1.33798346e-02 -3.30384895e-02 -2.18539173e-03 -2.65507195e-02
  9.56622660e-02  3.89361307e-02 -4.11702618e-02 -3.76252644e-02
  1.25190821e-02 -3.78566012e-02  8.28485861e-02 -6.61322847e-02
  9.46919471e-02  4.59005609e-02  3.50761563e-02 -5.71531616e-02]