[-4.60469499e-02  4.34897691e-02 -2.13577715e-03 -2.52855550e-02
 -8.99584871e-03  5.78766279e-02 -7.37847984e-02  8.88558850e-02
  2.15336177e-02  8.32484737e-02  5.85253239e-02 -2.07355563e-02
  2.54458841e-02 -2.15789229e-02 -1.31948863e-03 -7.54469335e-02
  4.71654534e-02  7.16696214e-03 -4.14627977e-02  3.68312933e-02
  8.28340724e-02 -2.37100441e-02 -6.50534257e-02  1.74913425e-02
 -9.72197428e-02 -1.02877151e-02 -3.02219577e-02 -7.48662204e-02
  1.43078659e-02  4.42058314e-03 -1.18468078e-02  5.32104149e-02
 -1.33170572e-03 -1.78500134e-02  1.09387767e-02 -2.17493754e-02
  1.69180855e-02  5.24565997e-03 -3.14191803e-02  5.09452187e-02
 -2.43384633e-02 -6.36229012e-03 -9.39260051e-02 -5.30168377e-02
  3.85063663e-02 -2.03460399e-02  5.38362972e-02  2.46921368e-02
 -1.31704077e-01 -7.30776936e-02 -8.32855850e-02  1.26680336e-03
 -1.18072703e-02  2.61970237e-02  3.60008553e-02 -1.25809133e-01
 -3.08681019e-02 -6.80861026e-02 -6.97571319e-03 -4.49097576e-03
 -5.95413111e-02 -2.11167969e-02 -3.26714963e-02 -2.64920294e-02
  1.31243735e-03  5.95512167e-02  4.79416503e-03  1.07761659e-02
  8.77843052e-02  5.22950888e-02  5.50107360e-02 -2.67736539e-02
  4.95828129e-02  1.15623595e-02 -2.62564067e-02  8.13591257e-02
  5.26401401e-02  4.60027456e-02  9.76111833e-03 -2.06563488e-01
  2.74149403e-02  2.99120322e-02 -2.56600026e-02 -5.45773655e-02
  3.76384519e-02 -2.65067406e-02 -2.67967340e-02  3.70203555e-02
  1.94646362e-02 -2.68867835e-02  5.77913821e-02  2.06681415e-02
 -1.12860635e-01 -4.94216830e-02  1.83558986e-02  1.46233244e-02
 -4.80935276e-02 -1.23058051e-01  8.76546726e-02 -1.23041729e-02
  7.16724470e-02  4.49155346e-02 -5.75379469e-02  3.61985527e-02
 -4.60212864e-02 -3.86044532e-02 -3.06842495e-02 -5.52743711e-02
  6.93759695e-02  1.20518245e-01 -4.54039574e-02 -3.41598168e-02
 -1.00739459e-02 -1.64622650e-03 -1.78864808e-03 -6.14426024e-02
 -6.60147294e-02 -3.74382623e-02  6.50056973e-02 -1.81955770e-02
  1.76831186e-02 -6.40777946e-02  1.60467532e-02 -3.68776582e-02
  8.67361799e-02 -1.28530459e-02  2.33570226e-02  1.02207970e-32
  4.22651414e-03 -1.16757035e-01 -2.50897855e-02 -1.00531857e-02
 -1.08281979e-02 -2.00566892e-02 -7.30802789e-02 -3.25442404e-02
  1.02682516e-01  4.89248708e-02 -1.34698497e-02 -2.19858089e-03
 -3.98804955e-02  5.04426770e-02  5.99550195e-02 -5.86289912e-02
  3.47911008e-02 -1.18972175e-02 -6.37212619e-02 -2.24774368e-02
 -3.17157544e-02 -9.60201956e-03  1.60056241e-02 -5.14484197e-02
 -6.21520029e-03  8.68235603e-02 -7.91525990e-02  1.13970572e-02
 -4.51941825e-02  5.94696850e-02  7.90256858e-02 -4.41286191e-02
 -2.89056785e-02 -1.59629714e-02 -6.71243742e-02 -9.01648588e-03
 -2.83303596e-02 -5.12105366e-03  1.25373919e-02 -3.13115865e-02
 -7.54716247e-02 -5.59914159e-03  2.94085350e-02  6.11589924e-02
  5.72102740e-02 -7.34384432e-02  2.27835085e-02 -4.27966192e-02
  4.07109708e-02  2.72800867e-03 -2.51117684e-02 -4.16356288e-02
  1.64119862e-02 -7.66192824e-02  3.46521474e-02  6.85434192e-02
 -8.39408487e-02 -1.98869612e-02 -2.72871181e-02  2.41244351e-03
 -5.21759279e-02  1.22061130e-02 -8.74623731e-02 -1.09766331e-02
 -4.10107560e-02 -9.04142112e-03 -5.99670447e-02 -1.46025019e-02
  1.00152552e-01  3.53290215e-02 -4.86547761e-02  3.24532539e-02
 -7.04562813e-02  3.59819531e-02  4.48259450e-02 -3.40122916e-02
  9.30603519e-02  8.54482651e-02 -4.09931503e-02 -5.59040671e-03
  2.72663366e-02 -2.62275571e-04  7.45531823e-03 -1.13636572e-02
  3.30988206e-02  2.08082031e-02  3.35893966e-02  7.00634345e-02
  2.55531888e-03  6.90500066e-02  2.42717490e-02  9.80026126e-02
  2.13904399e-02  7.27179497e-02 -1.35255046e-02 -1.24517560e-32
 -2.38636434e-02  1.73017383e-02 -6.68242648e-02 -1.25639485e-02
 -3.86262573e-02  2.62185652e-02 -4.93988618e-02 -5.37367761e-02
 -6.44897521e-02 -1.63421139e-01 -4.45193537e-02 -4.92987372e-02
  5.22491895e-02  8.06964934e-03 -7.02397153e-02  4.46637459e-02
 -9.39863548e-03 -2.02858932e-02 -3.47200148e-02 -6.51958119e-03
 -1.98214296e-02 -4.71961638e-03 -5.28140143e-02 -1.65726943e-03
 -1.06564891e-02 -1.49793010e-02 -1.80620258e-03  2.35536927e-03
 -3.76411229e-02 -8.74145795e-03  3.23907547e-02  3.86036634e-02
 -4.24623862e-02  9.83249620e-02 -2.12166482e-03 -4.69166264e-02
  6.00047745e-02 -4.88114618e-02 -6.54217601e-02  6.57892972e-02
  6.30947202e-02  1.40887752e-01  1.82603020e-02 -9.80260670e-02
 -6.89130872e-02  1.12162353e-02  2.78879013e-02 -5.79622351e-02
 -1.75962888e-03 -2.65992004e-02  1.22071192e-01  2.92812511e-02
 -2.70604137e-02 -1.00009747e-05  8.59125331e-02 -1.09787025e-02
  9.71409027e-04 -1.13044925e-01 -2.84300111e-02  3.93063724e-02
  2.78545693e-02  1.18330400e-02 -5.62737435e-02 -2.79652309e-02
  9.60188583e-02  3.69551256e-02  8.86157528e-03  9.38771516e-02
  7.64942989e-02 -1.60690024e-02  7.51155093e-02 -2.82839779e-02
 -5.64006083e-02 -8.58627632e-02  3.22921909e-02 -1.54714780e-02
 -8.76808241e-02 -4.56459867e-03 -3.40222903e-02  7.43081942e-02
 -4.70797829e-02 -1.27217956e-02 -6.26152288e-03 -1.09001482e-02
 -1.06407061e-01  4.09328640e-02 -2.80991532e-02  2.59588901e-02
  2.71935724e-02  1.17945746e-02 -7.02781007e-02  3.87991336e-03
  1.05433902e-02  1.95121653e-02  2.49146875e-02 -6.83196006e-08
 -8.18243343e-03 -5.13817966e-02  5.04161492e-02 -2.92436555e-02
 -1.69254858e-02 -3.85761708e-02  7.60599226e-03  1.85452111e-03
 -3.39478254e-02  2.06237268e-02  3.12204193e-02  1.71465725e-02
 -1.64104979e-02 -3.17133851e-02 -7.50905881e-03 -5.06563298e-02
  8.25097337e-02  5.41004129e-02 -2.15317160e-02 -5.43857031e-02
  5.94516359e-02 -5.08111203e-03 -1.11706123e-01 -4.44268063e-02
  5.62190339e-02  4.88466700e-04 -2.20244881e-02  2.50280146e-02
 -3.14571299e-02  8.00523087e-02 -6.88161924e-02 -5.00600785e-04
  9.33319889e-03 -8.03645328e-02  3.44347320e-02 -1.36161165e-03
  5.47406785e-02 -5.36219822e-03  2.84896549e-02  3.98863629e-02
  1.00347057e-01 -2.46127485e-03 -2.16734922e-03 -6.75622839e-03
  4.79936134e-03 -4.89397570e-02  7.91557953e-02  6.64312243e-02
 -2.41223592e-02 -4.28837352e-02 -3.69025022e-02  3.85102071e-02
  5.49432002e-02  5.34496158e-02  8.48513388e-04 -7.77949244e-02
  2.44288929e-02 -4.79663387e-02 -8.57509524e-02 -3.16109583e-02
  1.19026348e-01  1.00316338e-01  2.68349797e-02  3.34412628e-03]