[-1.89729370e-02  3.08774114e-02 -6.96932375e-02 -4.20589186e-02
 -8.77720639e-02  1.78512912e-02  6.28908910e-03  8.88567343e-02
 -1.41501380e-02  8.49455670e-02  8.72816965e-02 -5.49073480e-02
 -3.16810571e-02  2.54205149e-02 -2.60849074e-02 -7.05234259e-02
  4.35951427e-02 -3.33189517e-02 -1.77581683e-02  7.28700534e-02
  1.26585230e-01 -3.49253714e-02 -7.04301894e-02  2.16621533e-02
 -5.37024885e-02  6.08438533e-03 -3.63139994e-02 -3.32518220e-02
 -2.93024187e-03 -3.91934477e-02  4.67355475e-02  1.05411224e-01
  8.50234926e-02 -7.63387829e-02  6.52160868e-02  1.00073311e-02
  1.33237466e-02  1.66257527e-02  1.64464619e-02  6.95358962e-02
 -3.35988700e-02 -3.98072228e-02 -7.50996396e-02 -7.91898146e-02
 -1.91313960e-02 -2.68142037e-02  1.11823517e-03  4.90422063e-02
 -7.00717419e-02  2.41301451e-02  1.55323716e-02 -8.00064206e-03
  3.49493176e-02  6.99568540e-02 -1.11364918e-02 -7.00613484e-02
  4.03786451e-02  1.14953727e-03 -4.60385308e-02  1.59072950e-02
 -4.56039943e-02  4.27701734e-02 -2.63534561e-02  6.67595817e-03
  1.01304308e-01  6.43709973e-02 -3.64294946e-02 -3.79467010e-02
 -2.54907068e-02  4.91837151e-02  3.56205925e-02 -1.37931451e-01
 -1.78689100e-02 -1.60980802e-02  5.29007521e-03 -4.92586871e-04
  2.79907025e-02  3.71000469e-02  1.32289249e-02 -1.96701050e-01
 -2.24639960e-02  3.26220766e-02 -8.42986070e-03 -5.70985153e-02
  4.58237119e-02 -4.97767963e-02 -1.68202482e-02 -2.49311258e-03
  2.20477320e-02  7.47834845e-03  6.08951859e-02  5.42287007e-02
  3.12984027e-02 -7.20908418e-02  4.83064353e-02 -6.68144727e-04
  2.63835937e-02 -1.75883528e-02  1.31397858e-01 -3.71443741e-02
  1.12711281e-01  2.94784829e-02 -4.19446342e-02  2.07246542e-02
 -2.98318248e-02 -9.69496742e-03  1.76241212e-02 -2.70851012e-02
  5.59407547e-02  7.58944377e-02 -1.02638207e-01  3.65729630e-03
 -5.32100443e-03 -6.31943643e-02 -3.92348096e-02  4.79904786e-02
 -3.94353271e-02  1.49882725e-02  2.64688246e-02 -5.79192825e-02
 -1.06057664e-02 -1.70336328e-02  1.71946138e-02 -4.41211425e-02
  5.97742386e-02 -1.12391552e-02 -1.62644237e-02  6.47731256e-33
 -4.75853533e-02 -3.68410870e-02 -7.48732835e-02 -3.91005762e-02
 -2.87254527e-02 -1.99785307e-02 -9.98359919e-03  5.28041944e-02
  9.64533389e-02  5.83491027e-02  4.71511809e-03  6.41850457e-02
 -9.65967961e-03 -3.07507091e-03  2.25999318e-02 -3.07042897e-02
 -2.81100795e-02 -2.04441808e-02 -4.55677649e-03  6.49813339e-02
 -1.49426581e-02 -2.19117999e-02  4.11545336e-02  1.40008265e-02
  1.76019575e-02  4.08277847e-02 -4.94565703e-02  1.51381204e-02
 -4.89511639e-02  3.75764593e-02  8.86091366e-02 -6.17986312e-03
  7.81891644e-02 -5.25940098e-02 -9.31028426e-02 -2.24735793e-02
 -5.24994964e-03  5.34047261e-02 -5.93119040e-02 -3.97464745e-02
 -4.58797887e-02 -5.84404822e-03  8.05589482e-02  1.67400315e-02
  2.94027943e-02 -1.71445198e-02  3.43873650e-02 -5.55361435e-02
  5.21354889e-03  6.95135295e-02 -1.04700737e-02 -6.51878789e-02
  2.70022955e-02 -8.38015005e-02 -2.84925085e-02 -1.12164058e-02
 -8.87371004e-02 -9.80805699e-03 -2.56956257e-02 -9.99804959e-02
 -1.52834384e-02  7.38445623e-03 -8.85554031e-02 -3.68399709e-03
 -8.91581476e-02  2.38019004e-02  3.21782171e-03  4.43764068e-02
  1.08565815e-01 -5.31209372e-02 -9.48244706e-02  2.71438379e-02
 -4.65271138e-02 -2.71924818e-03  1.12505620e-02  5.74462872e-04
  4.03715633e-02 -2.90021044e-03 -6.53173774e-02 -2.50368174e-02
 -1.84917338e-02 -1.84108876e-02  2.73385905e-02 -2.63359025e-02
  7.79229775e-02  8.83892253e-02  5.35764918e-02  2.09212899e-02
  2.63697058e-02  1.28793542e-03  3.77388746e-02  3.90540697e-02
 -3.55183776e-03  3.69849764e-02  1.27609774e-01 -9.49149093e-33
 -6.51392713e-03  4.05279882e-02 -1.03645816e-01 -3.88244935e-03
 -9.87733435e-03  2.84495819e-02 -4.20314744e-02 -6.62097707e-02
 -2.43424922e-02 -8.28054398e-02 -8.87113810e-02 -1.11518510e-01
  7.01165060e-03 -1.29256379e-02 -9.29843113e-02 -3.82635713e-04
 -6.78782761e-02 -5.43700643e-02 -3.42766307e-02 -9.09573399e-03
  2.00775806e-02  2.51558069e-02  4.50272560e-02 -2.66567711e-02
 -1.52228028e-02  2.83067748e-02 -9.44880322e-02 -1.68863293e-02
 -5.65478280e-02  3.03037204e-02  1.48916505e-02  2.36132741e-02
 -2.62768939e-02  5.44366091e-02 -8.33353214e-03 -9.54181105e-02
  5.03870063e-02  3.07567213e-02 -8.31178650e-02  2.22497508e-02
  4.14781645e-02  1.01286612e-01  5.69559634e-02 -1.93126779e-02
 -5.43370657e-02 -2.82095410e-02  1.16488477e-02 -1.49515018e-01
  2.26064306e-02 -5.90259805e-02  1.07480153e-01 -2.01906152e-02
  1.82459522e-02  4.45248708e-02 -1.13673937e-02  4.68914546e-02
  4.68571708e-02 -2.52639167e-02 -3.40188332e-02  4.07805368e-02
  2.08075307e-02  2.04803068e-02 -2.33958215e-02  1.43829379e-02
  6.96714595e-02 -3.87564227e-02 -3.79197635e-02  1.64264273e-02
  8.79216492e-02  1.81070454e-02  1.85837559e-02 -5.24775237e-02
 -6.85997903e-02 -3.87102664e-02  2.20786370e-02  1.07904878e-02
 -4.39468883e-02 -4.06390466e-02 -7.15731829e-02  1.58513170e-02
 -3.49493362e-02  4.02481150e-04  1.62904477e-03 -3.86556461e-02
 -6.07393309e-02 -1.26170916e-02 -5.60765788e-02 -2.38904562e-02
 -3.49347317e-03  4.11103778e-02 -6.16094545e-02  4.32047695e-02
  4.89594191e-02 -1.84984058e-02 -2.94416770e-02 -5.86650231e-08
 -6.81350532e-04 -4.42536101e-02  2.25611236e-02 -1.69550572e-02
  5.59163019e-02 -1.09791532e-01 -3.26135680e-02 -3.64679284e-02
 -3.04417294e-02  1.04034403e-02  5.71791939e-02 -1.82554452e-03
 -7.58609176e-02 -5.94512373e-02  2.12324839e-02 -6.76301047e-02
  6.74575642e-02  9.30371210e-02 -3.80606763e-02 -1.07320696e-02
  3.33219990e-02 -5.91009343e-03 -1.38875484e-01 -8.16315878e-03
  2.32854262e-02 -4.74126711e-02  4.85732220e-02  1.82358995e-02
 -1.35304790e-03  4.21334691e-02 -6.13564216e-02  6.85107782e-02
  5.77417649e-02 -1.07114553e-01 -3.36364545e-02 -4.54352377e-03
  5.01760095e-02  1.69014242e-02 -4.80613522e-02 -2.26283334e-02
  6.88682348e-02  3.00177410e-02 -4.75284457e-02 -1.47850905e-02
  1.82701852e-02 -8.44142586e-02 -2.89234743e-02  2.56962944e-02
  5.44892214e-02 -1.68991194e-03 -4.02605422e-02 -7.51490891e-03
  8.06225613e-02  1.25302998e-02 -1.52340177e-02 -4.42622826e-02
  4.37945239e-02  2.03019977e-02 -6.88575879e-02 -5.43498993e-02
  1.21011980e-01  6.09938353e-02  1.14160620e-01 -6.10213242e-02]