[ 3.43147200e-03  2.61696912e-02 -6.13042973e-02 -1.17617294e-01
 -2.76606921e-02 -2.56816950e-02 -8.80803466e-02  2.84349006e-02
  1.26754716e-02  8.33066329e-02  9.86807868e-02  8.47630017e-03
 -3.23455520e-02 -4.14045900e-02  2.73449291e-02  2.12724414e-03
 -1.12629253e-02  8.02793633e-03  3.36540751e-02  5.50505929e-02
  1.46970481e-01 -3.39022689e-02 -6.53468743e-02  5.21329865e-02
 -3.75155546e-02  8.91384762e-03 -3.29304300e-02  4.14015017e-02
 -7.09045231e-02 -4.06664610e-02 -4.31525856e-02  9.63573977e-02
  9.72347930e-02  1.03202239e-02  1.59933697e-02  3.94490026e-02
  3.55119258e-02 -4.41951789e-02 -1.82844847e-02  7.13336915e-02
 -5.89402504e-02 -2.61970796e-02 -4.51340079e-02 -7.00284839e-02
 -3.86651196e-02 -1.68724433e-02  4.86592464e-02  4.98670824e-02
 -4.50586192e-02 -2.63122898e-02 -3.26627158e-02 -3.42679247e-02
 -5.02860956e-02  1.94994099e-02 -2.42805351e-02 -7.96134323e-02
 -5.06094396e-02  1.65036414e-02  4.27660942e-02  6.44933956e-04
  2.65317759e-03  9.07582715e-02 -4.72467393e-02  6.00057654e-02
  3.34980525e-02 -2.76862197e-02  5.86787090e-02 -7.86656886e-03
 -8.66043642e-02  3.67839001e-02  4.48928885e-02 -3.77179533e-02
 -1.46078914e-02 -2.20782179e-02 -1.64705217e-02  5.94390891e-02
 -2.05046739e-02  3.05258986e-02  2.54448764e-02 -2.46249765e-01
 -1.73724145e-02  2.29598824e-02 -1.13031417e-02 -3.95930707e-02
 -2.96357647e-02 -1.81996450e-02 -2.68232706e-03  4.63457741e-02
  1.05187416e-01 -2.41926517e-02 -6.72316004e-04  3.59968022e-02
 -3.40910926e-02 -3.70065821e-03  8.43058806e-04  1.31161874e-02
  1.63093228e-02  1.72267761e-02  9.64208618e-02  2.67611397e-03
  1.07902810e-01  4.34936397e-02 -8.85749981e-03 -7.24136531e-02
 -3.20865735e-02  2.32178029e-02 -4.07232009e-02 -5.81612391e-03
  1.56098800e-02  1.45034581e-01 -1.07079506e-01 -2.29426883e-02
 -8.18361342e-02 -1.28533170e-01 -6.53568879e-02 -1.17324060e-02
 -6.77897707e-02 -7.11703971e-02  8.57316889e-03 -5.72214648e-02
 -6.03434816e-03 -7.25618973e-02  5.63812368e-02 -1.12847537e-02
  4.61278148e-02 -1.48265883e-02  9.32446308e-03  1.04910836e-32
 -5.49355857e-02 -4.90163825e-02 -1.15458351e-02 -2.01769713e-02
  4.15726416e-02 -6.35847123e-03 -4.17576730e-02  4.92935395e-03
 -2.35802010e-02  7.28650466e-02 -4.03102599e-02  6.60936460e-02
 -3.29108760e-02  1.67135764e-02  1.63206100e-01 -2.15468947e-02
  6.95137158e-02  4.49918620e-02 -1.95633080e-02  1.05347345e-02
 -3.06145810e-02  1.20514845e-02 -1.09446673e-02  2.23957584e-03
  4.75230962e-02  1.09711021e-01 -3.74235474e-02 -3.70784402e-02
 -7.13095516e-02  5.81149906e-02  6.33892715e-02  1.62300617e-02
 -1.55302085e-04 -4.28991243e-02 -6.81296065e-02 -4.69456501e-02
 -2.46071890e-02 -1.02798212e-02 -8.33952278e-02 -1.18893059e-02
  5.34373429e-03 -2.56085601e-02 -2.14071050e-02 -2.78629875e-03
  2.47506946e-02 -6.33878037e-02  2.04202812e-02  1.25460941e-02
  9.00849104e-02  7.39167482e-02 -8.15992337e-03 -3.75726223e-02
  1.15407770e-02 -5.44529855e-02  1.03887720e-02  1.31246690e-02
 -9.71401706e-02  3.16649489e-02 -4.79272753e-02 -5.57922050e-02
 -4.96229045e-02  6.50528912e-03  3.12812962e-02  3.89245190e-02
 -4.84674051e-02 -7.37451157e-03 -6.70445245e-03  3.70801650e-02
  1.17037296e-01  3.30764391e-02 -5.44749163e-02 -1.11205783e-02
 -3.24281156e-02  3.53106968e-02  2.58258060e-02  1.12178363e-02
  3.97233106e-02  2.59243120e-02 -8.57258439e-02  2.88974140e-02
 -9.37591940e-02 -2.17902716e-02 -3.04962248e-02 -1.14436988e-02
  1.14752678e-02  6.68438524e-02  8.98034647e-02  8.73723775e-02
 -2.66998373e-02  6.01038449e-02 -3.23493071e-02  3.73977125e-02
 -8.65358301e-03  1.01451967e-02  4.90036346e-02 -1.40235021e-32
 -5.23290411e-02  7.77958035e-02 -5.81554137e-02 -2.72394102e-02
  3.58435931e-03 -4.17903624e-03 -9.36182402e-03 -1.90657265e-02
 -7.89852515e-02 -1.50914952e-01 -9.98896062e-02 -8.33533406e-02
  4.52512391e-02 -1.03633730e-02 -7.99294189e-02 -9.58550442e-03
 -1.18989646e-02 -4.45459336e-02 -2.85292398e-02 -1.52957591e-03
 -5.32295369e-03 -4.75734193e-03  7.74864433e-03 -1.90668006e-03
  5.01688644e-02 -7.20492080e-02 -2.64606718e-02  1.40408091e-02
 -5.78718074e-02  9.40782577e-03  3.94213349e-02  2.45398637e-02
  1.33252125e-02  1.01339422e-01 -3.98081020e-02 -4.60752137e-02
  5.31033091e-02  1.12994919e-02  1.76116694e-02  7.54935592e-02
  2.13743541e-02  6.89889193e-02 -1.90202706e-02 -4.95952144e-02
 -9.68678445e-02 -5.44991950e-03  2.55677328e-02 -8.72998312e-02
 -4.14580619e-03 -6.98336661e-02  1.12959296e-01  1.72579959e-02
 -3.60760801e-02 -4.16468568e-02  3.41738127e-02  3.90758440e-02
 -6.39894381e-02 -4.98656258e-02 -1.10420667e-01 -2.81692613e-02
  3.71803269e-02  2.27257013e-02 -5.39883710e-02 -7.69804372e-03
  7.94457793e-02 -2.66911685e-02 -2.65279394e-02 -1.35013247e-02
 -3.81444674e-03 -1.88216697e-02  4.05468456e-02  2.71596517e-02
 -8.24832544e-02  5.05807437e-02  2.40142718e-02 -8.79927725e-02
  1.46148400e-02 -8.64088722e-03  4.09880979e-03  4.97245193e-02
 -1.02648623e-01 -2.50510667e-02 -7.83766620e-03 -2.91369054e-02
 -4.01066132e-02  4.26395498e-02 -3.81293148e-02 -1.14014568e-02
 -2.01508887e-02  4.41530682e-02 -9.19074751e-03  3.39129530e-02
  2.73015210e-03  4.49432172e-02 -7.08175004e-02 -6.52809860e-08
  3.75493132e-02 -3.49052884e-02  8.30583796e-02  1.64416004e-02
  3.98926549e-02 -7.49054737e-03  6.93687871e-02 -8.79151374e-03
 -2.10542753e-02  1.84210148e-02  8.85319486e-02  4.83063841e-03
 -5.67953773e-02  3.40785161e-02 -2.75714919e-02 -7.87224993e-02
  5.28905056e-02  3.82669903e-02 -8.89750794e-02 -5.21337204e-02
  3.60272378e-02 -6.55239774e-03 -9.61151794e-02 -1.30101657e-02
  5.82993031e-02 -4.11028638e-02 -2.00011656e-02 -2.87817442e-04
 -2.77502183e-02  4.86956164e-02 -3.97629030e-02  1.09163541e-02
  2.31046486e-03 -6.35425076e-02 -4.87940619e-03 -2.75182407e-02
  2.82994285e-02  1.12101091e-02 -6.18532002e-02 -9.08748247e-03
  1.28648058e-01 -1.61983408e-02 -2.70208810e-02 -3.44729088e-02
  6.94090277e-02 -2.29002126e-02 -3.76757681e-02  3.53613049e-02
  2.44411994e-02  7.93585461e-03 -5.08112684e-02  4.15401235e-02
  1.92979462e-02  3.14073800e-03  5.31115904e-02 -3.17041762e-02
  4.20043208e-02  2.07627676e-02 -1.04475413e-02 -3.55846286e-02
  9.57429484e-02  5.95734455e-02  1.46918064e-02 -3.04545872e-02]