[-4.05567065e-02  9.37855616e-02 -2.92283166e-02 -6.68498650e-02
 -2.14332752e-02 -1.54544096e-02  3.39450799e-02  8.07202011e-02
 -6.05987273e-02  6.42096922e-02  7.60076120e-02 -3.13588008e-02
  6.95642456e-02  3.19916271e-02  2.22348701e-02 -6.53473809e-02
  4.14602086e-02  2.34186891e-02 -7.30779991e-02  2.04461720e-02
  1.49809122e-01 -4.23329882e-02  5.91074582e-03  5.31079173e-02
 -1.13257140e-01 -4.08010557e-02 -8.91512819e-03 -1.02178957e-02
 -1.02641009e-01 -8.14349670e-03 -6.94902688e-02  8.43804609e-03
  6.34618551e-02 -8.02136865e-03  5.71084674e-03 -3.48080881e-02
  6.05849028e-02 -3.96495126e-02  1.72272362e-02  1.11481510e-01
 -8.95922855e-02 -2.63569131e-02 -1.01666644e-01 -6.38350844e-02
  4.11091466e-03 -3.48560661e-02  8.18964764e-02  3.36138308e-02
 -6.82884268e-03 -2.01792782e-03 -9.42420587e-03  2.68970374e-02
 -5.76588623e-02  9.47217084e-03  1.91394296e-02 -3.45041640e-02
 -1.39351161e-02 -2.92509068e-02  5.60252480e-02  2.76097693e-02
  2.82629896e-02  5.51789766e-04 -5.77860698e-02  6.04713671e-02
 -1.22381449e-02 -4.09033224e-02 -1.41568696e-02 -2.58681132e-03
 -7.16385171e-02  2.17851549e-02  3.48230898e-02 -3.42390202e-02
 -2.92105740e-03  3.40849124e-02 -2.74012368e-02  7.99717605e-02
  8.48649163e-03 -1.48930948e-03 -4.40979190e-02 -2.37294316e-01
  2.28126664e-02 -5.13330773e-02  4.11104858e-02 -9.12098773e-03
  6.71238154e-02 -1.67598445e-02 -6.72697369e-03  1.44508965e-02
  9.51930583e-02  6.52921246e-03  2.72316281e-02  5.75677231e-02
 -1.18167371e-01 -7.03762844e-02  3.11917048e-02 -2.79520955e-02
 -4.37012762e-02 -8.54521152e-03  4.32401597e-02  9.42273997e-03
  4.40982729e-02 -7.97648430e-02  2.17174813e-02  4.35353257e-02
 -2.62476448e-02  1.05256280e-02 -2.53724586e-03 -1.36239892e-02
  1.05059799e-03  1.19539790e-01 -2.24495810e-02 -4.84682899e-03
 -4.88050580e-02 -5.78321517e-02 -4.65892702e-02  8.01189709e-03
 -6.95739165e-02 -3.11355852e-02  2.26168074e-02 -1.33269457e-02
  5.63522168e-02 -3.16093899e-02 -4.08130512e-03 -5.96177392e-02
  1.67295709e-02 -7.33529329e-02  8.67240056e-02  9.03171468e-33
 -1.57660563e-02  1.32275606e-02  1.45016992e-02 -2.82913819e-02
  5.88281490e-02  4.00381424e-02 -1.60669368e-02  2.61530560e-02
  5.09918779e-02  4.69682226e-03 -5.79045042e-02  5.42365052e-02
 -1.15152961e-02  2.35957652e-02  9.78997424e-02  2.21958887e-02
  7.08105415e-02  3.22451666e-02 -3.72561207e-03  3.07120923e-02
 -2.19792109e-02 -5.40654734e-03  2.32992433e-02  2.64876503e-02
 -3.60933915e-02  8.26481134e-02  1.79651310e-03 -4.80780378e-02
 -1.30444348e-01  6.15180954e-02  5.31172901e-02  8.04484729e-03
  7.07651153e-02 -5.28494944e-04 -6.78518191e-02 -5.04634231e-02
 -2.85316035e-02 -3.52985924e-03 -3.83829586e-02 -4.55942303e-02
 -1.73661076e-02  1.08453697e-02  3.12842838e-02  6.78605735e-02
  2.75427662e-02 -9.34104156e-03  6.80891722e-02  2.56618895e-02
  1.08328864e-01  6.58776686e-02  2.74567283e-03 -3.89912119e-03
 -7.10202977e-02 -3.39035168e-02  3.96420574e-03 -2.54958849e-02
 -9.14565846e-02  3.99246886e-02 -1.42922010e-02 -4.62948009e-02
 -8.39762855e-03  2.64124647e-02 -1.01107862e-02  3.43040656e-03
 -1.27488095e-02 -4.57845442e-03 -4.10133675e-02  4.31019105e-02
  6.93788528e-02 -4.90177795e-03 -2.16338411e-02  3.48449387e-02
 -9.11662057e-02  2.62717716e-02 -1.50007736e-02  5.79662286e-02
  1.24754511e-01 -1.68705788e-02 -3.38790752e-02  1.99137703e-02
 -8.11278075e-02  3.41858789e-02 -1.12362355e-02 -6.05720133e-02
  1.80375874e-02  3.98578448e-03  7.56183937e-02  5.94777130e-02
 -1.38088437e-02  7.05301389e-02  7.28079006e-02  3.23677212e-02
 -4.77219746e-02  2.54706927e-02  1.81247164e-02 -1.11572392e-32
 -6.90796738e-03  1.09142259e-01 -2.80761113e-03  2.07328517e-02
  3.17039387e-03  1.20811993e-02 -1.49419885e-02 -2.03914065e-02
 -7.69836158e-02 -1.23796135e-01 -8.51871148e-02 -8.20739716e-02
 -6.37859805e-03 -4.31664065e-02 -3.67303267e-02 -2.16110926e-02
 -5.34667149e-02 -2.24842522e-02 -8.45406726e-02 -2.11377554e-02
  4.91574183e-02  4.82941121e-02  5.08594997e-02  2.57045217e-02
 -1.66161526e-02 -2.21688394e-02 -7.39942268e-02 -2.20927596e-02
 -4.49397154e-02  1.46472426e-02  7.09236264e-02 -6.89025177e-03
 -7.07479613e-03  1.33172825e-01  1.29474811e-02 -1.47617154e-03
  8.40484500e-02  4.95661981e-02  6.60485355e-03  1.15236476e-01
  5.57757355e-02  1.92188490e-02  3.45792472e-02 -1.26766460e-02
 -8.54438767e-02 -7.90375322e-02 -4.10506539e-02 -1.32844836e-01
 -2.16999296e-02 -6.71412721e-02  6.40520006e-02 -7.28997067e-02
 -4.39202078e-02 -6.44602925e-02 -1.74573739e-03  3.48142870e-02
 -6.80788979e-02  8.86586402e-03 -6.12378307e-02  3.24984156e-02
  1.00937262e-01  6.11955263e-02 -2.24313438e-02  1.57903451e-02
  8.56704731e-03 -1.10668791e-02  3.48643586e-02  6.41269162e-02
 -1.56306308e-02  5.04505634e-02  4.39732485e-02 -7.40585774e-02
 -7.05590546e-02 -5.49900681e-02 -1.54622337e-02 -7.33081698e-02
  3.72792743e-02  1.91103145e-02 -2.17812452e-02  1.11158550e-01
 -6.79262877e-02 -9.57478024e-03 -4.48515341e-02  7.56433513e-03
 -6.20012730e-02  8.81814677e-03 -3.85768712e-02 -6.49919361e-03
  2.75213812e-02  5.98783866e-02 -3.05622108e-02  5.95131144e-02
  2.19501164e-02  3.71906499e-04 -6.67235930e-04 -5.68813512e-08
  4.39795516e-02 -4.04949747e-02  8.15851465e-02  4.12991047e-02
  5.67229697e-03 -1.02728374e-01 -2.18048971e-02 -3.99719067e-02
 -1.37870549e-04  9.69182327e-03  3.91698480e-02 -4.98720482e-02
 -2.30649542e-02 -2.74429738e-04 -1.56799685e-02 -4.10683490e-02
  2.23811679e-02  4.83888648e-02 -7.25698471e-02 -5.14009148e-02
  9.79449134e-03 -3.42647471e-02 -7.21019804e-02 -2.41824500e-02
 -2.82897148e-02 -5.30584110e-03 -7.12133050e-02 -8.40461161e-03
  2.89850472e-03  7.33859912e-02  7.59580126e-03 -3.67012508e-02
  2.69491635e-02 -9.66416076e-02 -4.67302687e-02 -9.57438424e-02
  1.04955258e-02 -2.58878036e-03 -4.36419398e-02 -2.25808378e-02
  7.03257769e-02 -7.58975148e-02  2.22243313e-02  3.13947015e-02
  8.72331411e-02 -2.15534866e-02 -1.10883852e-02  6.78512678e-02
 -3.73889767e-02 -1.53791411e-02 -4.45406623e-02 -2.49379948e-02
  5.17596316e-04  3.82209308e-02 -9.94332433e-02 -5.94261549e-02
  5.96543029e-02  1.43996291e-02 -8.87242798e-03 -2.67259255e-02
  3.29815634e-02  7.73793971e-03 -1.22938426e-02 -5.79166375e-02]