[-4.24734876e-02  4.81474437e-02 -4.88138273e-02 -9.87041965e-02
 -1.14840910e-01 -2.63776369e-02 -1.54909038e-03  1.25709504e-01
  1.08026024e-02  9.45013463e-02  1.32302657e-01 -7.76158599e-03
 -2.61262581e-02 -3.71929980e-03 -1.08453736e-03 -5.46905585e-02
 -1.27303973e-02 -5.02431467e-02 -3.52543741e-02  5.87257557e-02
  1.34573847e-01 -4.13556956e-02 -1.87368635e-02  2.29781549e-02
  3.15912231e-03 -6.68676645e-02 -5.94723560e-02  3.19383182e-02
 -3.42269847e-03 -3.83938514e-02 -2.46256813e-02  1.11364782e-01
  1.60547197e-01 -1.19061321e-02 -2.06674095e-02  2.07263567e-02
  9.57592949e-02 -3.56674679e-02 -4.86474223e-02  4.20303866e-02
 -6.18508980e-02 -3.54246572e-02 -9.12699401e-02 -5.65075083e-03
 -4.37271819e-02 -6.40791431e-02 -1.40611753e-02 -2.62464453e-02
 -9.58486870e-02 -7.27664903e-02 -1.80588327e-02  9.27017443e-03
 -3.23667265e-02  8.44975337e-02  5.14115498e-04 -9.66548026e-02
 -4.87381518e-02 -3.12880874e-02  1.71532258e-02  3.97667363e-02
 -1.09961256e-02  1.23929484e-02 -2.25607790e-02  2.02692077e-02
  9.15033743e-04  4.23100591e-02  4.19944450e-02 -7.22009391e-02
 -3.86071727e-02  7.01931817e-03  2.88965106e-02 -6.07215650e-02
 -2.09553391e-02  5.48496619e-02 -3.07920258e-02  9.84934866e-02
  3.60532734e-03  5.50388284e-02 -8.26463662e-03 -1.45929635e-01
 -1.47435954e-02  1.90675037e-03 -2.62871962e-02 -2.47641057e-02
 -2.34539360e-02 -2.49584811e-03 -5.24484850e-02  1.63954590e-02
  2.93545090e-02 -5.44165000e-02  4.93172631e-02  3.75319682e-02
 -4.47939076e-02 -1.24032218e-02  1.15085142e-02 -2.45342404e-02
  4.99489950e-03 -5.68407774e-02  5.65098748e-02 -1.79746374e-02
  3.36202048e-02 -2.97388826e-02  7.77403452e-03  7.68349841e-02
 -3.13752368e-02 -1.30944243e-02 -3.94672751e-02 -8.25127736e-02
  1.89084541e-02  1.44811729e-02 -8.53737891e-02 -7.23219290e-02
 -3.38039622e-02  1.03292055e-03 -8.07196125e-02  7.06767812e-02
 -4.24451306e-02 -3.37264650e-02  9.53597575e-02 -1.62321993e-03
  3.40575725e-02 -1.44340778e-02  2.59008091e-02 -2.28414647e-02
  7.47145340e-02  2.32408624e-02  3.86125743e-02  4.52059201e-33
 -3.25613320e-02 -1.72551945e-02 -1.76066812e-02  6.09561950e-02
  1.33112706e-02  4.96752141e-03 -1.93495501e-03  2.62113605e-02
  1.55921765e-02  1.02054514e-02 -9.91645530e-02  5.47023267e-02
  2.56810132e-02 -2.85588633e-02  1.64763808e-01 -2.32917052e-02
  2.14168951e-02  1.04805711e-03  4.07453403e-02  2.62034833e-02
  6.48443494e-03 -9.84415319e-03  2.29990147e-02 -1.75396558e-02
  9.24591422e-02  6.02214076e-02 -3.35077606e-02 -9.05515403e-02
 -4.11677845e-02  5.95581830e-02  2.83592902e-02 -5.21988124e-02
  2.25498155e-02 -2.24647969e-02 -4.15094979e-02  1.39857652e-02
 -1.63770299e-02  1.32361744e-02 -6.16946779e-02 -2.63555329e-02
  2.53098048e-02  1.43058915e-02  4.41289656e-02  1.81345623e-02
  1.01266153e-01 -2.25336701e-02  4.98644635e-02 -2.57330500e-02
  6.89022988e-02  4.25427221e-02 -7.73304850e-02 -1.72994507e-04
  1.29565904e-02 -9.06482786e-02  1.80140268e-02  5.44870906e-02
 -1.07711866e-01  2.67294645e-02 -4.73478436e-02 -6.04283577e-03
 -3.98043282e-02  3.46861011e-03 -2.68087965e-02  2.56238244e-02
  1.29257785e-02 -7.83946887e-02 -4.59417328e-03 -1.35673219e-02
  7.78344497e-02  1.30336946e-02 -8.55659470e-02 -4.38794419e-02
 -3.37736346e-02  2.35640686e-02 -1.95666198e-02  6.08090907e-02
  2.03156918e-02  7.23002059e-03 -9.58388075e-02  1.56554729e-02
 -1.77124403e-02  3.85828912e-02 -7.97511116e-02 -1.34095820e-02
  7.01048523e-02 -2.18078420e-02  5.15953191e-02  2.17478517e-02
 -2.80013271e-02  6.11088648e-02  2.55006626e-02  1.01555891e-01
 -6.73099160e-02  2.59475391e-02  2.89349966e-02 -8.41368384e-33
 -1.79953184e-02 -2.85693407e-02 -3.10787093e-02 -3.12784985e-02
  4.44197236e-03  8.10187161e-02  5.76993562e-02  1.43070295e-02
 -9.67020765e-02 -6.25131354e-02 -7.75261745e-02 -5.59422448e-02
  9.26752910e-02 -5.24842702e-02 -1.90788247e-02  8.12884711e-04
 -1.40890390e-01 -3.48682962e-02  7.23469481e-02  4.82241027e-02
  7.52152875e-02  2.87700593e-02 -2.17457544e-02 -4.40746918e-02
  9.02816728e-02 -3.98064293e-02 -4.56452332e-02 -5.13003813e-03
 -7.63736591e-02 -9.65355244e-03 -2.19189338e-02 -1.52465533e-02
 -4.24437672e-02  1.25747725e-01 -3.10979970e-02 -3.69156711e-02
  8.18253681e-02  1.25150951e-02  1.67191774e-02  3.80295739e-02
  5.56979179e-02  3.91044803e-02  7.89793395e-03 -7.12639838e-02
 -1.96045078e-02 -2.73544453e-02 -1.73930284e-02 -5.72610833e-02
 -4.88995872e-02 -6.93332255e-02  1.15708232e-01  4.06740606e-02
  1.09726302e-02 -1.76643915e-02  3.25223766e-02 -6.33339509e-02
  1.26451710e-02 -9.79205817e-02 -6.49283901e-02  2.91731544e-02
  1.23212047e-01 -3.72549593e-02 -4.13749889e-02  2.88030058e-02
  2.74043251e-02 -1.77864768e-02 -8.70007463e-03  4.89605144e-02
 -5.91605082e-02 -3.43574435e-02  1.44341998e-02 -7.25881308e-02
 -2.20614541e-02 -7.93043226e-02  1.22942599e-02  2.60856859e-02
 -8.19285214e-02 -1.38624199e-02 -5.10637984e-02 -1.83077052e-03
 -8.27311575e-02  2.20736749e-02 -2.36806329e-02  5.07301204e-02
 -3.77671942e-02 -2.65764142e-03  1.09274216e-01  6.76411018e-02
 -1.72795146e-03 -5.51058818e-03 -5.05077429e-02  3.55452448e-02
  1.78374797e-02  6.49671853e-02 -1.34117622e-02 -5.92352443e-08
  3.06473635e-02 -1.19309416e-02  1.48838600e-02  7.24857906e-03
  6.80373609e-02 -4.41795029e-02 -5.22948541e-02  2.77369935e-02
 -2.49284711e-02  5.02807684e-02 -3.68821528e-03  2.32383274e-02
 -2.92956140e-02  7.28101656e-02  3.56972925e-02 -7.59293959e-02
  1.10531179e-02 -3.71087939e-02 -4.99137454e-02  1.21450946e-02
  8.55514258e-02 -2.57995427e-02 -8.57633427e-02 -3.71992402e-03
  1.96165834e-02 -5.79130128e-02 -4.70889956e-02 -2.60059610e-02
 -1.06431236e-02  3.78478132e-02 -2.16320287e-02 -2.47509708e-03
 -5.14014671e-03 -3.56175192e-02 -4.36912887e-02 -1.11643448e-02
 -4.81338426e-02 -1.15182837e-02 -2.98018176e-02 -4.30844054e-02
  6.39996603e-02 -9.73526537e-02 -3.26941013e-02 -4.17114422e-02
  8.11958760e-02 -1.12602646e-02 -4.13635038e-02  4.76549752e-02
 -3.21435258e-02 -1.64980870e-02 -4.44393232e-02 -1.08896068e-03
  3.28669623e-02 -2.25437377e-02  4.36372496e-02 -4.81594615e-02
  7.40600154e-02 -3.15468162e-02 -3.94163802e-02  6.22909563e-03
  7.79517666e-02  1.11736052e-01  2.22954862e-02 -2.94170436e-02]