[ 3.23101468e-02 -2.57366654e-02 -2.78550517e-02  1.72058363e-02
 -8.77778232e-02  4.63796705e-02  5.27073778e-02  9.15672407e-02
 -1.63467694e-02  9.28680003e-02  1.02707431e-01 -4.14409004e-02
 -4.20317464e-02  1.80871990e-02  2.03031152e-02 -3.91580909e-02
  1.79680921e-02  3.11293714e-02 -1.15915097e-01  2.42600292e-02
  9.25925747e-02 -8.99083987e-02  2.40145121e-02  4.96423133e-02
 -3.82771008e-02 -2.92195715e-02  4.48198337e-03 -1.62674952e-03
  3.96478251e-02 -4.11965773e-02 -3.01226806e-02  4.89464216e-02
  5.21792844e-02 -1.13719530e-01 -5.94929717e-02  7.96277598e-02
  2.95464955e-02 -8.36837664e-02 -4.66425307e-02  2.88102701e-02
 -1.08866036e-01 -3.85906026e-02 -8.88810828e-02 -8.27300772e-02
  4.35886346e-02 -9.79149248e-03  9.33411159e-03  1.03139535e-01
  8.79065413e-03  1.59715787e-02 -1.80473197e-02 -5.00037847e-03
 -1.37296403e-02  1.24168443e-02  5.36301062e-02 -2.42081080e-02
  7.11183846e-02 -3.99639420e-02  6.62507489e-02 -9.97510739e-03
  2.41058841e-02  8.81127606e-04 -2.00271723e-03  1.26204928e-02
  2.39679050e-02 -5.21042384e-03 -9.30133611e-02 -3.97733264e-02
 -1.05341442e-01  6.05826080e-02  4.14584801e-02 -1.27615273e-01
  2.27664113e-02 -1.66037567e-02 -2.56930199e-02  2.29134900e-03
  4.23944220e-02  4.43875305e-02  1.47950612e-02 -4.05175053e-02
  7.84256607e-02 -3.23385857e-02 -1.72317363e-02  1.70513783e-02
  1.19434418e-02 -4.11878526e-02 -7.21706124e-03 -1.86490025e-02
  8.30494091e-02  1.88860099e-03 -1.86935682e-02  5.63591942e-02
 -9.58846584e-02 -5.71370013e-02 -5.04255332e-02  4.39353995e-02
 -7.77185708e-02 -2.80451383e-02  1.93412118e-02 -1.88491102e-02
  5.48634753e-02  4.26042825e-02  2.97882725e-02 -9.27237561e-04
 -1.10864155e-01 -1.33010522e-02  4.52706637e-03  6.39079362e-02
 -3.77806625e-03  1.58442169e-01 -1.08576529e-01 -7.99063891e-02
 -7.83813819e-02 -2.16530003e-02  7.18799653e-03 -1.11353984e-02
 -3.66689637e-02 -3.26496959e-02  3.37899551e-02 -1.37778511e-02
  2.73154546e-02  1.97006743e-02  6.57801777e-02 -7.58877769e-02
  6.21288158e-02 -9.86764431e-02  1.89370979e-02  6.57794957e-33
 -4.62082811e-02 -5.23978882e-02 -3.14267352e-02  1.11968024e-02
 -2.02697765e-06  3.93718071e-02 -3.46227363e-02  6.30579591e-02
  7.78263360e-02 -3.93147394e-02 -2.46897452e-02  4.62283380e-02
  9.23797116e-03 -1.87411644e-02  2.81454623e-02 -2.33638324e-02
 -1.97598897e-02  2.67190896e-02 -2.78194081e-02  1.10470122e-02
 -7.30029419e-02  1.12527749e-02 -1.17932474e-02  1.48873199e-02
  1.46862380e-02 -1.59390513e-02 -7.13223079e-03 -4.27489318e-02
  1.20747718e-03  2.43699201e-03  8.97108018e-02  2.30728108e-02
 -4.57267947e-02 -1.40256912e-01 -9.33904275e-02 -6.71505928e-03
  1.73064061e-02  4.47524078e-02 -1.87635738e-02 -1.55481128e-02
 -6.08805455e-02 -2.40866258e-03  7.75598288e-02  5.17245033e-04
  1.47981513e-02 -4.58775982e-02  5.82499206e-02 -6.36889264e-02
  5.50271533e-02  7.80621842e-02 -4.52177897e-02 -1.03969062e-02
  2.72070337e-03 -4.22946103e-02 -3.62897404e-02 -4.89877127e-02
 -8.88178423e-02  2.91547365e-02 -3.93650904e-02 -7.24310428e-02
 -3.61024700e-02 -4.34981845e-02 -1.74700040e-02 -2.05863696e-02
  2.06725160e-03  1.52669279e-02  3.67816612e-02  7.23088672e-03
  4.68287803e-02  8.29856396e-02 -7.27174357e-02 -5.98862069e-04
 -2.69563105e-02  3.11112124e-02 -6.70884177e-02  3.07147801e-02
 -1.07714506e-02  1.59993190e-02 -3.46856861e-04  2.86745466e-02
 -5.71996309e-02 -4.53432463e-02 -1.71248429e-02  2.02343185e-02
  1.26490086e-01  3.31540518e-02  4.94071953e-02 -9.83700622e-03
  6.50242642e-02  7.11480826e-02  5.72577417e-02  4.27541770e-02
 -7.09104091e-02  4.51473780e-02  3.61363329e-02 -9.10593687e-33
  2.18837894e-02  9.61832181e-02 -5.63474000e-03  5.72988093e-02
  2.41991342e-03  2.12310590e-02 -2.23518815e-02 -5.97927161e-02
  8.89797753e-04 -4.70064022e-02 -1.34740219e-01 -8.70196968e-02
  7.58435354e-02  4.29325327e-02 -8.24204460e-02 -1.46768708e-03
  6.29296352e-04 -3.37479338e-02 -1.26653640e-02  3.20133124e-03
  1.67969279e-02  2.40177345e-02  4.17180173e-02  5.66240661e-02
 -1.56678353e-02 -1.12639563e-02 -1.04805097e-01 -3.93237919e-02
 -4.82482202e-02 -3.40672918e-02  2.37939470e-02 -6.91526607e-02
  5.42366318e-03  4.39639874e-02 -5.70715368e-02 -4.17925641e-02
 -7.52464635e-03  6.17450811e-02 -1.28411958e-02  6.60501868e-02
  1.36298984e-01  5.48503064e-02  1.25723928e-02  2.54485030e-02
 -5.40989824e-02 -4.64719124e-02  3.70513387e-02 -7.54412040e-02
  1.15267523e-02 -4.87306304e-02  9.77717936e-02 -1.84165183e-02
 -5.13700321e-02 -8.79595987e-03  2.22165100e-02  1.56498216e-02
  2.87629217e-02 -9.32742357e-02 -8.00543725e-02  4.48548682e-02
  7.32714757e-02  7.30442926e-02 -5.72423730e-03 -4.82991189e-02
  6.46044835e-02 -3.91461179e-02  5.78645989e-03 -4.86816885e-03
  4.64676581e-02 -5.83372358e-03  6.57702982e-02 -4.54032384e-02
  5.00214137e-02 -2.23978013e-02 -1.37169529e-02 -4.47331555e-02
 -8.84984899e-03 -1.48185738e-03  3.51259895e-02  3.54905687e-02
  3.30380420e-03 -3.47303003e-02 -9.16035660e-03 -7.37363324e-02
 -1.43036440e-01 -1.47875343e-02  3.44601311e-02 -1.97753590e-02
  2.33719312e-02 -1.20137995e-02 -7.47794136e-02  6.03477173e-02
 -2.12540478e-02  5.31737413e-03 -2.15242077e-02 -3.83596408e-08
  5.54341972e-02 -3.18539478e-02  1.11614682e-01  2.89263837e-02
  5.98142259e-02  5.49990626e-04  3.06926593e-02  2.38891002e-02
 -8.70885327e-02  5.31235076e-02  1.69290937e-02 -1.20982400e-03
 -5.14230542e-02  4.63102199e-02 -2.55711935e-02 -3.07293031e-02
  7.81552345e-02  6.63934052e-02 -1.98450349e-02 -4.69936803e-02
  8.76919031e-02 -1.94718242e-02 -4.85357307e-02 -7.45072169e-03
  2.86942385e-02  3.19481939e-02 -9.12334304e-03  1.45784281e-02
 -5.17980345e-02 -7.18746483e-02 -1.64223984e-02  1.77973206e-03
  6.85098767e-02 -7.29180127e-02 -7.26358891e-02 -4.23058756e-02
 -4.56479006e-03  2.00225338e-02 -3.42650153e-02 -3.12144291e-02
  3.99798900e-02  4.23411988e-02  4.79723103e-02  2.05067992e-02
  3.97066539e-03 -2.61676833e-02 -7.99019039e-02  5.58136739e-02
  1.85983011e-03 -8.88216868e-02 -4.45737503e-02 -7.45282918e-02
  6.17943071e-02 -1.09595936e-02 -6.98858425e-02 -1.46431234e-02
  3.03600095e-02  3.62964794e-02 -1.04191907e-01 -1.54774776e-02
  1.12286858e-01  3.81085873e-02  1.91431157e-02 -4.34713550e-02]