[-8.40047896e-02  4.79472987e-02 -7.55627304e-02 -7.79487044e-02
 -9.16218460e-02  4.71563591e-03  2.10791025e-02  9.06970873e-02
  1.99205964e-03  5.90664558e-02  9.56972316e-02 -2.92786639e-02
  2.54331175e-02  1.89308822e-02  1.92991067e-02 -3.95172276e-02
 -1.57213248e-02 -2.32958933e-03 -3.07694962e-03  3.15213613e-02
  7.19227120e-02 -8.27215090e-02 -9.65807810e-02  9.34880599e-02
 -1.19341515e-01  5.10216430e-02 -1.46291051e-02  1.75172891e-02
 -6.45436049e-02 -2.82347593e-02 -5.28893396e-02  1.52474016e-01
  4.33968604e-02 -3.33117545e-02  5.22802509e-02 -1.69192161e-02
 -4.59902659e-02 -4.60279100e-02  6.03117747e-04  3.10977288e-02
 -2.91538220e-02  2.29113679e-02 -7.68442228e-02 -7.45282834e-03
  4.67679426e-02 -1.50183439e-02  5.43364212e-02  1.88718662e-02
  3.21024144e-03 -7.00853318e-02 -8.86568502e-02  3.62569727e-02
  1.85581353e-02 -5.24227470e-02 -6.76568151e-02 -7.12267309e-02
 -1.82264447e-02  2.82129627e-02 -2.27346420e-02  7.23563693e-03
 -4.51083519e-02  9.72575694e-03 -1.59013700e-02  2.92632263e-02
  2.48145740e-02  7.94439297e-03 -3.56826112e-02 -8.42650607e-02
 -4.97568250e-02  4.48584408e-02  4.25093211e-02 -8.28676373e-02
  1.15196817e-02  1.68913472e-02 -3.38566415e-02  1.17594615e-01
  2.76392717e-02  4.63264398e-02 -4.87550646e-02 -8.00825208e-02
  4.34745215e-02 -6.59062415e-02  9.60354810e-04 -2.96431407e-02
  7.69517347e-02 -3.15950066e-02  9.08597093e-03  1.48354284e-02
 -9.53464955e-03 -4.96476470e-03  1.76578294e-02  1.11095764e-01
  8.75596050e-03 -2.30186842e-02  4.11986187e-02 -1.74561683e-02
 -2.45545413e-02 -5.18294349e-02  5.10405609e-03  5.29067183e-04
  4.08630557e-02 -7.93999899e-03 -9.20328274e-02  1.11933304e-02
 -9.53607559e-02  5.05421273e-02  9.31743756e-02 -2.73597334e-02
  6.38206303e-02  8.22098404e-02 -8.61784667e-02  2.65511069e-02
 -6.00280389e-02 -5.87917119e-02 -8.26828331e-02  4.89340127e-02
 -1.53442034e-02  1.83635075e-02  6.67427257e-02  2.65616626e-02
 -1.15587311e-02 -1.28825784e-01  1.82735100e-02  3.47788818e-03
 -7.37624848e-03 -9.49653685e-02  3.99877168e-02  1.70579203e-32
 -1.37157459e-02 -3.00563052e-02 -5.99163678e-03 -5.20408191e-02
 -1.46034528e-02  4.67285961e-02 -1.55207524e-02 -9.53483284e-02
  3.90396416e-02 -6.34532273e-02 -1.33898720e-01  4.46865223e-02
 -4.76550907e-02 -2.63526868e-02  5.88808991e-02  1.31839756e-02
  7.24537447e-02 -7.47073218e-02 -1.18470080e-02  3.61718773e-03
 -1.24876723e-02 -1.00528508e-01  5.40082864e-02 -2.28864234e-02
  6.44401237e-02  9.36496556e-02 -8.07675570e-02 -7.50261247e-02
 -1.01635352e-01  4.40431722e-02  3.09839789e-02 -6.75856248e-02
 -2.00630017e-02 -3.77974510e-02 -6.46338165e-02 -7.34808594e-02
  2.00521923e-03 -7.58849666e-04 -4.94575128e-02  2.64084768e-02
 -9.13934484e-02 -3.39346528e-02  4.12673168e-02  8.36432502e-02
 -4.94760321e-03 -2.22635940e-02 -4.73946929e-02  4.19513583e-02
  1.24347530e-01  5.78605123e-02 -6.34737164e-02 -5.69058768e-02
 -9.57980193e-03 -1.05693914e-01  5.11939526e-02  2.95959301e-02
 -6.06162325e-02 -1.75445080e-02 -5.15915677e-02  4.00427133e-02
  1.17176976e-02 -1.64962746e-02 -3.08731589e-02 -6.03887066e-02
 -2.83759423e-02  4.29888675e-03 -3.52508351e-02  3.10066752e-02
  7.64333680e-02  8.32915772e-03 -7.87489861e-02 -1.58474855e-02
  1.64205451e-02  3.10624316e-02  4.67647426e-02  1.63576677e-02
  7.31862187e-02  5.59920445e-02 -9.73874703e-02  1.92019977e-02
  2.80046146e-02 -5.59806228e-02 -1.39463681e-03 -2.09284108e-02
  3.95076275e-02  6.18386343e-02  7.97637701e-02  6.10102192e-02
  4.15433140e-04  1.62409153e-02  4.31713834e-02  1.53758079e-02
  9.06250998e-02  1.45673146e-02  4.05251831e-02 -1.66491260e-32
 -2.97871940e-02  3.08350138e-02 -1.25566013e-02 -2.29186267e-02
  9.65231191e-03 -2.69333981e-02  2.30333526e-02 -5.15223704e-02
 -3.14728101e-03 -5.15579581e-02 -7.04091489e-02 -9.00322050e-02
  8.45548362e-02 -4.63041179e-02 -6.59680218e-02  1.19616002e-01
 -4.28572930e-02 -2.36165784e-02 -6.21902151e-03  1.05984753e-03
 -3.30036543e-02  3.85854356e-02  3.79600301e-02 -6.94000795e-02
 -5.74000739e-02  1.50313918e-02  1.04583381e-02  3.71795930e-02
 -4.91253808e-02  3.24157067e-02  2.72456929e-03  5.63384481e-02
 -4.21081670e-02  9.98249501e-02 -2.48638378e-03  8.26322436e-02
  3.29678990e-02  9.63140000e-03 -2.20330525e-02  4.33825254e-02
 -9.18183848e-03  5.64764068e-02  6.94509074e-02 -6.36631399e-02
 -2.64442582e-02 -3.42144482e-02  1.46690104e-02 -5.65246306e-02
 -3.36931460e-02 -9.47626680e-03  9.63197127e-02 -1.07493075e-02
  3.54170352e-02  6.57888222e-03  6.27897084e-02 -6.03778288e-03
 -3.01650651e-02 -3.08034122e-02 -9.57031772e-02 -1.12607637e-02
  8.18048194e-02 -1.80361271e-02 -5.11187427e-02 -2.16630939e-02
  4.72774245e-02 -2.27276385e-02  1.09676560e-02  2.88964212e-02
  4.50399816e-02  6.45519048e-02 -6.89117145e-03 -5.54842502e-02
 -5.94325326e-02  4.98122312e-02 -5.62896766e-02  1.03445174e-02
 -8.98957700e-02  5.30515462e-02 -1.82545818e-02  3.85270384e-03
 -4.21726182e-02  1.42809115e-02 -7.16098994e-02  2.13849619e-02
 -2.07285937e-02  3.25972028e-02 -1.95725751e-03 -3.48760895e-02
  5.83447739e-02 -2.88052093e-02  3.08591276e-02  9.67551991e-02
  7.99230933e-02  1.46080423e-02 -9.19197220e-03 -7.42380593e-08
  6.67287111e-02 -5.92548326e-02 -6.12291088e-03  3.88243124e-02
  7.80159980e-02 -5.69786839e-02  2.01788098e-02 -8.10168833e-02
  8.14359821e-03 -3.91514786e-02 -1.20558031e-02 -2.62815133e-02
  2.28982586e-02 -3.37349065e-02 -6.55579194e-03  7.25713372e-02
  1.89169291e-02  1.18980162e-01  2.60393284e-02  2.71487888e-03
  1.21806934e-02 -4.22406904e-02 -1.08551934e-01 -2.41414066e-02
  2.04139892e-02  8.70365091e-03  1.03081306e-02 -2.46744789e-02
  3.38296196e-03  3.59524265e-02 -3.85182463e-02 -6.97434545e-02
  5.10558374e-02 -8.92084539e-02 -6.02477714e-02 -4.31238487e-02
  6.38569668e-02  2.26917136e-02 -6.70149699e-02 -2.31490424e-03
  3.66308428e-02  2.38267444e-02  2.38732118e-02  3.55345849e-03
  3.05693727e-02 -2.27498114e-02  5.87237440e-02 -3.54748480e-02
  3.76008824e-02  5.92625327e-02 -1.37958555e-02  2.58521046e-02
  1.39106009e-02  5.92222139e-02 -2.80992035e-02  1.03630470e-02
  4.71351594e-02 -9.71793022e-04  3.15197743e-02 -1.07352054e-02
 -5.93255833e-02  8.08562487e-02 -1.73980072e-02 -6.68454096e-02]