[-3.74796949e-02  7.83605278e-02 -6.72912970e-02 -5.45978770e-02
 -2.23030094e-02  2.31520534e-02  1.00861304e-02  1.09423958e-01
  3.13321836e-02  8.56734067e-02  6.15607202e-02 -5.45863025e-02
 -9.71015822e-03  3.86215486e-02 -2.94017475e-02 -1.92899164e-02
  5.06413691e-02  9.11667850e-03  5.98054230e-02  2.40191706e-02
  1.65505677e-01 -1.90298781e-02 -3.76018584e-02  3.07572763e-02
 -1.16619498e-01 -4.77090999e-02 -8.46320242e-02  3.76264974e-02
 -6.23908676e-02 -8.00019968e-03 -4.51272614e-02  1.45062935e-02
  2.79957205e-02  1.21671846e-02  7.79243046e-03 -3.56882960e-02
  4.73553799e-02 -7.60912895e-04 -2.03884300e-02  1.56675617e-03
 -3.51332836e-02  9.21811257e-03 -6.51771873e-02 -7.99590722e-02
 -1.93151124e-02 -4.36403276e-03  4.89704236e-02  7.49183521e-02
 -8.58039260e-02  2.30076868e-04 -1.52076064e-02 -2.27923654e-02
 -1.87662281e-02  5.50436191e-02 -1.23602822e-02 -8.05503502e-02
 -1.08715920e-02 -2.85602212e-02 -6.31475309e-03  2.70817764e-02
 -3.95612456e-02  1.29482979e-02 -6.98045716e-02 -1.14296833e-02
  3.36652659e-02 -4.89084274e-02  2.38149930e-02 -1.85030401e-02
 -3.61559838e-02  8.61268770e-03  6.56939894e-02 -7.05964044e-02
  3.00731920e-02  2.74767410e-02 -6.11472912e-02  6.22818880e-02
 -9.71673056e-03  9.53682438e-02  2.40630023e-02 -1.92985788e-01
  3.01933065e-02  4.24193777e-02 -1.40673267e-02 -5.05643375e-02
  1.48162907e-02 -5.22187613e-02  7.33964436e-04 -2.44079344e-02
  1.05936795e-01  4.70957272e-02  7.99851567e-02  1.13286609e-02
 -3.83932190e-03  3.66780837e-03 -1.15444709e-03 -4.31054719e-02
  1.83086228e-02  2.53556799e-02  4.76538725e-02  1.45130744e-02
  1.04911327e-01  3.33676636e-02 -7.59339407e-02  2.51797810e-02
 -1.26368571e-02  9.67405085e-03  1.86307952e-02 -4.87799235e-02
  1.18538095e-02  7.39194900e-02 -6.92378953e-02 -2.69089565e-02
 -7.37079903e-02 -7.15422034e-02 -5.24736792e-02  1.07535878e-02
 -2.12590341e-02 -1.22028531e-03 -1.15445144e-02 -3.49212624e-02
 -1.24609973e-02  2.08946224e-02 -3.00878044e-02 -2.61706840e-02
  1.06251180e-01 -1.72427967e-02 -2.54622009e-02  6.98128152e-33
  2.22536782e-03 -2.61188373e-02 -1.07621048e-02  4.61386107e-02
 -5.62024675e-02  1.09698705e-01 -3.13456804e-02  4.10115235e-02
  1.00210197e-02  8.10585395e-02 -7.36714974e-02  4.19133976e-02
  9.75314900e-03 -3.30769680e-02  5.33181876e-02  1.26390229e-03
 -1.46773104e-02 -6.98997546e-03  2.92124283e-02  8.21987912e-03
 -7.89611042e-03  7.04964325e-02  2.02603228e-02 -1.31021859e-02
  6.31528199e-02  3.86046693e-02 -7.76298940e-02 -3.51919383e-02
 -6.84600249e-02  5.79428002e-02  5.01054004e-02 -5.36221862e-02
  6.79775625e-02 -9.34940239e-04  9.27045103e-03 -3.95245478e-02
 -1.54250860e-02  2.71089934e-02 -1.02325948e-02 -2.46666837e-02
 -4.51682732e-02 -7.41468102e-04  4.64924313e-02  2.69074515e-02
 -6.52147317e-03 -7.67612979e-02  2.24312730e-02 -2.68544094e-03
  8.75160620e-02  4.88571189e-02 -4.15349525e-04 -4.35134582e-02
 -2.99033076e-02 -7.47210458e-02 -1.49342818e-02  3.78742348e-03
 -1.22347631e-01  1.79253761e-02  5.75661520e-03 -4.72780354e-02
 -5.38762193e-04 -3.33350115e-02 -7.84174725e-02  2.22838018e-02
 -5.47766499e-02 -7.68459514e-02 -7.54561229e-03 -1.80122741e-02
  1.39074460e-01 -3.66915986e-02 -8.85726735e-02  2.54443027e-02
  7.59623125e-02  5.65843545e-02 -2.61310767e-02 -1.43900039e-02
  9.61915478e-02  3.33625488e-02 -7.41523355e-02 -2.78034583e-02
 -6.76923469e-02  1.14598945e-02  3.37792188e-02 -2.40357444e-02
  2.58025695e-02  5.59813231e-02  2.02934491e-03  3.73633532e-03
  1.98118798e-02  5.14954887e-02  8.75819591e-04  6.39137870e-04
 -3.13208252e-02  7.47212395e-02  6.77233860e-02 -9.66557724e-33
 -2.93489057e-03 -1.80204511e-02 -4.64029200e-02 -7.59758204e-02
  3.92384976e-02  1.73523370e-02 -1.24236280e-02 -6.98773935e-02
 -7.40039572e-02 -9.33022350e-02 -6.07979000e-02 -6.88509196e-02
  6.05757236e-02  2.36079916e-02 -4.84485030e-02  9.25890729e-03
 -6.83791190e-02 -5.36758862e-02 -3.66896391e-02 -4.39535566e-02
  2.09365990e-02  8.34931135e-02  4.18776497e-02 -4.95479181e-02
  2.81203538e-02 -6.76202178e-02  1.99927129e-02 -2.66506951e-02
 -1.36125823e-02  1.60827506e-02  1.90012045e-02 -2.53014732e-02
  7.74771022e-03  1.04675494e-01  6.09597331e-03 -7.43380859e-02
  4.12983708e-02 -4.78758253e-02  1.84358843e-02  9.06837136e-02
  5.81488647e-02  1.11520290e-01  2.36357935e-02 -2.97538955e-02
 -7.89141282e-02  1.77169293e-02 -3.31627131e-02 -1.35691285e-01
  2.47451365e-02 -1.15048900e-01  6.74973577e-02 -5.42746559e-02
 -2.61405241e-02 -5.12173846e-02  6.08391464e-02 -4.36169095e-02
 -6.01760745e-02 -5.08897305e-02 -5.85901476e-02  5.85541166e-02
  1.08078577e-01  5.50032146e-02 -6.76239505e-02 -3.78682464e-02
  6.29367307e-02  1.68376938e-02 -6.66217357e-02  2.42498200e-02
  3.30511220e-02  5.29520884e-02  5.86504452e-02 -1.38791844e-01
 -8.40898901e-02 -2.77364086e-02  3.69372852e-02 -2.65554190e-02
 -1.60708036e-02  4.12005326e-03 -7.30829984e-02  4.14678976e-02
 -6.49364106e-03 -3.72048430e-02 -4.88700904e-03  1.28787421e-02
 -8.43050331e-03  1.98460463e-02 -3.12178233e-03  5.02980165e-02
 -2.48161647e-02  1.04288019e-01 -7.70332012e-03 -3.20135430e-02
  8.48260075e-02 -1.11453822e-02  1.23316329e-02 -6.32218260e-08
  6.47613853e-02 -7.72120729e-02  2.48276424e-02  1.25899240e-02
  1.17509039e-02 -4.55865450e-02  4.84783202e-03 -2.42547747e-02
 -3.76182422e-02  8.08972046e-02  7.89634362e-02 -2.97818687e-02
 -6.20666184e-02 -4.26241793e-02  5.09920251e-03 -4.92942296e-02
  3.22295912e-02  1.76477022e-02 -4.42788191e-02 -2.81293113e-02
 -2.12358255e-02  4.43877326e-03 -1.37826741e-01 -2.02314910e-02
  2.77780928e-02 -2.76764855e-02 -4.36351970e-02 -1.75253246e-02
 -2.89074313e-02  9.55479220e-02 -4.35819924e-02  3.81496996e-02
  7.17678666e-03 -8.65802243e-02 -8.93111899e-02  2.11745612e-02
 -1.38000241e-02  3.64424624e-02 -3.39982882e-02 -3.44270654e-02
  6.04528897e-02  8.42131302e-03  1.05272513e-02  1.53699806e-02
  4.80590686e-02 -2.31759027e-02 -3.04328073e-02  5.63452169e-02
  1.60925277e-02 -1.39111001e-02 -5.76620437e-02  1.68728586e-02
  7.02139959e-02  4.71858867e-02  1.05371475e-02 -6.43054992e-02
  3.26973312e-02  1.74707733e-02 -4.93232086e-02 -2.97174472e-02
  1.24345019e-01  7.29331300e-02  5.67721464e-02  5.11888228e-03]