[ 6.45488277e-02 -3.32640251e-03  1.23292105e-02 -7.12800846e-02
 -7.44859129e-03 -3.77705246e-02  4.24971059e-02  1.33636355e-01
 -7.47024175e-03  6.83310702e-02  1.33498177e-01 -3.27061266e-02
 -1.23243767e-03 -4.08612676e-02  4.26467843e-02  6.81045093e-03
 -4.18407982e-03 -7.11504370e-02 -3.95151526e-02  3.52842957e-02
  1.59391947e-02  1.68695375e-02  5.11991046e-03  4.04715762e-02
  2.94715986e-02 -1.31603726e-03 -2.25757025e-02 -2.75108567e-03
 -4.39287499e-02 -5.30588701e-02 -5.54293096e-02  1.15070321e-01
  1.06119797e-01 -2.77986676e-02 -4.41417508e-02 -3.50633673e-02
  1.85402688e-02 -2.19937563e-02 -8.05826187e-02  2.21068300e-02
 -7.67838135e-02 -1.59426220e-02 -6.34033978e-02 -4.73574288e-02
 -4.55861427e-02 -7.06716999e-02 -9.85522643e-02  5.40573634e-02
  5.56053743e-02 -2.44023241e-02 -3.33000943e-02  2.06169877e-02
 -5.21981679e-02  5.62108792e-02 -3.77244838e-02 -1.63487010e-02
 -2.51737749e-03  2.02926304e-02  7.23761618e-02  3.79174948e-02
  4.52511124e-02  8.50578621e-02 -5.72593063e-02 -4.90248436e-03
  8.58284980e-02 -5.22150062e-02  3.64824980e-02 -4.97154966e-02
 -6.46008328e-02  1.19372658e-01 -4.13848348e-02 -7.55521432e-02
  7.36932382e-02  4.04606164e-02 -4.73393016e-02  4.45442460e-03
  8.57307203e-03 -1.75303426e-02  2.38433778e-02 -9.24223382e-03
 -2.49772109e-02 -7.93955848e-02 -5.82294501e-02 -6.54073283e-02
 -3.28595638e-02 -3.21240313e-02  2.55065225e-02  2.35870443e-02
  7.04390407e-02 -3.04517671e-02 -5.16274199e-02  1.28834233e-01
 -6.56776037e-03 -5.07259294e-02  2.50084829e-02  2.03695837e-02
 -1.38175562e-02 -2.28620507e-02  7.47926813e-03 -9.04951230e-05
 -8.44598748e-03  6.70413906e-03 -2.85752639e-02 -7.74595048e-03
 -9.43867639e-02 -4.42565046e-02 -5.04616695e-03 -1.23426020e-02
  7.92184025e-02  8.05726945e-02 -7.93510452e-02 -4.07171175e-02
 -4.66645360e-02 -5.98450424e-03 -1.30758956e-02  1.51429407e-03
  2.76038293e-02 -5.63811958e-02  6.26081452e-02  2.83768773e-03
  5.91051094e-02 -4.29948233e-02  3.70294275e-03 -2.21568886e-02
  1.33936908e-02 -1.24155506e-02  6.75588697e-02  1.30786486e-32
  2.31620613e-02 -4.99761626e-02 -1.53462132e-02  3.50786559e-02
  5.09451255e-02  2.38822550e-02 -4.99542132e-02  2.43790690e-02
  3.75153348e-02 -2.06351597e-02 -1.13459431e-01 -1.23289889e-02
  1.36903618e-02 -1.19074406e-02  1.18103564e-01 -3.03300247e-02
  2.57757455e-02  4.73758914e-02  2.11639833e-02 -6.72129095e-02
 -3.01070455e-02  9.41319484e-03 -5.79830352e-03  6.90834364e-03
  3.14265713e-02  9.48059652e-03 -6.13182969e-02  3.89950350e-03
  3.89177236e-03  2.26739440e-02  1.33026643e-02  4.05230112e-02
 -5.53627647e-02 -1.33214250e-01  1.00898789e-02 -5.17336093e-02
  2.79855803e-02  4.38238047e-02 -4.34675477e-02  4.88365721e-03
 -7.40134642e-02  2.54960414e-02 -2.84616239e-02  2.58588325e-02
  6.72755986e-02 -4.26423438e-02  6.84493333e-02 -4.94809598e-02
  3.47241014e-02  5.58497831e-02 -9.88795161e-02 -1.15750153e-02
 -4.64746915e-03 -4.58885282e-02  3.05244531e-02  5.64425327e-02
 -8.17585513e-02  2.27196198e-02 -1.75560489e-02 -4.33888249e-02
  8.41280892e-02  6.26426935e-02  3.85521576e-02  1.35960141e-02
  3.97234000e-02  2.18114685e-02  4.23130542e-02  2.45711636e-02
  1.13502722e-02  8.01676512e-02 -6.95658326e-02 -2.06740163e-02
 -7.81327561e-02 -1.72974579e-02  5.39052824e-04 -1.22766541e-02
  1.21748932e-02  4.62791184e-03 -5.51537052e-03 -3.71269928e-03
  7.14147240e-02 -8.85100104e-03 -1.94216873e-02 -4.96014282e-02
  1.34354383e-01  3.71834040e-02  5.67034408e-02 -4.66765836e-02
 -3.68874595e-02  7.55524114e-02  2.33215193e-04  1.07949870e-02
 -4.42489088e-02 -2.40428094e-02  2.41083428e-02 -1.50839420e-32
 -3.87530401e-02  6.03915602e-02  1.54940900e-03 -3.58886179e-03
 -5.62234521e-02 -2.75003612e-02  6.30139709e-02  4.46148973e-04
  9.33729950e-03 -2.76529491e-02 -1.08550236e-01 -5.04804850e-02
  7.75576681e-02  3.07340990e-03 -9.40234438e-02  9.93999001e-03
  2.46567577e-02 -9.69636217e-02 -1.07111819e-01 -4.79583582e-03
  5.96400164e-02  9.59955342e-03 -3.76186147e-03  3.33702229e-02
 -2.96457577e-02 -3.72564197e-02 -6.72819242e-02 -1.78767871e-02
 -7.95426518e-02 -1.33858666e-01  6.83585703e-02 -7.63577893e-02
  4.51535098e-02  7.94348642e-02 -5.30873165e-02 -8.45443644e-03
  3.17777996e-03 -1.94840152e-02  2.38329880e-02  5.62327355e-02
  4.66740765e-02  6.75643161e-02  2.93790884e-02 -7.45123699e-02
 -6.47042543e-02 -3.96117941e-02  2.74628568e-02 -4.98154275e-02
 -1.01038493e-01 -1.12496480e-01  1.15741760e-01  1.10796029e-02
 -4.34416011e-02 -2.59066205e-02  9.05844383e-03 -6.18237536e-03
  1.54518737e-02 -7.95925483e-02 -9.88264605e-02  3.28238793e-02
  9.62015763e-02  5.90029452e-03 -2.08139401e-02 -2.00180542e-02
  7.79635608e-02 -2.99307723e-02  1.84506048e-02  7.88849667e-02
  1.21936584e-02  2.15837844e-02  1.42449185e-01  7.61804730e-03
 -1.33005708e-01 -2.11120546e-02  1.76993590e-02 -1.45429196e-02
 -6.77312091e-02  4.58338447e-02 -5.06752655e-02  2.91071541e-04
  1.21885389e-02 -1.25515545e-02 -1.85441859e-02 -9.62088704e-02
 -9.95713919e-02 -1.95589922e-02  2.54773684e-02 -4.56997119e-02
  1.41150765e-02 -2.02863268e-03 -2.20032968e-02 -4.54034172e-02
  3.16367261e-02  3.21469419e-02 -1.36536881e-02 -5.22022923e-08
  3.17550562e-02 -1.55559750e-02  4.27824967e-02  5.35901077e-02
  6.88403547e-02 -2.61286795e-02 -8.68159998e-03  2.53189020e-02
  8.51519362e-05 -1.05444454e-02  2.43474380e-03 -3.14815827e-02
 -4.93215472e-02  1.05139777e-01  7.26667345e-02 -2.83100791e-02
  7.32396394e-02  4.12033573e-02 -3.61431576e-02 -2.40667164e-03
  5.91468103e-02 -1.50928004e-02 -3.41449827e-02 -1.69528015e-02
  2.65143476e-02  5.07812947e-02  1.43035175e-02  4.05806862e-02
 -1.74489804e-02 -9.22662672e-04 -3.01811174e-02 -4.31034863e-02
 -1.93686765e-02 -3.66388373e-02 -6.15038313e-02 -1.03087286e-02
 -1.39977783e-02 -2.92924549e-02 -8.91641006e-02 -9.48338211e-03
  1.03853986e-01 -2.27086828e-03 -7.43454099e-02  2.83250511e-02
  2.28511617e-02 -6.03610724e-02 -3.82024646e-02  8.37778393e-03
 -3.08730081e-02 -1.11117259e-01 -1.99503172e-03 -2.24002283e-02
  1.53564112e-02  1.22932093e-02  2.90820226e-02 -8.35439935e-02
  6.43351153e-02  3.40265930e-02 -1.26280934e-01  1.10231666e-03
  1.00858301e-01  6.06341027e-02 -1.20950891e-02 -2.66099572e-02]