[-3.35349068e-02  6.67160675e-02 -7.07848230e-04  6.33361109e-04
  2.73706997e-03  5.78646027e-02 -5.67193562e-03  6.43361211e-02
 -2.92426161e-02  4.45798673e-02  1.38932392e-01 -2.03559715e-02
  3.76470648e-02 -2.42961571e-02 -5.03912419e-02  7.44465552e-03
 -3.06544937e-02  9.97309294e-03 -3.07989009e-02  1.07807979e-01
  1.46772796e-02 -3.48752434e-03  3.40743572e-03  7.93420449e-02
 -3.65972482e-02 -1.96184553e-02 -3.07778176e-02  1.12052858e-02
 -6.57051578e-02 -7.56510869e-02 -3.19855940e-03  8.38406831e-02
  6.05369844e-02 -5.22908717e-02 -5.48504032e-02 -6.07667752e-02
  3.22274193e-02 -1.08031491e-02  1.38108721e-02  7.50744343e-02
 -3.20963636e-02 -8.82440247e-03  2.52966606e-03 -2.07648054e-02
 -4.86824941e-03 -5.54512218e-02 -6.19820505e-02  6.65497035e-02
  2.69165225e-02 -6.29906869e-03  6.72915811e-03  7.21568055e-03
 -7.85230175e-02  2.91610789e-03 -1.52008152e-02 -1.11314893e-01
 -5.94519824e-02 -3.36380652e-03  9.27288681e-02  4.28413227e-03
  4.12914231e-02  5.99143021e-02 -9.20726657e-02  2.03367472e-02
 -3.10564581e-02 -8.76485407e-02  2.53163595e-02 -1.05157187e-02
 -5.61721288e-02  2.37485711e-02  4.27870117e-02 -6.11536093e-02
 -2.47645676e-02 -8.93498585e-02 -6.02282211e-02  2.49445103e-02
  3.33616952e-03  7.60025233e-02 -1.74453147e-02 -8.71654898e-02
  3.27794887e-02  6.40216004e-03  4.20738347e-02 -9.44727585e-02
  3.82726416e-02 -3.40542495e-02  1.53095247e-02 -1.20048840e-02
  5.36988974e-02 -1.73863045e-05  2.92947385e-02  8.79723951e-02
 -1.46112852e-02  3.29457447e-02  1.19856276e-01  4.47554290e-02
  3.06018014e-02 -4.33387002e-03  5.48478775e-02  4.70307767e-02
  1.51972100e-01 -1.90925635e-02 -4.81963381e-02  4.53270413e-02
 -7.50807226e-02  2.29640119e-02  3.16531933e-03 -6.75802529e-02
 -3.37142986e-03  1.60642006e-02 -5.85744642e-02 -8.59319121e-02
 -5.54102473e-03 -1.08267859e-01 -3.68163623e-02  3.12811099e-02
 -2.68219109e-03 -1.29584232e-02 -9.57033038e-03  2.94828061e-02
  6.15717061e-02 -3.01680602e-02 -3.72727700e-02 -1.52340103e-02
  8.94940346e-02 -3.33585069e-02  3.78729142e-02  4.74795246e-33
  4.26125526e-02 -4.53642383e-02 -3.90827470e-02  1.71755403e-02
  6.50974885e-02  6.04197830e-02 -8.20704848e-02 -3.69038656e-02
  3.92380077e-03 -1.61482692e-02 -1.50338054e-01  4.47151922e-02
 -3.27060223e-02 -3.39990072e-02  3.33093517e-02  3.00923996e-02
  2.72864718e-02 -2.80567650e-02 -2.29964359e-03  1.14746029e-02
  8.49037152e-03  3.84243927e-03 -3.24843824e-02 -1.67164709e-02
  5.08077741e-02  5.57442866e-02  1.18783442e-03 -1.51211889e-02
 -6.91335797e-02  3.42157967e-02 -1.27899861e-02  1.81867145e-02
 -1.29725635e-02 -6.40826486e-03  1.31616155e-02 -1.09278047e-02
  8.58595502e-03 -3.72871310e-02 -4.34271768e-02 -2.34562103e-02
  5.04894853e-02  8.39073062e-02  3.50837335e-02  1.30003653e-02
  7.82799050e-02 -1.07147377e-02  3.75301577e-02 -4.11377773e-02
  8.82472321e-02  3.03930398e-02 -3.68867181e-02 -3.54592912e-02
 -1.10352740e-01 -6.83931410e-02 -1.01234959e-02  5.88440560e-02
 -1.70967087e-01  1.06247447e-01  4.79595251e-02  1.96983293e-02
  2.74066310e-02  5.74789904e-02  3.37606599e-03 -2.07937527e-02
 -2.12709955e-03 -1.68190885e-03 -7.84654394e-02  8.06199387e-02
  5.41460738e-02  1.77469198e-02 -8.99030715e-02 -2.57330947e-03
 -2.49768384e-02 -5.82350232e-02  7.37117836e-03 -4.74858237e-03
  4.91937548e-02 -8.49001948e-03 -2.56940182e-02  3.36759202e-02
 -7.64072761e-02  2.09413785e-02 -1.97885409e-02  1.34653021e-02
  2.25959215e-02  1.91901345e-02  1.87936313e-02  1.82789769e-02
  4.20939885e-02  3.94196846e-02 -6.20781910e-04  6.08992279e-02
  2.03094538e-02 -4.02552411e-02  7.46365115e-02 -6.55781776e-33
  6.44980147e-02  4.40582931e-02  5.00995107e-02  6.32105842e-02
  2.56639253e-02 -5.19131497e-03 -7.47161359e-02  3.01987007e-02
  2.68436130e-02 -1.26603603e-01 -2.04791874e-02 -3.76428440e-02
  6.73797056e-02 -2.03850791e-02 -7.40736444e-03  4.61876318e-02
 -5.73704690e-02 -4.21939157e-02 -1.00269265e-01 -3.26091275e-02
 -9.21569318e-02  5.53081147e-02 -1.36135134e-03 -1.95593014e-02
 -1.99483149e-02 -3.20146605e-02  7.84710571e-02 -5.74655719e-02
 -5.07012606e-02  4.80057718e-03  7.37948790e-02 -7.02647269e-02
 -9.46400538e-02  6.46883845e-02 -5.56074753e-02  3.41709629e-02
  9.69689637e-02  4.02419977e-02 -4.54276875e-02  6.69339299e-02
  7.07715750e-02  8.27402100e-02  8.66106078e-02 -5.83746210e-02
 -5.46321273e-02 -2.28984952e-02  4.98549603e-02 -4.61999066e-02
  1.07090119e-02 -9.09399688e-02  1.00278422e-01 -6.55063987e-02
 -5.01132868e-02  2.55757272e-02  4.66819182e-02 -7.98690096e-02
  3.82369943e-02  1.44256011e-03 -9.11456645e-02 -2.64838729e-02
 -4.96366573e-03  7.08322898e-02 -8.56908783e-02 -3.82333659e-02
  4.56358977e-02  1.03744131e-03 -7.95973390e-02  4.42047603e-02
  8.78029242e-02  1.15884421e-03  2.31209248e-02 -8.36478323e-02
 -9.46476310e-02 -1.97338406e-03 -9.69141163e-03 -5.56258485e-03
 -8.50733221e-02  3.61483134e-02  3.50627936e-02  3.50737832e-02
  8.80977884e-03 -5.02170138e-02 -1.00412756e-01  8.04086402e-03
 -5.05712116e-03 -5.60020395e-02 -6.75179511e-02 -1.24761052e-02
  5.20351306e-02  2.12507248e-02 -4.31647338e-02 -2.75645778e-02
  1.62720960e-02  3.06139365e-02  1.13399364e-02 -5.87206550e-08
  2.83328928e-02  6.92763105e-02 -3.31406295e-02  4.37558182e-02
  6.82126172e-03  1.10387374e-02 -2.19837725e-02 -3.48517857e-02
 -2.03321688e-03  7.34732300e-02  1.47954702e-01  6.32666871e-02
 -5.44607416e-02 -5.73973171e-02  9.49301943e-03  3.47153191e-03
  1.51466066e-02  6.33879304e-02 -2.83573754e-02 -3.58996578e-02
  5.62161058e-02 -4.97817877e-04 -7.62309283e-02 -4.98986281e-02
 -8.23964365e-03  1.83218718e-02 -3.83499153e-02  1.87954102e-02
 -7.70476367e-03  1.13199465e-02 -4.38361755e-03 -8.53390619e-03
 -1.34814661e-02 -1.28159925e-01 -2.10198723e-02 -3.87184918e-02
  3.44712436e-02 -9.98066831e-03  5.24954833e-02  1.00783408e-02
  1.29056022e-01  2.59063523e-02 -5.45010786e-04 -1.91078912e-02
 -2.99283899e-02 -8.43662471e-02  1.99244637e-02 -1.91974007e-02
 -1.30353877e-02  3.39478143e-02 -1.84453633e-02  2.42002867e-03
  7.58317709e-02  9.60456803e-02  3.76975983e-02 -2.34337226e-02
  6.26704888e-03  2.75767371e-02 -4.68157530e-02 -4.44665141e-02
  1.77506544e-02  9.03770234e-03 -1.46927973e-02  1.79540254e-02]