[-3.43824178e-02 -5.05750142e-02 -9.65319723e-02 -8.14516246e-02
  5.50457858e-04 -3.19914781e-02  2.80759390e-02  7.00916350e-02
  4.48184907e-02  3.24810892e-02  6.43957406e-02 -9.01385248e-02
 -5.36648231e-03 -9.51846188e-04  5.77626787e-02 -4.91738357e-02
  1.93504952e-02 -5.21497626e-04  2.90272273e-02 -2.37190276e-02
  7.77887404e-02 -4.97588962e-02 -5.21797538e-02  1.86472759e-02
 -1.09287677e-02 -4.21951450e-02 -3.46655622e-02  3.31299119e-02
 -3.91238481e-02 -7.47549087e-02 -1.28667457e-02  3.67051065e-02
  5.42837940e-02 -1.44643337e-02  1.18744867e-02 -1.25169121e-02
  7.06075411e-03 -7.35403523e-02 -1.53287381e-01  1.69964377e-02
 -9.53403488e-03  1.93419810e-02 -1.89751387e-02 -7.85614103e-02
 -4.58404608e-02 -4.58696820e-02 -2.38628872e-02 -1.52944000e-02
 -7.46319741e-02 -6.18711300e-02 -7.96780139e-02  9.76806320e-03
 -5.63132912e-02 -2.89885583e-03 -2.50994973e-02 -6.47647399e-03
  2.80133318e-02  1.27235409e-02  9.98842791e-02  2.92704590e-02
 -1.02350852e-02  6.09823875e-02 -7.27650449e-02  2.76934430e-02
  4.40316796e-02 -2.70177834e-02  5.21844327e-02  2.50179768e-02
  6.55408353e-02 -2.99344417e-02 -1.00002646e-01 -3.02317310e-02
 -1.97432488e-02  3.31232958e-02 -7.12356195e-02  1.19680529e-02
 -2.39911508e-02 -8.67408328e-03 -2.93317437e-02 -1.92272455e-01
  2.88577415e-02 -2.61310544e-02  8.54132511e-03 -2.05674693e-02
  7.66119314e-03  9.40609071e-03  2.49782484e-02  4.73188572e-02
  2.42566187e-02  5.69383763e-02 -5.00956923e-02  3.37914601e-02
 -8.45453441e-02 -1.68883055e-02 -2.48687081e-02  2.27494743e-02
  9.28886421e-03  6.47943746e-03  7.67550617e-02  3.51357609e-02
  7.95445442e-02 -2.49683373e-02 -1.96759980e-02  1.63188316e-02
 -6.12050332e-02  5.34499157e-03  1.11970175e-02 -6.33088360e-03
  4.96603660e-02  3.99396755e-02 -1.43834665e-01 -9.14318487e-03
 -2.17340309e-02 -1.56118989e-01 -4.89737689e-02  3.84212248e-02
 -1.22171007e-01 -3.42551768e-02  3.16342376e-02 -9.78238508e-03
  3.46141160e-02 -4.47170399e-02  6.24637045e-02 -3.00640203e-02
  1.50127679e-01 -2.00576596e-02  9.72405821e-02  1.39455316e-32
 -3.85697372e-02 -7.82383159e-02 -8.77551660e-02  3.82841714e-02
  4.01137508e-02  2.96534542e-02 -6.18121065e-02  2.62255184e-02
 -1.45794395e-02 -6.33136407e-02  1.93530619e-02  1.63728427e-02
 -1.07762173e-01 -4.39585336e-02  8.37118104e-02 -3.25465538e-02
  2.06047930e-02  2.52837203e-02  1.66392960e-02  1.50187369e-02
 -6.22708462e-02 -1.35608185e-02  2.89780423e-02 -5.56030637e-03
 -1.84637643e-02  9.49652418e-02  2.69257966e-02  5.08380719e-02
  2.02406943e-03  1.37171764e-02  1.03640638e-01 -3.04756146e-02
  9.53570660e-03  6.09755097e-03  1.84542555e-02  1.91405825e-02
 -7.29578584e-02 -2.61531249e-02 -2.11028550e-02  3.60627361e-02
 -3.23535241e-02  4.08637933e-02 -4.48863730e-02 -2.39189435e-02
  1.21500250e-02 -1.98333804e-03  3.09839193e-02  8.90079886e-03
  3.43331285e-02  8.02846253e-02 -1.73136741e-02  1.53323533e-02
  9.48546734e-03 -5.74008338e-02  1.24257794e-02  1.22721761e-01
 -1.74885325e-03 -6.69404790e-02  1.27313826e-02 -1.72835588e-02
 -5.50996624e-02  3.34301963e-02  8.10315832e-05 -5.28703779e-02
  3.45003381e-02 -3.20876800e-02  5.92977293e-02 -2.77690459e-02
  8.41512829e-02  1.63702685e-02 -4.59392257e-02 -2.65670400e-02
  7.11350664e-02  1.07660852e-02  2.38055550e-02  1.79974865e-02
 -4.20087203e-02  5.76627366e-02 -1.18810669e-01  1.51712801e-02
 -1.13471210e-01  1.38614848e-02 -4.52641491e-03 -3.44136474e-03
  5.13515100e-02 -4.45832200e-02 -1.56413019e-02  7.09002418e-03
 -3.44130248e-02  6.50749132e-02  1.76115837e-02  1.05876334e-01
 -1.09460568e-02  5.81672154e-02  1.20495176e-02 -1.43061924e-32
 -3.63807008e-03  3.72303165e-02 -6.14437386e-02  5.22184148e-02
 -2.43512932e-02  6.19674381e-03 -8.81351903e-03 -4.14448939e-02
  1.37982387e-02 -9.43710357e-02 -1.81907732e-02 -5.17427437e-02
 -1.39747215e-02 -6.51449710e-02 -3.14486623e-02 -1.36490725e-02
 -1.54243000e-02 -7.10881054e-02 -6.37632683e-02  5.05739870e-03
 -3.70110422e-02  1.19584493e-01 -4.83482927e-02 -1.20538883e-02
 -6.77528419e-03 -4.83863689e-02 -2.67441738e-02  5.83812781e-02
 -3.52282226e-02 -3.43198292e-02  7.29532987e-02  3.73890512e-02
 -7.03107342e-02  8.32380652e-02  2.67088395e-02 -4.56810035e-02
  1.52251422e-01  3.54334489e-02 -7.05466196e-02  1.00800119e-01
  7.66128376e-02  1.28083602e-01 -6.28047958e-02 -7.57859722e-02
 -2.77894270e-02  8.23469535e-02 -5.98044507e-02 -6.28536046e-02
 -2.77735071e-05 -4.03772667e-02  7.46348575e-02 -4.22151871e-02
 -1.06960293e-02 -7.91736916e-02  6.23602793e-02 -1.70873571e-02
 -2.14098245e-02  2.11395114e-03 -6.70312718e-02  1.49218393e-02
  1.06591448e-01  8.06635711e-03 -4.36365977e-03 -5.91689982e-02
  1.35263661e-02  4.09499481e-02 -2.71619409e-02  8.22353959e-02
  2.91059278e-02  2.06731781e-02  6.04268312e-02 -4.87549901e-02
 -4.42803651e-02 -1.45269250e-02 -1.21264467e-02 -5.05595542e-02
 -2.55944096e-02 -2.01226715e-02 -2.72562783e-02  7.53825763e-03
 -1.05046980e-01  1.33088985e-02  6.76854607e-03  5.47336240e-04
 -5.85005917e-02  3.76195759e-02 -4.63312715e-02 -3.07982806e-02
  2.74982508e-02  2.92165186e-02 -1.60454586e-02  1.12414740e-01
  1.97633579e-02  9.99798030e-02 -5.06626219e-02 -7.57643406e-08
 -7.02019855e-02 -7.61092156e-02  1.81831736e-02  3.00696716e-02
 -2.87970062e-02 -4.17450368e-02  5.68856783e-02 -1.78201939e-04
  2.63987072e-02 -1.42921612e-03  1.96587574e-03 -7.78197721e-02
 -3.67376618e-02  6.30872846e-02  2.58162618e-02 -7.74083808e-02
  4.35328819e-02  1.01514921e-01 -7.61319473e-02  6.41280902e-04
  5.62895425e-02  1.73778087e-02 -1.65036116e-02  1.30756171e-02
  3.18167210e-02 -4.22196835e-02  2.99804453e-02  2.20340788e-02
  1.26556940e-02  2.85288300e-02  4.92632948e-03  5.59637435e-02
  6.16719648e-02 -1.04136527e-01  7.27786645e-02  1.83890003e-03
 -2.38285977e-02  6.82076961e-02  3.84278521e-02  6.01221584e-02
  4.43041697e-02  2.86101718e-02 -5.84264174e-02 -5.91802318e-03
  3.40920389e-02 -2.03344915e-02  3.44851241e-02 -4.62026941e-03
 -1.82920787e-03 -4.96250950e-02 -4.49543335e-02  3.73081379e-02
 -3.38979922e-02  2.09875852e-02  7.64988959e-02 -7.77508318e-03
  5.37613444e-02  4.59650252e-03 -4.27020341e-03  1.43303629e-02
  3.18159424e-02  6.01649424e-03 -3.48833343e-03 -1.56495143e-02]