[-9.54386070e-02  6.84525892e-02 -1.45242317e-02 -5.77789396e-02
 -7.40201995e-02  4.15667798e-03  3.17997485e-02  1.10330030e-01
 -2.11286321e-02  4.17858325e-02  6.97527230e-02  2.63036285e-02
  8.46515351e-04  9.09932703e-03  2.87033729e-02 -2.39162128e-02
  7.09386691e-02 -2.51614079e-02 -1.66025050e-02  4.89783324e-02
  1.09007813e-01 -1.01531148e-02 -7.34558403e-02  4.09816243e-02
 -7.57612363e-02 -3.72592770e-02 -5.11655957e-02 -2.88726762e-02
  2.56930565e-04  1.34562338e-02  2.83753984e-02  3.08851153e-02
  5.27897179e-02  2.10006889e-02  5.92231341e-02 -1.55281881e-03
  4.08367664e-02 -3.44163217e-02 -1.86657775e-02  6.75972924e-02
 -4.76351529e-02 -8.76357630e-02 -8.35585222e-02 -7.11488277e-02
  3.85661125e-02 -5.71750477e-02 -3.29548167e-03  2.68884022e-02
 -1.03234043e-02 -1.04067083e-02 -9.43960994e-02 -2.77554281e-02
 -2.66381949e-02 -1.38573283e-02 -7.18220789e-03 -7.59975612e-02
 -6.60018474e-02 -5.98970614e-03 -8.89044162e-03 -3.68570648e-02
 -2.74974946e-02  4.08007391e-02 -6.09722435e-02  1.99504532e-02
  6.38821274e-02  2.79694535e-02 -1.89347025e-02 -3.38826925e-02
  1.55531932e-02  5.48068136e-02  3.00741587e-02 -4.64866683e-02
  5.50308563e-02  4.74050343e-02 -3.66770700e-02  5.52594140e-02
  2.05668993e-02  3.78556810e-02  3.25165922e-03 -2.01943994e-01
  5.68225868e-02  7.00826244e-03 -2.19511669e-02 -4.01705243e-02
 -5.77168260e-03 -3.45152617e-02 -1.98185816e-02 -2.75657251e-02
  9.71118882e-02  4.85540461e-03  4.63789254e-02 -4.64910036e-03
 -5.81272580e-02 -4.48989645e-02 -1.59942713e-02 -1.65353250e-02
 -1.53338397e-02 -5.79942353e-02  7.53674004e-03  4.10588607e-02
  4.09062058e-02  2.12856755e-02 -4.30055149e-02  4.66895252e-02
 -2.61820648e-02 -2.34982446e-02 -1.73495021e-02 -4.40442711e-02
  2.91236490e-02  1.20690614e-01 -3.46875004e-02 -4.60795835e-02
 -8.26860666e-02 -1.16483465e-01 -8.75826553e-02  3.93662974e-03
  7.07016746e-03 -3.45144197e-02  8.36153850e-02 -5.27013466e-02
  1.28225246e-02 -2.44506467e-02  5.31131215e-02 -4.82831709e-02
  3.51772495e-02 -4.78127897e-02  4.99319956e-02  1.41177386e-32
 -3.69956195e-02 -9.04113799e-02  1.72764380e-02  5.26175946e-02
 -8.70221481e-02 -1.16668046e-02 -7.78386071e-02  2.80006435e-02
  8.18048865e-02  6.09163158e-02 -4.27029021e-02  2.42355838e-02
 -9.65600426e-04  2.56536435e-02  8.15921277e-02 -7.20742419e-02
  8.52052644e-02 -1.62700340e-02 -4.21460019e-03 -7.94375036e-03
 -4.82308166e-03 -5.34215793e-02  1.22360829e-02 -1.19493554e-04
  6.88755605e-03  3.35073769e-02 -5.15576154e-02 -8.96744896e-03
  2.96646487e-02  6.83198795e-02  4.79653217e-02 -1.93968881e-02
  1.63245518e-02  1.18972966e-02 -1.92066543e-02  4.73857969e-02
 -4.30220142e-02 -4.32451777e-02 -1.87162589e-02 -4.63852584e-02
 -7.04693198e-02 -1.30087510e-02  3.32597978e-02 -1.18489400e-03
  2.42784321e-02 -6.49653673e-02  3.01495530e-02 -5.39749954e-03
  1.24438561e-01  4.04992215e-02 -1.69900898e-02 -1.01775704e-02
 -4.98380996e-02 -1.45605765e-02  1.50039699e-02  6.40819743e-02
 -7.10646287e-02  5.47131076e-02  7.00857490e-04 -5.32517843e-02
 -2.04076734e-03 -6.28556460e-02 -3.79462987e-02 -2.69943364e-02
 -7.09019527e-02 -4.69259731e-02 -7.91133475e-03 -8.13882239e-03
  1.15503542e-01  7.76785845e-03 -7.89417326e-02 -2.43612286e-02
 -2.42700018e-02  7.63443336e-02  5.18018827e-02 -1.75668467e-02
  9.77427438e-02  6.98322728e-02 -2.86165606e-02  1.13676756e-03
 -1.36585627e-03 -2.16845851e-02  2.38472000e-02  2.23045480e-02
  4.22239415e-02  5.31391241e-02  5.01680300e-02  6.81847334e-02
  3.83397974e-02  4.36054319e-02  1.36644160e-02  1.22196354e-01
 -5.10129780e-02  4.72504981e-02  7.25366026e-02 -1.71400315e-32
  4.07194383e-02  2.29564751e-03 -9.76819023e-02 -1.60921961e-02
 -7.56946392e-03  1.53798526e-02  5.37443645e-02 -7.61933923e-02
 -2.31868811e-02 -4.07088399e-02 -5.68261370e-02 -6.33253604e-02
  1.00690275e-01 -8.49476010e-02 -7.68360347e-02  3.28600444e-02
 -1.16286226e-01 -1.42559735e-02  1.71505176e-02  6.19557537e-02
 -5.44371083e-02  9.07327533e-02  6.07429110e-02 -6.69944435e-02
  4.28197496e-02 -7.60894492e-02 -5.40188923e-02  5.48037849e-02
 -1.15240589e-01 -1.57295242e-02  1.54943718e-02  3.58339697e-02
 -2.05257367e-02  5.26326150e-02 -8.43118727e-02 -2.14069840e-02
  2.99465302e-02 -2.28911545e-03 -3.84980701e-02  5.10161556e-02
  5.27617708e-02  4.76104133e-02 -4.99224942e-03 -5.17041311e-02
 -6.85530901e-02 -4.79929755e-03  1.86389836e-03 -1.16928965e-01
  3.76408175e-02 -9.38936546e-02  6.24946803e-02 -3.46711017e-02
  6.08498193e-02  1.42681813e-02  6.52348176e-02 -2.17497479e-02
 -1.91359092e-02 -8.57445002e-02 -4.19972576e-02  4.44076024e-02
  8.65770578e-02  1.21663874e-02 -1.68971363e-02 -4.87219542e-02
  1.41654640e-01 -5.23467362e-02 -2.81357262e-02 -4.08993941e-03
  2.01146379e-02 -4.23566550e-02  8.00121054e-02 -6.69480637e-02
 -7.37084001e-02 -3.81587483e-02 -1.97379962e-02 -2.62727253e-02
  6.57020079e-04 -7.47827068e-02 -3.39091085e-02 -8.19388591e-03
 -5.06041087e-02  6.64942246e-03 -9.55258962e-03  3.00115384e-02
 -1.44264191e-01  3.57886888e-02 -5.67796454e-03  3.21570691e-03
 -5.83022684e-02  8.01560134e-02 -3.86444144e-02  3.54842916e-02
  4.76060137e-02  6.68733986e-03 -2.02889945e-02 -7.25588407e-08
 -1.87601317e-02 -1.29583161e-02  5.38425706e-02 -1.00973053e-02
  3.25220637e-02 -6.23580255e-02 -3.09098829e-02 -5.01177795e-02
  3.29711623e-02 -4.95421607e-03 -1.61650814e-02 -1.71279553e-02
 -3.02890968e-02 -3.00036799e-02 -2.36030649e-02 -7.22421631e-02
  6.21488169e-02  6.19945340e-02 -9.29305106e-02 -5.69799962e-03
  6.28250539e-02 -3.50963809e-02 -8.41473639e-02 -7.42680505e-02
  4.82393615e-02  4.99297306e-02 -7.16185803e-03  3.00087733e-03
 -2.31679366e-03  2.21202336e-02 -5.57815023e-02  1.25238148e-04
  5.08402921e-02 -9.22456384e-02 -9.03378278e-02  2.07102094e-02
  8.03686958e-03  1.83713678e-02 -5.04453145e-02 -1.19341267e-02
  7.92097747e-02  1.65350661e-02 -4.72851135e-02 -1.24534108e-02
  3.66154243e-03  1.04416981e-02 -1.84440091e-02  3.58876288e-02
 -7.57326707e-02 -1.94261633e-02 -3.12568657e-02 -1.11395773e-02
  6.51558861e-02  5.43210581e-02  3.75857763e-02 -8.41717944e-02
  2.09265910e-02  1.66883338e-02 -9.39904246e-03  1.07442485e-02
  6.72564209e-02  9.74037498e-02  1.49140731e-02 -3.27461548e-02]