[-2.60664802e-02  9.23738107e-02 -6.14798926e-02 -3.65132652e-02
 -1.75556578e-02  1.47194928e-02  6.46902770e-02  1.63999274e-01
 -4.11916785e-02  5.66208474e-02  6.23954050e-02 -1.45550761e-02
 -2.47548837e-02  3.90709378e-02 -8.62473994e-02  3.47871408e-02
  5.82924462e-04  3.52503429e-03 -8.64781737e-02  1.01281088e-02
  6.60962909e-02  9.68286674e-03  1.59443598e-02  2.41975039e-02
  7.84268752e-02  6.50560185e-02 -6.44257814e-02  7.43418932e-02
  5.00462204e-02 -8.66689980e-02  4.82256059e-03  9.42241997e-02
  1.79009229e-01 -5.67700863e-02  1.42734395e-02 -4.87502068e-02
 -1.27084842e-02 -7.59055912e-02  3.60422209e-02  3.70485708e-02
 -3.37914377e-02 -5.73512912e-02  1.28418487e-02 -2.47844718e-02
 -1.85794011e-02 -4.67714816e-02 -6.40166029e-02  5.26235737e-02
  6.23430535e-02  1.26494998e-02 -2.20490731e-02  9.41943601e-02
 -2.77093779e-02  2.23317184e-02 -6.11599255e-03 -7.07448050e-02
 -6.63134083e-02 -3.33144329e-02  1.68110356e-02 -2.48590000e-02
  3.12845223e-02  1.33706974e-02 -9.04292613e-02  1.13434670e-03
  9.68212541e-03  2.40363572e-02 -2.02189125e-02 -6.22982793e-02
 -9.26060677e-02  1.54786222e-02  8.41282159e-02 -1.50472363e-02
  5.53663149e-02  6.29440174e-02  1.45363019e-05  2.12455653e-02
  9.46654007e-02 -2.23980774e-03  2.94547398e-02 -1.04976341e-01
  3.65690105e-02  1.46894986e-02  2.68281531e-02 -9.01572183e-02
  5.01897279e-03  1.76673513e-02  3.87351634e-03  5.20063052e-03
  9.95232984e-02  2.37209331e-02  2.25507934e-03  6.81407079e-02
 -7.23078176e-02 -3.41124311e-02 -5.42016402e-02  5.91777302e-02
 -2.07958817e-02 -3.54396813e-02 -1.41226156e-02  8.14988837e-02
  1.01436764e-01 -1.29893469e-03 -5.99828139e-02  1.93073265e-02
 -9.26931351e-02 -3.93175818e-02  8.34599882e-02  9.57141689e-04
  1.00392913e-02  3.91154736e-02 -5.79121634e-02 -4.45542559e-02
 -4.75387722e-02 -7.76412785e-02 -3.73861641e-02 -7.15490058e-02
 -2.18573585e-03  5.16390577e-02 -4.47514877e-02 -4.24658507e-02
  9.59356036e-03 -2.42720265e-02  8.80585834e-02  1.31946029e-02
 -3.69261242e-02 -7.64759257e-02  1.71938315e-02  1.86439090e-32
 -2.51920018e-02 -1.01760915e-02 -4.24733907e-02 -3.65252316e-04
 -2.34270357e-02  8.91082571e-04 -6.33948371e-02  3.61672714e-02
 -2.19055675e-02  6.46318076e-03 -1.16192631e-01  4.20030728e-02
 -6.54335693e-02 -1.23592028e-02  1.11756995e-01 -5.25090769e-02
  7.23115057e-02 -3.28266956e-02  4.09576036e-02 -6.81501329e-02
 -3.90107036e-02 -1.65751949e-02  2.49380153e-02  2.12055985e-02
  7.11534023e-02  7.59983957e-02  1.55382147e-02 -8.43973756e-02
 -7.00925812e-02  8.40497836e-02 -2.42858417e-02  1.01916246e-01
 -2.49135923e-02 -1.02412000e-01 -7.05032796e-02  1.11947339e-02
 -5.37039787e-02 -6.13866514e-03 -3.80455777e-02 -3.61878448e-03
  2.41500828e-02  3.91674265e-02 -3.65650393e-02  8.17809999e-03
  2.28092130e-02 -4.67115119e-02 -4.52260906e-03  1.21112287e-01
  8.62632319e-02  1.20923847e-01 -9.25835669e-02  7.42347445e-03
 -4.53725383e-02 -7.04156840e-03 -2.29138546e-02  1.36336982e-02
 -8.85163173e-02  4.17576618e-02  4.57723439e-02 -7.46280923e-02
  1.76008809e-02  6.92008808e-02 -1.63228456e-02 -8.25014710e-03
 -6.25959039e-02 -2.73210425e-02  1.19406832e-02 -2.93880189e-03
  4.27851155e-02  2.42911987e-02 -3.25634480e-02 -5.86699657e-02
 -4.01581004e-02  3.45291048e-02 -2.55910493e-02  9.76526272e-03
  4.50804494e-02 -3.04548480e-02  4.69151419e-03 -8.31769966e-03
 -6.95481375e-02  6.50098845e-02  7.31141586e-03 -7.67253563e-02
  7.76663199e-02  2.00806577e-02  4.16728929e-02  9.07438574e-04
  3.73402573e-02 -1.83719136e-02  7.16644749e-02  1.01017859e-02
 -8.68480187e-03 -4.72463332e-02  3.88436811e-03 -1.72416956e-32
  4.42026444e-02  4.33367826e-02 -5.88512942e-02  1.91171523e-02
 -2.96627008e-03 -4.11019213e-02 -2.98016537e-02 -1.20815663e-02
  3.90692763e-02  2.18841359e-02  4.48287204e-02 -7.53233805e-02
  1.75127257e-02 -9.80447158e-02  2.04445068e-02  1.18122334e-02
 -5.90426810e-02 -6.38942281e-03  6.51248777e-03 -7.83724990e-03
 -3.19099873e-02  8.21738467e-02 -1.47413770e-02  3.06391288e-02
 -2.45114323e-02 -3.25861876e-03 -4.45299707e-02 -3.46863233e-02
 -2.81098559e-02 -2.02760864e-02  5.39108329e-02  2.42355186e-02
  3.45384516e-02  8.20813105e-02  4.60335845e-03 -4.57774624e-02
  1.27897069e-01 -2.92028524e-02  3.07152234e-02  1.59843341e-02
  4.75678593e-02  9.93443355e-02  3.51758003e-02  8.74259509e-04
 -4.94275019e-02 -1.14704639e-01  4.33542989e-02 -6.35047182e-02
  7.17720315e-02 -7.94354007e-02  8.51115882e-02 -9.84748825e-03
 -9.45042819e-03 -9.70146619e-03  4.18612082e-03 -9.37252957e-03
 -6.05804697e-02 -3.07380632e-02 -9.10121277e-02  7.36616645e-03
  4.48169187e-02  2.21190415e-03  3.14588547e-02  1.09707017e-03
  1.12245396e-01 -3.14289331e-02 -3.11225299e-02  8.17689672e-02
  1.88231133e-02 -5.24086766e-02  8.56492072e-02 -8.01295042e-02
  1.11405235e-02 -5.27231023e-02 -1.11835571e-02 -5.16570248e-02
  2.54919694e-04  3.33526209e-02  3.30945328e-02 -1.19111147e-02
  1.11283613e-02  1.51792793e-02 -3.59000415e-02 -4.13761474e-02
 -1.23222709e-01 -5.80795258e-02  4.11946364e-02 -6.31190697e-03
 -2.30785795e-02  5.36259711e-02 -2.98242457e-02  5.22345789e-02
  8.48002285e-02  2.50423662e-02 -1.11435223e-02 -7.22634539e-08
  7.58980401e-04 -5.64822741e-02 -4.41500470e-02  7.46509507e-02
  5.10577597e-02  2.23483983e-02 -6.14777133e-02 -7.35521540e-02
 -1.22093819e-02 -1.38178840e-02  2.37066336e-02  5.10066515e-03
 -1.11552358e-01 -4.63107368e-03 -2.35676896e-02 -6.23439997e-02
 -3.47150140e-03  1.21601954e-01 -4.55636978e-02 -4.90015978e-03
  6.44225180e-02  2.60496177e-02 -1.90776493e-03 -8.50367919e-02
 -2.93243825e-02  1.35927293e-02 -7.50622675e-02 -1.56810060e-02
  1.93133689e-02  2.46707294e-02 -1.54269654e-02  3.60547751e-02
  5.36583588e-02 -5.76851629e-02 -1.76840648e-02  1.69795435e-02
  2.48801019e-02  2.99845170e-02 -4.99840491e-02 -2.23461189e-03
  6.12815805e-02 -5.89976199e-02 -6.72529638e-02 -9.68874339e-03
 -3.03338245e-02 -4.10116315e-02 -5.32542206e-02 -1.13064107e-02
 -3.04763168e-02 -8.78526643e-02 -4.38223407e-02  1.26360105e-02
  4.67296457e-03  1.36802718e-02 -3.09622400e-02 -6.94832904e-03
  1.36456518e-02  5.33968695e-02  1.98823363e-02 -6.95138201e-02
  3.80483195e-02 -2.02791113e-03  8.78299680e-03 -2.11010426e-02]