[-3.42938974e-02  5.21587618e-02 -7.85633847e-02 -4.24760543e-02
 -1.67058017e-02  7.45177921e-03  7.83624649e-02  8.07777494e-02
  1.00612782e-01  3.12168505e-02  5.21236137e-02 -7.95529690e-03
  3.53567228e-02  2.31585372e-02 -3.30973836e-03 -7.47373775e-02
  9.81507730e-03  1.18663851e-02  2.29061837e-03  3.85488085e-02
  1.90475583e-01  2.59147547e-02 -3.35717350e-02  4.47151326e-02
 -6.70416281e-02 -5.82973436e-02 -7.50076175e-02 -1.97052639e-02
 -7.67724663e-02  7.72571890e-03 -3.93269137e-02  9.79824215e-02
  1.28332853e-01  1.81181878e-02 -5.04547469e-02 -3.03990934e-02
  5.27758487e-02 -1.25856511e-02 -1.38252624e-03  7.44825974e-02
 -9.37080607e-02 -1.26522938e-02 -7.88503215e-02  4.60863253e-03
 -2.67124660e-02  1.79813206e-02  2.11192034e-02  4.75336462e-02
 -8.09266195e-02  6.78330883e-02 -6.82994500e-02 -3.09966747e-02
 -1.88928600e-02  5.07423580e-02  6.11194782e-03 -5.85424975e-02
  7.16213370e-03 -2.71118712e-02 -5.80077954e-02  5.72645515e-02
 -2.57841740e-02  8.24145786e-03  3.83636379e-03 -2.35523544e-02
  8.43060086e-04  1.80090107e-02 -4.01774645e-02 -3.33179757e-02
 -2.11484730e-02 -2.43235976e-02  1.10066850e-02 -5.85676357e-02
  1.11406269e-02  5.80989942e-02 -1.55480057e-02  5.24943769e-02
 -2.66610142e-02  5.16235903e-02 -1.47513067e-02 -1.73398823e-01
  3.04645132e-02  2.59550642e-02 -5.66745759e-04 -1.60487760e-02
 -6.21803058e-03 -4.98662293e-02 -7.26703089e-03  9.00883693e-03
  2.18189415e-02  4.55435924e-02  1.77988391e-02 -8.06120969e-03
  1.95294563e-02 -5.20577431e-02  3.66776213e-02 -5.09123690e-02
  1.95029546e-02 -2.98320074e-02  9.37907323e-02 -4.20610420e-02
  1.82069335e-02  5.16172536e-02  4.44632508e-02  2.73496453e-02
 -8.32357556e-02 -9.74558201e-03  6.69440394e-03 -5.15819900e-02
  4.48107980e-02  1.12234332e-01 -9.20070484e-02 -1.76574439e-02
 -1.48479328e-01 -8.43500942e-02 -6.78875148e-02 -4.31533977e-02
 -1.45102125e-02 -1.74085777e-02  5.21806441e-02 -5.26728407e-02
 -9.32842027e-03  8.82283412e-03  5.14695533e-02 -3.89370322e-02
  1.76660735e-02 -5.66431768e-02  4.25498597e-02  7.48526517e-33
 -3.78633775e-02  9.03767124e-02 -6.31467625e-02  8.43638033e-02
 -1.84718259e-02  7.02914074e-02 -3.97440754e-02  4.86303912e-03
  1.92872323e-02  2.84410338e-03 -8.45996365e-02  1.19806580e-01
  1.98366283e-03 -2.71302927e-03  6.28562495e-02  4.46016714e-02
  1.72766615e-02  7.32549801e-02  2.86290664e-02 -6.98356479e-02
  4.16739145e-03  3.53525430e-02  4.15422916e-02 -2.64454149e-02
  5.77939935e-02  2.62500551e-02 -1.10694796e-01 -2.02252921e-02
  3.52352811e-03  1.59717202e-02  1.02020606e-01 -4.70438004e-02
  9.73852500e-02 -7.11272284e-02 -2.48044021e-02  1.24299247e-02
 -1.94162643e-03 -3.26319486e-02 -1.23831425e-02  2.06321041e-04
 -4.43001427e-02  5.93097787e-03  8.87134001e-02  3.07954680e-02
 -7.23871868e-04  3.22118811e-02  3.21024656e-03  4.19297516e-02
  9.83618274e-02  6.72971085e-02 -1.61834601e-02 -3.95522192e-02
 -2.65560187e-02 -2.73385202e-03  3.78237106e-02  7.68914027e-03
 -3.02801114e-02 -1.36072692e-02 -6.57534413e-03 -9.54186544e-02
 -2.26197671e-02  2.44943891e-03 -3.78046930e-03  1.02829514e-02
  7.09540723e-03 -7.14634433e-02  4.45632217e-03 -1.36133572e-02
  1.14580177e-01  2.11143345e-02 -8.61351639e-02  1.30755883e-02
 -2.56332029e-02  4.95943055e-02 -5.70884496e-02  3.14815156e-02
  8.79209861e-03  1.31168440e-02 -6.91442415e-02  4.68263254e-02
 -3.61413956e-02 -6.83899329e-04 -3.62662692e-03 -5.02046663e-03
 -2.25298498e-02  9.20350254e-02  5.25690913e-02  2.98673064e-02
 -1.83738656e-02  7.52309561e-02  6.51377812e-02  9.55878422e-02
 -4.59007770e-02  8.87237713e-02  2.86762305e-02 -9.21178132e-33
 -3.27644795e-02 -1.70513224e-02 -4.83970977e-02  2.40018684e-02
 -4.33190390e-02 -1.55170346e-02  1.55687388e-02 -2.92661954e-02
 -8.89807120e-02 -1.30704388e-01 -1.99970454e-02 -1.26981512e-01
  2.66834609e-02 -2.30660513e-02 -7.92506933e-02 -1.07668741e-02
 -7.60379210e-02 -3.67974378e-02 -2.92716250e-02  1.40636554e-02
 -3.00355069e-03 -8.96639714e-04 -4.02603336e-02 -1.88185684e-02
  3.26545015e-02 -4.03212719e-02 -5.06628044e-02 -3.70670184e-02
 -3.30077335e-02 -4.18748632e-02  1.38281956e-02 -3.28415981e-03
  5.02519775e-03  9.26384851e-02 -2.93549467e-02 -5.06193116e-02
  5.54102622e-02  7.05056544e-03  6.29943609e-03  6.88358843e-02
  5.90046197e-02  1.21828057e-01 -2.79598534e-02 -5.24455085e-02
 -9.90568176e-02 -4.44679968e-02  1.65127348e-02 -7.43981302e-02
  9.49172005e-02 -6.12262972e-02  9.38943848e-02 -8.04240033e-02
 -5.54034673e-02 -1.17087059e-01  1.41645810e-02  1.34041775e-02
 -4.50159386e-02 -2.28108894e-02 -3.84532325e-02 -1.62239149e-02
  7.68475533e-02  5.36182001e-02 -5.67678995e-02  3.92110497e-02
  6.12011850e-02 -4.74655293e-02  1.35739183e-03  1.22414872e-01
 -8.85089580e-03 -1.68456044e-02  2.04513036e-02 -9.61336866e-02
 -2.50821095e-02 -8.49303678e-02  1.86351780e-02 -7.30634481e-02
 -2.75800582e-02  1.78258400e-03 -4.67500836e-02  4.11518365e-02
 -1.78669058e-02  3.43542434e-02 -1.90458354e-02  2.85138153e-02
  1.24204969e-02  1.67406946e-02 -2.09955890e-02  3.62957045e-02
  7.38674961e-03 -1.47608863e-02 -1.13413997e-01  5.94248064e-02
 -6.09571487e-03  3.01523376e-02 -3.12280394e-02 -6.16525639e-08
  2.17711609e-02  2.96589249e-04  4.21463512e-02 -2.10772622e-02
  3.12982053e-02 -4.81474213e-02 -2.13094261e-02  7.44516924e-02
 -1.08782295e-02  2.89869476e-02 -3.76229323e-02 -4.41750698e-02
 -1.41859099e-01 -1.47392834e-03  5.17638437e-02 -5.87572679e-02
  3.19585465e-02  1.88271492e-03  2.50178250e-03 -5.98108359e-02
  3.11786681e-02 -5.09600621e-03 -8.91666561e-02 -2.40738615e-02
  3.70625556e-02 -4.69688624e-02 -1.49652828e-02  1.88678559e-02
 -2.99733528e-03  4.19341475e-02 -5.44574484e-02 -2.15410022e-03
  3.69236879e-02 -1.81779582e-02 -2.10517813e-02  1.12298010e-02
  1.23534547e-02  1.62091088e-02 -3.37530412e-02  2.63114944e-02
  5.71599938e-02  8.58337989e-06 -4.50924970e-02  2.20120568e-02
  2.00057472e-03 -1.52709568e-02  1.22449361e-02  7.16929585e-02
 -3.18138376e-02 -3.68689038e-02 -5.03643900e-02 -1.60571542e-02
  9.19959396e-02  8.20705667e-02 -5.90150096e-02 -5.38326502e-02
  1.47206178e-02  3.24230827e-02  3.06885932e-02 -2.85681207e-02
  8.89984816e-02  2.60397885e-02  3.39511745e-02 -8.74255504e-03]