[-6.12939857e-02  3.70851830e-02 -7.37919062e-02  2.16063764e-03
 -1.00073302e-02  1.43245216e-02  3.87775898e-02  1.00503057e-01
  4.09869775e-02  1.09481756e-02  9.76198614e-02 -4.10097949e-02
 -7.26297544e-03 -1.55805964e-02  2.80521205e-03 -5.79337403e-02
  4.59063740e-04  3.04798619e-03  8.06371495e-03  3.77040654e-02
  1.59210041e-01 -8.98684189e-03 -2.19631400e-02  3.79994065e-02
 -2.96815913e-02 -1.53879356e-02 -4.03723307e-02 -1.45571027e-02
  1.63371712e-02 -3.52940224e-02  6.04940206e-02  6.51766658e-02
  1.31643400e-01  9.74523253e-04 -2.91081052e-02 -2.96601411e-02
  5.48558719e-02 -1.17449742e-02 -3.01876254e-02  7.99749196e-02
 -5.98133095e-02 -6.85049221e-02 -1.03656061e-01 -1.99500918e-02
 -1.88873913e-02 -1.56233518e-03  2.50926353e-02  6.74593449e-02
 -1.06494531e-01  4.04603332e-02  1.62855256e-02  1.60220508e-02
 -2.87328730e-04  4.14214693e-02 -3.71222533e-02 -8.35358202e-02
  2.34476291e-02 -3.04741729e-02 -2.36883033e-02  7.46171474e-02
 -3.49777900e-02  2.01244522e-02 -4.82319556e-02  9.76052601e-03
 -5.22020878e-03  2.47275028e-02 -3.14854109e-03  2.57247351e-02
  2.74732877e-02 -2.98173595e-02  5.21093234e-02 -3.97476852e-02
 -1.24291936e-02  2.61099618e-02 -1.17808569e-03 -6.84414478e-03
 -1.29558565e-02  3.42664262e-03 -8.36762483e-04 -1.25315964e-01
  3.34888622e-02  4.06767949e-02 -3.09967808e-02 -6.12418763e-02
 -1.24130240e-02 -3.91023830e-02  1.22845527e-02  4.49545048e-02
  1.21689867e-02  2.72751600e-02  6.06763037e-03  1.59385670e-02
 -3.70822772e-02 -2.02659015e-02 -2.89061312e-02 -8.03683233e-03
  6.24823559e-04  3.66695598e-03  6.09656833e-02 -4.92498372e-03
  2.59106653e-03  2.99370326e-02 -2.77049616e-02  3.16447802e-02
 -8.30951110e-02 -4.35095020e-02 -1.03368219e-02 -5.07986471e-02
  1.41218556e-02  1.61175475e-01 -1.04864880e-01 -3.60417999e-02
 -1.13472305e-01 -8.29260349e-02  2.20647305e-02  2.60011032e-02
 -1.03130996e-01  1.21845044e-02  6.39471933e-02 -4.69138324e-02
  1.63007360e-02 -5.08676171e-02  1.07534751e-02 -6.00575171e-02
  5.16292127e-03  1.12249386e-02  8.58504847e-02  1.23645284e-32
 -9.58457813e-02 -1.20461164e-02 -6.19195700e-02  3.42879929e-02
 -3.89020219e-02  8.27966109e-02  2.46113483e-02  7.43939131e-02
  6.95261881e-02  3.51857627e-03 -4.09705415e-02  1.01743869e-01
 -4.23918255e-02  1.70912053e-02  8.15460905e-02  1.23060197e-02
  5.61960489e-02  2.42007822e-02  1.02210425e-01 -1.27779774e-03
  1.73785184e-02  4.84994128e-02  1.02494219e-02  1.07808132e-02
  3.52180228e-02  1.63948629e-02 -1.02073967e-01 -2.01705545e-02
  4.96195406e-02  1.38011286e-02  1.50009960e-01 -2.78760586e-02
  3.04828472e-02 -6.58681318e-02 -2.21196506e-02 -3.16795334e-02
  1.58721916e-02  1.50801968e-02  2.84310412e-02 -5.02973162e-02
 -2.78820680e-03 -9.49461292e-03  3.72198410e-02  4.38832864e-02
  3.59664932e-02  7.60690076e-03  6.24565259e-02 -5.49132563e-02
  3.72850932e-02  6.31026775e-02 -2.36516986e-02  1.55344289e-02
 -3.40442695e-02 -4.32608016e-02 -3.23605500e-02 -1.74026061e-02
 -9.97174084e-02 -8.29382539e-02 -3.31622437e-02 -1.00836448e-01
  2.08029151e-02  2.54821647e-02  5.69596663e-02 -5.00860363e-02
 -4.67879772e-02 -7.84680620e-02  3.66302170e-02 -2.62560826e-02
  7.97199607e-02  4.34852242e-02 -7.58132786e-02  3.67823523e-03
 -1.04662679e-01 -4.49734256e-02 -2.94090388e-03 -2.73594912e-02
  3.47218886e-02  2.92658489e-02 -2.16164459e-02 -4.49089408e-02
  1.92622915e-02 -5.25771827e-02  7.31031829e-03  1.09828860e-02
  6.21772967e-02  1.37707502e-01  4.03341427e-02  3.82719375e-02
  2.18430459e-02  9.59904119e-02 -1.11208288e-02  6.14602342e-02
 -6.53596371e-02  6.97858408e-02  1.07861280e-01 -1.42709393e-32
  2.96474658e-02 -9.41963494e-03 -4.69861962e-02  1.83716062e-02
  2.35950518e-02 -1.94887891e-02 -3.24724205e-02 -6.13167533e-04
 -7.81462342e-03 -6.84601441e-02 -1.14763334e-01 -9.29724053e-02
 -1.36343110e-02 -1.27815222e-02 -7.11182207e-02  9.17298626e-03
 -6.31780699e-02  2.99831536e-02 -4.53402586e-02 -4.16963883e-02
 -7.20278993e-02  7.61934817e-02 -6.60261139e-02 -2.68823840e-02
  1.01753101e-02 -3.43247503e-02 -3.91378775e-02 -6.80708885e-02
  1.20669287e-02  5.30958548e-03  1.48238149e-02 -1.95342544e-02
  4.00956012e-02  9.20916870e-02 -7.72195160e-02 -5.04926145e-02
  6.04400113e-02 -2.28504799e-02 -6.12697527e-02  3.46746296e-02
  2.13541985e-02  1.21468075e-01 -2.68703885e-02 -3.80026884e-02
 -7.80075267e-02 -3.10575012e-02 -2.53845863e-02 -5.90493456e-02
  4.51235212e-02  3.67378891e-02  1.02968380e-01 -4.03337814e-02
 -8.52110907e-02 -7.24336132e-02 -2.03241166e-02  6.92197541e-03
  9.27574350e-04 -8.35684314e-02 -5.39780781e-02  3.54784745e-04
  5.65269627e-02  3.76552008e-02 -1.10228345e-01 -6.38016090e-02
  1.07748926e-01 -7.92140141e-02  6.03089780e-02  6.75754398e-02
  1.63819827e-02 -4.10158075e-02  4.02893052e-02 -5.40607460e-02
 -7.04326183e-02 -9.77563411e-02  5.13346866e-03 -5.76682836e-02
 -3.70681323e-02  2.72865016e-02 -2.60122400e-02  2.14600880e-02
 -8.10789093e-02 -9.29896371e-04 -9.80301178e-04  1.41586014e-03
 -5.89888655e-02  2.62709223e-02  1.57437902e-02  3.40376198e-02
 -2.97940262e-02  1.27677778e-02 -4.55510914e-02 -1.16532100e-02
  3.18540167e-03  3.29023637e-02 -2.18040515e-02 -6.36781508e-08
  4.51938435e-02 -8.36295113e-02  7.13797212e-02 -3.43683176e-03
  8.66123065e-02 -4.94055562e-02  2.46986244e-02  7.76625574e-02
 -2.55665872e-02 -3.10392398e-02  2.11410783e-02 -1.51495803e-02
 -7.95169473e-02  1.37100753e-03  2.79535837e-02 -3.28393057e-02
  2.13887710e-02  2.32190057e-03 -3.64611298e-02 -6.53176308e-02
  6.76047727e-02 -2.83127967e-02 -8.64111036e-02 -6.80447835e-03
 -2.16744631e-03 -5.62783144e-02  2.60312185e-02  5.95268346e-02
 -2.44195038e-03  4.96799648e-02 -1.94800384e-02 -3.38957906e-02
  5.36978282e-02 -2.88223717e-02  2.58445181e-02 -2.34446395e-02
  1.25755686e-02 -1.87970325e-02 -5.56239374e-02 -4.56812307e-02
  7.68650100e-02 -4.78807092e-02  7.59486994e-03  2.54858565e-02
  2.06018873e-02  1.20428368e-03 -4.24622297e-02  8.23785830e-03
 -1.96796861e-02 -7.72511680e-03 -1.06090613e-01  5.61543601e-03
  7.65746459e-02  7.01408088e-02 -5.40772043e-02 -4.17699553e-02
 -1.54898548e-02  1.76609308e-02 -4.48281923e-03 -5.87269515e-02
  1.21952951e-01  1.59044918e-02  2.81736515e-02 -3.03166248e-02]