[ 3.83960716e-02  3.49798501e-02  5.13832131e-03 -8.09468254e-02
 -1.10028490e-01 -3.98732238e-02  4.85979468e-02  1.36989310e-01
 -1.18353376e-02  5.64425997e-02  6.63631484e-02  2.05328763e-02
 -7.39022568e-02 -3.48854880e-03 -1.05650067e-01 -5.52043989e-02
  3.51509377e-02 -1.42406079e-03 -4.46351171e-02  1.16299000e-02
  1.72818750e-01 -1.15332147e-02 -2.17928030e-02  2.81380657e-02
  2.16309258e-04 -1.16370311e-02 -1.38524219e-01  3.67923677e-02
  7.40032829e-03 -5.40646724e-02 -3.02390512e-02  9.74096507e-02
  7.06733987e-02 -8.69938508e-02  2.96073779e-02 -6.00242289e-03
  3.97064053e-02 -1.03215002e-01  4.86628301e-02  9.18090716e-02
  1.36513663e-02 -6.53090850e-02 -3.98971178e-02  7.24978454e-04
 -2.45587938e-02 -2.05697306e-02 -5.72612882e-02  5.73976934e-02
  5.50397933e-02 -1.01569137e-02  9.87173337e-03 -9.96305374e-04
 -2.43598539e-02  5.45249023e-02 -3.08073964e-02 -9.38391685e-02
 -1.21671461e-01 -2.48608012e-02  1.47857126e-02  2.16001272e-02
 -2.32259603e-03  5.12472019e-02 -6.28549010e-02 -3.35369222e-02
  5.01905978e-02  1.93527788e-02 -2.02416489e-03 -1.26699924e-01
 -8.79866853e-02  5.58699183e-02  5.95830604e-02  6.80524297e-03
  6.62887543e-02  3.53983194e-02 -7.40175024e-02  4.08786833e-02
  3.64923710e-03  6.40473235e-03  1.97824501e-02 -1.40371367e-01
  3.29571143e-02  1.71749294e-02  3.91161442e-02 -1.62915215e-02
  1.59444064e-02  1.17667969e-02 -1.13947578e-02  3.72750722e-02
  4.15197015e-02 -2.72448584e-02  9.52470750e-02  4.24141921e-02
 -9.02815685e-02 -4.08723950e-02 -8.15061480e-02 -8.85129266e-04
 -2.68510152e-02 -2.55201589e-02  3.53768207e-02  1.84389129e-02
  7.88996071e-02  2.23531239e-02  1.99507959e-02 -3.17074358e-02
 -4.45874557e-02  1.80829093e-02  3.64465006e-02  2.55450029e-02
  1.32473353e-02  5.52150607e-02 -1.13596946e-01 -1.29529973e-02
 -3.04016881e-02 -3.15999463e-02 -1.20063543e-01  5.61501123e-02
  1.98654085e-02 -3.95034440e-02  4.66723554e-03 -3.96544039e-02
 -2.06783996e-03 -3.35573708e-03  9.18197930e-02  1.95924435e-02
 -2.74260202e-03 -4.06600684e-02  2.06797216e-02  1.92052443e-32
 -5.50931059e-02 -5.35364524e-02  1.04145154e-01  2.78497525e-02
 -1.79449506e-02 -3.86295430e-02 -5.47277331e-02 -6.70009181e-02
  3.07326820e-02  2.63227266e-03 -1.51572630e-01 -3.77564109e-03
 -2.59823576e-02  2.81836651e-03  9.90624428e-02 -1.21887652e-02
  8.24529156e-02 -1.62976813e-02  1.11820577e-02 -3.46605144e-02
 -4.31631394e-02 -5.30804358e-02  2.84396671e-02  3.71485250e-03
  6.59881905e-02  1.05738796e-01 -5.82578927e-02 -1.15522090e-02
 -2.00753454e-02  8.76842067e-02  8.17196444e-03  3.95447575e-02
 -2.03533918e-02 -4.96732965e-02 -5.71215264e-02  9.14642215e-03
  2.85726264e-02 -1.96315721e-02 -4.84705232e-02  1.59409903e-02
 -2.14760695e-02  1.26608675e-02  4.96220924e-02  2.62070987e-02
  4.91503440e-02 -3.55005935e-02  5.22207841e-02  1.13279615e-02
  1.50886476e-01  7.11227804e-02 -9.78950411e-02 -1.40115200e-02
 -1.12841157e-02 -4.47138697e-02 -3.37227471e-02  2.89189164e-02
 -3.95819210e-02  3.55273783e-02 -1.22500360e-02 -2.60562566e-03
  3.09139565e-02  2.12278981e-02  1.96303837e-02 -5.45752794e-03
 -4.08484787e-02 -2.63968036e-02 -3.54799479e-02 -6.94237277e-03
  5.62411956e-02  3.68433967e-02 -6.75406158e-02 -5.77195995e-02
  4.11857590e-02  8.47496465e-02  3.36157084e-02  2.25165039e-02
  6.75624087e-02  3.19963284e-02 -8.52312241e-03  2.51904316e-03
 -2.38607116e-02  5.53570036e-03  1.28731215e-02 -7.10081160e-02
  9.94601548e-02  5.08201830e-02  3.81683856e-02  7.65575320e-02
 -4.56947275e-03  2.73313690e-02  4.87676486e-02  9.79370717e-03
  1.00645516e-02 -1.74452756e-02 -8.71801935e-03 -1.78672658e-32
  2.20034476e-02  1.19061492e-01 -4.00941372e-02 -2.41736826e-02
 -6.86909407e-02  3.29634063e-02  3.69501114e-02  1.89372804e-02
  1.14186676e-02 -1.75612420e-02  1.00755058e-02 -9.34402645e-03
  1.22071363e-01 -6.82287514e-02 -5.65548846e-03  3.85255180e-02
 -6.38639107e-02 -2.58569811e-02 -2.38986388e-02 -2.82841828e-02
 -2.93417089e-02  4.72672395e-02  2.42557060e-02 -2.04312452e-03
  1.43927550e-02  3.33057763e-03 -1.45532778e-02 -2.93267630e-02
 -6.95634410e-02 -8.06425046e-03  9.78391618e-03 -2.12044585e-02
 -5.91443200e-03  5.29569797e-02 -2.13487428e-02 -9.13893953e-02
  2.01699063e-02  5.63152246e-02  4.04596478e-02  4.90936749e-02
 -5.14616119e-03 -1.76231079e-02  1.19892441e-01 -1.96911562e-02
 -9.04567353e-03 -6.85819462e-02  6.53090924e-02 -1.03218049e-01
  2.31662169e-02 -6.80947080e-02  5.90050220e-02  3.59424800e-02
 -9.56347659e-02  5.99590242e-02  1.16150796e-01  4.79282113e-03
 -2.14426722e-02 -5.03860600e-02 -1.43891856e-01 -2.14971472e-02
  3.61385271e-02  5.55696748e-02 -9.33093019e-03 -5.54677844e-02
  1.41580269e-01 -1.47644139e-03 -7.14348257e-02 -4.69109043e-02
  2.14686096e-02  1.97279528e-02  1.71770733e-02 -8.35907608e-02
  7.55706662e-03 -4.70378771e-02 -3.11356522e-02 -4.56141308e-02
  1.40245794e-03  2.53874380e-02  2.14426704e-02  2.57579871e-02
 -6.98391274e-02 -1.99343115e-02 -1.85437705e-02  1.17979273e-02
 -9.05101299e-02 -1.10604897e-01  5.09243570e-02 -1.63567085e-02
 -2.25328673e-02  6.62662685e-02 -2.66667902e-02  6.51137158e-02
  5.59986271e-02  4.76323590e-02 -1.59635693e-02 -7.32676995e-08
  4.89761420e-02 -2.88636368e-02 -3.28233726e-02  1.99786238e-02
  2.30243690e-02 -4.94209044e-02 -5.79165965e-02  2.15133782e-02
 -4.31944542e-02  1.81690436e-02 -2.00356767e-02  6.13645613e-02
 -5.20811900e-02 -2.20447425e-02 -5.99154606e-02 -2.29167473e-02
  7.98291154e-03  7.73406997e-02 -6.81315958e-02 -6.72026575e-02
  3.63962874e-02 -5.12978397e-02  5.11066988e-03 -3.55541781e-02
  6.38380926e-03 -7.96815846e-03 -2.05791630e-02  2.13448405e-02
 -1.71226226e-02 -1.66894607e-02  2.76911724e-03  3.38219223e-03
 -2.20338032e-02 -6.37382194e-02 -3.29279117e-02  3.69019210e-02
 -5.51410727e-02  5.01306504e-02  2.79591861e-03  4.43138666e-02
  7.18585551e-02 -7.80126378e-02  7.93538149e-03  1.72474999e-02
  6.17561340e-02  6.99447235e-03 -7.37282485e-02  4.63159494e-02
 -1.88960433e-02  8.96294694e-03 -5.67338318e-02  6.91472972e-03
 -2.08252016e-03  2.75857863e-03  3.19716893e-03 -3.06640603e-02
  2.46352218e-02 -2.34387983e-02  2.33878549e-02  4.75962609e-02
 -3.46419849e-02  1.90060511e-02  1.62320342e-02 -4.95852605e-02]