[-7.19556510e-02  5.14386669e-02 -1.55061660e-02 -5.02066314e-02
 -2.16612890e-02 -7.63695966e-03  6.64582625e-02  9.98472050e-02
  6.99841604e-02  6.83023110e-02  5.95630631e-02 -4.14842479e-02
  3.24406512e-02 -4.35105013e-03  2.37075631e-02 -3.70764509e-02
  7.94934854e-03  6.23376900e-03 -4.73391125e-03  5.66726141e-02
  1.14457279e-01 -9.12641510e-02 -5.29860742e-02  3.40719782e-02
 -6.42838255e-02 -3.18801869e-03 -4.76419702e-02  1.44294240e-02
 -2.88931690e-02 -4.67270799e-02 -6.34279028e-02  4.80277948e-02
  6.72180951e-02  2.07651965e-02 -2.59091463e-02 -9.38989595e-03
  3.32193524e-02 -4.50933091e-02 -3.94828953e-02  7.82918185e-02
 -8.11428800e-02 -2.70915255e-02 -8.01877007e-02 -9.43492278e-02
 -2.30056718e-02 -2.96051186e-02  5.66842183e-02 -3.64236021e-03
 -5.96629791e-02 -2.37024594e-02 -2.24039126e-02 -8.88500456e-03
 -4.53591086e-02 -5.10019017e-03  1.42627023e-02 -3.90844941e-02
 -2.22266000e-02 -5.15317991e-02  4.19695489e-02 -2.41341139e-03
 -2.39268206e-02 -8.40119831e-03 -5.09546958e-02  1.84877049e-02
  5.94854653e-02  1.44315269e-02 -2.25275885e-02  3.03028226e-02
 -4.13431488e-02  2.21100822e-02 -1.06468238e-03 -8.11268911e-02
  9.81675833e-03  2.81242691e-02 -3.73415537e-02  1.05172411e-01
  9.70342103e-03  6.01321505e-03 -2.77352199e-04 -1.62859499e-01
  8.42320248e-02  5.98801076e-02 -1.95510015e-02 -4.27144095e-02
  3.78297130e-03 -2.13762149e-02 -1.52393244e-02  8.05755332e-03
  4.52722050e-02  3.66676264e-02 -4.58986983e-02  1.11825783e-02
 -6.12941086e-02 -5.08147478e-02  5.24151996e-02  1.65785030e-02
  3.06427036e-03 -5.47440834e-02  4.42795604e-02 -3.97810452e-02
  7.58173242e-02  5.66425212e-02 -2.09480245e-02  6.04867227e-02
 -5.50356433e-02 -5.77973798e-02 -2.93960469e-03 -6.62259609e-02
  2.58987341e-02  1.17601380e-01 -7.12609962e-02 -8.23266730e-02
 -1.03838705e-01 -9.58792120e-02 -6.54757544e-02 -9.28625930e-03
 -7.94388056e-02  6.43452164e-03  4.90771383e-02 -6.88878894e-02
  1.53222717e-02 -2.41719708e-02  3.64923105e-02 -6.59266813e-03
  8.66278857e-02 -4.82922979e-02  4.42371070e-02  9.19156281e-33
 -1.10394983e-02 -4.03329246e-02 -2.88060773e-02  7.99577236e-02
 -3.41413356e-02  4.17816490e-02 -6.89702705e-02  3.44242416e-02
  6.16360269e-02  6.60156608e-02 -6.53498620e-02  7.54354894e-02
 -2.32331245e-03  4.60144132e-02  1.08424373e-01 -2.76583117e-02
  7.56732896e-02 -2.59722546e-02  2.12599616e-03  2.42032018e-03
 -3.93990688e-02  9.37116705e-03  1.66979840e-03 -1.24403590e-03
  5.02021909e-02  8.66790954e-03 -5.58716729e-02 -2.41650995e-02
 -1.12242088e-01  3.64739597e-02  8.38825405e-02  1.61259361e-02
  2.84420550e-02 -1.29152657e-02  1.33088399e-02 -4.91425395e-02
  8.24745744e-03  2.33833957e-02  1.12869767e-02 -4.41047996e-02
 -5.93891516e-02  1.40239336e-02  4.92203720e-02  8.95384140e-03
  3.29616182e-02 -3.49725969e-02  5.85027300e-02 -2.88806260e-02
  9.33775604e-02  3.82798724e-02 -1.21876616e-02  6.29882095e-03
 -3.67179178e-02 -7.16443360e-02  3.38715538e-02  1.96825601e-02
 -8.29058662e-02  2.04149317e-02 -1.14843389e-02 -3.26841138e-02
 -5.46042025e-02 -4.35182219e-03 -2.65626367e-02  3.01460968e-03
 -3.14865857e-02  1.70570910e-02 -4.76260334e-02 -1.21744815e-03
  1.04578644e-01  6.88216090e-02 -5.18757999e-02 -1.16851330e-02
 -1.76680647e-02  2.01211963e-02  7.08940998e-03  6.27076775e-02
  1.38677368e-02  5.20694330e-02 -7.87765011e-02  6.89733997e-02
 -5.65733947e-02 -2.17060540e-02  2.08320059e-02 -3.64471832e-03
  3.41837034e-02 -8.22603423e-03  7.12831095e-02  5.16823754e-02
  3.26725245e-02  1.23419620e-01  1.06550716e-02  9.55398604e-02
 -3.99772152e-02  3.26838903e-02  2.97373626e-02 -1.18899953e-32
  6.28660992e-02  4.92850691e-02 -7.45011866e-02 -6.22784272e-02
 -6.98365225e-03 -4.17162385e-03  2.11964697e-02 -7.48995692e-02
 -6.54603988e-02 -6.08416200e-02 -3.73593532e-02 -6.09832928e-02
  4.20046709e-02 -5.77472523e-02 -8.64637792e-02 -4.61410295e-04
 -8.88374448e-02 -2.93177422e-02 -2.47618109e-02 -5.92825189e-03
 -2.36839298e-02  9.24105756e-03  5.63067682e-02 -6.47489652e-02
  5.23329638e-02 -5.66062704e-02 -6.83502704e-02  1.62493940e-02
 -5.95727153e-02 -1.92474108e-02  2.03388780e-02  1.96549725e-02
  2.57913768e-02  1.30171821e-01 -5.89421019e-03 -2.31505893e-02
  5.89562058e-02 -1.80299021e-02 -1.71467941e-02  5.32356054e-02
  7.83079714e-02  8.72353613e-02  9.34919622e-03 -3.04634776e-02
 -2.84953974e-02 -2.44795997e-02 -3.43334973e-02 -1.12006694e-01
 -3.97504121e-03 -1.45868734e-01  1.18613429e-01 -3.42852771e-02
 -2.60063242e-02 -4.23541181e-02  8.43145922e-02  4.05076519e-03
 -5.52390926e-02 -7.50336796e-02 -3.86314616e-02  1.08320666e-02
  1.46252587e-01  2.00584643e-02 -1.59941968e-02 -2.46914700e-02
  3.77078503e-02  9.57419339e-04 -9.08796303e-03  4.78365682e-02
  9.01339110e-03  4.72893333e-03  8.97299424e-02 -1.03666924e-01
 -2.98068952e-02 -4.29947227e-02 -2.59500388e-02 -5.34931272e-02
  9.38247889e-03 -1.97437312e-02 -2.98400386e-03  1.87242217e-02
 -1.26886636e-01 -1.41072378e-03 -2.96229087e-02 -4.28471006e-02
 -8.21420699e-02  1.55733347e-01  2.21266765e-02  3.36563364e-02
 -3.30699496e-02  6.24441616e-02 -7.18765557e-02  4.77224551e-02
  2.39139404e-02  5.41208349e-02  2.66158790e-03 -6.18855154e-08
 -2.40683258e-02 -3.71759012e-02  6.74524605e-02  4.75047454e-02
  1.03714205e-02 -5.82985021e-02  3.97969410e-02 -5.83090335e-02
  3.51728089e-02  3.60073000e-02 -9.42971371e-03 -3.08109056e-02
 -5.11027314e-02  3.25429663e-02  2.42190436e-02 -3.32308002e-02
  3.79486308e-02  4.66519594e-02 -4.99360673e-02 -3.48337367e-02
  8.11996460e-02 -2.03082804e-02 -9.61756483e-02 -1.01917293e-02
  1.43788243e-02 -2.58520339e-02 -5.30179180e-02 -5.75172901e-02
  5.27168531e-03  8.64765868e-02 -2.98979804e-02 -5.63131571e-02
  1.74472090e-02 -1.27796754e-01 -3.77606675e-02 -2.17347275e-02
  1.59669314e-02 -2.65782233e-02 -2.97710374e-02  1.41934957e-02
  8.54701847e-02 -3.53493132e-02 -2.91669331e-02  1.52175594e-02
  1.30883437e-02  7.42715551e-04  5.36657078e-03  4.37788032e-02
 -5.90820163e-02 -3.20695564e-02 -3.39371711e-02  6.61209505e-03
  3.24941166e-02  3.61952670e-02 -1.37106073e-03 -6.80265129e-02
  5.21805361e-02  9.53569915e-03 -4.55611832e-02 -5.01299948e-02
  6.81814253e-02  4.77532819e-02 -1.76867787e-02 -3.62585373e-02]