[-4.68946919e-02  2.44090576e-02 -6.46822825e-02 -4.45251130e-02
 -3.85127179e-02  4.42500934e-02  9.07272380e-03  7.14754984e-02
  1.13016088e-02  2.03986298e-02  4.80246246e-02 -6.77152649e-02
 -1.99116934e-02  2.76233181e-02 -6.67240992e-02 -3.52254361e-02
 -2.14576982e-02  5.08784540e-02  2.32748389e-02  7.85145536e-02
  4.52651605e-02 -3.80574055e-02 -3.72153372e-02  1.30151510e-01
 -7.23439902e-02  2.98146401e-02 -5.56122959e-02 -1.26476297e-02
 -9.31286961e-02 -5.20951264e-02 -8.48339126e-02  3.97147983e-02
  2.81887203e-02 -9.72333457e-03  1.18923485e-02 -1.07703790e-01
 -4.62756678e-02  2.12414432e-02 -9.76500381e-03  4.89967428e-02
 -7.51805976e-02 -4.28582169e-02 -9.28198025e-02  8.79101548e-03
  2.49279514e-02 -4.15072329e-02  1.29452087e-02  1.71850771e-02
 -1.03021776e-02 -5.99167533e-02 -1.16845928e-01  5.72975948e-02
 -1.69560090e-02 -7.74188042e-02 -3.84209044e-02 -8.24298859e-02
  1.99763267e-03  3.14415693e-02  2.67762598e-02 -2.69897785e-02
  3.71642411e-02  1.04396744e-02 -3.89969796e-02  4.78159674e-02
 -1.83677133e-02  9.71610937e-03 -5.66501208e-02 -8.07432160e-02
 -7.35450983e-02  5.17684594e-02  4.86647598e-02 -7.13543743e-02
  1.71393529e-02 -3.57878655e-02 -1.99129805e-02  7.05425963e-02
  8.71486263e-04  5.25917895e-02 -7.97813386e-02 -9.50224847e-02
  4.90408838e-02 -7.73141980e-02 -5.26836589e-02  5.50153991e-03
  6.74864873e-02 -2.36127414e-02 -8.49013377e-05 -3.24791558e-02
  1.27109615e-02  3.17798443e-02 -2.71607433e-02  6.89591616e-02
 -1.50895631e-02 -2.22994713e-03  7.78318644e-02  1.41061364e-05
  7.43963644e-02  4.21317928e-02  8.00330564e-02  4.27353457e-02
  7.53752813e-02  4.39444371e-02 -8.32400396e-02  7.38370419e-02
 -7.04765990e-02  5.71558028e-02  4.84467521e-02 -1.05180733e-01
  4.08017039e-02  9.15634166e-03 -5.06174378e-02 -5.76985301e-03
 -2.86921989e-02 -5.37540652e-02 -6.97734356e-02  4.88268733e-02
 -4.66672480e-02  3.94697264e-02  5.81650883e-02  2.72923242e-02
 -1.10267429e-03 -1.11276709e-01 -1.11595364e-02  1.70510504e-02
  5.47545291e-02 -6.26572296e-02  7.14261904e-02  1.24680689e-32
 -1.68698821e-02 -7.04471916e-02 -5.64376498e-03  7.39119574e-02
  8.12414363e-02  2.15513948e-02 -1.14214160e-01 -3.49953920e-02
 -1.79208647e-02 -4.13588174e-02 -7.14121684e-02  3.02948020e-02
 -6.37046471e-02 -3.90119068e-02  9.40987617e-02  8.68360996e-02
 -3.58830765e-02 -7.24126846e-02 -6.49853498e-02 -6.55284151e-02
  4.13053632e-02 -1.78290568e-02 -2.53639985e-02 -1.73259818e-03
 -9.58849490e-03  1.55469865e-01 -7.26714209e-02 -5.59225529e-02
 -5.65379858e-02  5.66132069e-02 -8.35501850e-02  5.40982001e-03
 -6.52846918e-02  2.28934269e-02 -9.19366162e-03 -5.83585575e-02
 -3.09680067e-02 -4.61432263e-02 -3.16767283e-02  7.04580471e-02
 -1.20442929e-02 -6.91398687e-04  2.63200961e-02 -1.07124358e-01
 -2.09037643e-02 -1.00075977e-03  2.27156430e-02  8.14589635e-02
  7.56035522e-02  4.44738306e-02  4.13385667e-02 -7.72937089e-02
 -2.20684521e-02 -3.57821509e-02  1.38632227e-02  3.19459476e-02
 -5.84440641e-02  4.18895036e-02 -1.09129623e-02  1.27585996e-02
 -2.38652043e-02  1.51504157e-02 -3.95190204e-03 -1.69751104e-02
 -8.30977559e-02  8.93048421e-02 -6.78710863e-02  2.75436454e-02
  1.04100466e-01  1.45682339e-02 -5.71717508e-02 -1.46657815e-02
 -3.91327068e-02 -1.11452555e-02  2.92455684e-02 -1.09563256e-02
  5.84826693e-02  4.41622622e-02 -7.72564933e-02  3.53196636e-02
 -8.16070959e-02  7.45315803e-03 -1.14179794e-02 -3.03480052e-03
  5.02489209e-02  4.11388651e-02  6.86343461e-02  2.34714635e-02
  3.76007743e-02  8.10919851e-02 -2.65951976e-02  1.80972628e-02
 -1.62115172e-02  2.48193624e-03 -2.48904899e-03 -1.34933204e-32
 -6.30073994e-03 -5.35566080e-03  2.68231239e-02  1.75077543e-02
 -6.87932037e-03 -4.20370791e-03 -1.05535127e-02 -1.25648351e-02
  5.92767000e-02 -1.05860986e-01 -4.85181883e-02 -6.59770072e-02
  9.62707996e-02 -4.63308021e-02 -2.90638432e-02 -1.51133146e-02
  2.11329591e-02 -3.09548751e-02 -1.06032811e-01 -1.62203086e-03
  8.99786800e-02 -3.13229263e-02 -2.19143387e-02 -1.59226321e-02
 -2.65261196e-02 -3.97013826e-03  9.77212843e-03  3.08906119e-02
 -5.06033786e-02 -2.18118820e-02 -1.74234054e-04  3.81296091e-02
 -9.33680125e-03  7.33333454e-02 -2.38273963e-02  8.12742934e-02
  8.23836997e-02  4.41282801e-02 -7.17827827e-02  1.19253285e-01
  2.47483924e-02  2.83178426e-02  2.93796174e-02 -1.51339211e-02
 -6.83624763e-03 -2.04285849e-02 -3.51253115e-02 -2.19446607e-03
  2.23703273e-02  1.30866980e-02  9.46538076e-02 -4.41796258e-02
 -4.87465300e-02  6.23035766e-02  2.25246251e-02 -1.26577523e-02
  3.26768830e-02 -7.48352781e-02  1.01518380e-02  2.53502335e-02
  8.41427818e-02  9.41920951e-02 -8.94520879e-02 -3.00611388e-02
  2.88760364e-02 -4.73470464e-02 -9.09001529e-02  5.37318103e-02
  2.58442815e-02  5.34584522e-02  1.94811448e-03 -5.30504249e-02
 -3.93085741e-02  6.06739409e-02 -4.76514138e-02 -3.49323787e-02
 -7.10583702e-02  2.63051856e-02  4.05594707e-02 -6.21767773e-04
 -5.42030111e-02 -2.28712019e-02  5.07745519e-02  8.20680410e-02
 -1.33581217e-02  8.97244960e-02 -2.15503424e-02 -6.36110157e-02
  3.02168634e-02  2.98202727e-02  1.15765810e-01  8.88196453e-02
  8.30807462e-02  7.34954402e-02 -3.63962874e-02 -6.52042829e-08
  1.91726889e-02 -1.88018568e-02  7.62819313e-03  6.42394945e-02
  1.68718863e-02 -5.05936481e-02  6.02612421e-02 -6.10247888e-02
 -3.98066416e-02  2.15040147e-02  8.83395597e-02 -3.26946191e-02
  2.34238151e-02  5.13876090e-03 -2.82895472e-02 -1.20398588e-02
  2.68706959e-02  4.33102734e-02 -2.63788160e-02 -1.07583124e-02
  2.94901710e-02 -2.37162337e-02 -4.20181304e-02 -8.16132650e-02
  1.01394225e-02 -5.46226166e-02 -5.33791557e-02 -3.31927687e-02
 -3.07333935e-03 -1.78757273e-02 -6.88060969e-02  3.63449357e-03
  7.45017305e-02 -5.88921160e-02 -1.92105882e-02 -1.71168316e-02
 -1.45506123e-02  3.75854112e-02 -7.35932589e-02 -5.12341112e-02
  6.48034737e-02  1.22576784e-02 -6.17401749e-02 -6.60388730e-03
  6.62173927e-02  3.66934179e-03 -4.10810709e-02 -3.70954424e-02
 -2.09605601e-02  1.03315841e-02  2.75581852e-02  1.32453544e-02
  5.92304058e-02  1.04453415e-01 -6.63260184e-03  1.35303987e-03
 -6.13528863e-03  5.19764610e-02 -2.99788769e-02 -9.63943824e-02
  2.68863956e-03  3.92313004e-02 -1.79269873e-02  5.78076695e-04]