[-3.38279046e-02  4.75811101e-02 -9.91081521e-02 -7.09766671e-02
 -4.33036834e-02 -1.61388386e-02  2.65233386e-02  5.20918332e-02
  4.28861715e-02  6.85179159e-02  5.72834276e-02 -4.09365110e-02
  4.44823736e-03  7.56785870e-02  2.56311498e-03 -9.85956714e-02
  3.70237119e-02 -1.82163883e-02  3.41231488e-02 -2.26522684e-02
  1.25982597e-01  6.47140807e-03 -2.05046348e-02 -2.99813622e-03
 -1.27395362e-01 -4.51217815e-02 -3.38096917e-02 -4.68522608e-02
 -8.49635899e-02 -1.09708542e-02 -1.08685754e-02  3.70460860e-02
  8.20343271e-02 -2.48447550e-03 -3.75150256e-02 -4.23782645e-03
  1.02463856e-01 -3.54087315e-02 -5.20205647e-02  4.76407632e-02
 -1.16364032e-01 -2.60461699e-02 -9.89897475e-02 -3.00798137e-02
  1.52322054e-02 -1.02726817e-02 -9.33231506e-03 -2.79877745e-02
 -4.74034473e-02  1.37483422e-02 -1.31372539e-02 -1.88043304e-02
  2.34981962e-02  4.59921844e-02 -1.87755900e-03 -3.64036821e-02
  1.89954210e-02  2.90781166e-02 -4.92932498e-02  2.16697920e-02
 -5.16834483e-02  5.22971042e-02  1.60023328e-02  4.48100641e-02
  5.45969829e-02 -6.35064859e-03 -3.81517671e-02  3.12433057e-02
  4.16553654e-02 -8.05945620e-02  2.35044900e-02 -6.72278404e-02
  5.06631024e-02  1.35190776e-02 -8.65984485e-02  3.96707691e-02
  5.03605511e-03  4.90698144e-02 -1.21086519e-02 -1.00116126e-01
 -1.17056275e-04  3.58255208e-02 -9.50346421e-03  3.47146429e-02
  2.58485097e-02 -3.58457351e-03 -1.87575798e-02  7.52230063e-02
  2.65345983e-02  3.75949964e-02  7.49206841e-02  4.43944670e-02
 -3.55227254e-02 -7.66501054e-02  2.65427809e-02 -2.96354871e-02
 -1.92621723e-02 -3.79644497e-03  2.67159492e-02 -3.23455222e-02
  2.09362525e-02  2.35523935e-02 -4.06279648e-03  7.24404445e-03
 -1.80004649e-02  2.52077989e-02 -2.39918269e-02 -6.35930300e-02
  5.57475500e-02  1.02260277e-01 -8.18060040e-02 -1.18536195e-02
 -9.83762741e-02 -2.65977364e-02 -5.06167561e-02 -2.61886902e-02
 -9.33811739e-02 -4.80369403e-04 -5.50483633e-03 -1.93323903e-02
  1.52865145e-02 -1.68751497e-02  2.90779979e-03 -7.38540888e-02
  8.02230239e-02  8.28594901e-03  7.36326948e-02  2.60709421e-33
 -3.62943895e-02  6.02602772e-02 -1.92933083e-02  5.82187474e-02
  1.90313626e-02  5.91508001e-02 -3.13419513e-02  2.59133596e-02
  9.33833420e-02  4.22008149e-02 -1.05223432e-01  8.94765183e-02
  1.46196578e-02 -3.77383344e-02  7.58084953e-02  3.04388404e-02
 -4.51778434e-02  3.88136208e-02 -3.48005891e-02  1.54215628e-02
  2.94722337e-03 -1.25216693e-02  5.14572300e-02 -3.05551086e-02
  8.66836086e-02  6.20086044e-02 -6.54397085e-02 -4.45708744e-02
  3.33856493e-02  2.32601333e-02  1.13853984e-01 -5.40810116e-02
  3.96209396e-02 -3.88916209e-02  8.62286892e-03 -5.32728024e-02
  1.97141804e-02  1.48996003e-02  1.58125581e-03 -3.65750492e-02
 -4.34036292e-02 -2.14956477e-02  4.18088846e-02  7.85197616e-02
  6.49445690e-04 -3.34554501e-02  2.61722095e-02 -6.49254909e-03
  1.12800300e-01  4.04887535e-02  6.26743058e-05 -3.42334583e-02
 -6.26455769e-02 -8.84774551e-02  4.14565057e-02  4.17556316e-02
  1.48762660e-02 -3.42246257e-02 -1.13375345e-02 -3.92869152e-02
 -7.36580184e-03 -2.76701748e-02 -3.51840374e-03  7.36065628e-03
 -2.44216737e-03 -1.04274467e-01  9.44908243e-03 -4.11849655e-02
  1.47547454e-01 -7.60055408e-02 -7.96897858e-02 -7.71022541e-03
  2.26848479e-02  3.51589248e-02 -4.95824516e-02  7.55266473e-03
  7.00549483e-02 -2.42832638e-02 -7.52773359e-02  1.81551892e-02
 -1.73141472e-02 -5.49922585e-02  1.96974147e-02 -3.49009112e-02
  1.25327647e-01  6.27085641e-02 -2.19489988e-02  3.73930931e-02
 -6.60580620e-02  9.59135816e-02 -8.35323799e-03  9.54035521e-02
 -5.41235991e-02  6.25888929e-02  7.89201632e-02 -7.15608635e-33
 -2.80684121e-02  4.74801473e-02 -8.81238431e-02 -6.17448464e-02
  4.02742215e-02 -4.71405089e-02 -2.54421644e-02 -3.77333462e-02
 -2.46751662e-02 -2.53460202e-02 -6.15255311e-02 -1.08676128e-01
  4.21914048e-02  9.30173788e-03 -6.69872537e-02  3.01215667e-02
 -6.91516921e-02  2.17369180e-02 -7.30632916e-02 -1.95959536e-03
 -3.81240584e-02  3.20011117e-02 -1.27801104e-02 -4.33814824e-02
  1.29220299e-02  1.41905891e-02 -7.25464988e-03 -6.03438281e-02
 -2.10145693e-02 -6.81953579e-02  7.13783223e-03 -6.75653219e-02
 -1.80725232e-02  1.35304809e-01  1.13612972e-02 -4.15262207e-02
  1.13115802e-01 -4.93565761e-02 -3.71146053e-02  8.64746049e-02
  9.69951674e-02  1.22179911e-01 -8.37171301e-02 -5.90531901e-02
 -1.13632128e-01 -4.73939292e-02 -6.49643615e-02 -6.54505417e-02
  3.06205954e-02 -5.48234992e-02  1.06557727e-01 -8.34264755e-02
 -2.73461291e-03 -5.65306917e-02  3.90948243e-02  3.47387008e-02
 -1.27628827e-02 -8.56201127e-02 -1.25203222e-01 -2.09530233e-03
  1.02584898e-01  3.87885831e-02 -3.73710543e-02  3.17216255e-02
  2.69254483e-02 -4.21586484e-02  2.51161437e-02  6.32404536e-02
 -5.14420383e-02 -5.75626455e-03  3.31616066e-02 -5.39476275e-02
 -6.30237982e-02 -6.03981391e-02  8.87206662e-03 -7.45133311e-02
 -9.10610631e-02 -3.56919616e-02 -4.23794128e-02  5.60539123e-03
 -4.78337146e-02 -1.02593685e-02 -2.58913990e-02 -3.38282250e-02
 -8.54029600e-03  5.09208664e-02  3.34498733e-02  7.50333350e-03
  1.01774801e-02  5.50036179e-03 -7.16058835e-02  3.62331308e-02
  1.78660434e-02  6.55500367e-02 -3.15944329e-02 -5.49909167e-08
  1.14192655e-02 -3.60707827e-02  4.08585444e-02 -3.54559869e-02
  1.79908890e-02 -8.77424926e-02 -1.23321172e-02  6.15644194e-02
 -5.78068709e-03  2.73972880e-02  1.71440858e-02  2.59159086e-03
 -1.01103447e-01 -1.27421599e-03  8.82894695e-02 -6.75315037e-02
  5.99478893e-02  1.09327044e-02 -1.81045365e-02 -7.49712139e-02
  7.53651336e-02 -3.95710431e-02 -8.59399065e-02  7.31135393e-03
  1.63034517e-02 -3.52342874e-02 -4.04804908e-02  2.00203639e-02
  1.55370764e-03  5.19901440e-02 -3.22030149e-02 -2.73178928e-02
  3.55889499e-02 -5.85731678e-02 -1.40455095e-02 -3.24081816e-02
  2.27477849e-02 -3.26308818e-03 -2.44847964e-03 -2.16131732e-02
  4.64264899e-02  3.18294987e-02  1.82332157e-03  4.04534563e-02
  6.39261827e-02 -1.30147785e-02 -5.44707365e-02  5.20906933e-02
 -3.86806176e-04 -3.84280123e-02 -5.63594736e-02 -1.76540427e-02
  3.05971242e-02  3.59704830e-02 -8.37256201e-03 -8.18272494e-03
  6.52106777e-02  9.63908061e-03 -6.45743730e-03 -2.35752016e-02
  1.44505156e-02  7.20136389e-02 -1.70188230e-02 -5.43292752e-03]