[ 7.13327527e-02  6.96424842e-02 -1.47837661e-02 -6.51225960e-03
 -6.62579387e-02 -1.59994385e-03  3.77268270e-02  6.61241710e-02
  5.09556532e-02  3.89437079e-02  1.08981147e-01 -4.32298519e-02
 -5.17470390e-03  8.70243530e-04  1.49622019e-02 -4.91290502e-02
  6.58779591e-02 -2.21159067e-02 -2.43731532e-02  8.24928433e-02
  2.16103867e-01  5.60386991e-03 -5.09401038e-02  1.29928049e-02
 -3.11497487e-02 -3.68573144e-02 -6.56179264e-02  1.76554471e-02
 -2.31962707e-02 -2.41694581e-02 -2.28649247e-02  1.07440047e-01
  7.85696507e-02 -5.63936085e-02  1.37806842e-02  4.51087486e-03
  4.70251255e-02  3.21153924e-02 -2.13197637e-02  7.29612038e-02
 -4.89177518e-02 -3.69139165e-02 -3.78941894e-02 -5.35417274e-02
  7.40791066e-03 -7.66733214e-02  4.97260392e-02  1.25645604e-02
 -2.82674618e-02 -2.69111386e-03 -7.44408369e-02  4.38900068e-02
 -2.02542581e-02  4.87293154e-02  1.91900153e-02 -3.55997719e-02
 -3.58060673e-02 -1.37957390e-02 -3.80227901e-02 -5.93652986e-02
 -7.63863623e-02  4.81850579e-02 -1.33461002e-02 -1.94714777e-02
  9.25155357e-02 -2.10005380e-02 -3.10390946e-02 -4.42583114e-02
 -4.19510938e-02  3.47684659e-02  6.13518665e-03 -5.18584475e-02
 -3.07639986e-02  7.49300569e-02 -1.40509484e-02  6.34960160e-02
  9.48419236e-03  6.53426051e-02  4.17676978e-02 -1.32925674e-01
  7.42984749e-03  3.22355069e-02  1.81738380e-02  1.19642466e-02
  5.52661382e-02 -1.58881675e-02  2.27941535e-02  2.78920252e-02
 -3.77127971e-03 -3.03945853e-03  2.05189176e-02  7.36309635e-03
 -4.79764119e-02 -1.49615556e-02  3.15196216e-02 -4.03184369e-02
 -4.81822826e-02  6.41828626e-02  3.56070437e-02 -1.90152023e-02
  4.78770100e-02 -4.03668545e-02 -8.04412439e-02  4.53299917e-02
 -6.97408393e-02  4.79193870e-03 -1.71347354e-02  1.48008848e-02
  6.87769353e-02  1.37214243e-01 -9.21192467e-02 -3.14303227e-02
 -7.76298121e-02 -6.97335452e-02 -4.36926745e-02  9.83223990e-02
 -2.90823523e-02 -7.12683843e-03  6.95720166e-02 -4.55452688e-02
  2.63443626e-02  4.20358926e-02  5.87584302e-02 -8.66480079e-03
  2.68101022e-02 -7.07113817e-02  3.77059169e-02  1.33749275e-32
 -4.59395610e-02 -3.26498523e-02  1.38351172e-02 -2.05727145e-02
 -4.84401919e-02 -8.78938939e-03 -6.41098917e-02  5.24026901e-03
  1.11546196e-01  2.96610389e-02 -7.05986619e-02  8.41289908e-02
  9.35482979e-03 -5.60073406e-02  1.22326715e-02 -6.42882753e-03
  4.29240018e-02 -3.51618417e-02  1.76857803e-02  1.91944335e-02
 -2.66006049e-02  6.47126734e-02 -8.60444643e-03 -2.58604679e-02
  1.54427162e-05  2.27964241e-02 -4.24927175e-02 -6.82216510e-02
 -8.03880468e-02  4.77366745e-02  1.14766426e-01 -4.74960059e-02
  4.12053205e-02 -4.47461829e-02 -6.97294772e-02 -8.60816091e-02
  5.04611153e-03 -1.30328098e-02 -3.72849591e-02 -2.24664994e-02
 -2.91294381e-02  1.14695439e-02  7.49586895e-02  2.32937210e-03
  1.50836091e-02 -3.56195904e-02  6.66021556e-02  3.83440591e-02
  1.03344515e-01  9.38904062e-02 -1.25124697e-02 -1.34490654e-02
  3.39251459e-02  1.03143633e-04 -5.63465953e-02  3.82581130e-02
 -4.80808280e-02  3.84337306e-02 -2.36990256e-03 -9.55260545e-03
 -4.61017825e-02 -2.79289614e-02 -1.38402707e-03  1.48672108e-02
 -9.04798508e-02 -4.41557877e-02  1.31942343e-03  1.11757759e-02
  1.20691970e-01  1.79010835e-02 -8.70455503e-02 -1.04947044e-02
  1.47234555e-02  3.99005413e-02 -6.68494636e-03 -9.35500767e-03
  6.41951561e-02 -3.51601131e-02 -6.46310523e-02 -3.47636524e-03
 -1.53558478e-02  2.49685068e-02 -2.33161263e-02 -5.53184077e-02
  1.23692565e-01  3.81497033e-02  4.98800017e-02 -6.62298268e-03
 -6.19758256e-02  1.14627287e-01  3.74071524e-02  5.88116311e-02
 -6.62754551e-02  7.35199228e-02  2.34540962e-02 -1.46599985e-32
  2.25427262e-02  3.20720151e-02 -3.36160660e-02 -4.57820529e-03
  2.52831224e-02  2.67994087e-02  1.28713939e-02 -1.34769613e-02
 -6.73087686e-02 -7.08376691e-02  2.43535601e-02 -1.24868870e-01
  4.98621687e-02 -5.31454803e-03 -5.22920005e-02  5.36087491e-02
 -8.66963267e-02 -4.47267853e-02 -5.85059710e-02  2.38138856e-03
 -2.18483582e-02  1.12078883e-01  1.30894566e-02 -2.75487136e-02
 -1.00522572e-02 -8.92333873e-03 -2.43678186e-02  1.34967985e-02
 -2.49321349e-02 -1.84518453e-02  2.43755393e-02  8.61704443e-03
 -7.52158388e-02  2.72147227e-02 -1.35979559e-02 -3.03495321e-02
  1.48624806e-02 -4.00265902e-02 -3.24416906e-02  8.72784406e-02
  1.49157839e-02  5.10524539e-03  1.92873478e-02 -3.83940972e-02
 -3.44181396e-02 -3.19792256e-02 -3.69235389e-02 -1.13936372e-01
  5.04819304e-02 -4.43548374e-02  8.69957209e-02 -4.74673286e-02
 -3.12319528e-02  1.03405779e-02  2.42748968e-02 -1.43305808e-02
  2.77947336e-02 -1.01910494e-01 -1.04134388e-01  1.76732475e-03
  1.22281775e-01  5.99983260e-02 -2.99488436e-02 -1.10606560e-02
  6.75759688e-02  9.47955064e-03  2.07898822e-02 -7.07748055e-04
 -1.91113763e-02  4.58030729e-03 -2.81376671e-02 -8.82272646e-02
 -6.37113228e-02 -3.45515311e-02  3.30781937e-02 -6.82155276e-03
 -3.27511132e-02 -3.37546766e-02  6.97923265e-03 -1.28159234e-02
 -1.57741129e-01 -2.59181950e-02  3.15505899e-02 -5.23533709e-02
 -1.00335471e-01 -3.65592213e-03 -3.09855472e-02  1.09705105e-02
 -1.57778524e-02  7.72188455e-02  1.14513300e-02  3.81584056e-02
  2.75789928e-02 -1.11070629e-02 -2.35131141e-02 -6.73427678e-08
  1.29757468e-02 -5.52450232e-02  6.89610615e-02 -8.97544157e-03
  1.50288260e-02 -7.75653496e-02 -3.60656646e-03 -2.12247781e-02
  1.67185180e-02  2.60698926e-02  1.85686238e-02 -3.05152852e-02
 -6.00879490e-02 -7.43507445e-02  4.24410366e-02 -1.04503661e-01
  3.38226445e-02  5.12641259e-02 -3.95583473e-02 -1.50832981e-01
  4.76507209e-02 -2.59756092e-02 -1.43790364e-01 -7.72065148e-02
  1.30193094e-02 -2.61824466e-02  1.28946407e-02  8.70442577e-03
  1.15196938e-02  1.40934940e-02 -3.28185521e-02  6.91171736e-03
  2.83815265e-02 -1.02786586e-01 -9.71462205e-02  9.37889796e-03
  4.57519554e-02  1.78097165e-03 -3.04791667e-02  2.33951248e-02
  5.92127368e-02 -3.06707434e-02  2.49517038e-02  1.28328502e-02
  6.19233139e-02 -3.33880223e-02 -1.04564372e-02  8.73607174e-02
 -2.91739125e-03 -6.58126995e-02 -7.49724032e-03  2.68621333e-02
  4.57085818e-02  2.34062187e-02 -5.15007600e-02  2.33387388e-02
  3.10590025e-03  4.38742805e-03 -4.02866602e-02 -9.41696111e-04
  8.85110125e-02  3.91172208e-02 -1.81908463e-03 -7.04713240e-02]