[-3.19339782e-02  4.89100814e-02 -8.17690566e-02 -3.66177410e-02
 -4.42434102e-02 -1.37408050e-02  3.85990739e-02  1.20139219e-01
  1.61151355e-03  3.58871669e-02  1.00234888e-01  4.86779250e-02
  4.91539855e-03  1.90207474e-02  6.35320172e-02 -5.99665008e-02
  7.86802322e-02  2.20690574e-02 -2.92127840e-02  4.95938919e-02
  1.51756614e-01 -6.45250976e-02 -1.07162043e-01  1.61508620e-02
 -8.22189376e-02 -2.49991771e-02 -4.84010018e-02 -3.21396925e-02
 -4.39146161e-02  4.10433766e-03 -9.89035936e-04  5.07194214e-02
  8.61175954e-02 -3.38168852e-02  3.22953202e-02  6.94152936e-02
  5.32165430e-02 -6.85635433e-02 -4.23055999e-02  7.93958008e-02
 -1.02596007e-01 -3.66306975e-02 -1.01805672e-01 -3.02166641e-02
  2.49494519e-02 -2.18383987e-02  3.63843478e-02  3.28116938e-02
 -4.24606502e-02 -2.86305211e-02 -5.72339930e-02  8.97844508e-03
 -2.23167464e-02  2.38126256e-02 -1.01257944e-02 -5.57018556e-02
 -4.29828912e-02 -1.36550087e-02 -9.23331641e-03 -1.30798575e-02
 -5.41202351e-02 -7.69121907e-05 -3.01225521e-02 -4.14845394e-03
  6.24835491e-02  1.22309132e-02 -2.97483690e-02 -4.23153974e-02
  2.62309201e-02  1.04187550e-02  3.59434560e-02 -3.78322788e-02
  3.61904427e-02  2.14414764e-02 -2.64408216e-02  3.31072919e-02
  3.52871567e-02  7.76568800e-02 -9.22932848e-03 -1.75229952e-01
  6.67233169e-02 -1.25633450e-02 -3.41303460e-02 -1.55820223e-02
 -4.55093337e-04 -5.30839339e-02 -2.98193581e-02 -3.55979390e-02
  1.07143529e-01 -4.95424168e-03  5.45593984e-02  2.93425675e-02
 -9.39650908e-02 -1.75349768e-02 -2.51250397e-02  2.29567732e-03
 -2.73918882e-02 -2.15404201e-02  6.57764599e-02 -3.14858672e-03
  5.56852631e-02 -1.53036695e-03  2.43135337e-02 -1.47605063e-02
 -1.70521978e-02 -1.81466267e-02 -1.10992556e-02 -3.60761434e-02
  1.64025160e-03  1.45810962e-01 -7.25044683e-02 -8.55033323e-02
 -9.08815041e-02 -9.64149982e-02 -4.82322387e-02 -1.30429238e-04
 -6.59201620e-03 -5.43604009e-02  4.09866609e-02 -8.38446766e-02
  1.51170976e-02  1.54374344e-02  4.60266694e-02 -7.81089589e-02
  6.04089573e-02 -1.18747102e-02  3.97384837e-02  1.01815362e-32
 -9.81414765e-02 -6.27015308e-02 -2.06130575e-02 -1.38854841e-03
 -2.95935553e-02 -1.15684494e-02 -1.46317547e-02  5.51455617e-02
  1.00897871e-01  1.06867692e-02 -2.75529902e-02  4.62146327e-02
 -1.43464869e-02 -2.82987207e-02  8.38932395e-02 -5.87123111e-02
  1.04469769e-01  4.58473200e-03  2.98773888e-02  1.60827488e-02
 -3.94739583e-02 -3.25506553e-02  2.94113141e-02 -2.87278593e-02
  1.36546120e-02  2.05256585e-02 -3.24316919e-02 -2.63886396e-02
 -3.07663390e-03  1.39177376e-02  1.52606308e-01 -8.66726879e-03
  2.74368450e-02  9.94734117e-04 -1.02360360e-01  2.59799119e-02
 -6.38051629e-02  1.07349725e-02 -4.46319319e-02 -3.80654745e-02
 -3.47554311e-02  2.46174168e-02  7.87551850e-02  5.07071465e-02
  5.88538982e-02 -3.98461223e-02  1.96674131e-02  9.33979359e-03
  9.23665389e-02  2.94819716e-02 -4.60824510e-03 -1.32175609e-02
 -3.71115170e-02 -1.68911833e-02 -1.42672816e-02  2.51760203e-02
 -3.87775898e-02  2.17966400e-02 -6.12489926e-03 -7.43710622e-02
 -8.37388858e-02 -4.35523950e-02 -8.38544313e-03 -2.02487260e-02
 -1.63892768e-02 -5.88368624e-02  4.52650711e-03  4.65606861e-02
  7.84616396e-02  2.96364613e-02 -6.65160641e-02 -3.58500611e-03
 -4.35177237e-02  5.48674576e-02 -2.69963518e-02  1.10938409e-02
  6.23436533e-02  2.71848384e-02 -6.57324418e-02  1.40080918e-02
 -3.51057537e-02 -3.82582308e-04 -3.15375030e-02  1.53349852e-02
  5.28826676e-02  6.59505501e-02  5.48416451e-02  3.11605223e-02
  3.43280956e-02  5.17122634e-02  3.84496376e-02  1.16876729e-01
 -7.25613758e-02  5.54966293e-02  9.05862227e-02 -1.24980440e-32
 -3.03059909e-02  2.95831952e-02 -6.12726733e-02  2.11704783e-02
 -1.00711370e-02  6.53869733e-02  1.23460172e-03 -6.95006177e-02
 -3.25176083e-02 -6.00670762e-02 -1.26459002e-01 -1.10418558e-01
  3.65047827e-02 -1.80720817e-02 -1.19314618e-01  2.69060098e-02
 -1.04792677e-01 -4.42846157e-02 -1.80622786e-02  3.25851440e-02
 -8.44673216e-02  1.20863155e-01  6.43073916e-02  1.11860409e-02
 -9.61435959e-03 -5.41626550e-02 -4.28205132e-02 -2.19453927e-02
 -1.04765475e-01 -3.06969248e-02  3.32311168e-02 -3.31069790e-02
 -3.20786275e-02  8.19897130e-02 -5.30815162e-02 -4.20670062e-02
  1.70773529e-02  2.43773591e-02 -7.23306276e-03  9.27687660e-02
  6.03198409e-02  6.12469129e-02  1.11681251e-02 -2.53541637e-02
 -7.43063167e-02 -2.56275255e-02  6.88802544e-03 -1.27941787e-01
  2.82678157e-02 -3.12039256e-02  7.91066736e-02 -4.36037704e-02
 -3.28752329e-03 -3.99868824e-02  2.61324979e-02 -2.51128767e-02
 -6.52433261e-02 -6.21747933e-02 -7.08161145e-02  1.62859298e-02
  1.04974978e-01  1.06743947e-02 -5.09372838e-02 -3.48861627e-02
  8.72625932e-02 -4.59416881e-02  9.02707689e-03  5.24817267e-03
  3.45393941e-02 -3.99217755e-02  1.82780717e-02 -6.19357675e-02
 -4.68171276e-02 -2.17878390e-02 -1.89271811e-02 -1.66331809e-02
  4.58432408e-03 -4.76560853e-02 -5.55682518e-02  2.27106176e-02
 -7.61187896e-02  5.11778472e-03 -3.89278643e-02 -1.32552776e-02
 -7.15867653e-02 -1.51522458e-02  7.37156393e-03 -1.68210603e-02
  2.40013134e-02  4.32976522e-02 -7.26444423e-02  6.70809373e-02
  2.60182414e-02  6.98343068e-02 -2.77337097e-02 -6.14499172e-08
 -2.83496957e-02  1.79593135e-02  6.56227991e-02  2.37664562e-02
  7.25319758e-02 -5.18719815e-02  3.49777825e-02  5.34153581e-02
 -1.43357832e-02  1.64527968e-02 -2.52270084e-02 -1.39798820e-02
 -7.84645230e-02  8.42943043e-03  3.18848081e-02 -5.26718870e-02
  6.24642372e-02  2.08623055e-02 -5.30238375e-02 -3.07709165e-02
  5.27151227e-02 -2.37719547e-02 -1.16913490e-01  1.18171591e-02
  8.30525309e-02 -2.35966556e-02  1.49293465e-03  1.89974848e-02
 -4.24182741e-03  5.17104864e-02 -4.41185869e-02 -5.19418605e-02
  1.00365922e-01 -4.87722568e-02 -1.89310107e-02 -1.78781394e-02
  5.04040450e-04  2.00661570e-02 -2.45321617e-02  6.77183457e-03
  6.42870590e-02 -8.85691773e-03  3.91383376e-03  8.00893176e-03
 -3.43091711e-02 -6.33523974e-04 -7.65249506e-02  9.27469805e-02
  3.30579421e-03 -6.96385466e-03 -4.75706421e-02 -2.84399278e-02
  9.10089016e-02  2.70729456e-02  3.80285196e-02 -3.37600484e-02
  4.00569960e-02  3.14303488e-02  5.69244288e-03  2.56043971e-02
  4.37235050e-02  2.96997130e-02  1.91584956e-02  8.07756092e-03]